<date>,<ticker>,<open>,<high>,<low>,<close>,<volume>
7/7/2025,IHSG,6874.008,6900.932,6844.861,6900.932,139824885
7/7/2025,IDX30,0.000,0.000,0.000,0.000,0
7/7/2025,IDX80,0.000,0.000,0.000,0.000,0
7/7/2025,AADI,7000,7025,6825,6950,5024500
7/7/2025,AALI,5775,5800,5600,5800,387200
7/7/2025,ABBA,37,37,36,37,975400
7/7/2025,ABDA,0,0,0,0,0
7/7/2025,ABMM,2970,3020,2950,3020,788300
7/7/2025,ACES,488,488,482,484,7008400
7/7/2025,ACESBQCV5A,5,5,5,5,352100
7/7/2025,ACESDRCN5A,2,2,2,2,1068500
7/7/2025,ACESDRCQ5A,1,1,1,1,1350000
7/7/2025,ACRO,61,61,60,60,1620300
7/7/2025,ACRO-W,6,7,6,7,16600
7/7/2025,ACST,89,89,88,88,322600
7/7/2025,ADCP,50,50,50,50,10000
7/7/2025,ADES,12000,12875,11300,12475,100000
7/7/2025,ADHI,230,236,228,232,4993000
7/7/2025,ADMF,9150,9200,8975,9075,71900
7/7/2025,ADMG,114,118,113,115,261100
7/7/2025,ADMR,960,965,930,935,10789400
7/7/2025,ADMRZPCH6A,51,51,50,50,7634000
7/7/2025,ADRO,1760,1760,1730,1740,32279600
7/7/2025,ADROBQCN5A,10,10,9,9,315300
7/7/2025,ADROBQCU5A,0,0,0,0,0
7/7/2025,ADROBQCZ5A,0,0,0,0,0
7/7/2025,ADRODRCN5A,3,3,3,3,45000
7/7/2025,ADRODRCQ5A,3,3,3,3,350800
7/7/2025,ADRODRCQ5B,19,19,19,19,400
7/7/2025,ADRODRCX5A,44,46,42,46,220400
7/7/2025,ADROHDCN5A,0,0,0,0,0
7/7/2025,ADROHDCQ5A,0,0,0,0,0
7/7/2025,ADROZPCF6A,0,0,0,0,0
7/7/2025,AEGS,31,33,30,33,3769000
7/7/2025,AGAR,236,260,228,228,226500
7/7/2025,AGII,980,995,980,980,298300
7/7/2025,AGRO,200,200,198,199,2727300
7/7/2025,AGRS,64,65,63,64,2007500
7/7/2025,AHAP,66,67,64,64,530000
7/7/2025,AIMS,300,302,298,298,17700
7/7/2025,AISA,140,141,137,137,1740800
7/7/2025,AKKU,0,0,0,0,0
7/7/2025,AKPI,605,605,585,585,3600
7/7/2025,AKRA,1190,1190,1130,1170,17320400
7/7/2025,AKRADRCN5A,33,33,27,32,500
7/7/2025,AKRADRCQ5A,8,8,7,7,50500
7/7/2025,AKRADRCX5A,32,32,29,32,11600
7/7/2025,AKRAHDCQ5A,17,17,17,17,500
7/7/2025,AKRAZPCX5A,52,54,52,54,4200
7/7/2025,AKSI,270,274,266,272,292600
7/7/2025,ALDO,492,498,486,490,176800
7/7/2025,ALII,620,630,615,630,3954400
7/7/2025,ALKA,294,308,294,302,10600
7/7/2025,ALMI,0,0,0,0,0
7/7/2025,ALTO,0,0,0,0,0
7/7/2025,AMAG,356,360,344,356,68200
7/7/2025,AMAN,102,102,100,100,771500
7/7/2025,AMAR,157,158,156,157,180400
7/7/2025,AMFG,3540,3540,3490,3540,11600
7/7/2025,AMIN,154,154,146,147,68200
7/7/2025,AMMN,8500,8525,8325,8400,14272500
7/7/2025,AMMNZPCG6A,75,75,71,71,35500
7/7/2025,AMMS,0,0,0,0,0
7/7/2025,AMMS-W,0,0,0,0,0
7/7/2025,AMOR,520,520,510,510,23100
7/7/2025,AMRT,2330,2400,2290,2400,16284800
7/7/2025,AMRTBQCU5A,0,0,0,0,0
7/7/2025,AMRTDRCN5A,1,1,1,1,3704500
7/7/2025,AMRTDRCQ5A,5,7,5,7,180100
7/7/2025,AMRTDRCZ5A,50,53,50,51,4200
7/7/2025,AMRTHDCQ5A,34,35,34,35,142300
7/7/2025,AMRTZPCX5A,0,0,0,0,0
7/7/2025,ANDI,17,18,17,18,10068800
7/7/2025,ANJT,1740,1765,1740,1760,930600
7/7/2025,ANTM,2980,2980,2870,2910,100132700
7/7/2025,ANTMBQCU5A,0,0,0,0,0
7/7/2025,ANTMBQCX5A,85,90,81,83,217700
7/7/2025,ANTMBQCZ5A,0,0,0,0,0
7/7/2025,ANTMDRCG6A,54,55,51,51,118600
7/7/2025,ANTMDRCN5A,202,202,192,192,1050700
7/7/2025,ANTMDRCQ5A,252,252,244,244,300
7/7/2025,ANTMDRCX5A,284,290,274,276,194700
7/7/2025,ANTMDRPU5A,63,64,61,64,280400
7/7/2025,ANTMDRPU5B,39,39,39,39,100
7/7/2025,ANTMHDCQ5A,356,366,346,346,50000
7/7/2025,ANTMHDCU5A,154,163,148,148,6700
7/7/2025,ANTMYUCQ5A,332,332,318,318,200
7/7/2025,ANTMZPCX5A,187,187,187,187,13000
7/7/2025,APEX,128,134,125,126,24010200
7/7/2025,APIC,1140,1155,1125,1155,4888600
7/7/2025,APII,168,170,168,170,700
7/7/2025,APLI,484,494,474,478,1800
7/7/2025,APLN,89,90,89,89,2050000
7/7/2025,ARCI,585,590,560,570,20224800
7/7/2025,AREA,456,462,420,422,2868100
7/7/2025,ARGO,850,850,720,800,43300
7/7/2025,ARII,278,278,244,272,101800
7/7/2025,ARKA,20,20,19,19,1117600
7/7/2025,ARKO,810,810,795,795,22200
7/7/2025,ARMY,0,0,0,0,0
7/7/2025,ARNA,590,590,580,590,965600
7/7/2025,ARTA,1855,1915,1855,1915,61000
7/7/2025,ARTI,0,0,0,0,0
7/7/2025,ARTO,1720,1740,1680,1740,2903000
7/7/2025,ARTOBQCU5A,12,12,11,11,200
7/7/2025,ARTOBQCZ5A,27,27,26,26,400
7/7/2025,ARTODRCN5A,0,0,0,0,0
7/7/2025,ARTODRCQ5A,0,0,0,0,0
7/7/2025,ARTODRCX5A,35,36,35,36,200
7/7/2025,ARTOZPCX5A,0,0,0,0,0
7/7/2025,ASBI,410,420,382,410,29800
7/7/2025,ASDM,620,660,600,615,1301100
7/7/2025,ASGR,880,890,880,880,1197800
7/7/2025,ASHA,18,18,18,18,610100
7/7/2025,ASII,4620,4680,4590,4680,20181800
7/7/2025,ASIIBQCU5A,0,0,0,0,0
7/7/2025,ASIIBQCZ5A,0,0,0,0,0
7/7/2025,ASIIDRCQ5A,21,25,21,25,400
7/7/2025,ASIIDRCQ5B,0,0,0,0,0
7/7/2025,ASIIDRCX5A,83,83,83,83,100
7/7/2025,ASIIDRCX6A,2680,2680,2680,2680,100
7/7/2025,ASIIDRPQ5A,34,34,33,33,4600
7/7/2025,ASJT,107,108,106,108,23400
7/7/2025,ASLC,63,64,62,63,11545900
7/7/2025,ASLI,50,50,50,50,240100
7/7/2025,ASMI,16,16,15,15,410400
7/7/2025,ASPI,208,220,200,208,541400
7/7/2025,ASRI,125,127,124,125,4284800
7/7/2025,ASRM,280,280,280,280,2400
7/7/2025,ASSA,740,750,730,745,2465400
7/7/2025,ATAP,29,29,28,28,7100
7/7/2025,ATIC,382,390,374,382,74900
7/7/2025,ATLA,50,50,50,50,548900
7/7/2025,AUTO,2030,2050,2020,2030,755500
7/7/2025,AVIA,438,444,432,434,5586200
7/7/2025,AWAN,258,262,248,250,22453900
7/7/2025,AXIO,130,133,130,131,1276200
7/7/2025,AYAM,163,165,160,164,131854500
7/7/2025,AYLS,102,105,101,103,2933600
7/7/2025,BABP,51,51,50,51,4554900
7/7/2025,BABY,300,306,294,304,8485900
7/7/2025,BACA,130,131,130,130,1877100
7/7/2025,BAIK,99,101,99,99,1530000
7/7/2025,BAIK-W,8,8,7,7,504700
7/7/2025,BAJA,146,154,137,139,12657900
7/7/2025,BALI,1655,1655,1590,1605,403100
7/7/2025,BANK,810,840,800,810,7363300
7/7/2025,BANK-W,0,0,0,0,0
7/7/2025,BAPA,50,50,50,50,133600
7/7/2025,BAPI,9,9,8,9,471200
7/7/2025,BATA,50,50,50,50,700
7/7/2025,BATR,80,80,79,80,2258800
7/7/2025,BAUT,25,25,24,25,884100
7/7/2025,BAYU,1315,1325,1305,1315,34800
7/7/2025,BBCA,8625,8650,8550,8625,49936900
7/7/2025,BBCABQCV5A,0,0,0,0,0
7/7/2025,BBCABQCX5A,0,0,0,0,0
7/7/2025,BBCADRCF6A,78,78,78,78,3000
7/7/2025,BBCADRCQ5A,40,40,38,38,200
7/7/2025,BBCADRCX6A,0,0,0,0,0
7/7/2025,BBCADRPQ5A,69,69,68,69,7400
7/7/2025,BBCAHDCQ5A,11,11,11,11,100
7/7/2025,BBCAHDCU5A,0,0,0,0,0
7/7/2025,BBCAHDCV5A,0,0,0,0,0
7/7/2025,BBCAYUCQ5A,69,69,69,69,100
7/7/2025,BBCAZPCF6A,60,60,60,60,2400
7/7/2025,BBCAZPCH6A,123,123,123,123,4000
7/7/2025,BBHI,850,910,845,850,4958600
7/7/2025,BBKP,59,59,57,58,44599200
7/7/2025,BBLD,765,765,710,725,11800
7/7/2025,BBMD,0,0,0,0,0
7/7/2025,BBNI,4000,4010,3930,4000,28005400
7/7/2025,BBNIBQCU5A,0,0,0,0,0
7/7/2025,BBNIBQCV5A,0,0,0,0,0
7/7/2025,BBNIDRCQ5A,12,12,12,12,62100
7/7/2025,BBNIDRCX6A,2140,2150,2130,2150,2700300
7/7/2025,BBNIDRCZ5A,55,55,55,55,100
7/7/2025,BBNIDRPU5A,0,0,0,0,0
7/7/2025,BBNIHDCQ5A,0,0,0,0,0
7/7/2025,BBNIHDCU5A,0,0,0,0,0
7/7/2025,BBNIHDPU5A,0,0,0,0,0
7/7/2025,BBNIYUCV5A,65,68,65,68,3400
7/7/2025,BBNIZPCH6A,91,92,91,92,10010000
7/7/2025,BBNIZPCX5A,0,0,0,0,0
7/7/2025,BBRI,3670,3700,3650,3700,78783800
7/7/2025,BBRIBQCQ5A,19,19,18,19,38100
7/7/2025,BBRIBQCU5A,48,48,47,47,200
7/7/2025,BBRIBQCZ5A,0,0,0,0,0
7/7/2025,BBRIDRCQ5A,28,30,28,28,300
7/7/2025,BBRIDRCX5A,146,146,143,143,400
7/7/2025,BBRIDRCX6A,0,0,0,0,0
7/7/2025,BBRIDRPN5A,20,20,20,20,100
7/7/2025,BBRIHDCQ5A,0,0,0,0,0
7/7/2025,BBRIYUCV5A,142,144,142,144,200
7/7/2025,BBRIZPCH6A,0,0,0,0,0
7/7/2025,BBRIZPCX5A,0,0,0,0,0
7/7/2025,BBRM,75,77,74,76,732900
7/7/2025,BBSI,4010,4030,4010,4030,600
7/7/2025,BBSS,308,340,300,312,454200
7/7/2025,BBTN,1085,1095,1070,1085,6688700
7/7/2025,BBTNZPCG6A,0,0,0,0,0
7/7/2025,BBYB,218,220,214,218,9161400
7/7/2025,BCAP,55,55,53,54,38561100
7/7/2025,BCIC,0,0,0,0,0
7/7/2025,BCIP,103,104,100,102,31696500
7/7/2025,BDKR,174,175,162,163,31504200
7/7/2025,BDMN,2420,2430,2410,2430,112100
7/7/2025,BEBS,0,0,0,0,0
7/7/2025,BEEF,258,284,258,282,40729200
7/7/2025,BEER,75,75,72,75,97600
7/7/2025,BEKS,25,25,24,25,11676100
7/7/2025,BELI,398,400,392,400,2939400
7/7/2025,BELL,50,50,50,50,1700
7/7/2025,BESS,1070,1175,1070,1115,16300
7/7/2025,BEST,96,97,95,96,1092700
7/7/2025,BFIN,790,805,780,805,1484400
7/7/2025,BGTG,77,77,75,75,1037100
7/7/2025,BHAT,730,750,720,735,2376900
7/7/2025,BHIT,24,24,24,24,2494400
7/7/2025,BIKA,0,0,0,0,0
7/7/2025,BIKE,570,570,550,560,856000
7/7/2025,BIMA,45,45,41,41,7900
7/7/2025,BINA,4370,4370,4310,4360,20600
7/7/2025,BINO,106,107,105,105,235400
7/7/2025,BIPI,77,80,77,79,237635200
7/7/2025,BIPP,42,42,42,42,5300
7/7/2025,BIRD,1850,1850,1810,1810,1195900
7/7/2025,BISI,945,965,935,955,154800
7/7/2025,BJBR,800,805,800,800,992400
7/7/2025,BJTM,484,488,482,484,6816000
7/7/2025,BKDP,0,0,0,0,0
7/7/2025,BKSL,132,135,128,131,272485000
7/7/2025,BKSW,59,62,58,60,547600
7/7/2025,BLES,177,180,175,180,1287100
7/7/2025,BLTA,20,20,20,20,331400
7/7/2025,BLTZ,0,0,0,0,0
7/7/2025,BLUE,346,352,338,348,1081300
7/7/2025,BMAS,540,540,540,540,12800
7/7/2025,BMBL,16,17,16,17,1690700
7/7/2025,BMHS,199,202,198,199,1992800
7/7/2025,BMRI,4740,4750,4680,4740,120538300
7/7/2025,BMRIBQCN5A,20,20,19,19,74600
7/7/2025,BMRIBQCU5A,32,32,31,32,5300
7/7/2025,BMRIBQCZ5A,0,0,0,0,0
7/7/2025,BMRIDRCQ5A,9,9,8,9,213900
7/7/2025,BMRIDRCX5A,72,73,71,73,109000
7/7/2025,BMRIDRCX6A,2410,2440,2410,2440,5000
7/7/2025,BMRIDRPN5A,27,29,27,27,300
7/7/2025,BMRIHDCQ5A,0,0,0,0,0
7/7/2025,BMRIHDCU5A,0,0,0,0,0
7/7/2025,BMRIHDPU5A,280,280,280,280,200
7/7/2025,BMRIYUCQ5A,44,44,44,44,100
7/7/2025,BMRIZPCH6A,72,73,72,73,13800
7/7/2025,BMRIZPCX5A,0,0,0,0,0
7/7/2025,BMSR,240,274,240,258,508200
7/7/2025,BMTR,127,128,124,127,43471300
7/7/2025,BNBA,860,865,845,845,72500
7/7/2025,BNBR,27,27,27,27,821900
7/7/2025,BNGA,1665,1675,1660,1675,1747300
7/7/2025,BNGAZPCH6A,50,50,50,50,10000
7/7/2025,BNII,196,197,195,197,186900
7/7/2025,BNLI,2730,2830,2650,2650,650100
7/7/2025,BOAT,98,99,97,99,988500
7/7/2025,BOBA,190,190,172,178,158300
7/7/2025,BOGA,550,565,550,560,562500
7/7/2025,BOLA,96,96,95,96,38800
7/7/2025,BOLT,1280,1285,1275,1285,416500
7/7/2025,BOSS,0,0,0,0,0
7/7/2025,BPFI,330,334,324,334,15500
7/7/2025,BPII,590,600,585,590,214300
7/7/2025,BPTR,89,92,89,91,631500
7/7/2025,BRAM,5650,5650,5650,5650,1300
7/7/2025,BREN,5775,5925,5700,5825,15984900
7/7/2025,BRIS,2560,2620,2560,2570,27971000
7/7/2025,BRISYUCV5A,82,82,82,82,100
7/7/2025,BRISZPCG6A,0,0,0,0,0
7/7/2025,BRMS,406,408,394,398,344127500
7/7/2025,BRMSYUCV5A,31,31,30,30,200
7/7/2025,BRMSZPCG6A,0,0,0,0,0
7/7/2025,BRNA,645,645,600,620,14000
7/7/2025,BRPT,1560,1660,1545,1660,185608000
7/7/2025,BRPTBQCQ5A,308,308,308,308,200
7/7/2025,BRPTBQCV5A,179,180,179,180,81400
7/7/2025,BRPTBQCZ5A,0,0,0,0,0
7/7/2025,BRPTDRCF6A,107,116,104,116,279500
7/7/2025,BRPTDRCN5A,140,157,126,156,394900
7/7/2025,BRPTDRCQ5A,134,144,127,144,55900
7/7/2025,BRPTDRCX5A,125,134,120,134,492900
7/7/2025,BRPTHDCN5A,448,498,448,498,200
7/7/2025,BRPTHDCQ5A,145,145,145,145,30000
7/7/2025,BRPTZPCF6A,0,0,0,0,0
7/7/2025,BRPTZPCX5A,0,0,0,0,0
7/7/2025,BRRC,60,62,59,60,8533800
7/7/2025,BRRC-W,8,9,8,9,462800
7/7/2025,BSBK,50,50,50,50,568700
7/7/2025,BSDE,795,800,785,795,5445300
7/7/2025,BSDEZPCH6A,0,0,0,0,0
7/7/2025,BSIM,910,910,910,910,100
7/7/2025,BSML,85,91,81,90,49371600
7/7/2025,BSSR,3910,3910,3880,3910,401700
7/7/2025,BSWD,0,0,0,0,0
7/7/2025,BTEK,5,5,4,5,36968900
7/7/2025,BTEL,0,0,0,0,0
7/7/2025,BTON,388,388,364,382,23700
7/7/2025,BTPN,2160,2180,2020,2120,28000
7/7/2025,BTPS,1320,1405,1295,1385,28433700
7/7/2025,BTPSZPCH6A,42,43,40,40,24840800
7/7/2025,BUAH,1610,1625,1600,1620,85800
7/7/2025,BUDI,222,228,220,228,442600
7/7/2025,BUKA,127,128,123,125,96113400
7/7/2025,BUKK,810,820,800,800,29500
7/7/2025,BULL,133,134,127,129,233280500
7/7/2025,BUMI,113,114,111,113,558519900
7/7/2025,BUVA,75,78,75,75,22090800
7/7/2025,BVIC,87,96,86,93,28624300
7/7/2025,BVIC-W,49,50,48,49,170500
7/7/2025,BWPT,61,61,59,61,6162900
7/7/2025,BYAN,19650,19800,19500,19800,8300
7/7/2025,CAKK,133,137,130,131,33600
7/7/2025,CAMP,214,214,204,210,3372400
7/7/2025,CANI,43,43,42,42,20900
7/7/2025,CARE,228,234,228,232,20854600
7/7/2025,CARS,83,84,82,82,309400
7/7/2025,CASA,925,960,920,950,5755200
7/7/2025,CASH,63,64,60,61,441300
7/7/2025,CASS,1985,2100,1985,2060,135100
7/7/2025,CBDK,5425,5600,5400,5550,3570100
7/7/2025,CBMF,0,0,0,0,0
7/7/2025,CBPE,188,188,183,186,67900
7/7/2025,CBRE,68,68,68,68,2064900
7/7/2025,CBUT,1075,1075,1020,1045,12900
7/7/2025,CCSI,336,346,320,338,68100
7/7/2025,CEKA,2940,2940,2830,2830,196400
7/7/2025,CENT,95,105,93,98,59943500
7/7/2025,CFIN,306,310,300,306,1830000
7/7/2025,CGAS,88,91,87,88,4497700
7/7/2025,CHEM,54,56,54,54,2485600
7/7/2025,CHIP,1280,1290,1275,1285,79800
7/7/2025,CINT,161,161,156,159,289400
7/7/2025,CITA,3980,4000,3920,3920,76000
7/7/2025,CITY,86,86,84,84,549400
7/7/2025,CLAY,1070,1075,1050,1050,203000
7/7/2025,CLEO,585,615,580,615,10629700
7/7/2025,CLPI,1110,1120,1100,1115,49700
7/7/2025,CMNP,1300,1310,1300,1300,187500
7/7/2025,CMNP-W,352,356,352,356,1000
7/7/2025,CMNT,810,825,800,810,37558700
7/7/2025,CMPP,79,79,79,79,110400
7/7/2025,CMRY,4790,4850,4710,4730,685900
7/7/2025,CNKO,33,33,33,33,3373700
7/7/2025,CNMA,155,155,152,154,8882200
7/7/2025,CNTB,0,0,0,0,0
7/7/2025,CNTX,0,0,0,0,0
7/7/2025,COAL,34,34,34,34,1523500
7/7/2025,COCO,238,252,210,236,29275800
7/7/2025,COWL,0,0,0,0,0
7/7/2025,CPIN,4610,4740,4570,4740,3329000
7/7/2025,CPINDRCG6A,84,86,84,86,1100
7/7/2025,CPINDRCN5A,50,57,50,56,38300
7/7/2025,CPINDRCQ5A,19,23,19,22,23200
7/7/2025,CPINHDCQ5A,0,0,0,0,0
7/7/2025,CPRI,0,0,0,0,0
7/7/2025,CPRO,50,51,50,51,22195800
7/7/2025,CRAB,230,234,230,234,175000
7/7/2025,CRSN,103,104,101,103,68000
7/7/2025,CSAP,244,244,238,242,75700
7/7/2025,CSIS,74,79,73,73,1112800
7/7/2025,CSMI,1320,1345,1105,1105,592000
7/7/2025,CSRA,670,670,655,655,312800
7/7/2025,CTBN,0,0,0,0,0
7/7/2025,CTRA,990,990,970,980,4172900
7/7/2025,CTRAZPCG6A,0,0,0,0,0
7/7/2025,CTTH,23,25,23,25,12400
7/7/2025,CUAN,11850,12350,11625,12350,12043200
7/7/2025,CYBR,885,985,810,960,14514200
7/7/2025,CYBR-W,525,570,525,555,4500
7/7/2025,DAAZ,4020,4060,4000,4030,223800
7/7/2025,DADA,0,0,0,0,0
7/7/2025,DART,139,144,139,140,99400
7/7/2025,DATA,1250,1265,1240,1240,854900
7/7/2025,DAYA,900,915,880,905,7700
7/7/2025,DCII,150375,151000,150375,150700,1400
7/7/2025,DEAL,0,0,0,0,0
7/7/2025,DEFI,0,0,0,0,0
7/7/2025,DEPO,206,206,199,206,345900
7/7/2025,DEWA,183,185,179,185,197244100
7/7/2025,DEWI,92,93,91,92,27773800
7/7/2025,DFAM,50,50,50,50,200
7/7/2025,DGIK,85,86,84,86,1648200
7/7/2025,DGNS,156,156,150,150,449100
7/7/2025,DGWG,426,426,420,424,5167200
7/7/2025,DIGI,18,19,18,19,132100
7/7/2025,DILD,125,126,124,125,3252400
7/7/2025,DIVA,116,120,109,112,17476100
7/7/2025,DKFT,472,472,444,450,38166900
7/7/2025,DKHH,0,0,0,0,0
7/7/2025,DKHH-W,0,0,0,0,0
7/7/2025,DLTA,2030,2050,2010,2020,86300
7/7/2025,DMAS,137,138,136,138,29307700
7/7/2025,DMMX,386,386,372,374,1434100
7/7/2025,DMND,498,505,488,490,766600
7/7/2025,DNAR,105,108,104,108,440300
7/7/2025,DNET,9725,9725,9300,9325,5800
7/7/2025,DOID,372,372,352,356,18766200
7/7/2025,DOOH,89,90,85,88,107051000
7/7/2025,DOSS,151,153,149,151,56400
7/7/2025,DPNS,232,232,222,228,108800
7/7/2025,DPUM,50,50,50,50,100000
7/7/2025,DRMA,960,970,960,965,238300
7/7/2025,DSFI,55,56,55,56,3190100
7/7/2025,DSNG,790,790,770,775,19190900
7/7/2025,DSSA,56000,57400,55300,56000,2795200
7/7/2025,DUCK,0,0,0,0,0
7/7/2025,DUTI,3500,3500,3500,3500,200
7/7/2025,DVLA,1600,1600,1595,1600,4000
7/7/2025,DWGL,218,242,214,222,2037300
7/7/2025,DYAN,88,88,86,87,313300
7/7/2025,EAST,96,98,96,98,691600
7/7/2025,ECII,179,188,179,182,3219400
7/7/2025,EDGE,3800,3900,3790,3840,11800
7/7/2025,EKAD,182,182,180,181,204400
7/7/2025,ELIT,161,162,158,161,2962700
7/7/2025,ELPI,354,354,342,352,269300
7/7/2025,ELSA,466,472,460,472,14243200
7/7/2025,ELSAZPCG6A,0,0,0,0,0
7/7/2025,ELTY,9,10,9,10,18435900
7/7/2025,EMDE,91,91,89,91,70400
7/7/2025,EMTK,472,478,472,476,9444600
7/7/2025,EMTKYUCV5A,24,24,24,24,100
7/7/2025,EMTKZPCH6A,0,0,0,0,0
7/7/2025,ENAK,700,700,680,685,228600
7/7/2025,ENRG,340,350,334,342,125680600
7/7/2025,ENRGZPCG6A,66,66,63,63,22200
7/7/2025,ENVY,0,0,0,0,0
7/7/2025,ENZO,33,33,33,33,7300
7/7/2025,EPAC,12,12,12,12,607600
7/7/2025,EPMT,2260,2280,2240,2250,54300
7/7/2025,ERAA,530,540,520,525,34899300
7/7/2025,ERAAZPCH6A,0,0,0,0,0
7/7/2025,ERAL,320,324,310,314,16817100
7/7/2025,ERTX,100,101,97,99,1623800
7/7/2025,ESIP,27,29,27,28,49600
7/7/2025,ESSA,575,580,560,570,19023500
7/7/2025,ESTA,65,68,65,66,644000
7/7/2025,ESTI,35,35,35,35,24900
7/7/2025,ETWA,0,0,0,0,0
7/7/2025,EURO,151,151,143,148,78674600
7/7/2025,EXCL,2300,2300,2270,2290,1942800
7/7/2025,EXCLHDCQ5A,0,0,0,0,0
7/7/2025,EXCLZPCF6A,0,0,0,0,0
7/7/2025,FAPA,5500,5500,5450,5450,4100
7/7/2025,FAST,400,414,346,362,68800500
7/7/2025,FASW,0,0,0,0,0
7/7/2025,FILM,2040,2200,2030,2200,6412100
7/7/2025,FIMP,0,0,0,0,0
7/7/2025,FIRE,76,78,75,78,3711600
7/7/2025,FISH,0,0,0,0,0
7/7/2025,FITT,0,0,0,0,0
7/7/2025,FLMC,47,51,46,46,222100
7/7/2025,FMII,354,354,328,346,26700
7/7/2025,FOLK,65,66,64,66,347900
7/7/2025,FOOD,106,106,105,105,1100
7/7/2025,FORE,585,590,555,560,14932100
7/7/2025,FORU,1290,1330,1170,1290,115800
7/7/2025,FORZ,0,0,0,0,0
7/7/2025,FPNI,195,198,194,196,2296800
7/7/2025,FUJI,426,432,422,430,2900
7/7/2025,FUTR,65,65,56,59,47177000
7/7/2025,FWCT,146,147,144,145,785500
7/7/2025,GAMA,0,0,0,0,0
7/7/2025,GDST,112,114,106,108,5164100
7/7/2025,GDYR,1105,1175,1105,1130,12300
7/7/2025,GEMA,98,98,95,96,555500
7/7/2025,GEMS,8975,9000,8850,8950,73700
7/7/2025,GGRM,8925,9025,8800,8875,775500
7/7/2025,GGRMZPCG6A,45,45,45,45,300
7/7/2025,GGRP,0,0,0,0,0
7/7/2025,GHON,1555,1560,1450,1515,42700
7/7/2025,GIAA,72,72,72,72,32581100
7/7/2025,GJTL,1075,1075,1050,1060,7720500
7/7/2025,GLOB,55,55,51,51,1700
7/7/2025,GLVA,326,326,310,310,9100
7/7/2025,GMFI,59,59,58,59,407000
7/7/2025,GMTD,2440,2500,2440,2500,800
7/7/2025,GOLD,244,248,242,242,27300
7/7/2025,GOLF,224,228,222,228,2001700
7/7/2025,GOLL,0,0,0,0,0
7/7/2025,GOOD,360,360,356,356,297000
7/7/2025,GOTO,60,60,58,60,1635911400
7/7/2025,GOTOBQCZ5A,0,0,0,0,0
7/7/2025,GOTODRCG6A,11,12,11,12,5100
7/7/2025,GOTODRCN5A,0,0,0,0,0
7/7/2025,GOTODRCQ5A,5,5,5,5,1000000
7/7/2025,GOTOHDCQ5A,0,0,0,0,0
7/7/2025,GOTOM,0,0,0,0,0
7/7/2025,GOTOZPCH6A,28,28,28,28,48000
7/7/2025,GPRA,130,136,123,126,72303400
7/7/2025,GPSO,340,346,338,340,91500
7/7/2025,GRIA,92,121,91,99,110699700
7/7/2025,GRPH,50,50,50,50,298600
7/7/2025,GRPM,53,53,49,51,7101300
7/7/2025,GRPM-W,15,15,14,15,275600
7/7/2025,GSMF,53,53,52,52,11300
7/7/2025,GTBO,236,258,218,238,44463800
7/7/2025,GTRA,133,136,132,134,1088500
7/7/2025,GTSI,39,40,39,40,146100
7/7/2025,GULA,256,264,252,260,261100
7/7/2025,GUNA,268,274,268,272,163700
7/7/2025,GWSA,123,123,121,121,151200
7/7/2025,GZCO,86,86,84,85,3805300
7/7/2025,HADE,8,8,8,8,3251600
7/7/2025,HAIS,188,188,186,186,510600
7/7/2025,HAJJ,120,124,111,119,11569500
7/7/2025,HAJJ-W,14,15,12,14,30474600
7/7/2025,HALO,77,78,74,76,8588900
7/7/2025,HALO-W,8,9,7,7,2606700
7/7/2025,HATM,286,286,264,282,29484100
7/7/2025,HBAT,66,72,66,68,4382000
7/7/2025,HDFA,101,108,101,104,71500
7/7/2025,HDIT,18,18,17,18,173900
7/7/2025,HDTX,0,0,0,0,0
7/7/2025,HEAL,1480,1495,1460,1465,12609200
7/7/2025,HEALZPCH6A,0,0,0,0,0
7/7/2025,HELI,254,258,250,256,442900
7/7/2025,HERO,396,408,384,388,48300
7/7/2025,HEXA,4960,4960,4940,4960,244500
7/7/2025,HGII,160,160,157,160,6453800
7/7/2025,HILL,242,248,238,246,83759100
7/7/2025,HITS,0,0,0,0,0
7/7/2025,HKMU,0,0,0,0,0
7/7/2025,HMSP,620,620,605,610,7048100
7/7/2025,HOKI,95,95,93,94,6825000
7/7/2025,HOME,0,0,0,0,0
7/7/2025,HOMI,210,216,204,210,49700
7/7/2025,HOPE,57,57,57,57,4503700
7/7/2025,HOTL,0,0,0,0,0
7/7/2025,HRME,25,25,25,25,27900
7/7/2025,HRTA,595,595,570,585,8437100
7/7/2025,HRUM,810,825,790,795,5912600
7/7/2025,HRUMZPCG6A,33,34,32,32,10400000
7/7/2025,HUMI,54,54,52,53,19214100
7/7/2025,HUMI-W,5,6,5,6,7434600
7/7/2025,HYGN,141,141,138,141,2226700
7/7/2025,IATA,50,50,50,50,2423300
7/7/2025,IATA-W,42,42,24,28,36700
7/7/2025,IBFN,13,13,13,13,30300
7/7/2025,IBOS,27,27,25,27,3064100
7/7/2025,IBST,0,0,0,0,0
7/7/2025,ICBP,10725,10725,10275,10500,5720900
7/7/2025,ICBPDRCQ5A,18,18,17,18,300
7/7/2025,ICBPDRCX6A,0,0,0,0,0
7/7/2025,ICBPHDCQ5A,0,0,0,0,0
7/7/2025,ICBPZPCX5A,70,71,70,71,20000000
7/7/2025,ICON,34,38,34,38,20300
7/7/2025,IDEA,47,48,47,47,129900
7/7/2025,IDPR,189,216,186,204,2223600
7/7/2025,IFII,248,248,244,244,9300
7/7/2025,IFSH,760,765,750,765,7500
7/7/2025,IGAR,575,585,570,585,700
7/7/2025,IIKP,0,0,0,0,0
7/7/2025,IKAI,8,8,7,7,1570700
7/7/2025,IKAN,66,73,65,66,40035300
7/7/2025,IKBI,390,394,380,384,43600
7/7/2025,IKPM,208,210,192,206,443200
7/7/2025,IMAS,845,850,830,840,58100
7/7/2025,IMJS,189,191,188,189,552000
7/7/2025,IMPC,302,306,298,306,32655800
7/7/2025,INAF,0,0,0,0,0
7/7/2025,INAI,158,162,155,162,1531300
7/7/2025,INCF,21,22,21,21,129200
7/7/2025,INCI,580,585,575,580,22600
7/7/2025,INCO,3600,3600,3400,3420,11432500
7/7/2025,INCOBQCQ5A,114,115,114,115,200
7/7/2025,INCOBQCV5A,61,61,59,60,1700
7/7/2025,INCODRCN5A,39,39,34,34,1110400
7/7/2025,INCODRCQ5A,13,13,7,7,3615600
7/7/2025,INCODRCX5A,80,81,77,81,25300
7/7/2025,INCOHDCQ5A,97,97,93,93,80000
7/7/2025,INCOZPCX5A,118,121,118,119,30000000
7/7/2025,INDF,8100,8100,8000,8100,5535000
7/7/2025,INDFBQCV5A,0,0,0,0,0
7/7/2025,INDFDRCQ5A,33,33,33,33,100
7/7/2025,INDFDRCX6A,0,0,0,0,0
7/7/2025,INDFHDCQ5A,0,0,0,0,0
7/7/2025,INDO,194,194,181,189,12385600
7/7/2025,INDR,2100,2100,2050,2060,2800
7/7/2025,INDS,228,228,222,224,444800
7/7/2025,INDX,78,79,77,77,1538300
7/7/2025,INDY,1330,1330,1315,1330,4549100
7/7/2025,INDYZPCG6A,45,45,44,44,35000
7/7/2025,INET,163,165,161,163,78318500
7/7/2025,INET-W,74,75,72,72,9427500
7/7/2025,INKP,5375,5475,5325,5375,2836500
7/7/2025,INKPDRCF6A,89,92,87,92,7518100
7/7/2025,INKPDRCN5A,6,7,6,7,200
7/7/2025,INKPDRCQ5A,9,9,9,9,200
7/7/2025,INKPHDCQ5A,0,0,0,0,0
7/7/2025,INKPZPCF6A,45,47,45,47,8804000
7/7/2025,INOV,86,86,83,84,124400
7/7/2025,INPC,145,147,143,146,3875800
7/7/2025,INPP,800,800,800,800,500
7/7/2025,INPS,154,158,130,130,27293000
7/7/2025,INRU,985,1010,870,985,169900
7/7/2025,INTA,11,12,11,12,213500
7/7/2025,INTD,188,193,180,180,71200
7/7/2025,INTP,5300,5300,5200,5275,400000
7/7/2025,INTPZPCG6A,0,0,0,0,0
7/7/2025,IOTF,76,86,76,76,670627800
7/7/2025,IPAC,142,147,127,135,19200
7/7/2025,IPCC,995,1010,990,1005,1190300
7/7/2025,IPCM,268,268,264,268,1073200
7/7/2025,IPOL,129,161,129,137,6026800
7/7/2025,IPPE,0,0,0,0,0
7/7/2025,IPTV,24,25,24,25,12103200
7/7/2025,IRRA,416,430,416,420,1265800
7/7/2025,IRSX,29,29,27,29,12354900
7/7/2025,IRSX-W,1,1,1,1,1011300
7/7/2025,ISAP,11,11,10,11,3331500
7/7/2025,ISAP-W,3,4,2,4,1879500
7/7/2025,ISAT,2100,2110,2070,2080,11085600
7/7/2025,ISATBQCU5A,0,0,0,0,0
7/7/2025,ISATDRCG6A,78,78,76,76,9200
7/7/2025,ISATDRCX5A,57,57,57,57,100
7/7/2025,ISATHDCQ5A,0,0,0,0,0
7/7/2025,ISATZPCF6A,0,0,0,0,0
7/7/2025,ISEA,66,67,64,64,1411400
7/7/2025,ISSP,324,324,312,314,2438500
7/7/2025,ITIC,214,218,210,218,25100
7/7/2025,ITMA,745,755,705,730,23693700
7/7/2025,ITMG,22100,22125,22025,22100,543200
7/7/2025,JARR,376,382,370,382,2270600
7/7/2025,JAST,57,58,56,57,1649500
7/7/2025,JATI,156,156,144,145,20643900
7/7/2025,JAWA,139,149,138,142,6788900
7/7/2025,JAYA,99,100,95,95,1225900
7/7/2025,JECC,800,820,800,805,4300
7/7/2025,JGLE,8,9,8,8,11316400
7/7/2025,JIHD,560,590,550,575,724600
7/7/2025,JKON,73,74,73,74,1291000
7/7/2025,JKSW,0,0,0,0,0
7/7/2025,JMAS,126,128,125,127,94600
7/7/2025,JPFA,1480,1505,1440,1505,23239900
7/7/2025,JPFAZPCG6A,62,64,62,64,3000000
7/7/2025,JRPT,710,710,705,710,397500
7/7/2025,JSKY,0,0,0,0,0
7/7/2025,JSMR,3570,3590,3560,3590,1560200
7/7/2025,JSMRZPCG6A,0,0,0,0,0
7/7/2025,JSPT,5100,5100,4790,4830,34200
7/7/2025,JTPE,244,244,242,244,2206300
7/7/2025,KAEF,0,0,0,0,0
7/7/2025,KAQI,50,50,50,50,119000
7/7/2025,KARW,825,835,825,835,163800
7/7/2025,KAYU,0,0,0,0,0
7/7/2025,KBAG,33,33,33,33,6060000
7/7/2025,KBLI,392,398,392,398,71000
7/7/2025,KBLM,296,296,294,296,34900
7/7/2025,KBLV,54,55,52,55,935000
7/7/2025,KBRI,0,0,0,0,0
7/7/2025,KDSI,484,488,474,488,25600
7/7/2025,KDTN,126,127,121,121,213700
7/7/2025,KEEN,790,795,775,775,8442700
7/7/2025,KEJU,580,585,570,580,157800
7/7/2025,KETR,196,199,193,199,13800
7/7/2025,KIAS,19,20,19,20,59400
7/7/2025,KICI,111,113,109,112,446300
7/7/2025,KIJA,180,180,177,180,2857800
7/7/2025,KING,208,210,202,208,527300
7/7/2025,KING-W,17,18,16,18,712600
7/7/2025,KINO,1095,1120,1065,1075,25500
7/7/2025,KIOS,50,50,50,50,3800
7/7/2025,KJEN,0,0,0,0,0
7/7/2025,KKES,24,24,24,24,11000
7/7/2025,KKGI,358,362,354,354,1711600
7/7/2025,KLAS,135,136,133,136,4699900
7/7/2025,KLBF,1515,1515,1480,1500,18135700
7/7/2025,KLBFBQCV5A,0,0,0,0,0
7/7/2025,KLBFDRCG6A,54,57,53,57,2100
7/7/2025,KLBFDRCN5A,52,52,50,50,200
7/7/2025,KLBFDRCQ5A,29,31,28,28,300
7/7/2025,KLBFHDCQ5A,0,0,0,0,0
7/7/2025,KLBFZPCF6A,0,0,0,0,0
7/7/2025,KLIN,154,155,144,145,133800
7/7/2025,KMDS,640,640,575,580,187200
7/7/2025,KMTR,280,280,256,268,38300
7/7/2025,KOBX,148,150,146,148,384800
7/7/2025,KOCI,50,50,50,50,157300
7/7/2025,KOCI-W,5,5,5,5,800
7/7/2025,KOIN,67,67,67,67,11100
7/7/2025,KOKA,67,68,64,64,2373400
7/7/2025,KONI,1200,1245,1195,1200,1500
7/7/2025,KOPI,374,376,360,364,632700
7/7/2025,KOTA,18,19,18,18,5290400
7/7/2025,KPAL,0,0,0,0,0
7/7/2025,KPAS,0,0,0,0,0
7/7/2025,KPIG,175,176,172,176,68504600
7/7/2025,KRAH,0,0,0,0,0
7/7/2025,KRAS,0,0,0,0,0
7/7/2025,KREN,9,9,9,9,2384100
7/7/2025,KRYA,286,288,264,270,71268100
7/7/2025,KSIX,196,199,191,195,245000
7/7/2025,KUAS,51,51,50,50,251700
7/7/2025,LABA,242,274,240,270,357920300
7/7/2025,LABS,136,140,134,138,640000
7/7/2025,LAJU,50,50,50,50,58600
7/7/2025,LAND,21,21,20,20,79500
7/7/2025,LAPD,30,30,30,30,11765500
7/7/2025,LCGP,0,0,0,0,0
7/7/2025,LCKM,218,218,208,214,91400
7/7/2025,LEAD,71,74,70,74,7674100
7/7/2025,LFLO,250,262,250,262,93900
7/7/2025,LIFE,6750,6750,6500,6500,6100
7/7/2025,LINK,1550,1550,1550,1550,100
7/7/2025,LION,380,388,372,388,10000
7/7/2025,LIVE,138,139,137,137,299200
7/7/2025,LMAS,0,0,0,0,0
7/7/2025,LMAX,40,46,40,45,4819900
7/7/2025,LMPI,140,143,138,140,255300
7/7/2025,LMSH,0,0,0,0,0
7/7/2025,LOPI,38,38,36,37,735000
7/7/2025,LPCK,444,446,422,430,1234800
7/7/2025,LPGI,456,464,434,456,673600
7/7/2025,LPIN,374,374,360,370,235900
7/7/2025,LPKR,81,82,81,81,9790800
7/7/2025,LPLI,282,284,278,280,253100
7/7/2025,LPPF,1680,1690,1665,1680,1204700
7/7/2025,LPPS,56,56,55,56,1403500
7/7/2025,LRNA,132,138,131,134,61500
7/7/2025,LSIP,1310,1310,1260,1260,7579900
7/7/2025,LSIPZPCG6A,68,68,68,68,500
7/7/2025,LTLS,880,880,865,870,56600
7/7/2025,LUCK,68,68,65,67,770200
7/7/2025,LUCY,85,91,78,79,1580200
7/7/2025,MABA,0,0,0,0,0
7/7/2025,MAGP,0,0,0,0,0
7/7/2025,MAHA,147,150,146,148,583900
7/7/2025,MAIN,620,620,600,610,2158600
7/7/2025,MAMI,0,0,0,0,0
7/7/2025,MAMIP,0,0,0,0,0
7/7/2025,MANG,31,32,30,31,461700
7/7/2025,MANG-W,27,27,23,26,2900
7/7/2025,MAPA,750,910,740,775,150357500
7/7/2025,MAPAZPCH6A,64,80,60,60,2713100
7/7/2025,MAPB,1890,2050,1800,1920,84800
7/7/2025,MAPI,1230,1300,1225,1250,22206900
7/7/2025,MAPIBQCV5A,40,45,40,45,400100
7/7/2025,MAPIDRCQ5A,22,25,22,24,46800
7/7/2025,MAPIDRCX5A,32,39,32,38,8006900
7/7/2025,MAPIHDCQ5A,20,24,20,20,635600
7/7/2025,MARI,27,27,24,25,13300100
7/7/2025,MARK,660,685,660,680,32043200
7/7/2025,MASA,0,0,0,0,0
7/7/2025,MASB,3400,3400,3350,3350,300
7/7/2025,MAXI,50,51,50,50,339700
7/7/2025,MAYA,181,182,180,181,447100
7/7/2025,MBAP,1635,1650,1625,1625,136900
7/7/2025,MBMA,470,480,464,466,261731800
7/7/2025,MBMADRCQ5A,22,22,17,19,1809500
7/7/2025,MBMADRCX5A,44,46,43,43,476000
7/7/2025,MBMAHDCQ5A,10,10,9,9,5362900
7/7/2025,MBMAZPCX5A,0,0,0,0,0
7/7/2025,MBSS,1540,1560,1460,1475,1711700
7/7/2025,MBTO,88,92,86,88,5563800
7/7/2025,MCAS,1205,1235,1195,1215,8700
7/7/2025,MCOL,4550,4570,4490,4510,4400
7/7/2025,MCOR,66,67,65,66,3002200
7/7/2025,MDIA,26,26,26,26,1285700
7/7/2025,MDIY,1515,1515,1415,1415,42800
7/7/2025,MDKA,2080,2080,2020,2050,27996000
7/7/2025,MDKABQCN5A,0,0,0,0,0
7/7/2025,MDKABQCV5A,84,84,84,84,100000
7/7/2025,MDKADRCN5A,3,3,2,2,455500
7/7/2025,MDKADRCQ5A,21,21,20,21,361000
7/7/2025,MDKADRCV5A,63,66,60,66,63300
7/7/2025,MDKAHDCU5A,151,151,148,148,1000
7/7/2025,MDKAYUCQ5A,80,84,80,84,200
7/7/2025,MDKAZPCF6A,0,0,0,0,0
7/7/2025,MDKI,157,159,155,158,269500
7/7/2025,MDLA,190,197,185,197,13379000
7/7/2025,MDLN,50,51,50,50,3443300
7/7/2025,MDRN,7,7,6,7,1213700
7/7/2025,MEDC,1245,1255,1220,1230,23109900
7/7/2025,MEDCBQCV5A,106,106,105,106,1500
7/7/2025,MEDCBQCZ5A,56,57,56,56,5600
7/7/2025,MEDCDRCG6A,40,43,40,42,601900
7/7/2025,MEDCDRCN5A,5,7,4,5,23061000
7/7/2025,MEDCDRCQ5A,40,43,40,40,4366500
7/7/2025,MEDCHDCQ5A,92,92,92,92,500
7/7/2025,MEDCZPCF6A,0,0,0,0,0
7/7/2025,MEDS,50,50,50,50,2300
7/7/2025,MEGA,3280,3280,3180,3250,3500
7/7/2025,MEJA,0,0,0,0,0
7/7/2025,MEJA-W,0,0,0,0,0
7/7/2025,MENN,45,45,44,44,2011700
7/7/2025,MERK,2990,2990,2960,2960,16700
7/7/2025,META,0,0,0,0,0
7/7/2025,MFIN,3040,3040,2700,2700,301700
7/7/2025,MFMI,0,0,0,0,0
7/7/2025,MGLV,0,0,0,0,0
7/7/2025,MGNA,31,31,30,30,43500
7/7/2025,MGNA-W,0,0,0,0,0
7/7/2025,MGRO,735,735,715,725,4826500
7/7/2025,MHKI,129,129,124,127,707900
7/7/2025,MICE,478,480,470,480,43600
7/7/2025,MIDI,408,418,408,418,1470700
7/7/2025,MIKA,2600,2600,2530,2550,2875300
7/7/2025,MIKAZPCG6A,0,0,0,0,0
7/7/2025,MINA,115,124,114,121,250370100
7/7/2025,MINE,525,525,510,525,4548500
7/7/2025,MIRA,18,18,18,18,1564500
7/7/2025,MITI,188,197,184,195,1856100
7/7/2025,MKAP,322,324,318,324,533100
7/7/2025,MKNT,0,0,0,0,0
7/7/2025,MKPI,22000,22475,22000,22450,7900
7/7/2025,MKTR,110,110,106,110,415800
7/7/2025,MKTR-W,5,6,4,6,6673600
7/7/2025,MLBI,5800,5800,5600,5700,453900
7/7/2025,MLIA,290,292,286,288,3228400
7/7/2025,MLPL,94,97,92,94,26429400
7/7/2025,MLPT,33900,34000,33025,33025,14500
7/7/2025,MMIX,204,208,200,200,2811300
7/7/2025,MMLP,500,515,500,505,1031500
7/7/2025,MNCN,248,248,242,244,35370300
7/7/2025,MOLI,191,210,187,191,324700
7/7/2025,MORA,424,428,420,426,2800
7/7/2025,MPIX,62,62,60,61,808700
7/7/2025,MPIX-W,8,8,7,8,150400
7/7/2025,MPMX,960,965,955,960,969700
7/7/2025,MPOW,131,140,122,122,43546400
7/7/2025,MPPA,51,56,51,53,59240400
7/7/2025,MPRO,2180,2200,2180,2200,800
7/7/2025,MPXL,114,114,110,111,2316900
7/7/2025,MRAT,262,266,260,260,36300
7/7/2025,MREI,835,840,805,810,107400
7/7/2025,MSIE,22,24,20,24,1816500
7/7/2025,MSIN,510,510,496,510,44947200
7/7/2025,MSJA,302,304,298,302,78200
7/7/2025,MSKY,53,54,53,53,1097000
7/7/2025,MSTI,1305,1305,1290,1295,1993900
7/7/2025,MTDL,530,560,525,550,11394100
7/7/2025,MTEL,530,530,515,520,5851300
7/7/2025,MTFN,4,4,4,4,56151000
7/7/2025,MTLA,460,480,460,480,7000
7/7/2025,MTMH,860,870,855,865,11300
7/7/2025,MTPS,53,53,47,47,3433000
7/7/2025,MTRA,0,0,0,0,0
7/7/2025,MTSM,0,0,0,0,0
7/7/2025,MTWI,238,238,212,236,710500
7/7/2025,MUTU,98,102,98,99,806900
7/7/2025,MUTU-W,1,2,1,2,23467900
7/7/2025,MYOH,1725,1725,1695,1725,63500
7/7/2025,MYOR,2140,2170,2110,2140,1183100
7/7/2025,MYORZPCH6A,0,0,0,0,0
7/7/2025,MYRX,0,0,0,0,0
7/7/2025,MYRXP,0,0,0,0,0
7/7/2025,MYTX,0,0,0,0,0
7/7/2025,NAIK,180,190,175,179,21371500
7/7/2025,NAIK-W,35,38,35,36,13734300
7/7/2025,NANO,24,24,22,22,22161300
7/7/2025,NASA,15,15,15,15,75600
7/7/2025,NASI,92,94,88,91,11096200
7/7/2025,NATO,144,144,140,140,27700
7/7/2025,NAYZ,45,47,43,44,970800
7/7/2025,NCKL,665,670,655,655,10211100
7/7/2025,NELY,378,378,368,370,1115900
7/7/2025,NEST,316,320,308,312,3722200
7/7/2025,NETV,146,147,143,145,1127900
7/7/2025,NFCX,1740,1810,1740,1755,31500
7/7/2025,NICE,376,382,360,370,4609400
7/7/2025,NICK,1240,1355,1190,1350,8900
7/7/2025,NICL,950,965,915,945,12575300
7/7/2025,NIKL,242,246,232,234,717200
7/7/2025,NINE,94,94,78,78,73542300
7/7/2025,NIPS,0,0,0,0,0
7/7/2025,NIRO,121,121,120,121,31700
7/7/2025,NISP,1330,1340,1320,1330,2590600
7/7/2025,NOBU,605,615,580,585,18510100
7/7/2025,NPGF,39,39,39,39,6447800
7/7/2025,NRCA,316,318,312,312,224300
7/7/2025,NSSS,334,352,334,348,6533000
7/7/2025,NTBK,50,50,50,50,3000
7/7/2025,NUSA,0,0,0,0,0
7/7/2025,NZIA,89,92,87,87,5763700
7/7/2025,OASA,178,178,168,172,149171900
7/7/2025,OBAT,348,348,336,336,2485600
7/7/2025,OBAT-W,43,44,41,43,1437800
7/7/2025,OBMD,190,193,190,192,584900
7/7/2025,OCAP,0,0,0,0,0
7/7/2025,OILS,110,112,106,108,2871700
7/7/2025,OKAS,148,152,147,147,1962200
7/7/2025,OLIV,19,20,19,20,1666600
7/7/2025,OMED,178,179,172,172,1848400
7/7/2025,OMRE,0,0,0,0,0
7/7/2025,OPMS,70,76,69,71,18829700
7/7/2025,PACK,3620,3620,3600,3600,2022900
7/7/2025,PADA,14,14,14,14,3104800
7/7/2025,PADI,37,37,37,37,58700
7/7/2025,PALM,348,348,336,346,42600
7/7/2025,PAMG,68,71,66,69,4932500
7/7/2025,PANI,11200,11425,11025,11425,2736700
7/7/2025,PANR,975,985,955,985,6492000
7/7/2025,PANS,1655,1670,1650,1665,1618200
7/7/2025,PART,121,125,113,120,46048600
7/7/2025,PART-W,20,21,19,20,10531700
7/7/2025,PBID,498,500,496,498,379200
7/7/2025,PBRX,21,21,21,21,4023900
7/7/2025,PBSA,360,360,352,352,870400
7/7/2025,PCAR,29,29,27,29,2690100
7/7/2025,PDES,442,442,440,440,42500
7/7/2025,PDPP,520,530,510,525,382100
7/7/2025,PEGE,112,112,109,111,245500
7/7/2025,PEHA,324,332,320,320,20600
7/7/2025,PEVE,320,320,312,318,66500
7/7/2025,PGAS,1600,1600,1575,1585,13203200
7/7/2025,PGASBQCU5A,0,0,0,0,0
7/7/2025,PGASBQCZ5A,0,0,0,0,0
7/7/2025,PGASDRCG6A,65,65,65,65,100
7/7/2025,PGASDRCN5A,38,38,38,38,100
7/7/2025,PGASDRCQ5A,29,29,29,29,424900
7/7/2025,PGASHDCQ5A,0,0,0,0,0
7/7/2025,PGASYUCQ5A,0,0,0,0,0
7/7/2025,PGEO,1415,1440,1395,1430,64364400
7/7/2025,PGEODRCN5A,63,69,60,66,866300
7/7/2025,PGEODRCQ5A,81,86,80,85,1290000
7/7/2025,PGEOHDCQ5A,84,87,84,87,90600
7/7/2025,PGJO,0,0,0,0,0
7/7/2025,PGLI,123,127,120,123,77100
7/7/2025,PGUN,530,530,530,530,8100
7/7/2025,PICO,129,130,127,128,821600
7/7/2025,PIPA,69,69,69,69,22759700
7/7/2025,PJAA,476,488,476,480,215300
7/7/2025,PKPK,645,675,640,645,159500
7/7/2025,PLAN,39,40,37,40,699700
7/7/2025,PLAS,0,0,0,0,0
7/7/2025,PLIN,0,0,0,0,0
7/7/2025,PMJS,116,118,116,117,2400
7/7/2025,PMMP,0,0,0,0,0
7/7/2025,PNBN,1150,1165,1135,1155,25561900
7/7/2025,PNBS,50,50,50,50,250000
7/7/2025,PNGO,1775,1775,1735,1735,5100
7/7/2025,PNIN,900,905,890,905,114400
7/7/2025,PNLF,252,254,250,252,105557700
7/7/2025,PNLFYUCV5A,0,0,0,0,0
7/7/2025,PNLFZPCH6A,0,0,0,0,0
7/7/2025,PNSE,845,915,845,845,234700
7/7/2025,POLA,15,15,15,15,137900
7/7/2025,POLI,0,0,0,0,0
7/7/2025,POLL,0,0,0,0,0
7/7/2025,POLU,0,0,0,0,0
7/7/2025,POLY,19,19,19,19,66500
7/7/2025,POOL,0,0,0,0,0
7/7/2025,PORT,855,865,850,850,79300
7/7/2025,POSA,0,0,0,0,0
7/7/2025,POWR,680,685,675,685,612000
7/7/2025,PPGL,100,100,99,99,9200
7/7/2025,PPRE,58,60,58,59,735200
7/7/2025,PPRI,164,166,161,165,304600
7/7/2025,PPRO,0,0,0,0,0
7/7/2025,PRAS,0,0,0,0,0
7/7/2025,PRAY,605,625,600,605,34400
7/7/2025,PRDA,2800,2800,2740,2770,156100
7/7/2025,PRIM,59,61,57,60,11629900
7/7/2025,PSAB,432,446,432,436,76081500
7/7/2025,PSDN,76,78,76,78,50100
7/7/2025,PSGO,165,170,161,168,132900
7/7/2025,PSKT,36,36,33,34,24300
7/7/2025,PSSI,344,344,338,342,48700
7/7/2025,PTBA,2440,2440,2420,2440,5802100
7/7/2025,PTBABQCV5A,0,0,0,0,0
7/7/2025,PTBADRCG6A,34,34,34,34,6200
7/7/2025,PTBADRCN5A,11,11,9,9,500
7/7/2025,PTBADRCQ5A,0,0,0,0,0
7/7/2025,PTBAHDCQ5A,0,0,0,0,0
7/7/2025,PTBAZPCH6A,0,0,0,0,0
7/7/2025,PTDU,0,0,0,0,0
7/7/2025,PTIS,382,382,368,370,33700
7/7/2025,PTMP,117,126,112,117,322707900
7/7/2025,PTMR,0,0,0,0,0
7/7/2025,PTPP,418,428,414,418,8672300
7/7/2025,PTPS,88,89,87,88,1898500
7/7/2025,PTPW,915,915,910,910,16800
7/7/2025,PTRO,2610,2740,2600,2720,32421400
7/7/2025,PTSN,206,208,204,206,187300
7/7/2025,PTSP,885,885,825,865,29300
7/7/2025,PUDP,210,222,210,210,29500
7/7/2025,PURA,14,14,14,14,535200
7/7/2025,PURE,0,0,0,0,0
7/7/2025,PURI,180,190,178,187,730800
7/7/2025,PWON,360,368,358,366,24935300
7/7/2025,PWONZPCH6A,0,0,0,0,0
7/7/2025,PYFA,224,230,218,228,12254100
7/7/2025,PYFA-W,77,77,69,71,309200
7/7/2025,PZZA,158,165,157,161,1034100
7/7/2025,R-ABFII,0,0,0,0,0
7/7/2025,R-LQ45X,1020,1020,937,938,1900
7/7/2025,RAAM,284,292,280,282,10667300
7/7/2025,RAFI,0,0,0,0,0
7/7/2025,RAJA,2310,2530,2280,2530,37147500
7/7/2025,RALS,396,396,392,394,2985100
7/7/2025,RANC,420,420,412,414,2000
7/7/2025,RATU,6450,7000,6300,7000,9959000
7/7/2025,RBMS,24,25,24,25,142800
7/7/2025,RCCC,113,113,111,111,4621100
7/7/2025,RDTX,0,0,0,0,0
7/7/2025,REAL,52,52,50,50,11471800
7/7/2025,RELF,19,19,18,19,930500
7/7/2025,RELI,464,515,452,452,9000
7/7/2025,RGAS,114,120,112,120,36953900
7/7/2025,RICY,38,38,38,38,500
7/7/2025,RIGS,760,770,750,770,177900
7/7/2025,RIMO,0,0,0,0,0
7/7/2025,RISE,1050,1050,1045,1050,450100
7/7/2025,RMKE,505,510,500,505,444400
7/7/2025,RMKO,100,100,97,98,339100
7/7/2025,ROCK,0,0,0,0,0
7/7/2025,RODA,32,35,30,35,32600
7/7/2025,RONY,0,0,0,0,0
7/7/2025,ROTI,820,820,810,820,175800
7/7/2025,RSCH,454,454,440,448,1321800
7/7/2025,RSGK,0,0,0,0,0
7/7/2025,RUIS,198,202,193,197,1322600
7/7/2025,RUNS,51,51,50,51,10100
7/7/2025,SAFE,208,224,208,210,163300
7/7/2025,SAGE,13,13,12,12,5195500
7/7/2025,SAME,250,256,246,250,529900
7/7/2025,SAMF,336,338,320,332,163800
7/7/2025,SAPX,324,334,304,312,1234900
7/7/2025,SATU,224,238,224,238,22468500
7/7/2025,SBAT,0,0,0,0,0
7/7/2025,SBMA,127,130,123,126,2449200
7/7/2025,SCCO,2050,2060,2050,2060,3900
7/7/2025,SCMA,148,152,148,148,97689000
7/7/2025,SCMAZPCG6A,43,43,41,41,71600
7/7/2025,SCNP,155,160,151,155,36300
7/7/2025,SCPI,0,0,0,0,0
7/7/2025,SDMU,25,25,25,25,2800
7/7/2025,SDPC,125,143,125,127,6496100
7/7/2025,SDRA,312,312,300,302,231900
7/7/2025,SEMA,85,87,84,86,440100
7/7/2025,SFAN,1910,1910,1905,1910,115900
7/7/2025,SGER,332,334,330,334,451500
7/7/2025,SGRO,2420,2430,2400,2430,169000
7/7/2025,SHID,1020,1075,950,1075,2266500
7/7/2025,SHIP,3090,3190,3090,3090,63500
7/7/2025,SICO,113,113,107,108,5554100
7/7/2025,SIDO,490,490,486,488,6065900
7/7/2025,SILO,2210,2230,2200,2210,82700
7/7/2025,SIMA,0,0,0,0,0
7/7/2025,SIMP,492,500,488,500,10261600
7/7/2025,SINI,3870,3870,3860,3860,8000
7/7/2025,SIPD,700,700,700,700,1700
7/7/2025,SKBM,336,360,330,338,257000
7/7/2025,SKLT,189,218,184,189,7323300
7/7/2025,SKRN,430,430,424,426,46200
7/7/2025,SKYB,0,0,0,0,0
7/7/2025,SLIS,50,50,50,50,35700
7/7/2025,SLIS-W,8,8,6,7,1042700
7/7/2025,SMAR,3450,3450,3430,3430,2100
7/7/2025,SMBR,320,334,316,320,48222800
7/7/2025,SMCB,0,0,0,0,0
7/7/2025,SMDM,935,940,900,915,76400
7/7/2025,SMDR,318,324,316,322,38600800
7/7/2025,SMGA,80,80,78,78,19298100
7/7/2025,SMGR,2680,2690,2630,2680,2355900
7/7/2025,SMGRBQCU5A,31,31,28,30,748300
7/7/2025,SMGRBQCZ5A,0,0,0,0,0
7/7/2025,SMGRDRCN5A,3,3,2,2,30400
7/7/2025,SMGRDRCQ5A,6,7,6,7,2909100
7/7/2025,SMGRDRCV5A,56,61,56,61,300
7/7/2025,SMIL,208,212,206,212,42094200
7/7/2025,SMKL,158,159,152,157,143700
7/7/2025,SMKM,81,81,75,77,9662900
7/7/2025,SMLE,123,125,122,122,582400
7/7/2025,SMMA,15500,16250,15500,16225,600
7/7/2025,SMMT,840,865,835,840,15900
7/7/2025,SMRA,366,368,364,368,17128600
7/7/2025,SMRAZPCH6A,0,0,0,0,0
7/7/2025,SMRU,0,0,0,0,0
7/7/2025,SMSM,1885,1930,1880,1930,548300
7/7/2025,SNLK,545,555,530,550,9072000
7/7/2025,SOCI,167,169,167,167,1297800
7/7/2025,SOFA,54,57,53,55,34571800
7/7/2025,SOHO,685,700,680,685,53100
7/7/2025,SOLA,158,162,158,162,13295500
7/7/2025,SONA,3390,3460,3290,3290,8200
7/7/2025,SOSS,410,418,400,402,23700
7/7/2025,SOTS,268,284,262,262,26600
7/7/2025,SOUL,36,37,36,37,484000
7/7/2025,SPMA,252,254,250,254,118500
7/7/2025,SPRE,92,92,84,85,1507600
7/7/2025,SPTO,655,660,650,655,302000
7/7/2025,SQMI,0,0,0,0,0
7/7/2025,SRAJ,4130,4250,4110,4200,1981700
7/7/2025,SRIL,0,0,0,0,0
7/7/2025,SRSN,50,50,50,50,33200
7/7/2025,SRTG,1600,1630,1600,1625,1542900
7/7/2025,SRTGZPCG6A,0,0,0,0,0
7/7/2025,SSIA,1725,1745,1675,1675,20966200
7/7/2025,SSMS,1310,1355,1285,1355,8392900
7/7/2025,SSTM,169,174,158,170,29100
7/7/2025,STAA,780,785,765,785,13540400
7/7/2025,STAR,30,30,27,27,115500
7/7/2025,STRK,76,81,75,80,38094700
7/7/2025,STTP,0,0,0,0,0
7/7/2025,SUGI,0,0,0,0,0
7/7/2025,SULI,110,120,106,113,8523800
7/7/2025,SUNI,795,805,790,795,637900
7/7/2025,SUPR,0,0,0,0,0
7/7/2025,SURE,2290,2300,2250,2250,3200
7/7/2025,SURI,85,88,78,80,122825200
7/7/2025,SWAT,0,0,0,0,0
7/7/2025,SWID,59,61,59,59,91000
7/7/2025,TALF,282,292,272,284,2500
7/7/2025,TAMA,24,24,23,23,31400
7/7/2025,TAMU,14,14,13,14,3954600
7/7/2025,TAPG,985,985,970,975,4784800
7/7/2025,TAPGZPCH6A,32,32,32,32,30300
7/7/2025,TARA,10,10,10,10,3573000
7/7/2025,TAXI,7,7,6,6,4301500
7/7/2025,TAYS,50,50,50,50,9800
7/7/2025,TBIG,2000,2090,1995,2000,124100
7/7/2025,TBLA,775,775,760,775,1458500
7/7/2025,TBMS,830,835,820,825,6300
7/7/2025,TCID,2380,2380,2280,2300,1400
7/7/2025,TCPI,5475,5475,5200,5475,11282800
7/7/2025,TDPM,0,0,0,0,0
7/7/2025,TEBE,680,730,660,675,3720900
7/7/2025,TECH,0,0,0,0,0
7/7/2025,TELE,0,0,0,0,0
7/7/2025,TFAS,140,142,136,140,414800
7/7/2025,TFCO,0,0,0,0,0
7/7/2025,TGKA,6000,6000,6000,6000,200
7/7/2025,TGRA,0,0,0,0,0
7/7/2025,TGUK,0,0,0,0,0
7/7/2025,TIFA,0,0,0,0,0
7/7/2025,TINS,1040,1040,1010,1010,6155400
7/7/2025,TIRA,1700,1755,1665,1745,56000
7/7/2025,TIRT,0,0,0,0,0
7/7/2025,TKIM,5350,5475,5325,5400,338400
7/7/2025,TKIMZPCG6A,55,59,55,56,2000900
7/7/2025,TLDN,570,575,560,565,248200
7/7/2025,TLKM,2630,2700,2610,2700,33446600
7/7/2025,TLKMBQCQ5A,0,0,0,0,0
7/7/2025,TLKMBQCV5A,0,0,0,0,0
7/7/2025,TLKMDRCQ5A,33,34,33,34,200
7/7/2025,TLKMDRCQ5B,72,75,72,75,200
7/7/2025,TLKMDRCX6A,1525,1565,1525,1565,2000000
7/7/2025,TLKMHDCQ5A,0,0,0,0,0
7/7/2025,TLKMHDCV5A,0,0,0,0,0
7/7/2025,TLKMYUCQ5A,69,69,69,69,100
7/7/2025,TLKMZPCF6A,0,0,0,0,0
7/7/2025,TMAS,129,130,126,128,4641100
7/7/2025,TMPO,152,153,148,148,1937600
7/7/2025,TNCA,147,149,145,146,58600
7/7/2025,TOBA,830,855,820,835,116023200
7/7/2025,TOOL,50,50,50,50,2774300
7/7/2025,TOPS,0,0,0,0,0
7/7/2025,TOSK,50,50,50,50,88300
7/7/2025,TOTL,670,675,665,670,344100
7/7/2025,TOTO,226,228,222,226,1615200
7/7/2025,TOWR,520,525,505,520,28161600
7/7/2025,TOYS,0,0,0,0,0
7/7/2025,TPIA,9850,9875,9575,9775,10632000
7/7/2025,TPMA,575,580,570,570,3246800
7/7/2025,TRAM,0,0,0,0,0
7/7/2025,TRGU,170,170,166,169,61400
7/7/2025,TRIL,0,0,0,0,0
7/7/2025,TRIM,350,350,350,350,7100
7/7/2025,TRIN,103,107,101,104,1367600
7/7/2025,TRIN-W2,0,0,0,0,0
7/7/2025,TRIO,0,0,0,0,0
7/7/2025,TRIS,166,170,165,166,49200
7/7/2025,TRJA,137,155,135,155,1681900
7/7/2025,TRON,99,100,97,98,299700
7/7/2025,TRST,496,496,476,494,20700
7/7/2025,TRUE,18,18,18,18,62300
7/7/2025,TRUK,138,139,135,135,614300
7/7/2025,TRUS,428,444,424,432,13600
7/7/2025,TSPC,2320,2320,2290,2300,722400
7/7/2025,TUGU,950,955,940,945,988200
7/7/2025,TYRE,123,124,121,122,245400
7/7/2025,UANG,216,216,208,214,370600
7/7/2025,UCID,505,505,498,500,2082900
7/7/2025,UDNG,1330,1330,1330,1330,707300
7/7/2025,UFOE,180,189,180,181,37100
7/7/2025,ULTJ,1320,1325,1295,1300,2693300
7/7/2025,UNIC,7850,7900,7850,7875,2300
7/7/2025,UNIQ,388,398,380,384,39181300
7/7/2025,UNIT,0,0,0,0,0
7/7/2025,UNSP,117,123,117,123,120600
7/7/2025,UNTD,76,77,75,76,8422600
7/7/2025,UNTR,21550,21550,21225,21450,1941800
7/7/2025,UNTRBQCV5A,0,0,0,0,0
7/7/2025,UNTRDRCG6A,92,93,91,91,300
7/7/2025,UNTRDRCN5A,6,6,6,6,100
7/7/2025,UNTRDRCQ5A,21,21,21,21,100
7/7/2025,UNTRHDCQ5A,0,0,0,0,0
7/7/2025,UNVR,1565,1570,1525,1560,16928200
7/7/2025,UNVRBQCQ5A,21,27,21,25,1156900
7/7/2025,UNVRBQCU5A,30,33,30,32,600
7/7/2025,UNVRBQCZ5A,0,0,0,0,0
7/7/2025,UNVRDRCG6A,35,37,35,37,114000
7/7/2025,UNVRDRCN5A,14,15,14,15,1500100
7/7/2025,UNVRDRCQ5A,6,6,5,5,550000
7/7/2025,UNVRHDCQ5A,185,185,185,185,100
7/7/2025,UNVRZPCH6A,0,0,0,0,0
7/7/2025,URBN,127,127,120,125,19700
7/7/2025,UVCR,76,78,74,76,3774200
7/7/2025,VAST,140,140,134,140,7431900
7/7/2025,VAST-W,13,14,13,14,1013400
7/7/2025,VERN,124,124,115,120,1201400
7/7/2025,VERN-W,4,4,3,3,334500
7/7/2025,VICI,640,645,640,645,248400
7/7/2025,VICO,145,194,145,192,33368700
7/7/2025,VINS,115,148,113,130,20618100
7/7/2025,VISI,139,144,139,141,395300
7/7/2025,VIVA,13,13,12,13,2828600
7/7/2025,VKTR,83,83,79,81,12771300
7/7/2025,VOKS,189,197,189,192,49400
7/7/2025,VRNA,71,73,71,72,539500
7/7/2025,VTNY,113,113,110,111,5404900
7/7/2025,WAPO,154,156,148,149,3670400
7/7/2025,WEGE,51,51,50,50,13236300
7/7/2025,WEHA,107,111,106,108,4177600
7/7/2025,WGSH,183,183,171,175,1814400
7/7/2025,WICO,0,0,0,0,0
7/7/2025,WIDI,18,19,18,18,2474800
7/7/2025,WIFI,2010,2040,2000,2020,17012900
7/7/2025,WIIM,805,805,775,780,955900
7/7/2025,WIKA,0,0,0,0,0
7/7/2025,WINE,226,272,224,250,2430800
7/7/2025,WINR,26,27,26,27,517800
7/7/2025,WINS,380,384,360,360,3243500
7/7/2025,WIRG,83,85,79,80,185462500
7/7/2025,WMPP,0,0,0,0,0
7/7/2025,WMUU,0,0,0,0,0
7/7/2025,WOMF,346,350,344,344,12000
7/7/2025,WOOD,370,370,360,362,632700
7/7/2025,WOWS,56,56,55,55,897600
7/7/2025,WSBP,14,14,14,14,848000
7/7/2025,WSKT,0,0,0,0,0
7/7/2025,WTON,89,94,89,90,38352800
7/7/2025,XAQA,0,0,0,0,0
7/7/2025,XBES,1002,1002,1002,1002,10000
7/7/2025,XBID,487,487,487,487,40000
7/7/2025,XBIG,0,0,0,0,0
7/7/2025,XBIN,545,545,545,545,40000
7/7/2025,XBLQ,0,0,0,0,0
7/7/2025,XBNI,999,999,999,999,1500
7/7/2025,XBSK,422,422,422,422,40000
7/7/2025,XCEG,98,98,98,98,1000
7/7/2025,XCID,57,58,56,58,5900
7/7/2025,XCIS,0,0,0,0,0
7/7/2025,XCLQ,0,0,0,0,0
7/7/2025,XDIF,0,0,0,0,0
7/7/2025,XIFE,104,104,104,104,200
7/7/2025,XIHD,596,597,596,596,1400
7/7/2025,XIIC,0,0,0,0,0
7/7/2025,XIID,0,0,0,0,0
7/7/2025,XIIF,445,446,445,446,10000
7/7/2025,XIIT,488,490,486,490,29500
7/7/2025,XIJI,570,575,570,575,500
7/7/2025,XILV,0,0,0,0,0
7/7/2025,XIML,0,0,0,0,0
7/7/2025,XIPB,197,197,197,197,500
7/7/2025,XIPI,208,209,208,209,5100
7/7/2025,XISB,0,0,0,0,0
7/7/2025,XISC,0,0,0,0,0
7/7/2025,XISI,0,0,0,0,0
7/7/2025,XISR,419,419,419,419,1000
7/7/2025,XKID,0,0,0,0,0
7/7/2025,XKIV,519,519,519,519,40100
7/7/2025,XKMS,1123,1123,1121,1122,200100
7/7/2025,XMGB,1094,1094,1094,1094,100
7/7/2025,XMIG,206,206,204,204,5100
7/7/2025,XMLF,845,845,845,845,40000
7/7/2025,XMSK,365,365,362,362,300
7/7/2025,XNVE,0,0,0,0,0
7/7/2025,XPDV,0,0,0,0,0
7/7/2025,XPFT,0,0,0,0,0
7/7/2025,XPIN,585,585,585,585,200
7/7/2025,XPLQ,0,0,0,0,0
7/7/2025,XPSG,0,0,0,0,0
7/7/2025,XPTD,418,418,418,418,100
7/7/2025,XSBC,0,0,0,0,0
7/7/2025,XSPI,0,0,0,0,0
7/7/2025,XSSI,54,54,50,53,47100
7/7/2025,XSSK,657,657,657,657,20000
7/7/2025,YELO,18,18,18,18,1765600
7/7/2025,YOII,93,96,92,93,2793200
7/7/2025,YPAS,0,0,0,0,0
7/7/2025,YULE,2820,2820,2650,2650,1100
7/7/2025,YUPI,2180,2180,2000,2030,409300
7/7/2025,ZATA,10,10,9,9,1073800
7/7/2025,ZBRA,0,0,0,0,0
7/7/2025,ZINC,12,12,12,12,2508600
7/7/2025,ZONE,805,810,805,810,159400
7/7/2025,ZYRX,133,136,132,134,891900
