<date>,<ticker>,<open>,<high>,<low>,<close>,<volume>
11/25/2025,IHSG,8570.846,8574.385,8487.221,8521.885,54941840500
11/25/2025,AADI,7750,7800,7625,7675,8938500
11/25/2025,AADIDRCN6A,94,94,89,90,2634100
11/25/2025,AADIHDCK6A,95,95,94,94,138100
11/25/2025,AADIYUCK6A,304,304,304,304,36500
11/25/2025,AALI,7800,7800,7725,7800,419100
11/25/2025,ABBA,57,57,57,57,2040700
11/25/2025,ABDA,2540,2700,2540,2700,500
11/25/2025,ABMM,3000,3010,2910,2960,1032000
11/25/2025,ACES,428,428,418,420,60633200
11/25/2025,ACESBQCG6A,10,10,8,8,1814500
11/25/2025,ACESBQCK6A,15,15,15,15,200
11/25/2025,ACESBQCX5B,1,2,1,2,18729000
11/25/2025,ACESBQCZ5A,3,4,3,3,889600
11/25/2025,ACESDRCJ6A,8,9,8,8,115300
11/25/2025,ACESHDCN6A,52,52,51,51,62800
11/25/2025,ACESHDCZ5A,4,4,4,4,100
11/25/2025,ACESZPCJ6A,15,15,15,15,100
11/25/2025,ACRO,90,91,88,89,6215100
11/25/2025,ACRO-W,6,7,6,7,3709300
11/25/2025,ACST,136,138,133,135,4584200
11/25/2025,ADCP,54,56,54,54,16951400
11/25/2025,ADES,15125,15375,15025,15375,37700
11/25/2025,ADHI,256,260,248,250,58400000
11/25/2025,ADMF,8775,8850,8775,8800,65900
11/25/2025,ADMG,161,163,159,162,957800
11/25/2025,ADMR,1330,1330,1300,1310,16161000
11/25/2025,ADMRDRCH6A,38,38,37,38,110800
11/25/2025,ADMRDRCJ6A,59,59,57,57,43200
11/25/2025,ADMRHDCJ6A,0,0,0,0,0
11/25/2025,ADMRZPCH6A,78,78,77,77,87600
11/25/2025,ADRO,1880,1880,1850,1855,53971700
11/25/2025,ADROBQCG6A,59,59,57,57,129400
11/25/2025,ADROBQCJ6A,0,0,0,0,0
11/25/2025,ADROBQCN6A,60,60,59,59,400
11/25/2025,ADROBQCZ5A,2,2,1,2,3253900
11/25/2025,ADRODRCJ6A,52,53,52,53,200100
11/25/2025,ADROHDCN6A,69,69,68,68,20200
11/25/2025,ADROHDCZ5A,32,32,31,31,200
11/25/2025,ADROHDPH6A,0,0,0,0,0
11/25/2025,ADROYUCZ5A,0,0,0,0,0
11/25/2025,ADROZPCF6A,19,19,19,19,400
11/25/2025,ADROZPCK6A,52,52,52,52,11000
11/25/2025,AEGS,75,78,69,71,70152600
11/25/2025,AGAR,240,244,236,240,56800
11/25/2025,AGII,1370,1415,1355,1390,1768100
11/25/2025,AGRO,226,228,222,226,8791100
11/25/2025,AGRS,72,74,71,72,13328700
11/25/2025,AHAP,94,97,93,93,39236100
11/25/2025,AIMS,376,378,360,376,391600
11/25/2025,AISA,145,146,142,143,7463400
11/25/2025,AKKU,37,39,37,39,1134400
11/25/2025,AKPI,575,575,570,570,31000
11/25/2025,AKRA,1260,1270,1230,1260,9304000
11/25/2025,AKRABQCX5B,2,2,1,1,9022500
11/25/2025,AKRADRCH6A,42,44,42,44,5200
11/25/2025,AKRAHDCH6A,0,0,0,0,0
11/25/2025,AKRAZPCJ6A,42,42,42,42,100
11/25/2025,AKRAZPCM6A,37,37,37,37,22200
11/25/2025,AKRAZPCX5A,0,0,0,0,0
11/25/2025,AKSI,450,458,428,454,1674600
11/25/2025,ALDO,650,680,560,640,1146000
11/25/2025,ALII,600,650,590,605,2522500
11/25/2025,ALKA,352,358,350,358,19100
11/25/2025,ALMI,0,0,0,0,0
11/25/2025,ALTO,0,0,0,0,0
11/25/2025,AMAG,384,390,382,388,89100
11/25/2025,AMAN,180,180,168,174,8383900
11/25/2025,AMAR,226,228,222,226,374000
11/25/2025,AMFG,3270,3280,3200,3210,272700
11/25/2025,AMIN,260,262,256,260,294300
11/25/2025,AMMN,7025,7025,6800,6800,28352700
11/25/2025,AMMNBQCZ5A,3,3,2,2,4844800
11/25/2025,AMMNDRCJ6A,33,34,33,33,236000
11/25/2025,AMMNHDCH6A,0,0,0,0,0
11/25/2025,AMMNZPCG6A,24,24,17,18,729900
11/25/2025,AMMS,432,432,432,432,3302300
11/25/2025,AMOR,396,400,384,390,2180300
11/25/2025,AMRT,1875,1885,1835,1850,33209700
11/25/2025,AMRTBQCF6A,11,12,11,12,1800800
11/25/2025,AMRTBQCH6A,13,15,13,14,1553300
11/25/2025,AMRTBQCJ6A,31,32,31,32,400000
11/25/2025,AMRTDRCH6A,21,21,20,20,43600
11/25/2025,AMRTDRCZ5A,8,8,7,8,1070300
11/25/2025,AMRTHDCJ6A,7,7,6,6,3180000
11/25/2025,AMRTZPCK6A,13,13,13,13,655200
11/25/2025,AMRTZPCX5A,0,0,0,0,0
11/25/2025,ANDI,24,24,23,23,4711500
11/25/2025,ANJT,1925,1935,1845,1860,1293300
11/25/2025,ANTM,2960,3050,2930,3000,96478900
11/25/2025,ANTMBQCG6A,0,0,0,0,0
11/25/2025,ANTMBQCJ6A,51,51,51,51,100
11/25/2025,ANTMBQCN6A,75,75,75,75,1400
11/25/2025,ANTMBQCX5A,1,2,1,1,8127600
11/25/2025,ANTMBQCZ5A,555,555,550,550,200
11/25/2025,ANTMDRCG6A,25,29,25,28,2200
11/25/2025,ANTMDRCG6B,30,30,30,30,3700
11/25/2025,ANTMDRPZ5A,0,0,0,0,0
11/25/2025,ANTMHDCH6A,57,57,57,57,100
11/25/2025,ANTMHDCH6B,94,97,93,97,115100
11/25/2025,ANTMHDPH6A,0,0,0,0,0
11/25/2025,ANTMYUCN6A,92,97,92,97,25900
11/25/2025,ANTMZPCJ6A,53,56,52,56,296300
11/25/2025,ANTMZPCK6A,21,22,20,21,663500
11/25/2025,ANTMZPCX5A,148,148,147,147,30000
11/25/2025,APEX,210,236,204,234,264636100
11/25/2025,APIC,1420,1435,1240,1250,1543100
11/25/2025,APII,191,192,188,191,56000
11/25/2025,APLI,438,460,418,430,116600
11/25/2025,APLN,98,99,97,99,2878200
11/25/2025,ARCI,1175,1190,1170,1175,52191300
11/25/2025,AREA,535,540,525,530,3900700
11/25/2025,ARGO,1060,1085,1055,1055,5000
11/25/2025,ARII,276,280,268,276,157300
11/25/2025,ARKA,33,35,33,35,17479800
11/25/2025,ARKO,3200,4150,3100,3940,12127500
11/25/2025,ARMY,0,0,0,0,0
11/25/2025,ARNA,545,545,515,530,9679200
11/25/2025,ARTA,3040,3040,2970,3000,2300
11/25/2025,ARTI,0,0,0,0,0
11/25/2025,ARTO,2000,2020,1980,1995,10612500
11/25/2025,ARTOBQCG6A,15,15,15,15,4900
11/25/2025,ARTOBQCJ6A,24,24,24,24,5366300
11/25/2025,ARTOBQCN6A,0,0,0,0,0
11/25/2025,ARTOBQCX5B,3,3,1,3,1644400
11/25/2025,ARTOBQCZ5A,7,7,5,6,4482100
11/25/2025,ARTODRCK6A,50,50,50,50,544400
11/25/2025,ARTOHDCN6A,48,48,48,48,28500
11/25/2025,ARTOHDCZ5A,0,0,0,0,0
11/25/2025,ARTOZPCK6A,33,33,32,32,5005200
11/25/2025,ARTOZPCX5A,21,21,21,21,200
11/25/2025,ASBI,480,480,474,480,6000
11/25/2025,ASDM,610,615,570,610,442000
11/25/2025,ASGR,1255,1285,1245,1285,767600
11/25/2025,ASHA,68,68,63,63,14551200
11/25/2025,ASII,6425,6475,6375,6450,20954400
11/25/2025,ASIIBQCZ5A,123,124,123,124,100600
11/25/2025,ASIIDRCH6A,0,0,0,0,0
11/25/2025,ASIIDRCX6A,4330,4330,4330,4330,200
11/25/2025,ASIIHDCZ5A,0,0,0,0,0
11/25/2025,ASIIZPCJ6A,148,148,148,148,1000
11/25/2025,ASIIZPCM6A,41,41,41,41,100
11/25/2025,ASJT,144,144,141,143,886500
11/25/2025,ASLC,85,86,84,85,30478600
11/25/2025,ASLI,248,292,242,282,272541400
11/25/2025,ASMI,26,26,25,25,2977900
11/25/2025,ASPI,860,860,800,815,881200
11/25/2025,ASPR,98,100,97,98,2251100
11/25/2025,ASRI,165,165,162,162,9720200
11/25/2025,ASRM,330,330,324,328,34200
11/25/2025,ASSA,1105,1105,1080,1090,5252000
11/25/2025,ATAP,0,0,0,0,0
11/25/2025,ATIC,730,735,695,715,608700
11/25/2025,ATLA,63,63,60,63,67885900
11/25/2025,AUTO,2680,2700,2600,2610,3672300
11/25/2025,AUTODRCV6A,0,0,0,0,0
11/25/2025,AUTOHDCN6A,45,45,45,45,2000
11/25/2025,AUTOZPCJ6A,0,0,0,0,0
11/25/2025,AVIA,470,470,460,466,12733600
11/25/2025,AVIADRCV6A,78,79,77,78,4100
11/25/2025,AVIAHDCN6A,0,0,0,0,0
11/25/2025,AVIAZPCJ6A,23,23,23,23,298500
11/25/2025,AWAN,228,228,220,222,2340500
11/25/2025,AXIO,135,137,133,135,2714900
11/25/2025,AYAM,322,378,322,334,485238000
11/25/2025,AYLS,0,0,0,0,0
11/25/2025,BABP,54,55,54,54,3854100
11/25/2025,BABY,328,328,312,314,11906800
11/25/2025,BACA,141,144,141,143,955000
11/25/2025,BAIK,102,103,101,102,2083400
11/25/2025,BAIK-W,7,7,6,7,9119900
11/25/2025,BAJA,176,184,173,179,18341800
11/25/2025,BALI,1275,1615,1275,1380,811600
11/25/2025,BANK,965,985,925,980,61638100
11/25/2025,BANK-W,0,0,0,0,0
11/25/2025,BAPA,89,89,86,88,6529800
11/25/2025,BAPI,22,22,22,22,4555700
11/25/2025,BATA,69,69,65,65,729500
11/25/2025,BATR,108,109,107,109,1761700
11/25/2025,BAUT,39,40,39,40,3448900
11/25/2025,BAYU,1320,1325,1300,1320,175300
11/25/2025,BBCA,8475,8500,8375,8500,98807700
11/25/2025,BBCABQCG6A,65,65,63,63,8200
11/25/2025,BBCABQCJ6A,34,35,34,35,590000
11/25/2025,BBCABQCN6A,0,0,0,0,0
11/25/2025,BBCABQCX5A,2,2,1,2,27646200
11/25/2025,BBCADRCF6A,23,23,22,23,496500
11/25/2025,BBCADRCX6A,3930,3930,3930,3930,100
11/25/2025,BBCAHDCN6A,0,0,0,0,0
11/25/2025,BBCAHDCQ7A,67,68,64,68,710200
11/25/2025,BBCAYUCK6A,187,187,187,187,200
11/25/2025,BBCAZPCF6A,59,59,14,15,2202600
11/25/2025,BBCAZPCH6A,76,76,76,76,204100
11/25/2025,BBCAZPCN6A,59,59,58,58,5400
11/25/2025,BBHI,1490,1490,1470,1470,708700
11/25/2025,BBKP,71,76,70,74,456504400
11/25/2025,BBLD,900,910,895,910,114400
11/25/2025,BBMD,1990,1990,1980,1980,6000
11/25/2025,BBNI,4420,4450,4370,4420,36142900
11/25/2025,BBNIBQCG6A,0,0,0,0,0
11/25/2025,BBNIBQCJ6A,0,0,0,0,0
11/25/2025,BBNIBQCN6A,0,0,0,0,0
11/25/2025,BBNIDRCH6A,58,58,58,58,71300
11/25/2025,BBNIDRCX6A,2370,2370,2370,2370,400
11/25/2025,BBNIDRCZ5A,38,38,38,38,12200
11/25/2025,BBNIDRPZ5A,0,0,0,0,0
11/25/2025,BBNIHDCQ7A,86,86,84,85,2048300
11/25/2025,BBNIYUCN6A,0,0,0,0,0
11/25/2025,BBNIZPCH6A,88,88,88,88,50000
11/25/2025,BBNIZPCX5A,0,0,0,0,0
11/25/2025,BBRI,3980,3980,3830,3830,396959100
11/25/2025,BBRIBQCG6A,0,0,0,0,0
11/25/2025,BBRIBQCJ6A,42,43,42,42,20900
11/25/2025,BBRIBQCN6A,0,0,0,0,0
11/25/2025,BBRIBQCZ5A,14,14,7,7,154200
11/25/2025,BBRIDRCG6A,0,0,0,0,0
11/25/2025,BBRIDRCN6A,0,0,0,0,0
11/25/2025,BBRIDRCX6A,2110,2110,2080,2080,300
11/25/2025,BBRIDRPZ5A,0,0,0,0,0
11/25/2025,BBRIHDCH6A,94,94,94,94,400
11/25/2025,BBRIHDCQ7A,82,82,74,74,18435500
11/25/2025,BBRIYUCN6A,0,0,0,0,0
11/25/2025,BBRIZPCH6A,71,72,64,64,66900
11/25/2025,BBRIZPCN6A,60,60,59,59,302000
11/25/2025,BBRIZPCX5A,31,31,31,31,100
11/25/2025,BBRM,88,91,87,89,10610300
11/25/2025,BBSI,3950,4000,3930,3930,20600
11/25/2025,BBSS,362,404,362,388,644200
11/25/2025,BBTN,1210,1210,1195,1200,11451800
11/25/2025,BBTNDRCV6A,0,0,0,0,0
11/25/2025,BBTNHDCN6A,0,0,0,0,0
11/25/2025,BBTNHDCZ5A,0,0,0,0,0
11/25/2025,BBTNYUCZ5A,0,0,0,0,0
11/25/2025,BBTNZPCG6A,0,0,0,0,0
11/25/2025,BBYB,392,396,384,394,83770500
11/25/2025,BCAP,56,56,54,55,3560700
11/25/2025,BCIC,150,151,150,151,1067400
11/25/2025,BCIP,107,109,104,109,55074000
11/25/2025,BDKR,168,169,167,168,17849200
11/25/2025,BDMN,2510,2520,2490,2520,562400
11/25/2025,BEBS,0,0,0,0,0
11/25/2025,BEEF,685,725,660,700,49574800
11/25/2025,BEER,200,206,195,198,1456500
11/25/2025,BEKS,28,28,28,28,10724800
11/25/2025,BELI,442,454,442,448,4167700
11/25/2025,BELL,72,75,71,73,25059300
11/25/2025,BESS,1875,1875,1800,1815,66300
11/25/2025,BEST,105,105,103,104,3019800
11/25/2025,BFIN,760,765,745,750,45669700
11/25/2025,BFINDRCK6A,19,19,19,19,48700
11/25/2025,BFINHDCM6A,0,0,0,0,0
11/25/2025,BFINZPCM6A,17,17,16,17,206300
11/25/2025,BGTG,125,126,120,121,49029600
11/25/2025,BHAT,1150,1425,1150,1425,1343600
11/25/2025,BHIT,32,33,32,33,15269800
11/25/2025,BIKA,0,0,0,0,0
11/25/2025,BIKE,885,910,860,885,9227600
11/25/2025,BIMA,0,0,0,0,0
11/25/2025,BINA,4420,4490,4420,4490,5100
11/25/2025,BINO,141,174,141,164,94842000
11/25/2025,BIPI,90,95,88,90,628451400
11/25/2025,BIPP,46,48,46,48,1039600
11/25/2025,BIRD,1785,1785,1750,1750,1910200
11/25/2025,BISI,900,905,895,900,232900
11/25/2025,BJBR,795,800,790,795,2685100
11/25/2025,BJTM,550,555,545,550,4697800
11/25/2025,BKDP,37,40,37,40,389000
11/25/2025,BKSL,127,129,125,127,224921200
11/25/2025,BKSW,63,68,62,65,69258600
11/25/2025,BLES,159,164,159,161,8458800
11/25/2025,BLOG,464,464,456,458,2598900
11/25/2025,BLTA,32,32,32,32,1038700
11/25/2025,BLTZ,0,0,0,0,0
11/25/2025,BLUE,3090,3170,3000,3090,438400
11/25/2025,BMAS,675,690,665,690,35900
11/25/2025,BMBL,64,70,64,70,41846800
11/25/2025,BMHS,238,246,206,208,157508200
11/25/2025,BMRI,5075,5100,4950,5025,169379300
11/25/2025,BMRIBQCG6A,0,0,0,0,0
11/25/2025,BMRIBQCJ6A,0,0,0,0,0
11/25/2025,BMRIBQCZ5A,6,6,4,5,3046200
11/25/2025,BMRIDRCG6A,120,121,112,114,131700
11/25/2025,BMRIDRCX6A,2520,2520,2440,2440,2700
11/25/2025,BMRIHDCQ7A,162,162,155,155,10000
11/25/2025,BMRIYUCK6A,0,0,0,0,0
11/25/2025,BMRIZPCH6A,60,60,57,57,104200
11/25/2025,BMRIZPCX5A,11,15,10,10,700
11/25/2025,BMSR,294,296,288,294,22200
11/25/2025,BMTR,141,143,140,142,41036000
11/25/2025,BNBA,620,640,620,620,639000
11/25/2025,BNBR,45,49,45,47,167543600
11/25/2025,BNGA,1785,1790,1775,1785,2575200
11/25/2025,BNGADRCK6A,59,59,59,59,22200
11/25/2025,BNGAHDCN6A,68,68,68,68,10000
11/25/2025,BNGAZPCH6A,0,0,0,0,0
11/25/2025,BNII,206,206,204,206,489300
11/25/2025,BNLI,4990,5000,4950,4970,80600
11/25/2025,BOAT,133,134,130,133,2457400
11/25/2025,BOBA,195,198,193,194,284600
11/25/2025,BOGA,1310,1310,900,1015,12591200
11/25/2025,BOLA,164,169,162,164,521400
11/25/2025,BOLT,1060,1060,1050,1050,14600
11/25/2025,BOSS,0,0,0,0,0
11/25/2025,BPFI,314,324,314,324,34500
11/25/2025,BPII,515,520,510,510,118100
11/25/2025,BPTR,91,94,91,91,51800
11/25/2025,BRAM,5000,5000,4800,4850,20500
11/25/2025,BREN,10125,10125,9625,9650,34782900
11/25/2025,BRIS,2400,2410,2370,2390,11256900
11/25/2025,BRISBQCZ5A,6,6,5,5,467800
11/25/2025,BRISDRCJ6A,24,24,23,23,13700
11/25/2025,BRISHDCH6A,0,0,0,0,0
11/25/2025,BRISHDCZ5A,0,0,0,0,0
11/25/2025,BRISYUCN6A,0,0,0,0,0
11/25/2025,BRISZPCG6A,0,0,0,0,0
11/25/2025,BRMS,1025,1025,975,975,716399500
11/25/2025,BRMSBQCZ5A,264,264,264,264,6700
11/25/2025,BRMSDRCG6A,45,45,39,40,4292100
11/25/2025,BRMSDRCJ6A,188,188,178,178,666100
11/25/2025,BRMSDRPG6A,20,21,20,21,1476500
11/25/2025,BRMSHDCH6A,290,290,290,290,100
11/25/2025,BRMSHDCZ5A,0,0,0,0,0
11/25/2025,BRMSYUCN6A,93,93,86,86,376300
11/25/2025,BRMSZPCG6A,0,0,0,0,0
11/25/2025,BRMSZPCN6A,50,50,45,46,1832100
11/25/2025,BRNA,740,740,720,725,15800
11/25/2025,BRPT,3540,3540,3380,3430,118096700
11/25/2025,BRPTBQCF6A,42,42,38,39,65846800
11/25/2025,BRPTBQCH6A,57,58,57,58,3212500
11/25/2025,BRPTBQCK6A,72,72,69,69,2700
11/25/2025,BRPTBQCX5B,212,212,194,194,97000
11/25/2025,BRPTBQCZ5A,0,0,0,0,0
11/25/2025,BRPTDRCF6A,356,356,346,350,404100
11/25/2025,BRPTDRCH6A,72,72,60,60,23000
11/25/2025,BRPTDRCJ6A,189,192,189,192,600
11/25/2025,BRPTDRPG6A,48,52,48,51,568300
11/25/2025,BRPTHDCH6A,278,278,278,278,1000
11/25/2025,BRPTHDCH6B,0,0,0,0,0
11/25/2025,BRPTHDPG6A,55,57,55,56,25000
11/25/2025,BRPTYUCZ5A,188,188,188,188,1000
11/25/2025,BRPTZPCF6A,0,0,0,0,0
11/25/2025,BRPTZPCK6A,75,75,71,72,912300
11/25/2025,BRPTZPCN6A,78,78,76,76,32700
11/25/2025,BRPTZPCX5A,0,0,0,0,0
11/25/2025,BRRC,149,149,143,146,26013500
11/25/2025,BRRC-W,17,18,16,17,12174600
11/25/2025,BSBK,69,70,68,68,31713000
11/25/2025,BSDE,945,950,935,940,8308600
11/25/2025,BSDEBQCK6A,0,0,0,0,0
11/25/2025,BSDEDRCG6A,0,0,0,0,0
11/25/2025,BSDEDRCJ6A,25,25,25,25,238200
11/25/2025,BSDEHDCM6A,0,0,0,0,0
11/25/2025,BSDEYUCN6A,0,0,0,0,0
11/25/2025,BSDEZPCH6A,39,39,39,39,700
11/25/2025,BSDEZPCN6A,0,0,0,0,0
11/25/2025,BSIM,870,870,860,865,5400
11/25/2025,BSML,224,234,220,232,39257100
11/25/2025,BSSR,3940,3940,3920,3930,345400
11/25/2025,BSWD,900,900,900,900,500
11/25/2025,BTEK,15,15,14,14,124220900
11/25/2025,BTEL,0,0,0,0,0
11/25/2025,BTON,388,388,380,388,10100
11/25/2025,BTPN,2120,2150,2100,2150,22300
11/25/2025,BTPS,1375,1380,1350,1355,7026300
11/25/2025,BTPSDRCK6A,37,37,33,33,400
11/25/2025,BTPSHDCJ6A,0,0,0,0,0
11/25/2025,BTPSYUCN6A,0,0,0,0,0
11/25/2025,BTPSZPCH6A,0,0,0,0,0
11/25/2025,BUAH,695,700,685,690,248100
11/25/2025,BUDI,224,226,216,224,847100
11/25/2025,BUKA,172,174,168,168,185851500
11/25/2025,BUKABQCZ5B,9,9,8,8,4742800
11/25/2025,BUKADRCK6A,14,15,14,14,537600
11/25/2025,BUKAHDCN6A,0,0,0,0,0
11/25/2025,BUKAHDCZ5A,100,100,100,100,100
11/25/2025,BUKAYUCN6A,0,0,0,0,0
11/25/2025,BUKAZPCM6A,35,35,34,34,800
11/25/2025,BUKK,2400,2750,2100,2250,2330600
11/25/2025,BULL,306,350,288,288,1077079500
11/25/2025,BUMI,220,242,220,236,13274853700
11/25/2025,BUVA,1160,1410,1150,1375,566726900
11/25/2025,BVIC,106,107,104,106,7258000
11/25/2025,BVIC-W,21,21,19,20,265300
11/25/2025,BWPT,166,166,158,159,277994500
11/25/2025,BYAN,17525,17525,17275,17375,56500
11/25/2025,CAKK,176,183,174,179,2379100
11/25/2025,CAMP,218,218,214,216,520500
11/25/2025,CANI,46,46,43,43,162400
11/25/2025,CARE,360,386,354,384,31273400
11/25/2025,CARS,125,130,123,126,37509700
11/25/2025,CASA,1085,1285,1080,1220,2809800
11/25/2025,CASH,110,112,107,108,1385400
11/25/2025,CASS,2880,2890,2810,2870,90800
11/25/2025,CBDK,6525,6825,6475,6675,13038300
11/25/2025,CBMF,0,0,0,0,0
11/25/2025,CBPE,320,332,316,322,352800
11/25/2025,CBRE,1090,1100,1055,1055,25510800
11/25/2025,CBUT,1500,1500,1440,1490,484300
11/25/2025,CCSI,346,348,338,344,434700
11/25/2025,CDIA,1860,1870,1820,1820,87113000
11/25/2025,CEKA,2520,2520,2440,2480,8300
11/25/2025,CENT,149,149,140,142,35469500
11/25/2025,CFIN,328,332,326,330,1329900
11/25/2025,CGAS,168,179,166,175,20495200
11/25/2025,CHEK,184,186,181,185,7555400
11/25/2025,CHEM,109,110,108,110,8732100
11/25/2025,CHIP,1395,1405,1380,1400,153500
11/25/2025,CINT,216,224,200,216,2462800
11/25/2025,CITA,4180,4200,4130,4180,359100
11/25/2025,CITY,183,187,174,180,3003700
11/25/2025,CLAY,2690,2700,2580,2600,640100
11/25/2025,CLEO,520,520,510,510,3672300
11/25/2025,CLPI,1580,1580,1540,1545,38400
11/25/2025,CMNP,1360,1360,1325,1345,589900
11/25/2025,CMNT,780,785,770,780,21484500
11/25/2025,CMPP,91,91,91,91,576900
11/25/2025,CMRY,6000,6000,5825,5950,3359200
11/25/2025,CMRYDRCK6A,0,0,0,0,0
11/25/2025,CMRYHDCN6A,0,0,0,0,0
11/25/2025,CMRYZPCJ6A,0,0,0,0,0
11/25/2025,CNKO,46,50,46,50,51243800
11/25/2025,CNMA,115,115,113,114,17089900
11/25/2025,CNTB,0,0,0,0,0
11/25/2025,CNTX,0,0,0,0,0
11/25/2025,COAL,63,63,62,63,22233500
11/25/2025,COCO,404,412,402,404,38043200
11/25/2025,COIN,3360,3560,3320,3550,92429600
11/25/2025,COWL,0,0,0,0,0
11/25/2025,CPIN,4730,4760,4700,4710,8177800
11/25/2025,CPINDRCG6A,55,55,55,55,2000
11/25/2025,CPINHDCN6A,60,60,60,60,3000
11/25/2025,CPINZPCJ6A,0,0,0,0,0
11/25/2025,CPINZPCN6A,45,45,45,45,20000
11/25/2025,CPRI,0,0,0,0,0
11/25/2025,CPRO,64,67,64,66,233798500
11/25/2025,CRAB,286,290,282,284,4814200
11/25/2025,CRSN,168,181,152,180,44081500
11/25/2025,CSAP,328,346,326,334,585400
11/25/2025,CSIS,474,488,432,436,73527800
11/25/2025,CSMI,286,294,262,270,37323000
11/25/2025,CSRA,915,945,910,930,1959100
11/25/2025,CTBN,5300,5300,5300,5300,1400
11/25/2025,CTRA,860,865,850,855,17087900
11/25/2025,CTRADRCJ6A,0,0,0,0,0
11/25/2025,CTRAHDCK6A,0,0,0,0,0
11/25/2025,CTRAYUCZ5A,0,0,0,0,0
11/25/2025,CTRAZPCG6A,0,0,0,0,0
11/25/2025,CTTH,89,96,89,95,7159400
11/25/2025,CUAN,2400,2410,2260,2350,155865800
11/25/2025,CYBR,1405,1450,1380,1435,13411500
11/25/2025,CYBR-W,1000,1080,1000,1080,8800
11/25/2025,DAAZ,2510,2520,2300,2330,1313000
11/25/2025,DADA,50,50,50,50,3153300
11/25/2025,DART,185,185,180,184,428700
11/25/2025,DATA,4500,4540,4150,4150,11948700
11/25/2025,DAYA,1530,1550,1500,1540,7800
11/25/2025,DCII,260000,260000,259875,259875,900
11/25/2025,DEAL,0,0,0,0,0
11/25/2025,DEFI,0,0,0,0,0
11/25/2025,DEPO,264,320,250,320,22369500
11/25/2025,DEWA,416,432,412,418,1108746800
11/25/2025,DEWI,137,139,132,139,44279400
11/25/2025,DFAM,86,86,80,83,6471200
11/25/2025,DGIK,113,116,112,113,4159800
11/25/2025,DGNS,196,240,187,192,119990000
11/25/2025,DGWG,392,396,384,392,11262000
11/25/2025,DIGI,34,34,34,34,266500
11/25/2025,DILD,137,139,137,139,13521600
11/25/2025,DIVA,186,186,180,183,1468300
11/25/2025,DKFT,725,730,710,715,13552300
11/25/2025,DKHH,88,89,86,87,8322800
11/25/2025,DKHH-W,16,17,16,17,931200
11/25/2025,DLTA,2090,2120,2050,2060,77900
11/25/2025,DMAS,132,132,131,132,15732900
11/25/2025,DMMX,398,404,388,392,4284500
11/25/2025,DMND,620,625,610,625,181300
11/25/2025,DNAR,160,184,155,184,226388900
11/25/2025,DNET,9025,9025,8925,8925,2200
11/25/2025,DOID,328,330,326,326,2244100
11/25/2025,DOOH,238,258,218,226,1108538300
11/25/2025,DOSS,175,182,168,173,5146000
11/25/2025,DPNS,0,0,0,0,0
11/25/2025,DPUM,75,90,73,78,86982300
11/25/2025,DRMA,1055,1070,1050,1050,2050000
11/25/2025,DSFI,93,95,91,92,21366400
11/25/2025,DSNG,1675,1685,1615,1615,24547600
11/25/2025,DSNGDRCK6A,0,0,0,0,0
11/25/2025,DSNGHDCK6A,78,78,77,77,62800
11/25/2025,DSNGZPCM6A,44,44,44,44,1100
11/25/2025,DSSA,102650,107200,102500,107200,2160600
11/25/2025,DUCK,0,0,0,0,0
11/25/2025,DUTI,4300,4300,4300,4300,100
11/25/2025,DVLA,1660,1660,1650,1655,17000
11/25/2025,DWGL,368,368,354,354,5768400
11/25/2025,DYAN,87,88,86,87,1030000
11/25/2025,EAST,94,94,92,93,1469600
11/25/2025,ECII,187,187,184,185,272800
11/25/2025,EDGE,4810,4810,4510,4720,83200
11/25/2025,EKAD,189,189,186,187,106500
11/25/2025,ELIT,189,190,181,185,15328000
11/25/2025,ELPI,695,700,680,695,619800
11/25/2025,ELSA,520,520,505,515,20164500
11/25/2025,ELSADRCG6A,21,21,21,21,20000
11/25/2025,ELSADRCJ6A,32,32,32,32,1900
11/25/2025,ELSAHDCK6A,35,36,35,36,101200
11/25/2025,ELSAZPCG6A,29,29,29,29,400
11/25/2025,ELSAZPCN6A,22,22,22,22,5000
11/25/2025,ELTY,20,20,19,19,34166500
11/25/2025,EMAS,3680,3790,3670,3690,15103400
11/25/2025,EMDE,98,98,95,97,3103300
11/25/2025,EMTK,1335,1370,1245,1255,421288200
11/25/2025,EMTKBQCH6A,30,34,25,26,12905100
11/25/2025,EMTKBQCZ5A,0,0,0,0,0
11/25/2025,EMTKDRCH6A,80,80,61,61,179900
11/25/2025,EMTKDRCK6A,60,64,52,52,2690000
11/25/2025,EMTKHDCK6A,84,86,70,70,570700
11/25/2025,EMTKHDCZ5A,266,268,256,260,700
11/25/2025,EMTKYUCN6A,62,63,62,63,75000
11/25/2025,EMTKZPCH6A,160,172,154,154,254900
11/25/2025,EMTKZPCM6A,53,53,44,45,1398400
11/25/2025,ENAK,690,690,675,685,444300
11/25/2025,ENRG,1005,1005,970,995,110797900
11/25/2025,ENRGBQCZ5A,0,0,0,0,0
11/25/2025,ENRGDRCG6A,31,33,31,31,499900
11/25/2025,ENRGDRCJ6A,181,182,181,182,116800
11/25/2025,ENRGHDCK6A,98,98,98,98,10000
11/25/2025,ENRGHDCZ5A,0,0,0,0,0
11/25/2025,ENRGYUCN6A,72,72,72,72,15000
11/25/2025,ENRGZPCG6A,0,0,0,0,0
11/25/2025,ENRGZPCK6A,54,54,52,53,5200
11/25/2025,ENVY,0,0,0,0,0
11/25/2025,ENZO,38,38,38,38,334200
11/25/2025,EPAC,27,27,25,26,2371100
11/25/2025,EPMT,2340,2350,2320,2350,16500
11/25/2025,ERAA,408,414,406,412,54335400
11/25/2025,ERAABQCZ5A,1,2,1,1,127900
11/25/2025,ERAADRCJ6A,7,8,6,7,8742500
11/25/2025,ERAAHDCN6A,36,36,36,36,892000
11/25/2025,ERAAHDCZ5A,0,0,0,0,0
11/25/2025,ERAAZPCH6A,0,0,0,0,0
11/25/2025,ERAL,290,296,288,292,9958800
11/25/2025,ERTX,172,173,171,173,290000
11/25/2025,ESIP,116,116,115,116,6880800
11/25/2025,ESSA,640,640,625,625,13115000
11/25/2025,ESSABQCZ5A,17,17,16,17,608500
11/25/2025,ESSADRCN6A,30,30,30,30,1300
11/25/2025,ESSAHDCH6A,0,0,0,0,0
11/25/2025,ESSAYUCZ5A,21,21,21,21,9600
11/25/2025,ESSAZPCK6A,0,0,0,0,0
11/25/2025,ESTA,256,260,244,252,3707200
11/25/2025,ESTI,185,185,185,185,1549400
11/25/2025,ETWA,0,0,0,0,0
11/25/2025,EURO,324,326,308,312,565200
11/25/2025,EXCL,2760,2770,2720,2750,11463300
11/25/2025,EXCLHDCJ6A,28,28,28,28,17800
11/25/2025,EXCLZPCF6A,0,0,0,0,0
11/25/2025,EXCLZPCM6A,0,0,0,0,0
11/25/2025,EXCLZPCN6A,0,0,0,0,0
11/25/2025,FAPA,6100,6150,6100,6150,10200
11/25/2025,FAST,570,575,535,555,12733200
11/25/2025,FASW,0,0,0,0,0
11/25/2025,FILM,7325,7500,7025,7500,16575400
11/25/2025,FIMP,0,0,0,0,0
11/25/2025,FIRE,95,99,94,97,29028900
11/25/2025,FISH,1450,1470,1400,1400,61300
11/25/2025,FITT,745,780,730,740,679100
11/25/2025,FLMC,226,234,214,214,1271200
11/25/2025,FMII,340,342,316,326,2277000
11/25/2025,FOLK,326,328,316,320,4763200
11/25/2025,FOOD,322,322,296,296,450600
11/25/2025,FORE,515,515,505,510,2104800
11/25/2025,FORU,1110,1110,990,1045,385500
11/25/2025,FPNI,845,845,845,845,4549400
11/25/2025,FUJI,905,1000,785,865,23177100
11/25/2025,FUTR,650,655,630,635,44730600
11/25/2025,FWCT,146,146,143,146,5334500
11/25/2025,GAMA,0,0,0,0,0
11/25/2025,GDST,117,118,116,118,474400
11/25/2025,GDYR,1110,1115,1100,1115,12300
11/25/2025,GEMA,94,95,92,93,4037400
11/25/2025,GEMS,8975,8975,8900,8925,54200
11/25/2025,GGRM,15400,15450,15075,15400,880500
11/25/2025,GGRMZPCG6A,170,170,164,167,1210100
11/25/2025,GGRP,252,272,240,252,8988600
11/25/2025,GHON,1700,1720,1700,1710,1600
11/25/2025,GIAA,103,103,103,103,54767800
11/25/2025,GJTL,1055,1060,1045,1045,3599500
11/25/2025,GJTLZPCJ6A,20,23,20,23,2006000
11/25/2025,GLOB,0,0,0,0,0
11/25/2025,GLVA,424,428,410,426,89800
11/25/2025,GMFI,81,81,81,81,8723600
11/25/2025,GMTD,2500,2500,2400,2410,13300
11/25/2025,GOLD,312,314,310,312,67100
11/25/2025,GOLF,202,202,200,200,418200
11/25/2025,GOLL,0,0,0,0,0
11/25/2025,GOOD,380,382,374,374,304600
11/25/2025,GOTO,66,66,64,65,2198091500
11/25/2025,GOTOBQCJ6A,8,9,8,8,6188000
11/25/2025,GOTOBQCQ6A,10,11,10,11,2517100
11/25/2025,GOTOBQCZ5A,2,3,1,2,5102900
11/25/2025,GOTODRCG6A,8,9,8,8,1536400
11/25/2025,GOTOHDCK6A,19,19,18,19,78600
11/25/2025,GOTOM,0,0,0,0,0
11/25/2025,GOTOZPCH6A,23,23,23,23,300
11/25/2025,GOTOZPCK6A,14,14,13,13,23500
11/25/2025,GPRA,134,138,134,137,22209800
11/25/2025,GPSO,710,740,700,705,2692300
11/25/2025,GRIA,97,99,96,97,2246000
11/25/2025,GRPH,63,70,63,69,47626000
11/25/2025,GRPM,59,62,59,61,1960100
11/25/2025,GRPM-W,15,15,14,15,1293800
11/25/2025,GSMF,111,112,105,108,9609300
11/25/2025,GTBO,208,208,200,206,566000
11/25/2025,GTRA,340,340,330,336,3589000
11/25/2025,GTSI,137,143,132,133,527845900
11/25/2025,GULA,352,366,320,340,2225300
11/25/2025,GUNA,284,286,280,282,1817600
11/25/2025,GWSA,155,155,148,149,1194700
11/25/2025,GZCO,314,316,306,308,79120600
11/25/2025,HADE,24,24,23,23,716100
11/25/2025,HAIS,224,258,222,244,35476900
11/25/2025,HAJJ,118,119,115,117,13795500
11/25/2025,HAJJ-W,14,15,14,15,996400
11/25/2025,HALO,109,111,105,107,769118400
11/25/2025,HALO-W,15,16,14,15,6104500
11/25/2025,HATM,386,388,378,386,21106800
11/25/2025,HBAT,246,270,244,262,5474800
11/25/2025,HDFA,166,168,166,166,166800
11/25/2025,HDIT,60,60,57,59,11236800
11/25/2025,HEAL,1420,1440,1410,1435,19614100
11/25/2025,HEALBQCZ5A,3,4,3,3,1962200
11/25/2025,HEALDRCJ6A,21,22,21,22,350100
11/25/2025,HEALHDCH6A,0,0,0,0,0
11/25/2025,HEALYUCZ5A,9,9,9,9,30300
11/25/2025,HEALZPCH6A,0,0,0,0,0
11/25/2025,HEALZPCN6A,0,0,0,0,0
11/25/2025,HELI,238,238,234,236,426900
11/25/2025,HERO,490,490,484,486,58000
11/25/2025,HEXA,4600,4610,4570,4580,189100
11/25/2025,HGII,164,166,163,163,8929800
11/25/2025,HILL,158,159,156,156,656000
11/25/2025,HITS,0,0,0,0,0
11/25/2025,HKMU,0,0,0,0,0
11/25/2025,HMSP,840,850,825,830,61047100
11/25/2025,HOKI,75,76,74,75,84849000
11/25/2025,HOME,0,0,0,0,0
11/25/2025,HOMI,488,510,488,496,2101800
11/25/2025,HOPE,135,137,132,133,6820500
11/25/2025,HOTL,0,0,0,0,0
11/25/2025,HRME,39,39,38,38,19500
11/25/2025,HRTA,1435,1455,1415,1425,25407600
11/25/2025,HRUM,995,1015,990,1005,12892400
11/25/2025,HRUMDRCN6A,28,28,27,28,10003400
11/25/2025,HRUMHDCK6A,33,33,32,32,3300
11/25/2025,HRUMZPCG6A,41,41,41,41,100
11/25/2025,HRUMZPCM6A,24,24,23,24,7300
11/25/2025,HUMI,134,143,131,140,389035900
11/25/2025,HUMI-W,21,22,20,22,35790000
11/25/2025,HYGN,160,161,159,161,230100
11/25/2025,IATA,93,93,89,89,32946000
11/25/2025,IBFN,88,88,88,88,1524800
11/25/2025,IBOS,71,72,64,64,66322600
11/25/2025,IBST,5200,5200,4740,4740,200
11/25/2025,ICBP,8450,8600,8450,8575,36155100
11/25/2025,ICBPDRCX6A,3110,3170,3090,3170,6500
11/25/2025,ICBPDRCX6B,55,55,54,55,424200
11/25/2025,ICBPHDCJ6A,17,18,16,18,1138900
11/25/2025,ICBPZPCX5A,1,2,1,1,13277900
11/25/2025,ICON,60,60,60,60,5591400
11/25/2025,IDEA,75,80,74,78,28937700
11/25/2025,IDPR,300,306,282,290,1026800
11/25/2025,IFII,226,242,224,232,650400
11/25/2025,IFSH,795,805,795,805,5900
11/25/2025,IGAR,560,560,540,555,426200
11/25/2025,IIKP,0,0,0,0,0
11/25/2025,IKAI,14,14,13,13,132679000
11/25/2025,IKAN,113,117,112,114,20359000
11/25/2025,IKBI,565,575,550,555,443700
11/25/2025,IKPM,240,242,236,240,1234100
11/25/2025,IMAS,1165,1170,1150,1170,755700
11/25/2025,IMJS,248,250,240,242,19747800
11/25/2025,IMPC,2900,3190,2810,3180,127188000
11/25/2025,INAF,0,0,0,0,0
11/25/2025,INAI,156,156,149,154,255300
11/25/2025,INCF,52,52,52,52,2559400
11/25/2025,INCI,645,645,640,640,43300
11/25/2025,INCO,3890,3920,3810,3830,11931100
11/25/2025,INCOBQCF6A,0,0,0,0,0
11/25/2025,INCOBQCJ6A,0,0,0,0,0
11/25/2025,INCOBQCN6A,72,72,72,72,40000
11/25/2025,INCODRCG6A,36,36,35,35,61500
11/25/2025,INCODRCK6A,61,61,59,59,16600
11/25/2025,INCOHDCJ6A,72,72,72,72,10000
11/25/2025,INCOYUCZ5A,0,0,0,0,0
11/25/2025,INCOZPCK6A,33,33,33,33,500
11/25/2025,INCOZPCN6A,56,56,56,56,100000
11/25/2025,INCOZPCX5A,147,147,147,147,13600
11/25/2025,INDF,7325,7350,7175,7250,7894800
11/25/2025,INDFDRCX6A,3600,3600,3600,3600,3400
11/25/2025,INDFDRCX6B,0,0,0,0,0
11/25/2025,INDFHDCJ6A,0,0,0,0,0
11/25/2025,INDO,310,310,302,304,17505300
11/25/2025,INDR,2800,2840,2750,2800,2400
11/25/2025,INDS,224,226,222,226,127700
11/25/2025,INDX,167,171,165,169,5284800
11/25/2025,INDY,1800,1830,1760,1770,14789400
11/25/2025,INDYDRCN6A,60,60,56,56,245900
11/25/2025,INDYHDCJ6A,0,0,0,0,0
11/25/2025,INDYHDCN6A,0,0,0,0,0
11/25/2025,INDYYUCN6A,79,79,79,79,10000
11/25/2025,INDYZPCG6A,0,0,0,0,0
11/25/2025,INDYZPCN6A,26,26,23,23,310800
11/25/2025,INET,0,0,0,0,0
11/25/2025,INET-W,0,0,0,0,0
11/25/2025,INKP,7675,7950,7575,7900,11893800
11/25/2025,INKPBQCX5A,6,14,4,12,20071200
11/25/2025,INKPDRCF6A,160,160,160,160,44100
11/25/2025,INKPDRCG6A,55,55,55,55,30000
11/25/2025,INKPHDCK6A,113,113,113,113,100
11/25/2025,INKPYUCN6A,86,93,86,91,1518800
11/25/2025,INKPZPCF6A,72,72,72,72,402200
11/25/2025,INKPZPCK6A,30,30,28,30,147400
11/25/2025,INOV,141,141,137,139,2452200
11/25/2025,INPC,151,154,151,152,3383300
11/25/2025,INPP,660,675,660,675,1900
11/25/2025,INPS,185,187,185,187,1030700
11/25/2025,INRU,730,735,680,725,158300
11/25/2025,INTA,57,57,57,57,2611900
11/25/2025,INTD,224,236,216,220,141100
11/25/2025,INTP,6700,6700,6525,6575,900300
11/25/2025,INTPDRCN6A,63,63,62,62,4200
11/25/2025,INTPHDCM6A,0,0,0,0,0
11/25/2025,INTPZPCG6A,0,0,0,0,0
11/25/2025,INTPZPCM6A,0,0,0,0,0
11/25/2025,IOTF,90,91,87,87,42364500
11/25/2025,IPAC,200,206,197,198,226200
11/25/2025,IPCC,1295,1445,1295,1410,18372400
11/25/2025,IPCM,332,354,330,340,10356400
11/25/2025,IPOL,125,127,122,124,1402000
11/25/2025,IPPE,0,0,0,0,0
11/25/2025,IPTV,39,40,39,40,5965100
11/25/2025,IRRA,444,448,430,444,1720600
11/25/2025,IRSX,358,358,358,358,26332600
11/25/2025,ISAP,31,31,29,30,35857200
11/25/2025,ISAP-W,15,15,14,15,11855600
11/25/2025,ISAT,2180,2260,2170,2260,23118400
11/25/2025,ISATBQCF6A,31,32,31,32,400000
11/25/2025,ISATBQCJ6A,54,59,54,59,220200
11/25/2025,ISATDRCG6A,58,61,58,61,47600
11/25/2025,ISATHDCJ6A,23,27,22,27,3389300
11/25/2025,ISATZPCF6A,0,0,0,0,0
11/25/2025,ISEA,98,100,96,97,11687400
11/25/2025,ISSP,442,442,422,428,2214200
11/25/2025,ITIC,418,448,416,426,12964300
11/25/2025,ITMA,1455,1600,1405,1585,17941900
11/25/2025,ITMG,22250,22275,22100,22100,788400
11/25/2025,ITMGDRCV6A,135,135,135,135,3000
11/25/2025,ITMGHDCJ6A,130,130,129,129,10000
11/25/2025,ITMGZPCJ6A,54,54,54,54,10000
11/25/2025,JARR,3460,3490,3380,3400,7309600
11/25/2025,JAST,103,103,99,101,14488800
11/25/2025,JATI,147,155,142,151,65057300
11/25/2025,JAWA,166,167,164,166,1574800
11/25/2025,JAYA,110,112,109,111,1340800
11/25/2025,JECC,1135,1160,1130,1145,264100
11/25/2025,JGLE,19,19,19,19,8924100
11/25/2025,JIHD,580,585,570,580,628700
11/25/2025,JKON,87,88,86,86,10751400
11/25/2025,JMAS,151,156,150,153,900800
11/25/2025,JPFA,2450,2450,2370,2380,16333400
11/25/2025,JPFABQCZ5A,0,0,0,0,0
11/25/2025,JPFADRCH6A,37,37,35,35,115300
11/25/2025,JPFADRCJ6A,0,0,0,0,0
11/25/2025,JPFAHDCN6A,0,0,0,0,0
11/25/2025,JPFAHDCZ5A,0,0,0,0,0
11/25/2025,JPFAYUCN6A,0,0,0,0,0
11/25/2025,JPFAZPCG6A,180,180,180,180,215900
11/25/2025,JPFAZPCN6A,23,24,23,24,463800
11/25/2025,JRPT,1030,1095,995,1030,478200
11/25/2025,JSKY,0,0,0,0,0
11/25/2025,JSMR,3540,3560,3520,3540,2629100
11/25/2025,JSMRDRCH6A,0,0,0,0,0
11/25/2025,JSMRDRCK6A,0,0,0,0,0
11/25/2025,JSMRHDCH6A,0,0,0,0,0
11/25/2025,JSMRZPCG6A,0,0,0,0,0
11/25/2025,JSPT,3970,4100,3610,3690,341600
11/25/2025,JTPE,390,396,388,396,6409700
11/25/2025,KAEF,565,575,560,565,1622000
11/25/2025,KAQI,69,70,66,67,12069000
11/25/2025,KARW,440,440,438,438,393900
11/25/2025,KAYU,0,0,0,0,0
11/25/2025,KBAG,40,41,40,40,9861400
11/25/2025,KBLI,334,336,330,336,200800
11/25/2025,KBLM,360,360,354,356,4000
11/25/2025,KBLV,218,220,210,212,29558500
11/25/2025,KBRI,0,0,0,0,0
11/25/2025,KDSI,462,464,454,462,185700
11/25/2025,KDTN,0,0,0,0,0
11/25/2025,KEEN,1125,1135,1100,1100,10818500
11/25/2025,KEJU,725,730,700,720,766700
11/25/2025,KETR,595,600,530,545,51005400
11/25/2025,KIAS,0,0,0,0,0
11/25/2025,KICI,250,252,244,252,443700
11/25/2025,KIJA,185,185,182,183,18661700
11/25/2025,KING,208,210,204,210,271500
11/25/2025,KING-W,10,11,10,11,1445300
11/25/2025,KINO,1285,1285,1270,1285,20300
11/25/2025,KIOS,80,83,79,79,17237500
11/25/2025,KJEN,276,282,270,274,5043800
11/25/2025,KKES,29,29,28,28,752800
11/25/2025,KKGI,332,332,328,328,1855700
11/25/2025,KLAS,136,137,134,135,5654700
11/25/2025,KLBF,1180,1240,1175,1230,382404300
11/25/2025,KLBFBQCF6A,17,21,16,21,8210800
11/25/2025,KLBFBQCJ6A,34,38,33,38,40100
11/25/2025,KLBFDRCG6A,10,13,10,13,18720800
11/25/2025,KLBFHDCK6A,58,58,58,58,140000
11/25/2025,KLBFZPCF6A,12,13,12,12,562700
11/25/2025,KLBFZPCJ6A,17,20,17,20,241700
11/25/2025,KLIN,170,174,167,174,97500
11/25/2025,KMDS,700,700,685,690,203000
11/25/2025,KMTR,278,278,274,276,107700
11/25/2025,KOBX,182,184,180,181,2914100
11/25/2025,KOCI,91,92,89,90,10649700
11/25/2025,KOCI-W,15,15,14,14,3222500
11/25/2025,KOIN,71,72,71,72,3000
11/25/2025,KOKA,298,312,280,282,43438700
11/25/2025,KONI,2280,2470,2280,2340,67100
11/25/2025,KOPI,308,312,304,306,428400
11/25/2025,KOTA,37,38,37,37,9477800
11/25/2025,KPIG,140,140,137,137,81682400
11/25/2025,KRAS,390,412,388,402,110453400
11/25/2025,KREN,16,16,16,16,15398300
11/25/2025,KRYA,186,188,182,186,11207600
11/25/2025,KSIX,406,408,400,404,949400
11/25/2025,KUAS,68,91,67,91,671250900
11/25/2025,LABA,204,218,198,200,100308700
11/25/2025,LABS,159,159,145,147,8948800
11/25/2025,LAJU,68,71,68,69,17537900
11/25/2025,LAND,35,35,33,34,1008200
11/25/2025,LAPD,224,224,216,218,13169500
11/25/2025,LCGP,0,0,0,0,0
11/25/2025,LCKM,272,284,254,258,742500
11/25/2025,LEAD,78,79,77,78,13001800
11/25/2025,LFLO,0,0,0,0,0
11/25/2025,LIFE,8950,8975,8750,8750,17000
11/25/2025,LINK,3320,3500,3300,3330,50600
11/25/2025,LION,440,440,422,424,394100
11/25/2025,LIVE,200,200,189,191,3789900
11/25/2025,LMAS,0,0,0,0,0
11/25/2025,LMAX,81,82,79,80,2182300
11/25/2025,LMPI,154,155,152,154,178200
11/25/2025,LMSH,0,0,0,0,0
11/25/2025,LOPI,119,124,106,106,21993200
11/25/2025,LPCK,590,590,565,570,240800
11/25/2025,LPGI,820,835,800,815,62500
11/25/2025,LPIN,458,458,450,458,57800
11/25/2025,LPKR,88,91,87,90,68826800
11/25/2025,LPLI,456,462,448,460,608800
11/25/2025,LPPF,1695,1710,1680,1695,1162300
11/25/2025,LPPS,142,142,139,140,13322700
11/25/2025,LRNA,181,182,176,180,59000
11/25/2025,LSIP,1380,1385,1355,1375,4114600
11/25/2025,LSIPDRCK6A,0,0,0,0,0
11/25/2025,LSIPHDCJ6A,0,0,0,0,0
11/25/2025,LSIPYUCZ5A,0,0,0,0,0
11/25/2025,LSIPZPCG6A,0,0,0,0,0
11/25/2025,LTLS,840,860,840,840,37200
11/25/2025,LUCK,120,121,117,117,4484200
11/25/2025,LUCY,125,134,125,134,510100
11/25/2025,MABA,0,0,0,0,0
11/25/2025,MAGP,0,0,0,0,0
11/25/2025,MAHA,143,143,141,143,1224200
11/25/2025,MAIN,810,830,805,815,4042700
11/25/2025,MANG,63,67,62,63,14663800
11/25/2025,MANG-W,22,23,21,21,7524700
11/25/2025,MAPA,735,740,710,715,10468600
11/25/2025,MAPABQCZ5A,14,14,12,12,100200
11/25/2025,MAPADRCJ6A,22,23,20,23,6200
11/25/2025,MAPAHDCZ5A,13,13,13,13,203900
11/25/2025,MAPAZPCH6A,0,0,0,0,0
11/25/2025,MAPB,1670,1670,1650,1650,900
11/25/2025,MAPI,1310,1320,1285,1290,13710200
11/25/2025,MAPIBQCK6A,32,33,32,32,692200
11/25/2025,MAPIDRCH6A,44,44,44,44,1000
11/25/2025,MAPIHDCK6A,76,76,76,76,7500
11/25/2025,MAPIZPCJ6A,50,50,50,50,1000
11/25/2025,MARI,31,31,31,31,2048300
11/25/2025,MARK,780,875,765,820,51634200
11/25/2025,MASB,3100,3150,3100,3150,2300
11/25/2025,MAXI,54,54,52,54,6708800
11/25/2025,MAYA,250,250,242,248,4461200
11/25/2025,MBAP,1615,1615,1600,1605,63400
11/25/2025,MBMA,555,585,550,585,340148200
11/25/2025,MBMABQCX5A,3,7,1,7,18662000
11/25/2025,MBMADRCG6A,11,13,9,13,13200200
11/25/2025,MBMAHDCH6A,0,0,0,0,0
11/25/2025,MBMAHDCN6A,67,67,66,66,510000
11/25/2025,MBMAYUCK6A,0,0,0,0,0
11/25/2025,MBMAZPCK6A,29,37,29,37,91800
11/25/2025,MBMAZPCN6A,20,21,20,21,211100
11/25/2025,MBMAZPCX5A,0,0,0,0,0
11/25/2025,MBSS,1385,1390,1365,1375,1084100
11/25/2025,MBTO,181,184,178,179,1957300
11/25/2025,MCAS,800,800,750,760,1758800
11/25/2025,MCOL,3820,3830,3760,3810,74300
11/25/2025,MCOR,72,73,71,72,4708100
11/25/2025,MDIA,32,32,31,32,1181700
11/25/2025,MDIY,1070,1070,1055,1055,1465800
11/25/2025,MDKA,2310,2320,2270,2300,23402700
11/25/2025,MDKABQCX5B,1,2,1,2,4145200
11/25/2025,MDKADRCG6A,43,43,43,43,2800
11/25/2025,MDKADRCK6A,0,0,0,0,0
11/25/2025,MDKAHDCN6A,61,61,61,61,100
11/25/2025,MDKAHDCZ5A,60,60,59,59,4700
11/25/2025,MDKAHDPH6A,100,100,100,100,20100
11/25/2025,MDKAHDPJ6A,51,51,51,51,100
11/25/2025,MDKAYUCK6A,0,0,0,0,0
11/25/2025,MDKAZPCF6A,0,0,0,0,0
11/25/2025,MDKI,197,202,195,197,3510700
11/25/2025,MDLA,262,266,248,252,30931200
11/25/2025,MDLN,60,63,58,61,45693400
11/25/2025,MDRN,38,38,37,37,5800200
11/25/2025,MEDC,1335,1350,1310,1325,41736900
11/25/2025,MEDCBQCX5B,1,2,1,2,20605300
11/25/2025,MEDCBQCZ5A,11,11,8,9,3185300
11/25/2025,MEDCDRCG6A,29,29,29,29,10000
11/25/2025,MEDCDRCH6A,67,67,67,67,100
11/25/2025,MEDCDRPG6A,0,0,0,0,0
11/25/2025,MEDCHDCH6A,0,0,0,0,0
11/25/2025,MEDCZPCF6A,31,31,29,29,78300
11/25/2025,MEDS,65,87,65,87,464132700
11/25/2025,MEGA,3280,3280,3250,3250,11500
11/25/2025,MEJA,114,117,105,112,70034500
11/25/2025,MEJA-W,49,50,44,47,28908600
11/25/2025,MENN,0,0,0,0,0
11/25/2025,MERI,204,208,204,206,553600
11/25/2025,MERK,3090,3160,3090,3100,38000
11/25/2025,META,0,0,0,0,0
11/25/2025,MFMI,0,0,0,0,0
11/25/2025,MGLV,1080,1155,1075,1155,1602600
11/25/2025,MGNA,108,108,108,108,1464700
11/25/2025,MGNA-W,86,86,82,82,24200
11/25/2025,MGRO,765,775,760,765,3529700
11/25/2025,MHKI,228,228,210,220,35609500
11/25/2025,MICE,620,625,605,620,162500
11/25/2025,MIDI,390,392,388,390,6683600
11/25/2025,MIKA,2440,2490,2430,2490,2970000
11/25/2025,MIKADRCV6A,0,0,0,0,0
11/25/2025,MIKAHDCN6A,0,0,0,0,0
11/25/2025,MIKAZPCG6A,0,0,0,0,0
11/25/2025,MINA,242,252,230,240,1097027700
11/25/2025,MINE,482,486,476,478,3311500
11/25/2025,MIRA,26,26,24,24,26270000
11/25/2025,MITI,292,298,286,288,3048500
11/25/2025,MKAP,340,342,338,342,72700
11/25/2025,MKNT,0,0,0,0,0
11/25/2025,MKPI,24225,24225,24175,24175,6200
11/25/2025,MKTR,153,156,151,153,2497300
11/25/2025,MLBI,5750,5750,5650,5650,1112100
11/25/2025,MLIA,338,338,334,338,3375300
11/25/2025,MLPL,149,150,143,143,160233100
11/25/2025,MLPT,73150,73950,72050,72300,9600
11/25/2025,MMIX,234,234,220,226,5118900
11/25/2025,MMLP,565,565,560,565,9122600
11/25/2025,MNCN,264,270,262,262,48147600
11/25/2025,MNCNDRCN6A,0,0,0,0,0
11/25/2025,MNCNHDCM6A,24,24,24,24,30000
11/25/2025,MNCNZPCM6A,11,11,11,11,10300
11/25/2025,MOLI,320,322,312,314,3567800
11/25/2025,MORA,0,0,0,0,0
11/25/2025,MPIX,69,69,67,68,2790700
11/25/2025,MPIX-W,11,11,10,11,380000
11/25/2025,MPMX,965,970,960,965,2900600
11/25/2025,MPOW,127,134,117,121,74650200
11/25/2025,MPPA,62,63,61,62,46318000
11/25/2025,MPRO,8950,9650,8725,9650,90900
11/25/2025,MPXL,228,230,224,230,1299300
11/25/2025,MRAT,394,396,374,382,1530000
11/25/2025,MREI,985,1005,960,1000,327300
11/25/2025,MSIE,49,50,48,50,3625800
11/25/2025,MSIN,460,460,412,432,112852800
11/25/2025,MSJA,294,302,294,296,3394900
11/25/2025,MSKY,82,85,79,82,24023300
11/25/2025,MSTI,1430,1430,1410,1410,1544100
11/25/2025,MTDL,610,610,595,600,4115700
11/25/2025,MTEL,575,580,575,580,6720700
11/25/2025,MTELDRCK6A,0,0,0,0,0
11/25/2025,MTELHDCM6A,0,0,0,0,0
11/25/2025,MTELZPCM6A,13,13,13,13,17800
11/25/2025,MTFN,15,15,15,15,39130800
11/25/2025,MTLA,448,456,434,446,44300
11/25/2025,MTMH,1150,1185,1140,1140,7900
11/25/2025,MTPS,0,0,0,0,0
11/25/2025,MTRA,0,0,0,0,0
11/25/2025,MTSM,0,0,0,0,0
11/25/2025,MTWI,362,362,360,362,48300
11/25/2025,MUTU,122,124,119,119,4170400
11/25/2025,MYOH,1545,1545,1510,1540,4000
11/25/2025,MYOR,2100,2140,2090,2100,19663900
11/25/2025,MYORDRCK6A,50,51,49,49,40400
11/25/2025,MYORHDCM6A,0,0,0,0,0
11/25/2025,MYORZPCH6A,0,0,0,0,0
11/25/2025,MYTX,0,0,0,0,0
11/25/2025,NAIK,126,126,122,123,13173400
11/25/2025,NAIK-W,20,22,20,21,681000
11/25/2025,NANO,55,55,52,52,14571000
11/25/2025,NASA,30,30,29,30,1690300
11/25/2025,NASI,103,107,102,103,7504500
11/25/2025,NATO,179,181,163,175,303779700
11/25/2025,NAYZ,74,74,67,69,37414800
11/25/2025,NCKL,955,1010,950,995,91474900
11/25/2025,NCKLBQCM6A,0,0,0,0,0
11/25/2025,NCKLDRCH6A,34,37,34,36,678900
11/25/2025,NCKLDRCK6A,31,31,31,31,109100
11/25/2025,NCKLHDCK6A,37,40,37,40,1204200
11/25/2025,NCKLYUCZ5A,0,0,0,0,0
11/25/2025,NCKLZPCJ6A,45,50,45,49,2135500
11/25/2025,NCKLZPCM6A,20,21,20,20,50800
11/25/2025,NELY,378,380,370,374,2468700
11/25/2025,NEST,348,356,344,352,12730000
11/25/2025,NETV,115,120,113,116,10008000
11/25/2025,NFCX,1675,1820,1625,1680,461700
11/25/2025,NICE,408,410,404,408,1529300
11/25/2025,NICK,1400,1400,1300,1310,6700
11/25/2025,NICL,1085,1095,1045,1065,19966600
11/25/2025,NIKL,364,380,354,364,5426200
11/25/2025,NINE,0,0,0,0,0
11/25/2025,NIRO,310,310,306,308,838800
11/25/2025,NISP,1390,1390,1375,1390,2729200
11/25/2025,NOBU,490,498,488,492,3064100
11/25/2025,NPGF,61,63,60,61,19078500
11/25/2025,NRCA,1270,1560,1270,1560,182476000
11/25/2025,NSSS,525,525,505,515,9335100
11/25/2025,NTBK,145,151,135,135,69757700
11/25/2025,NUSA,0,0,0,0,0
11/25/2025,NZIA,120,138,116,120,49989200
11/25/2025,OASA,236,238,228,230,34482200
11/25/2025,OBAT,422,428,422,426,1329400
11/25/2025,OBAT-W,85,85,82,82,120800
11/25/2025,OBMD,278,278,256,266,1460200
11/25/2025,OCAP,0,0,0,0,0
11/25/2025,OILS,262,264,250,254,16067700
11/25/2025,OKAS,145,146,142,143,3650500
11/25/2025,OLIV,120,120,101,113,44441300
11/25/2025,OMED,200,212,198,202,11207000
11/25/2025,OMRE,0,0,0,0,0
11/25/2025,OPMS,105,106,103,105,4071300
11/25/2025,PACK,2600,2620,2510,2520,3114000
11/25/2025,PADA,162,162,162,162,12192800
11/25/2025,PADI,75,76,75,76,16704100
11/25/2025,PALM,382,382,378,378,231200
11/25/2025,PAMG,67,67,66,66,2150000
11/25/2025,PANI,13900,14125,13875,13900,10875900
11/25/2025,PANIBQCZ5A,12,12,9,10,8482200
11/25/2025,PANIDRCG6A,53,54,51,52,8034500
11/25/2025,PANIHDCJ6A,87,90,86,87,215300
11/25/2025,PANIHDCN6A,78,79,77,77,2384700
11/25/2025,PANIHDCZ5A,99,100,96,97,2101900
11/25/2025,PANIZPCJ6A,57,57,51,53,14782800
11/25/2025,PANIZPCN6A,101,103,101,102,68400
11/25/2025,PANR,725,735,705,735,7356600
11/25/2025,PANS,1465,1480,1455,1480,248300
11/25/2025,PART,139,139,135,135,29591400
11/25/2025,PART-W,22,23,21,21,11495500
11/25/2025,PBID,490,490,484,488,488100
11/25/2025,PBRX,33,34,33,33,11046000
11/25/2025,PBSA,1445,1490,1340,1355,2833600
11/25/2025,PCAR,34,35,34,35,4724700
11/25/2025,PDES,600,610,600,610,68700
11/25/2025,PDPP,382,382,368,370,357800
11/25/2025,PEGE,168,186,168,184,44769800
11/25/2025,PEHA,324,324,320,322,25100
11/25/2025,PEVE,505,515,500,505,328100
11/25/2025,PGAS,1765,1765,1730,1735,25117400
11/25/2025,PGASBQCZ5A,25,25,25,25,70000
11/25/2025,PGASDRCG6A,55,55,55,55,3500
11/25/2025,PGASDRCG6B,0,0,0,0,0
11/25/2025,PGASHDCK6A,0,0,0,0,0
11/25/2025,PGASZPCJ6A,0,0,0,0,0
11/25/2025,PGEO,1200,1215,1190,1215,19224800
11/25/2025,PGEOBQCF6A,9,10,9,10,3741800
11/25/2025,PGEOBQCJ6A,0,0,0,0,0
11/25/2025,PGEOBQCX5B,1,2,1,1,54236700
11/25/2025,PGEODRCJ6A,17,17,17,17,1800
11/25/2025,PGEOHDCH6A,0,0,0,0,0
11/25/2025,PGEOHDCH6B,0,0,0,0,0
11/25/2025,PGEOHDPH6A,0,0,0,0,0
11/25/2025,PGEOYUCK6A,0,0,0,0,0
11/25/2025,PGEOZPCJ6A,0,0,0,0,0
11/25/2025,PGEOZPCM6A,0,0,0,0,0
11/25/2025,PGJO,1185,1185,1070,1070,7954900
11/25/2025,PGLI,366,438,356,370,7678400
11/25/2025,PGUN,12850,12850,12475,12575,72200
11/25/2025,PICO,250,254,246,248,1591300
11/25/2025,PIPA,272,278,260,260,55332300
11/25/2025,PJAA,515,520,515,520,40000
11/25/2025,PJHB,615,630,590,600,35908800
11/25/2025,PJHB-W,139,142,134,134,3428200
11/25/2025,PKPK,990,990,880,920,7529200
11/25/2025,PLAN,46,47,45,47,3235400
11/25/2025,PLAS,0,0,0,0,0
11/25/2025,PLIN,0,0,0,0,0
11/25/2025,PMJS,114,116,112,114,382200
11/25/2025,PMMP,0,0,0,0,0
11/25/2025,PMUI,147,154,144,148,16027000
11/25/2025,PNBN,1040,1040,1035,1040,3053900
11/25/2025,PNBS,55,56,54,54,10094000
11/25/2025,PNGO,3130,3130,3090,3100,29500
11/25/2025,PNIN,805,805,795,800,2264200
11/25/2025,PNLF,248,254,248,250,31723900
11/25/2025,PNLFBQCM6A,0,0,0,0,0
11/25/2025,PNLFDRCJ6A,0,0,0,0,0
11/25/2025,PNLFHDCZ5A,18,18,18,18,7500
11/25/2025,PNLFZPCH6A,0,0,0,0,0
11/25/2025,PNSE,730,745,700,730,19100
11/25/2025,POLA,34,36,34,36,1029000
11/25/2025,POLI,0,0,0,0,0
11/25/2025,POLL,0,0,0,0,0
11/25/2025,POLU,22675,23000,22650,23000,5500
11/25/2025,POLY,24,25,24,25,369200
11/25/2025,POOL,0,0,0,0,0
11/25/2025,PORT,1130,1170,1120,1140,48600
11/25/2025,POSA,0,0,0,0,0
11/25/2025,POWR,700,700,690,695,12910700
11/25/2025,PPGL,169,183,153,178,11643500
11/25/2025,PPRE,121,121,115,116,44435700
11/25/2025,PPRI,340,340,334,338,2761600
11/25/2025,PPRO,0,0,0,0,0
11/25/2025,PRAY,905,950,800,875,264900
11/25/2025,PRDA,2390,2410,2360,2380,654900
11/25/2025,PRIM,90,93,87,88,54047700
11/25/2025,PSAB,535,545,530,535,66666200
11/25/2025,PSAT,1350,1350,1330,1345,479900
11/25/2025,PSDN,105,106,104,105,1570500
11/25/2025,PSGO,218,220,212,220,2250500
11/25/2025,PSKT,176,180,171,180,37246600
11/25/2025,PSSI,344,352,344,348,185300
11/25/2025,PTBA,2330,2340,2300,2310,5470900
11/25/2025,PTBADRCG6A,12,12,11,11,328700
11/25/2025,PTBAHDCM6A,0,0,0,0,0
11/25/2025,PTBAYUCZ5A,0,0,0,0,0
11/25/2025,PTBAZPCH6A,25,25,25,25,25000
11/25/2025,PTDU,39,39,39,39,1362500
11/25/2025,PTIS,400,410,398,408,23800
11/25/2025,PTMP,91,91,88,88,7342500
11/25/2025,PTMR,0,0,0,0,0
11/25/2025,PTPP,366,370,360,366,9277700
11/25/2025,PTPS,206,208,200,204,19308300
11/25/2025,PTPW,990,990,970,970,30200
11/25/2025,PTRO,9825,10050,9525,9750,54413200
11/25/2025,PTRODRCG6A,378,418,372,390,3645900
11/25/2025,PTROHDCK6A,620,625,615,625,527400
11/25/2025,PTROHDCN6A,121,128,118,123,19590900
11/25/2025,PTROYUCK6A,585,585,570,570,10800
11/25/2025,PTROZPCK6A,298,312,292,304,12600
11/25/2025,PTROZPCN6A,148,159,147,151,320800
11/25/2025,PTSN,390,390,370,382,1341000
11/25/2025,PTSP,1175,1195,1110,1155,94400
11/25/2025,PUDP,0,0,0,0,0
11/25/2025,PURA,33,35,33,35,14986300
11/25/2025,PURE,0,0,0,0,0
11/25/2025,PURI,362,362,362,362,10155400
11/25/2025,PWON,356,358,352,354,28720400
11/25/2025,PWONDRCN6A,24,24,22,22,11600
11/25/2025,PWONHDCZ5A,0,0,0,0,0
11/25/2025,PWONZPCH6A,0,0,0,0,0
11/25/2025,PYFA,525,560,520,550,28344900
11/25/2025,PYFA-W,120,123,116,123,224700
11/25/2025,PZZA,232,236,228,232,1292000
11/25/2025,R-ABFII,0,0,0,0,0
11/25/2025,R-LQ45X,1027,1027,1025,1025,1900
11/25/2025,RAAM,240,242,238,238,3704000
11/25/2025,RAFI,38,38,35,35,13597400
11/25/2025,RAJA,5125,5450,5050,5425,91594300
11/25/2025,RAJADRCG6A,260,296,260,294,1559100
11/25/2025,RAJADRCH6A,61,73,59,71,2005400
11/25/2025,RAJAHDCK6A,256,268,248,268,41300
11/25/2025,RAJAYUCN6A,134,149,134,149,13200
11/25/2025,RAJAZPCK6A,127,140,126,138,558100
11/25/2025,RALS,436,444,434,440,5854700
11/25/2025,RANC,970,970,945,965,139600
11/25/2025,RATU,10050,10300,9925,10200,17076300
11/25/2025,RBMS,38,38,38,38,49400
11/25/2025,RCCC,196,204,195,204,7186300
11/25/2025,RDTX,0,0,0,0,0
11/25/2025,REAL,70,70,68,70,31975600
11/25/2025,RELF,43,44,42,42,3792600
11/25/2025,RELI,620,620,590,620,18700
11/25/2025,RGAS,101,101,99,100,2011500
11/25/2025,RICY,58,58,58,58,70200
11/25/2025,RIGS,760,780,750,765,19300
11/25/2025,RIMO,0,0,0,0,0
11/25/2025,RISE,13700,13700,11900,12825,4355400
11/25/2025,RMKE,3300,3590,3240,3540,23327000
11/25/2025,RMKO,250,280,240,278,118753100
11/25/2025,ROCK,505,505,500,500,1100
11/25/2025,RODA,43,44,43,44,23500
11/25/2025,RONY,3900,3900,3900,3900,37800
11/25/2025,ROTI,795,800,790,800,378900
11/25/2025,RSCH,380,418,378,410,9496100
11/25/2025,RSGK,0,0,0,0,0
11/25/2025,RUIS,198,204,195,200,1546200
11/25/2025,RUNS,99,104,96,99,205800
11/25/2025,SAFE,296,296,276,290,878900
11/25/2025,SAGE,30,30,29,29,1882800
11/25/2025,SAME,416,422,384,414,51014700
11/25/2025,SAMF,316,316,312,316,193400
11/25/2025,SAPX,304,304,296,298,164900
11/25/2025,SATU,254,254,252,252,3255600
11/25/2025,SBAT,0,0,0,0,0
11/25/2025,SBMA,129,129,128,129,1442400
11/25/2025,SCCO,2420,2500,2350,2410,29700
11/25/2025,SCMA,392,408,386,390,294610800
11/25/2025,SCMABQCZ5A,220,220,220,220,1000
11/25/2025,SCMADRCG6A,30,30,24,24,12105500
11/25/2025,SCMADRCK6A,139,154,139,142,95200
11/25/2025,SCMAHDCK6A,61,61,61,61,1000
11/25/2025,SCMAHDCZ5A,398,398,398,398,100
11/25/2025,SCMAYUCK6A,104,105,104,105,80000
11/25/2025,SCMAZPCG6A,0,0,0,0,0
11/25/2025,SCMAZPCM6A,62,63,61,62,166800
11/25/2025,SCNP,164,165,160,164,309600
11/25/2025,SCPI,0,0,0,0,0
11/25/2025,SDMU,69,69,67,68,7810900
11/25/2025,SDPC,140,142,139,139,49100
11/25/2025,SDRA,282,294,280,284,890200
11/25/2025,SEMA,105,140,104,140,82037500
11/25/2025,SFAN,1935,1940,1935,1935,77700
11/25/2025,SGER,430,448,426,442,25706800
11/25/2025,SGRO,7325,7375,7325,7325,4448600
11/25/2025,SHID,865,865,855,855,21300
11/25/2025,SHIP,5225,5350,5150,5175,72900
11/25/2025,SICO,140,141,137,140,2977600
11/25/2025,SIDO,550,550,545,550,8036200
11/25/2025,SIDODRCK6A,0,0,0,0,0
11/25/2025,SIDOHDCN6A,32,32,32,32,10000
11/25/2025,SIDOZPCM6A,0,0,0,0,0
11/25/2025,SILO,2490,2520,2450,2450,1127500
11/25/2025,SIMA,0,0,0,0,0
11/25/2025,SIMP,620,620,615,615,7796200
11/25/2025,SINI,9800,10000,9800,10000,332300
11/25/2025,SIPD,735,735,735,735,20200
11/25/2025,SKBM,510,520,500,505,169200
11/25/2025,SKLT,232,234,226,232,1428400
11/25/2025,SKRN,660,695,660,690,677100
11/25/2025,SKYB,0,0,0,0,0
11/25/2025,SLIS,81,83,80,81,14431600
11/25/2025,SLIS-W,15,16,14,15,2255500
11/25/2025,SMAR,5250,5250,5000,5075,140400
11/25/2025,SMBR,286,288,282,284,5469800
11/25/2025,SMCB,0,0,0,0,0
11/25/2025,SMDM,1245,1315,1165,1175,17108100
11/25/2025,SMDR,306,314,306,312,14793400
11/25/2025,SMGA,101,102,99,101,29879400
11/25/2025,SMGR,2630,2640,2540,2550,29689000
11/25/2025,SMGRBQCX5B,1,1,1,1,1917300
11/25/2025,SMGRBQCZ5A,2,3,1,1,7284100
11/25/2025,SMGRDRCG6A,26,26,22,22,448500
11/25/2025,SMGRHDCZ5A,28,28,26,26,519500
11/25/2025,SMGRZPCJ6A,0,0,0,0,0
11/25/2025,SMIL,500,500,492,496,80254600
11/25/2025,SMKL,169,171,160,166,401600
11/25/2025,SMKM,127,131,123,128,20907500
11/25/2025,SMLE,262,262,248,252,8006400
11/25/2025,SMMA,12925,13000,12900,13000,5600
11/25/2025,SMMT,1595,1635,1500,1575,452200
11/25/2025,SMRA,390,390,384,388,19229800
11/25/2025,SMRADRCG6A,22,22,22,22,1400
11/25/2025,SMRADRCJ6A,0,0,0,0,0
11/25/2025,SMRAHDCZ5A,0,0,0,0,0
11/25/2025,SMRAZPCH6A,0,0,0,0,0
11/25/2025,SMRU,0,0,0,0,0
11/25/2025,SMSM,1740,1760,1730,1750,7576400
11/25/2025,SNLK,414,416,406,410,7776500
11/25/2025,SOCI,230,230,216,224,27364200
11/25/2025,SOFA,270,270,258,266,2888900
11/25/2025,SOHO,1930,2250,1585,1595,2311500
11/25/2025,SOLA,132,133,130,130,6775300
11/25/2025,SONA,2410,2440,2390,2440,25000
11/25/2025,SOSS,1000,1000,900,900,34000
11/25/2025,SOTS,482,484,410,410,1613100
11/25/2025,SOUL,84,90,83,90,4564600
11/25/2025,SPMA,256,262,248,248,3829200
11/25/2025,SPRE,121,124,119,122,2502300
11/25/2025,SPTO,675,675,660,670,2537600
11/25/2025,SQMI,0,0,0,0,0
11/25/2025,SRAJ,14300,15700,14050,15200,665000
11/25/2025,SRIL,0,0,0,0,0
11/25/2025,SRSN,64,66,64,65,9680600
11/25/2025,SRTG,1620,1650,1580,1580,3997600
11/25/2025,SRTGDRCK6A,0,0,0,0,0
11/25/2025,SRTGHDCK6A,0,0,0,0,0
11/25/2025,SRTGYUCN6A,0,0,0,0,0
11/25/2025,SRTGZPCG6A,0,0,0,0,0
11/25/2025,SRTGZPCK6A,24,24,23,23,81700
11/25/2025,SSIA,1730,1895,1730,1780,236484600
11/25/2025,SSMS,1600,1635,1570,1635,8214000
11/25/2025,SSTM,1355,1355,1085,1355,2560300
11/25/2025,STAA,1385,1385,1355,1355,8217900
11/25/2025,STAR,115,115,115,115,798500
11/25/2025,STRK,197,202,192,193,11038700
11/25/2025,STTP,9900,10025,9900,10025,400
11/25/2025,SUGI,0,0,0,0,0
11/25/2025,SULI,136,139,131,134,4739800
11/25/2025,SUNI,810,815,800,815,765200
11/25/2025,SUPR,0,0,0,0,0
11/25/2025,SURE,2630,2700,2600,2680,8200
11/25/2025,SURI,100,104,99,102,18232800
11/25/2025,SWAT,0,0,0,0,0
11/25/2025,SWID,109,147,105,147,45404800
11/25/2025,TALF,490,494,484,484,31900
11/25/2025,TAMA,38,41,38,41,2186600
11/25/2025,TAMU,27,27,26,27,11187200
11/25/2025,TAPG,1765,1765,1725,1725,5618600
11/25/2025,TAPGDRCG6A,0,0,0,0,0
11/25/2025,TAPGDRCJ6A,117,117,117,117,100
11/25/2025,TAPGHDCH6A,0,0,0,0,0
11/25/2025,TAPGZPCH6A,0,0,0,0,0
11/25/2025,TAPGZPCM6A,41,41,40,40,5800
11/25/2025,TARA,26,26,25,26,815300
11/25/2025,TAXI,17,17,16,16,34150400
11/25/2025,TAYS,82,82,80,81,12980700
11/25/2025,TBIG,1985,1985,1950,1985,607000
11/25/2025,TBLA,725,725,710,720,5288400
11/25/2025,TBMS,1360,1360,1315,1330,75800
11/25/2025,TCID,3010,3050,2990,2990,12500
11/25/2025,TCPI,7775,7775,7300,7350,7722900
11/25/2025,TDPM,0,0,0,0,0
11/25/2025,TEBE,2270,2320,2180,2220,9989400
11/25/2025,TECH,0,0,0,0,0
11/25/2025,TELE,0,0,0,0,0
11/25/2025,TFAS,242,248,242,244,1067500
11/25/2025,TFCO,0,0,0,0,0
11/25/2025,TGKA,5025,5125,4990,5000,7900
11/25/2025,TGRA,0,0,0,0,0
11/25/2025,TGUK,0,0,0,0,0
11/25/2025,TIFA,470,510,442,482,641700
11/25/2025,TINS,3040,3250,3020,3200,84357800
11/25/2025,TIRA,1480,1495,1385,1415,386000
11/25/2025,TIRT,0,0,0,0,0
11/25/2025,TKIM,7075,7150,6975,7125,1167000
11/25/2025,TKIMDRCN6A,0,0,0,0,0
11/25/2025,TKIMHDCJ6A,53,53,53,53,1400
11/25/2025,TKIMZPCG6A,80,83,80,83,4025000
11/25/2025,TKIMZPCK6A,23,24,23,24,25000
11/25/2025,TLDN,720,740,715,725,2176000
11/25/2025,TLKM,3690,3690,3560,3650,84816600
11/25/2025,TLKMBQCG6A,67,74,67,74,1600
11/25/2025,TLKMBQCJ6A,0,0,0,0,0
11/25/2025,TLKMDRCJ6A,96,102,96,102,45900
11/25/2025,TLKMDRCX6A,2460,2460,2460,2460,100
11/25/2025,TLKMHDCJ6A,85,86,85,85,500
11/25/2025,TLKMYUCK6A,141,141,141,141,600
11/25/2025,TLKMZPCF6A,0,0,0,0,0
11/25/2025,TLKMZPCM6A,64,66,64,66,300
11/25/2025,TMAS,130,132,128,129,16397900
11/25/2025,TMPO,172,175,171,173,12649700
11/25/2025,TNCA,244,270,236,244,4784800
11/25/2025,TOBA,865,875,835,845,69377400
11/25/2025,TOOL,64,68,63,65,40743200
11/25/2025,TOPS,0,0,0,0,0
11/25/2025,TOSK,74,74,72,73,16354700
11/25/2025,TOTL,1095,1100,1005,1020,15730100
11/25/2025,TOTO,282,284,280,284,3248000
11/25/2025,TOWR,540,540,535,535,12324500
11/25/2025,TOWRDRCN6A,0,0,0,0,0
11/25/2025,TOWRHDCK6A,21,21,21,21,2500
11/25/2025,TOYS,0,0,0,0,0
11/25/2025,TPIA,7150,7200,7025,7175,9998400
11/25/2025,TPMA,575,580,570,575,2078200
11/25/2025,TRAM,0,0,0,0,0
11/25/2025,TRGU,191,199,189,195,1359400
11/25/2025,TRIL,0,0,0,0,0
11/25/2025,TRIM,670,685,645,675,2224700
11/25/2025,TRIN,0,0,0,0,0
11/25/2025,TRIN-W2,0,0,0,0,0
11/25/2025,TRIO,0,0,0,0,0
11/25/2025,TRIS,192,192,189,190,289200
11/25/2025,TRJA,160,163,154,159,879800
11/25/2025,TRON,94,94,90,92,18419200
11/25/2025,TRST,464,464,446,458,246600
11/25/2025,TRUE,141,141,141,141,50933700
11/25/2025,TRUK,650,650,615,620,2156600
11/25/2025,TRUS,434,438,432,438,13400
11/25/2025,TSPC,2780,2820,2770,2820,752000
11/25/2025,TUGU,1090,1095,1070,1070,3387500
11/25/2025,TYRE,126,127,124,126,80000
11/25/2025,UANG,5225,5600,5200,5275,1720800
11/25/2025,UCID,438,440,432,436,898600
11/25/2025,UDNG,3470,3800,3360,3740,1787900
11/25/2025,UFOE,192,192,187,189,1134000
11/25/2025,ULTJ,1440,1545,1440,1515,18251900
11/25/2025,UNIC,9000,9200,9000,9000,4900
11/25/2025,UNIQ,428,436,420,420,29421500
11/25/2025,UNIT,0,0,0,0,0
11/25/2025,UNSP,208,210,206,206,1309600
11/25/2025,UNTD,92,93,91,92,19454100
11/25/2025,UNTR,27800,27800,27150,27375,2328200
11/25/2025,UNTRDRCG6A,0,0,0,0,0
11/25/2025,UNTRHDCM6A,168,168,167,167,23500
11/25/2025,UNTRZPCJ6A,156,156,155,155,105000
11/25/2025,UNVR,2670,2670,2580,2630,25207700
11/25/2025,UNVRBQCG6A,0,0,0,0,0
11/25/2025,UNVRBQCK6A,0,0,0,0,0
11/25/2025,UNVRBQCZ5A,0,0,0,0,0
11/25/2025,UNVRDRCG6A,132,132,132,132,1500
11/25/2025,UNVRHDCM6A,184,186,184,186,200
11/25/2025,UNVRHDPG6A,12,12,10,11,3700
11/25/2025,UNVRZPCH6A,114,114,113,113,26500
11/25/2025,UNVRZPCM6A,0,0,0,0,0
11/25/2025,URBN,179,206,177,188,11914500
11/25/2025,UVCR,116,119,113,116,12196800
11/25/2025,VAST,151,151,146,149,144600
11/25/2025,VAST-W,13,13,12,13,2510400
11/25/2025,VERN,141,142,132,134,6821100
11/25/2025,VICI,725,770,720,750,425100
11/25/2025,VICO,181,186,179,180,817000
11/25/2025,VINS,150,150,148,149,220200
11/25/2025,VISI,218,222,218,218,6211900
11/25/2025,VIVA,28,28,28,28,6936800
11/25/2025,VKTR,496,565,494,498,98970900
11/25/2025,VOKS,278,278,252,268,308800
11/25/2025,VRNA,89,90,85,89,265000
11/25/2025,VTNY,95,95,92,93,13354700
11/25/2025,WAPO,183,188,180,183,2296600
11/25/2025,WEGE,67,68,66,67,9791200
11/25/2025,WEHA,107,144,106,144,180042500
11/25/2025,WGSH,250,266,236,258,1093400
11/25/2025,WICO,0,0,0,0,0
11/25/2025,WIDI,39,41,39,40,7365700
11/25/2025,WIFI,3730,3790,3650,3730,106329300
11/25/2025,WIIM,1500,1670,1485,1630,43460200
11/25/2025,WIKA,0,0,0,0,0
11/25/2025,WINE,200,200,198,200,3126100
11/25/2025,WINR,42,42,42,42,39313400
11/25/2025,WINS,444,448,436,444,2354200
11/25/2025,WIRG,112,112,106,107,121823800
11/25/2025,WMPP,0,0,0,0,0
11/25/2025,WMUU,49,49,49,49,215908900
11/25/2025,WOMF,334,334,326,332,58800
11/25/2025,WOOD,378,384,372,380,8912400
11/25/2025,WOWS,78,79,77,78,8798400
11/25/2025,WSBP,19,20,19,20,34474300
11/25/2025,WSKT,0,0,0,0,0
11/25/2025,WTON,100,101,99,99,7443200
11/25/2025,XAQA,0,0,0,0,0
11/25/2025,XBES,0,0,0,0,0
11/25/2025,XBID,547,547,543,543,41000
11/25/2025,XBIG,0,0,0,0,0
11/25/2025,XBIN,615,615,615,615,40000
11/25/2025,XBLQ,625,625,428,501,13600
11/25/2025,XBNI,0,0,0,0,0
11/25/2025,XBSK,465,465,465,465,40000
11/25/2025,XCEG,0,0,0,0,0
11/25/2025,XCID,57,57,56,57,58300
11/25/2025,XCIS,80,80,72,72,11400
11/25/2025,XCLQ,92,92,92,92,400
11/25/2025,XDIF,481,481,481,481,200
11/25/2025,XIFE,113,113,113,113,800
11/25/2025,XIHD,690,690,690,690,100
11/25/2025,XIIC,0,0,0,0,0
11/25/2025,XIID,0,0,0,0,0
11/25/2025,XIIF,0,0,0,0,0
11/25/2025,XIIT,570,570,545,545,32100
11/25/2025,XIJI,677,685,677,682,18300
11/25/2025,XILV,131,135,124,124,38500
11/25/2025,XIML,250,257,250,256,2600
11/25/2025,XIPB,200,214,200,200,3800
11/25/2025,XIPI,228,228,228,228,100
11/25/2025,XISB,0,0,0,0,0
11/25/2025,XISC,900,1120,814,995,23100
11/25/2025,XISI,0,0,0,0,0
11/25/2025,XISR,462,462,462,462,100
11/25/2025,XKID,1005,1005,1005,1005,100
11/25/2025,XKIV,610,610,610,610,40000
11/25/2025,XKMS,0,0,0,0,0
11/25/2025,XMGB,1138,1138,1138,1138,300
11/25/2025,XMIG,228,228,228,228,100
11/25/2025,XMLF,938,938,938,938,40000
11/25/2025,XMSK,406,406,404,406,300
11/25/2025,XNVE,0,0,0,0,0
11/25/2025,XPDV,635,715,565,640,5200
11/25/2025,XPFT,0,0,0,0,0
11/25/2025,XPIN,686,686,686,686,100
11/25/2025,XPLQ,460,460,460,460,200
11/25/2025,XPSG,520,520,413,413,1900
11/25/2025,XPTD,0,0,0,0,0
11/25/2025,XSBC,109,109,109,109,10300
11/25/2025,XSPI,0,0,0,0,0
11/25/2025,XSSI,90,90,87,89,45200
11/25/2025,XSSK,725,725,720,720,20100
11/25/2025,YELO,95,99,95,99,48176200
11/25/2025,YOII,99,100,98,100,3565400
11/25/2025,YPAS,494,494,494,494,200
11/25/2025,YULE,2660,2700,2600,2700,25200
11/25/2025,YUPI,1615,1615,1595,1610,20400
11/25/2025,ZATA,65,66,64,66,13223900
11/25/2025,ZBRA,0,0,0,0,0
11/25/2025,ZINC,31,31,30,30,3116800
11/25/2025,ZONE,560,560,540,540,8800
11/25/2025,ZYRX,177,177,172,174,1401100
