<date>,<ticker>,<open>,<high>,<low>,<close>,<volume>
7/22/2025,IHSG,7440.286,7457.381,7344.736,7344.736,300292489
7/22/2025,IDX30,0.000,0.000,0.000,0.000,0
7/22/2025,IDX80,0.000,0.000,0.000,0.000,0
7/22/2025,AADI,6750,7025,6725,6975,26414700
7/22/2025,AALI,6400,6450,6250,6275,1238600
7/22/2025,ABBA,37,37,37,37,2369000
7/22/2025,ABDA,0,0,0,0,0
7/22/2025,ABMM,2990,3020,2980,2980,1168600
7/22/2025,ACES,484,484,470,472,80287000
7/22/2025,ACESBQCV5A,4,4,2,4,4304400
7/22/2025,ACESDRCN5A,1,2,1,2,145800
7/22/2025,ACESDRCQ5A,2,2,1,2,469600
7/22/2025,ACESHDCZ5A,58,58,57,57,87200
7/22/2025,ACRO,70,72,66,68,13989600
7/22/2025,ACRO-W,6,8,6,7,16021300
7/22/2025,ACST,90,90,90,90,465000
7/22/2025,ADCP,50,50,50,50,34800
7/22/2025,ADES,12775,12775,12475,12550,83200
7/22/2025,ADHI,270,270,258,258,15416200
7/22/2025,ADMF,9125,9175,9050,9100,58900
7/22/2025,ADMG,117,123,117,118,84900
7/22/2025,ADMR,1010,1085,1010,1085,151731500
7/22/2025,ADMRZPCH6A,64,64,61,62,184300
7/22/2025,ADRO,1890,2050,1890,1965,270044800
7/22/2025,ADROBQCU5A,34,42,34,37,2108400
7/22/2025,ADROBQCZ5A,44,48,44,48,900
7/22/2025,ADRODRCN5A,0,0,0,0,0
7/22/2025,ADRODRCQ5A,3,5,3,4,17819900
7/22/2025,ADRODRCQ5B,31,31,28,28,594300
7/22/2025,ADRODRCX5A,55,64,55,63,3416800
7/22/2025,ADROHDCQ5A,10,14,10,11,6331100
7/22/2025,ADROHDCZ5A,92,100,92,97,285600
7/22/2025,ADROZPCF6A,46,50,46,50,39400
7/22/2025,AEGS,33,33,31,31,1890700
7/22/2025,AGAR,232,232,224,224,77700
7/22/2025,AGII,990,990,965,975,432100
7/22/2025,AGRO,206,212,202,204,10574400
7/22/2025,AGRS,64,64,63,63,2643800
7/22/2025,AHAP,66,66,64,64,3191800
7/22/2025,AIMS,382,398,378,384,11080000
7/22/2025,AISA,149,150,146,148,3957400
7/22/2025,AKKU,0,0,0,0,0
7/22/2025,AKPI,590,600,580,590,7400
7/22/2025,AKRA,1220,1235,1215,1220,11997100
7/22/2025,AKRADRCN5A,34,36,34,36,400
7/22/2025,AKRADRCQ5A,0,0,0,0,0
7/22/2025,AKRADRCX5A,35,35,35,35,5200
7/22/2025,AKRAHDCQ5A,17,17,16,16,200
7/22/2025,AKRAZPCX5A,59,60,59,60,100000
7/22/2025,AKSI,266,270,260,264,650800
7/22/2025,ALDO,490,610,490,525,1260200
7/22/2025,ALII,595,600,580,585,3559500
7/22/2025,ALKA,294,302,294,296,16800
7/22/2025,ALMI,0,0,0,0,0
7/22/2025,ALTO,0,0,0,0,0
7/22/2025,AMAG,352,356,350,354,62200
7/22/2025,AMAN,111,115,110,112,5086200
7/22/2025,AMAR,165,170,164,167,3956200
7/22/2025,AMFG,3500,3530,3500,3510,37700
7/22/2025,AMIN,157,163,157,157,206200
7/22/2025,AMMN,8075,8100,7800,7950,23007800
7/22/2025,AMMNBQCZ5A,63,66,63,66,3100
7/22/2025,AMMNZPCG6A,63,63,59,59,21800
7/22/2025,AMMS,109,114,104,105,5794800
7/22/2025,AMMS-W,4,5,3,4,32392800
7/22/2025,AMOR,515,515,505,510,24600
7/22/2025,AMRT,2230,2250,2190,2210,16993400
7/22/2025,AMRTBQCU5A,22,22,18,18,198500
7/22/2025,AMRTDRCN5A,1,1,1,1,445600
7/22/2025,AMRTDRCQ5A,3,3,3,3,1000
7/22/2025,AMRTDRCZ5A,41,41,41,41,100
7/22/2025,AMRTHDCQ5A,17,18,16,16,187900
7/22/2025,AMRTZPCX5A,0,0,0,0,0
7/22/2025,ANDI,17,18,17,17,1643400
7/22/2025,ANJT,1760,1770,1755,1755,868000
7/22/2025,ANTM,3250,3270,2950,2960,426088000
7/22/2025,ANTMBQCU5A,340,340,302,302,700
7/22/2025,ANTMBQCX5A,107,107,85,85,431100
7/22/2025,ANTMBQCZ5A,0,0,0,0,0
7/22/2025,ANTMDRCG6A,64,66,51,52,15317400
7/22/2025,ANTMDRCN5A,234,234,222,222,200
7/22/2025,ANTMDRCQ5A,306,306,252,256,256300
7/22/2025,ANTMDRCX5A,336,338,284,286,1191000
7/22/2025,ANTMDRPU5A,52,54,52,54,500200
7/22/2025,ANTMDRPU5B,30,31,30,31,8800
7/22/2025,ANTMHDCH6A,106,106,88,88,22100
7/22/2025,ANTMHDCQ5A,440,440,368,368,107400
7/22/2025,ANTMHDCU5A,0,0,0,0,0
7/22/2025,ANTMYUCQ5A,348,352,338,338,400
7/22/2025,ANTMZPCX5A,226,226,200,200,8900
7/22/2025,APEX,125,125,122,122,18587900
7/22/2025,APIC,1175,1195,1170,1195,5125000
7/22/2025,APII,170,174,169,174,6500
7/22/2025,APLI,0,0,0,0,0
7/22/2025,APLN,95,96,94,94,5723900
7/22/2025,ARCI,0,0,0,0,0
7/22/2025,AREA,408,416,402,406,1290300
7/22/2025,ARGO,1315,1315,1200,1240,93500
7/22/2025,ARII,278,278,272,278,29600
7/22/2025,ARKA,20,20,20,20,890900
7/22/2025,ARKO,845,1010,830,965,6052100
7/22/2025,ARMY,0,0,0,0,0
7/22/2025,ARNA,590,590,580,585,1677400
7/22/2025,ARTA,3200,3500,3020,3270,290900
7/22/2025,ARTI,0,0,0,0,0
7/22/2025,ARTO,1775,1780,1735,1745,4604300
7/22/2025,ARTOBQCU5A,0,0,0,0,0
7/22/2025,ARTOBQCZ5A,0,0,0,0,0
7/22/2025,ARTODRCN5A,1,1,1,1,150000
7/22/2025,ARTODRCQ5A,3,3,3,3,1523400
7/22/2025,ARTODRCX5A,35,35,35,35,200
7/22/2025,ARTOHDCZ5A,0,0,0,0,0
7/22/2025,ARTOZPCX5A,0,0,0,0,0
7/22/2025,ASBI,412,428,406,426,9900
7/22/2025,ASDM,510,520,510,520,31000
7/22/2025,ASGR,900,900,890,890,644300
7/22/2025,ASHA,16,17,16,17,8528300
7/22/2025,ASII,4760,4760,4680,4690,47232600
7/22/2025,ASIIBQCU5A,0,0,0,0,0
7/22/2025,ASIIBQCZ5A,0,0,0,0,0
7/22/2025,ASIIDRCQ5A,16,16,16,16,100
7/22/2025,ASIIDRCQ5B,14,16,14,16,200
7/22/2025,ASIIDRCX5A,81,83,81,83,200
7/22/2025,ASIIDRCX6A,2740,2740,2720,2720,500
7/22/2025,ASIIDRPQ5A,23,23,23,23,100
7/22/2025,ASIIHDCZ5A,0,0,0,0,0
7/22/2025,ASJT,110,112,109,109,91200
7/22/2025,ASLC,66,68,66,67,29708300
7/22/2025,ASLI,50,50,50,50,1047300
7/22/2025,ASMI,20,20,18,18,362800
7/22/2025,ASPI,0,0,0,0,0
7/22/2025,ASPR,96,100,87,89,59667100
7/22/2025,ASRI,140,140,135,136,51551600
7/22/2025,ASRM,270,276,270,276,10500
7/22/2025,ASSA,895,920,855,885,20159900
7/22/2025,ATAP,27,28,27,28,104500
7/22/2025,ATIC,380,386,378,382,269000
7/22/2025,ATLA,50,50,50,50,135500
7/22/2025,AUTO,2120,2160,2120,2140,2937900
7/22/2025,AVIA,456,462,454,458,35102100
7/22/2025,AWAN,264,270,256,260,22403600
7/22/2025,AXIO,128,131,128,131,1384700
7/22/2025,AYAM,162,163,159,161,98940400
7/22/2025,AYLS,104,117,103,116,50682700
7/22/2025,BABP,50,51,50,50,7926600
7/22/2025,BABY,258,260,234,244,11795000
7/22/2025,BACA,130,131,130,130,438400
7/22/2025,BAIK,95,96,93,94,1982400
7/22/2025,BAIK-W,7,8,7,8,384600
7/22/2025,BAJA,125,125,121,122,1929100
7/22/2025,BALI,1680,1730,1560,1560,68800
7/22/2025,BANK,815,820,800,810,6044400
7/22/2025,BANK-W,0,0,0,0,0
7/22/2025,BAPA,50,50,50,50,4800
7/22/2025,BAPI,8,9,8,8,997100
7/22/2025,BATA,50,50,50,50,1100
7/22/2025,BATR,90,90,86,88,1314300
7/22/2025,BAUT,28,29,28,29,2912600
7/22/2025,BAYU,1300,1300,1260,1275,105900
7/22/2025,BBCA,8450,8475,8400,8400,77981700
7/22/2025,BBCABQCV5A,51,51,51,51,3900
7/22/2025,BBCABQCX5A,55,55,54,54,600
7/22/2025,BBCADRCF6A,70,70,69,69,200
7/22/2025,BBCADRCQ5A,23,23,23,23,15482300
7/22/2025,BBCADRCX6A,0,0,0,0,0
7/22/2025,BBCADRPQ5A,59,59,58,58,141000
7/22/2025,BBCAHDCQ5A,0,0,0,0,0
7/22/2025,BBCAHDCU5A,0,0,0,0,0
7/22/2025,BBCAHDCV5A,0,0,0,0,0
7/22/2025,BBCAYUCQ5A,0,0,0,0,0
7/22/2025,BBCAZPCF6A,0,0,0,0,0
7/22/2025,BBCAZPCH6A,113,113,113,113,20000
7/22/2025,BBHI,1130,1155,1125,1140,2956300
7/22/2025,BBKP,62,65,62,62,286386300
7/22/2025,BBLD,830,890,810,855,113000
7/22/2025,BBMD,2180,2200,2130,2200,1500
7/22/2025,BBNI,4090,4090,4040,4050,32607800
7/22/2025,BBNIBQCU5A,30,30,29,29,800
7/22/2025,BBNIBQCV5A,0,0,0,0,0
7/22/2025,BBNIDRCQ5A,9,9,9,9,65000
7/22/2025,BBNIDRCX6A,2210,2210,2200,2200,500
7/22/2025,BBNIDRCZ5A,57,57,55,55,2900
7/22/2025,BBNIDRPU5A,31,31,31,31,200
7/22/2025,BBNIHDCQ5A,0,0,0,0,0
7/22/2025,BBNIHDCU5A,0,0,0,0,0
7/22/2025,BBNIHDPU5A,0,0,0,0,0
7/22/2025,BBNIYUCV5A,65,65,63,63,200
7/22/2025,BBNIZPCH6A,0,0,0,0,0
7/22/2025,BBNIZPCX5A,0,0,0,0,0
7/22/2025,BBRI,3860,3880,3830,3840,84902800
7/22/2025,BBRIBQCQ5A,12,12,10,10,71400
7/22/2025,BBRIBQCU5A,0,0,0,0,0
7/22/2025,BBRIBQCZ5A,0,0,0,0,0
7/22/2025,BBRIDRCQ5A,27,27,25,25,130100
7/22/2025,BBRIDRCX5A,160,160,157,157,6400
7/22/2025,BBRIDRCX6A,2200,2200,2200,2200,100
7/22/2025,BBRIHDCH6A,0,0,0,0,0
7/22/2025,BBRIHDCQ5A,0,0,0,0,0
7/22/2025,BBRIYUCV5A,146,146,146,146,100
7/22/2025,BBRIZPCH6A,0,0,0,0,0
7/22/2025,BBRIZPCX5A,0,0,0,0,0
7/22/2025,BBRM,76,76,74,75,1301700
7/22/2025,BBSI,0,0,0,0,0
7/22/2025,BBSS,296,302,296,300,1734500
7/22/2025,BBTN,1180,1190,1170,1175,12309200
7/22/2025,BBTNHDCZ5A,0,0,0,0,0
7/22/2025,BBTNZPCG6A,46,46,46,46,1000
7/22/2025,BBYB,248,258,242,246,46593900
7/22/2025,BCAP,56,56,55,56,31646500
7/22/2025,BCIC,0,0,0,0,0
7/22/2025,BCIP,96,99,96,98,18822200
7/22/2025,BDKR,164,164,152,158,33383200
7/22/2025,BDMN,2400,2470,2400,2420,1023100
7/22/2025,BEBS,0,0,0,0,0
7/22/2025,BEEF,278,278,262,264,12111900
7/22/2025,BEER,72,72,69,70,614300
7/22/2025,BEKS,24,24,24,24,9865400
7/22/2025,BELI,392,394,386,388,377700
7/22/2025,BELL,50,51,50,50,1215100
7/22/2025,BESS,1000,1020,985,1000,47700
7/22/2025,BEST,103,103,100,101,7206500
7/22/2025,BFIN,775,785,765,770,9271900
7/22/2025,BGTG,78,79,77,79,3776300
7/22/2025,BHAT,760,770,755,760,2347400
7/22/2025,BHIT,26,26,25,26,8892300
7/22/2025,BIKA,0,0,0,0,0
7/22/2025,BIKE,595,600,580,585,931900
7/22/2025,BIMA,45,45,45,45,4000
7/22/2025,BINA,4350,4360,4280,4330,77200
7/22/2025,BINO,110,112,110,110,1093300
7/22/2025,BIPI,84,94,82,90,992461400
7/22/2025,BIPP,41,41,40,40,47500
7/22/2025,BIRD,1905,1920,1895,1905,1438100
7/22/2025,BISI,920,925,910,920,240400
7/22/2025,BJBR,815,820,810,815,2066300
7/22/2025,BJTM,492,494,490,492,3634300
7/22/2025,BKDP,34,34,34,34,216600
7/22/2025,BKSL,117,123,115,116,448298000
7/22/2025,BKSW,61,68,61,63,42607800
7/22/2025,BLES,176,178,173,175,3358900
7/22/2025,BLOG,615,675,540,595,150513500
7/22/2025,BLTA,20,20,19,20,1554000
7/22/2025,BLTZ,0,0,0,0,0
7/22/2025,BLUE,314,314,308,310,91400
7/22/2025,BMAS,615,615,615,615,200
7/22/2025,BMBL,17,17,16,17,2023900
7/22/2025,BMHS,197,200,195,196,2746400
7/22/2025,BMRI,4680,4710,4650,4660,132984400
7/22/2025,BMRIBQCU5A,18,18,17,17,1398800
7/22/2025,BMRIBQCZ5A,89,89,88,88,600
7/22/2025,BMRIDRCQ5A,4,4,4,4,420000
7/22/2025,BMRIDRCX5A,66,66,65,66,59500
7/22/2025,BMRIDRCX6A,2360,2360,2360,2360,300
7/22/2025,BMRIHDCQ5A,6,6,4,4,347100
7/22/2025,BMRIHDCU5A,0,0,0,0,0
7/22/2025,BMRIHDPU5A,0,0,0,0,0
7/22/2025,BMRIYUCQ5A,33,33,33,33,65800
7/22/2025,BMRIZPCH6A,0,0,0,0,0
7/22/2025,BMRIZPCX5A,0,0,0,0,0
7/22/2025,BMSR,244,248,244,244,28500
7/22/2025,BMTR,136,138,133,133,48896300
7/22/2025,BNBA,830,830,815,820,32100
7/22/2025,BNBR,27,27,27,27,18119900
7/22/2025,BNGA,1710,1720,1700,1700,2655500
7/22/2025,BNGAZPCH6A,53,53,53,53,400
7/22/2025,BNII,198,199,197,199,166700
7/22/2025,BNLI,2750,2870,2740,2780,293200
7/22/2025,BOAT,98,100,98,98,1777900
7/22/2025,BOBA,180,180,171,177,81600
7/22/2025,BOGA,575,585,575,575,425300
7/22/2025,BOLA,132,133,122,125,2255900
7/22/2025,BOLT,1225,1230,1220,1225,635200
7/22/2025,BOSS,0,0,0,0,0
7/22/2025,BPFI,342,352,322,338,6100
7/22/2025,BPII,600,605,600,605,152500
7/22/2025,BPTR,100,100,93,96,3687200
7/22/2025,BRAM,5625,5750,5625,5725,600
7/22/2025,BREN,8125,8375,7875,7875,70858500
7/22/2025,BRIS,2780,2790,2720,2720,12550200
7/22/2025,BRISBQCZ5A,82,82,81,81,600
7/22/2025,BRISHDCZ5A,0,0,0,0,0
7/22/2025,BRISYUCV5A,97,97,97,97,100
7/22/2025,BRISZPCG6A,0,0,0,0,0
7/22/2025,BRMS,474,482,438,438,1185562600
7/22/2025,BRMSBQCZ5A,86,86,74,75,27600
7/22/2025,BRMSHDCZ5A,179,179,177,177,1200
7/22/2025,BRMSYUCV5A,42,43,37,37,1028500
7/22/2025,BRMSZPCG6A,79,79,66,66,616000
7/22/2025,BRNA,605,680,605,615,14100
7/22/2025,BRPT,2450,2470,2190,2200,294521700
7/22/2025,BRPTBQCQ5A,0,0,0,0,0
7/22/2025,BRPTBQCV5A,0,0,0,0,0
7/22/2025,BRPTBQCZ5A,0,0,0,0,0
7/22/2025,BRPTDRCF6A,216,220,189,189,543000
7/22/2025,BRPTDRCN5A,386,394,370,370,800
7/22/2025,BRPTDRCQ5A,270,270,238,238,400
7/22/2025,BRPTDRCX5A,260,260,218,220,718800
7/22/2025,BRPTDRPV5A,16,21,16,21,923500
7/22/2025,BRPTHDCH6A,197,198,170,170,205300
7/22/2025,BRPTHDCQ5A,0,0,0,0,0
7/22/2025,BRPTZPCF6A,228,228,228,228,500000
7/22/2025,BRPTZPCX5A,0,0,0,0,0
7/22/2025,BRRC,56,57,55,56,3470600
7/22/2025,BRRC-W,8,9,7,7,3314200
7/22/2025,BSBK,50,51,50,50,12905700
7/22/2025,BSDE,805,820,800,800,14187800
7/22/2025,BSDEZPCH6A,0,0,0,0,0
7/22/2025,BSIM,900,900,870,875,28000
7/22/2025,BSML,101,103,99,100,33250000
7/22/2025,BSSR,3950,3960,3930,3930,471700
7/22/2025,BSWD,0,0,0,0,0
7/22/2025,BTEK,5,5,5,5,11755600
7/22/2025,BTEL,0,0,0,0,0
7/22/2025,BTON,386,394,386,386,1200
7/22/2025,BTPN,2120,2130,2110,2120,8300
7/22/2025,BTPS,1475,1535,1455,1525,26239100
7/22/2025,BTPSZPCH6A,50,50,50,50,462800
7/22/2025,BUAH,1490,1495,1430,1455,109000
7/22/2025,BUDI,238,240,228,236,61300
7/22/2025,BUKA,142,145,140,140,99918500
7/22/2025,BUKAHDCZ5A,102,102,102,102,10500
7/22/2025,BUKK,820,820,805,810,24000
7/22/2025,BULL,135,137,131,134,105390400
7/22/2025,BUMI,120,124,118,120,2052722000
7/22/2025,BUVA,106,114,97,101,237818600
7/22/2025,BVIC,86,86,85,86,3576900
7/22/2025,BVIC-W,49,49,47,49,1100
7/22/2025,BWPT,110,133,94,96,1706682100
7/22/2025,BYAN,19050,19400,19050,19225,20200
7/22/2025,CAKK,137,140,136,136,497200
7/22/2025,CAMP,214,214,210,210,2205200
7/22/2025,CANI,42,42,42,42,25300
7/22/2025,CARE,224,232,220,226,22824100
7/22/2025,CARS,83,83,76,83,18423000
7/22/2025,CASA,1005,1005,945,980,6676200
7/22/2025,CASH,61,65,58,58,1097900
7/22/2025,CASS,2080,2130,2080,2120,1118600
7/22/2025,CBDK,6200,6300,6000,6000,13040700
7/22/2025,CBMF,0,0,0,0,0
7/22/2025,CBPE,185,186,185,185,13500
7/22/2025,CBRE,70,70,68,68,4262200
7/22/2025,CBUT,1020,1020,1000,1015,11700
7/22/2025,CCSI,348,348,322,328,1656300
7/22/2025,CDIA,1515,1515,1515,1515,46136700
7/22/2025,CEKA,2760,2770,2730,2770,71500
7/22/2025,CENT,103,107,100,100,12460700
7/22/2025,CFIN,314,316,310,312,2396400
7/22/2025,CGAS,93,94,91,92,4308900
7/22/2025,CHEK,194,196,183,191,34465100
7/22/2025,CHEM,57,67,56,63,52050700
7/22/2025,CHIP,1325,1330,1310,1325,78900
7/22/2025,CINT,158,163,155,156,132200
7/22/2025,CITA,4050,4160,3930,3950,387800
7/22/2025,CITY,93,105,92,95,45450900
7/22/2025,CLAY,680,680,640,670,152000
7/22/2025,CLEO,610,610,585,585,10607800
7/22/2025,CLPI,1210,1250,1200,1240,574100
7/22/2025,CMNP,1325,1330,1310,1315,290500
7/22/2025,CMNP-W,515,515,370,370,2700
7/22/2025,CMNT,820,830,800,815,39172500
7/22/2025,CMPP,75,75,73,74,135300
7/22/2025,CMRY,4530,4600,4480,4600,2734100
7/22/2025,CNKO,30,30,30,30,3174700
7/22/2025,CNMA,145,147,143,145,57044800
7/22/2025,CNTB,0,0,0,0,0
7/22/2025,CNTX,0,0,0,0,0
7/22/2025,COAL,33,34,33,34,601700
7/22/2025,COCO,180,236,175,236,130418700
7/22/2025,COIN,0,0,0,0,0
7/22/2025,COWL,0,0,0,0,0
7/22/2025,CPIN,4950,4990,4910,4940,3541500
7/22/2025,CPINDRCG6A,97,98,97,98,200
7/22/2025,CPINDRCN5A,69,69,69,69,200
7/22/2025,CPINDRCQ5A,25,25,25,25,100
7/22/2025,CPINHDCQ5A,0,0,0,0,0
7/22/2025,CPRI,0,0,0,0,0
7/22/2025,CPRO,51,52,51,51,43670600
7/22/2025,CRAB,236,238,236,236,544100
7/22/2025,CRSN,103,104,101,103,492000
7/22/2025,CSAP,254,254,238,240,273600
7/22/2025,CSIS,70,71,67,68,301300
7/22/2025,CSMI,498,498,424,454,4858600
7/22/2025,CSRA,730,745,715,715,1570000
7/22/2025,CTBN,8100,8100,8100,8100,300
7/22/2025,CTRA,945,955,920,940,22391700
7/22/2025,CTRAZPCG6A,42,42,41,42,1401100
7/22/2025,CTTH,25,25,25,25,29400
7/22/2025,CUAN,1615,1625,1530,1575,406255200
7/22/2025,CYBR,935,940,890,915,8457000
7/22/2025,CYBR-W,535,565,525,565,7000
7/22/2025,DAAZ,4040,4040,3980,4000,924400
7/22/2025,DADA,8,8,8,8,36184500
7/22/2025,DART,143,144,140,142,46700
7/22/2025,DATA,1540,1905,1515,1820,76636300
7/22/2025,DAYA,895,920,850,900,72100
7/22/2025,DCII,0,0,0,0,0
7/22/2025,DEAL,0,0,0,0,0
7/22/2025,DEFI,0,0,0,0,0
7/22/2025,DEPO,202,204,200,202,840800
7/22/2025,DEWA,218,228,204,204,1120990000
7/22/2025,DEWI,101,102,100,101,33348900
7/22/2025,DFAM,50,50,50,50,100
7/22/2025,DGIK,90,92,89,90,2294300
7/22/2025,DGNS,156,162,156,157,23300800
7/22/2025,DGWG,426,432,424,424,8716000
7/22/2025,DIGI,20,20,19,20,60200
7/22/2025,DILD,129,129,127,127,9301600
7/22/2025,DIVA,113,119,113,114,8332900
7/22/2025,DKFT,575,625,575,615,114480800
7/22/2025,DKHH,57,57,56,56,20580900
7/22/2025,DKHH-W,12,12,10,10,4533000
7/22/2025,DLTA,2030,2030,2000,2010,240600
7/22/2025,DMAS,145,154,144,149,209232900
7/22/2025,DMMX,380,388,374,380,1625000
7/22/2025,DMND,515,530,510,515,124500
7/22/2025,DNAR,116,119,114,116,6686800
7/22/2025,DNET,9100,9350,9100,9125,7500
7/22/2025,DOID,374,410,372,408,93961500
7/22/2025,DOOH,114,140,111,126,1237899400
7/22/2025,DOSS,141,141,136,136,1039500
7/22/2025,DPNS,230,230,220,228,22800
7/22/2025,DPUM,50,50,50,50,100000
7/22/2025,DRMA,960,965,945,955,1136600
7/22/2025,DSFI,56,56,53,56,5548400
7/22/2025,DSNG,1070,1075,1025,1065,45105000
7/22/2025,DSSA,65925,66475,64000,64800,5879000
7/22/2025,DUCK,0,0,0,0,0
7/22/2025,DUTI,3480,3480,3400,3480,20500
7/22/2025,DVLA,1685,1690,1680,1690,4700
7/22/2025,DWGL,214,220,214,216,120400
7/22/2025,DYAN,91,91,89,90,1592200
7/22/2025,EAST,100,101,97,97,7496100
7/22/2025,ECII,196,200,192,192,1122600
7/22/2025,EDGE,4850,4900,4610,4620,125800
7/22/2025,EKAD,186,187,182,185,160600
7/22/2025,ELIT,183,204,173,186,124390100
7/22/2025,ELPI,350,352,350,352,127600
7/22/2025,ELSA,505,505,490,490,39194200
7/22/2025,ELSAZPCG6A,39,39,37,37,88400
7/22/2025,ELTY,10,11,10,11,86659700
7/22/2025,EMDE,91,93,91,93,141700
7/22/2025,EMTK,625,635,605,605,109402300
7/22/2025,EMTKBQCZ5A,100,100,97,97,2100
7/22/2025,EMTKHDCZ5A,70,72,68,68,387200
7/22/2025,EMTKYUCV5A,0,0,0,0,0
7/22/2025,EMTKZPCH6A,45,45,45,45,4500
7/22/2025,ENAK,700,715,700,710,299100
7/22/2025,ENRG,494,496,466,478,204050600
7/22/2025,ENRGHDCZ5A,160,160,150,150,1004500
7/22/2025,ENRGZPCG6A,132,132,128,128,46000
7/22/2025,ENVY,0,0,0,0,0
7/22/2025,ENZO,31,31,31,31,5500
7/22/2025,EPAC,12,12,11,12,799700
7/22/2025,EPMT,2290,2290,2280,2280,3300
7/22/2025,ERAA,525,530,510,515,34175700
7/22/2025,ERAABQCZ5A,0,0,0,0,0
7/22/2025,ERAAHDCZ5A,60,60,60,60,1700
7/22/2025,ERAAZPCH6A,34,34,34,34,731700
7/22/2025,ERAL,388,404,376,402,38947100
7/22/2025,ERTX,102,107,102,105,2931100
7/22/2025,ESIP,34,34,34,34,3240100
7/22/2025,ESSA,575,585,565,575,43863600
7/22/2025,ESSABQCZ5A,0,0,0,0,0
7/22/2025,ESSAHDCH6A,54,54,54,54,3000
7/22/2025,ESTA,66,68,65,67,998900
7/22/2025,ESTI,34,34,34,34,45300
7/22/2025,ETWA,0,0,0,0,0
7/22/2025,EURO,179,182,170,179,145800
7/22/2025,EXCL,2610,2650,2570,2570,7287400
7/22/2025,EXCLHDCQ5A,0,0,0,0,0
7/22/2025,EXCLZPCF6A,75,75,74,74,200
7/22/2025,FAPA,5600,5625,5550,5550,10600
7/22/2025,FAST,330,338,326,326,2849000
7/22/2025,FASW,0,0,0,0,0
7/22/2025,FILM,1535,1550,1490,1525,9304700
7/22/2025,FIMP,54,60,53,60,102200
7/22/2025,FIRE,79,79,76,77,6196700
7/22/2025,FISH,0,0,0,0,0
7/22/2025,FITT,195,195,195,195,741100
7/22/2025,FLMC,52,52,47,48,1607900
7/22/2025,FMII,350,350,316,318,626300
7/22/2025,FOLK,76,76,73,74,1098300
7/22/2025,FOOD,103,103,102,102,5000
7/22/2025,FORE,610,650,605,625,13820000
7/22/2025,FORU,1270,1320,1235,1235,181100
7/22/2025,FPNI,197,197,194,195,400600
7/22/2025,FUJI,396,396,378,382,24200
7/22/2025,FUTR,55,56,54,54,21182100
7/22/2025,FWCT,136,137,135,135,766900
7/22/2025,GAMA,0,0,0,0,0
7/22/2025,GDST,105,106,104,105,1239800
7/22/2025,GDYR,1185,1215,1165,1165,19800
7/22/2025,GEMA,85,85,81,85,1356400
7/22/2025,GEMS,9275,9350,9250,9275,102900
7/22/2025,GGRM,9250,9475,9250,9450,617000
7/22/2025,GGRMZPCG6A,51,51,51,51,1000
7/22/2025,GGRP,0,0,0,0,0
7/22/2025,GHON,1605,1665,1605,1630,43100
7/22/2025,GIAA,75,75,73,73,34816400
7/22/2025,GJTL,1100,1145,1100,1130,15141400
7/22/2025,GLOB,56,56,51,51,13400
7/22/2025,GLVA,336,336,330,334,5600
7/22/2025,GMFI,64,64,60,60,1637800
7/22/2025,GMTD,2240,2240,2100,2200,4600
7/22/2025,GOLD,252,256,248,248,38600
7/22/2025,GOLF,212,212,210,212,483900
7/22/2025,GOLL,0,0,0,0,0
7/22/2025,GOOD,362,362,358,360,185000
7/22/2025,GOTO,57,59,57,58,2602475000
7/22/2025,GOTOBQCZ5A,0,0,0,0,0
7/22/2025,GOTODRCG6A,11,14,10,14,183000
7/22/2025,GOTODRCN5A,1,1,1,1,10100
7/22/2025,GOTODRCQ5A,0,0,0,0,0
7/22/2025,GOTOHDCQ5A,0,0,0,0,0
7/22/2025,GOTOM,0,0,0,0,0
7/22/2025,GOTOZPCH6A,27,27,27,27,1000
7/22/2025,GPRA,130,141,127,136,139510200
7/22/2025,GPSO,406,406,388,388,567100
7/22/2025,GRIA,82,83,81,83,1010400
7/22/2025,GRPH,50,50,50,50,1062400
7/22/2025,GRPM,49,49,47,47,2452800
7/22/2025,GRPM-W,13,14,13,14,116600
7/22/2025,GSMF,52,54,52,53,153300
7/22/2025,GTBO,188,202,186,199,1760900
7/22/2025,GTRA,144,146,141,143,524600
7/22/2025,GTSI,39,39,39,39,2047100
7/22/2025,GULA,260,260,256,260,197400
7/22/2025,GUNA,260,262,254,260,276700
7/22/2025,GWSA,125,125,123,123,339300
7/22/2025,GZCO,116,118,107,108,104217000
7/22/2025,HADE,7,8,7,7,2989300
7/22/2025,HAIS,191,194,190,190,1817000
7/22/2025,HAJJ,122,123,118,118,8167600
7/22/2025,HAJJ-W,16,16,14,15,18446600
7/22/2025,HALO,81,83,80,81,9484900
7/22/2025,HALO-W,10,10,8,8,5336500
7/22/2025,HATM,260,260,256,258,33140100
7/22/2025,HBAT,68,69,66,68,841700
7/22/2025,HDFA,105,110,104,108,36400
7/22/2025,HDIT,18,19,18,18,1378300
7/22/2025,HEAL,1670,1695,1665,1680,24706500
7/22/2025,HEALHDCH6A,154,154,154,154,1000
7/22/2025,HEALZPCH6A,0,0,0,0,0
7/22/2025,HELI,254,256,250,254,457800
7/22/2025,HERO,412,420,404,414,71100
7/22/2025,HEXA,5375,5475,5350,5400,873100
7/22/2025,HGII,158,158,155,157,5006000
7/22/2025,HILL,228,232,224,226,8894500
7/22/2025,HITS,0,0,0,0,0
7/22/2025,HKMU,0,0,0,0,0
7/22/2025,HMSP,600,605,595,605,5725500
7/22/2025,HOKI,87,88,86,87,9846000
7/22/2025,HOME,0,0,0,0,0
7/22/2025,HOMI,206,208,206,206,43100
7/22/2025,HOPE,78,78,78,78,9667700
7/22/2025,HOTL,0,0,0,0,0
7/22/2025,HRME,22,23,22,22,1428700
7/22/2025,HRTA,650,670,620,625,37951700
7/22/2025,HRUM,850,865,825,830,29608400
7/22/2025,HRUMZPCG6A,35,38,34,35,328000
7/22/2025,HUMI,62,63,59,61,69321200
7/22/2025,HUMI-W,7,7,6,7,33574300
7/22/2025,HYGN,145,149,144,147,1058400
7/22/2025,IATA,49,49,49,49,4249600
7/22/2025,IATA-W,37,37,31,31,15500
7/22/2025,IBFN,15,15,15,15,510900
7/22/2025,IBOS,26,27,25,27,1308900
7/22/2025,IBST,0,0,0,0,0
7/22/2025,ICBP,10525,10525,10350,10350,2916000
7/22/2025,ICBPDRCQ5A,11,11,11,11,9100
7/22/2025,ICBPDRCX6A,0,0,0,0,0
7/22/2025,ICBPHDCQ5A,0,0,0,0,0
7/22/2025,ICBPZPCX5A,0,0,0,0,0
7/22/2025,ICON,40,40,40,40,26800
7/22/2025,IDEA,48,51,46,51,904300
7/22/2025,IDPR,199,202,186,199,40800
7/22/2025,IFII,246,246,242,242,250000
7/22/2025,IFSH,800,800,765,790,78600
7/22/2025,IGAR,570,570,570,570,1500
7/22/2025,IIKP,0,0,0,0,0
7/22/2025,IKAI,8,8,8,8,1272500
7/22/2025,IKAN,64,64,62,63,5115900
7/22/2025,IKBI,404,408,404,408,56500
7/22/2025,IKPM,197,202,196,200,641400
7/22/2025,IMAS,880,890,865,880,442400
7/22/2025,IMJS,190,197,185,188,7798500
7/22/2025,IMPC,352,366,350,362,31253400
7/22/2025,INAF,0,0,0,0,0
7/22/2025,INAI,161,163,157,159,612800
7/22/2025,INCF,23,23,23,23,490900
7/22/2025,INCI,595,605,590,595,154600
7/22/2025,INCO,3700,3820,3630,3630,41062200
7/22/2025,INCOBQCQ5A,164,164,136,136,54800
7/22/2025,INCOBQCV5A,71,73,60,60,226400
7/22/2025,INCODRCN5A,45,54,45,47,118600
7/22/2025,INCODRCQ5A,8,12,7,8,48677400
7/22/2025,INCODRCX5A,91,100,88,88,2014600
7/22/2025,INCODRPV5A,45,48,45,48,4800
7/22/2025,INCOHDCQ5A,131,131,122,122,470000
7/22/2025,INCOZPCX5A,145,148,138,138,2577300
7/22/2025,INDF,8300,8300,8200,8225,3519800
7/22/2025,INDFBQCV5A,0,0,0,0,0
7/22/2025,INDFDRCQ5A,32,32,32,32,100
7/22/2025,INDFDRCX6A,0,0,0,0,0
7/22/2025,INDFHDCQ5A,0,0,0,0,0
7/22/2025,INDO,202,202,196,196,5382700
7/22/2025,INDR,2400,2790,2390,2790,111300
7/22/2025,INDS,222,226,220,224,174600
7/22/2025,INDX,75,75,72,74,2720900
7/22/2025,INDY,1400,1430,1355,1365,16506300
7/22/2025,INDYZPCG6A,51,51,51,51,1000
7/22/2025,INET,278,332,276,294,1130061300
7/22/2025,INET-W,179,228,177,194,150222500
7/22/2025,INKP,5825,5875,5750,5750,4523900
7/22/2025,INKPDRCF6A,105,106,102,103,2400
7/22/2025,INKPDRCN5A,0,0,0,0,0
7/22/2025,INKPDRCQ5A,9,9,9,9,200000
7/22/2025,INKPHDCQ5A,6,6,6,6,1000
7/22/2025,INKPZPCF6A,55,55,52,52,200
7/22/2025,INOV,84,86,84,85,130700
7/22/2025,INPC,160,162,155,156,10743000
7/22/2025,INPP,785,800,785,800,14300
7/22/2025,INPS,122,130,121,130,5040800
7/22/2025,INRU,860,910,750,870,73100
7/22/2025,INTA,12,12,12,12,2928600
7/22/2025,INTD,185,185,183,184,63400
7/22/2025,INTP,5200,5200,5075,5075,1799100
7/22/2025,INTPZPCG6A,36,36,35,35,101300
7/22/2025,IOTF,94,94,87,89,114431100
7/22/2025,IPAC,154,154,139,143,249000
7/22/2025,IPCC,1100,1140,1095,1100,3472800
7/22/2025,IPCM,280,284,278,284,1825800
7/22/2025,IPOL,132,134,132,133,216700
7/22/2025,IPPE,0,0,0,0,0
7/22/2025,IPTV,26,26,25,25,2506800
7/22/2025,IRRA,424,426,416,418,860100
7/22/2025,IRSX,41,41,40,40,3666200
7/22/2025,IRSX-W,1,1,1,1,31857500
7/22/2025,ISAP,12,12,11,12,19893200
7/22/2025,ISAP-W,3,4,2,3,14648800
7/22/2025,ISAT,2460,2520,2430,2460,24710600
7/22/2025,ISATBQCU5A,101,102,97,97,31000
7/22/2025,ISATDRCG6A,123,123,118,121,1318700
7/22/2025,ISATDRCX5A,87,87,82,84,300
7/22/2025,ISATHDCQ5A,212,214,212,214,200
7/22/2025,ISATZPCF6A,0,0,0,0,0
7/22/2025,ISEA,63,64,63,63,1519400
7/22/2025,ISSP,338,344,330,340,3351200
7/22/2025,ITIC,216,216,214,216,207000
7/22/2025,ITMA,815,820,765,765,20956100
7/22/2025,ITMG,22600,22850,22575,22800,2102800
7/22/2025,JARR,450,460,422,424,12845600
7/22/2025,JAST,64,65,60,62,9593200
7/22/2025,JATI,156,173,155,161,105849800
7/22/2025,JAWA,154,154,148,153,3835600
7/22/2025,JAYA,94,95,93,94,197300
7/22/2025,JECC,850,1050,830,980,275400
7/22/2025,JGLE,8,8,8,8,5494600
7/22/2025,JIHD,620,620,595,595,858100
7/22/2025,JKON,77,79,76,76,9128500
7/22/2025,JMAS,134,134,132,133,115200
7/22/2025,JPFA,1725,1740,1680,1705,36616900
7/22/2025,JPFABQCZ5A,101,101,101,101,1000
7/22/2025,JPFAHDCZ5A,180,180,170,170,2100
7/22/2025,JPFAZPCG6A,96,96,90,90,26100
7/22/2025,JRPT,745,755,740,750,156300
7/22/2025,JSKY,0,0,0,0,0
7/22/2025,JSMR,3580,3600,3550,3570,4387600
7/22/2025,JSMRHDCH6A,135,135,135,135,7000
7/22/2025,JSMRZPCG6A,0,0,0,0,0
7/22/2025,JSPT,4580,4580,4520,4520,12900
7/22/2025,JTPE,272,276,254,266,10986800
7/22/2025,KAEF,570,570,540,550,1986200
7/22/2025,KAQI,50,50,50,50,100100
7/22/2025,KARW,810,810,810,810,386800
7/22/2025,KAYU,0,0,0,0,0
7/22/2025,KBAG,32,32,31,32,300100
7/22/2025,KBLI,392,392,386,390,222200
7/22/2025,KBLM,322,330,318,330,791900
7/22/2025,KBLV,54,58,52,54,20851600
7/22/2025,KBRI,0,0,0,0,0
7/22/2025,KDSI,470,480,468,472,38200
7/22/2025,KDTN,120,120,120,120,55900
7/22/2025,KEEN,815,820,800,810,4076700
7/22/2025,KEJU,595,600,575,585,185100
7/22/2025,KETR,254,260,220,228,11037200
7/22/2025,KIAS,21,21,21,21,505600
7/22/2025,KICI,111,113,110,112,90200
7/22/2025,KIJA,187,188,179,186,23680000
7/22/2025,KING,220,230,218,218,1402900
7/22/2025,KING-W,18,19,17,18,13220100
7/22/2025,KINO,1100,1100,1075,1090,14400
7/22/2025,KIOS,50,50,50,50,138400
7/22/2025,KJEN,111,111,106,109,886700
7/22/2025,KKES,26,26,25,25,102800
7/22/2025,KKGI,376,376,370,370,3326400
7/22/2025,KLAS,139,141,137,138,10434000
7/22/2025,KLBF,1500,1505,1460,1460,16426800
7/22/2025,KLBFBQCV5A,0,0,0,0,0
7/22/2025,KLBFDRCG6A,52,52,50,51,8700
7/22/2025,KLBFDRCN5A,0,0,0,0,0
7/22/2025,KLBFDRCQ5A,19,19,19,19,100
7/22/2025,KLBFHDCQ5A,0,0,0,0,0
7/22/2025,KLBFZPCF6A,0,0,0,0,0
7/22/2025,KLIN,122,124,121,122,256700
7/22/2025,KMDS,610,610,565,570,1061000
7/22/2025,KMTR,264,268,262,264,68700
7/22/2025,KOBX,150,151,148,149,1164900
7/22/2025,KOCI,51,52,50,52,2705600
7/22/2025,KOCI-W,6,6,5,6,1228000
7/22/2025,KOIN,68,68,68,68,8700
7/22/2025,KOKA,70,71,68,69,2411000
7/22/2025,KONI,1490,1600,1270,1270,193500
7/22/2025,KOPI,376,376,370,374,275600
7/22/2025,KOTA,17,17,17,17,885400
7/22/2025,KPIG,161,170,160,163,146927400
7/22/2025,KRAS,298,298,298,298,46153100
7/22/2025,KREN,9,10,9,9,6642100
7/22/2025,KRYA,262,278,256,262,24895900
7/22/2025,KSIX,199,202,195,202,711100
7/22/2025,KUAS,51,51,50,51,138400
7/22/2025,LABA,0,0,0,0,0
7/22/2025,LABS,137,138,134,135,307800
7/22/2025,LAJU,50,50,50,50,19900
7/22/2025,LAND,21,21,21,21,271500
7/22/2025,LAPD,40,40,40,40,1275900
7/22/2025,LCGP,0,0,0,0,0
7/22/2025,LCKM,228,228,208,214,9400
7/22/2025,LEAD,72,72,70,71,9272400
7/22/2025,LFLO,278,278,242,248,1049700
7/22/2025,LIFE,6325,6500,6325,6500,400
7/22/2025,LINK,1700,1700,1700,1700,20600
7/22/2025,LION,382,386,370,378,17100
7/22/2025,LIVE,154,155,152,152,6547100
7/22/2025,LMAS,0,0,0,0,0
7/22/2025,LMAX,56,57,52,53,2297000
7/22/2025,LMPI,144,145,140,140,398900
7/22/2025,LMSH,0,0,0,0,0
7/22/2025,LOPI,41,44,40,41,13711000
7/22/2025,LPCK,498,505,490,492,703600
7/22/2025,LPGI,400,420,392,402,23700
7/22/2025,LPIN,370,372,368,372,135100
7/22/2025,LPKR,84,84,82,83,19754400
7/22/2025,LPLI,288,288,276,284,96200
7/22/2025,LPPF,1760,1770,1730,1735,3405300
7/22/2025,LPPS,56,57,55,56,1551200
7/22/2025,LRNA,137,141,137,137,105100
7/22/2025,LSIP,1325,1325,1300,1305,9421400
7/22/2025,LSIPZPCG6A,71,73,71,73,2000
7/22/2025,LTLS,865,920,855,870,185700
7/22/2025,LUCK,68,68,65,65,1532800
7/22/2025,LUCY,72,76,71,73,432300
7/22/2025,MABA,0,0,0,0,0
7/22/2025,MAGP,0,0,0,0,0
7/22/2025,MAHA,145,146,143,144,1512700
7/22/2025,MAIN,690,705,685,690,3481600
7/22/2025,MANG,31,32,30,31,1316000
7/22/2025,MANG-W,24,24,23,24,13800
7/22/2025,MAPA,655,660,625,635,39642800
7/22/2025,MAPAHDCZ5A,50,50,50,50,5000
7/22/2025,MAPAZPCH6A,41,41,41,41,50000
7/22/2025,MAPB,1990,2010,1900,1945,8500
7/22/2025,MAPI,1140,1145,1100,1110,17668000
7/22/2025,MAPIBQCV5A,0,0,0,0,0
7/22/2025,MAPIDRCQ5A,8,8,7,7,3064600
7/22/2025,MAPIDRCX5A,31,31,21,22,520200
7/22/2025,MAPIHDCQ5A,0,0,0,0,0
7/22/2025,MARI,22,22,21,22,4496600
7/22/2025,MARK,675,680,650,660,19456500
7/22/2025,MASA,0,0,0,0,0
7/22/2025,MASB,3300,3300,3300,3300,500
7/22/2025,MAXI,50,50,50,50,34300
7/22/2025,MAYA,182,183,180,181,1998900
7/22/2025,MBAP,1665,1690,1660,1675,68300
7/22/2025,MBMA,585,590,520,525,473808200
7/22/2025,MBMADRCQ5A,41,45,26,27,7864900
7/22/2025,MBMADRCX5A,75,75,55,56,2866800
7/22/2025,MBMAHDCH6A,128,128,107,107,36400
7/22/2025,MBMAHDCQ5A,23,24,12,14,20090700
7/22/2025,MBMAZPCX5A,116,116,101,101,51700
7/22/2025,MBSS,1840,1840,1765,1800,1743500
7/22/2025,MBTO,86,86,84,85,243600
7/22/2025,MCAS,1100,1105,1080,1085,51800
7/22/2025,MCOL,4030,4080,4020,4030,35500
7/22/2025,MCOR,65,67,65,66,5149100
7/22/2025,MDIA,22,22,21,21,297100
7/22/2025,MDIY,1295,1300,1280,1285,200400
7/22/2025,MDKA,2500,2560,2310,2340,114097400
7/22/2025,MDKABQCV5A,144,144,138,139,103000
7/22/2025,MDKADRCN5A,2,4,1,2,2854100
7/22/2025,MDKADRCQ5A,45,46,31,31,1501600
7/22/2025,MDKADRCV5A,109,111,90,92,1796800
7/22/2025,MDKAHDCU5A,256,266,206,212,18300
7/22/2025,MDKAHDCZ5A,170,170,170,170,500
7/22/2025,MDKAYUCQ5A,144,144,144,144,100
7/22/2025,MDKAZPCF6A,93,93,82,82,36100
7/22/2025,MDKI,160,161,159,159,204800
7/22/2025,MDLA,187,188,180,187,21100500
7/22/2025,MDLN,51,51,50,51,1033600
7/22/2025,MDRN,7,7,7,7,1658200
7/22/2025,MEDC,1285,1290,1250,1260,38036400
7/22/2025,MEDCBQCV5A,0,0,0,0,0
7/22/2025,MEDCBQCZ5A,0,0,0,0,0
7/22/2025,MEDCDRCG6A,44,44,42,42,106300
7/22/2025,MEDCDRCN5A,1,2,1,1,7946100
7/22/2025,MEDCDRCQ5A,43,44,42,42,2449800
7/22/2025,MEDCDRPV5A,0,0,0,0,0
7/22/2025,MEDCHDCQ5A,86,86,86,86,1800
7/22/2025,MEDCZPCF6A,41,41,41,41,3000
7/22/2025,MEDS,50,50,50,50,2600
7/22/2025,MEGA,3250,3250,3250,3250,1500
7/22/2025,MEJA,0,0,0,0,0
7/22/2025,MEJA-W,0,0,0,0,0
7/22/2025,MENN,46,47,45,46,11528400
7/22/2025,MERI,410,410,410,410,4482400
7/22/2025,MERK,2940,2940,2880,2910,52900
7/22/2025,META,0,0,0,0,0
7/22/2025,MFIN,0,0,0,0,0
7/22/2025,MFMI,0,0,0,0,0
7/22/2025,MGLV,635,635,530,635,2634300
7/22/2025,MGNA,33,33,32,32,118100
7/22/2025,MGNA-W,0,0,0,0,0
7/22/2025,MGRO,695,705,680,700,5365200
7/22/2025,MHKI,134,138,130,131,3971400
7/22/2025,MICE,468,470,468,470,3300
7/22/2025,MIDI,412,424,408,418,19625800
7/22/2025,MIKA,2500,2500,2430,2440,8441200
7/22/2025,MIKAZPCG6A,32,32,32,32,1500
7/22/2025,MINA,105,109,97,102,524663200
7/22/2025,MINE,498,530,496,520,11905100
7/22/2025,MIRA,42,42,42,42,6391900
7/22/2025,MITI,185,208,183,184,8195900
7/22/2025,MKAP,332,334,328,332,670900
7/22/2025,MKNT,0,0,0,0,0
7/22/2025,MKPI,22275,22275,22025,22250,8600
7/22/2025,MKTR,106,107,104,105,283700
7/22/2025,MKTR-W,6,7,5,6,2627300
7/22/2025,MLBI,6000,6100,5950,6000,1347000
7/22/2025,MLIA,338,340,332,336,4890100
7/22/2025,MLPL,110,113,105,108,124332200
7/22/2025,MLPT,32450,32600,32000,32200,5700
7/22/2025,MMIX,198,206,196,206,8391200
7/22/2025,MMLP,590,610,555,565,157043400
7/22/2025,MNCN,260,266,256,256,31825600
7/22/2025,MOLI,200,204,195,195,484600
7/22/2025,MORA,384,388,374,384,1083600
7/22/2025,MPIX,62,64,62,63,2134000
7/22/2025,MPIX-W,8,8,7,8,42300
7/22/2025,MPMX,975,980,970,975,6736200
7/22/2025,MPOW,115,119,115,118,837700
7/22/2025,MPPA,63,64,60,61,50362000
7/22/2025,MPRO,2140,2180,2140,2180,1400
7/22/2025,MPXL,109,116,107,115,8816900
7/22/2025,MRAT,258,258,250,256,87400
7/22/2025,MREI,1045,1050,1010,1045,562900
7/22/2025,MSIE,26,26,24,25,1035400
7/22/2025,MSIN,505,505,494,500,61475500
7/22/2025,MSJA,298,298,296,296,819300
7/22/2025,MSKY,53,54,52,53,3230700
7/22/2025,MSTI,1465,1520,1465,1520,4529500
7/22/2025,MTDL,560,570,560,565,5375300
7/22/2025,MTEL,625,630,610,610,16156200
7/22/2025,MTFN,5,5,5,5,11145500
7/22/2025,MTLA,444,450,442,442,10800
7/22/2025,MTMH,850,855,845,845,132500
7/22/2025,MTPS,45,45,42,42,113400
7/22/2025,MTRA,0,0,0,0,0
7/22/2025,MTSM,0,0,0,0,0
7/22/2025,MTWI,324,352,310,328,2474700
7/22/2025,MUTU,91,92,90,91,1442200
7/22/2025,MUTU-W,1,1,1,1,112800
7/22/2025,MYOH,1710,1720,1705,1720,26000
7/22/2025,MYOR,2090,2090,2000,2010,11353400
7/22/2025,MYORZPCH6A,0,0,0,0,0
7/22/2025,MYTX,0,0,0,0,0
7/22/2025,NAIK,160,163,157,158,6708400
7/22/2025,NAIK-W,30,31,29,30,6486000
7/22/2025,NANO,24,24,22,23,29499600
7/22/2025,NASA,17,17,16,16,1002800
7/22/2025,NASI,85,85,83,84,3186300
7/22/2025,NATO,140,140,139,140,76500
7/22/2025,NAYZ,41,42,40,40,1403800
7/22/2025,NCKL,710,720,685,685,51421800
7/22/2025,NELY,364,370,364,370,326700
7/22/2025,NEST,298,300,294,294,3477100
7/22/2025,NETV,146,146,138,143,2668700
7/22/2025,NFCX,1950,1990,1880,1950,96800
7/22/2025,NICE,500,500,472,476,15549300
7/22/2025,NICK,1195,1195,1120,1180,16500
7/22/2025,NICL,1145,1165,1090,1090,59283800
7/22/2025,NIKL,242,242,234,236,465300
7/22/2025,NINE,68,69,65,68,22807100
7/22/2025,NIRO,123,123,120,121,8500
7/22/2025,NISP,1340,1350,1335,1340,2571800
7/22/2025,NOBU,560,565,550,560,8900800
7/22/2025,NPGF,50,50,50,50,706500
7/22/2025,NRCA,0,0,0,0,0
7/22/2025,NSSS,364,366,348,358,3496700
7/22/2025,NTBK,50,50,50,50,5400
7/22/2025,NUSA,0,0,0,0,0
7/22/2025,NZIA,87,88,85,86,1156300
7/22/2025,OASA,197,199,189,191,22251800
7/22/2025,OBAT,412,412,388,390,6956700
7/22/2025,OBAT-W,60,60,53,54,6676000
7/22/2025,OBMD,197,197,194,195,1022500
7/22/2025,OCAP,0,0,0,0,0
7/22/2025,OILS,103,107,102,103,129200
7/22/2025,OKAS,296,318,260,280,19413500
7/22/2025,OLIV,23,24,22,23,2045800
7/22/2025,OMED,173,175,171,175,1719100
7/22/2025,OMRE,422,422,422,422,3500
7/22/2025,OPMS,69,70,68,69,4272300
7/22/2025,PACK,3800,3850,3660,3700,5920600
7/22/2025,PADA,14,15,14,14,2809900
7/22/2025,PADI,34,37,34,37,3153800
7/22/2025,PALM,400,418,380,402,4263800
7/22/2025,PAMG,97,102,93,96,341247900
7/22/2025,PANI,15675,15900,14675,15075,22594400
7/22/2025,PANIHDCZ5A,242,244,224,224,809200
7/22/2025,PANR,1085,1100,1080,1100,7535800
7/22/2025,PANS,1430,1430,1415,1420,223600
7/22/2025,PART,130,137,124,132,15978000
7/22/2025,PART-W,24,25,21,23,25182300
7/22/2025,PBID,505,505,500,505,238200
7/22/2025,PBRX,20,21,20,20,16855400
7/22/2025,PBSA,374,376,366,372,1282800
7/22/2025,PCAR,27,27,27,27,4306300
7/22/2025,PDES,450,452,448,448,19600
7/22/2025,PDPP,498,498,490,490,336000
7/22/2025,PEGE,118,120,114,114,3470400
7/22/2025,PEHA,336,340,320,326,42100
7/22/2025,PEVE,354,372,342,356,973200
7/22/2025,PGAS,1630,1635,1605,1605,40084800
7/22/2025,PGASBQCU5A,0,0,0,0,0
7/22/2025,PGASBQCZ5A,67,67,67,67,10000
7/22/2025,PGASDRCG6A,69,69,66,66,32200
7/22/2025,PGASDRCN5A,34,34,34,34,1600
7/22/2025,PGASDRCQ5A,27,27,26,26,10100
7/22/2025,PGASHDCQ5A,0,0,0,0,0
7/22/2025,PGASYUCQ5A,71,71,71,71,100
7/22/2025,PGEO,1675,1690,1580,1585,136827600
7/22/2025,PGEODRCN5A,120,124,110,111,77200
7/22/2025,PGEODRCQ5A,126,126,110,111,3094000
7/22/2025,PGEODRPV5A,32,32,32,32,100
7/22/2025,PGEOHDCH6A,95,95,88,88,58000
7/22/2025,PGEOHDCQ5A,126,127,115,118,220400
7/22/2025,PGJO,0,0,0,0,0
7/22/2025,PGLI,138,175,130,133,7139200
7/22/2025,PGUN,795,800,605,620,1480500
7/22/2025,PICO,130,130,125,127,320400
7/22/2025,PIPA,67,69,67,68,7288300
7/22/2025,PJAA,480,486,480,480,68000
7/22/2025,PKPK,650,675,595,615,308700
7/22/2025,PLAN,39,41,38,41,1783500
7/22/2025,PLAS,0,0,0,0,0
7/22/2025,PLIN,0,0,0,0,0
7/22/2025,PMJS,124,124,120,123,56400
7/22/2025,PMMP,0,0,0,0,0
7/22/2025,PMUI,124,132,121,124,60822600
7/22/2025,PNBN,1130,1155,1125,1130,10474900
7/22/2025,PNBS,50,50,50,50,133800
7/22/2025,PNGO,1900,1920,1890,1890,20800
7/22/2025,PNIN,920,920,885,885,1715700
7/22/2025,PNLF,264,266,258,258,76410200
7/22/2025,PNLFHDCZ5A,0,0,0,0,0
7/22/2025,PNLFYUCV5A,16,16,16,16,624900
7/22/2025,PNLFZPCH6A,45,45,45,45,1000
7/22/2025,PNSE,745,800,745,775,57600
7/22/2025,POLA,16,16,15,15,681900
7/22/2025,POLI,0,0,0,0,0
7/22/2025,POLL,0,0,0,0,0
7/22/2025,POLU,0,0,0,0,0
7/22/2025,POLY,19,19,19,19,200
7/22/2025,POOL,0,0,0,0,0
7/22/2025,PORT,880,920,870,910,44900
7/22/2025,POSA,0,0,0,0,0
7/22/2025,POWR,695,700,685,690,4835300
7/22/2025,PPGL,99,99,97,98,183200
7/22/2025,PPRE,58,61,57,59,2659600
7/22/2025,PPRI,146,148,141,145,494500
7/22/2025,PPRO,0,0,0,0,0
7/22/2025,PRAY,610,620,600,620,4500
7/22/2025,PRDA,2890,2890,2870,2880,459900
7/22/2025,PRIM,59,61,59,61,2716100
7/22/2025,PSAB,482,486,432,438,238240300
7/22/2025,PSAT,2180,2180,1905,1945,18105800
7/22/2025,PSDN,78,78,76,77,241300
7/22/2025,PSGO,177,180,175,179,894900
7/22/2025,PSKT,36,37,36,37,2720400
7/22/2025,PSSI,346,346,342,346,64000
7/22/2025,PTBA,2430,2450,2420,2420,16287900
7/22/2025,PTBABQCV5A,0,0,0,0,0
7/22/2025,PTBADRCG6A,33,34,33,33,35200
7/22/2025,PTBADRCN5A,0,0,0,0,0
7/22/2025,PTBADRCQ5A,17,17,17,17,100
7/22/2025,PTBAHDCQ5A,0,0,0,0,0
7/22/2025,PTBAZPCH6A,0,0,0,0,0
7/22/2025,PTDU,0,0,0,0,0
7/22/2025,PTIS,348,364,348,362,12800
7/22/2025,PTMP,95,96,92,92,20775400
7/22/2025,PTMR,0,0,0,0,0
7/22/2025,PTPP,422,428,414,414,18502300
7/22/2025,PTPS,136,140,126,127,53313900
7/22/2025,PTPW,935,945,935,940,17200
7/22/2025,PTRO,4150,4160,3780,3830,102846700
7/22/2025,PTSN,216,220,214,214,102900
7/22/2025,PTSP,1000,1010,960,1000,109400
7/22/2025,PUDP,212,214,210,210,15300
7/22/2025,PURA,13,14,13,14,414900
7/22/2025,PURE,0,0,0,0,0
7/22/2025,PURI,186,187,181,184,42300
7/22/2025,PWON,360,364,348,350,95510900
7/22/2025,PWONHDCZ5A,0,0,0,0,0
7/22/2025,PWONZPCH6A,0,0,0,0,0
7/22/2025,PYFA,450,462,414,432,160142900
7/22/2025,PYFA-W,103,105,94,99,3481100
7/22/2025,PZZA,163,163,156,159,1671900
7/22/2025,R-ABFII,0,0,0,0,0
7/22/2025,R-LQ45X,969,975,962,962,6900
7/22/2025,RAAM,272,272,264,266,11494100
7/22/2025,RAFI,0,0,0,0,0
7/22/2025,RAJA,2650,2660,2460,2500,42438900
7/22/2025,RALS,404,406,400,406,17760000
7/22/2025,RANC,414,414,406,408,38200
7/22/2025,RATU,7450,7675,7050,7050,16534300
7/22/2025,RBMS,23,25,23,25,190600
7/22/2025,RCCC,106,108,106,106,491200
7/22/2025,RDTX,0,0,0,0,0
7/22/2025,REAL,49,49,47,47,8119400
7/22/2025,RELF,20,20,19,20,968100
7/22/2025,RELI,870,880,790,880,908700
7/22/2025,RGAS,132,133,130,132,9155500
7/22/2025,RICY,36,36,36,36,1700
7/22/2025,RIGS,780,800,770,795,177800
7/22/2025,RIMO,0,0,0,0,0
7/22/2025,RISE,1050,1050,1045,1045,663000
7/22/2025,RMKE,510,515,505,510,288200
7/22/2025,RMKO,99,100,98,98,386300
7/22/2025,ROCK,236,242,236,242,61200
7/22/2025,RODA,34,36,34,36,116700
7/22/2025,RONY,0,0,0,0,0
7/22/2025,ROTI,830,845,825,830,1407400
7/22/2025,RSCH,456,462,450,456,6321900
7/22/2025,RSGK,0,0,0,0,0
7/22/2025,RUIS,188,189,184,187,1371300
7/22/2025,RUNS,57,61,56,61,2001500
7/22/2025,SAFE,232,292,206,208,9069100
7/22/2025,SAGE,12,13,12,12,999100
7/22/2025,SAME,256,260,248,252,2817300
7/22/2025,SAMF,334,340,332,332,78000
7/22/2025,SAPX,308,318,300,304,499200
7/22/2025,SATU,238,238,234,234,4559000
7/22/2025,SBAT,0,0,0,0,0
7/22/2025,SBMA,118,119,114,115,4862700
7/22/2025,SCCO,2190,2220,2170,2210,42700
7/22/2025,SCMA,192,193,180,181,174852500
7/22/2025,SCMABQCZ5A,42,42,40,40,1000
7/22/2025,SCMAHDCZ5A,140,140,135,135,10100
7/22/2025,SCMAZPCG6A,68,68,65,65,900
7/22/2025,SCNP,158,158,154,154,54000
7/22/2025,SCPI,0,0,0,0,0
7/22/2025,SDMU,40,40,40,40,1222600
7/22/2025,SDPC,130,130,127,128,24200
7/22/2025,SDRA,300,300,294,296,336700
7/22/2025,SEMA,85,86,84,84,871700
7/22/2025,SFAN,1930,1930,1930,1930,110800
7/22/2025,SGER,334,338,324,336,90878600
7/22/2025,SGRO,2790,2800,2760,2770,486300
7/22/2025,SHID,1200,1310,1140,1250,209800
7/22/2025,SHIP,3060,3080,2990,3030,62700
7/22/2025,SICO,112,112,109,110,2052400
7/22/2025,SIDO,515,530,515,525,43785600
7/22/2025,SILO,2160,2170,2140,2150,678600
7/22/2025,SIMA,0,0,0,0,0
7/22/2025,SIMP,550,550,530,535,12595500
7/22/2025,SINI,3500,3500,3500,3500,93000
7/22/2025,SIPD,715,715,715,715,2400
7/22/2025,SKBM,340,348,330,346,219700
7/22/2025,SKLT,192,194,187,193,78900
7/22/2025,SKRN,440,440,436,436,159900
7/22/2025,SKYB,0,0,0,0,0
7/22/2025,SLIS,50,50,50,50,217400
7/22/2025,SLIS-W,7,7,6,7,18800
7/22/2025,SMAR,3670,3670,3550,3570,105100
7/22/2025,SMBR,304,312,286,286,72956800
7/22/2025,SMCB,0,0,0,0,0
7/22/2025,SMDM,835,870,815,820,132800
7/22/2025,SMDR,346,350,336,342,44369900
7/22/2025,SMGA,81,88,81,86,126960100
7/22/2025,SMGR,2490,2490,2400,2410,25049900
7/22/2025,SMGRBQCU5A,11,11,9,9,1685800
7/22/2025,SMGRBQCZ5A,31,31,31,31,5800
7/22/2025,SMGRDRCN5A,2,2,2,2,50000
7/22/2025,SMGRDRCQ5A,2,2,2,2,16000
7/22/2025,SMGRDRCV5A,39,40,37,37,431400
7/22/2025,SMGRHDCZ5A,83,84,83,84,12800
7/22/2025,SMIL,280,282,270,278,123931400
7/22/2025,SMKL,156,159,156,158,74700
7/22/2025,SMKM,69,71,64,66,7325100
7/22/2025,SMLE,127,127,124,124,604000
7/22/2025,SMMA,0,0,0,0,0
7/22/2025,SMMT,895,905,870,875,50000
7/22/2025,SMRA,392,394,384,388,30352100
7/22/2025,SMRAHDCZ5A,117,117,117,117,500
7/22/2025,SMRAZPCH6A,47,47,46,46,4400
7/22/2025,SMRU,0,0,0,0,0
7/22/2025,SMSM,1910,1915,1890,1900,524500
7/22/2025,SNLK,525,530,510,515,6759500
7/22/2025,SOCI,171,172,168,171,2446100
7/22/2025,SOFA,46,46,43,45,3644600
7/22/2025,SOHO,690,725,685,685,13800
7/22/2025,SOLA,130,130,124,125,31376500
7/22/2025,SONA,3320,3350,3200,3250,22600
7/22/2025,SOSS,418,442,416,438,13000
7/22/2025,SOTS,268,282,268,274,477100
7/22/2025,SOUL,36,37,35,36,1149000
7/22/2025,SPMA,260,260,254,260,162600
7/22/2025,SPRE,93,93,85,86,1404200
7/22/2025,SPTO,665,665,660,665,158300
7/22/2025,SQMI,0,0,0,0,0
7/22/2025,SRAJ,4450,4510,4450,4500,141400
7/22/2025,SRIL,0,0,0,0,0
7/22/2025,SRSN,50,51,50,51,849100
7/22/2025,SRTG,1970,2020,1945,1975,43243400
7/22/2025,SRTGZPCG6A,116,116,116,116,500
7/22/2025,SSIA,2860,2910,2590,2610,119578900
7/22/2025,SSMS,1410,1435,1385,1395,10137400
7/22/2025,SSTM,164,166,159,165,178600
7/22/2025,STAA,840,855,840,850,15629700
7/22/2025,STAR,28,28,28,28,20600
7/22/2025,STRK,90,92,86,88,15421800
7/22/2025,STTP,10600,10600,10600,10600,100
7/22/2025,SUGI,0,0,0,0,0
7/22/2025,SULI,111,114,108,114,5420300
7/22/2025,SUNI,870,875,845,850,373000
7/22/2025,SUPR,0,0,0,0,0
7/22/2025,SURE,2530,2530,2410,2480,13400
7/22/2025,SURI,121,122,110,116,61594300
7/22/2025,SWAT,0,0,0,0,0
7/22/2025,SWID,60,61,59,60,170900
7/22/2025,TALF,314,318,300,302,6800
7/22/2025,TAMA,26,27,26,27,136100
7/22/2025,TAMU,14,15,14,15,3123000
7/22/2025,TAPG,1315,1340,1290,1335,18130100
7/22/2025,TAPGHDCH6A,144,144,144,144,5000
7/22/2025,TAPGZPCH6A,70,70,70,70,8000
7/22/2025,TARA,9,10,9,9,1238500
7/22/2025,TAXI,7,7,6,7,31592600
7/22/2025,TAYS,50,50,50,50,20300
7/22/2025,TBIG,2000,2010,1970,1980,314700
7/22/2025,TBLA,820,820,805,810,5808500
7/22/2025,TBMS,1100,1100,990,1060,208600
7/22/2025,TCID,2250,2250,2090,2240,8500
7/22/2025,TCPI,5650,5675,5525,5675,5941900
7/22/2025,TDPM,0,0,0,0,0
7/22/2025,TEBE,1115,1200,1070,1200,14819600
7/22/2025,TECH,0,0,0,0,0
7/22/2025,TELE,0,0,0,0,0
7/22/2025,TFAS,134,136,129,130,730200
7/22/2025,TFCO,0,0,0,0,0
7/22/2025,TGKA,6075,6075,6075,6075,200
7/22/2025,TGRA,0,0,0,0,0
7/22/2025,TGUK,0,0,0,0,0
7/22/2025,TIFA,625,630,575,600,10800
7/22/2025,TINS,1075,1095,1050,1055,48650200
7/22/2025,TIRA,1785,1810,1710,1790,41500
7/22/2025,TIRT,0,0,0,0,0
7/22/2025,TKIM,5600,5675,5575,5575,853600
7/22/2025,TKIMZPCG6A,61,61,61,61,200
7/22/2025,TLDN,590,600,585,600,788500
7/22/2025,TLKM,2800,2850,2800,2850,108243300
7/22/2025,TLKMBQCQ5A,51,51,50,50,300
7/22/2025,TLKMBQCV5A,0,0,0,0,0
7/22/2025,TLKMDRCQ5A,39,40,39,40,1600
7/22/2025,TLKMDRCQ5B,88,92,87,89,500
7/22/2025,TLKMDRCX6A,1725,1725,1725,1725,127900
7/22/2025,TLKMHDCQ5A,0,0,0,0,0
7/22/2025,TLKMHDCV5A,0,0,0,0,0
7/22/2025,TLKMYUCQ5A,88,88,87,87,200
7/22/2025,TLKMZPCF6A,0,0,0,0,0
7/22/2025,TMAS,129,130,128,128,3087100
7/22/2025,TMPO,177,210,159,163,68326000
7/22/2025,TNCA,140,143,140,142,292500
7/22/2025,TOBA,1130,1160,1010,1035,317249300
7/22/2025,TOOL,50,51,50,51,291300
7/22/2025,TOPS,0,0,0,0,0
7/22/2025,TOSK,50,50,50,50,218400
7/22/2025,TOTL,695,695,660,680,3666300
7/22/2025,TOTO,232,234,228,232,1530600
7/22/2025,TOWR,665,665,640,650,126000200
7/22/2025,TOYS,0,0,0,0,0
7/22/2025,TPIA,9350,9425,8750,8825,19920700
7/22/2025,TPMA,610,615,605,610,4036300
7/22/2025,TRAM,0,0,0,0,0
7/22/2025,TRGU,184,190,184,189,55400
7/22/2025,TRIL,0,0,0,0,0
7/22/2025,TRIM,382,390,374,374,799400
7/22/2025,TRIN,107,109,103,103,2099000
7/22/2025,TRIN-W2,0,0,0,0,0
7/22/2025,TRIO,0,0,0,0,0
7/22/2025,TRIS,175,179,169,179,160900
7/22/2025,TRJA,136,141,135,136,354300
7/22/2025,TRON,102,102,100,100,1191700
7/22/2025,TRST,0,0,0,0,0
7/22/2025,TRUE,18,18,18,18,575200
7/22/2025,TRUK,151,155,151,153,2818400
7/22/2025,TRUS,460,464,460,462,5400
7/22/2025,TSPC,2280,2280,2240,2250,1640100
7/22/2025,TUGU,985,995,965,970,4218700
7/22/2025,TYRE,129,132,126,128,159200
7/22/2025,UANG,204,208,202,204,287300
7/22/2025,UCID,498,505,496,500,543100
7/22/2025,UDNG,1175,1290,1175,1290,1287400
7/22/2025,UFOE,171,172,166,168,193600
7/22/2025,ULTJ,1305,1305,1285,1300,9306300
7/22/2025,UNIC,7825,7950,7800,7850,4000
7/22/2025,UNIQ,366,382,362,380,54898800
7/22/2025,UNIT,0,0,0,0,0
7/22/2025,UNSP,120,124,120,123,193700
7/22/2025,UNTD,78,78,77,78,3993000
7/22/2025,UNTR,22975,23150,22925,23050,4614300
7/22/2025,UNTRBQCV5A,0,0,0,0,0
7/22/2025,UNTRDRCG6A,114,117,114,117,5500
7/22/2025,UNTRDRCN5A,0,0,0,0,0
7/22/2025,UNTRDRCQ5A,26,28,26,28,5100
7/22/2025,UNTRHDCQ5A,0,0,0,0,0
7/22/2025,UNVR,1550,1585,1550,1570,15936600
7/22/2025,UNVRBQCQ5A,9,11,9,10,531800
7/22/2025,UNVRBQCU5A,28,28,27,27,600
7/22/2025,UNVRBQCZ5A,88,88,87,87,600
7/22/2025,UNVRDRCG6A,36,36,36,36,1300
7/22/2025,UNVRDRCN5A,0,0,0,0,0
7/22/2025,UNVRDRCQ5A,3,3,3,3,200000
7/22/2025,UNVRHDCQ5A,0,0,0,0,0
7/22/2025,UNVRZPCH6A,41,41,40,40,2900
7/22/2025,URBN,128,137,128,133,408000
7/22/2025,UVCR,76,78,74,75,5074200
7/22/2025,VAST,183,185,181,184,5674700
7/22/2025,VAST-W,14,14,13,14,2065000
7/22/2025,VERN,118,120,116,118,1354800
7/22/2025,VERN-W,4,4,3,4,7502800
7/22/2025,VICI,635,635,625,630,339900
7/22/2025,VICO,159,163,156,158,1610400
7/22/2025,VINS,112,115,112,113,386900
7/22/2025,VISI,140,144,140,142,1649900
7/22/2025,VIVA,12,13,12,13,534200
7/22/2025,VKTR,88,90,85,86,17280000
7/22/2025,VOKS,192,194,189,190,56800
7/22/2025,VRNA,73,75,73,74,21600
7/22/2025,VTNY,111,116,109,113,10363300
7/22/2025,WAPO,149,153,145,147,977900
7/22/2025,WEGE,51,55,50,54,26870600
7/22/2025,WEHA,116,118,116,118,2479400
7/22/2025,WGSH,169,176,165,170,2913900
7/22/2025,WICO,0,0,0,0,0
7/22/2025,WIDI,20,20,19,20,14301000
7/22/2025,WIFI,3040,3200,2780,2830,532901700
7/22/2025,WIIM,870,880,830,845,1644800
7/22/2025,WIKA,0,0,0,0,0
7/22/2025,WINE,228,230,220,230,180500
7/22/2025,WINR,26,26,26,26,1999300
7/22/2025,WINS,380,386,370,372,3858500
7/22/2025,WIRG,118,126,112,114,1322592500
7/22/2025,WMPP,0,0,0,0,0
7/22/2025,WMUU,12,12,12,12,32430900
7/22/2025,WOMF,354,360,348,352,129400
7/22/2025,WOOD,430,430,410,414,4383300
7/22/2025,WOWS,57,57,56,56,1761300
7/22/2025,WSBP,13,13,13,13,3831900
7/22/2025,WSKT,0,0,0,0,0
7/22/2025,WTON,95,96,94,95,4500900
7/22/2025,XAQA,0,0,0,0,0
7/22/2025,XBES,1031,1031,1031,1031,10000
7/22/2025,XBID,501,501,501,501,40000
7/22/2025,XBIG,0,0,0,0,0
7/22/2025,XBIN,565,565,561,561,46900
7/22/2025,XBLQ,0,0,0,0,0
7/22/2025,XBNI,1000,1000,1000,1000,15000
7/22/2025,XBSK,429,429,429,429,40000
7/22/2025,XCEG,103,103,101,101,1100
7/22/2025,XCID,60,60,59,59,3000
7/22/2025,XCIS,0,0,0,0,0
7/22/2025,XCLQ,0,0,0,0,0
7/22/2025,XDIF,0,0,0,0,0
7/22/2025,XIFE,0,0,0,0,0
7/22/2025,XIHD,607,616,607,616,3400
7/22/2025,XIIC,0,0,0,0,0
7/22/2025,XIID,0,0,0,0,0
7/22/2025,XIIF,459,459,456,456,4000
7/22/2025,XIIT,511,511,507,507,21800
7/22/2025,XIJI,610,610,600,600,281800
7/22/2025,XILV,119,119,119,119,300
7/22/2025,XIML,251,251,250,250,200
7/22/2025,XIPB,199,199,196,196,7700
7/22/2025,XIPI,218,218,217,217,7500
7/22/2025,XISB,0,0,0,0,0
7/22/2025,XISC,0,0,0,0,0
7/22/2025,XISI,0,0,0,0,0
7/22/2025,XISR,424,427,423,426,7100
7/22/2025,XKID,0,0,0,0,0
7/22/2025,XKIV,542,542,541,541,40200
7/22/2025,XKMS,1143,1143,1127,1137,200400
7/22/2025,XMGB,1104,1104,1104,1104,100
7/22/2025,XMIG,212,212,212,212,100
7/22/2025,XMLF,865,865,865,865,40000
7/22/2025,XMSK,374,374,371,371,300
7/22/2025,XNVE,0,0,0,0,0
7/22/2025,XPDV,595,595,595,595,300
7/22/2025,XPFT,0,0,0,0,0
7/22/2025,XPIN,617,617,609,609,16900
7/22/2025,XPLQ,483,483,482,482,700
7/22/2025,XPSG,0,0,0,0,0
7/22/2025,XPTD,433,433,433,433,100
7/22/2025,XSBC,85,85,63,85,60000
7/22/2025,XSPI,0,0,0,0,0
7/22/2025,XSSI,48,63,48,50,165700
7/22/2025,XSSK,669,669,667,667,20100
7/22/2025,YELO,19,20,19,20,4377800
7/22/2025,YOII,94,96,93,95,2716400
7/22/2025,YPAS,0,0,0,0,0
7/22/2025,YULE,2700,2760,2300,2700,2500
7/22/2025,YUPI,1810,1830,1785,1790,109500
7/22/2025,ZATA,9,10,9,9,1412700
7/22/2025,ZBRA,0,0,0,0,0
7/22/2025,ZINC,12,12,12,12,4376800
7/22/2025,ZONE,810,815,810,815,148800
7/22/2025,ZYRX,129,133,129,130,854000
