<date>,<ticker>,<open>,<high>,<low>,<close>,<volume>
7/2/2025,IHSG,6896.422,6918.930,6838.404,6881.245,239992095
7/2/2025,IDX30,0.000,0.000,0.000,0.000,0
7/2/2025,IDX80,0.000,0.000,0.000,0.000,0
7/2/2025,AADI,6750,6800,6650,6700,6616300
7/2/2025,AALI,5875,5875,5700,5750,377100
7/2/2025,ABBA,37,37,37,37,387400
7/2/2025,ABDA,0,0,0,0,0
7/2/2025,ABMM,3000,3040,2890,2930,3942900
7/2/2025,ACES,498,498,486,488,23939200
7/2/2025,ACESBQCV5A,6,6,5,6,1494500
7/2/2025,ACESDRCN5A,1,1,1,1,1498500
7/2/2025,ACESDRCQ5A,1,1,1,1,100
7/2/2025,ACRO,60,61,59,60,2929800
7/2/2025,ACRO-W,6,7,6,7,66000
7/2/2025,ACST,89,89,88,88,661700
7/2/2025,ADCP,50,50,50,50,233800
7/2/2025,ADES,11025,11600,10950,11375,116200
7/2/2025,ADHI,232,236,224,224,6050500
7/2/2025,ADMF,8850,8900,8775,8850,225000
7/2/2025,ADMG,112,120,110,114,104000
7/2/2025,ADMR,985,990,920,925,54955100
7/2/2025,ADRO,1830,1835,1775,1775,54356500
7/2/2025,ADROBQCN5A,25,25,25,25,400
7/2/2025,ADROBQCU5A,0,0,0,0,0
7/2/2025,ADROBQCZ5A,0,0,0,0,0
7/2/2025,ADRODRCN5A,0,0,0,0,0
7/2/2025,ADRODRCQ5A,4,4,4,4,1913300
7/2/2025,ADRODRCQ5B,23,23,23,23,100
7/2/2025,ADRODRCX5A,49,49,46,47,110200
7/2/2025,ADROHDCN5A,0,0,0,0,0
7/2/2025,ADROHDCQ5A,12,12,11,11,144600
7/2/2025,ADROZPCF6A,41,41,41,41,100
7/2/2025,AEGS,30,32,30,31,1154500
7/2/2025,AGAR,238,270,224,224,89100
7/2/2025,AGII,990,1000,975,985,145400
7/2/2025,AGRO,197,200,195,197,7572400
7/2/2025,AGRS,65,65,64,65,2508900
7/2/2025,AHAP,66,66,64,65,1872900
7/2/2025,AIMS,318,318,316,316,6302400
7/2/2025,AISA,140,143,138,140,4994800
7/2/2025,AKKU,0,0,0,0,0
7/2/2025,AKPI,585,605,580,590,20800
7/2/2025,AKRA,1180,1185,1160,1165,7495700
7/2/2025,AKRADRCN5A,32,34,32,32,300
7/2/2025,AKRADRCQ5A,10,10,10,10,70300
7/2/2025,AKRADRCX5A,34,34,32,33,400
7/2/2025,AKRAHDCQ5A,17,17,17,17,3000
7/2/2025,AKRAZPCX5A,0,0,0,0,0
7/2/2025,AKSI,274,274,264,264,392600
7/2/2025,ALDO,496,496,494,496,3300
7/2/2025,ALII,630,630,610,610,3737100
7/2/2025,ALKA,306,306,290,296,31600
7/2/2025,ALMI,0,0,0,0,0
7/2/2025,ALTO,0,0,0,0,0
7/2/2025,AMAG,362,368,360,366,8600
7/2/2025,AMAN,102,102,99,100,244800
7/2/2025,AMAR,158,159,155,157,333300
7/2/2025,AMFG,3530,3530,3500,3500,62000
7/2/2025,AMIN,156,156,146,149,573700
7/2/2025,AMMN,8675,8700,8400,8575,21023600
7/2/2025,AMMS,0,0,0,0,0
7/2/2025,AMMS-W,0,0,0,0,0
7/2/2025,AMOR,555,560,535,535,283400
7/2/2025,AMRT,2370,2410,2320,2410,20876100
7/2/2025,AMRTBQCU5A,0,0,0,0,0
7/2/2025,AMRTDRCN5A,1,1,1,1,1800
7/2/2025,AMRTDRCQ5A,7,7,7,7,90400
7/2/2025,AMRTDRCZ5A,52,52,52,52,100
7/2/2025,AMRTHDCQ5A,41,41,41,41,50100
7/2/2025,AMRTZPCX5A,0,0,0,0,0
7/2/2025,ANDI,17,17,16,16,1611400
7/2/2025,ANJT,1720,1720,1715,1715,544900
7/2/2025,ANTM,3060,3070,2960,2990,98971800
7/2/2025,ANTMBQCU5A,0,0,0,0,0
7/2/2025,ANTMBQCX5A,96,98,90,90,198200
7/2/2025,ANTMBQCZ5A,0,0,0,0,0
7/2/2025,ANTMDRCG6A,59,59,55,59,152800
7/2/2025,ANTMDRCN5A,220,220,204,204,400
7/2/2025,ANTMDRCQ5A,266,266,256,256,500
7/2/2025,ANTMDRCX5A,300,304,286,290,425500
7/2/2025,ANTMDRPU5A,63,64,62,64,20700
7/2/2025,ANTMDRPU5B,38,40,38,38,9900
7/2/2025,ANTMHDCQ5A,374,374,372,374,30000
7/2/2025,ANTMHDCU5A,184,187,166,171,58700
7/2/2025,ANTMYUCQ5A,364,364,340,340,10100
7/2/2025,ANTMZPCX5A,0,0,0,0,0
7/2/2025,APEX,141,148,128,130,127394900
7/2/2025,APIC,1145,1160,1140,1155,4841100
7/2/2025,APII,168,173,168,172,42700
7/2/2025,APLI,500,500,484,496,600
7/2/2025,APLN,89,90,88,89,4932100
7/2/2025,ARCI,635,640,585,600,65072400
7/2/2025,AREA,432,432,410,410,1467000
7/2/2025,ARGO,615,615,600,600,5100
7/2/2025,ARII,270,276,270,272,95300
7/2/2025,ARKA,20,20,20,20,122100
7/2/2025,ARKO,790,805,790,795,10800
7/2/2025,ARMY,0,0,0,0,0
7/2/2025,ARNA,600,600,575,590,2258300
7/2/2025,ARTA,1905,1945,1800,1900,88300
7/2/2025,ARTI,0,0,0,0,0
7/2/2025,ARTO,1810,1815,1700,1715,5482600
7/2/2025,ARTOBQCU5A,22,22,16,16,25600
7/2/2025,ARTOBQCZ5A,0,0,0,0,0
7/2/2025,ARTODRCN5A,0,0,0,0,0
7/2/2025,ARTODRCQ5A,0,0,0,0,0
7/2/2025,ARTODRCX5A,41,41,35,35,528400
7/2/2025,ARTOZPCX5A,0,0,0,0,0
7/2/2025,ASBI,418,418,392,398,34700
7/2/2025,ASDM,600,625,590,610,908600
7/2/2025,ASGR,900,910,885,890,1207100
7/2/2025,ASHA,19,19,18,19,1861200
7/2/2025,ASII,4450,4550,4440,4540,34231600
7/2/2025,ASIIBQCU5A,0,0,0,0,0
7/2/2025,ASIIBQCZ5A,0,0,0,0,0
7/2/2025,ASIIDRCQ5A,21,21,20,20,300
7/2/2025,ASIIDRCQ5B,19,19,19,19,1000100
7/2/2025,ASIIDRCX5A,75,77,75,77,400
7/2/2025,ASIIDRCX6A,2570,2570,2570,2570,300
7/2/2025,ASIIDRPQ5A,39,40,39,40,4500
7/2/2025,ASJT,106,106,105,105,8100
7/2/2025,ASLC,64,65,63,64,9037800
7/2/2025,ASLI,50,50,50,50,608200
7/2/2025,ASMI,16,17,16,17,32400
7/2/2025,ASPI,218,240,199,199,6270100
7/2/2025,ASRI,127,127,123,124,9733200
7/2/2025,ASRM,286,288,284,284,5400
7/2/2025,ASSA,765,775,750,755,8284400
7/2/2025,ATAP,27,27,27,27,51600
7/2/2025,ATIC,388,388,378,384,106300
7/2/2025,ATLA,50,50,50,50,994500
7/2/2025,AUTO,2060,2060,2020,2050,1497600
7/2/2025,AVIA,452,452,442,450,11382200
7/2/2025,AWAN,262,264,256,256,21158100
7/2/2025,AXIO,132,134,128,130,818700
7/2/2025,AYAM,163,164,159,161,168918100
7/2/2025,AYLS,104,108,102,103,5916700
7/2/2025,BABP,51,52,51,52,7362100
7/2/2025,BABY,304,306,298,304,8499800
7/2/2025,BACA,130,131,130,130,866600
7/2/2025,BAIK,102,103,99,99,1860600
7/2/2025,BAIK-W,8,8,7,7,3014200
7/2/2025,BAJA,115,122,115,116,1442000
7/2/2025,BALI,1820,1820,1615,1670,221500
7/2/2025,BANK,835,835,810,810,5428900
7/2/2025,BANK-W,0,0,0,0,0
7/2/2025,BAPA,50,50,50,50,366700
7/2/2025,BAPI,9,9,9,9,805300
7/2/2025,BATA,50,50,50,50,1500
7/2/2025,BATR,80,81,79,79,1646500
7/2/2025,BAUT,28,28,26,26,376800
7/2/2025,BAYU,1315,1315,1280,1305,55800
7/2/2025,BBCA,8575,8675,8575,8675,68545100
7/2/2025,BBCABQCV5A,88,89,88,89,200
7/2/2025,BBCABQCX5A,0,0,0,0,0
7/2/2025,BBCADRCF6A,80,80,79,80,11100
7/2/2025,BBCADRCQ5A,44,44,42,42,400
7/2/2025,BBCADRCX6A,0,0,0,0,0
7/2/2025,BBCADRPQ5A,72,74,72,74,6800
7/2/2025,BBCAHDCQ5A,0,0,0,0,0
7/2/2025,BBCAHDCU5A,0,0,0,0,0
7/2/2025,BBCAHDCV5A,109,109,109,109,1000000
7/2/2025,BBCAYUCQ5A,74,74,74,74,100
7/2/2025,BBCAZPCF6A,0,0,0,0,0
7/2/2025,BBHI,775,800,775,790,590100
7/2/2025,BBKP,59,60,57,58,85248300
7/2/2025,BBLD,785,785,680,725,3300
7/2/2025,BBMD,2100,2140,2100,2140,200
7/2/2025,BBNI,4010,4040,3970,4020,31192900
7/2/2025,BBNIBQCU5A,0,0,0,0,0
7/2/2025,BBNIBQCV5A,0,0,0,0,0
7/2/2025,BBNIDRCQ5A,15,15,13,13,200
7/2/2025,BBNIDRCX6A,2180,2180,2180,2180,300
7/2/2025,BBNIDRCZ5A,56,56,56,56,100
7/2/2025,BBNIDRPU5A,40,40,38,38,200
7/2/2025,BBNIHDCQ5A,0,0,0,0,0
7/2/2025,BBNIHDCU5A,104,104,103,103,200000
7/2/2025,BBNIHDPU5A,0,0,0,0,0
7/2/2025,BBNIYUCV5A,70,70,70,70,100
7/2/2025,BBNIZPCX5A,0,0,0,0,0
7/2/2025,BBRI,3650,3700,3640,3680,220273500
7/2/2025,BBRIBQCQ5A,20,20,20,20,81100
7/2/2025,BBRIBQCU5A,0,0,0,0,0
7/2/2025,BBRIBQCZ5A,0,0,0,0,0
7/2/2025,BBRIDRCQ5A,32,32,29,31,2983200
7/2/2025,BBRIDRCX5A,144,144,141,141,200
7/2/2025,BBRIDRCX6A,2060,2060,2050,2050,1200
7/2/2025,BBRIDRPN5A,24,25,24,25,3400
7/2/2025,BBRIHDCQ5A,27,27,26,26,5000
7/2/2025,BBRIYUCV5A,142,144,142,144,200
7/2/2025,BBRIZPCX5A,77,78,77,78,6000000
7/2/2025,BBRM,76,77,74,76,949500
7/2/2025,BBSI,0,0,0,0,0
7/2/2025,BBSS,302,328,286,328,2180400
7/2/2025,BBTN,1100,1100,1070,1090,17967700
7/2/2025,BBYB,220,220,214,216,10901500
7/2/2025,BCAP,54,55,53,54,35160100
7/2/2025,BCIC,0,0,0,0,0
7/2/2025,BCIP,112,112,102,111,31851100
7/2/2025,BDKR,160,161,152,156,22815300
7/2/2025,BDMN,2420,2430,2410,2430,367700
7/2/2025,BEBS,0,0,0,0,0
7/2/2025,BEEF,270,270,258,260,10185700
7/2/2025,BEER,71,73,70,71,572800
7/2/2025,BEKS,26,26,25,25,2163900
7/2/2025,BELI,398,400,394,400,318600
7/2/2025,BELL,50,50,50,50,55600
7/2/2025,BESS,1160,1165,1110,1110,27800
7/2/2025,BEST,96,97,95,97,1983000
7/2/2025,BFIN,815,815,790,800,4580500
7/2/2025,BGTG,78,78,76,77,945000
7/2/2025,BHAT,690,690,680,690,2286200
7/2/2025,BHIT,24,24,24,24,12306400
7/2/2025,BIKA,0,0,0,0,0
7/2/2025,BIKE,585,590,570,575,842900
7/2/2025,BIMA,45,45,45,45,2400
7/2/2025,BINA,4280,4380,4280,4370,10800
7/2/2025,BINO,107,108,106,107,483800
7/2/2025,BIPI,80,80,78,79,9495000
7/2/2025,BIPP,41,43,41,43,25400
7/2/2025,BIRD,1855,1855,1820,1830,2853300
7/2/2025,BISI,935,950,930,940,311200
7/2/2025,BJBR,805,810,800,805,1614000
7/2/2025,BJTM,488,488,484,486,4772500
7/2/2025,BKDP,32,32,32,32,60100
7/2/2025,BKSL,127,129,121,125,261785100
7/2/2025,BKSW,59,60,58,59,530700
7/2/2025,BLES,174,174,170,171,5350700
7/2/2025,BLTA,20,21,20,20,478500
7/2/2025,BLTZ,0,0,0,0,0
7/2/2025,BLUE,338,346,338,342,455900
7/2/2025,BMAS,600,600,600,600,100
7/2/2025,BMBL,16,17,15,16,386700
7/2/2025,BMHS,208,208,199,199,1005400
7/2/2025,BMRI,4730,4770,4710,4770,159152200
7/2/2025,BMRIBQCN5A,27,28,27,28,59100
7/2/2025,BMRIBQCU5A,33,34,33,34,17300
7/2/2025,BMRIBQCZ5A,113,113,113,113,100
7/2/2025,BMRIDRCQ5A,11,11,10,11,2573600
7/2/2025,BMRIDRCX5A,73,74,72,72,4000200
7/2/2025,BMRIDRCX6A,0,0,0,0,0
7/2/2025,BMRIDRPN5A,32,33,32,33,51100
7/2/2025,BMRIHDCQ5A,0,0,0,0,0
7/2/2025,BMRIHDCU5A,0,0,0,0,0
7/2/2025,BMRIHDPU5A,0,0,0,0,0
7/2/2025,BMRIYUCQ5A,47,47,47,47,100
7/2/2025,BMRIZPCX5A,0,0,0,0,0
7/2/2025,BMSR,244,260,240,254,427300
7/2/2025,BMTR,128,130,126,129,57158400
7/2/2025,BNBA,820,870,820,865,196000
7/2/2025,BNBR,28,29,28,28,10235900
7/2/2025,BNGA,1675,1680,1660,1670,4135400
7/2/2025,BNII,198,198,194,195,158500
7/2/2025,BNLI,2740,2840,2650,2680,1108200
7/2/2025,BOAT,100,104,98,100,2639600
7/2/2025,BOBA,181,184,170,171,71700
7/2/2025,BOGA,560,570,555,565,560600
7/2/2025,BOLA,96,96,94,95,526500
7/2/2025,BOLT,1270,1280,1270,1275,492800
7/2/2025,BOSS,0,0,0,0,0
7/2/2025,BPFI,324,352,324,336,110800
7/2/2025,BPII,590,595,585,590,207800
7/2/2025,BPTR,90,92,89,89,829400
7/2/2025,BRAM,0,0,0,0,0
7/2/2025,BREN,5925,6050,5700,5825,15638000
7/2/2025,BRIS,2510,2530,2440,2460,16054400
7/2/2025,BRISYUCV5A,70,72,70,72,200
7/2/2025,BRMS,406,406,390,392,612745700
7/2/2025,BRMSYUCV5A,35,35,30,30,57200
7/2/2025,BRNA,640,680,635,675,9600
7/2/2025,BRPT,1660,1710,1530,1580,240635000
7/2/2025,BRPTBQCQ5A,334,334,334,334,200
7/2/2025,BRPTBQCV5A,210,212,199,199,117600
7/2/2025,BRPTBQCZ5A,0,0,0,0,0
7/2/2025,BRPTDRCF6A,121,121,102,110,603000
7/2/2025,BRPTDRCN5A,171,171,125,135,298800
7/2/2025,BRPTDRCQ5A,146,146,130,131,57900
7/2/2025,BRPTDRCX5A,140,140,118,126,221900
7/2/2025,BRPTHDCN5A,0,0,0,0,0
7/2/2025,BRPTHDCQ5A,0,0,0,0,0
7/2/2025,BRPTZPCF6A,0,0,0,0,0
7/2/2025,BRPTZPCX5A,0,0,0,0,0
7/2/2025,BRRC,61,61,57,58,16278800
7/2/2025,BRRC-W,9,9,8,9,4230700
7/2/2025,BSBK,50,50,50,50,374400
7/2/2025,BSDE,790,795,780,795,7418400
7/2/2025,BSIM,940,940,905,905,1600
7/2/2025,BSML,87,91,82,82,45985300
7/2/2025,BSSR,3900,3920,3890,3910,600700
7/2/2025,BSWD,1430,1430,1430,1430,100
7/2/2025,BTEK,5,6,5,5,36657800
7/2/2025,BTEL,0,0,0,0,0
7/2/2025,BTON,392,396,392,392,9300
7/2/2025,BTPN,2250,2250,2150,2170,93800
7/2/2025,BTPS,1315,1340,1305,1310,7910700
7/2/2025,BUAH,1630,1640,1615,1620,99100
7/2/2025,BUDI,220,226,220,224,76800
7/2/2025,BUKA,126,126,121,124,127927700
7/2/2025,BUKK,810,815,810,810,400
7/2/2025,BULL,135,137,122,131,381272200
7/2/2025,BUMI,115,115,109,114,1612196600
7/2/2025,BUVA,80,84,75,77,98457800
7/2/2025,BVIC,85,87,84,85,4974100
7/2/2025,BVIC-W,50,50,48,48,1300
7/2/2025,BWPT,61,61,59,60,8642900
7/2/2025,BYAN,19750,19875,19400,19725,32400
7/2/2025,CAKK,133,137,133,137,71300
7/2/2025,CAMP,206,206,200,204,2507400
7/2/2025,CANI,39,39,39,39,51100
7/2/2025,CARE,230,230,226,230,19699800
7/2/2025,CARS,81,86,80,82,6781700
7/2/2025,CASA,950,955,925,930,5061000
7/2/2025,CASH,56,62,56,62,1072200
7/2/2025,CASS,1965,1990,1965,1965,45600
7/2/2025,CBDK,5725,5725,5400,5400,5628500
7/2/2025,CBMF,0,0,0,0,0
7/2/2025,CBPE,188,188,186,186,12500
7/2/2025,CBRE,74,74,62,62,17909500
7/2/2025,CBUT,1145,1150,1055,1090,27800
7/2/2025,CCSI,332,332,320,328,82700
7/2/2025,CEKA,2990,3040,2980,3000,471500
7/2/2025,CENT,92,96,90,90,24130400
7/2/2025,CFIN,300,310,300,308,2125300
7/2/2025,CGAS,91,92,87,89,5710100
7/2/2025,CHEM,55,56,53,54,2895200
7/2/2025,CHIP,1290,1305,1185,1280,122500
7/2/2025,CINT,157,206,154,191,8932400
7/2/2025,CITA,3990,4010,3900,4000,108100
7/2/2025,CITY,83,92,83,86,7634100
7/2/2025,CLAY,1055,1065,1050,1060,102600
7/2/2025,CLEO,605,615,585,585,20168400
7/2/2025,CLPI,1155,1155,1110,1135,446600
7/2/2025,CMNP,1300,1310,1295,1305,421100
7/2/2025,CMNP-W,302,302,300,300,400
7/2/2025,CMNT,810,815,800,815,54345700
7/2/2025,CMPP,79,79,79,79,8100
7/2/2025,CMRY,4730,4870,4700,4810,1428500
7/2/2025,CNKO,34,34,32,32,3246800
7/2/2025,CNMA,158,163,151,155,34360700
7/2/2025,CNTB,0,0,0,0,0
7/2/2025,CNTX,0,0,0,0,0
7/2/2025,COAL,37,37,36,36,1943800
7/2/2025,COCO,165,188,155,155,29301900
7/2/2025,COWL,0,0,0,0,0
7/2/2025,CPIN,4660,4660,4550,4650,2386100
7/2/2025,CPINDRCG6A,83,83,80,81,3000
7/2/2025,CPINDRCN5A,53,53,49,51,42300
7/2/2025,CPINDRCQ5A,24,24,21,21,5500
7/2/2025,CPINHDCQ5A,0,0,0,0,0
7/2/2025,CPRI,0,0,0,0,0
7/2/2025,CPRO,51,51,50,50,19747800
7/2/2025,CRAB,236,236,234,234,291400
7/2/2025,CRSN,102,105,100,102,760800
7/2/2025,CSAP,256,258,244,244,395200
7/2/2025,CSIS,74,77,74,74,890100
7/2/2025,CSMI,1800,1815,1550,1600,326300
7/2/2025,CSRA,670,675,650,675,63500
7/2/2025,CTBN,8100,8100,8100,8100,200
7/2/2025,CTRA,965,975,945,955,18176000
7/2/2025,CTTH,24,24,24,24,19500
7/2/2025,CUAN,12825,12975,11900,12050,21958800
7/2/2025,CYBR,945,955,935,950,14028500
7/2/2025,CYBR-W,480,530,480,530,3100
7/2/2025,DAAZ,4000,4060,3990,4020,297200
7/2/2025,DADA,0,0,0,0,0
7/2/2025,DART,141,143,138,138,299800
7/2/2025,DATA,1245,1315,1220,1240,5011300
7/2/2025,DAYA,900,910,880,910,6400
7/2/2025,DCII,151950,151950,150500,151950,900
7/2/2025,DEAL,0,0,0,0,0
7/2/2025,DEFI,0,0,0,0,0
7/2/2025,DEPO,210,216,200,210,94700
7/2/2025,DEWA,178,178,172,174,168048000
7/2/2025,DEWI,94,94,92,94,22000700
7/2/2025,DFAM,50,50,50,50,300
7/2/2025,DGIK,87,87,83,84,5093300
7/2/2025,DGNS,156,157,151,155,16502100
7/2/2025,DGWG,450,458,440,442,6996600
7/2/2025,DIGI,20,20,19,19,921400
7/2/2025,DILD,127,129,125,125,3739800
7/2/2025,DIVA,106,109,105,108,4781000
7/2/2025,DKFT,456,458,438,442,38370600
7/2/2025,DKHH,67,68,65,67,12171700
7/2/2025,DKHH-W,12,13,12,12,1492400
7/2/2025,DLTA,2100,2100,2040,2050,40500
7/2/2025,DMAS,138,138,136,137,26234000
7/2/2025,DMMX,360,372,360,370,2708000
7/2/2025,DMND,530,560,498,498,833900
7/2/2025,DNAR,103,106,102,105,719500
7/2/2025,DNET,0,0,0,0,0
7/2/2025,DOID,394,394,376,380,12712900
7/2/2025,DOOH,92,92,88,88,37552700
7/2/2025,DOSS,154,157,150,152,998600
7/2/2025,DPNS,232,232,228,230,76100
7/2/2025,DPUM,50,50,50,50,100000
7/2/2025,DRMA,965,970,960,960,250800
7/2/2025,DSFI,57,58,55,56,3185200
7/2/2025,DSNG,780,795,775,795,22147000
7/2/2025,DSSA,52825,54300,52225,54300,5055000
7/2/2025,DUCK,0,0,0,0,0
7/2/2025,DUTI,3360,3360,3360,3360,200
7/2/2025,DVLA,1635,1635,1600,1600,31500
7/2/2025,DWGL,216,220,208,216,114600
7/2/2025,DYAN,88,89,86,88,1216000
7/2/2025,EAST,96,97,96,96,277200
7/2/2025,ECII,185,185,174,177,661400
7/2/2025,EDGE,3780,3820,3750,3790,18000
7/2/2025,EKAD,183,185,181,184,17500
7/2/2025,ELIT,160,162,157,158,3878700
7/2/2025,ELPI,354,354,350,354,146800
7/2/2025,ELSA,466,468,460,464,23834800
7/2/2025,ELTY,9,10,9,10,2148300
7/2/2025,EMDE,92,92,90,91,72500
7/2/2025,EMTK,482,484,470,478,23096500
7/2/2025,EMTKYUCV5A,29,29,25,26,46200
7/2/2025,ENAK,715,715,705,710,390000
7/2/2025,ENRG,336,338,328,330,99111900
7/2/2025,ENVY,0,0,0,0,0
7/2/2025,ENZO,0,0,0,0,0
7/2/2025,EPAC,13,13,13,13,1859900
7/2/2025,EPMT,2260,2270,2250,2250,44000
7/2/2025,ERAA,525,540,515,515,49210500
7/2/2025,ERAL,328,354,320,324,45963700
7/2/2025,ERTX,103,103,99,102,622500
7/2/2025,ESIP,27,29,27,29,284000
7/2/2025,ESSA,590,595,565,570,42434400
7/2/2025,ESTA,66,69,65,66,839500
7/2/2025,ESTI,36,36,36,36,113200
7/2/2025,ETWA,0,0,0,0,0
7/2/2025,EURO,146,152,146,149,146600
7/2/2025,EXCL,2320,2330,2260,2280,4781500
7/2/2025,EXCLHDCQ5A,0,0,0,0,0
7/2/2025,EXCLZPCF6A,0,0,0,0,0
7/2/2025,FAPA,5450,5450,5400,5450,12800
7/2/2025,FAST,292,292,274,276,1845100
7/2/2025,FASW,0,0,0,0,0
7/2/2025,FILM,1940,1960,1760,1950,6496900
7/2/2025,FIMP,0,0,0,0,0
7/2/2025,FIRE,76,77,75,77,1499400
7/2/2025,FISH,0,0,0,0,0
7/2/2025,FITT,0,0,0,0,0
7/2/2025,FLMC,44,48,42,48,493700
7/2/2025,FMII,362,376,322,336,131600
7/2/2025,FOLK,67,68,65,66,3037500
7/2/2025,FOOD,99,105,99,105,28100
7/2/2025,FORE,615,620,575,590,19191100
7/2/2025,FORU,1340,1420,1310,1320,128200
7/2/2025,FORZ,0,0,0,0,0
7/2/2025,FPNI,200,200,195,197,1235300
7/2/2025,FUJI,424,432,422,424,40600
7/2/2025,FUTR,72,72,68,69,16694900
7/2/2025,FWCT,145,149,144,146,241600
7/2/2025,GAMA,0,0,0,0,0
7/2/2025,GDST,101,103,98,100,1626000
7/2/2025,GDYR,1095,1105,1090,1095,9600
7/2/2025,GEMA,96,98,94,95,214500
7/2/2025,GEMS,9175,9200,8875,8975,359900
7/2/2025,GGRM,8925,9000,8850,8925,255900
7/2/2025,GGRP,0,0,0,0,0
7/2/2025,GHON,1580,1620,1530,1560,21400
7/2/2025,GIAA,73,74,73,73,58966800
7/2/2025,GJTL,1115,1120,1100,1105,6148800
7/2/2025,GLOB,59,59,59,59,7600
7/2/2025,GLVA,342,344,320,332,55000
7/2/2025,GMFI,63,63,63,63,972800
7/2/2025,GMTD,2450,2580,2450,2450,1300
7/2/2025,GOLD,244,248,244,248,3000
7/2/2025,GOLF,220,222,216,218,1378500
7/2/2025,GOLL,0,0,0,0,0
7/2/2025,GOOD,358,358,356,358,218300
7/2/2025,GOTO,58,59,56,57,4064954000
7/2/2025,GOTOBQCZ5A,9,9,9,9,800
7/2/2025,GOTODRCG6A,11,11,11,11,133500
7/2/2025,GOTODRCN5A,0,0,0,0,0
7/2/2025,GOTODRCQ5A,6,6,5,5,1000600
7/2/2025,GOTOHDCQ5A,0,0,0,0,0
7/2/2025,GOTOM,0,0,0,0,0
7/2/2025,GPRA,155,156,151,152,98897700
7/2/2025,GPSO,366,366,346,350,545300
7/2/2025,GRIA,83,83,80,83,24100
7/2/2025,GRPH,50,50,50,50,169900
7/2/2025,GRPM,50,51,49,50,1347600
7/2/2025,GRPM-W,15,15,14,15,1500200
7/2/2025,GSMF,52,54,52,53,54000
7/2/2025,GTBO,165,165,160,164,80200
7/2/2025,GTRA,134,134,130,130,249800
7/2/2025,GTSI,40,40,40,40,38500
7/2/2025,GULA,258,262,258,260,161400
7/2/2025,GUNA,262,270,260,264,277600
7/2/2025,GWSA,122,123,122,122,41500
7/2/2025,GZCO,88,89,86,86,3532500
7/2/2025,HADE,7,8,7,8,3165400
7/2/2025,HAIS,187,188,185,186,5733400
7/2/2025,HAJJ,121,132,119,131,22066700
7/2/2025,HAJJ-W,10,15,10,15,51478300
7/2/2025,HALO,77,81,71,74,22945700
7/2/2025,HALO-W,9,9,7,8,29825000
7/2/2025,HATM,302,304,296,298,40629400
7/2/2025,HBAT,66,68,60,66,4115900
7/2/2025,HDFA,102,106,102,106,1100
7/2/2025,HDIT,18,18,18,18,67900
7/2/2025,HDTX,0,0,0,0,0
7/2/2025,HEAL,1440,1480,1440,1465,45543800
7/2/2025,HELI,266,266,250,250,572700
7/2/2025,HERO,396,410,370,372,690700
7/2/2025,HEXA,4920,4930,4900,4920,123400
7/2/2025,HGII,159,159,155,159,4747300
7/2/2025,HILL,258,258,242,244,3125800
7/2/2025,HITS,0,0,0,0,0
7/2/2025,HKMU,0,0,0,0,0
7/2/2025,HMSP,595,605,590,605,6001800
7/2/2025,HOKI,89,99,88,95,69508000
7/2/2025,HOME,0,0,0,0,0
7/2/2025,HOMI,212,218,208,210,19600
7/2/2025,HOPE,51,53,51,52,1125600
7/2/2025,HOTL,0,0,0,0,0
7/2/2025,HRME,25,25,25,25,14700
7/2/2025,HRTA,615,615,590,595,9738100
7/2/2025,HRUM,825,830,800,805,6396500
7/2/2025,HUMI,53,56,53,53,48909300
7/2/2025,HUMI-W,6,6,5,6,21774500
7/2/2025,HYGN,143,144,138,143,3707300
7/2/2025,IATA,50,51,50,50,6129100
7/2/2025,IATA-W,29,29,28,28,22700
7/2/2025,IBFN,13,13,13,13,73600
7/2/2025,IBOS,27,27,25,27,671700
7/2/2025,IBST,0,0,0,0,0
7/2/2025,ICBP,10425,10625,10350,10500,3473000
7/2/2025,ICBPDRCQ5A,20,20,20,20,180000
7/2/2025,ICBPDRCX6A,0,0,0,0,0
7/2/2025,ICBPHDCQ5A,20,20,20,20,1350000
7/2/2025,ICBPZPCX5A,77,77,76,76,2900
7/2/2025,ICON,37,37,37,37,1100
7/2/2025,IDEA,48,50,46,50,758700
7/2/2025,IDPR,195,212,188,196,1437800
7/2/2025,IFII,244,248,242,244,59200
7/2/2025,IFSH,750,795,750,755,6000
7/2/2025,IGAR,580,580,580,580,100
7/2/2025,IIKP,0,0,0,0,0
7/2/2025,IKAI,8,8,7,8,5318600
7/2/2025,IKAN,63,77,61,69,163319700
7/2/2025,IKBI,386,388,384,388,8000
7/2/2025,IKPM,218,218,206,214,442600
7/2/2025,IMAS,790,805,790,790,71700
7/2/2025,IMJS,187,189,185,187,713200
7/2/2025,IMPC,304,308,296,300,25007400
7/2/2025,INAF,0,0,0,0,0
7/2/2025,INAI,160,160,155,157,318700
7/2/2025,INCF,22,22,21,22,58300
7/2/2025,INCI,585,585,575,580,67700
7/2/2025,INCO,3500,3510,3390,3430,9152200
7/2/2025,INCOBQCQ5A,0,0,0,0,0
7/2/2025,INCOBQCV5A,66,66,60,60,348300
7/2/2025,INCODRCN5A,39,39,35,35,39300
7/2/2025,INCODRCQ5A,10,11,8,8,988300
7/2/2025,INCODRCX5A,80,80,78,78,300
7/2/2025,INCOHDCQ5A,110,110,97,98,80000
7/2/2025,INCOZPCX5A,0,0,0,0,0
7/2/2025,INDF,7975,8050,7875,7975,11433200
7/2/2025,INDFBQCV5A,141,145,141,145,300
7/2/2025,INDFDRCQ5A,34,36,33,34,70800
7/2/2025,INDFDRCX6A,0,0,0,0,0
7/2/2025,INDFHDCQ5A,25,25,24,24,452600
7/2/2025,INDO,178,183,175,179,1631200
7/2/2025,INDR,2100,2150,2030,2120,20400
7/2/2025,INDS,230,258,228,246,1432000
7/2/2025,INDX,82,84,79,80,5920100
7/2/2025,INDY,1335,1355,1320,1340,4116200
7/2/2025,INET,168,170,162,162,145139700
7/2/2025,INET-W,77,79,75,76,5428400
7/2/2025,INKP,5550,5625,5450,5475,6371800
7/2/2025,INKPDRCF6A,96,97,93,97,400
7/2/2025,INKPDRCN5A,0,0,0,0,0
7/2/2025,INKPDRCQ5A,12,12,11,11,227100
7/2/2025,INKPHDCQ5A,0,0,0,0,0
7/2/2025,INKPZPCF6A,0,0,0,0,0
7/2/2025,INOV,82,84,82,83,6000
7/2/2025,INPC,149,151,147,148,4625600
7/2/2025,INPP,800,805,760,805,11300
7/2/2025,INPS,140,154,137,149,10989300
7/2/2025,INRU,1075,1075,1050,1050,97700
7/2/2025,INTA,11,12,11,12,50900
7/2/2025,INTD,187,187,184,187,1200
7/2/2025,INTP,5300,5300,5100,5225,2195200
7/2/2025,IOTF,111,115,104,104,161541700
7/2/2025,IPAC,149,149,132,145,10900
7/2/2025,IPCC,1025,1035,990,995,1709100
7/2/2025,IPCM,272,272,268,270,440600
7/2/2025,IPOL,131,131,130,131,462400
7/2/2025,IPPE,0,0,0,0,0
7/2/2025,IPTV,29,29,28,29,5587600
7/2/2025,IRRA,414,416,400,408,890200
7/2/2025,IRSX,27,28,27,28,940000
7/2/2025,IRSX-W,1,1,1,1,210200
7/2/2025,ISAP,11,12,10,10,39727800
7/2/2025,ISAP-W,3,4,2,2,1795700
7/2/2025,ISAT,2120,2170,2090,2120,14476600
7/2/2025,ISATBQCU5A,0,0,0,0,0
7/2/2025,ISATDRCG6A,81,86,80,80,87800
7/2/2025,ISATDRCX5A,63,63,59,59,3200
7/2/2025,ISATHDCQ5A,120,122,120,121,68800
7/2/2025,ISATZPCF6A,0,0,0,0,0
7/2/2025,ISEA,64,70,63,65,10361600
7/2/2025,ISEA-W,1,1,1,1,220300
7/2/2025,ISSP,324,324,308,324,6047800
7/2/2025,ITIC,216,218,214,218,75600
7/2/2025,ITMA,830,830,730,760,84249000
7/2/2025,ITMG,22075,22350,22075,22275,1375700
7/2/2025,JARR,372,374,368,370,1288200
7/2/2025,JAST,59,59,57,58,9195000
7/2/2025,JATI,161,165,152,152,37205700
7/2/2025,JAWA,146,147,142,144,2976000
7/2/2025,JAYA,98,101,95,98,2259000
7/2/2025,JECC,820,825,795,810,40100
7/2/2025,JGLE,8,9,8,8,24019900
7/2/2025,JIHD,580,600,545,560,1287600
7/2/2025,JKON,74,75,73,75,8886500
7/2/2025,JKSW,0,0,0,0,0
7/2/2025,JMAS,131,131,125,129,397300
7/2/2025,JPFA,1450,1470,1430,1460,23731300
7/2/2025,JRPT,705,710,705,710,861900
7/2/2025,JSKY,0,0,0,0,0
7/2/2025,JSMR,3620,3630,3550,3550,3167600
7/2/2025,JSPT,5600,5650,5100,5275,35000
7/2/2025,JTPE,246,246,242,244,4541500
7/2/2025,KAEF,0,0,0,0,0
7/2/2025,KAQI,50,50,50,50,219700
7/2/2025,KARW,810,815,810,815,705900
7/2/2025,KAYU,0,0,0,0,0
7/2/2025,KBAG,33,33,33,33,5195400
7/2/2025,KBLI,394,396,388,396,347500
7/2/2025,KBLM,298,298,288,290,77300
7/2/2025,KBLV,55,55,52,54,2253700
7/2/2025,KBRI,0,0,0,0,0
7/2/2025,KDSI,472,488,472,486,45500
7/2/2025,KDTN,122,128,120,126,59000
7/2/2025,KEEN,780,785,770,775,6747500
7/2/2025,KEJU,560,575,560,575,712200
7/2/2025,KETR,200,200,195,198,218100
7/2/2025,KIAS,17,19,17,19,1173500
7/2/2025,KICI,111,113,109,111,299600
7/2/2025,KIJA,178,180,176,180,93571800
7/2/2025,KING,212,212,206,210,931600
7/2/2025,KING-W,18,18,16,17,724100
7/2/2025,KINO,1100,1100,1055,1065,57700
7/2/2025,KIOS,50,50,50,50,301000
7/2/2025,KJEN,0,0,0,0,0
7/2/2025,KKES,23,23,23,23,182200
7/2/2025,KKGI,364,366,358,362,2936900
7/2/2025,KLAS,130,131,128,128,10551700
7/2/2025,KLBF,1515,1525,1470,1510,32190200
7/2/2025,KLBFBQCV5A,0,0,0,0,0
7/2/2025,KLBFDRCG6A,54,60,53,60,600
7/2/2025,KLBFDRCN5A,50,56,50,56,300
7/2/2025,KLBFDRCQ5A,36,36,29,34,300
7/2/2025,KLBFHDCQ5A,43,43,43,43,1000
7/2/2025,KLBFZPCF6A,52,52,52,52,2200
7/2/2025,KLIN,146,149,141,145,35500
7/2/2025,KMDS,570,570,560,565,12100
7/2/2025,KMTR,264,272,250,260,96700
7/2/2025,KOBX,149,152,146,149,581400
7/2/2025,KOCI,50,50,50,50,62300
7/2/2025,KOCI-W,5,5,5,5,1900
7/2/2025,KOIN,65,65,65,65,1400
7/2/2025,KOKA,69,69,64,67,13339100
7/2/2025,KONI,1225,1265,1215,1215,700
7/2/2025,KOPI,374,378,364,370,548100
7/2/2025,KOTA,18,18,18,18,13592000
7/2/2025,KPAL,0,0,0,0,0
7/2/2025,KPAS,0,0,0,0,0
7/2/2025,KPIG,172,177,171,176,85679300
7/2/2025,KRAH,0,0,0,0,0
7/2/2025,KRAS,238,246,230,234,86986600
7/2/2025,KREN,10,10,9,9,1868800
7/2/2025,KRYA,264,264,212,264,122295900
7/2/2025,KSIX,200,200,196,196,451900
7/2/2025,KUAS,51,51,50,50,576600
7/2/2025,LABA,214,228,208,220,102103300
7/2/2025,LABS,135,136,131,134,762400
7/2/2025,LAJU,50,50,50,50,30300
7/2/2025,LAND,22,22,21,21,301200
7/2/2025,LAPD,23,24,23,24,6822300
7/2/2025,LCGP,0,0,0,0,0
7/2/2025,LCKM,204,210,192,199,6600
7/2/2025,LEAD,81,82,72,73,47925000
7/2/2025,LFLO,258,276,234,276,176900
7/2/2025,LIFE,6475,7000,6475,6775,5800
7/2/2025,LINK,1555,1555,1555,1555,16200
7/2/2025,LION,382,394,378,386,22100
7/2/2025,LIVE,140,140,138,140,331900
7/2/2025,LMAS,0,0,0,0,0
7/2/2025,LMAX,41,41,38,38,4748000
7/2/2025,LMPI,138,143,138,140,284900
7/2/2025,LMSH,0,0,0,0,0
7/2/2025,LOPI,35,37,34,35,6648500
7/2/2025,LPCK,462,464,452,452,435800
7/2/2025,LPGI,444,500,404,444,3615800
7/2/2025,LPIN,374,376,366,370,93500
7/2/2025,LPKR,81,85,80,82,32823400
7/2/2025,LPLI,278,300,278,280,479100
7/2/2025,LPPF,1705,1710,1665,1700,2495800
7/2/2025,LPPS,58,60,55,56,4693000
7/2/2025,LRNA,136,139,132,132,23400
7/2/2025,LSIP,1195,1260,1165,1260,15685500
7/2/2025,LTLS,875,875,870,870,4900
7/2/2025,LUCK,67,71,65,68,2286600
7/2/2025,LUCY,90,92,86,87,156400
7/2/2025,MABA,0,0,0,0,0
7/2/2025,MAGP,0,0,0,0,0
7/2/2025,MAHA,150,150,145,148,1651200
7/2/2025,MAIN,620,620,600,605,1601600
7/2/2025,MAMI,0,0,0,0,0
7/2/2025,MAMIP,0,0,0,0,0
7/2/2025,MANG,31,32,30,32,1334500
7/2/2025,MANG-W,26,26,25,25,14400
7/2/2025,MAPA,705,740,700,720,38316900
7/2/2025,MAPB,0,0,0,0,0
7/2/2025,MAPI,1220,1250,1180,1250,13914300
7/2/2025,MAPIBQCV5A,0,0,0,0,0
7/2/2025,MAPIDRCQ5A,23,26,22,26,227500
7/2/2025,MAPIDRCX5A,32,34,32,34,2089700
7/2/2025,MAPIHDCQ5A,19,19,19,19,3500
7/2/2025,MARI,26,26,26,26,2168300
7/2/2025,MARK,650,665,635,650,36042300
7/2/2025,MASA,0,0,0,0,0
7/2/2025,MASB,0,0,0,0,0
7/2/2025,MAXI,51,51,50,51,1813600
7/2/2025,MAYA,183,183,180,181,847800
7/2/2025,MBAP,1660,1670,1640,1645,44000
7/2/2025,MBMA,438,460,434,438,349323000
7/2/2025,MBMADRCQ5A,15,18,14,15,24693600
7/2/2025,MBMADRCX5A,41,42,38,38,293700
7/2/2025,MBMAHDCQ5A,8,9,7,7,10531300
7/2/2025,MBMAZPCX5A,72,72,71,71,50600
7/2/2025,MBSS,1365,1420,1325,1350,1320800
7/2/2025,MBTO,85,85,83,85,438700
7/2/2025,MCAS,1215,1225,1125,1150,21000
7/2/2025,MCOL,4550,4550,4500,4510,6000
7/2/2025,MCOR,68,68,66,67,3735900
7/2/2025,MDIA,21,21,21,21,294600
7/2/2025,MDIY,1405,1550,1405,1495,39400
7/2/2025,MDKA,2020,2080,1980,1995,56671300
7/2/2025,MDKABQCN5A,96,98,96,98,187000
7/2/2025,MDKABQCV5A,79,86,79,79,168800
7/2/2025,MDKADRCN5A,3,4,2,3,1328800
7/2/2025,MDKADRCQ5A,20,23,20,20,1373100
7/2/2025,MDKADRCV5A,64,65,58,62,64100
7/2/2025,MDKAHDCU5A,148,159,141,141,85400
7/2/2025,MDKAYUCQ5A,86,86,76,78,10200
7/2/2025,MDKAZPCF6A,0,0,0,0,0
7/2/2025,MDKI,157,159,154,156,376600
7/2/2025,MDLA,197,198,195,195,5385800
7/2/2025,MDLN,50,51,50,50,2613600
7/2/2025,MDRN,8,8,7,7,1389600
7/2/2025,MEDC,1260,1260,1215,1245,68317400
7/2/2025,MEDCBQCV5A,128,128,124,124,1100
7/2/2025,MEDCBQCZ5A,0,0,0,0,0
7/2/2025,MEDCDRCG6A,42,43,41,43,293400
7/2/2025,MEDCDRCN5A,7,7,5,6,4572500
7/2/2025,MEDCDRCQ5A,49,49,42,44,765600
7/2/2025,MEDCHDCQ5A,92,92,92,92,2100
7/2/2025,MEDCZPCF6A,41,41,41,41,5000
7/2/2025,MEDS,50,50,50,50,1000
7/2/2025,MEGA,3290,3430,3290,3290,1800
7/2/2025,MEJA,0,0,0,0,0
7/2/2025,MEJA-W,0,0,0,0,0
7/2/2025,MENN,44,45,43,44,15933900
7/2/2025,MERK,3010,3010,2970,2970,21300
7/2/2025,META,0,0,0,0,0
7/2/2025,MFIN,3100,3130,3020,3070,11400
7/2/2025,MFMI,0,0,0,0,0
7/2/2025,MGLV,0,0,0,0,0
7/2/2025,MGNA,34,34,33,33,26000
7/2/2025,MGNA-W,16,16,15,15,12100
7/2/2025,MGRO,715,715,700,715,5232300
7/2/2025,MHKI,130,130,125,127,508200
7/2/2025,MICE,484,484,464,482,400
7/2/2025,MIDI,420,422,418,420,5100700
7/2/2025,MIKA,2640,2700,2610,2680,7850800
7/2/2025,MINA,105,133,101,123,1135665900
7/2/2025,MINE,545,545,510,515,6802800
7/2/2025,MIRA,15,15,15,15,2527900
7/2/2025,MITI,180,183,176,183,653900
7/2/2025,MKAP,342,344,328,328,305400
7/2/2025,MKNT,0,0,0,0,0
7/2/2025,MKPI,22300,22300,22000,22225,8800
7/2/2025,MKTR,111,112,108,111,235300
7/2/2025,MKTR-W,6,6,5,6,1592500
7/2/2025,MLBI,5725,5750,5700,5725,305400
7/2/2025,MLIA,290,294,284,284,3929400
7/2/2025,MLPL,94,95,91,92,21449200
7/2/2025,MLPT,36000,36000,33300,33925,11300
7/2/2025,MMIX,208,210,202,204,2740400
7/2/2025,MMLP,505,515,500,500,203700
7/2/2025,MNCN,244,252,242,248,36696900
7/2/2025,MOLI,194,195,192,192,6000
7/2/2025,MORA,424,448,418,422,6100
7/2/2025,MPIX,59,62,59,62,2259900
7/2/2025,MPIX-W,7,8,7,8,103800
7/2/2025,MPMX,965,970,960,960,1909300
7/2/2025,MPOW,122,123,119,120,877200
7/2/2025,MPPA,51,52,50,51,16684400
7/2/2025,MPRO,2170,2200,2170,2200,1700
7/2/2025,MPXL,119,119,112,114,10361000
7/2/2025,MRAT,250,254,246,246,79900
7/2/2025,MREI,810,835,810,820,420100
7/2/2025,MSIE,24,24,23,24,805200
7/2/2025,MSIN,520,525,510,525,42356900
7/2/2025,MSJA,300,306,298,300,172000
7/2/2025,MSKY,54,54,52,53,1895900
7/2/2025,MSTI,1345,1350,1315,1320,3410900
7/2/2025,MTDL,530,540,525,525,4772000
7/2/2025,MTEL,555,555,530,535,9190400
7/2/2025,MTFN,0,0,0,0,0
7/2/2025,MTLA,480,480,440,480,12700
7/2/2025,MTMH,865,870,850,865,71700
7/2/2025,MTPS,43,44,43,44,722300
7/2/2025,MTRA,0,0,0,0,0
7/2/2025,MTSM,0,0,0,0,0
7/2/2025,MTWI,220,224,216,216,1070900
7/2/2025,MUTU,100,107,97,103,12100700
7/2/2025,MUTU-W,2,3,1,2,17289200
7/2/2025,MYOH,1735,1750,1720,1740,35000
7/2/2025,MYOR,2180,2210,2170,2180,9581900
7/2/2025,MYRX,0,0,0,0,0
7/2/2025,MYRXP,0,0,0,0,0
7/2/2025,MYTX,0,0,0,0,0
7/2/2025,NAIK,150,199,148,191,367160200
7/2/2025,NAIK-W,34,47,33,37,132888500
7/2/2025,NANO,23,23,22,22,12329700
7/2/2025,NASA,15,15,15,15,12300
7/2/2025,NASI,77,99,75,93,131259700
7/2/2025,NATO,156,156,138,138,136600
7/2/2025,NAYZ,41,43,39,41,2183200
7/2/2025,NCKL,660,665,645,650,14769100
7/2/2025,NELY,380,380,376,378,97900
7/2/2025,NEST,312,320,310,314,7850700
7/2/2025,NETV,149,151,145,148,1663600
7/2/2025,NFCX,1630,1990,1630,1700,58700
7/2/2025,NICE,344,384,344,352,5722500
7/2/2025,NICK,1450,1450,1230,1280,21000
7/2/2025,NICL,1010,1025,930,950,5615200
7/2/2025,NIKL,236,236,226,226,540000
7/2/2025,NINE,72,72,72,72,11969400
7/2/2025,NIPS,0,0,0,0,0
7/2/2025,NIRO,124,124,110,121,561200
7/2/2025,NISP,1350,1350,1335,1335,1587400
7/2/2025,NOBU,790,795,665,665,59245700
7/2/2025,NPGF,28,30,28,30,1879800
7/2/2025,NRCA,312,318,312,312,564100
7/2/2025,NSSS,320,324,312,322,5802200
7/2/2025,NTBK,50,50,50,50,400
7/2/2025,NUSA,0,0,0,0,0
7/2/2025,NZIA,86,107,83,91,23669600
7/2/2025,OASA,0,0,0,0,0
7/2/2025,OBAT,362,368,352,356,4411800
7/2/2025,OBAT-W,44,47,41,46,5294000
7/2/2025,OBMD,190,192,186,189,175900
7/2/2025,OCAP,0,0,0,0,0
7/2/2025,OILS,99,130,99,116,30959900
7/2/2025,OKAS,150,153,145,145,3668800
7/2/2025,OLIV,19,19,18,19,924100
7/2/2025,OMED,178,180,175,180,1064400
7/2/2025,OMRE,0,0,0,0,0
7/2/2025,OPMS,71,71,68,70,6165300
7/2/2025,PACK,3640,3640,3640,3640,525400
7/2/2025,PADA,14,14,14,14,818100
7/2/2025,PADI,38,38,38,38,4739300
7/2/2025,PALM,348,352,340,340,119000
7/2/2025,PAMG,68,69,67,68,2691600
7/2/2025,PANI,11350,11450,10875,10925,5786200
7/2/2025,PANR,885,900,870,895,9420000
7/2/2025,PANS,1590,1630,1570,1630,582500
7/2/2025,PART,117,121,113,119,25631000
7/2/2025,PART-W,20,20,18,20,14307000
7/2/2025,PBID,494,498,492,498,329500
7/2/2025,PBRX,21,21,20,21,6778000
7/2/2025,PBSA,372,374,358,364,1569500
7/2/2025,PCAR,31,32,31,32,1164900
7/2/2025,PDES,426,426,424,424,16700
7/2/2025,PDPP,530,540,500,525,573900
7/2/2025,PEGE,113,113,109,112,224200
7/2/2025,PEHA,326,330,314,318,38300
7/2/2025,PEVE,332,332,318,326,275900
7/2/2025,PGAS,1590,1590,1570,1580,22601400
7/2/2025,PGASBQCU5A,0,0,0,0,0
7/2/2025,PGASBQCZ5A,0,0,0,0,0
7/2/2025,PGASDRCG6A,0,0,0,0,0
7/2/2025,PGASDRCN5A,41,41,41,41,21700
7/2/2025,PGASDRCQ5A,30,32,30,32,3600
7/2/2025,PGASHDCQ5A,0,0,0,0,0
7/2/2025,PGASYUCQ5A,73,73,73,73,100
7/2/2025,PGEO,1395,1395,1345,1360,66693600
7/2/2025,PGEODRCN5A,61,61,52,55,17580200
7/2/2025,PGEODRCQ5A,77,79,73,76,3919300
7/2/2025,PGEOHDCQ5A,80,80,79,79,64600
7/2/2025,PGJO,0,0,0,0,0
7/2/2025,PGLI,115,118,113,114,44100
7/2/2025,PGUN,570,570,530,565,24700
7/2/2025,PICO,132,132,128,130,596300
7/2/2025,PIPA,69,69,67,67,15218500
7/2/2025,PJAA,476,482,474,476,100800
7/2/2025,PKPK,670,675,650,675,33500
7/2/2025,PLAN,45,45,42,44,603600
7/2/2025,PLAS,0,0,0,0,0
7/2/2025,PLIN,0,0,0,0,0
7/2/2025,PMJS,118,120,118,119,34100
7/2/2025,PMMP,0,0,0,0,0
7/2/2025,PNBN,1140,1175,1140,1155,16725500
7/2/2025,PNBS,50,50,50,50,298400
7/2/2025,PNGO,1760,1880,1740,1760,9700
7/2/2025,PNIN,930,930,895,915,380300
7/2/2025,PNLF,256,260,254,254,97906400
7/2/2025,PNLFYUCV5A,17,17,17,17,1500
7/2/2025,PNSE,970,1015,870,915,280300
7/2/2025,POLA,15,15,15,15,194500
7/2/2025,POLI,745,745,745,745,100
7/2/2025,POLL,0,0,0,0,0
7/2/2025,POLU,0,0,0,0,0
7/2/2025,POLY,19,19,19,19,1600
7/2/2025,POOL,0,0,0,0,0
7/2/2025,PORT,855,890,840,880,25800
7/2/2025,POSA,0,0,0,0,0
7/2/2025,POWR,680,685,680,680,449600
7/2/2025,PPGL,99,100,98,99,19700
7/2/2025,PPRE,58,58,56,57,181600
7/2/2025,PPRI,171,173,167,170,1415200
7/2/2025,PPRO,0,0,0,0,0
7/2/2025,PRAS,0,0,0,0,0
7/2/2025,PRAY,610,610,605,610,11900
7/2/2025,PRDA,2800,2830,2760,2780,1684400
7/2/2025,PRIM,57,62,56,59,25530100
7/2/2025,PSAB,476,476,438,442,184515600
7/2/2025,PSDN,78,78,76,77,60700
7/2/2025,PSGO,168,168,165,165,64300
7/2/2025,PSKT,32,32,32,32,2208600
7/2/2025,PSSI,344,344,338,340,205700
7/2/2025,PTBA,2460,2480,2420,2440,10843500
7/2/2025,PTBABQCV5A,0,0,0,0,0
7/2/2025,PTBADRCG6A,35,35,35,35,500
7/2/2025,PTBADRCN5A,13,14,12,13,1437900
7/2/2025,PTBADRCQ5A,24,26,24,26,200
7/2/2025,PTBAHDCQ5A,0,0,0,0,0
7/2/2025,PTDU,0,0,0,0,0
7/2/2025,PTIS,376,388,376,380,3400
7/2/2025,PTMP,92,121,87,120,950675100
7/2/2025,PTMR,0,0,0,0,0
7/2/2025,PTPP,434,438,420,422,16953100
7/2/2025,PTPS,88,89,86,87,5388500
7/2/2025,PTPW,910,910,900,905,28800
7/2/2025,PTRO,2740,2780,2610,2620,23255200
7/2/2025,PTSN,208,208,204,206,25800
7/2/2025,PTSP,855,915,855,895,34400
7/2/2025,PUDP,222,224,208,210,14300
7/2/2025,PURA,14,14,14,14,1655000
7/2/2025,PURE,0,0,0,0,0
7/2/2025,PURI,187,192,187,188,122400
7/2/2025,PWON,374,374,368,372,14777000
7/2/2025,PYFA,236,236,230,230,15022000
7/2/2025,PYFA-W,108,108,71,73,151100
7/2/2025,PZZA,161,161,159,160,59000
7/2/2025,R-ABFII,0,0,0,0,0
7/2/2025,R-LQ45X,943,943,938,938,4900
7/2/2025,RAAM,278,294,272,290,12361500
7/2/2025,RAFI,0,0,0,0,0
7/2/2025,RAJA,2350,2360,2260,2270,10353700
7/2/2025,RALS,398,402,394,400,2390200
7/2/2025,RANC,414,418,412,418,3100
7/2/2025,RATU,6700,6775,6425,6475,7325700
7/2/2025,RBMS,24,24,24,24,46700
7/2/2025,RCCC,105,110,104,108,340500
7/2/2025,RDTX,12225,12225,12225,12225,200
7/2/2025,REAL,50,52,50,52,63559600
7/2/2025,RELF,20,20,18,19,1295000
7/2/2025,RELI,444,466,432,460,5400
7/2/2025,RGAS,113,114,111,113,22777600
7/2/2025,RICY,38,38,38,38,18600
7/2/2025,RIGS,755,815,750,770,113600
7/2/2025,RIMO,0,0,0,0,0
7/2/2025,RISE,1050,1050,1050,1050,406000
7/2/2025,RMKE,505,530,505,510,2252900
7/2/2025,RMKO,102,103,99,99,949700
7/2/2025,ROCK,0,0,0,0,0
7/2/2025,RODA,36,36,36,36,3200
7/2/2025,RONY,0,0,0,0,0
7/2/2025,ROTI,820,820,815,820,89700
7/2/2025,RSCH,460,472,456,466,4835200
7/2/2025,RSGK,0,0,0,0,0
7/2/2025,RUIS,216,218,200,202,7103800
7/2/2025,RUNS,48,51,48,50,431700
7/2/2025,SAFE,212,230,204,208,550400
7/2/2025,SAGE,14,14,13,13,965700
7/2/2025,SAME,250,252,246,248,1646000
7/2/2025,SAMF,336,338,334,336,16800
7/2/2025,SAPX,272,272,254,260,509000
7/2/2025,SATU,226,226,222,222,4148200
7/2/2025,SBAT,0,0,0,0,0
7/2/2025,SBMA,116,118,116,116,228500
7/2/2025,SCCO,2080,2080,2050,2060,6300
7/2/2025,SCMA,152,153,147,150,78993300
7/2/2025,SCNP,150,160,150,153,35000
7/2/2025,SCPI,0,0,0,0,0
7/2/2025,SDMU,25,25,25,25,17600
7/2/2025,SDPC,127,127,125,126,309200
7/2/2025,SDRA,324,324,316,318,291000
7/2/2025,SEMA,84,84,82,82,530700
7/2/2025,SFAN,1910,1915,1910,1910,125900
7/2/2025,SGER,330,338,330,334,306500
7/2/2025,SGRO,2430,2450,2410,2420,77600
7/2/2025,SHID,685,685,685,685,2900
7/2/2025,SHIP,2880,2920,2810,2920,68500
7/2/2025,SICO,116,119,111,112,7612600
7/2/2025,SIDO,488,492,484,488,11920800
7/2/2025,SILO,2220,2220,2150,2200,634300
7/2/2025,SIMA,0,0,0,0,0
7/2/2025,SIMP,500,510,488,498,22177600
7/2/2025,SINI,4000,4000,3980,3980,54300
7/2/2025,SIPD,0,0,0,0,0
7/2/2025,SKBM,356,356,346,346,2300
7/2/2025,SKLT,187,188,183,185,235200
7/2/2025,SKRN,440,440,430,434,49400
7/2/2025,SKYB,0,0,0,0,0
7/2/2025,SLIS,50,50,50,50,41800
7/2/2025,SLIS-W,0,0,0,0,0
7/2/2025,SMAR,3430,3450,3360,3450,6700
7/2/2025,SMBR,290,302,276,280,32825200
7/2/2025,SMCB,0,0,0,0,0
7/2/2025,SMDM,880,1060,875,975,1630300
7/2/2025,SMDR,302,314,298,298,31287100
7/2/2025,SMGA,79,80,77,78,36765700
7/2/2025,SMGR,2660,2670,2580,2620,4865200
7/2/2025,SMGRBQCU5A,31,32,29,29,255700
7/2/2025,SMGRBQCZ5A,0,0,0,0,0
7/2/2025,SMGRDRCN5A,0,0,0,0,0
7/2/2025,SMGRDRCQ5A,0,0,0,0,0
7/2/2025,SMGRDRCV5A,55,58,54,58,700
7/2/2025,SMIL,210,212,206,208,52263500
7/2/2025,SMKL,152,160,152,158,83500
7/2/2025,SMKM,77,82,75,82,41727000
7/2/2025,SMLE,123,124,119,120,2392300
7/2/2025,SMMA,15475,15500,15475,15500,200
7/2/2025,SMMT,855,875,855,855,700
7/2/2025,SMRA,376,378,368,370,19336400
7/2/2025,SMRU,0,0,0,0,0
7/2/2025,SMSM,1915,1920,1870,1910,1316500
7/2/2025,SNLK,540,555,535,550,10045500
7/2/2025,SOCI,170,172,170,170,1970700
7/2/2025,SOFA,61,61,57,58,5814400
7/2/2025,SOHO,680,685,680,680,5200
7/2/2025,SOLA,135,135,132,132,7455200
7/2/2025,SONA,3350,3350,3290,3300,15300
7/2/2025,SOSS,438,438,438,438,3000
7/2/2025,SOTS,272,274,266,268,14400
7/2/2025,SOUL,37,37,36,37,753200
7/2/2025,SPMA,256,256,250,254,492500
7/2/2025,SPRE,82,90,82,90,443600
7/2/2025,SPTO,660,660,650,660,241900
7/2/2025,SQMI,0,0,0,0,0
7/2/2025,SRAJ,4000,4010,3900,4000,978300
7/2/2025,SRIL,0,0,0,0,0
7/2/2025,SRSN,50,50,50,50,10400
7/2/2025,SRTG,1585,1585,1550,1555,3942600
7/2/2025,SSIA,1680,1835,1605,1735,67160700
7/2/2025,SSMS,1300,1310,1265,1300,10606100
7/2/2025,SSTM,170,174,168,172,37700
7/2/2025,STAA,780,785,770,785,13186000
7/2/2025,STAR,27,27,27,27,14100
7/2/2025,STRK,85,87,83,83,11405700
7/2/2025,STTP,10150,10325,10150,10325,400
7/2/2025,SUGI,0,0,0,0,0
7/2/2025,SULI,108,115,108,109,7039300
7/2/2025,SUNI,790,800,775,795,545600
7/2/2025,SUPR,0,0,0,0,0
7/2/2025,SURE,2370,2370,2310,2350,1300
7/2/2025,SURI,85,85,80,82,60910000
7/2/2025,SWAT,0,0,0,0,0
7/2/2025,SWID,59,61,59,61,105500
7/2/2025,TALF,282,292,274,286,900
7/2/2025,TAMA,21,21,21,21,302900
7/2/2025,TAMU,15,15,14,14,23211700
7/2/2025,TAPG,1000,1000,985,990,8666400
7/2/2025,TARA,10,10,10,10,5805700
7/2/2025,TAXI,7,7,6,6,2520900
7/2/2025,TAYS,50,50,50,50,3000
7/2/2025,TBIG,2140,2160,2000,2010,505900
7/2/2025,TBLA,735,755,725,730,2812300
7/2/2025,TBMS,840,865,800,860,46000
7/2/2025,TCID,2360,2360,2300,2300,300
7/2/2025,TCPI,5500,5600,5425,5600,8160100
7/2/2025,TDPM,0,0,0,0,0
7/2/2025,TEBE,640,695,635,685,7409400
7/2/2025,TECH,0,0,0,0,0
7/2/2025,TELE,0,0,0,0,0
7/2/2025,TFAS,135,139,133,137,239600
7/2/2025,TFCO,0,0,0,0,0
7/2/2025,TGKA,5975,6125,5950,6125,1800
7/2/2025,TGRA,0,0,0,0,0
7/2/2025,TGUK,0,0,0,0,0
7/2/2025,TIFA,0,0,0,0,0
7/2/2025,TINS,1030,1035,1000,1005,11907900
7/2/2025,TIRA,1775,1800,1750,1800,15200
7/2/2025,TIRT,0,0,0,0,0
7/2/2025,TKIM,5550,5550,5400,5450,387100
7/2/2025,TLDN,570,580,565,575,251300
7/2/2025,TLKM,2820,2820,2730,2780,92321600
7/2/2025,TLKMBQCQ5A,87,87,87,87,100
7/2/2025,TLKMBQCV5A,0,0,0,0,0
7/2/2025,TLKMDRCQ5A,44,44,41,41,76200
7/2/2025,TLKMDRCQ5B,88,88,86,86,200
7/2/2025,TLKMDRCX6A,0,0,0,0,0
7/2/2025,TLKMHDCQ5A,0,0,0,0,0
7/2/2025,TLKMHDCV5A,0,0,0,0,0
7/2/2025,TLKMYUCQ5A,83,83,83,83,100
7/2/2025,TLKMZPCF6A,81,81,81,81,8400
7/2/2025,TMAS,132,133,130,130,2068400
7/2/2025,TMPO,142,162,141,152,22435000
7/2/2025,TNCA,147,147,144,144,85700
7/2/2025,TOBA,755,775,715,765,97420200
7/2/2025,TOOL,50,51,50,51,3351800
7/2/2025,TOPS,0,0,0,0,0
7/2/2025,TOSK,50,50,50,50,46300
7/2/2025,TOTL,690,695,675,680,1388700
7/2/2025,TOTO,224,228,224,226,633400
7/2/2025,TOWR,494,590,484,550,238015800
7/2/2025,TOYS,0,0,0,0,0
7/2/2025,TPIA,10025,10200,9900,10100,11842100
7/2/2025,TPMA,575,580,570,575,4766200
7/2/2025,TRAM,0,0,0,0,0
7/2/2025,TRGU,168,168,167,168,7000
7/2/2025,TRIL,0,0,0,0,0
7/2/2025,TRIM,358,358,330,348,28300
7/2/2025,TRIN,98,101,98,99,486100
7/2/2025,TRIN-W2,0,0,0,0,0
7/2/2025,TRIO,0,0,0,0,0
7/2/2025,TRIS,171,174,162,168,204400
7/2/2025,TRJA,126,128,126,127,71800
7/2/2025,TRON,98,100,98,100,322700
7/2/2025,TRST,0,0,0,0,0
7/2/2025,TRUE,18,18,18,18,651100
7/2/2025,TRUK,137,147,135,137,5894800
7/2/2025,TRUS,450,450,438,438,13700
7/2/2025,TSPC,2340,2340,2280,2300,1565400
7/2/2025,TUGU,950,955,930,945,2144400
7/2/2025,TYRE,123,123,121,123,94600
7/2/2025,UANG,218,256,218,224,4699600
7/2/2025,UCID,500,505,498,500,1710200
7/2/2025,UDNG,1225,1225,1225,1225,201100
7/2/2025,UFOE,190,192,182,182,358200
7/2/2025,ULTJ,1320,1325,1300,1305,3357300
7/2/2025,UNIC,7850,7850,7800,7800,2100
7/2/2025,UNIQ,388,394,368,372,33973200
7/2/2025,UNIT,0,0,0,0,0
7/2/2025,UNSP,121,121,118,118,5500
7/2/2025,UNTD,81,81,79,79,6622100
7/2/2025,UNTR,21475,21625,21225,21300,3927300
7/2/2025,UNTRBQCV5A,0,0,0,0,0
7/2/2025,UNTRDRCG6A,99,99,94,94,29100
7/2/2025,UNTRDRCN5A,10,10,10,10,100
7/2/2025,UNTRDRCQ5A,26,27,25,25,91400
7/2/2025,UNTRHDCQ5A,0,0,0,0,0
7/2/2025,UNVR,1480,1530,1450,1470,37642300
7/2/2025,UNVRBQCQ5A,23,26,20,20,1084500
7/2/2025,UNVRBQCU5A,25,31,25,25,126300
7/2/2025,UNVRBQCZ5A,87,90,87,89,6800
7/2/2025,UNVRDRCG6A,34,35,30,34,13500
7/2/2025,UNVRDRCN5A,11,15,11,12,336500
7/2/2025,UNVRDRCQ5A,5,6,5,5,170200
7/2/2025,UNVRHDCQ5A,0,0,0,0,0
7/2/2025,URBN,124,126,120,126,99600
7/2/2025,UVCR,77,78,76,76,3129800
7/2/2025,VAST,139,142,138,141,6850800
7/2/2025,VAST-W,14,14,13,14,3237100
7/2/2025,VERN,125,126,120,120,1772500
7/2/2025,VERN-W,4,5,3,4,1150300
7/2/2025,VICI,650,650,635,645,286500
7/2/2025,VICO,148,148,140,143,127500
7/2/2025,VINS,115,115,113,113,26600
7/2/2025,VISI,140,140,138,139,149700
7/2/2025,VIVA,13,13,13,13,29833200
7/2/2025,VKTR,84,86,82,84,19902000
7/2/2025,VOKS,192,192,186,189,15600
7/2/2025,VRNA,72,72,71,72,222100
7/2/2025,VTNY,116,116,112,113,8427500
7/2/2025,WAPO,146,146,139,140,551900
7/2/2025,WEGE,51,51,50,50,19234400
7/2/2025,WEHA,101,103,100,103,1565200
7/2/2025,WGSH,179,183,170,179,1500800
7/2/2025,WICO,0,0,0,0,0
7/2/2025,WIDI,18,19,17,19,2261700
7/2/2025,WIFI,2000,2030,1980,1980,22996700
7/2/2025,WIIM,810,850,800,825,5250400
7/2/2025,WIKA,0,0,0,0,0
7/2/2025,WINE,226,228,214,222,265500
7/2/2025,WINR,26,26,26,26,1691700
7/2/2025,WINS,364,366,352,356,3425300
7/2/2025,WIRG,79,80,77,80,124477300
7/2/2025,WMPP,0,0,0,0,0
7/2/2025,WMUU,0,0,0,0,0
7/2/2025,WOMF,348,348,336,346,181300
7/2/2025,WOOD,364,378,360,366,1518300
7/2/2025,WOWS,55,55,55,55,2926700
7/2/2025,WSBP,13,13,13,13,5661600
7/2/2025,WSKT,0,0,0,0,0
7/2/2025,WTON,85,86,84,85,1410300
7/2/2025,XAQA,0,0,0,0,0
7/2/2025,XBES,1017,1017,1017,1017,10000
7/2/2025,XBID,485,485,485,485,40000
7/2/2025,XBIG,0,0,0,0,0
7/2/2025,XBIN,545,545,545,545,40000
7/2/2025,XBLQ,0,0,0,0,0
7/2/2025,XBNI,1003,1003,1002,1002,200
7/2/2025,XBSK,420,420,420,420,40000
7/2/2025,XCEG,100,100,100,100,5100
7/2/2025,XCID,59,59,58,58,4000
7/2/2025,XCIS,50,50,50,50,7000
7/2/2025,XCLQ,85,85,83,83,1400
7/2/2025,XDIF,0,0,0,0,0
7/2/2025,XIFE,105,105,105,105,900
7/2/2025,XIHD,595,600,595,599,11100
7/2/2025,XIIC,0,0,0,0,0
7/2/2025,XIID,0,0,0,0,0
7/2/2025,XIIF,444,444,442,444,10000
7/2/2025,XIIT,493,493,490,490,341300
7/2/2025,XIJI,578,578,570,570,12300
7/2/2025,XILV,0,0,0,0,0
7/2/2025,XIML,0,0,0,0,0
7/2/2025,XIPB,197,197,197,197,100
7/2/2025,XIPI,210,210,210,210,200
7/2/2025,XISB,0,0,0,0,0
7/2/2025,XISC,0,0,0,0,0
7/2/2025,XISI,0,0,0,0,0
7/2/2025,XISR,0,0,0,0,0
7/2/2025,XKID,898,898,898,898,100
7/2/2025,XKIV,517,517,517,517,40100
7/2/2025,XKMS,1121,1124,1116,1124,200200
7/2/2025,XMGB,1092,1092,1092,1092,200
7/2/2025,XMIG,206,206,205,205,200100
7/2/2025,XMLF,842,842,842,842,40000
7/2/2025,XMSK,362,364,362,364,5200
7/2/2025,XNVE,0,0,0,0,0
7/2/2025,XPDV,0,0,0,0,0
7/2/2025,XPFT,0,0,0,0,0
7/2/2025,XPIN,587,590,587,588,18300
7/2/2025,XPLQ,0,0,0,0,0
7/2/2025,XPSG,0,0,0,0,0
7/2/2025,XPTD,421,421,421,421,100
7/2/2025,XSBC,60,60,60,60,100
7/2/2025,XSPI,0,0,0,0,0
7/2/2025,XSSI,52,53,51,53,264200
7/2/2025,XSSK,653,653,653,653,20000
7/2/2025,YELO,19,19,19,19,37600
7/2/2025,YOII,95,96,94,94,2862400
7/2/2025,YPAS,260,270,260,270,200
7/2/2025,YULE,0,0,0,0,0
7/2/2025,YUPI,2190,2210,2170,2180,573800
7/2/2025,ZATA,9,9,9,9,2074000
7/2/2025,ZBRA,0,0,0,0,0
7/2/2025,ZINC,13,13,12,12,4020100
7/2/2025,ZONE,815,815,785,805,80800
7/2/2025,ZYRX,144,144,139,141,1974000
