<date>,<ticker>,<open>,<high>,<low>,<close>,<volume>
9/17/2025,IHSG,7964.420,8025.180,7940.510,8025.179,38484146400
9/17/2025,IDX30,0.000,0.000,0.000,0.000,0
9/17/2025,IDX80,0.000,0.000,0.000,0.000,0
9/17/2025,AADI,7025,7150,6950,7100,10179600
9/17/2025,AADIHDCK6A,74,77,74,77,15900
9/17/2025,AALI,7750,7900,7700,7900,2320900
9/17/2025,ABBA,57,57,57,57,14472000
9/17/2025,ABDA,2970,2970,2970,2970,1000
9/17/2025,ABMM,2930,2940,2890,2900,903900
9/17/2025,ACES,440,450,436,446,85559900
9/17/2025,ACESBQCV5A,1,15,1,13,78396400
9/17/2025,ACESBQCX5B,12,24,9,17,89342900
9/17/2025,ACESBQCZ5A,18,20,18,20,360500
9/17/2025,ACESDRCJ6A,14,15,13,14,31083100
9/17/2025,ACESHDCZ5A,0,0,0,0,0
9/17/2025,ACESZPCJ6A,21,22,21,22,83600
9/17/2025,ACRO,87,87,85,85,5674600
9/17/2025,ACRO-W,11,12,11,12,9538800
9/17/2025,ACST,135,149,134,141,37824100
9/17/2025,ADCP,66,67,62,64,139057600
9/17/2025,ADES,13275,13400,13125,13150,8300
9/17/2025,ADHI,288,298,284,294,55243100
9/17/2025,ADMF,8975,9000,8950,9000,32800
9/17/2025,ADMG,152,154,145,147,982600
9/17/2025,ADMR,1030,1030,1000,1025,19186000
9/17/2025,ADMRDRCJ6A,34,34,31,32,14000
9/17/2025,ADMRHDCJ6A,52,52,52,52,4500
9/17/2025,ADMRZPCH6A,50,50,50,50,302000
9/17/2025,ADRO,1655,1680,1650,1675,76718400
9/17/2025,ADROBQCG6A,0,0,0,0,0
9/17/2025,ADROBQCU5A,4,19,4,12,136619000
9/17/2025,ADROBQCZ5A,12,17,12,14,54396000
9/17/2025,ADRODRCJ6A,50,50,49,49,20200
9/17/2025,ADRODRCX5A,30,30,29,29,6401700
9/17/2025,ADROHDCZ5A,45,45,43,43,89800
9/17/2025,ADROHDPH6A,0,0,0,0,0
9/17/2025,ADROYUCZ5A,57,57,57,57,100
9/17/2025,ADROZPCF6A,23,23,23,23,500
9/17/2025,ADROZPCK6A,45,47,45,47,20800
9/17/2025,AEGS,48,50,45,46,38108900
9/17/2025,AGAR,250,300,246,250,2278600
9/17/2025,AGII,835,840,790,805,3945900
9/17/2025,AGRO,246,252,240,250,27551500
9/17/2025,AGRS,84,86,79,80,31561500
9/17/2025,AHAP,80,81,77,77,5643700
9/17/2025,AIMS,346,346,342,342,33100
9/17/2025,AISA,121,163,121,163,564757700
9/17/2025,AKKU,0,0,0,0,0
9/17/2025,AKPI,560,700,555,685,198200
9/17/2025,AKRA,1255,1260,1235,1245,16849100
9/17/2025,AKRABQCX5B,0,0,0,0,0
9/17/2025,AKRADRCX5A,35,35,34,34,3000
9/17/2025,AKRAHDCH6A,64,64,63,64,3200
9/17/2025,AKRAZPCJ6A,0,0,0,0,0
9/17/2025,AKRAZPCX5A,62,62,62,62,100400
9/17/2025,AKSI,308,340,286,298,14040700
9/17/2025,ALDO,492,500,492,500,138300
9/17/2025,ALII,545,545,530,540,3105500
9/17/2025,ALKA,318,324,310,320,61700
9/17/2025,ALMI,0,0,0,0,0
9/17/2025,ALTO,0,0,0,0,0
9/17/2025,AMAG,368,370,362,364,55300
9/17/2025,AMAN,122,126,120,123,3198600
9/17/2025,AMAR,204,214,204,212,603800
9/17/2025,AMFG,3330,3400,3290,3380,9800
9/17/2025,AMIN,216,220,212,216,910100
9/17/2025,AMMN,8125,8175,8000,8050,40245700
9/17/2025,AMMNBQCZ5A,35,36,35,36,294400
9/17/2025,AMMNDRCJ6A,69,69,67,67,51200
9/17/2025,AMMNHDCH6A,0,0,0,0,0
9/17/2025,AMMNZPCG6A,51,51,51,51,1400
9/17/2025,AMMS,216,232,212,222,13080800
9/17/2025,AMOR,470,470,462,464,103700
9/17/2025,AMRT,2130,2160,2100,2160,35311900
9/17/2025,AMRTBQCU5A,6,18,6,12,356959400
9/17/2025,AMRTDRCZ5A,0,0,0,0,0
9/17/2025,AMRTHDCJ6A,25,25,25,25,100
9/17/2025,AMRTZPCK6A,0,0,0,0,0
9/17/2025,AMRTZPCX5A,0,0,0,0,0
9/17/2025,ANDI,34,34,34,34,13298300
9/17/2025,ANJT,1790,1800,1790,1795,523100
9/17/2025,ANTM,3570,3580,3450,3460,138761900
9/17/2025,ANTMBQCU5A,386,386,370,370,106200
9/17/2025,ANTMBQCX5A,106,106,100,100,100900
9/17/2025,ANTMBQCZ5A,0,0,0,0,0
9/17/2025,ANTMDRCG6A,70,70,65,65,478000
9/17/2025,ANTMDRCX5A,382,382,372,372,200
9/17/2025,ANTMDRPZ5A,34,35,32,34,609300
9/17/2025,ANTMHDCH6A,111,111,111,111,300
9/17/2025,ANTMHDCH6B,0,0,0,0,0
9/17/2025,ANTMHDCU5A,131,137,114,116,466600
9/17/2025,ANTMHDPH6A,60,62,60,61,118100
9/17/2025,ANTMZPCJ6A,111,111,100,100,504200
9/17/2025,ANTMZPCK6A,43,44,41,41,252300
9/17/2025,ANTMZPCX5A,0,0,0,0,0
9/17/2025,APEX,127,127,123,123,36676200
9/17/2025,APIC,1140,1145,1125,1125,6463300
9/17/2025,APII,182,183,178,180,27800
9/17/2025,APLI,484,500,450,498,231000
9/17/2025,APLN,106,109,105,109,26394600
9/17/2025,ARCI,950,960,895,910,93831000
9/17/2025,AREA,510,515,500,510,970500
9/17/2025,ARGO,1250,1285,1225,1255,40900
9/17/2025,ARII,270,280,268,270,84600
9/17/2025,ARKA,41,46,41,46,19320300
9/17/2025,ARKO,1565,1580,1520,1565,1278800
9/17/2025,ARMY,0,0,0,0,0
9/17/2025,ARNA,550,555,545,555,3204900
9/17/2025,ARTA,3130,3200,3090,3160,1300
9/17/2025,ARTI,0,0,0,0,0
9/17/2025,ARTO,2160,2300,2150,2280,17645600
9/17/2025,ARTOBQCU5A,7,21,7,12,84416600
9/17/2025,ARTOBQCX5B,0,0,0,0,0
9/17/2025,ARTOBQCZ5A,23,27,21,27,826000
9/17/2025,ARTODRCK6A,75,86,75,86,20900
9/17/2025,ARTODRCX5A,53,60,53,60,94000
9/17/2025,ARTOHDCZ5A,0,0,0,0,0
9/17/2025,ARTOZPCK6A,51,51,51,51,6100
9/17/2025,ARTOZPCX5A,60,60,60,60,704100
9/17/2025,ASBI,450,450,432,450,88600
9/17/2025,ASDM,525,545,515,530,37100
9/17/2025,ASGR,1250,1260,1245,1255,388500
9/17/2025,ASHA,72,72,72,72,31105300
9/17/2025,ASII,5650,5700,5600,5700,23879700
9/17/2025,ASIIBQCU5A,22,23,20,23,240500
9/17/2025,ASIIBQCZ5A,0,0,0,0,0
9/17/2025,ASIIDRCX5A,134,134,134,134,100
9/17/2025,ASIIDRCX6A,0,0,0,0,0
9/17/2025,ASIIHDCZ5A,164,166,164,166,1100
9/17/2025,ASIIZPCJ6A,119,119,119,119,10900
9/17/2025,ASJT,117,117,114,114,272400
9/17/2025,ASLC,100,100,97,98,51119600
9/17/2025,ASLI,0,0,0,0,0
9/17/2025,ASMI,40,40,37,40,40067400
9/17/2025,ASPI,0,0,0,0,0
9/17/2025,ASPR,97,97,95,97,2671400
9/17/2025,ASRI,180,186,176,185,135546700
9/17/2025,ASRM,278,280,270,280,205800
9/17/2025,ASSA,910,910,895,895,3588800
9/17/2025,ATAP,63,63,63,63,1258500
9/17/2025,ATIC,456,464,446,458,413000
9/17/2025,ATLA,68,69,66,68,96742300
9/17/2025,AUTO,2340,2380,2340,2380,1640400
9/17/2025,AUTOZPCJ6A,0,0,0,0,0
9/17/2025,AVIA,420,422,418,420,6402700
9/17/2025,AVIAZPCJ6A,0,0,0,0,0
9/17/2025,AWAN,270,272,254,258,20532700
9/17/2025,AXIO,129,130,127,129,527400
9/17/2025,AYAM,179,183,173,176,137100500
9/17/2025,AYLS,111,120,109,120,34001500
9/17/2025,BABP,61,61,58,59,28906800
9/17/2025,BABY,308,310,298,308,8989000
9/17/2025,BACA,139,140,136,136,2222100
9/17/2025,BAIK,108,109,104,104,3288900
9/17/2025,BAIK-W,12,12,11,12,7287400
9/17/2025,BAJA,121,162,121,142,110791900
9/17/2025,BALI,1350,1390,1345,1345,14300
9/17/2025,BANK,815,815,805,815,5938000
9/17/2025,BANK-W,0,0,0,0,0
9/17/2025,BAPA,83,89,82,83,22061000
9/17/2025,BAPI,40,44,40,44,30914500
9/17/2025,BATA,57,57,54,54,2391000
9/17/2025,BATR,111,113,107,109,8039700
9/17/2025,BAUT,39,39,38,38,19576300
9/17/2025,BAYU,1285,1320,1285,1295,489100
9/17/2025,BBCA,7850,7900,7800,7850,183725900
9/17/2025,BBCABQCG6A,68,68,67,67,28100
9/17/2025,BBCABQCV5A,17,26,17,21,37039200
9/17/2025,BBCABQCX5A,10,35,9,21,98359400
9/17/2025,BBCADRCF6A,37,37,35,37,5431900
9/17/2025,BBCADRCX6A,0,0,0,0,0
9/17/2025,BBCAHDCQ7A,57,57,56,56,225000
9/17/2025,BBCAHDCV5A,34,34,30,30,177400
9/17/2025,BBCAZPCF6A,25,25,25,25,41700
9/17/2025,BBCAZPCH6A,79,79,76,77,36700
9/17/2025,BBHI,1535,1540,1500,1530,1181800
9/17/2025,BBKP,80,82,78,80,215076100
9/17/2025,BBLD,945,945,895,895,157200
9/17/2025,BBMD,2120,2170,2100,2170,3600
9/17/2025,BBNI,4390,4450,4330,4450,54546000
9/17/2025,BBNIBQCG6A,0,0,0,0,0
9/17/2025,BBNIBQCU5A,69,69,7,15,113929800
9/17/2025,BBNIBQCV5A,37,43,36,41,702600
9/17/2025,BBNIDRCX6A,2460,2500,2460,2490,7500
9/17/2025,BBNIDRCZ5A,58,62,57,62,10800
9/17/2025,BBNIDRPZ5A,63,63,60,60,28500
9/17/2025,BBNIHDCQ7A,0,0,0,0,0
9/17/2025,BBNIYUCV5A,46,50,45,50,27600
9/17/2025,BBNIZPCH6A,0,0,0,0,0
9/17/2025,BBNIZPCX5A,0,0,0,0,0
9/17/2025,BBRI,4160,4220,4120,4220,245154800
9/17/2025,BBRIBQCJ6A,75,75,75,75,200
9/17/2025,BBRIBQCU5A,8,50,8,18,79865800
9/17/2025,BBRIBQCZ5A,0,0,0,0,0
9/17/2025,BBRIDRCX5A,162,173,162,173,4867700
9/17/2025,BBRIDRCX6A,0,0,0,0,0
9/17/2025,BBRIDRPZ5A,52,52,50,50,283900
9/17/2025,BBRIHDCH6A,0,0,0,0,0
9/17/2025,BBRIHDCQ7A,0,0,0,0,0
9/17/2025,BBRIYUCV5A,111,121,111,121,18600
9/17/2025,BBRIZPCH6A,0,0,0,0,0
9/17/2025,BBRIZPCX5A,0,0,0,0,0
9/17/2025,BBRM,90,91,87,88,8538600
9/17/2025,BBSI,4020,4080,3930,3930,33400
9/17/2025,BBSS,300,358,300,320,1355500
9/17/2025,BBTN,1345,1415,1335,1390,105109100
9/17/2025,BBTNHDCZ5A,128,144,128,137,5442700
9/17/2025,BBTNYUCZ5A,81,92,81,89,2404300
9/17/2025,BBTNZPCG6A,59,64,58,64,126600
9/17/2025,BBYB,350,360,344,356,100014500
9/17/2025,BCAP,71,71,70,71,38373000
9/17/2025,BCIC,0,0,0,0,0
9/17/2025,BCIP,103,105,100,104,9089300
9/17/2025,BDKR,162,165,161,163,20036800
9/17/2025,BDMN,2480,2510,2470,2500,251800
9/17/2025,BEBS,0,0,0,0,0
9/17/2025,BEEF,322,324,314,318,15314400
9/17/2025,BEER,109,113,106,106,2911900
9/17/2025,BEKS,34,34,34,34,77053400
9/17/2025,BELI,366,370,364,370,976600
9/17/2025,BELL,67,68,64,64,25792400
9/17/2025,BESS,1065,1095,1045,1080,147300
9/17/2025,BEST,121,122,115,120,54597200
9/17/2025,BFIN,800,810,785,795,17845100
9/17/2025,BFINDRCK6A,0,0,0,0,0
9/17/2025,BGTG,110,113,108,111,68068200
9/17/2025,BHAT,890,890,875,890,2347900
9/17/2025,BHIT,40,40,40,40,28245300
9/17/2025,BIKA,0,0,0,0,0
9/17/2025,BIKE,1035,1040,990,1010,3938900
9/17/2025,BIMA,87,87,87,87,98200
9/17/2025,BINA,4420,4500,4420,4500,5100
9/17/2025,BINO,134,134,128,131,485600
9/17/2025,BIPI,85,85,81,81,112096300
9/17/2025,BIPP,56,56,52,52,1563100
9/17/2025,BIRD,1820,1840,1815,1825,1174600
9/17/2025,BISI,890,900,885,895,154800
9/17/2025,BJBR,770,770,760,765,4102400
9/17/2025,BJTM,515,520,510,515,10010600
9/17/2025,BKDP,49,49,49,49,620600
9/17/2025,BKSL,141,144,137,139,287073500
9/17/2025,BKSW,71,75,71,72,17780900
9/17/2025,BLES,170,172,165,165,9392500
9/17/2025,BLOG,545,545,515,525,9836500
9/17/2025,BLTA,38,41,38,41,26160600
9/17/2025,BLTZ,2380,2380,2380,2380,7000
9/17/2025,BLUE,434,535,434,535,4756700
9/17/2025,BMAS,780,825,775,780,306900
9/17/2025,BMBL,57,57,52,57,17793500
9/17/2025,BMHS,174,178,173,174,15834000
9/17/2025,BMRI,4480,4520,4440,4510,232702500
9/17/2025,BMRIBQCJ6A,67,67,64,64,125400
9/17/2025,BMRIBQCU5A,6,26,6,17,146955900
9/17/2025,BMRIBQCZ5A,20,21,20,21,455000
9/17/2025,BMRIDRCX5A,41,41,41,41,45800
9/17/2025,BMRIDRCX6A,2070,2070,2070,2070,1000
9/17/2025,BMRIHDCQ7A,0,0,0,0,0
9/17/2025,BMRIZPCH6A,51,53,51,53,6100
9/17/2025,BMRIZPCX5A,24,25,23,24,1834800
9/17/2025,BMSR,334,346,310,324,935900
9/17/2025,BMTR,144,144,140,142,38523300
9/17/2025,BNBA,755,760,700,700,1649000
9/17/2025,BNBR,57,57,52,52,222302700
9/17/2025,BNGA,1725,1730,1710,1725,2379800
9/17/2025,BNGADRCK6A,0,0,0,0,0
9/17/2025,BNGAZPCH6A,0,0,0,0,0
9/17/2025,BNII,214,214,210,210,809400
9/17/2025,BNLI,3730,4000,3730,3980,1228200
9/17/2025,BOAT,140,142,134,136,14991000
9/17/2025,BOBA,177,182,177,180,187700
9/17/2025,BOGA,555,555,530,545,799600
9/17/2025,BOLA,197,197,186,190,2677500
9/17/2025,BOLT,1050,1055,1045,1045,6900
9/17/2025,BOSS,0,0,0,0,0
9/17/2025,BPFI,352,352,332,340,3100
9/17/2025,BPII,550,550,545,545,93100
9/17/2025,BPTR,96,99,96,97,395000
9/17/2025,BRAM,5100,5200,5100,5125,1100
9/17/2025,BREN,8875,9200,8775,8925,25326200
9/17/2025,BRIS,2640,2670,2600,2650,18764600
9/17/2025,BRISBQCZ5A,80,80,47,50,41500
9/17/2025,BRISDRCJ6A,43,44,43,44,224700
9/17/2025,BRISHDCH6A,0,0,0,0,0
9/17/2025,BRISHDCZ5A,0,0,0,0,0
9/17/2025,BRISYUCV5A,51,51,51,51,100
9/17/2025,BRISZPCG6A,0,0,0,0,0
9/17/2025,BRMS,585,585,555,565,676062000
9/17/2025,BRMSBQCZ5A,87,87,81,81,333400
9/17/2025,BRMSDRCJ6A,70,70,64,67,6500
9/17/2025,BRMSDRPX5A,11,21,10,12,66646400
9/17/2025,BRMSHDCH6A,124,124,122,122,4000
9/17/2025,BRMSHDCZ5A,0,0,0,0,0
9/17/2025,BRMSYUCV5A,52,53,49,49,132800
9/17/2025,BRMSZPCG6A,0,0,0,0,0
9/17/2025,BRNA,715,735,715,735,63500
9/17/2025,BRPT,2310,2510,2290,2480,330964300
9/17/2025,BRPTBQCV5A,404,422,390,400,1300
9/17/2025,BRPTBQCX5B,69,89,69,83,126000
9/17/2025,BRPTBQCZ5A,0,0,0,0,0
9/17/2025,BRPTDRCF6A,197,220,197,220,130700
9/17/2025,BRPTDRCJ6A,98,117,98,110,917300
9/17/2025,BRPTDRCX5A,236,256,236,254,16500
9/17/2025,BRPTDRPV5A,4,19,3,11,387363900
9/17/2025,BRPTHDCH6A,0,0,0,0,0
9/17/2025,BRPTHDCH6B,151,154,151,152,2900
9/17/2025,BRPTHDPG6A,232,232,214,216,1200
9/17/2025,BRPTYUCZ5A,133,133,133,133,200
9/17/2025,BRPTZPCF6A,240,254,240,254,500
9/17/2025,BRPTZPCK6A,42,45,41,42,529400
9/17/2025,BRPTZPCX5A,0,0,0,0,0
9/17/2025,BRRC,82,88,81,82,69486800
9/17/2025,BRRC-W,15,15,14,15,14207600
9/17/2025,BSBK,94,98,90,91,393387900
9/17/2025,BSDE,1110,1130,1055,1115,75745600
9/17/2025,BSDEDRCJ6A,50,55,46,52,1017600
9/17/2025,BSDEZPCH6A,0,0,0,0,0
9/17/2025,BSIM,915,915,890,895,12800
9/17/2025,BSML,110,112,108,109,24080300
9/17/2025,BSSR,3950,3950,3920,3950,249800
9/17/2025,BSWD,0,0,0,0,0
9/17/2025,BTEK,28,28,28,28,10044400
9/17/2025,BTEL,0,0,0,0,0
9/17/2025,BTON,380,380,370,372,29000
9/17/2025,BTPN,2180,2180,2090,2120,16400
9/17/2025,BTPS,1465,1520,1440,1505,12153700
9/17/2025,BTPSDRCK6A,50,54,50,54,200
9/17/2025,BTPSHDCJ6A,0,0,0,0,0
9/17/2025,BTPSZPCH6A,0,0,0,0,0
9/17/2025,BUAH,1355,1440,1355,1435,352300
9/17/2025,BUDI,214,218,212,214,75300
9/17/2025,BUKA,151,156,151,155,152961300
9/17/2025,BUKABQCZ5B,14,14,14,14,31800
9/17/2025,BUKADRCK6A,14,14,13,13,467000
9/17/2025,BUKAHDCZ5A,97,97,97,97,500
9/17/2025,BUKK,875,1090,875,1025,1166300
9/17/2025,BULL,208,212,182,183,335015100
9/17/2025,BUMI,115,116,112,113,958816700
9/17/2025,BUVA,362,370,354,362,84443300
9/17/2025,BVIC,115,115,111,113,13087400
9/17/2025,BVIC-W,44,45,44,44,25400
9/17/2025,BWPT,147,149,143,143,44157600
9/17/2025,BYAN,18400,18425,18100,18425,4800
9/17/2025,CAKK,148,150,146,150,803300
9/17/2025,CAMP,216,216,212,212,1711300
9/17/2025,CANI,47,49,47,49,2920400
9/17/2025,CARE,302,304,294,302,15516700
9/17/2025,CARS,132,132,114,124,211962600
9/17/2025,CASA,1170,1170,1155,1160,4365400
9/17/2025,CASH,120,122,111,122,7128200
9/17/2025,CASS,2640,2640,2580,2600,12600
9/17/2025,CBDK,6075,6175,6075,6125,4620400
9/17/2025,CBMF,0,0,0,0,0
9/17/2025,CBPE,190,195,190,194,77700
9/17/2025,CBRE,0,0,0,0,0
9/17/2025,CBUT,1600,1755,1600,1670,470000
9/17/2025,CCSI,376,378,356,358,540800
9/17/2025,CDIA,1490,1515,1455,1475,122356000
9/17/2025,CEKA,2660,2690,2660,2660,24200
9/17/2025,CENT,139,139,125,126,84480700
9/17/2025,CFIN,312,318,312,316,1566800
9/17/2025,CGAS,155,155,151,152,8666900
9/17/2025,CHEK,204,208,200,202,17206100
9/17/2025,CHEM,100,108,99,103,60344300
9/17/2025,CHIP,1450,1450,1430,1440,70500
9/17/2025,CINT,162,162,158,159,103500
9/17/2025,CITA,4110,4120,4080,4090,200200
9/17/2025,CITY,122,134,118,123,37452500
9/17/2025,CLAY,1600,2000,1580,1990,175600
9/17/2025,CLEO,535,535,515,525,11160600
9/17/2025,CLPI,1260,1270,1255,1265,92200
9/17/2025,CMNP,1340,1340,1315,1335,318400
9/17/2025,CMNP-W,396,396,374,374,1700
9/17/2025,CMNT,835,835,820,825,34571900
9/17/2025,CMPP,90,93,90,92,36100
9/17/2025,CMRY,4840,4880,4750,4800,1783900
9/17/2025,CMRYDRCK6A,74,74,74,74,100
9/17/2025,CMRYZPCJ6A,0,0,0,0,0
9/17/2025,CNKO,97,97,96,96,22709300
9/17/2025,CNMA,132,133,129,130,67428300
9/17/2025,CNTB,0,0,0,0,0
9/17/2025,CNTX,0,0,0,0,0
9/17/2025,COAL,66,66,66,66,138920500
9/17/2025,COCO,520,525,488,490,6115900
9/17/2025,COIN,2140,2190,1995,2110,57981800
9/17/2025,COWL,0,0,0,0,0
9/17/2025,CPIN,4810,4890,4800,4860,4383600
9/17/2025,CPINDRCG6A,80,80,79,79,300
9/17/2025,CPINZPCJ6A,47,48,47,48,20200
9/17/2025,CPRI,0,0,0,0,0
9/17/2025,CPRO,62,62,59,59,240397100
9/17/2025,CRAB,240,242,238,242,1161500
9/17/2025,CRSN,109,117,109,110,1209200
9/17/2025,CSAP,302,304,296,296,137200
9/17/2025,CSIS,129,131,129,129,3039600
9/17/2025,CSMI,342,344,328,336,6245900
9/17/2025,CSRA,875,875,855,865,1046800
9/17/2025,CTBN,5100,5100,5100,5100,1000
9/17/2025,CTRA,975,1015,965,985,42947100
9/17/2025,CTRADRCJ6A,23,27,22,24,1722400
9/17/2025,CTRAHDCK6A,48,50,48,50,18200
9/17/2025,CTRAYUCZ5A,0,0,0,0,0
9/17/2025,CTRAZPCG6A,0,0,0,0,0
9/17/2025,CTTH,42,42,40,40,754800
9/17/2025,CUAN,1480,1530,1465,1505,106948700
9/17/2025,CYBR,985,1025,985,985,16218300
9/17/2025,CYBR-W,680,685,630,665,11300
9/17/2025,DAAZ,2960,3100,2910,3000,483200
9/17/2025,DADA,86,86,86,86,12151100
9/17/2025,DART,162,169,157,164,1757100
9/17/2025,DATA,3810,4100,3810,4090,3119700
9/17/2025,DAYA,1005,1005,975,1005,14100
9/17/2025,DCII,305775,305775,304750,304750,1200
9/17/2025,DEAL,0,0,0,0,0
9/17/2025,DEFI,318,346,318,346,303800
9/17/2025,DEPO,216,218,210,216,430000
9/17/2025,DEWA,224,226,220,222,139886500
9/17/2025,DEWI,102,102,100,101,49604900
9/17/2025,DFAM,94,95,88,89,37542700
9/17/2025,DGIK,96,99,95,97,5594100
9/17/2025,DGNS,144,145,141,142,614900
9/17/2025,DGWG,408,414,406,412,10777200
9/17/2025,DIGI,41,41,41,41,3266400
9/17/2025,DILD,138,142,137,140,17266200
9/17/2025,DIVA,133,136,132,134,4052700
9/17/2025,DKFT,710,715,690,695,16232700
9/17/2025,DKHH,108,115,105,106,40212000
9/17/2025,DKHH-W,16,17,16,17,3781100
9/17/2025,DLTA,2000,2000,1990,1990,13500
9/17/2025,DMAS,139,140,138,139,32989500
9/17/2025,DMMX,386,390,374,380,2582900
9/17/2025,DMND,570,585,565,585,85700
9/17/2025,DNAR,122,124,120,122,2030500
9/17/2025,DNET,9150,9150,9050,9050,11800
9/17/2025,DOID,362,368,360,366,7000000
9/17/2025,DOOH,160,164,157,159,126997700
9/17/2025,DOSS,195,206,189,189,20792600
9/17/2025,DPNS,340,340,318,320,226400
9/17/2025,DPUM,69,76,68,70,25220600
9/17/2025,DRMA,995,1000,990,990,345200
9/17/2025,DSFI,89,92,86,87,24681500
9/17/2025,DSNG,1650,1655,1590,1610,21371300
9/17/2025,DSNGDRCK6A,78,78,78,78,100
9/17/2025,DSSA,107500,113750,107200,110000,4402700
9/17/2025,DUCK,0,0,0,0,0
9/17/2025,DUTI,4440,4460,4420,4440,22200
9/17/2025,DVLA,1615,1625,1600,1625,12500
9/17/2025,DWGL,374,440,318,390,26891700
9/17/2025,DYAN,89,89,87,88,2756300
9/17/2025,EAST,94,94,93,94,1264700
9/17/2025,ECII,188,193,186,192,516000
9/17/2025,EDGE,4290,4410,4150,4240,38000
9/17/2025,EKAD,189,189,187,188,87200
9/17/2025,ELIT,188,188,183,184,6064200
9/17/2025,ELPI,398,400,360,392,2637400
9/17/2025,ELSA,500,510,500,505,13788900
9/17/2025,ELSADRCJ6A,36,36,36,36,300
9/17/2025,ELSAZPCG6A,35,35,34,34,8500
9/17/2025,ELTY,19,19,19,19,7897500
9/17/2025,EMDE,102,106,101,101,5503900
9/17/2025,EMTK,1150,1180,1065,1125,196855600
9/17/2025,EMTKBQCZ5A,316,316,298,300,600
9/17/2025,EMTKDRCK6A,48,49,48,49,1200
9/17/2025,EMTKHDCZ5A,200,212,197,212,42700
9/17/2025,EMTKYUCV5A,145,145,131,131,3600
9/17/2025,EMTKZPCH6A,137,137,122,132,13500
9/17/2025,ENAK,700,700,690,700,505100
9/17/2025,ENRG,640,645,625,640,49362800
9/17/2025,ENRGBQCZ5A,0,0,0,0,0
9/17/2025,ENRGDRCJ6A,87,91,87,91,15800
9/17/2025,ENRGHDCK6A,46,46,43,43,96900
9/17/2025,ENRGHDCZ5A,256,264,256,264,400
9/17/2025,ENRGZPCG6A,0,0,0,0,0
9/17/2025,ENRGZPCK6A,26,26,25,25,300
9/17/2025,ENVY,0,0,0,0,0
9/17/2025,ENZO,45,45,44,44,11899900
9/17/2025,EPAC,41,41,39,39,10193400
9/17/2025,EPMT,2300,2310,2290,2300,3900
9/17/2025,ERAA,452,456,450,454,27228400
9/17/2025,ERAABQCZ5A,24,24,24,24,900000
9/17/2025,ERAADRCJ6A,12,15,11,11,60564700
9/17/2025,ERAAHDCZ5A,32,33,32,33,1500
9/17/2025,ERAAZPCH6A,0,0,0,0,0
9/17/2025,ERAL,330,332,324,326,5980200
9/17/2025,ERTX,128,130,122,125,653000
9/17/2025,ESIP,57,60,57,60,6909800
9/17/2025,ESSA,660,685,650,660,56621500
9/17/2025,ESSABQCZ5A,54,57,52,55,43400
9/17/2025,ESSAHDCH6A,59,63,59,59,8500
9/17/2025,ESSAYUCZ5A,0,0,0,0,0
9/17/2025,ESSAZPCK6A,21,22,21,22,2996900
9/17/2025,ESTA,76,81,74,75,28040100
9/17/2025,ESTI,65,65,62,64,3376300
9/17/2025,ETWA,0,0,0,0,0
9/17/2025,EURO,290,292,280,286,86700
9/17/2025,EXCL,2650,2770,2640,2760,8137700
9/17/2025,EXCLHDCJ6A,0,0,0,0,0
9/17/2025,EXCLZPCF6A,0,0,0,0,0
9/17/2025,FAPA,6050,6100,6000,6025,10200
9/17/2025,FAST,322,326,318,320,951300
9/17/2025,FASW,0,0,0,0,0
9/17/2025,FILM,0,0,0,0,0
9/17/2025,FIMP,0,0,0,0,0
9/17/2025,FIRE,96,117,96,103,230827800
9/17/2025,FISH,0,0,0,0,0
9/17/2025,FITT,0,0,0,0,0
9/17/2025,FLMC,262,268,262,268,12516900
9/17/2025,FMII,366,366,358,362,24200
9/17/2025,FOLK,81,87,80,87,11073300
9/17/2025,FOOD,0,0,0,0,0
9/17/2025,FORE,540,550,525,530,7334000
9/17/2025,FORU,1155,1255,1150,1195,830600
9/17/2025,FPNI,198,198,193,196,2058900
9/17/2025,FUJI,515,630,490,605,47390300
9/17/2025,FUTR,420,432,410,426,106238000
9/17/2025,FWCT,158,161,156,160,1980600
9/17/2025,GAMA,0,0,0,0,0
9/17/2025,GDST,109,122,108,112,44039900
9/17/2025,GDYR,1175,1180,1165,1165,14100
9/17/2025,GEMA,124,125,118,118,8235100
9/17/2025,GEMS,9000,9125,8975,9000,154300
9/17/2025,GGRM,10950,11675,10400,11300,7538600
9/17/2025,GGRMZPCG6A,77,91,65,75,9630500
9/17/2025,GGRP,240,242,234,240,1212900
9/17/2025,GHON,1640,1660,1635,1660,1600
9/17/2025,GIAA,71,71,71,71,36167900
9/17/2025,GJTL,1020,1030,1010,1025,2761500
9/17/2025,GJTLZPCJ6A,0,0,0,0,0
9/17/2025,GLOB,68,68,68,68,64400
9/17/2025,GLVA,330,334,320,334,19000
9/17/2025,GMFI,60,60,59,59,1926500
9/17/2025,GMTD,2180,2180,2110,2130,2800
9/17/2025,GOLD,272,272,266,268,24600
9/17/2025,GOLF,216,216,210,214,994800
9/17/2025,GOLL,0,0,0,0,0
9/17/2025,GOOD,372,374,368,374,220100
9/17/2025,GOTO,56,57,56,57,1490814900
9/17/2025,GOTOBQCJ6A,9,15,8,10,82501100
9/17/2025,GOTOBQCZ5A,2,16,2,13,356294000
9/17/2025,GOTODRCG6A,9,13,8,10,735062600
9/17/2025,GOTOM,0,0,0,0,0
9/17/2025,GOTOZPCH6A,24,24,24,24,800
9/17/2025,GOTOZPCK6A,12,13,12,12,165400
9/17/2025,GPRA,140,155,136,150,208619500
9/17/2025,GPSO,426,428,382,390,12692200
9/17/2025,GRIA,138,138,125,130,32748800
9/17/2025,GRPH,78,78,73,75,24815400
9/17/2025,GRPM,57,57,55,57,3460800
9/17/2025,GRPM-W,15,15,14,14,1343500
9/17/2025,GSMF,98,98,91,93,4452800
9/17/2025,GTBO,204,210,200,200,609200
9/17/2025,GTRA,143,144,140,142,1520800
9/17/2025,GTSI,91,91,87,88,39755200
9/17/2025,GULA,342,358,342,352,1507100
9/17/2025,GUNA,242,244,236,236,398200
9/17/2025,GWSA,156,156,153,156,694000
9/17/2025,GZCO,206,208,200,206,47105300
9/17/2025,HADE,41,41,41,41,8505200
9/17/2025,HAIS,192,192,189,191,2746100
9/17/2025,HAJJ,122,131,122,130,14924000
9/17/2025,HAJJ-W,18,23,18,22,31156400
9/17/2025,HALO,97,97,90,91,18023900
9/17/2025,HALO-W,16,16,14,15,10579500
9/17/2025,HATM,250,252,246,250,24962800
9/17/2025,HBAT,264,264,216,216,8037900
9/17/2025,HDFA,123,135,123,126,441000
9/17/2025,HDIT,63,63,63,63,33913200
9/17/2025,HEAL,1670,1700,1670,1695,18779000
9/17/2025,HEALBQCZ5A,0,0,0,0,0
9/17/2025,HEALDRCJ6A,52,52,52,52,100
9/17/2025,HEALHDCH6A,0,0,0,0,0
9/17/2025,HEALYUCZ5A,0,0,0,0,0
9/17/2025,HEALZPCH6A,0,0,0,0,0
9/17/2025,HELI,250,250,244,248,14200
9/17/2025,HERO,392,392,382,392,111500
9/17/2025,HEXA,5400,5400,5100,5250,1556200
9/17/2025,HGII,144,145,142,143,9421200
9/17/2025,HILL,206,246,206,212,129896900
9/17/2025,HITS,0,0,0,0,0
9/17/2025,HKMU,0,0,0,0,0
9/17/2025,HMSP,670,685,640,645,269742600
9/17/2025,HOKI,79,105,78,104,3206655300
9/17/2025,HOME,0,0,0,0,0
9/17/2025,HOMI,252,282,252,256,8287200
9/17/2025,HOPE,170,170,161,168,16625700
9/17/2025,HOTL,0,0,0,0,0
9/17/2025,HRME,45,49,42,49,7334700
9/17/2025,HRTA,885,885,860,860,28727800
9/17/2025,HRUM,1095,1180,1095,1105,69371300
9/17/2025,HRUMHDCK6A,63,71,62,63,312400
9/17/2025,HRUMZPCG6A,71,72,67,67,601400
9/17/2025,HUMI,151,153,144,144,102391000
9/17/2025,HUMI-W,24,24,22,23,25147900
9/17/2025,HYGN,158,161,158,160,1360100
9/17/2025,IATA,83,83,83,83,106217500
9/17/2025,IATA-W,30,30,30,30,16700
9/17/2025,IBFN,42,42,42,42,1380300
9/17/2025,IBOS,47,49,46,49,25197600
9/17/2025,IBST,0,0,0,0,0
9/17/2025,ICBP,9275,9500,9250,9500,3034300
9/17/2025,ICBPDRCX6A,0,0,0,0,0
9/17/2025,ICBPHDCJ6A,0,0,0,0,0
9/17/2025,ICBPZPCX5A,0,0,0,0,0
9/17/2025,ICON,50,51,50,51,1549400
9/17/2025,IDEA,133,136,133,136,13968300
9/17/2025,IDPR,258,322,258,276,7286500
9/17/2025,IFII,232,238,230,238,581700
9/17/2025,IFSH,1000,1035,900,965,97200
9/17/2025,IGAR,530,530,515,515,26500
9/17/2025,IIKP,0,0,0,0,0
9/17/2025,IKAI,36,42,36,38,123279000
9/17/2025,IKAN,142,143,138,138,21391300
9/17/2025,IKBI,505,510,498,500,173600
9/17/2025,IKPM,208,216,208,210,1109400
9/17/2025,IMAS,1120,1140,1115,1130,655800
9/17/2025,IMJS,268,268,240,250,35170300
9/17/2025,IMPC,1385,1635,1380,1520,90365500
9/17/2025,INAF,0,0,0,0,0
9/17/2025,INAI,157,159,153,155,144800
9/17/2025,INCF,49,49,49,49,10504600
9/17/2025,INCI,605,610,595,610,52100
9/17/2025,INCO,4070,4090,3980,4020,9085200
9/17/2025,INCOBQCF6A,0,0,0,0,0
9/17/2025,INCOBQCV5A,37,37,35,37,44100
9/17/2025,INCODRCK6A,84,85,84,85,200
9/17/2025,INCODRCX5A,106,107,103,107,235200
9/17/2025,INCODRPV5A,12,13,12,12,392400
9/17/2025,INCOHDCJ6A,0,0,0,0,0
9/17/2025,INCOYUCZ5A,0,0,0,0,0
9/17/2025,INCOZPCK6A,49,49,49,49,5000
9/17/2025,INCOZPCX5A,0,0,0,0,0
9/17/2025,INDF,7650,7800,7650,7775,5049900
9/17/2025,INDFBQCV5A,0,0,0,0,0
9/17/2025,INDFDRCX6A,4120,4190,4120,4190,300
9/17/2025,INDFHDCJ6A,0,0,0,0,0
9/17/2025,INDO,250,254,242,244,4607500
9/17/2025,INDR,2850,2900,2750,2790,88700
9/17/2025,INDS,222,226,222,226,254600
9/17/2025,INDX,199,224,173,183,101651400
9/17/2025,INDY,2150,2230,2150,2170,41196900
9/17/2025,INDYHDCJ6A,232,232,228,230,46800
9/17/2025,INDYZPCG6A,121,124,117,119,83900
9/17/2025,INET,222,226,218,222,122436700
9/17/2025,INET-W,129,130,126,128,2827900
9/17/2025,INKP,7550,7625,7475,7600,4223200
9/17/2025,INKPBQCX5A,54,54,54,54,15800
9/17/2025,INKPDRCF6A,177,178,177,178,5200
9/17/2025,INKPZPCF6A,0,0,0,0,0
9/17/2025,INKPZPCK6A,35,36,35,35,163300
9/17/2025,INOV,97,102,96,98,1193100
9/17/2025,INPC,170,176,168,174,27087900
9/17/2025,INPP,765,775,745,775,153600
9/17/2025,INPS,146,146,146,146,8145300
9/17/2025,INRU,800,820,740,780,58400
9/17/2025,INTA,31,31,31,31,687200
9/17/2025,INTD,198,200,196,200,98700
9/17/2025,INTP,6925,6950,6825,6925,1302800
9/17/2025,INTPZPCG6A,0,0,0,0,0
9/17/2025,IOTF,96,97,92,93,35081800
9/17/2025,IPAC,148,155,136,148,84800
9/17/2025,IPCC,1120,1120,1105,1110,2142900
9/17/2025,IPCM,300,308,300,302,3488600
9/17/2025,IPOL,137,173,133,137,6939400
9/17/2025,IPPE,0,0,0,0,0
9/17/2025,IPTV,44,44,41,44,16343000
9/17/2025,IRRA,430,430,418,428,1371700
9/17/2025,IRSX,220,220,220,220,34638200
9/17/2025,ISAP,43,45,41,45,117323000
9/17/2025,ISAP-W,15,16,14,15,121626100
9/17/2025,ISAT,1915,1920,1880,1920,8797100
9/17/2025,ISATBQCJ6A,46,58,46,57,1700
9/17/2025,ISATBQCU5A,50,50,7,18,48752400
9/17/2025,ISATDRCG6A,46,46,44,46,12700
9/17/2025,ISATDRCX5A,37,37,37,37,15000
9/17/2025,ISATHDCJ6A,19,19,19,19,400
9/17/2025,ISATZPCF6A,0,0,0,0,0
9/17/2025,ISEA,98,103,95,96,12609600
9/17/2025,ISSP,410,410,402,402,777400
9/17/2025,ITIC,318,360,310,322,43605700
9/17/2025,ITMA,1565,1590,1335,1335,4827400
9/17/2025,ITMG,22375,22575,22375,22575,1065700
9/17/2025,ITMGHDCJ6A,0,0,0,0,0
9/17/2025,ITMGZPCJ6A,65,65,65,65,10000
9/17/2025,JARR,1790,1800,1790,1790,5802700
9/17/2025,JAST,103,104,100,102,5458800
9/17/2025,JATI,134,135,131,132,2864100
9/17/2025,JAWA,155,158,150,151,7193100
9/17/2025,JAYA,108,110,104,106,2373200
9/17/2025,JECC,1095,1130,1095,1110,30800
9/17/2025,JGLE,18,18,18,18,4831400
9/17/2025,JIHD,700,715,675,675,1018000
9/17/2025,JKON,89,95,87,92,69210700
9/17/2025,JMAS,149,151,148,148,489600
9/17/2025,JPFA,1955,1990,1925,1990,30409400
9/17/2025,JPFABQCZ5A,0,0,0,0,0
9/17/2025,JPFADRCJ6A,66,67,64,67,174000
9/17/2025,JPFAHDCZ5A,0,0,0,0,0
9/17/2025,JPFAZPCG6A,0,0,0,0,0
9/17/2025,JRPT,795,810,795,805,680500
9/17/2025,JSKY,0,0,0,0,0
9/17/2025,JSMR,3500,3550,3490,3540,4515400
9/17/2025,JSMRDRCK6A,68,68,68,68,100
9/17/2025,JSMRHDCH6A,0,0,0,0,0
9/17/2025,JSMRZPCG6A,0,0,0,0,0
9/17/2025,JSPT,3910,3990,3900,3900,53800
9/17/2025,JTPE,326,330,322,330,3056800
9/17/2025,KAEF,520,520,505,510,946000
9/17/2025,KAQI,71,71,69,70,9446700
9/17/2025,KARW,660,660,660,660,606200
9/17/2025,KAYU,0,0,0,0,0
9/17/2025,KBAG,54,54,50,50,25086500
9/17/2025,KBLI,370,370,364,364,342700
9/17/2025,KBLM,376,382,374,376,362600
9/17/2025,KBLV,0,0,0,0,0
9/17/2025,KBRI,0,0,0,0,0
9/17/2025,KDSI,456,470,450,470,45300
9/17/2025,KDTN,126,126,118,121,1066400
9/17/2025,KEEN,835,835,820,830,1505800
9/17/2025,KEJU,605,610,600,605,579200
9/17/2025,KETR,585,600,540,555,4677000
9/17/2025,KIAS,0,0,0,0,0
9/17/2025,KICI,150,151,144,146,419900
9/17/2025,KIJA,200,200,195,199,134463200
9/17/2025,KING,198,200,196,199,544800
9/17/2025,KING-W,13,14,12,14,7613600
9/17/2025,KINO,1150,1170,1145,1170,28500
9/17/2025,KIOS,86,93,85,87,80468300
9/17/2025,KJEN,214,270,208,270,59595800
9/17/2025,KKES,44,44,40,42,2946700
9/17/2025,KKGI,330,332,322,324,4439700
9/17/2025,KLAS,134,136,132,133,6632200
9/17/2025,KLBF,1190,1195,1175,1190,33420100
9/17/2025,KLBFBQCJ6A,49,49,48,48,200
9/17/2025,KLBFBQCV5A,6,18,6,12,133102800
9/17/2025,KLBFDRCG6A,18,19,17,18,217900
9/17/2025,KLBFZPCF6A,0,0,0,0,0
9/17/2025,KLBFZPCJ6A,24,24,24,24,4400
9/17/2025,KLIN,187,196,182,185,2697200
9/17/2025,KMDS,630,630,615,625,869300
9/17/2025,KMTR,300,308,290,300,485600
9/17/2025,KOBX,145,146,143,145,383600
9/17/2025,KOCI,65,86,64,84,591276300
9/17/2025,KOCI-W,16,20,14,17,153276300
9/17/2025,KOIN,72,72,71,71,203600
9/17/2025,KOKA,137,137,137,137,22971800
9/17/2025,KONI,1710,1750,1700,1750,25800
9/17/2025,KOPI,334,356,334,340,1024300
9/17/2025,KOTA,38,38,38,38,28926200
9/17/2025,KPIG,200,202,197,198,49613600
9/17/2025,KRAS,316,322,304,316,27462700
9/17/2025,KREN,24,24,24,24,17198300
9/17/2025,KRYA,234,240,222,222,28986300
9/17/2025,KSIX,252,288,252,270,6092700
9/17/2025,KUAS,73,75,71,72,8369600
9/17/2025,LABA,0,0,0,0,0
9/17/2025,LABS,144,144,140,143,722900
9/17/2025,LAJU,75,86,74,76,357059600
9/17/2025,LAND,45,45,44,44,8987500
9/17/2025,LAPD,204,204,204,204,36777200
9/17/2025,LCGP,0,0,0,0,0
9/17/2025,LCKM,210,212,210,210,2200
9/17/2025,LEAD,82,88,79,83,49704600
9/17/2025,LFLO,330,346,304,314,61000
9/17/2025,LIFE,13500,14725,13500,14725,32800
9/17/2025,LINK,3010,3010,3000,3000,14800
9/17/2025,LION,0,0,0,0,0
9/17/2025,LIVE,270,272,248,254,43069900
9/17/2025,LMAS,0,0,0,0,0
9/17/2025,LMAX,85,90,82,90,16995100
9/17/2025,LMPI,142,146,140,141,207400
9/17/2025,LMSH,0,0,0,0,0
9/17/2025,LOPI,106,108,100,108,42316800
9/17/2025,LPCK,625,665,625,635,641900
9/17/2025,LPGI,448,470,436,448,619400
9/17/2025,LPIN,422,430,420,426,337500
9/17/2025,LPKR,104,108,102,102,737389500
9/17/2025,LPLI,324,326,308,310,839600
9/17/2025,LPPF,1645,1665,1635,1645,1133100
9/17/2025,LPPS,85,92,84,85,29755200
9/17/2025,LRNA,195,195,178,190,1319300
9/17/2025,LSIP,1340,1350,1325,1340,10737500
9/17/2025,LSIPDRCK6A,45,45,45,45,100
9/17/2025,LSIPHDCJ6A,0,0,0,0,0
9/17/2025,LSIPYUCZ5A,60,62,60,62,700
9/17/2025,LSIPZPCG6A,0,0,0,0,0
9/17/2025,LTLS,850,860,835,850,40900
9/17/2025,LUCK,95,99,93,95,17645700
9/17/2025,LUCY,92,92,90,91,208500
9/17/2025,MABA,0,0,0,0,0
9/17/2025,MAGP,0,0,0,0,0
9/17/2025,MAHA,159,161,154,156,9772800
9/17/2025,MAIN,750,755,735,745,5930500
9/17/2025,MANG,50,54,49,51,20946500
9/17/2025,MANG-W,26,28,25,26,7336100
9/17/2025,MAPA,570,590,565,580,23586800
9/17/2025,MAPABQCZ5A,15,15,14,15,830500
9/17/2025,MAPADRCJ6A,13,16,12,12,117330200
9/17/2025,MAPAHDCZ5A,26,26,26,26,11100
9/17/2025,MAPAZPCH6A,29,29,29,29,1000
9/17/2025,MAPB,1710,1710,1665,1680,4200
9/17/2025,MAPI,1240,1285,1240,1270,33533300
9/17/2025,MAPIBQCV5A,11,16,7,12,110022000
9/17/2025,MAPIDRCX5A,21,24,21,22,483200
9/17/2025,MAPIHDCK6A,86,86,86,86,2500
9/17/2025,MAPIZPCJ6A,56,56,55,55,11300
9/17/2025,MARI,44,44,44,44,24527100
9/17/2025,MARK,625,635,605,615,14124100
9/17/2025,MASA,0,0,0,0,0
9/17/2025,MASB,3250,3250,3230,3230,1100
9/17/2025,MAXI,60,60,58,58,29621200
9/17/2025,MAYA,308,316,292,300,28041400
9/17/2025,MBAP,1605,1610,1600,1610,299800
9/17/2025,MBMA,474,484,464,480,247355800
9/17/2025,MBMABQCX5A,20,25,20,25,2200900
9/17/2025,MBMADRCX5A,36,37,34,37,638700
9/17/2025,MBMADRPX5A,15,20,14,14,27531200
9/17/2025,MBMAHDCH6A,74,78,74,78,60400
9/17/2025,MBMAZPCK6A,24,26,24,26,35800
9/17/2025,MBMAZPCX5A,70,71,70,71,5000
9/17/2025,MBSS,1495,1725,1465,1695,7143500
9/17/2025,MBTO,124,130,119,126,5133600
9/17/2025,MCAS,805,815,790,790,612200
9/17/2025,MCOL,3610,3650,3570,3620,124700
9/17/2025,MCOR,77,79,76,77,18061200
9/17/2025,MDIA,42,42,41,41,2201000
9/17/2025,MDIY,1070,1100,1050,1075,5449900
9/17/2025,MDKA,2550,2550,2460,2490,58915500
9/17/2025,MDKABQCV5A,126,126,113,113,35100
9/17/2025,MDKABQCX5B,0,0,0,0,0
9/17/2025,MDKADRCK6A,83,83,80,80,271400
9/17/2025,MDKADRCV5A,99,99,94,94,1201000
9/17/2025,MDKADRPX5A,25,25,25,25,30200
9/17/2025,MDKAHDCU5A,159,159,148,148,200
9/17/2025,MDKAHDCZ5A,143,143,139,139,16400
9/17/2025,MDKAZPCF6A,83,83,77,78,2561500
9/17/2025,MDKI,197,199,189,196,6379900
9/17/2025,MDLA,246,248,240,242,11944900
9/17/2025,MDLN,74,76,71,74,75516600
9/17/2025,MDRN,39,39,39,39,23088700
9/17/2025,MEDC,1310,1320,1280,1320,73304900
9/17/2025,MEDCBQCV5A,48,54,48,54,164100
9/17/2025,MEDCBQCX5B,30,30,30,30,100
9/17/2025,MEDCBQCZ5A,35,36,35,36,62300
9/17/2025,MEDCDRCG6A,38,40,36,39,917200
9/17/2025,MEDCDRPV5A,18,19,16,16,17665300
9/17/2025,MEDCHDCH6A,97,97,95,96,4200
9/17/2025,MEDCZPCF6A,34,37,34,37,33600
9/17/2025,MEDS,71,72,67,68,32526200
9/17/2025,MEGA,3260,3300,3250,3300,4100
9/17/2025,MEJA,89,91,82,85,52737200
9/17/2025,MEJA-W,29,32,28,29,33655100
9/17/2025,MENN,59,61,58,60,19961600
9/17/2025,MERI,248,252,236,238,12856500
9/17/2025,MERK,2800,2820,2790,2800,13900
9/17/2025,META,0,0,0,0,0
9/17/2025,MFIN,1000,1015,970,975,279700
9/17/2025,MFMI,0,0,0,0,0
9/17/2025,MGLV,1235,1235,1235,1235,248300
9/17/2025,MGNA,49,49,49,49,1438700
9/17/2025,MGNA-W,38,38,38,38,27800
9/17/2025,MGRO,755,765,745,745,7548800
9/17/2025,MHKI,195,240,191,200,364631100
9/17/2025,MICE,494,498,488,498,38900
9/17/2025,MIDI,454,468,454,464,14361900
9/17/2025,MIKA,2370,2380,2330,2370,7055300
9/17/2025,MIKAZPCG6A,0,0,0,0,0
9/17/2025,MINA,158,165,158,158,87426100
9/17/2025,MINE,575,580,560,565,4331100
9/17/2025,MIRA,70,70,68,69,12438600
9/17/2025,MITI,328,328,308,316,2916700
9/17/2025,MKAP,350,356,348,356,135900
9/17/2025,MKNT,0,0,0,0,0
9/17/2025,MKPI,25475,25475,25475,25475,6100
9/17/2025,MKTR,147,147,136,136,6620400
9/17/2025,MKTR-W,17,17,15,15,11877100
9/17/2025,MLBI,5900,5900,5850,5900,67200
9/17/2025,MLIA,350,352,350,350,2925600
9/17/2025,MLPL,153,181,151,160,1470455100
9/17/2025,MLPT,117300,131025,117300,131025,88900
9/17/2025,MMIX,388,414,380,394,24003500
9/17/2025,MMLP,540,540,535,535,5935600
9/17/2025,MNCN,264,266,262,266,24675000
9/17/2025,MOLI,220,226,216,216,1649100
9/17/2025,MORA,440,440,430,432,81400
9/17/2025,MPIX,72,73,70,71,17323400
9/17/2025,MPIX-W,13,15,13,15,5711400
9/17/2025,MPMX,940,945,940,940,3109400
9/17/2025,MPOW,120,122,118,118,2554700
9/17/2025,MPPA,72,81,71,75,409721200
9/17/2025,MPRO,4650,4960,4650,4780,453300
9/17/2025,MPXL,187,216,184,210,119923600
9/17/2025,MRAT,218,220,208,208,4991200
9/17/2025,MREI,970,970,945,945,281000
9/17/2025,MSIE,79,79,77,79,16118600
9/17/2025,MSIN,630,630,580,585,23436200
9/17/2025,MSJA,302,302,300,300,6553200
9/17/2025,MSKY,94,99,93,95,47729600
9/17/2025,MSTI,1535,1565,1530,1565,1549600
9/17/2025,MTDL,625,625,605,620,6423600
9/17/2025,MTEL,590,600,585,600,3171000
9/17/2025,MTELDRCK6A,19,19,19,19,222900
9/17/2025,MTFN,16,16,16,16,47521400
9/17/2025,MTLA,446,446,440,442,37300
9/17/2025,MTMH,1185,1200,1185,1185,35800
9/17/2025,MTPS,52,52,48,48,2196800
9/17/2025,MTRA,0,0,0,0,0
9/17/2025,MTSM,0,0,0,0,0
9/17/2025,MTWI,360,364,356,362,149000
9/17/2025,MUTU,99,99,97,97,1971600
9/17/2025,MYOH,1710,1710,1690,1710,4700
9/17/2025,MYOR,2070,2090,2040,2070,7338400
9/17/2025,MYORDRCK6A,57,58,57,57,2200100
9/17/2025,MYORZPCH6A,0,0,0,0,0
9/17/2025,MYTX,0,0,0,0,0
9/17/2025,NAIK,141,142,138,139,15458400
9/17/2025,NAIK-W,24,25,23,23,8042900
9/17/2025,NANO,66,68,63,65,52177400
9/17/2025,NASA,60,60,54,54,7783700
9/17/2025,NASI,97,128,97,128,219877000
9/17/2025,NATO,141,144,139,139,201100
9/17/2025,NAYZ,0,0,0,0,0
9/17/2025,NCKL,1115,1125,1085,1090,38835000
9/17/2025,NCKLDRCK6A,50,50,48,48,6500
9/17/2025,NCKLYUCZ5A,104,104,99,99,108000
9/17/2025,NCKLZPCJ6A,70,70,67,67,66800
9/17/2025,NELY,350,356,346,350,934300
9/17/2025,NEST,266,270,262,270,7651300
9/17/2025,NETV,126,130,125,127,1944900
9/17/2025,NFCX,1820,1820,1740,1750,36300
9/17/2025,NICE,472,480,454,456,12085000
9/17/2025,NICK,1330,1355,1240,1340,16100
9/17/2025,NICL,1145,1165,1060,1070,16358400
9/17/2025,NIKL,222,238,218,228,9761800
9/17/2025,NINE,0,0,0,0,0
9/17/2025,NIRO,125,129,122,129,92800
9/17/2025,NISP,1370,1375,1355,1365,6078600
9/17/2025,NOBU,555,555,540,545,2945200
9/17/2025,NPGF,61,62,59,59,16636600
9/17/2025,NRCA,1020,1065,945,1025,44282100
9/17/2025,NSSS,454,468,454,464,11424200
9/17/2025,NTBK,61,62,59,59,21697800
9/17/2025,NUSA,0,0,0,0,0
9/17/2025,NZIA,99,133,99,113,189583100
9/17/2025,OASA,262,270,256,256,275577600
9/17/2025,OBAT,468,470,460,468,2217800
9/17/2025,OBAT-W,109,110,104,107,943400
9/17/2025,OBMD,288,288,278,282,573900
9/17/2025,OCAP,0,0,0,0,0
9/17/2025,OILS,139,139,136,136,545900
9/17/2025,OKAS,300,300,300,300,26058700
9/17/2025,OLIV,0,0,0,0,0
9/17/2025,OMED,188,189,188,189,205500
9/17/2025,OMRE,426,426,426,426,100
9/17/2025,OPMS,93,124,91,111,272906200
9/17/2025,PACK,2110,2110,1960,1995,8506300
9/17/2025,PADA,63,63,63,63,12332000
9/17/2025,PADI,84,84,84,84,60097300
9/17/2025,PALM,406,414,400,410,713900
9/17/2025,PAMG,79,80,77,77,17618600
9/17/2025,PANI,13600,13775,13300,13500,9031800
9/17/2025,PANIBQCZ5A,43,46,41,43,178500
9/17/2025,PANIHDCJ6A,0,0,0,0,0
9/17/2025,PANIHDCZ5A,152,152,150,150,1000
9/17/2025,PANIZPCJ6A,67,70,62,68,8793100
9/17/2025,PANR,720,735,700,725,6625600
9/17/2025,PANS,1400,1400,1385,1390,131500
9/17/2025,PART,112,113,108,111,63442500
9/17/2025,PART-W,21,21,20,21,365500
9/17/2025,PBID,490,492,486,492,409500
9/17/2025,PBRX,42,48,42,48,108306000
9/17/2025,PBSA,0,0,0,0,0
9/17/2025,PCAR,57,57,56,56,50746800
9/17/2025,PDES,464,464,464,464,800
9/17/2025,PDPP,600,600,490,496,1515700
9/17/2025,PEGE,119,119,114,115,2142500
9/17/2025,PEHA,334,338,330,330,19600
9/17/2025,PEVE,436,436,426,436,281300
9/17/2025,PGAS,1745,1765,1735,1760,24372200
9/17/2025,PGASBQCU5A,88,89,79,85,1800
9/17/2025,PGASBQCZ5A,0,0,0,0,0
9/17/2025,PGASDRCG6A,74,74,71,73,1200
9/17/2025,PGASHDCK6A,78,78,78,78,100
9/17/2025,PGASZPCJ6A,0,0,0,0,0
9/17/2025,PGEO,1360,1365,1305,1340,53840800
9/17/2025,PGEOBQCX5B,17,33,16,33,248400
9/17/2025,PGEODRCJ6A,35,35,33,34,12400
9/17/2025,PGEODRPV5A,22,23,22,23,1800
9/17/2025,PGEOHDCH6A,46,46,43,45,38000
9/17/2025,PGEOHDCH6B,56,56,52,52,21400
9/17/2025,PGEOZPCJ6A,0,0,0,0,0
9/17/2025,PGJO,1005,1005,1005,1005,1019700
9/17/2025,PGLI,250,266,212,240,1709800
9/17/2025,PGUN,5600,5600,5600,5600,83500
9/17/2025,PICO,248,260,210,216,43802800
9/17/2025,PIPA,0,0,0,0,0
9/17/2025,PJAA,486,488,480,486,5095200
9/17/2025,PKPK,555,565,550,565,114200
9/17/2025,PLAN,55,55,52,53,12284700
9/17/2025,PLAS,0,0,0,0,0
9/17/2025,PLIN,0,0,0,0,0
9/17/2025,PMJS,118,119,116,119,266500
9/17/2025,PMMP,0,0,0,0,0
9/17/2025,PMUI,130,132,128,130,4042800
9/17/2025,PNBN,1145,1170,1125,1170,12363100
9/17/2025,PNBS,55,56,54,55,16028600
9/17/2025,PNGO,2370,2370,2100,2260,29900
9/17/2025,PNIN,825,835,825,830,1663700
9/17/2025,PNLF,252,252,248,252,78199300
9/17/2025,PNLFDRCJ6A,14,14,13,13,4007400
9/17/2025,PNLFHDCZ5A,0,0,0,0,0
9/17/2025,PNLFYUCV5A,11,14,9,11,59561000
9/17/2025,PNLFZPCH6A,37,37,37,37,404900
9/17/2025,PNSE,775,825,770,775,32100
9/17/2025,POLA,46,46,46,46,18362700
9/17/2025,POLI,740,740,740,740,1400
9/17/2025,POLL,0,0,0,0,0
9/17/2025,POLU,0,0,0,0,0
9/17/2025,POLY,36,36,36,36,3923400
9/17/2025,POOL,0,0,0,0,0
9/17/2025,PORT,970,985,960,960,6100
9/17/2025,POSA,0,0,0,0,0
9/17/2025,POWR,705,715,700,715,2502000
9/17/2025,PPGL,107,111,98,100,6853900
9/17/2025,PPRE,100,107,98,101,53979300
9/17/2025,PPRI,370,398,354,354,40865000
9/17/2025,PPRO,0,0,0,0,0
9/17/2025,PRAY,695,695,690,690,4100
9/17/2025,PRDA,2760,2760,2690,2730,118800
9/17/2025,PRIM,90,91,87,87,12398500
9/17/2025,PSAB,555,560,535,540,102907500
9/17/2025,PSAT,1405,1405,1375,1400,477300
9/17/2025,PSDN,103,108,99,102,16799300
9/17/2025,PSGO,206,206,202,202,548500
9/17/2025,PSKT,121,121,118,118,8712200
9/17/2025,PSSI,346,352,346,350,136200
9/17/2025,PTBA,2380,2390,2360,2380,11005300
9/17/2025,PTBABQCV5A,18,19,16,18,1451200
9/17/2025,PTBADRCG6A,23,23,23,23,900
9/17/2025,PTBAYUCZ5A,87,87,87,87,200
9/17/2025,PTBAZPCH6A,40,40,40,40,600
9/17/2025,PTDU,0,0,0,0,0
9/17/2025,PTIS,406,416,400,412,89300
9/17/2025,PTMP,95,98,95,96,8977800
9/17/2025,PTMR,0,0,0,0,0
9/17/2025,PTPP,368,412,366,410,87652000
9/17/2025,PTPS,179,180,173,175,18601500
9/17/2025,PTPW,940,945,940,945,19800
9/17/2025,PTRO,4200,4550,4200,4490,194431700
9/17/2025,PTROHDCK6A,148,167,148,163,2875800
9/17/2025,PTROZPCK6A,77,88,77,83,11727400
9/17/2025,PTSN,458,458,442,442,1166600
9/17/2025,PTSP,925,930,900,915,168900
9/17/2025,PUDP,228,238,228,236,157700
9/17/2025,PURA,48,48,48,48,29735800
9/17/2025,PURE,0,0,0,0,0
9/17/2025,PURI,198,218,191,199,2240000
9/17/2025,PWON,380,392,376,392,125572100
9/17/2025,PWONHDCZ5A,0,0,0,0,0
9/17/2025,PWONZPCH6A,39,40,39,40,277900
9/17/2025,PYFA,478,515,474,478,57429600
9/17/2025,PYFA-W,96,100,95,98,278300
9/17/2025,PZZA,242,242,236,238,1963300
9/17/2025,RAAM,366,366,344,356,15681900
9/17/2025,R-ABFII,0,0,0,0,0
9/17/2025,RAFI,0,0,0,0,0
9/17/2025,RAJA,2840,2950,2810,2840,47192400
9/17/2025,RAJAHDCK6A,86,95,86,90,4804200
9/17/2025,RAJAZPCK6A,45,45,45,45,20100
9/17/2025,RALS,396,396,392,394,3005400
9/17/2025,RANC,424,424,412,424,2900
9/17/2025,RATU,5825,5850,5650,5725,3999000
9/17/2025,RBMS,45,45,45,45,1291900
9/17/2025,RCCC,280,288,242,248,485100
9/17/2025,RDTX,11625,11875,11625,11825,800
9/17/2025,REAL,0,0,0,0,0
9/17/2025,RELF,54,59,53,59,41619000
9/17/2025,RELI,730,755,645,650,259300
9/17/2025,RGAS,102,104,99,101,24313400
9/17/2025,RICY,83,83,83,83,1408900
9/17/2025,RIGS,820,825,810,820,84400
9/17/2025,RIMO,0,0,0,0,0
9/17/2025,RISE,1070,1115,1070,1105,502600
9/17/2025,R-LQ45X,987,995,987,995,1100
9/17/2025,RMKE,1000,1030,985,1005,12913100
9/17/2025,RMKO,141,143,136,138,2115400
9/17/2025,ROCK,795,795,795,795,11900
9/17/2025,RODA,51,51,49,49,216800
9/17/2025,RONY,0,0,0,0,0
9/17/2025,ROTI,795,800,790,795,514700
9/17/2025,RSCH,370,382,366,372,9044100
9/17/2025,RSGK,0,0,0,0,0
9/17/2025,RUIS,199,202,198,199,1762700
9/17/2025,RUNS,107,121,107,119,1723600
9/17/2025,SAFE,188,194,182,188,1039700
9/17/2025,SAGE,47,50,47,50,35412500
9/17/2025,SAME,310,312,302,306,2389900
9/17/2025,SAMF,326,326,322,326,128800
9/17/2025,SAPX,310,320,310,312,173000
9/17/2025,SATU,248,248,246,246,3865400
9/17/2025,SBAT,0,0,0,0,0
9/17/2025,SBMA,136,137,133,135,2224900
9/17/2025,SCCO,2300,2310,2260,2300,44800
9/17/2025,SCMA,302,308,284,296,308564300
9/17/2025,SCMABQCZ5A,0,0,0,0,0
9/17/2025,SCMADRCK6A,85,85,85,85,100
9/17/2025,SCMAHDCZ5A,0,0,0,0,0
9/17/2025,SCMAZPCG6A,156,156,145,145,200
9/17/2025,SCNP,187,190,178,187,87600
9/17/2025,SCPI,0,0,0,0,0
9/17/2025,SDMU,76,76,71,72,1713600
9/17/2025,SDPC,133,138,132,136,1586200
9/17/2025,SDRA,294,296,288,288,352400
9/17/2025,SEMA,104,108,101,104,1857600
9/17/2025,SFAN,1920,1925,1920,1925,78300
9/17/2025,SGER,356,356,332,332,107346600
9/17/2025,SGRO,4590,4720,4570,4640,2383200
9/17/2025,SHID,935,935,890,900,30800
9/17/2025,SHIP,4190,4190,3950,4020,93200
9/17/2025,SICO,125,127,122,124,7965300
9/17/2025,SIDO,550,550,540,545,14214400
9/17/2025,SIDODRCK6A,32,32,32,32,100
9/17/2025,SILO,2190,2190,2120,2120,837200
9/17/2025,SIMA,0,0,0,0,0
9/17/2025,SIMP,635,635,620,630,9276500
9/17/2025,SINI,3900,3900,3900,3900,22700
9/17/2025,SIPD,700,700,700,700,7200
9/17/2025,SKBM,354,358,344,352,28800
9/17/2025,SKLT,194,194,186,188,113500
9/17/2025,SKRN,412,418,410,412,254300
9/17/2025,SKYB,0,0,0,0,0
9/17/2025,SLIS,101,102,97,98,38064800
9/17/2025,SLIS-W,17,18,16,18,11910200
9/17/2025,SMAR,5450,5800,5450,5625,273500
9/17/2025,SMBR,300,302,294,294,10362400
9/17/2025,SMCB,0,0,0,0,0
9/17/2025,SMDM,890,890,800,820,1115500
9/17/2025,SMDR,334,336,328,332,11757900
9/17/2025,SMGA,113,114,106,107,124114100
9/17/2025,SMGR,2930,2940,2890,2940,8486400
9/17/2025,SMGRBQCU5A,1,24,1,13,142699800
9/17/2025,SMGRBQCX5B,0,0,0,0,0
9/17/2025,SMGRBQCZ5A,0,0,0,0,0
9/17/2025,SMGRDRCV5A,66,66,66,66,100
9/17/2025,SMGRHDCZ5A,0,0,0,0,0
9/17/2025,SMGRZPCJ6A,0,0,0,0,0
9/17/2025,SMIL,675,720,670,705,432597700
9/17/2025,SMKL,169,170,163,170,88500
9/17/2025,SMKM,222,224,200,224,42000600
9/17/2025,SMLE,260,282,240,256,104410400
9/17/2025,SMMA,15600,15650,15200,15650,17600
9/17/2025,SMMT,1200,1210,1180,1185,672400
9/17/2025,SMRA,458,470,450,464,72421700
9/17/2025,SMRADRCJ6A,34,34,32,32,93000
9/17/2025,SMRAHDCZ5A,0,0,0,0,0
9/17/2025,SMRAZPCH6A,0,0,0,0,0
9/17/2025,SMRU,0,0,0,0,0
9/17/2025,SMSM,1895,1905,1890,1900,455700
9/17/2025,SNLK,456,456,424,440,3866400
9/17/2025,SOCI,208,210,200,208,17671500
9/17/2025,SOFA,79,79,71,79,65380300
9/17/2025,SOHO,740,755,725,725,31300
9/17/2025,SOLA,143,146,139,144,18418500
9/17/2025,SONA,4770,4780,4600,4620,71500
9/17/2025,SOSS,875,875,825,825,75900
9/17/2025,SOTS,0,0,0,0,0
9/17/2025,SOUL,80,85,76,79,3160600
9/17/2025,SPMA,284,292,278,286,482000
9/17/2025,SPRE,76,77,74,75,7116400
9/17/2025,SPTO,675,675,670,670,149300
9/17/2025,SQMI,0,0,0,0,0
9/17/2025,SRAJ,9700,9925,9575,9750,520000
9/17/2025,SRIL,0,0,0,0,0
9/17/2025,SRSN,71,71,68,69,14495500
9/17/2025,SRTG,1950,1950,1870,1880,13565600
9/17/2025,SRTGDRCK6A,98,98,95,95,169400
9/17/2025,SRTGHDCK6A,0,0,0,0,0
9/17/2025,SRTGZPCG6A,101,101,97,97,2600
9/17/2025,SRTGZPCK6A,48,48,48,48,3100
9/17/2025,SSIA,1905,1905,1820,1845,56756900
9/17/2025,SSMS,1435,1465,1430,1455,7518100
9/17/2025,SSTM,304,304,290,290,131500
9/17/2025,STAA,1095,1125,1085,1125,12028300
9/17/2025,STAR,96,96,96,96,579800
9/17/2025,STRK,230,230,230,230,11964700
9/17/2025,STTP,10225,10225,10200,10200,1800
9/17/2025,SUGI,0,0,0,0,0
9/17/2025,SULI,97,99,96,96,1250500
9/17/2025,SUNI,835,845,820,830,256100
9/17/2025,SUPR,0,0,0,0,0
9/17/2025,SURE,2850,2850,2710,2770,13100
9/17/2025,SURI,131,135,126,129,301681400
9/17/2025,SWAT,0,0,0,0,0
9/17/2025,SWID,105,105,98,99,4971100
9/17/2025,TALF,380,380,342,350,141400
9/17/2025,TAMA,48,48,46,46,3440700
9/17/2025,TAMU,36,44,36,44,102463500
9/17/2025,TAPG,1590,1600,1515,1545,18960200
9/17/2025,TAPGDRCJ6A,89,89,82,82,53300
9/17/2025,TAPGHDCH6A,0,0,0,0,0
9/17/2025,TAPGZPCH6A,0,0,0,0,0
9/17/2025,TARA,45,45,45,45,15205300
9/17/2025,TAXI,22,22,22,22,56492900
9/17/2025,TAYS,84,88,81,81,50481600
9/17/2025,TBIG,1835,1855,1780,1790,1282000
9/17/2025,TBLA,730,735,715,720,3421400
9/17/2025,TBMS,1020,1040,1010,1010,33800
9/17/2025,TCID,3000,3000,2860,2990,165800
9/17/2025,TCPI,6050,6050,5575,5725,2563900
9/17/2025,TDPM,0,0,0,0,0
9/17/2025,TEBE,1940,1945,1855,1875,6868000
9/17/2025,TECH,0,0,0,0,0
9/17/2025,TELE,0,0,0,0,0
9/17/2025,TFAS,175,178,164,167,2811000
9/17/2025,TFCO,0,0,0,0,0
9/17/2025,TGKA,5650,5700,5600,5600,11600
9/17/2025,TGRA,0,0,0,0,0
9/17/2025,TGUK,0,0,0,0,0
9/17/2025,TIFA,400,402,392,400,10100
9/17/2025,TINS,1130,1135,1105,1110,17456700
9/17/2025,TIRA,1540,1705,1500,1565,95100
9/17/2025,TIRT,0,0,0,0,0
9/17/2025,TKIM,7100,7425,7075,7425,2477400
9/17/2025,TKIMHDCJ6A,78,79,78,79,11000
9/17/2025,TKIMZPCG6A,99,105,98,105,904200
9/17/2025,TKIMZPCK6A,0,0,0,0,0
9/17/2025,TLDN,700,700,690,695,2426000
9/17/2025,TLKM,3300,3340,3210,3340,73539700
9/17/2025,TLKMBQCG6A,0,0,0,0,0
9/17/2025,TLKMBQCV5A,0,0,0,0,0
9/17/2025,TLKMDRCJ6A,84,87,84,87,200
9/17/2025,TLKMDRCX6A,0,0,0,0,0
9/17/2025,TLKMHDCJ6A,66,68,66,68,31000
9/17/2025,TLKMHDCV5A,0,0,0,0,0
9/17/2025,TLKMZPCF6A,0,0,0,0,0
9/17/2025,TMAS,137,138,129,135,6295100
9/17/2025,TMPO,180,180,169,172,13697100
9/17/2025,TNCA,179,180,172,177,948100
9/17/2025,TOBA,1270,1300,1235,1245,89841300
9/17/2025,TOOL,66,67,64,66,3202000
9/17/2025,TOPS,0,0,0,0,0
9/17/2025,TOSK,67,71,65,68,98370100
9/17/2025,TOTL,780,780,765,780,1280700
9/17/2025,TOTO,254,258,254,258,718700
9/17/2025,TOWR,605,610,600,610,54657600
9/17/2025,TOWRHDCK6A,0,0,0,0,0
9/17/2025,TOYS,0,0,0,0,0
9/17/2025,TPIA,8000,8200,7950,8125,8053700
9/17/2025,TPMA,590,590,580,580,4537800
9/17/2025,TRAM,0,0,0,0,0
9/17/2025,TRGU,173,175,172,175,203000
9/17/2025,TRIL,0,0,0,0,0
9/17/2025,TRIM,372,378,364,370,392600
9/17/2025,TRIN,94,121,94,118,77798700
9/17/2025,TRIN-W2,0,0,0,0,0
9/17/2025,TRIO,0,0,0,0,0
9/17/2025,TRIS,189,189,185,186,121000
9/17/2025,TRJA,140,147,140,146,2851500
9/17/2025,TRON,91,93,90,91,6227200
9/17/2025,TRST,492,492,474,492,23000
9/17/2025,TRUE,52,52,52,52,14081000
9/17/2025,TRUK,354,416,326,348,10884000
9/17/2025,TRUS,474,480,468,478,27700
9/17/2025,TSPC,2380,2380,2320,2360,683100
9/17/2025,TUGU,965,970,955,955,2212400
9/17/2025,TYRE,130,130,126,128,570700
9/17/2025,UANG,0,0,0,0,0
9/17/2025,UCID,440,440,438,440,1795600
9/17/2025,UDNG,2760,2760,2760,2760,205900
9/17/2025,UFOE,176,176,174,174,99900
9/17/2025,ULTJ,1315,1320,1305,1305,2080700
9/17/2025,UNIC,7900,7950,7850,7950,1000
9/17/2025,UNIQ,368,372,360,364,33514100
9/17/2025,UNIT,0,0,0,0,0
9/17/2025,UNSP,170,171,170,171,2234300
9/17/2025,UNTD,87,87,85,86,8634200
9/17/2025,UNTR,26725,27000,26725,27000,2792600
9/17/2025,UNTRBQCV5A,0,0,0,0,0
9/17/2025,UNTRDRCG6A,167,168,167,168,13700
9/17/2025,UNTRZPCJ6A,0,0,0,0,0
9/17/2025,UNVR,1740,1765,1715,1735,12700500
9/17/2025,UNVRBQCU5A,2,49,2,14,22717000
9/17/2025,UNVRBQCZ5A,0,0,0,0,0
9/17/2025,UNVRDRCG6A,44,44,43,43,7600
9/17/2025,UNVRHDPG6A,0,0,0,0,0
9/17/2025,UNVRZPCH6A,0,0,0,0,0
9/17/2025,URBN,139,140,130,138,168900
9/17/2025,UVCR,75,75,73,73,3642400
9/17/2025,VAST,196,197,185,192,4104700
9/17/2025,VAST-W,14,15,13,14,1693200
9/17/2025,VERN,130,156,126,135,111619900
9/17/2025,VERN-W,5,9,4,9,443456900
9/17/2025,VICI,630,635,620,635,626700
9/17/2025,VICO,204,210,200,202,1421300
9/17/2025,VINS,147,148,135,138,2398900
9/17/2025,VISI,155,156,148,156,8392700
9/17/2025,VIVA,42,44,42,44,21793100
9/17/2025,VKTR,126,145,120,138,262466700
9/17/2025,VOKS,362,366,330,350,2332700
9/17/2025,VRNA,91,91,88,90,1189800
9/17/2025,VTNY,103,110,101,102,32419700
9/17/2025,WAPO,175,184,170,176,8436000
9/17/2025,WEGE,75,79,71,76,92056800
9/17/2025,WEHA,118,135,117,123,30872500
9/17/2025,WGSH,220,234,206,224,2069800
9/17/2025,WICO,0,0,0,0,0
9/17/2025,WIDI,49,49,45,45,82482900
9/17/2025,WIFI,2640,2640,2570,2580,49975200
9/17/2025,WIIM,1025,1055,965,965,49121200
9/17/2025,WIKA,0,0,0,0,0
9/17/2025,WINE,216,224,210,218,2730400
9/17/2025,WINR,40,40,40,40,4679200
9/17/2025,WINS,418,498,416,470,21137600
9/17/2025,WIRG,167,168,153,154,1154017400
9/17/2025,WMPP,0,0,0,0,0
9/17/2025,WMUU,28,30,28,29,384462100
9/17/2025,WOMF,342,342,338,342,19900
9/17/2025,WOOD,378,436,378,412,52086300
9/17/2025,WOWS,98,99,92,93,80157000
9/17/2025,WSBP,31,31,30,30,146011100
9/17/2025,WSKT,0,0,0,0,0
9/17/2025,WTON,107,111,104,108,41631900
9/17/2025,XAQA,0,0,0,0,0
9/17/2025,XBES,1059,1071,1059,1071,25000
9/17/2025,XBID,514,519,514,519,41000
9/17/2025,XBIG,0,0,0,0,0
9/17/2025,XBIN,588,588,588,588,40000
9/17/2025,XBLQ,0,0,0,0,0
9/17/2025,XBNI,0,0,0,0,0
9/17/2025,XBSK,453,453,453,453,40000
9/17/2025,XCEG,107,107,107,107,500
9/17/2025,XCID,65,71,65,71,171200
9/17/2025,XCIS,92,102,84,90,182600
9/17/2025,XCLQ,88,88,87,88,26100
9/17/2025,XDIF,456,456,456,456,1100
9/17/2025,XIFE,108,109,108,109,4100
9/17/2025,XIHD,635,635,635,635,100
9/17/2025,XIIC,0,0,0,0,0
9/17/2025,XIID,0,0,0,0,0
9/17/2025,XIIF,450,467,450,467,1200
9/17/2025,XIIT,516,555,515,533,13400
9/17/2025,XIJI,636,636,630,635,15200
9/17/2025,XILV,135,135,104,118,3000
9/17/2025,XIML,236,249,236,249,2200
9/17/2025,XIPB,199,199,199,199,200
9/17/2025,XIPI,218,220,218,220,2500
9/17/2025,XISB,0,0,0,0,0
9/17/2025,XISC,0,0,0,0,0
9/17/2025,XISI,351,351,351,351,2000
9/17/2025,XISR,441,441,441,441,1200
9/17/2025,XKID,962,962,962,962,100
9/17/2025,XKIV,590,596,590,596,40800
9/17/2025,XKMS,1147,1154,1146,1154,200500
9/17/2025,XMGB,1125,1125,1125,1125,100
9/17/2025,XMIG,218,221,218,221,201000
9/17/2025,XMLF,893,893,893,893,40000
9/17/2025,XMSK,390,391,390,391,200
9/17/2025,XNVE,0,0,0,0,0
9/17/2025,XPDV,550,616,550,616,65200
9/17/2025,XPFT,0,0,0,0,0
9/17/2025,XPIN,651,657,651,657,700
9/17/2025,XPLQ,446,511,446,511,200
9/17/2025,XPSG,0,0,0,0,0
9/17/2025,XPTD,473,474,473,474,500
9/17/2025,XSBC,101,101,100,100,38200
9/17/2025,XSPI,0,0,0,0,0
9/17/2025,XSSI,82,83,80,81,72500
9/17/2025,XSSK,704,704,704,704,20000
9/17/2025,YELO,66,70,66,70,9358100
9/17/2025,YOII,100,112,100,102,30627000
9/17/2025,YPAS,0,0,0,0,0
9/17/2025,YULE,2700,2710,2700,2710,48800
9/17/2025,YUPI,1625,1625,1610,1620,14200
9/17/2025,ZATA,39,39,39,39,4299500
9/17/2025,ZBRA,0,0,0,0,0
9/17/2025,ZINC,42,42,42,42,17771900
9/17/2025,ZONE,760,760,750,755,131300
9/17/2025,ZYRX,149,151,146,149,981900
