<date>,<ticker>,<open>,<high>,<low>,<close>,<volume>
11/20/2025,IHSG,8449.540,8491.430,8419.920,8419.917,36524463800
11/20/2025,AADI,7850,7925,7725,7725,9610900
11/20/2025,AADIDRCN6A,97,100,94,94,2633300
11/20/2025,AADIHDCK6A,102,104,98,98,479200
11/20/2025,AADIYUCK6A,320,322,318,318,134200
11/20/2025,AALI,7800,7875,7800,7875,918800
11/20/2025,ABBA,58,58,58,58,708200
11/20/2025,ABDA,0,0,0,0,0
11/20/2025,ABMM,3080,3080,3030,3030,473100
11/20/2025,ACES,430,430,426,426,17467100
11/20/2025,ACESBQCG6A,10,10,10,10,700
11/20/2025,ACESBQCK6A,0,0,0,0,0
11/20/2025,ACESBQCX5B,2,2,1,2,13660900
11/20/2025,ACESBQCZ5A,6,6,6,6,100
11/20/2025,ACESDRCJ6A,10,10,9,10,808900
11/20/2025,ACESHDCN6A,54,54,54,54,8100
11/20/2025,ACESHDCZ5A,0,0,0,0,0
11/20/2025,ACESZPCJ6A,0,0,0,0,0
11/20/2025,ACRO,93,94,91,92,10370200
11/20/2025,ACRO-W,7,8,7,7,1132000
11/20/2025,ACST,146,146,136,139,20841900
11/20/2025,ADCP,55,56,54,55,10658200
11/20/2025,ADES,15025,15100,15000,15000,9700
11/20/2025,ADHI,256,274,256,260,122531600
11/20/2025,ADMF,8725,8800,8700,8800,38800
11/20/2025,ADMG,159,163,159,163,552400
11/20/2025,ADMR,1325,1350,1325,1330,28005500
11/20/2025,ADMRDRCH6A,43,43,43,43,22000
11/20/2025,ADMRDRCJ6A,61,62,60,60,2361300
11/20/2025,ADMRHDCJ6A,94,94,94,94,800
11/20/2025,ADMRZPCH6A,81,84,81,84,2100
11/20/2025,ADRO,1930,1940,1900,1905,52140900
11/20/2025,ADROBQCG6A,0,0,0,0,0
11/20/2025,ADROBQCJ6A,0,0,0,0,0
11/20/2025,ADROBQCN6A,0,0,0,0,0
11/20/2025,ADROBQCZ5A,3,4,2,3,2010800
11/20/2025,ADRODRCJ6A,60,61,57,57,576200
11/20/2025,ADROHDCN6A,76,77,76,77,30500
11/20/2025,ADROHDCZ5A,42,44,40,41,200100
11/20/2025,ADROHDPH6A,70,70,70,70,200
11/20/2025,ADROYUCZ5A,41,41,41,41,300
11/20/2025,ADROZPCF6A,0,0,0,0,0
11/20/2025,ADROZPCK6A,58,60,58,60,200
11/20/2025,AEGS,90,96,81,81,88103200
11/20/2025,AGAR,240,242,238,238,32600
11/20/2025,AGII,1300,1450,1275,1365,3193600
11/20/2025,AGRO,226,232,226,226,11863700
11/20/2025,AGRS,71,71,69,70,7201600
11/20/2025,AHAP,100,100,93,94,63979100
11/20/2025,AIMS,380,382,374,378,259300
11/20/2025,AISA,139,142,139,140,6430500
11/20/2025,AKKU,36,36,33,33,322800
11/20/2025,AKPI,580,585,575,580,16700
11/20/2025,AKRA,1345,1355,1265,1275,38891400
11/20/2025,AKRABQCX5B,11,13,4,5,65706600
11/20/2025,AKRADRCH6A,59,62,48,48,224700
11/20/2025,AKRAHDCH6A,0,0,0,0,0
11/20/2025,AKRAZPCJ6A,53,53,45,45,21700
11/20/2025,AKRAZPCM6A,45,45,44,44,1500600
11/20/2025,AKRAZPCX5A,72,73,63,63,1697600
11/20/2025,AKSI,428,446,396,428,3219400
11/20/2025,ALDO,555,600,555,595,353900
11/20/2025,ALII,605,650,600,630,2052100
11/20/2025,ALKA,360,370,360,364,11900
11/20/2025,ALMI,0,0,0,0,0
11/20/2025,ALTO,0,0,0,0,0
11/20/2025,AMAG,380,382,376,382,78800
11/20/2025,AMAN,169,171,165,168,5962000
11/20/2025,AMAR,224,226,222,224,273100
11/20/2025,AMFG,3300,3350,3300,3310,68100
11/20/2025,AMIN,260,266,252,252,109900
11/20/2025,AMMN,6475,6650,6475,6475,20985900
11/20/2025,AMMNBQCZ5A,4,4,3,3,571900
11/20/2025,AMMNDRCJ6A,29,30,29,29,2681400
11/20/2025,AMMNHDCH6A,0,0,0,0,0
11/20/2025,AMMNZPCG6A,14,15,14,15,899200
11/20/2025,AMMS,0,0,0,0,0
11/20/2025,AMOR,406,414,406,408,1055000
11/20/2025,AMRT,1890,1895,1840,1840,42749600
11/20/2025,AMRTBQCF6A,13,14,12,12,900400
11/20/2025,AMRTBQCH6A,15,16,15,15,209000
11/20/2025,AMRTBQCJ6A,0,0,0,0,0
11/20/2025,AMRTDRCH6A,23,23,22,22,120000
11/20/2025,AMRTDRCZ5A,9,9,8,8,659300
11/20/2025,AMRTHDCJ6A,8,8,6,7,7892400
11/20/2025,AMRTZPCK6A,13,13,13,13,1276100
11/20/2025,AMRTZPCX5A,0,0,0,0,0
11/20/2025,ANDI,24,24,23,23,3530300
11/20/2025,ANJT,1985,1985,1925,1960,557700
11/20/2025,ANTM,3010,3030,2980,2980,60338300
11/20/2025,ANTMBQCG6A,39,39,37,38,247500
11/20/2025,ANTMBQCJ6A,0,0,0,0,0
11/20/2025,ANTMBQCN6A,0,0,0,0,0
11/20/2025,ANTMBQCX5A,3,3,1,1,68535400
11/20/2025,ANTMBQCZ5A,0,0,0,0,0
11/20/2025,ANTMDRCG6A,28,28,28,28,100
11/20/2025,ANTMDRCG6B,0,0,0,0,0
11/20/2025,ANTMDRPZ5A,22,22,22,22,200200
11/20/2025,ANTMHDCH6A,59,59,59,59,100
11/20/2025,ANTMHDCH6B,0,0,0,0,0
11/20/2025,ANTMHDPH6A,57,57,57,57,100
11/20/2025,ANTMYUCN6A,95,95,95,95,11800
11/20/2025,ANTMZPCJ6A,55,55,54,55,45700
11/20/2025,ANTMZPCK6A,22,22,21,22,643800
11/20/2025,ANTMZPCX5A,160,160,150,150,752200
11/20/2025,APEX,226,242,214,224,346359600
11/20/2025,APIC,1170,1225,1150,1200,5011200
11/20/2025,APII,190,192,189,189,242800
11/20/2025,APLI,438,438,402,436,85400
11/20/2025,APLN,99,100,98,99,4453900
11/20/2025,ARCI,1175,1185,1140,1145,52459900
11/20/2025,AREA,545,565,540,550,4421000
11/20/2025,ARGO,1060,1065,1025,1035,33700
11/20/2025,ARII,276,276,272,272,97300
11/20/2025,ARKA,29,30,29,30,2770400
11/20/2025,ARKO,2220,2310,2150,2240,2100600
11/20/2025,ARMY,0,0,0,0,0
11/20/2025,ARNA,555,555,550,555,3984800
11/20/2025,ARTA,3090,3110,2810,3060,15500
11/20/2025,ARTI,0,0,0,0,0
11/20/2025,ARTO,1965,2000,1965,1980,5676500
11/20/2025,ARTOBQCG6A,16,16,16,16,49500
11/20/2025,ARTOBQCJ6A,0,0,0,0,0
11/20/2025,ARTOBQCN6A,0,0,0,0,0
11/20/2025,ARTOBQCX5B,13,14,13,14,14974200
11/20/2025,ARTOBQCZ5A,9,9,8,9,321100
11/20/2025,ARTODRCK6A,0,0,0,0,0
11/20/2025,ARTOHDCN6A,47,47,47,47,100
11/20/2025,ARTOHDCZ5A,0,0,0,0,0
11/20/2025,ARTOZPCK6A,32,32,32,32,1000100
11/20/2025,ARTOZPCX5A,22,23,22,23,65400
11/20/2025,ASBI,480,530,470,480,229900
11/20/2025,ASDM,610,635,595,600,175900
11/20/2025,ASGR,1270,1290,1255,1265,415100
11/20/2025,ASHA,69,69,67,68,12522300
11/20/2025,ASII,6450,6500,6375,6425,30547700
11/20/2025,ASIIBQCZ5A,0,0,0,0,0
11/20/2025,ASIIDRCH6A,41,42,41,42,7200
11/20/2025,ASIIDRCX6A,0,0,0,0,0
11/20/2025,ASIIHDCZ5A,200,204,200,204,1000
11/20/2025,ASIIZPCJ6A,159,159,159,159,7000
11/20/2025,ASIIZPCM6A,43,43,42,42,27600
11/20/2025,ASJT,143,143,138,141,857900
11/20/2025,ASLC,85,87,85,85,21789400
11/20/2025,ASLI,195,262,195,238,338865000
11/20/2025,ASMI,27,27,26,26,1382200
11/20/2025,ASPI,765,780,730,750,475300
11/20/2025,ASPR,100,101,99,99,3568500
11/20/2025,ASRI,166,166,164,164,9465700
11/20/2025,ASRM,322,352,320,344,257000
11/20/2025,ASSA,1080,1100,1070,1100,8987300
11/20/2025,ATAP,161,161,161,161,7373400
11/20/2025,ATIC,630,630,605,620,417900
11/20/2025,ATLA,64,65,63,64,37495600
11/20/2025,AUTO,2660,2680,2630,2630,1302100
11/20/2025,AUTODRCV6A,0,0,0,0,0
11/20/2025,AUTOHDCN6A,44,44,44,44,500
11/20/2025,AUTOZPCJ6A,0,0,0,0,0
11/20/2025,AVIA,446,458,446,454,32388500
11/20/2025,AVIADRCV6A,74,75,74,75,2200
11/20/2025,AVIAHDCN6A,44,44,44,44,15000
11/20/2025,AVIAZPCJ6A,22,22,22,22,1100
11/20/2025,AWAN,236,244,234,234,2558000
11/20/2025,AXIO,132,139,132,136,13450300
11/20/2025,AYAM,322,328,310,314,94527500
11/20/2025,AYLS,0,0,0,0,0
11/20/2025,BABP,54,57,54,56,49665700
11/20/2025,BABY,372,372,342,346,55598700
11/20/2025,BACA,142,143,141,142,1401100
11/20/2025,BAIK,102,103,101,102,2742800
11/20/2025,BAIK-W,8,8,7,8,1605600
11/20/2025,BAJA,170,176,170,174,5634800
11/20/2025,BALI,1200,1225,1170,1210,17400
11/20/2025,BANK,835,845,825,840,8255800
11/20/2025,BANK-W,0,0,0,0,0
11/20/2025,BAPA,94,99,89,91,36097800
11/20/2025,BAPI,23,23,22,22,5768500
11/20/2025,BATA,66,72,65,65,439200
11/20/2025,BATR,109,109,107,109,813800
11/20/2025,BAUT,39,39,38,38,3454600
11/20/2025,BAYU,1315,1335,1315,1320,91600
11/20/2025,BBCA,8475,8600,8400,8425,124087400
11/20/2025,BBCABQCG6A,68,70,66,66,47400
11/20/2025,BBCABQCJ6A,37,37,37,37,5966000
11/20/2025,BBCABQCN6A,0,0,0,0,0
11/20/2025,BBCABQCX5A,2,2,1,2,6366800
11/20/2025,BBCADRCF6A,29,29,25,25,1889600
11/20/2025,BBCADRCX6A,4000,4000,3940,3940,1300
11/20/2025,BBCAHDCN6A,0,0,0,0,0
11/20/2025,BBCAHDCQ7A,68,72,66,66,169100
11/20/2025,BBCAYUCK6A,197,197,197,197,2500100
11/20/2025,BBCAZPCF6A,17,18,16,16,2392700
11/20/2025,BBCAZPCH6A,79,81,79,81,75300
11/20/2025,BBCAZPCN6A,61,63,60,60,1300
11/20/2025,BBHI,1485,1495,1475,1485,619200
11/20/2025,BBKP,71,72,70,70,109191000
11/20/2025,BBLD,895,905,875,875,207100
11/20/2025,BBMD,2030,2030,2020,2020,2500
11/20/2025,BBNI,4470,4560,4450,4460,54706000
11/20/2025,BBNIBQCG6A,64,64,64,64,100
11/20/2025,BBNIBQCJ6A,0,0,0,0,0
11/20/2025,BBNIBQCN6A,0,0,0,0,0
11/20/2025,BBNIDRCH6A,70,75,68,68,19100
11/20/2025,BBNIDRCX6A,2500,2500,2500,2500,100
11/20/2025,BBNIDRCZ5A,46,46,46,46,200
11/20/2025,BBNIDRPZ5A,25,26,24,26,400000
11/20/2025,BBNIHDCQ7A,91,93,89,89,11600
11/20/2025,BBNIYUCN6A,128,128,126,126,3013200
11/20/2025,BBNIZPCH6A,98,100,98,100,100000
11/20/2025,BBNIZPCX5A,0,0,0,0,0
11/20/2025,BBRI,4020,4050,3990,3990,183008400
11/20/2025,BBRIBQCG6A,44,44,41,41,11000
11/20/2025,BBRIBQCJ6A,0,0,0,0,0
11/20/2025,BBRIBQCN6A,0,0,0,0,0
11/20/2025,BBRIBQCZ5A,17,17,16,16,400
11/20/2025,BBRIDRCG6A,78,78,76,76,6051900
11/20/2025,BBRIDRCN6A,0,0,0,0,0
11/20/2025,BBRIDRCX5A,0,0,0,0,0
11/20/2025,BBRIDRCX6A,2260,2260,2260,2260,100
11/20/2025,BBRIDRPZ5A,0,0,0,0,0
11/20/2025,BBRIHDCH6A,0,0,0,0,0
11/20/2025,BBRIHDCQ7A,87,88,85,85,12700
11/20/2025,BBRIYUCN6A,131,131,131,131,8500
11/20/2025,BBRIZPCH6A,77,79,75,75,288700
11/20/2025,BBRIZPCN6A,68,68,68,68,100
11/20/2025,BBRIZPCX5A,42,45,41,41,2100
11/20/2025,BBRM,88,90,87,90,4642600
11/20/2025,BBSI,4000,4010,3950,3990,1600
11/20/2025,BBSS,360,380,350,362,19600
11/20/2025,BBTN,1205,1220,1200,1200,22734900
11/20/2025,BBTNDRCV6A,0,0,0,0,0
11/20/2025,BBTNHDCN6A,0,0,0,0,0
11/20/2025,BBTNHDCZ5A,0,0,0,0,0
11/20/2025,BBTNYUCZ5A,0,0,0,0,0
11/20/2025,BBTNZPCG6A,0,0,0,0,0
11/20/2025,BBYB,370,382,370,380,60344500
11/20/2025,BCAP,54,56,54,55,19660500
11/20/2025,BCIC,153,153,151,153,58500
11/20/2025,BCIP,107,108,104,105,37711000
11/20/2025,BDKR,166,170,164,167,23546800
11/20/2025,BDMN,2540,2550,2520,2530,299300
11/20/2025,BEBS,0,0,0,0,0
11/20/2025,BEEF,665,665,600,620,33938300
11/20/2025,BEER,206,212,202,204,17380800
11/20/2025,BEKS,27,28,27,28,10622500
11/20/2025,BELI,460,462,448,448,4771000
11/20/2025,BELL,73,77,71,74,48325100
11/20/2025,BESS,1855,2220,1780,1850,2085200
11/20/2025,BEST,104,105,103,104,7487400
11/20/2025,BFIN,770,780,760,760,17006300
11/20/2025,BFINDRCK6A,0,0,0,0,0
11/20/2025,BFINHDCM6A,30,30,30,30,3000
11/20/2025,BFINZPCM6A,18,19,18,18,160800
11/20/2025,BGTG,112,116,112,115,9439000
11/20/2025,BHAT,1060,1130,1055,1125,4847900
11/20/2025,BHIT,33,33,32,32,14406800
11/20/2025,BIKA,0,0,0,0,0
11/20/2025,BIKE,840,850,835,845,8365000
11/20/2025,BIMA,0,0,0,0,0
11/20/2025,BINA,4490,4490,4490,4490,1800
11/20/2025,BINO,150,151,140,142,9729500
11/20/2025,BIPI,81,83,81,82,205174000
11/20/2025,BIPP,46,46,46,46,40400
11/20/2025,BIRD,1760,1770,1755,1755,738200
11/20/2025,BISI,900,900,890,900,171200
11/20/2025,BJBR,805,805,800,805,1040500
11/20/2025,BJTM,545,550,540,545,4633100
11/20/2025,BKDP,38,38,38,38,167500
11/20/2025,BKSL,130,134,127,129,437807900
11/20/2025,BKSW,62,63,62,62,1011900
11/20/2025,BLES,160,160,157,157,2834300
11/20/2025,BLOG,466,470,466,466,994900
11/20/2025,BLTA,32,32,32,32,1561900
11/20/2025,BLTZ,2890,2890,2890,2890,300
11/20/2025,BLUE,3160,3260,3020,3080,1165500
11/20/2025,BMAS,690,690,690,690,900
11/20/2025,BMBL,57,60,57,60,54185500
11/20/2025,BMHS,153,160,153,155,16336400
11/20/2025,BMRI,4940,4990,4900,4940,234717700
11/20/2025,BMRIBQCG6A,56,57,56,56,778500
11/20/2025,BMRIBQCJ6A,75,75,75,75,2200
11/20/2025,BMRIBQCZ5A,6,8,6,7,45911800
11/20/2025,BMRIDRCG6A,107,119,107,116,396300
11/20/2025,BMRIDRCX6A,2440,2460,2440,2460,1000
11/20/2025,BMRIHDCQ7A,154,158,154,155,13400
11/20/2025,BMRIYUCK6A,0,0,0,0,0
11/20/2025,BMRIZPCH6A,58,60,58,58,2232000
11/20/2025,BMRIZPCX5A,12,14,12,12,1097200
11/20/2025,BMSR,300,312,284,292,372300
11/20/2025,BMTR,143,143,141,142,13456200
11/20/2025,BNBA,625,645,615,620,255000
11/20/2025,BNBR,49,49,48,48,46427900
11/20/2025,BNGA,1795,1810,1795,1800,2451900
11/20/2025,BNGADRCK6A,0,0,0,0,0
11/20/2025,BNGAHDCN6A,0,0,0,0,0
11/20/2025,BNGAZPCH6A,0,0,0,0,0
11/20/2025,BNII,206,208,206,208,171400
11/20/2025,BNLI,5000,5125,4930,5075,226900
11/20/2025,BOAT,132,139,132,134,11402700
11/20/2025,BOBA,191,198,191,194,145800
11/20/2025,BOGA,550,675,550,675,5629100
11/20/2025,BOLA,169,170,165,169,428200
11/20/2025,BOLT,1095,1095,1090,1090,5200
11/20/2025,BOSS,0,0,0,0,0
11/20/2025,BPFI,310,324,310,320,189800
11/20/2025,BPII,515,520,515,515,140200
11/20/2025,BPTR,91,94,90,93,111800
11/20/2025,BRAM,4930,4930,4890,4930,600
11/20/2025,BREN,9775,9875,9675,9800,47084000
11/20/2025,BRIS,2460,2480,2450,2450,14356100
11/20/2025,BRISBQCZ5A,11,11,11,11,100000
11/20/2025,BRISDRCJ6A,28,28,27,27,16300
11/20/2025,BRISHDCH6A,0,0,0,0,0
11/20/2025,BRISHDCZ5A,0,0,0,0,0
11/20/2025,BRISYUCN6A,87,87,85,85,3600
11/20/2025,BRISZPCG6A,25,25,25,25,50000
11/20/2025,BRMS,960,975,940,950,406033500
11/20/2025,BRMSBQCZ5A,0,0,0,0,0
11/20/2025,BRMSDRCG6A,39,40,36,37,1668200
11/20/2025,BRMSDRCJ6A,0,0,0,0,0
11/20/2025,BRMSDRPG6A,24,25,23,25,138800
11/20/2025,BRMSHDCH6A,0,0,0,0,0
11/20/2025,BRMSHDCZ5A,0,0,0,0,0
11/20/2025,BRMSYUCN6A,83,83,82,82,262400
11/20/2025,BRMSZPCG6A,0,0,0,0,0
11/20/2025,BRMSZPCN6A,43,44,42,42,216200
11/20/2025,BRNA,715,725,700,725,5800
11/20/2025,BRPT,3530,3580,3470,3470,55203300
11/20/2025,BRPTBQCF6A,46,48,44,45,16559100
11/20/2025,BRPTBQCH6A,0,0,0,0,0
11/20/2025,BRPTBQCK6A,74,74,74,74,1300
11/20/2025,BRPTBQCX5B,228,230,224,224,1200
11/20/2025,BRPTBQCZ5A,0,0,0,0,0
11/20/2025,BRPTDRCF6A,368,368,356,364,81900
11/20/2025,BRPTDRCH6A,71,71,71,71,60000
11/20/2025,BRPTDRCJ6A,208,208,200,200,41300
11/20/2025,BRPTDRPG6A,51,55,50,53,779700
11/20/2025,BRPTHDCH6A,304,304,304,304,300
11/20/2025,BRPTHDCH6B,0,0,0,0,0
11/20/2025,BRPTHDPG6A,57,57,57,57,401000
11/20/2025,BRPTYUCZ5A,214,214,212,212,2000000
11/20/2025,BRPTZPCF6A,0,0,0,0,0
11/20/2025,BRPTZPCK6A,92,92,77,92,60100
11/20/2025,BRPTZPCN6A,85,85,81,81,14500
11/20/2025,BRPTZPCX5A,565,565,555,555,1000
11/20/2025,BRRC,132,164,131,157,370064000
11/20/2025,BRRC-W,19,23,18,21,83971800
11/20/2025,BSBK,70,71,69,70,26862000
11/20/2025,BSDE,950,965,945,945,21450800
11/20/2025,BSDEBQCK6A,0,0,0,0,0
11/20/2025,BSDEDRCG6A,0,0,0,0,0
11/20/2025,BSDEDRCJ6A,29,29,29,29,4000
11/20/2025,BSDEHDCM6A,0,0,0,0,0
11/20/2025,BSDEYUCN6A,46,46,46,46,600
11/20/2025,BSDEZPCH6A,42,42,42,42,522800
11/20/2025,BSDEZPCN6A,0,0,0,0,0
11/20/2025,BSIM,880,890,870,880,10500
11/20/2025,BSML,222,224,214,216,39194800
11/20/2025,BSSR,3930,3940,3910,3930,272000
11/20/2025,BSWD,0,0,0,0,0
11/20/2025,BTEK,15,15,14,14,93918100
11/20/2025,BTEL,0,0,0,0,0
11/20/2025,BTON,382,388,382,388,2000
11/20/2025,BTPN,2140,2140,2120,2140,9500
11/20/2025,BTPS,1380,1385,1365,1370,5190600
11/20/2025,BTPSDRCK6A,33,33,33,33,2600
11/20/2025,BTPSHDCJ6A,0,0,0,0,0
11/20/2025,BTPSYUCN6A,43,43,43,43,275400
11/20/2025,BTPSZPCH6A,0,0,0,0,0
11/20/2025,BUAH,700,700,690,700,208300
11/20/2025,BUDI,234,238,230,234,2318300
11/20/2025,BUKA,168,169,166,167,55421900
11/20/2025,BUKABQCZ5B,8,9,8,8,1750200
11/20/2025,BUKADRCK6A,14,14,13,14,269400
11/20/2025,BUKAHDCN6A,0,0,0,0,0
11/20/2025,BUKAHDCZ5A,0,0,0,0,0
11/20/2025,BUKAYUCN6A,35,35,34,35,44100
11/20/2025,BUKAZPCM6A,35,35,34,35,61100
11/20/2025,BUKK,1505,1540,1505,1540,757600
11/20/2025,BULL,226,276,222,260,969523600
11/20/2025,BUMI,230,234,224,226,5842229700
11/20/2025,BUVA,910,1130,910,1070,725795700
11/20/2025,BVIC,110,111,107,108,8621200
11/20/2025,BVIC-W,22,24,20,21,297700
11/20/2025,BWPT,146,155,145,147,270712900
11/20/2025,BYAN,17700,17800,17675,17775,8300
11/20/2025,CAKK,176,178,175,175,127100
11/20/2025,CAMP,214,216,212,216,844700
11/20/2025,CANI,49,49,49,49,492700
11/20/2025,CARE,358,364,352,352,25499900
11/20/2025,CARS,128,130,127,127,4862900
11/20/2025,CASA,1075,1090,1070,1080,4313800
11/20/2025,CASH,111,114,109,112,339500
11/20/2025,CASS,2800,2940,2770,2800,47800
11/20/2025,CBDK,6300,6525,6300,6400,7090200
11/20/2025,CBMF,0,0,0,0,0
11/20/2025,CBPE,320,328,310,324,420400
11/20/2025,CBRE,1080,1120,1065,1090,23773200
11/20/2025,CBUT,1470,1595,1400,1485,202200
11/20/2025,CCSI,348,350,344,350,413800
11/20/2025,CDIA,1800,1840,1800,1815,78657800
11/20/2025,CEKA,2540,2540,2500,2500,29300
11/20/2025,CENT,138,140,132,132,28724300
11/20/2025,CFIN,324,330,322,324,1798500
11/20/2025,CGAS,172,173,169,169,7001300
11/20/2025,CHEK,184,184,182,184,2566800
11/20/2025,CHEM,110,113,108,112,14651300
11/20/2025,CHIP,1385,1405,1370,1395,151000
11/20/2025,CINT,185,206,181,188,2773300
11/20/2025,CITA,4270,4290,4160,4220,308900
11/20/2025,CITY,200,200,190,191,4301500
11/20/2025,CLAY,2760,2780,2720,2730,920400
11/20/2025,CLEO,510,520,510,515,5024900
11/20/2025,CLPI,1580,1580,1530,1565,55200
11/20/2025,CMNP,1360,1380,1350,1370,313300
11/20/2025,CMNT,765,770,755,760,19266500
11/20/2025,CMPP,93,94,93,94,11400
11/20/2025,CMRY,6125,6250,6100,6225,2363400
11/20/2025,CMRYDRCK6A,0,0,0,0,0
11/20/2025,CMRYHDCN6A,0,0,0,0,0
11/20/2025,CMRYZPCJ6A,0,0,0,0,0
11/20/2025,CNKO,56,56,54,54,32085300
11/20/2025,CNMA,115,115,114,114,14319600
11/20/2025,CNTB,0,0,0,0,0
11/20/2025,CNTX,0,0,0,0,0
11/20/2025,COAL,62,65,62,63,15802400
11/20/2025,COCO,418,434,412,416,72793400
11/20/2025,COIN,3630,3720,3450,3460,140460200
11/20/2025,COWL,0,0,0,0,0
11/20/2025,CPIN,4780,4810,4730,4730,9608100
11/20/2025,CPINDRCG6A,60,60,60,60,673500
11/20/2025,CPINHDCN6A,62,62,62,62,300
11/20/2025,CPINZPCJ6A,37,37,36,36,83500
11/20/2025,CPINZPCN6A,48,48,48,48,10100
11/20/2025,CPRI,0,0,0,0,0
11/20/2025,CPRO,67,67,65,65,184774500
11/20/2025,CRAB,278,282,276,280,5303100
11/20/2025,CRSN,152,154,148,150,1831800
11/20/2025,CSAP,326,336,326,330,128900
11/20/2025,CSIS,498,510,454,474,84235600
11/20/2025,CSMI,318,318,304,308,11083200
11/20/2025,CSRA,925,960,925,950,2660300
11/20/2025,CTBN,0,0,0,0,0
11/20/2025,CTRA,860,875,855,865,14773100
11/20/2025,CTRADRCJ6A,11,11,10,10,5115700
11/20/2025,CTRAHDCK6A,24,24,24,24,40000
11/20/2025,CTRAYUCZ5A,0,0,0,0,0
11/20/2025,CTRAZPCG6A,0,0,0,0,0
11/20/2025,CTTH,109,109,102,107,4640000
11/20/2025,CUAN,2200,2320,2180,2230,186043200
11/20/2025,CYBR,1440,1555,1425,1495,20770700
11/20/2025,CYBR-W,995,1195,995,1080,84500
11/20/2025,DAAZ,2180,2300,2160,2220,638300
11/20/2025,DADA,50,50,50,50,2536400
11/20/2025,DART,187,189,183,184,345200
11/20/2025,DATA,4910,4970,4880,4930,2001300
11/20/2025,DAYA,1465,1615,1420,1560,34000
11/20/2025,DCII,262000,262000,260725,260725,1300
11/20/2025,DEAL,0,0,0,0,0
11/20/2025,DEFI,0,0,0,0,0
11/20/2025,DEPO,260,266,256,260,128700
11/20/2025,DEWA,430,432,410,412,756349300
11/20/2025,DEWI,148,151,139,143,55778300
11/20/2025,DFAM,86,88,85,86,4867300
11/20/2025,DGIK,118,118,113,115,8340000
11/20/2025,DGNS,145,148,142,145,810400
11/20/2025,DGWG,396,400,394,400,11006100
11/20/2025,DIGI,33,34,33,34,884700
11/20/2025,DILD,138,139,136,138,12988900
11/20/2025,DIVA,193,197,187,190,687700
11/20/2025,DKFT,725,745,725,725,13317000
11/20/2025,DKHH,89,89,87,88,2864200
11/20/2025,DKHH-W,16,17,16,16,796500
11/20/2025,DLTA,2080,2080,2050,2070,60700
11/20/2025,DMAS,132,133,131,132,43999700
11/20/2025,DMMX,372,380,372,378,1463800
11/20/2025,DMND,630,635,620,630,66200
11/20/2025,DNAR,125,126,123,125,2452400
11/20/2025,DNET,8975,9025,8950,8950,2300
11/20/2025,DOID,330,334,330,330,1078100
11/20/2025,DOOH,162,166,159,166,180396800
11/20/2025,DOSS,169,170,167,167,1804300
11/20/2025,DPNS,0,0,0,0,0
11/20/2025,DPUM,76,78,75,76,10956600
11/20/2025,DRMA,1000,1010,1000,1005,381500
11/20/2025,DSFI,88,90,86,89,13871700
11/20/2025,DSNG,1680,1755,1655,1670,28017600
11/20/2025,DSNGDRCK6A,0,0,0,0,0
11/20/2025,DSNGHDCK6A,91,96,91,96,118400
11/20/2025,DSNGZPCM6A,48,48,48,48,4800
11/20/2025,DSSA,100000,102800,99300,99500,2010900
11/20/2025,DUCK,0,0,0,0,0
11/20/2025,DUTI,4380,4380,4380,4380,100
11/20/2025,DVLA,1655,1675,1650,1655,136100
11/20/2025,DWGL,372,372,354,356,13593500
11/20/2025,DYAN,87,87,86,87,1074200
11/20/2025,EAST,94,94,93,94,501300
11/20/2025,ECII,190,199,187,187,1296000
11/20/2025,EDGE,4480,4480,4200,4340,65900
11/20/2025,EKAD,189,189,187,188,56600
11/20/2025,ELIT,182,185,181,183,5632600
11/20/2025,ELPI,690,700,685,695,611300
11/20/2025,ELSA,525,545,520,530,25817900
11/20/2025,ELSADRCG6A,27,27,27,27,600
11/20/2025,ELSADRCJ6A,37,37,37,37,100
11/20/2025,ELSAHDCK6A,39,40,39,40,3144200
11/20/2025,ELSAZPCG6A,32,32,32,32,1000
11/20/2025,ELSAZPCN6A,26,26,26,26,200
11/20/2025,ELTY,20,20,20,20,62315900
11/20/2025,EMAS,3720,3750,3680,3700,13677500
11/20/2025,EMDE,97,98,96,97,1261200
11/20/2025,EMTK,1185,1195,1155,1160,46891200
11/20/2025,EMTKBQCH6A,20,22,19,19,856700
11/20/2025,EMTKBQCZ5A,0,0,0,0,0
11/20/2025,EMTKDRCH6A,52,52,50,50,113200
11/20/2025,EMTKDRCK6A,46,47,45,45,268600
11/20/2025,EMTKHDCK6A,61,61,57,57,745000
11/20/2025,EMTKHDCZ5A,226,226,226,226,500
11/20/2025,EMTKYUCN6A,0,0,0,0,0
11/20/2025,EMTKZPCH6A,139,139,136,136,9000
11/20/2025,EMTKZPCM6A,39,39,39,39,21400
11/20/2025,ENAK,680,685,670,675,552400
11/20/2025,ENRG,945,950,920,930,38308300
11/20/2025,ENRGBQCZ5A,72,72,72,72,10000
11/20/2025,ENRGDRCG6A,26,26,26,26,6203100
11/20/2025,ENRGDRCJ6A,165,165,165,165,500
11/20/2025,ENRGHDCK6A,86,86,86,86,3000
11/20/2025,ENRGHDCZ5A,0,0,0,0,0
11/20/2025,ENRGYUCN6A,66,66,66,66,300
11/20/2025,ENRGZPCG6A,0,0,0,0,0
11/20/2025,ENRGZPCK6A,0,0,0,0,0
11/20/2025,ENVY,0,0,0,0,0
11/20/2025,ENZO,39,39,39,39,351900
11/20/2025,EPAC,29,29,29,29,8051900
11/20/2025,EPMT,2340,2350,2330,2340,5500
11/20/2025,ERAA,414,416,408,410,66873200
11/20/2025,ERAABQCZ5A,2,2,2,2,1768500
11/20/2025,ERAADRCJ6A,7,8,7,7,678600
11/20/2025,ERAAHDCN6A,38,38,38,38,5000
11/20/2025,ERAAHDCZ5A,0,0,0,0,0
11/20/2025,ERAAZPCH6A,14,14,13,13,105300
11/20/2025,ERAL,300,304,296,296,12458100
11/20/2025,ERTX,172,174,170,170,353600
11/20/2025,ESIP,119,119,118,118,5437500
11/20/2025,ESSA,675,680,640,650,60543300
11/20/2025,ESSABQCZ5A,29,31,22,24,3977900
11/20/2025,ESSADRCN6A,37,37,32,32,12000
11/20/2025,ESSAHDCH6A,52,52,49,49,160000
11/20/2025,ESSAYUCZ5A,27,27,27,27,100
11/20/2025,ESSAZPCK6A,18,18,17,17,13000
11/20/2025,ESTA,242,252,236,242,5124100
11/20/2025,ESTI,145,152,145,151,2457000
11/20/2025,ETWA,0,0,0,0,0
11/20/2025,EURO,294,304,294,294,459000
11/20/2025,EXCL,2750,2780,2730,2760,7149800
11/20/2025,EXCLHDCJ6A,0,0,0,0,0
11/20/2025,EXCLZPCF6A,60,60,59,59,200
11/20/2025,EXCLZPCM6A,0,0,0,0,0
11/20/2025,EXCLZPCN6A,37,37,37,37,5200
11/20/2025,FAPA,6175,6200,6175,6175,7000
11/20/2025,FAST,595,595,580,590,6022600
11/20/2025,FASW,0,0,0,0,0
11/20/2025,FILM,6125,6350,5950,6225,8286700
11/20/2025,FIMP,0,0,0,0,0
11/20/2025,FIRE,94,97,90,91,21122500
11/20/2025,FISH,1495,1515,1470,1480,95500
11/20/2025,FITT,695,815,680,750,1603100
11/20/2025,FLMC,208,228,200,210,2509200
11/20/2025,FMII,374,400,370,370,12449600
11/20/2025,FOLK,322,334,308,320,6983200
11/20/2025,FOOD,370,370,362,362,32100
11/20/2025,FORE,510,515,505,510,1822800
11/20/2025,FORU,1085,1085,1070,1080,82300
11/20/2025,FPNI,0,0,0,0,0
11/20/2025,FUJI,730,740,700,715,550700
11/20/2025,FUTR,605,695,590,625,163927200
11/20/2025,FWCT,149,150,142,146,17132000
11/20/2025,GAMA,0,0,0,0,0
11/20/2025,GDST,118,118,117,117,669000
11/20/2025,GDYR,1100,1110,1100,1100,2300
11/20/2025,GEMA,94,95,92,94,4254900
11/20/2025,GEMS,8900,8925,8875,8925,59300
11/20/2025,GGRM,15350,15450,15175,15200,996200
11/20/2025,GGRMZPCG6A,170,171,164,165,660200
11/20/2025,GGRP,214,214,204,210,1450400
11/20/2025,GHON,1705,1705,1700,1705,2600
11/20/2025,GIAA,105,105,105,105,46599300
11/20/2025,GJTL,1050,1065,1040,1045,5997900
11/20/2025,GJTLZPCJ6A,21,22,20,22,848200
11/20/2025,GLOB,0,0,0,0,0
11/20/2025,GLVA,430,458,412,434,587800
11/20/2025,GMFI,80,81,80,81,13208700
11/20/2025,GMTD,2400,2460,2350,2460,5400
11/20/2025,GOLD,320,320,310,316,71600
11/20/2025,GOLF,202,204,200,200,1006200
11/20/2025,GOLL,0,0,0,0,0
11/20/2025,GOOD,372,372,366,370,251400
11/20/2025,GOTO,61,62,60,60,2875493100
11/20/2025,GOTOBQCJ6A,6,8,6,7,11555100
11/20/2025,GOTOBQCQ6A,9,10,9,9,196900
11/20/2025,GOTOBQCZ5A,3,3,2,3,8624300
11/20/2025,GOTODRCG6A,8,8,7,8,945900
11/20/2025,GOTOHDCK6A,15,15,15,15,2500
11/20/2025,GOTOM,0,0,0,0,0
11/20/2025,GOTOZPCH6A,0,0,0,0,0
11/20/2025,GOTOZPCK6A,12,12,12,12,300000
11/20/2025,GPRA,138,142,135,135,42396500
11/20/2025,GPSO,680,680,590,610,10246500
11/20/2025,GRIA,100,103,98,99,3727800
11/20/2025,GRPH,65,66,64,65,3863600
11/20/2025,GRPM,62,62,61,61,1703800
11/20/2025,GRPM-W,15,16,15,16,1034100
11/20/2025,GSMF,109,110,105,107,5598400
11/20/2025,GTBO,210,212,208,210,413400
11/20/2025,GTRA,354,358,340,346,6073700
11/20/2025,GTSI,120,142,120,132,1542247200
11/20/2025,GULA,362,366,352,356,1065400
11/20/2025,GUNA,280,288,280,280,1222600
11/20/2025,GWSA,162,162,154,160,4112400
11/20/2025,GZCO,302,312,296,312,177492700
11/20/2025,HADE,24,24,23,23,858700
11/20/2025,HAIS,212,220,210,212,4046700
11/20/2025,HAJJ,116,117,114,117,13359100
11/20/2025,HAJJ-W,15,16,15,15,2733300
11/20/2025,HALO,110,111,108,110,21427600
11/20/2025,HALO-W,15,15,14,15,5733200
11/20/2025,HATM,364,386,358,380,47421900
11/20/2025,HBAT,242,252,238,240,2314400
11/20/2025,HDFA,163,171,163,170,140200
11/20/2025,HDIT,60,61,58,58,6425900
11/20/2025,HEAL,1440,1450,1425,1450,2746900
11/20/2025,HEALBQCZ5A,6,6,4,4,1563000
11/20/2025,HEALDRCJ6A,23,23,23,23,50100
11/20/2025,HEALHDCH6A,0,0,0,0,0
11/20/2025,HEALYUCZ5A,13,13,13,13,10300
11/20/2025,HEALZPCH6A,0,0,0,0,0
11/20/2025,HEALZPCN6A,0,0,0,0,0
11/20/2025,HELI,244,248,244,246,91800
11/20/2025,HERO,510,530,510,515,75700
11/20/2025,HEXA,4600,4620,4590,4600,245800
11/20/2025,HGII,162,165,161,165,7764500
11/20/2025,HILL,157,178,155,161,25353000
11/20/2025,HITS,0,0,0,0,0
11/20/2025,HKMU,0,0,0,0,0
11/20/2025,HMSP,820,830,810,815,25411400
11/20/2025,HOKI,75,75,74,75,23765900
11/20/2025,HOME,0,0,0,0,0
11/20/2025,HOMI,496,515,470,492,2309100
11/20/2025,HOPE,144,144,137,137,30802400
11/20/2025,HOTL,0,0,0,0,0
11/20/2025,HRME,40,40,40,40,12200
11/20/2025,HRTA,1385,1395,1355,1380,16981300
11/20/2025,HRUM,990,1000,980,980,9975700
11/20/2025,HRUMDRCN6A,28,29,27,27,4036000
11/20/2025,HRUMHDCK6A,31,31,31,31,8500
11/20/2025,HRUMZPCG6A,39,39,39,39,2500
11/20/2025,HRUMZPCM6A,27,27,22,23,135200
11/20/2025,HUMI,128,141,127,131,370492200
11/20/2025,HUMI-W,21,22,20,21,19391800
11/20/2025,HYGN,162,163,160,163,196800
11/20/2025,IATA,87,87,86,86,22305100
11/20/2025,IBFN,67,67,67,67,1932500
11/20/2025,IBOS,55,57,54,55,12681400
11/20/2025,IBST,4740,4740,4740,4740,100
11/20/2025,ICBP,8500,8525,8325,8325,15336300
11/20/2025,ICBPDRCX6A,0,0,0,0,0
11/20/2025,ICBPDRCX6B,53,53,53,53,21300
11/20/2025,ICBPHDCJ6A,17,17,16,16,256100
11/20/2025,ICBPZPCX5A,1,2,1,2,2657700
11/20/2025,ICON,46,48,45,48,406300
11/20/2025,IDEA,70,75,70,73,14037000
11/20/2025,IDPR,310,318,306,310,381000
11/20/2025,IFII,236,236,234,234,36500
11/20/2025,IFSH,795,805,790,805,22000
11/20/2025,IGAR,505,510,500,505,25300
11/20/2025,IIKP,0,0,0,0,0
11/20/2025,IKAI,15,16,14,14,91503200
11/20/2025,IKAN,114,117,113,114,21109600
11/20/2025,IKBI,550,550,535,550,46600
11/20/2025,IKPM,232,236,232,232,1257700
11/20/2025,IMAS,1185,1185,1165,1165,1260300
11/20/2025,IMJS,284,284,258,262,39950300
11/20/2025,IMPC,2580,2610,2530,2590,19693400
11/20/2025,INAF,0,0,0,0,0
11/20/2025,INAI,150,156,150,150,78600
11/20/2025,INCF,46,47,46,47,1098100
11/20/2025,INCI,640,640,630,635,106400
11/20/2025,INCO,3910,3960,3780,3810,19746500
11/20/2025,INCOBQCF6A,0,0,0,0,0
11/20/2025,INCOBQCJ6A,31,31,31,31,2400
11/20/2025,INCOBQCN6A,0,0,0,0,0
11/20/2025,INCODRCG6A,43,45,37,37,833900
11/20/2025,INCODRCK6A,64,65,56,57,1497400
11/20/2025,INCOHDCJ6A,74,74,73,73,65600
11/20/2025,INCOYUCZ5A,0,0,0,0,0
11/20/2025,INCOZPCK6A,38,38,35,35,203300
11/20/2025,INCOZPCN6A,0,0,0,0,0
11/20/2025,INCOZPCX5A,174,174,149,149,133700
11/20/2025,INDF,7025,7175,7025,7075,8110900
11/20/2025,INDFDRCX6A,3500,3500,3500,3500,200
11/20/2025,INDFDRCX6B,51,51,51,51,40000
11/20/2025,INDFHDCJ6A,13,13,13,13,19300
11/20/2025,INDO,262,268,240,242,45795500
11/20/2025,INDR,2820,2830,2800,2800,22400
11/20/2025,INDS,226,230,224,226,179000
11/20/2025,INDX,167,173,165,169,2150500
11/20/2025,INDY,1845,1885,1815,1820,13130700
11/20/2025,INDYDRCN6A,66,67,62,62,122900
11/20/2025,INDYHDCJ6A,0,0,0,0,0
11/20/2025,INDYHDCN6A,0,0,0,0,0
11/20/2025,INDYYUCN6A,85,85,84,84,43600
11/20/2025,INDYZPCG6A,78,78,77,77,2100
11/20/2025,INDYZPCN6A,27,27,26,26,200
11/20/2025,INET,550,560,530,555,368808500
11/20/2025,INET-W,454,454,430,442,2936600
11/20/2025,INKP,7550,7825,7550,7675,6639500
11/20/2025,INKPBQCX5A,16,17,14,15,1061800
11/20/2025,INKPDRCF6A,153,160,153,160,38700
11/20/2025,INKPDRCG6A,56,58,56,58,573700
11/20/2025,INKPHDCK6A,0,0,0,0,0
11/20/2025,INKPYUCN6A,89,89,89,89,20500
11/20/2025,INKPZPCF6A,70,76,70,76,336500
11/20/2025,INKPZPCK6A,32,32,30,30,18970700
11/20/2025,INOV,144,145,139,145,6416600
11/20/2025,INPC,151,154,151,151,3774300
11/20/2025,INPP,675,695,675,680,253800
11/20/2025,INPS,155,169,155,169,2216200
11/20/2025,INRU,730,755,700,750,356400
11/20/2025,INTA,44,44,44,44,1956000
11/20/2025,INTD,214,222,206,220,397900
11/20/2025,INTP,7050,7125,6950,6950,1518300
11/20/2025,INTPDRCN6A,78,78,78,78,100
11/20/2025,INTPHDCM6A,0,0,0,0,0
11/20/2025,INTPZPCG6A,0,0,0,0,0
11/20/2025,INTPZPCM6A,0,0,0,0,0
11/20/2025,IOTF,90,97,89,95,304212000
11/20/2025,IPAC,216,220,210,214,77400
11/20/2025,IPCC,1280,1280,1225,1250,3386600
11/20/2025,IPCM,328,330,328,330,2150600
11/20/2025,IPOL,123,126,122,123,1846400
11/20/2025,IPPE,0,0,0,0,0
11/20/2025,IPTV,40,40,39,40,3143000
11/20/2025,IRRA,446,450,444,444,460500
11/20/2025,IRSX,270,272,270,272,10394300
11/20/2025,ISAP,32,32,30,31,41582700
11/20/2025,ISAP-W,15,16,14,15,22099100
11/20/2025,ISAT,2140,2160,2130,2140,10409000
11/20/2025,ISATBQCF6A,29,29,27,28,1603400
11/20/2025,ISATBQCJ6A,53,53,53,53,83500
11/20/2025,ISATDRCG6A,51,51,51,51,800
11/20/2025,ISATHDCJ6A,21,22,20,21,3032700
11/20/2025,ISATZPCF6A,0,0,0,0,0
11/20/2025,ISEA,109,109,94,96,73682600
11/20/2025,ISSP,448,450,440,442,3191500
11/20/2025,ITIC,408,412,398,406,1628600
11/20/2025,ITMA,1330,1355,1295,1345,7200000
11/20/2025,ITMG,22200,22200,22100,22100,1125900
11/20/2025,ITMGDRCV6A,137,137,137,137,2000
11/20/2025,ITMGHDCJ6A,0,0,0,0,0
11/20/2025,ITMGZPCJ6A,0,0,0,0,0
11/20/2025,JARR,3580,3600,3500,3520,3677200
11/20/2025,JAST,103,108,99,100,106362000
11/20/2025,JATI,151,172,135,172,605445000
11/20/2025,JAWA,169,171,168,170,1687300
11/20/2025,JAYA,112,112,109,109,1079400
11/20/2025,JECC,1190,1190,1150,1170,168500
11/20/2025,JGLE,19,19,19,19,26866100
11/20/2025,JIHD,580,595,575,590,463300
11/20/2025,JKON,90,92,87,89,110125300
11/20/2025,JMAS,149,160,148,155,6365200
11/20/2025,JPFA,2500,2500,2430,2430,20945000
11/20/2025,JPFABQCZ5A,0,0,0,0,0
11/20/2025,JPFADRCH6A,47,47,42,42,61200
11/20/2025,JPFADRCJ6A,125,125,125,125,100
11/20/2025,JPFAHDCN6A,0,0,0,0,0
11/20/2025,JPFAHDCZ5A,0,0,0,0,0
11/20/2025,JPFAYUCN6A,164,164,163,163,9400
11/20/2025,JPFAZPCG6A,0,0,0,0,0
11/20/2025,JPFAZPCN6A,28,29,27,27,2048400
11/20/2025,JRPT,900,995,895,960,800300
11/20/2025,JSKY,0,0,0,0,0
11/20/2025,JSMR,3530,3560,3520,3540,5217200
11/20/2025,JSMRDRCH6A,0,0,0,0,0
11/20/2025,JSMRDRCK6A,58,58,58,58,3600
11/20/2025,JSMRHDCH6A,0,0,0,0,0
11/20/2025,JSMRZPCG6A,35,35,35,35,500100
11/20/2025,JSPT,3310,3430,3310,3360,20300
11/20/2025,JTPE,384,386,384,386,651500
11/20/2025,KAEF,565,570,550,565,893800
11/20/2025,KAQI,66,68,65,66,31686500
11/20/2025,KARW,434,440,434,440,143800
11/20/2025,KAYU,0,0,0,0,0
11/20/2025,KBAG,41,42,41,42,1985400
11/20/2025,KBLI,336,342,332,334,177500
11/20/2025,KBLM,362,362,358,360,51600
11/20/2025,KBLV,220,220,212,212,19544600
11/20/2025,KBRI,0,0,0,0,0
11/20/2025,KDSI,462,462,452,454,52200
11/20/2025,KDTN,0,0,0,0,0
11/20/2025,KEEN,1095,1110,1090,1095,4813900
11/20/2025,KEJU,695,710,695,710,412500
11/20/2025,KETR,494,505,470,474,16547700
11/20/2025,KIAS,0,0,0,0,0
11/20/2025,KICI,246,266,242,248,1171600
11/20/2025,KIJA,185,185,182,184,14273500
11/20/2025,KING,202,208,202,208,585600
11/20/2025,KING-W,10,11,10,11,92000
11/20/2025,KINO,1300,1300,1270,1280,52800
11/20/2025,KIOS,83,83,78,78,19461700
11/20/2025,KJEN,258,292,254,272,68322500
11/20/2025,KKES,27,28,27,28,548500
11/20/2025,KKGI,328,342,322,336,18525400
11/20/2025,KLAS,134,138,132,135,17451800
11/20/2025,KLBF,1230,1245,1200,1210,91578500
11/20/2025,KLBFBQCF6A,20,21,20,20,600000
11/20/2025,KLBFBQCJ6A,0,0,0,0,0
11/20/2025,KLBFDRCG6A,14,14,12,12,629200
11/20/2025,KLBFHDCK6A,61,61,56,59,120100
11/20/2025,KLBFZPCF6A,0,0,0,0,0
11/20/2025,KLBFZPCJ6A,19,19,19,19,100000
11/20/2025,KLIN,166,170,164,170,184200
11/20/2025,KMDS,700,700,685,695,29300
11/20/2025,KMTR,276,278,274,278,440200
11/20/2025,KOBX,180,181,179,179,2026400
11/20/2025,KOCI,108,115,94,95,290867200
11/20/2025,KOCI-W,15,19,14,15,59842700
11/20/2025,KOIN,73,73,72,72,10000
11/20/2025,KOKA,324,402,324,348,486937300
11/20/2025,KONI,2600,2650,2350,2500,100500
11/20/2025,KOPI,310,312,306,308,249000
11/20/2025,KOTA,37,37,37,37,3253000
11/20/2025,KPIG,141,143,138,140,70466100
11/20/2025,KRAS,368,396,368,384,97845300
11/20/2025,KREN,16,16,15,16,12521400
11/20/2025,KRYA,193,196,187,190,12904500
11/20/2025,KSIX,378,390,376,388,1075900
11/20/2025,KUAS,68,68,67,67,1316300
11/20/2025,LABA,232,236,222,226,23837100
11/20/2025,LABS,141,143,139,143,791200
11/20/2025,LAJU,69,74,68,69,62252700
11/20/2025,LAND,33,33,32,33,782800
11/20/2025,LAPD,256,256,250,256,40137900
11/20/2025,LCGP,0,0,0,0,0
11/20/2025,LCKM,238,268,238,250,146500
11/20/2025,LEAD,78,80,77,79,21182800
11/20/2025,LFLO,0,0,0,0,0
11/20/2025,LIFE,10525,10700,9125,9575,101200
11/20/2025,LINK,3080,3390,2810,2920,83000
11/20/2025,LION,444,456,440,446,234700
11/20/2025,LIVE,182,187,181,184,2361700
11/20/2025,LMAS,0,0,0,0,0
11/20/2025,LMAX,82,82,80,81,932800
11/20/2025,LMPI,150,151,149,150,200100
11/20/2025,LMSH,0,0,0,0,0
11/20/2025,LOPI,103,103,94,103,35656500
11/20/2025,LPCK,570,580,565,575,451100
11/20/2025,LPGI,835,835,780,810,78500
11/20/2025,LPIN,454,458,450,456,994800
11/20/2025,LPKR,89,90,87,88,35758000
11/20/2025,LPLI,460,466,450,456,369200
11/20/2025,LPPF,1715,1725,1680,1700,1318000
11/20/2025,LPPS,139,139,132,134,13119100
11/20/2025,LRNA,181,184,178,179,35000
11/20/2025,LSIP,1405,1425,1395,1400,4269900
11/20/2025,LSIPDRCK6A,0,0,0,0,0
11/20/2025,LSIPHDCJ6A,0,0,0,0,0
11/20/2025,LSIPYUCZ5A,45,45,45,45,100
11/20/2025,LSIPZPCG6A,64,64,64,64,100
11/20/2025,LTLS,850,850,845,850,27600
11/20/2025,LUCK,120,121,117,119,4772600
11/20/2025,LUCY,101,102,99,101,396800
11/20/2025,MABA,0,0,0,0,0
11/20/2025,MAGP,0,0,0,0,0
11/20/2025,MAHA,144,145,143,144,1900000
11/20/2025,MAIN,820,825,810,815,2344300
11/20/2025,MANG,62,67,58,59,17534300
11/20/2025,MANG-W,21,23,21,22,16540000
11/20/2025,MAPA,735,750,725,745,17225500
11/20/2025,MAPABQCZ5A,16,18,16,18,501600
11/20/2025,MAPADRCJ6A,21,23,21,23,33000
11/20/2025,MAPAHDCZ5A,0,0,0,0,0
11/20/2025,MAPAZPCH6A,0,0,0,0,0
11/20/2025,MAPB,1645,1645,1645,1645,2000
11/20/2025,MAPI,1330,1350,1320,1320,12870600
11/20/2025,MAPIBQCK6A,0,0,0,0,0
11/20/2025,MAPIDRCH6A,54,54,53,53,31000
11/20/2025,MAPIDRCX5A,0,0,0,0,0
11/20/2025,MAPIHDCK6A,87,87,87,87,100100
11/20/2025,MAPIZPCJ6A,0,0,0,0,0
11/20/2025,MARI,29,29,29,29,10967900
11/20/2025,MARK,735,765,735,745,25215700
11/20/2025,MASB,3110,3110,3100,3110,2700
11/20/2025,MAXI,55,55,54,54,12666500
11/20/2025,MAYA,252,252,246,248,4859100
11/20/2025,MBAP,1600,1610,1600,1610,18000
11/20/2025,MBMA,575,580,565,565,94360900
11/20/2025,MBMABQCX5A,12,16,11,12,3513100
11/20/2025,MBMADRCG6A,14,14,12,13,2817700
11/20/2025,MBMADRCX5A,0,0,0,0,0
11/20/2025,MBMAHDCH6A,0,0,0,0,0
11/20/2025,MBMAHDCN6A,0,0,0,0,0
11/20/2025,MBMAYUCK6A,119,119,119,119,100
11/20/2025,MBMAZPCK6A,32,32,29,29,79400
11/20/2025,MBMAZPCN6A,22,22,22,22,100
11/20/2025,MBMAZPCX5A,111,111,111,111,500
11/20/2025,MBSS,1370,1425,1360,1375,1334600
11/20/2025,MBTO,181,184,179,179,1094800
11/20/2025,MCAS,790,800,780,790,184500
11/20/2025,MCOL,3820,3850,3780,3840,74400
11/20/2025,MCOR,72,73,71,72,1829900
11/20/2025,MDIA,32,32,31,32,3060700
11/20/2025,MDIY,1055,1060,1055,1055,241800
11/20/2025,MDKA,2250,2260,2170,2170,36764300
11/20/2025,MDKABQCX5B,2,2,1,2,5404900
11/20/2025,MDKADRCG6A,43,43,39,39,282400
11/20/2025,MDKADRCK6A,52,52,50,50,56000
11/20/2025,MDKAHDCN6A,0,0,0,0,0
11/20/2025,MDKAHDCZ5A,54,54,54,54,30600
11/20/2025,MDKAHDPH6A,110,110,110,110,1000
11/20/2025,MDKAHDPJ6A,0,0,0,0,0
11/20/2025,MDKAYUCK6A,118,118,118,118,6000000
11/20/2025,MDKAZPCF6A,0,0,0,0,0
11/20/2025,MDKI,196,200,194,198,2017900
11/20/2025,MDLA,242,246,240,244,4722100
11/20/2025,MDLN,60,61,59,59,8427100
11/20/2025,MDRN,39,39,39,39,2348600
11/20/2025,MEDC,1275,1295,1270,1285,26097000
11/20/2025,MEDCBQCX5B,1,3,1,2,10149900
11/20/2025,MEDCBQCZ5A,8,8,8,8,27952100
11/20/2025,MEDCDRCG6A,0,0,0,0,0
11/20/2025,MEDCDRCH6A,62,62,60,60,1000
11/20/2025,MEDCDRPG6A,30,30,30,30,10000
11/20/2025,MEDCHDCH6A,82,82,81,81,20000
11/20/2025,MEDCZPCF6A,0,0,0,0,0
11/20/2025,MEDS,63,64,62,63,6918100
11/20/2025,MEGA,3260,3270,3240,3250,9000
11/20/2025,MEJA,119,122,108,115,105341900
11/20/2025,MEJA-W,46,52,40,45,31358400
11/20/2025,MENN,0,0,0,0,0
11/20/2025,MERI,210,212,204,210,4033000
11/20/2025,MERK,3100,3110,3060,3100,58200
11/20/2025,META,0,0,0,0,0
11/20/2025,MFMI,0,0,0,0,0
11/20/2025,MGLV,870,870,870,870,462900
11/20/2025,MGNA,79,82,79,82,4428800
11/20/2025,MGNA-W,56,60,56,60,35900
11/20/2025,MGRO,760,765,755,765,3775600
11/20/2025,MHKI,234,248,232,240,15614700
11/20/2025,MICE,635,635,615,625,57200
11/20/2025,MIDI,400,400,390,392,8279300
11/20/2025,MIKA,2550,2570,2530,2550,3651800
11/20/2025,MIKADRCV6A,0,0,0,0,0
11/20/2025,MIKAHDCN6A,0,0,0,0,0
11/20/2025,MIKAZPCG6A,0,0,0,0,0
11/20/2025,MINA,214,244,214,232,1591646200
11/20/2025,MINE,484,488,482,484,2804800
11/20/2025,MIRA,28,28,27,28,8915900
11/20/2025,MITI,324,326,310,312,4767500
11/20/2025,MKAP,340,342,340,340,12500
11/20/2025,MKNT,0,0,0,0,0
11/20/2025,MKPI,24175,24175,24000,24175,6400
11/20/2025,MKTR,152,152,149,149,823500
11/20/2025,MLBI,5850,5875,5850,5850,195200
11/20/2025,MLIA,338,340,336,338,2380800
11/20/2025,MLPL,142,142,136,137,102870900
11/20/2025,MLPT,77450,77450,75000,75950,10900
11/20/2025,MMIX,244,252,244,244,4580300
11/20/2025,MMLP,565,565,560,565,4029700
11/20/2025,MNCN,264,266,262,264,17603700
11/20/2025,MNCNDRCN6A,0,0,0,0,0
11/20/2025,MNCNHDCM6A,0,0,0,0,0
11/20/2025,MNCNZPCM6A,10,11,10,11,27500
11/20/2025,MOLI,330,336,316,322,7308700
11/20/2025,MORA,0,0,0,0,0
11/20/2025,MPIX,72,72,70,70,6966300
11/20/2025,MPIX-W,11,12,11,12,359300
11/20/2025,MPMX,965,970,965,970,1531300
11/20/2025,MPOW,116,116,113,113,1804300
11/20/2025,MPPA,61,62,60,60,24234100
11/20/2025,MPRO,8700,9250,8450,9000,46500
11/20/2025,MPXL,238,238,230,230,1214900
11/20/2025,MRAT,350,372,348,364,753100
11/20/2025,MREI,985,1005,975,995,191900
11/20/2025,MSIE,50,50,47,49,4451100
11/20/2025,MSIN,500,500,492,498,24952300
11/20/2025,MSJA,298,314,296,310,6949800
11/20/2025,MSKY,82,84,81,82,5915800
11/20/2025,MSTI,1430,1440,1425,1430,888300
11/20/2025,MTDL,605,615,600,615,3217400
11/20/2025,MTEL,565,575,560,570,11194500
11/20/2025,MTELDRCK6A,13,13,13,13,5600
11/20/2025,MTELHDCM6A,18,19,18,18,401600
11/20/2025,MTELZPCM6A,13,13,13,13,5000
11/20/2025,MTFN,15,16,15,16,53029400
11/20/2025,MTLA,442,450,442,450,63400
11/20/2025,MTMH,1145,1160,1140,1160,353700
11/20/2025,MTPS,0,0,0,0,0
11/20/2025,MTRA,0,0,0,0,0
11/20/2025,MTSM,0,0,0,0,0
11/20/2025,MTWI,360,360,358,360,34700
11/20/2025,MUTU,120,140,117,121,185708100
11/20/2025,MYOH,1530,1535,1500,1500,191300
11/20/2025,MYOR,2100,2120,2100,2120,5172300
11/20/2025,MYORDRCK6A,50,50,50,50,3021200
11/20/2025,MYORHDCM6A,0,0,0,0,0
11/20/2025,MYORZPCH6A,27,27,27,27,900
11/20/2025,MYTX,0,0,0,0,0
11/20/2025,NAIK,123,125,123,124,7818300
11/20/2025,NAIK-W,20,22,20,20,8719800
11/20/2025,NANO,55,56,54,55,7715700
11/20/2025,NASA,31,31,31,31,1163000
11/20/2025,NASI,105,105,102,103,1356300
11/20/2025,NATO,149,198,148,158,55805600
11/20/2025,NAYZ,81,81,73,73,28238100
11/20/2025,NCKL,985,1025,975,975,78886500
11/20/2025,NCKLBQCM6A,26,26,26,26,7948000
11/20/2025,NCKLDRCH6A,40,40,35,35,874000
11/20/2025,NCKLDRCK6A,33,33,31,31,22000
11/20/2025,NCKLHDCK6A,0,0,0,0,0
11/20/2025,NCKLYUCZ5A,73,73,73,73,2001600
11/20/2025,NCKLZPCJ6A,51,53,48,48,1077800
11/20/2025,NCKLZPCM6A,18,22,18,20,367000
11/20/2025,NELY,366,370,362,370,765300
11/20/2025,NEST,346,346,340,342,6870800
11/20/2025,NETV,110,124,107,119,33478200
11/20/2025,NFCX,1750,1750,1650,1675,357800
11/20/2025,NICE,402,406,400,402,2115200
11/20/2025,NICK,1220,1250,1200,1205,6800
11/20/2025,NICL,1005,1080,1005,1060,32506600
11/20/2025,NIKL,362,366,358,358,1397600
11/20/2025,NINE,0,0,0,0,0
11/20/2025,NIRO,286,346,286,346,2278100
11/20/2025,NISP,1380,1390,1380,1385,1787400
11/20/2025,NOBU,496,498,488,492,10192100
11/20/2025,NPGF,61,61,60,61,3557900
11/20/2025,NRCA,1200,1320,1045,1095,196996300
11/20/2025,NSSS,515,525,515,520,8005800
11/20/2025,NTBK,159,160,142,149,80447400
11/20/2025,NUSA,0,0,0,0,0
11/20/2025,NZIA,114,114,110,110,2276900
11/20/2025,OASA,218,242,218,236,463152300
11/20/2025,OBAT,432,434,426,430,1605000
11/20/2025,OBAT-W,85,87,83,85,2484300
11/20/2025,OBMD,244,248,244,248,551500
11/20/2025,OCAP,0,0,0,0,0
11/20/2025,OILS,314,316,270,282,53517500
11/20/2025,OKAS,148,149,143,144,7920600
11/20/2025,OLIV,107,110,104,107,32629200
11/20/2025,OMED,199,202,197,200,1310900
11/20/2025,OMRE,0,0,0,0,0
11/20/2025,OPMS,105,109,105,107,7128800
11/20/2025,PACK,2740,2750,2580,2590,5213400
11/20/2025,PADA,147,147,134,134,30056900
11/20/2025,PADI,73,73,72,73,6316600
11/20/2025,PALM,386,388,378,386,960200
11/20/2025,PAMG,68,68,66,67,2352200
11/20/2025,PANI,14000,14075,13900,13900,5521400
11/20/2025,PANIBQCZ5A,12,13,11,13,12425300
11/20/2025,PANIDRCG6A,55,56,55,56,432900
11/20/2025,PANIHDCJ6A,90,90,88,88,95600
11/20/2025,PANIHDCN6A,78,79,78,79,1060400
11/20/2025,PANIHDCZ5A,105,106,103,103,12900
11/20/2025,PANIZPCJ6A,56,56,54,54,701300
11/20/2025,PANIZPCN6A,0,0,0,0,0
11/20/2025,PANR,730,730,705,715,8965100
11/20/2025,PANS,1470,1470,1450,1460,72100
11/20/2025,PART,131,140,128,137,130359600
11/20/2025,PART-W,19,20,18,19,21865900
11/20/2025,PBID,488,490,486,488,177600
11/20/2025,PBRX,35,35,35,35,7701600
11/20/2025,PBSA,1485,1540,1410,1490,2709900
11/20/2025,PCAR,35,35,34,34,301800
11/20/2025,PDES,635,635,610,625,47000
11/20/2025,PDPP,390,390,376,382,252300
11/20/2025,PEGE,183,189,166,181,69066500
11/20/2025,PEHA,324,324,322,324,20500
11/20/2025,PEVE,510,510,498,500,242100
11/20/2025,PGAS,1760,1770,1745,1750,13375400
11/20/2025,PGASBQCZ5A,0,0,0,0,0
11/20/2025,PGASDRCG6A,0,0,0,0,0
11/20/2025,PGASDRCG6B,0,0,0,0,0
11/20/2025,PGASHDCK6A,63,63,63,63,10000
11/20/2025,PGASZPCJ6A,0,0,0,0,0
11/20/2025,PGEO,1200,1220,1195,1200,16900600
11/20/2025,PGEOBQCF6A,12,12,10,10,1422900
11/20/2025,PGEOBQCJ6A,32,32,32,32,15700
11/20/2025,PGEOBQCX5B,1,2,1,1,10311700
11/20/2025,PGEODRCJ6A,18,18,18,18,129500
11/20/2025,PGEOHDCH6A,0,0,0,0,0
11/20/2025,PGEOHDCH6B,0,0,0,0,0
11/20/2025,PGEOHDPH6A,134,134,134,134,1800
11/20/2025,PGEOYUCK6A,0,0,0,0,0
11/20/2025,PGEOZPCJ6A,25,25,25,25,500
11/20/2025,PGEOZPCM6A,31,33,31,33,379100
11/20/2025,PGJO,1270,1440,1215,1260,8138500
11/20/2025,PGLI,372,384,350,372,245300
11/20/2025,PGUN,13300,13550,13200,13250,26200
11/20/2025,PICO,250,258,246,250,3103700
11/20/2025,PIPA,290,302,276,282,177761900
11/20/2025,PJAA,525,525,515,525,250200
11/20/2025,PJHB,655,665,605,610,165305500
11/20/2025,PJHB-W,165,172,156,157,6298500
11/20/2025,PKPK,600,625,600,625,358900
11/20/2025,PLAN,47,48,45,47,2445200
11/20/2025,PLAS,0,0,0,0,0
11/20/2025,PLIN,0,0,0,0,0
11/20/2025,PMJS,117,120,116,118,332700
11/20/2025,PMMP,0,0,0,0,0
11/20/2025,PMUI,147,147,143,146,15493100
11/20/2025,PNBN,1040,1060,1035,1035,9048700
11/20/2025,PNBS,54,55,53,54,9775600
11/20/2025,PNGO,3060,3070,3030,3050,13300
11/20/2025,PNIN,810,815,800,805,500900
11/20/2025,PNLF,254,260,250,252,76874900
11/20/2025,PNLFBQCM6A,20,21,18,21,1158400
11/20/2025,PNLFDRCJ6A,11,11,11,11,248600
11/20/2025,PNLFHDCZ5A,23,23,23,23,500
11/20/2025,PNLFZPCH6A,31,31,31,31,100
11/20/2025,PNSE,700,750,700,730,30600
11/20/2025,POLA,35,35,33,34,364600
11/20/2025,POLI,0,0,0,0,0
11/20/2025,POLL,0,0,0,0,0
11/20/2025,POLU,23100,23600,23000,23025,10500
11/20/2025,POLY,24,25,24,25,385900
11/20/2025,POOL,0,0,0,0,0
11/20/2025,PORT,1130,1130,1100,1110,15800
11/20/2025,POSA,0,0,0,0,0
11/20/2025,POWR,715,720,710,715,3002300
11/20/2025,PPGL,133,142,132,140,7734800
11/20/2025,PPRE,120,121,117,120,16329300
11/20/2025,PPRI,342,346,336,336,2306400
11/20/2025,PPRO,0,0,0,0,0
11/20/2025,PRAY,850,855,835,845,52700
11/20/2025,PRDA,2430,2440,2420,2420,402200
11/20/2025,PRIM,81,84,81,82,9792300
11/20/2025,PSAB,535,540,525,525,57794200
11/20/2025,PSAT,1345,1385,1320,1385,508000
11/20/2025,PSDN,108,111,105,106,5892500
11/20/2025,PSGO,220,220,216,218,487400
11/20/2025,PSKT,156,156,153,155,19304800
11/20/2025,PSSI,350,350,344,350,44500
11/20/2025,PTBA,2320,2340,2320,2330,5732100
11/20/2025,PTBADRCG6A,13,13,13,13,756400
11/20/2025,PTBAHDCM6A,48,48,48,48,14200
11/20/2025,PTBAYUCZ5A,0,0,0,0,0
11/20/2025,PTBAZPCH6A,0,0,0,0,0
11/20/2025,PTDU,30,30,30,30,722300
11/20/2025,PTIS,418,418,400,410,215300
11/20/2025,PTMP,89,91,88,89,6706400
11/20/2025,PTMR,0,0,0,0,0
11/20/2025,PTPP,372,384,372,372,13190900
11/20/2025,PTPS,204,214,202,214,30860900
11/20/2025,PTPW,980,985,975,975,16000
11/20/2025,PTRO,8950,9075,8925,8950,14593300
11/20/2025,PTRODRCG6A,324,324,316,322,42600
11/20/2025,PTROHDCK6A,0,0,0,0,0
11/20/2025,PTROHDCN6A,106,107,103,104,3025000
11/20/2025,PTROYUCK6A,505,505,505,505,300
11/20/2025,PTROZPCK6A,268,270,266,266,11900
11/20/2025,PTROZPCN6A,132,133,131,132,9592400
11/20/2025,PTSN,374,436,374,400,9749000
11/20/2025,PTSP,1100,1155,1090,1120,80600
11/20/2025,PUDP,1005,1330,985,1280,1130300
11/20/2025,PURA,31,31,31,31,18578100
11/20/2025,PURE,0,0,0,0,0
11/20/2025,PURI,585,585,585,585,9285800
11/20/2025,PWON,360,362,358,360,32431200
11/20/2025,PWONDRCN6A,24,25,24,25,400400
11/20/2025,PWONHDCZ5A,29,29,29,29,500
11/20/2025,PWONZPCH6A,24,24,24,24,78200
11/20/2025,PYFA,525,540,520,520,11767100
11/20/2025,PYFA-W,123,123,119,123,132000
11/20/2025,PZZA,240,258,230,230,8754400
11/20/2025,R-ABFII,0,0,0,0,0
11/20/2025,R-LQ45X,1039,1039,1039,1039,86200
11/20/2025,RAAM,242,248,240,248,12897800
11/20/2025,RAFI,37,39,37,39,2177700
11/20/2025,RAJA,4830,5000,4750,4990,81242100
11/20/2025,RAJADRCG6A,232,250,224,248,624400
11/20/2025,RAJADRCH6A,52,57,52,55,336800
11/20/2025,RAJAHDCK6A,226,238,224,232,35100
11/20/2025,RAJAYUCN6A,123,130,123,130,1030600
11/20/2025,RAJAZPCK6A,113,121,113,120,465300
11/20/2025,RALS,440,440,436,436,2613200
11/20/2025,RANC,1000,1010,970,1010,180100
11/20/2025,RATU,9900,10200,9825,10200,12184900
11/20/2025,RBMS,39,39,39,39,167700
11/20/2025,RCCC,208,208,190,198,646400
11/20/2025,RDTX,12475,12475,12450,12450,300
11/20/2025,REAL,70,72,69,71,64287400
11/20/2025,RELF,42,44,42,44,6292900
11/20/2025,RELI,625,640,600,625,13300
11/20/2025,RGAS,99,100,98,100,3494100
11/20/2025,RICY,57,57,57,57,417800
11/20/2025,RIGS,765,775,755,765,44700
11/20/2025,RIMO,0,0,0,0,0
11/20/2025,RISE,12075,12075,10850,11125,1295600
11/20/2025,RMKE,3050,3100,3000,3060,12140300
11/20/2025,RMKO,226,238,222,224,6137300
11/20/2025,ROCK,460,494,460,494,5100
11/20/2025,RODA,45,45,45,45,98000
11/20/2025,RONY,4100,4100,3720,3720,22800
11/20/2025,ROTI,795,800,790,800,363600
11/20/2025,RSCH,380,382,376,376,7556000
11/20/2025,RSGK,0,0,0,0,0
11/20/2025,RUIS,197,204,197,197,1598500
11/20/2025,RUNS,99,99,95,98,140400
11/20/2025,SAFE,292,298,270,290,2174200
11/20/2025,SAGE,30,31,30,31,1161000
11/20/2025,SAME,328,376,328,372,41624200
11/20/2025,SAMF,314,316,312,314,71500
11/20/2025,SAPX,310,310,300,302,399900
11/20/2025,SATU,250,252,250,252,3634200
11/20/2025,SBAT,0,0,0,0,0
11/20/2025,SBMA,131,132,130,130,870400
11/20/2025,SCCO,2410,2440,2340,2360,64900
11/20/2025,SCMA,370,372,356,360,60710000
11/20/2025,SCMABQCZ5A,0,0,0,0,0
11/20/2025,SCMADRCG6A,20,20,20,20,850000
11/20/2025,SCMADRCK6A,122,123,122,122,600
11/20/2025,SCMAHDCK6A,52,52,52,52,200
11/20/2025,SCMAHDCZ5A,368,368,366,366,100500
11/20/2025,SCMAYUCK6A,92,92,91,91,20000
11/20/2025,SCMAZPCG6A,0,0,0,0,0
11/20/2025,SCMAZPCM6A,53,53,53,53,200000
11/20/2025,SCNP,163,165,159,159,454900
11/20/2025,SCPI,0,0,0,0,0
11/20/2025,SDMU,63,65,62,62,6151500
11/20/2025,SDPC,138,139,138,139,56600
11/20/2025,SDRA,284,284,280,282,736200
11/20/2025,SEMA,104,105,101,102,835300
11/20/2025,SFAN,1925,1930,1925,1930,86100
11/20/2025,SGER,438,458,426,452,40482100
11/20/2025,SGRO,7800,7800,7325,7350,40705400
11/20/2025,SHID,870,870,860,860,6000
11/20/2025,SHIP,5375,5500,5250,5300,107900
11/20/2025,SICO,136,138,133,137,4228500
11/20/2025,SIDO,550,555,545,555,19256600
11/20/2025,SIDODRCK6A,0,0,0,0,0
11/20/2025,SIDOHDCN6A,0,0,0,0,0
11/20/2025,SIDOZPCM6A,0,0,0,0,0
11/20/2025,SILO,2500,2500,2430,2430,1737600
11/20/2025,SIMA,0,0,0,0,0
11/20/2025,SIMP,635,640,630,635,5257200
11/20/2025,SINI,8500,8800,8500,8800,340900
11/20/2025,SIPD,730,730,720,720,15100
11/20/2025,SKBM,540,555,530,530,1054000
11/20/2025,SKLT,222,270,212,270,26564100
11/20/2025,SKRN,705,715,700,700,522900
11/20/2025,SKYB,0,0,0,0,0
11/20/2025,SLIS,80,88,79,83,154343500
11/20/2025,SLIS-W,15,17,14,16,16062400
11/20/2025,SMAR,5225,5225,5075,5075,227100
11/20/2025,SMBR,284,290,282,282,7959400
11/20/2025,SMCB,0,0,0,0,0
11/20/2025,SMDM,810,1010,810,1010,11406900
11/20/2025,SMDR,306,310,306,306,4505400
11/20/2025,SMGA,100,107,98,105,148547400
11/20/2025,SMGR,2710,2750,2650,2650,5823300
11/20/2025,SMGRBQCX5B,2,6,2,3,7068800
11/20/2025,SMGRBQCZ5A,3,4,3,4,4034100
11/20/2025,SMGRDRCG6A,33,33,32,32,75400
11/20/2025,SMGRHDCZ5A,38,38,38,38,200000
11/20/2025,SMGRZPCJ6A,0,0,0,0,0
11/20/2025,SMIL,492,498,490,492,88570400
11/20/2025,SMKL,170,170,168,170,103100
11/20/2025,SMKM,134,135,124,129,27432400
11/20/2025,SMLE,262,266,254,254,2003000
11/20/2025,SMMA,12875,13150,12875,12900,6600
11/20/2025,SMMT,1700,1700,1650,1690,51700
11/20/2025,SMRA,392,394,388,390,22646100
11/20/2025,SMRADRCG6A,0,0,0,0,0
11/20/2025,SMRADRCJ6A,17,17,17,17,100000
11/20/2025,SMRAHDCZ5A,0,0,0,0,0
11/20/2025,SMRAZPCH6A,0,0,0,0,0
11/20/2025,SMRU,0,0,0,0,0
11/20/2025,SMSM,1800,1805,1780,1780,3123300
11/20/2025,SNLK,408,408,402,408,6790200
11/20/2025,SOCI,210,214,208,214,5347500
11/20/2025,SOFA,254,262,250,250,5443300
11/20/2025,SOHO,1505,1545,1505,1545,168000
11/20/2025,SOLA,129,130,128,129,3063600
11/20/2025,SONA,2430,2480,2380,2420,78300
11/20/2025,SOSS,850,865,850,860,45000
11/20/2025,SOTS,320,320,310,310,29700
11/20/2025,SOUL,110,115,95,95,18203000
11/20/2025,SPMA,262,268,260,264,505400
11/20/2025,SPRE,114,129,114,127,5349500
11/20/2025,SPTO,690,695,685,690,2466600
11/20/2025,SQMI,0,0,0,0,0
11/20/2025,SRAJ,14025,14300,13400,14300,678200
11/20/2025,SRIL,0,0,0,0,0
11/20/2025,SRSN,66,66,64,65,9172000
11/20/2025,SRTG,1625,1635,1600,1600,2020400
11/20/2025,SRTGDRCK6A,0,0,0,0,0
11/20/2025,SRTGHDCK6A,0,0,0,0,0
11/20/2025,SRTGYUCN6A,0,0,0,0,0
11/20/2025,SRTGZPCG6A,0,0,0,0,0
11/20/2025,SRTGZPCK6A,25,25,25,25,30000
11/20/2025,SSIA,1760,1780,1725,1745,39340000
11/20/2025,SSMS,1575,1625,1570,1580,8966400
11/20/2025,SSTM,840,840,795,795,286300
11/20/2025,STAA,1545,1545,1485,1490,17157700
11/20/2025,STAR,88,88,88,88,1661700
11/20/2025,STRK,191,199,187,190,76489500
11/20/2025,STTP,9975,9975,9975,9975,400
11/20/2025,SUGI,0,0,0,0,0
11/20/2025,SULI,126,139,122,134,13217200
11/20/2025,SUNI,795,795,785,790,290000
11/20/2025,SUPR,0,0,0,0,0
11/20/2025,SURE,2640,2650,2620,2650,1800
11/20/2025,SURI,100,101,99,100,6931600
11/20/2025,SWAT,0,0,0,0,0
11/20/2025,SWID,114,114,109,112,8782200
11/20/2025,TALF,490,496,480,488,21900
11/20/2025,TAMA,34,34,33,33,1401300
11/20/2025,TAMU,27,27,27,27,7353200
11/20/2025,TAPG,1700,1785,1700,1780,19687600
11/20/2025,TAPGDRCG6A,37,37,37,37,18000
11/20/2025,TAPGDRCJ6A,115,115,113,113,200
11/20/2025,TAPGHDCH6A,242,254,242,254,170200
11/20/2025,TAPGZPCH6A,0,0,0,0,0
11/20/2025,TAPGZPCM6A,40,43,40,43,8800
11/20/2025,TARA,27,27,26,27,735300
11/20/2025,TAXI,17,17,17,17,41812900
11/20/2025,TAYS,85,87,82,86,28715300
11/20/2025,TBIG,2000,2000,1945,1985,991100
11/20/2025,TBLA,735,735,725,725,1728600
11/20/2025,TBMS,1410,1410,1350,1370,92600
11/20/2025,TCID,3140,3140,2990,2990,146200
11/20/2025,TCPI,7800,7800,7225,7550,5969600
11/20/2025,TDPM,0,0,0,0,0
11/20/2025,TEBE,2370,2440,2330,2350,5542900
11/20/2025,TECH,0,0,0,0,0
11/20/2025,TELE,0,0,0,0,0
11/20/2025,TFAS,240,244,238,240,873200
11/20/2025,TFCO,0,0,0,0,0
11/20/2025,TGKA,5175,5200,5075,5175,7900
11/20/2025,TGRA,0,0,0,0,0
11/20/2025,TGUK,0,0,0,0,0
11/20/2025,TIFA,595,640,545,550,5674300
11/20/2025,TINS,3130,3240,3070,3100,48259200
11/20/2025,TIRA,1455,1475,1400,1410,90000
11/20/2025,TIRT,0,0,0,0,0
11/20/2025,TKIM,7000,7150,6950,7125,1206900
11/20/2025,TKIMDRCN6A,79,79,79,79,10000
11/20/2025,TKIMHDCJ6A,0,0,0,0,0
11/20/2025,TKIMZPCG6A,82,85,82,83,151700
11/20/2025,TKIMZPCK6A,0,0,0,0,0
11/20/2025,TLDN,715,730,715,725,1130600
11/20/2025,TLKM,3650,3660,3620,3640,52200700
11/20/2025,TLKMBQCG6A,74,74,74,74,500
11/20/2025,TLKMBQCJ6A,0,0,0,0,0
11/20/2025,TLKMDRCJ6A,100,101,100,100,102000
11/20/2025,TLKMDRCX6A,0,0,0,0,0
11/20/2025,TLKMHDCJ6A,0,0,0,0,0
11/20/2025,TLKMYUCK6A,0,0,0,0,0
11/20/2025,TLKMZPCF6A,0,0,0,0,0
11/20/2025,TLKMZPCM6A,65,65,65,65,100000
11/20/2025,TMAS,136,138,133,134,12571100
11/20/2025,TMPO,176,176,167,171,25531600
11/20/2025,TNCA,226,232,220,224,619200
11/20/2025,TOBA,795,845,795,820,92896600
11/20/2025,TOOL,64,66,63,64,6451200
11/20/2025,TOPS,0,0,0,0,0
11/20/2025,TOSK,73,75,73,75,19919100
11/20/2025,TOTL,960,1040,960,1025,11750900
11/20/2025,TOTO,282,284,280,284,1269500
11/20/2025,TOWR,550,560,545,550,12874400
11/20/2025,TOWRDRCN6A,18,18,17,17,539200
11/20/2025,TOWRHDCK6A,0,0,0,0,0
11/20/2025,TOYS,0,0,0,0,0
11/20/2025,TPIA,7225,7300,7200,7200,5701600
11/20/2025,TPMA,580,585,575,580,2894600
11/20/2025,TRAM,0,0,0,0,0
11/20/2025,TRGU,191,192,183,192,1206800
11/20/2025,TRIL,0,0,0,0,0
11/20/2025,TRIM,735,735,660,710,7431200
11/20/2025,TRIN,615,750,610,710,56624500
11/20/2025,TRIN-W2,505,700,505,700,27400
11/20/2025,TRIO,0,0,0,0,0
11/20/2025,TRIS,191,195,187,188,985500
11/20/2025,TRJA,155,156,152,153,242900
11/20/2025,TRON,96,101,94,95,33269200
11/20/2025,TRST,456,458,446,452,78100
11/20/2025,TRUE,111,113,111,113,27396000
11/20/2025,TRUK,640,700,605,630,13033600
11/20/2025,TRUS,430,438,428,430,7200
11/20/2025,TSPC,2840,2840,2790,2830,976500
11/20/2025,TUGU,1015,1070,1015,1070,6549500
11/20/2025,TYRE,125,126,123,125,263600
11/20/2025,UANG,4910,5700,4740,5400,7053100
11/20/2025,UCID,444,444,436,440,1638400
11/20/2025,UDNG,3350,3570,3020,3180,2314300
11/20/2025,UFOE,200,208,193,194,4553000
11/20/2025,ULTJ,1460,1480,1435,1455,5269100
11/20/2025,UNIC,9025,9025,9000,9025,1900
11/20/2025,UNIQ,420,424,410,410,22781100
11/20/2025,UNIT,0,0,0,0,0
11/20/2025,UNSP,190,195,190,195,2095300
11/20/2025,UNTD,94,94,92,93,14775300
11/20/2025,UNTR,27350,27550,27000,27000,2288100
11/20/2025,UNTRDRCG6A,168,168,163,163,12000
11/20/2025,UNTRHDCM6A,0,0,0,0,0
11/20/2025,UNTRZPCJ6A,0,0,0,0,0
11/20/2025,UNVR,2600,2620,2560,2600,20738000
11/20/2025,UNVRBQCG6A,0,0,0,0,0
11/20/2025,UNVRBQCK6A,0,0,0,0,0
11/20/2025,UNVRBQCZ5A,0,0,0,0,0
11/20/2025,UNVRDRCG6A,0,0,0,0,0
11/20/2025,UNVRHDCM6A,182,185,182,185,200
11/20/2025,UNVRHDPG6A,14,14,14,14,400
11/20/2025,UNVRZPCH6A,0,0,0,0,0
11/20/2025,UNVRZPCM6A,0,0,0,0,0
11/20/2025,URBN,182,182,178,181,685900
11/20/2025,UVCR,120,120,114,115,11243000
11/20/2025,VAST,155,155,150,152,3700400
11/20/2025,VAST-W,13,14,12,13,1342300
11/20/2025,VERN,121,127,120,122,4470100
11/20/2025,VICI,630,665,630,665,618100
11/20/2025,VICO,183,184,180,180,725000
11/20/2025,VINS,150,152,147,150,420800
11/20/2025,VISI,212,214,212,212,8496700
11/20/2025,VIVA,29,29,29,29,4355800
11/20/2025,VKTR,420,470,420,470,99226600
11/20/2025,VOKS,274,284,270,274,347000
11/20/2025,VRNA,88,89,86,89,472800
11/20/2025,VTNY,96,97,95,95,11566600
11/20/2025,WAPO,191,191,183,187,2891400
11/20/2025,WEGE,67,68,66,67,11870800
11/20/2025,WEHA,107,108,106,106,529600
11/20/2025,WGSH,252,262,248,254,1274900
11/20/2025,WICO,0,0,0,0,0
11/20/2025,WIDI,42,42,39,41,8567000
11/20/2025,WIFI,3330,3700,3330,3700,188343800
11/20/2025,WIIM,1350,1390,1335,1375,11296400
11/20/2025,WIKA,0,0,0,0,0
11/20/2025,WINE,202,202,198,200,3229100
11/20/2025,WINR,35,35,35,35,10394600
11/20/2025,WINS,462,470,454,460,3822900
11/20/2025,WIRG,110,110,106,107,93245000
11/20/2025,WMPP,0,0,0,0,0
11/20/2025,WMUU,39,39,39,39,144396500
11/20/2025,WOMF,334,336,330,334,154600
11/20/2025,WOOD,402,402,386,390,13720400
11/20/2025,WOWS,78,79,77,78,12431300
11/20/2025,WSBP,20,20,20,20,87540100
11/20/2025,WSKT,0,0,0,0,0
11/20/2025,WTON,99,102,99,100,47937500
11/20/2025,XAQA,0,0,0,0,0
11/20/2025,XBES,0,0,0,0,0
11/20/2025,XBID,544,544,544,544,40000
11/20/2025,XBIG,0,0,0,0,0
11/20/2025,XBIN,619,619,619,619,40000
11/20/2025,XBLQ,630,630,430,508,8400
11/20/2025,XBNI,0,0,0,0,0
11/20/2025,XBSK,467,467,467,467,40000
11/20/2025,XCEG,0,0,0,0,0
11/20/2025,XCID,56,57,56,57,81000
11/20/2025,XCIS,0,0,0,0,0
11/20/2025,XCLQ,94,94,91,94,62000
11/20/2025,XDIF,480,485,480,485,5100
11/20/2025,XIFE,117,117,114,114,54900
11/20/2025,XIHD,672,681,672,673,2100
11/20/2025,XIIC,0,0,0,0,0
11/20/2025,XIID,524,524,524,524,200
11/20/2025,XIIF,0,0,0,0,0
11/20/2025,XIIT,550,555,550,550,46900
11/20/2025,XIJI,680,680,677,677,2300
11/20/2025,XILV,145,150,123,125,10700
11/20/2025,XIML,259,259,259,259,200
11/20/2025,XIPB,230,262,203,208,17600
11/20/2025,XIPI,236,240,233,233,1200
11/20/2025,XISB,0,0,0,0,0
11/20/2025,XISC,720,775,635,775,600
11/20/2025,XISI,355,355,355,355,100
11/20/2025,XISR,0,0,0,0,0
11/20/2025,XKID,0,0,0,0,0
11/20/2025,XKIV,613,613,608,608,40100
11/20/2025,XKMS,1194,1196,1194,1196,8500
11/20/2025,XMGB,0,0,0,0,0
11/20/2025,XMIG,228,228,228,228,100
11/20/2025,XMLF,932,932,932,932,40000
11/20/2025,XMSK,404,406,404,406,300
11/20/2025,XNVE,0,0,0,0,0
11/20/2025,XPDV,805,805,555,680,17700
11/20/2025,XPFT,0,0,0,0,0
11/20/2025,XPIN,683,688,683,686,600
11/20/2025,XPLQ,460,460,460,460,100
11/20/2025,XPSG,468,468,410,410,7300
11/20/2025,XPTD,501,501,501,501,100
11/20/2025,XSBC,108,108,108,108,10000
11/20/2025,XSPI,0,0,0,0,0
11/20/2025,XSSI,88,89,87,89,20600
11/20/2025,XSSK,723,723,723,723,20000
11/20/2025,YELO,97,97,83,83,59725200
11/20/2025,YOII,100,100,98,100,2624900
11/20/2025,YPAS,450,498,450,498,400
11/20/2025,YULE,0,0,0,0,0
11/20/2025,YUPI,1600,1605,1595,1600,193800
11/20/2025,ZATA,66,67,65,66,17231000
11/20/2025,ZBRA,0,0,0,0,0
11/20/2025,ZINC,32,32,31,31,6294300
11/20/2025,ZONE,560,560,545,560,10000
11/20/2025,ZYRX,186,186,176,180,5769200
