<date>,<ticker>,<open>,<high>,<low>,<close>,<volume>
7/17/2025,IHSG,7229.260,7291.564,7192.017,7287.021,234778705
7/17/2025,IDX30,0.000,0.000,0.000,0.000,0
7/17/2025,IDX80,0.000,0.000,0.000,0.000,0
7/17/2025,AADI,6975,6975,6800,6825,9020500
7/17/2025,AALI,6000,6400,6000,6350,3101100
7/17/2025,ABBA,37,38,37,38,491700
7/17/2025,ABDA,0,0,0,0,0
7/17/2025,ABMM,2990,3040,2990,3030,475900
7/17/2025,ACES,494,505,490,492,56526300
7/17/2025,ACESBQCV5A,5,5,4,5,465500
7/17/2025,ACESDRCN5A,1,2,1,2,5000
7/17/2025,ACESDRCQ5A,2,2,1,2,774400
7/17/2025,ACESHDCZ5A,64,66,63,64,700
7/17/2025,ACRO,64,65,62,64,2348000
7/17/2025,ACRO-W,7,7,6,7,183800
7/17/2025,ACST,90,91,90,90,258400
7/17/2025,ADCP,50,50,50,50,35900
7/17/2025,ADES,12850,12925,12725,12800,3700
7/17/2025,ADHI,260,268,258,264,22198200
7/17/2025,ADMF,9325,9350,9250,9300,69200
7/17/2025,ADMG,116,118,116,118,188500
7/17/2025,ADMR,990,1000,980,995,13101800
7/17/2025,ADMRZPCH6A,57,57,57,57,50000
7/17/2025,ADRO,1850,1855,1825,1830,42886200
7/17/2025,ADROBQCN5A,0,0,0,0,0
7/17/2025,ADROBQCU5A,29,29,27,27,941600
7/17/2025,ADROBQCZ5A,0,0,0,0,0
7/17/2025,ADRODRCN5A,2,2,2,2,96300
7/17/2025,ADRODRCQ5A,2,3,2,3,1123100
7/17/2025,ADRODRCQ5B,0,0,0,0,0
7/17/2025,ADRODRCX5A,49,49,35,35,1886400
7/17/2025,ADROHDCQ5A,0,0,0,0,0
7/17/2025,ADROHDCZ5A,80,80,80,80,700
7/17/2025,ADROZPCF6A,40,41,40,41,400
7/17/2025,AEGS,34,34,32,33,757100
7/17/2025,AGAR,234,234,216,226,27900
7/17/2025,AGII,990,990,980,980,132300
7/17/2025,AGRO,212,214,210,212,5823100
7/17/2025,AGRS,63,64,63,64,2079900
7/17/2025,AHAP,67,71,66,67,21722000
7/17/2025,AIMS,390,410,390,402,5331300
7/17/2025,AISA,155,156,152,154,5918800
7/17/2025,AKKU,0,0,0,0,0
7/17/2025,AKPI,595,605,595,595,23300
7/17/2025,AKRA,1220,1225,1200,1215,7532800
7/17/2025,AKRADRCN5A,0,0,0,0,0
7/17/2025,AKRADRCQ5A,0,0,0,0,0
7/17/2025,AKRADRCX5A,36,36,36,36,22200
7/17/2025,AKRAHDCQ5A,16,17,16,17,3100
7/17/2025,AKRAZPCX5A,59,59,59,59,500
7/17/2025,AKSI,274,278,270,274,139100
7/17/2025,ALDO,490,500,490,498,70600
7/17/2025,ALII,595,605,585,595,3511600
7/17/2025,ALKA,308,308,300,306,7600
7/17/2025,ALMI,0,0,0,0,0
7/17/2025,ALTO,0,0,0,0,0
7/17/2025,AMAG,354,356,350,354,96500
7/17/2025,AMAN,103,105,102,103,934100
7/17/2025,AMAR,160,162,159,160,1574100
7/17/2025,AMFG,3510,3520,3500,3510,144700
7/17/2025,AMIN,152,152,147,149,148400
7/17/2025,AMMN,8225,8250,8000,8100,26314100
7/17/2025,AMMNBQCZ5A,0,0,0,0,0
7/17/2025,AMMNZPCG6A,63,63,63,63,1000
7/17/2025,AMMS,96,106,96,104,5409500
7/17/2025,AMMS-W,3,4,2,3,53778100
7/17/2025,AMOR,515,515,510,515,12100
7/17/2025,AMRT,2160,2270,2160,2260,42867300
7/17/2025,AMRTBQCU5A,20,24,20,22,3047400
7/17/2025,AMRTDRCN5A,0,0,0,0,0
7/17/2025,AMRTDRCQ5A,3,3,3,3,100
7/17/2025,AMRTDRCZ5A,39,44,39,43,2900
7/17/2025,AMRTHDCQ5A,20,22,20,21,2600
7/17/2025,AMRTZPCX5A,0,0,0,0,0
7/17/2025,ANDI,17,18,17,18,4183100
7/17/2025,ANJT,1770,1775,1760,1770,3580400
7/17/2025,ANTM,3010,3070,2990,3010,149618400
7/17/2025,ANTMBQCU5A,294,294,284,284,3000
7/17/2025,ANTMBQCX5A,85,91,84,87,369300
7/17/2025,ANTMBQCZ5A,0,0,0,0,0
7/17/2025,ANTMDRCG6A,56,57,53,55,1798400
7/17/2025,ANTMDRCN5A,210,218,210,218,400
7/17/2025,ANTMDRCQ5A,260,266,260,266,86000
7/17/2025,ANTMDRCX5A,300,302,292,298,65500
7/17/2025,ANTMDRPU5A,55,57,55,55,300
7/17/2025,ANTMDRPU5B,32,32,32,32,200
7/17/2025,ANTMHDCQ5A,376,376,374,374,50000
7/17/2025,ANTMHDCU5A,157,157,157,157,4800
7/17/2025,ANTMYUCQ5A,354,354,352,352,600
7/17/2025,ANTMZPCX5A,204,204,204,204,500
7/17/2025,APEX,127,132,123,126,39491300
7/17/2025,APIC,1165,1185,1145,1175,4499300
7/17/2025,APII,170,172,170,171,9600
7/17/2025,APLI,478,492,472,488,7400
7/17/2025,APLN,95,95,91,92,9097100
7/17/2025,ARCI,590,670,575,665,198684500
7/17/2025,AREA,422,422,404,416,1386400
7/17/2025,ARGO,1395,1405,1385,1405,230000
7/17/2025,ARII,280,280,250,270,44800
7/17/2025,ARKA,19,20,19,20,423700
7/17/2025,ARKO,830,840,830,835,121200
7/17/2025,ARMY,0,0,0,0,0
7/17/2025,ARNA,590,590,585,590,475400
7/17/2025,ARTA,2350,2850,2350,2600,89200
7/17/2025,ARTI,0,0,0,0,0
7/17/2025,ARTO,1785,1800,1750,1760,5006000
7/17/2025,ARTOBQCU5A,7,7,7,7,100000
7/17/2025,ARTOBQCZ5A,0,0,0,0,0
7/17/2025,ARTODRCN5A,2,2,1,1,170700
7/17/2025,ARTODRCQ5A,3,3,3,3,93500
7/17/2025,ARTODRCX5A,37,37,37,37,28500
7/17/2025,ARTOHDCZ5A,0,0,0,0,0
7/17/2025,ARTOZPCX5A,0,0,0,0,0
7/17/2025,ASBI,420,420,418,420,1600
7/17/2025,ASDM,525,530,510,530,47500
7/17/2025,ASGR,895,905,885,900,630000
7/17/2025,ASHA,16,17,16,17,2557500
7/17/2025,ASII,4750,4820,4730,4790,37859000
7/17/2025,ASIIBQCU5A,0,0,0,0,0
7/17/2025,ASIIBQCZ5A,0,0,0,0,0
7/17/2025,ASIIDRCQ5A,21,21,21,21,100
7/17/2025,ASIIDRCQ5B,19,20,19,20,200
7/17/2025,ASIIDRCX5A,87,89,87,89,200
7/17/2025,ASIIDRCX6A,2790,2790,2790,2790,100
7/17/2025,ASIIDRPQ5A,23,23,23,23,100
7/17/2025,ASIIHDCZ5A,0,0,0,0,0
7/17/2025,ASJT,117,117,110,114,83800
7/17/2025,ASLC,65,69,65,67,18157700
7/17/2025,ASLI,50,50,50,50,279400
7/17/2025,ASMI,18,18,18,18,908000
7/17/2025,ASPI,0,0,0,0,0
7/17/2025,ASPR,109,109,104,105,35011200
7/17/2025,ASRI,140,141,135,140,33935400
7/17/2025,ASRM,270,278,270,278,11800
7/17/2025,ASSA,795,825,795,810,10905300
7/17/2025,ATAP,27,28,27,28,108600
7/17/2025,ATIC,378,386,368,382,479400
7/17/2025,ATLA,50,50,50,50,28400
7/17/2025,AUTO,2120,2140,2100,2120,2372400
7/17/2025,AVIA,450,476,442,456,88154100
7/17/2025,AWAN,266,274,258,260,23201300
7/17/2025,AXIO,128,132,127,128,1803700
7/17/2025,AYAM,163,163,158,160,95741400
7/17/2025,AYLS,102,105,99,101,8237500
7/17/2025,BABP,51,51,50,50,11882800
7/17/2025,BABY,284,284,276,280,9310700
7/17/2025,BACA,130,131,130,131,836600
7/17/2025,BAIK,96,98,96,97,436900
7/17/2025,BAIK-W,8,8,7,8,78100
7/17/2025,BAJA,124,127,122,125,2006200
7/17/2025,BALI,1450,1695,1450,1645,59200
7/17/2025,BANK,830,835,810,825,6549100
7/17/2025,BANK-W,0,0,0,0,0
7/17/2025,BAPA,50,50,50,50,2000
7/17/2025,BAPI,9,9,8,9,8369200
7/17/2025,BATA,50,50,50,50,16600
7/17/2025,BATR,84,84,82,83,1460900
7/17/2025,BAUT,28,30,28,28,10778900
7/17/2025,BAYU,1290,1290,1280,1285,166100
7/17/2025,BBCA,8500,8550,8500,8525,86016400
7/17/2025,BBCABQCV5A,60,61,60,60,30300
7/17/2025,BBCABQCX5A,0,0,0,0,0
7/17/2025,BBCADRCF6A,73,73,73,73,100
7/17/2025,BBCADRCQ5A,29,29,29,29,22100
7/17/2025,BBCADRCX6A,0,0,0,0,0
7/17/2025,BBCADRPQ5A,61,62,61,62,4300
7/17/2025,BBCAHDCQ5A,0,0,0,0,0
7/17/2025,BBCAHDCU5A,0,0,0,0,0
7/17/2025,BBCAHDCV5A,0,0,0,0,0
7/17/2025,BBCAYUCQ5A,60,60,60,60,100
7/17/2025,BBCAZPCF6A,0,0,0,0,0
7/17/2025,BBCAZPCH6A,0,0,0,0,0
7/17/2025,BBHI,1110,1150,1095,1105,2263300
7/17/2025,BBKP,60,65,59,62,347623900
7/17/2025,BBLD,765,825,740,810,95200
7/17/2025,BBMD,2100,2200,2100,2200,200
7/17/2025,BBNI,4140,4140,4090,4110,25818000
7/17/2025,BBNIBQCU5A,0,0,0,0,0
7/17/2025,BBNIBQCV5A,0,0,0,0,0
7/17/2025,BBNIDRCQ5A,10,10,10,10,100
7/17/2025,BBNIDRCX6A,2260,2260,2250,2250,200
7/17/2025,BBNIDRCZ5A,59,59,59,59,500
7/17/2025,BBNIDRPU5A,33,33,31,31,200
7/17/2025,BBNIHDCQ5A,0,0,0,0,0
7/17/2025,BBNIHDCU5A,0,0,0,0,0
7/17/2025,BBNIHDPU5A,0,0,0,0,0
7/17/2025,BBNIYUCV5A,70,70,70,70,100
7/17/2025,BBNIZPCH6A,0,0,0,0,0
7/17/2025,BBNIZPCX5A,0,0,0,0,0
7/17/2025,BBRI,3930,3930,3880,3890,111359500
7/17/2025,BBRIBQCQ5A,15,15,15,15,59400
7/17/2025,BBRIBQCU5A,0,0,0,0,0
7/17/2025,BBRIBQCZ5A,111,111,111,111,1100
7/17/2025,BBRIDRCQ5A,35,35,33,35,510400
7/17/2025,BBRIDRCX5A,169,169,169,169,100
7/17/2025,BBRIDRCX6A,0,0,0,0,0
7/17/2025,BBRIDRPN5A,0,0,0,0,0
7/17/2025,BBRIHDCQ5A,0,0,0,0,0
7/17/2025,BBRIYUCV5A,160,160,160,160,100
7/17/2025,BBRIZPCH6A,0,0,0,0,0
7/17/2025,BBRIZPCX5A,0,0,0,0,0
7/17/2025,BBRM,76,77,75,76,547200
7/17/2025,BBSI,4010,4020,3990,4000,5900
7/17/2025,BBSS,300,300,290,290,31600
7/17/2025,BBTN,1240,1245,1215,1220,12791700
7/17/2025,BBTNHDCZ5A,0,0,0,0,0
7/17/2025,BBTNZPCG6A,0,0,0,0,0
7/17/2025,BBYB,244,248,238,240,30889000
7/17/2025,BCAP,56,56,55,55,11090900
7/17/2025,BCIC,0,0,0,0,0
7/17/2025,BCIP,96,99,95,99,26029500
7/17/2025,BDKR,160,168,158,168,57778400
7/17/2025,BDMN,2450,2450,2410,2450,680300
7/17/2025,BEBS,0,0,0,0,0
7/17/2025,BEEF,284,284,274,274,5339900
7/17/2025,BEER,72,74,72,72,98400
7/17/2025,BEKS,24,25,24,25,3694200
7/17/2025,BELI,400,400,394,398,252500
7/17/2025,BELL,50,50,50,50,86900
7/17/2025,BESS,1205,1205,985,1050,78600
7/17/2025,BEST,97,99,97,98,5029200
7/17/2025,BFIN,825,825,790,800,4313900
7/17/2025,BGTG,78,79,77,78,1055500
7/17/2025,BHAT,765,770,760,765,1552400
7/17/2025,BHIT,26,26,26,26,1700900
7/17/2025,BIKA,0,0,0,0,0
7/17/2025,BIKE,585,595,580,590,908700
7/17/2025,BIMA,47,47,44,44,3600
7/17/2025,BINA,4380,4380,4280,4360,64200
7/17/2025,BINO,109,113,109,109,2579500
7/17/2025,BIPI,84,84,81,82,429331100
7/17/2025,BIPP,41,42,41,41,900
7/17/2025,BIRD,1900,1910,1885,1905,1998400
7/17/2025,BISI,950,955,910,935,564500
7/17/2025,BJBR,810,815,805,810,3151800
7/17/2025,BJTM,492,494,488,492,4276100
7/17/2025,BKDP,32,34,32,34,67800
7/17/2025,BKSL,122,124,117,117,199247900
7/17/2025,BKSW,67,68,63,64,19856000
7/17/2025,BLES,177,179,175,179,2345000
7/17/2025,BLOG,855,930,770,805,260580500
7/17/2025,BLTA,20,21,20,21,1475600
7/17/2025,BLTZ,0,0,0,0,0
7/17/2025,BLUE,310,314,310,314,21200
7/17/2025,BMAS,620,620,615,615,6100
7/17/2025,BMBL,17,17,16,17,255500
7/17/2025,BMHS,196,199,195,196,1511800
7/17/2025,BMRI,4700,4720,4680,4720,120304000
7/17/2025,BMRIBQCN5A,0,0,0,0,0
7/17/2025,BMRIBQCU5A,22,23,22,23,6000
7/17/2025,BMRIBQCZ5A,0,0,0,0,0
7/17/2025,BMRIDRCQ5A,5,5,5,5,38500
7/17/2025,BMRIDRCX5A,68,72,68,72,125100
7/17/2025,BMRIDRCX6A,0,0,0,0,0
7/17/2025,BMRIDRPN5A,0,0,0,0,0
7/17/2025,BMRIHDCQ5A,6,6,6,6,2100000
7/17/2025,BMRIHDCU5A,108,108,108,108,98800
7/17/2025,BMRIHDPU5A,264,264,264,264,200
7/17/2025,BMRIYUCQ5A,36,37,36,37,6000800
7/17/2025,BMRIZPCH6A,0,0,0,0,0
7/17/2025,BMRIZPCX5A,0,0,0,0,0
7/17/2025,BMSR,242,256,242,248,162700
7/17/2025,BMTR,131,135,130,135,57228400
7/17/2025,BNBA,825,825,810,825,114300
7/17/2025,BNBR,27,27,26,26,3170000
7/17/2025,BNGA,1715,1720,1705,1715,2028800
7/17/2025,BNGAZPCH6A,0,0,0,0,0
7/17/2025,BNII,199,200,197,198,648300
7/17/2025,BNLI,2780,2780,2740,2770,56600
7/17/2025,BOAT,100,101,99,100,1728700
7/17/2025,BOBA,173,178,168,168,237900
7/17/2025,BOGA,575,585,575,580,717700
7/17/2025,BOLA,103,107,102,105,2109000
7/17/2025,BOLT,1225,1230,1220,1220,563000
7/17/2025,BOSS,0,0,0,0,0
7/17/2025,BPFI,340,340,324,324,7100
7/17/2025,BPII,595,600,595,595,158600
7/17/2025,BPTR,98,105,97,103,6390000
7/17/2025,BRAM,5750,5800,5700,5800,2900
7/17/2025,BREN,7550,7950,7550,7725,38443100
7/17/2025,BRIS,2800,2820,2780,2800,20949200
7/17/2025,BRISBQCZ5A,0,0,0,0,0
7/17/2025,BRISHDCZ5A,0,0,0,0,0
7/17/2025,BRISYUCV5A,102,102,101,101,200
7/17/2025,BRISZPCG6A,64,65,64,65,2000
7/17/2025,BRMS,456,458,446,446,525528500
7/17/2025,BRMSBQCZ5A,82,83,80,80,188600
7/17/2025,BRMSHDCZ5A,0,0,0,0,0
7/17/2025,BRMSYUCV5A,37,39,37,38,15100
7/17/2025,BRMSZPCG6A,72,72,69,69,143700
7/17/2025,BRNA,625,675,625,655,3500
7/17/2025,BRPT,2010,2240,2010,2180,276842200
7/17/2025,BRPTBQCQ5A,494,600,492,560,73000
7/17/2025,BRPTBQCV5A,298,312,296,310,24300
7/17/2025,BRPTBQCZ5A,610,610,610,610,1000
7/17/2025,BRPTDRCF6A,167,190,164,184,361000
7/17/2025,BRPTDRCN5A,282,344,278,318,265600
7/17/2025,BRPTDRCQ5A,204,234,204,230,9700
7/17/2025,BRPTDRCX5A,194,222,193,216,427800
7/17/2025,BRPTDRPV5A,25,25,22,23,1067400
7/17/2025,BRPTHDCQ5A,224,256,218,244,200300
7/17/2025,BRPTZPCF6A,202,224,202,214,363200
7/17/2025,BRPTZPCX5A,0,0,0,0,0
7/17/2025,BRRC,56,61,55,57,14989500
7/17/2025,BRRC-W,8,9,8,9,502700
7/17/2025,BSBK,50,51,50,51,13122500
7/17/2025,BSDE,830,830,805,810,11293500
7/17/2025,BSDEZPCH6A,35,35,33,33,17800
7/17/2025,BSIM,900,900,875,900,36300
7/17/2025,BSML,98,102,98,98,85217800
7/17/2025,BSSR,3960,3970,3940,3950,374900
7/17/2025,BSWD,0,0,0,0,0
7/17/2025,BTEK,5,6,5,6,28490400
7/17/2025,BTEL,0,0,0,0,0
7/17/2025,BTON,380,388,380,388,4700
7/17/2025,BTPN,2110,2140,2110,2130,9100
7/17/2025,BTPS,1445,1480,1430,1480,11561500
7/17/2025,BTPSZPCH6A,48,48,48,48,22700
7/17/2025,BUAH,1570,1580,1540,1570,134700
7/17/2025,BUDI,240,240,230,230,61000
7/17/2025,BUKA,131,137,129,134,107361000
7/17/2025,BUKAHDCZ5A,0,0,0,0,0
7/17/2025,BUKK,810,815,810,810,12300
7/17/2025,BULL,138,139,134,135,181802300
7/17/2025,BUMI,122,122,118,119,1036225700
7/17/2025,BUVA,82,83,81,82,16434700
7/17/2025,BVIC,87,88,86,87,1032100
7/17/2025,BVIC-W,49,49,47,49,2200
7/17/2025,BWPT,63,67,62,67,91926600
7/17/2025,BYAN,19375,19375,19100,19200,38600
7/17/2025,CAKK,135,136,135,135,44200
7/17/2025,CAMP,214,214,210,210,1119100
7/17/2025,CANI,42,42,42,42,22800
7/17/2025,CARE,224,230,222,224,19356700
7/17/2025,CARS,84,85,84,84,636700
7/17/2025,CASA,990,1005,985,995,5107800
7/17/2025,CASH,61,63,60,60,49200
7/17/2025,CASS,2040,2100,2030,2040,106000
7/17/2025,CBDK,6100,6175,6050,6075,4292500
7/17/2025,CBMF,0,0,0,0,0
7/17/2025,CBPE,184,186,184,184,32300
7/17/2025,CBRE,66,72,66,71,12050700
7/17/2025,CBUT,1015,1015,1015,1015,400
7/17/2025,CCSI,320,336,312,316,146800
7/17/2025,CDIA,0,0,0,0,0
7/17/2025,CEKA,2770,2780,2740,2760,29400
7/17/2025,CENT,101,101,98,99,5688400
7/17/2025,CFIN,312,314,308,312,1980200
7/17/2025,CGAS,94,95,93,94,3796200
7/17/2025,CHEK,186,206,185,195,202174900
7/17/2025,CHEM,55,55,54,55,1141200
7/17/2025,CHIP,1330,1330,1315,1325,78900
7/17/2025,CINT,156,158,155,157,161800
7/17/2025,CITA,4020,4020,3970,3980,226700
7/17/2025,CITY,89,90,87,89,684900
7/17/2025,CLAY,710,710,655,695,64600
7/17/2025,CLEO,575,595,570,595,13988400
7/17/2025,CLPI,1195,1205,1185,1205,355600
7/17/2025,CMNP,1345,1350,1325,1345,182300
7/17/2025,CMNP-W,378,378,374,374,400
7/17/2025,CMNT,865,870,825,835,38812100
7/17/2025,CMPP,78,78,77,77,13600
7/17/2025,CMRY,4650,4750,4650,4750,840100
7/17/2025,CNKO,30,30,29,29,16868700
7/17/2025,CNMA,152,155,148,149,54079000
7/17/2025,CNTB,0,0,0,0,0
7/17/2025,CNTX,0,0,0,0,0
7/17/2025,COAL,34,34,34,34,434900
7/17/2025,COCO,189,194,181,183,5872000
7/17/2025,COIN,0,0,0,0,0
7/17/2025,COWL,0,0,0,0,0
7/17/2025,CPIN,4820,5025,4810,5025,11235200
7/17/2025,CPINDRCG6A,96,100,96,100,7400
7/17/2025,CPINDRCN5A,68,74,68,74,200
7/17/2025,CPINDRCQ5A,25,28,25,28,2700
7/17/2025,CPINHDCQ5A,0,0,0,0,0
7/17/2025,CPRI,0,0,0,0,0
7/17/2025,CPRO,51,52,50,51,23893400
7/17/2025,CRAB,236,236,234,236,218300
7/17/2025,CRSN,102,103,101,103,118100
7/17/2025,CSAP,242,254,242,244,116500
7/17/2025,CSIS,75,76,73,73,501600
7/17/2025,CSMI,725,850,620,670,11043700
7/17/2025,CSRA,725,750,695,745,1773600
7/17/2025,CTBN,8025,8025,8025,8025,2500
7/17/2025,CTRA,975,985,965,980,10970700
7/17/2025,CTRAZPCG6A,0,0,0,0,0
7/17/2025,CTTH,25,25,25,25,30300
7/17/2025,CUAN,1685,1725,1640,1650,389304100
7/17/2025,CYBR,940,950,930,940,14629900
7/17/2025,CYBR-W,545,555,545,545,500
7/17/2025,DAAZ,4030,4070,4010,4020,437500
7/17/2025,DADA,8,8,8,8,49535600
7/17/2025,DART,142,147,142,147,23600
7/17/2025,DATA,1385,1450,1385,1445,8107500
7/17/2025,DAYA,900,900,845,870,351000
7/17/2025,DCII,202050,223250,201600,223250,40900
7/17/2025,DEAL,0,0,0,0,0
7/17/2025,DEFI,0,0,0,0,0
7/17/2025,DEPO,204,206,199,206,319700
7/17/2025,DEWA,193,193,185,186,437081000
7/17/2025,DEWI,103,104,102,104,34211600
7/17/2025,DFAM,50,50,50,50,5100
7/17/2025,DGIK,89,89,87,87,2295200
7/17/2025,DGNS,156,160,154,154,480200
7/17/2025,DGWG,424,446,424,442,14091600
7/17/2025,DIGI,20,20,20,20,300100
7/17/2025,DILD,131,132,127,127,11303100
7/17/2025,DIVA,111,112,109,109,1646000
7/17/2025,DKFT,575,600,550,555,57020800
7/17/2025,DKHH,0,0,0,0,0
7/17/2025,DKHH-W,0,0,0,0,0
7/17/2025,DLTA,2040,2040,2010,2040,30200
7/17/2025,DMAS,143,144,142,143,45849700
7/17/2025,DMMX,378,388,376,380,1324200
7/17/2025,DMND,505,510,500,505,106600
7/17/2025,DNAR,126,142,116,119,114743800
7/17/2025,DNET,9350,9350,9200,9325,2200
7/17/2025,DOID,362,374,362,368,20861400
7/17/2025,DOOH,98,106,98,106,502847300
7/17/2025,DOSS,147,149,143,145,611800
7/17/2025,DPNS,228,230,220,228,50900
7/17/2025,DPUM,50,50,50,50,100200
7/17/2025,DRMA,965,965,955,965,258800
7/17/2025,DSFI,57,57,55,56,897300
7/17/2025,DSNG,965,1000,940,995,48389800
7/17/2025,DSSA,64000,69500,64000,66000,4328100
7/17/2025,DUCK,0,0,0,0,0
7/17/2025,DUTI,0,0,0,0,0
7/17/2025,DVLA,1710,1710,1670,1705,115600
7/17/2025,DWGL,214,232,212,222,1209700
7/17/2025,DYAN,88,91,87,89,992500
7/17/2025,EAST,106,108,100,102,17228400
7/17/2025,ECII,193,194,190,192,321600
7/17/2025,EDGE,5100,5725,4500,5175,2200200
7/17/2025,EKAD,183,185,181,183,277100
7/17/2025,ELIT,162,196,162,187,146499200
7/17/2025,ELPI,352,352,350,352,69200
7/17/2025,ELSA,484,488,480,486,15151500
7/17/2025,ELSAZPCG6A,0,0,0,0,0
7/17/2025,ELTY,10,10,10,10,48875000
7/17/2025,EMDE,90,95,90,92,189700
7/17/2025,EMTK,520,545,515,545,65384200
7/17/2025,EMTKBQCZ5A,0,0,0,0,0
7/17/2025,EMTKHDCZ5A,0,0,0,0,0
7/17/2025,EMTKYUCV5A,32,32,32,32,100
7/17/2025,EMTKZPCH6A,33,35,33,35,2700
7/17/2025,ENAK,705,715,700,715,405700
7/17/2025,ENRG,450,468,430,452,462392100
7/17/2025,ENRGHDCZ5A,129,143,124,132,584300
7/17/2025,ENRGZPCG6A,110,122,109,113,1397500
7/17/2025,ENVY,0,0,0,0,0
7/17/2025,ENZO,30,31,30,31,30300
7/17/2025,EPAC,12,12,12,12,82300
7/17/2025,EPMT,2290,2290,2280,2280,8100
7/17/2025,ERAA,550,560,530,540,43077400
7/17/2025,ERAABQCZ5A,0,0,0,0,0
7/17/2025,ERAAHDCZ5A,0,0,0,0,0
7/17/2025,ERAAZPCH6A,38,38,37,37,738800
7/17/2025,ERAL,386,408,378,392,72718500
7/17/2025,ERTX,105,105,103,103,1020200
7/17/2025,ESIP,28,28,28,28,288200
7/17/2025,ESSA,585,590,575,585,19525800
7/17/2025,ESSABQCZ5A,71,71,71,71,1000
7/17/2025,ESTA,66,67,65,66,437000
7/17/2025,ESTI,34,34,34,34,174500
7/17/2025,ETWA,0,0,0,0,0
7/17/2025,EURO,156,164,154,164,48486700
7/17/2025,EXCL,2590,2700,2580,2670,29616200
7/17/2025,EXCLHDCQ5A,0,0,0,0,0
7/17/2025,EXCLZPCF6A,81,82,80,81,5700
7/17/2025,FAPA,5525,5550,5525,5550,11700
7/17/2025,FAST,324,356,324,332,15156600
7/17/2025,FASW,0,0,0,0,0
7/17/2025,FILM,1590,1655,1535,1620,19809300
7/17/2025,FIMP,63,63,61,61,68300
7/17/2025,FIRE,75,82,75,78,28668300
7/17/2025,FISH,0,0,0,0,0
7/17/2025,FITT,266,266,266,266,232400
7/17/2025,FLMC,54,54,47,50,47700
7/17/2025,FMII,316,392,310,392,3061000
7/17/2025,FOLK,70,74,69,74,9394700
7/17/2025,FOOD,102,107,102,107,3300
7/17/2025,FORE,635,640,625,630,6883900
7/17/2025,FORU,1250,1485,1250,1365,472000
7/17/2025,FORZ,0,0,0,0,0
7/17/2025,FPNI,196,196,192,194,725800
7/17/2025,FUJI,376,376,360,370,19800
7/17/2025,FUTR,55,59,53,56,73858500
7/17/2025,FWCT,140,142,135,140,1793500
7/17/2025,GAMA,0,0,0,0,0
7/17/2025,GDST,105,108,104,107,2947300
7/17/2025,GDYR,1205,1215,1195,1195,15900
7/17/2025,GEMA,85,86,81,85,1789400
7/17/2025,GEMS,9475,9475,9350,9350,86700
7/17/2025,GGRM,9200,9425,9125,9325,561100
7/17/2025,GGRMZPCG6A,0,0,0,0,0
7/17/2025,GGRP,0,0,0,0,0
7/17/2025,GHON,1610,1610,1585,1590,15500
7/17/2025,GIAA,77,77,76,76,176519000
7/17/2025,GJTL,1095,1120,1090,1115,8792800
7/17/2025,GLOB,51,51,51,51,100
7/17/2025,GLVA,326,332,326,332,2400
7/17/2025,GMFI,62,64,62,64,3291200
7/17/2025,GMTD,2270,2360,2220,2290,16800
7/17/2025,GOLD,250,264,248,254,112500
7/17/2025,GOLF,226,230,224,228,886200
7/17/2025,GOLL,0,0,0,0,0
7/17/2025,GOOD,358,360,358,360,167600
7/17/2025,GOTO,60,61,59,60,3100097700
7/17/2025,GOTOBQCZ5A,6,6,6,6,83200
7/17/2025,GOTODRCG6A,15,15,12,15,21600
7/17/2025,GOTODRCN5A,1,3,1,3,128700
7/17/2025,GOTODRCQ5A,0,0,0,0,0
7/17/2025,GOTOHDCQ5A,0,0,0,0,0
7/17/2025,GOTOM,0,0,0,0,0
7/17/2025,GOTOZPCH6A,29,29,29,29,100
7/17/2025,GPRA,130,132,126,129,108241600
7/17/2025,GPSO,438,444,418,424,3668600
7/17/2025,GRIA,85,85,82,83,1888100
7/17/2025,GRPH,50,50,50,50,94100
7/17/2025,GRPM,49,50,49,50,264300
7/17/2025,GRPM-W,14,14,13,14,53100
7/17/2025,GSMF,53,54,53,54,188500
7/17/2025,GTBO,193,196,185,186,2008200
7/17/2025,GTRA,143,159,143,150,4766300
7/17/2025,GTSI,40,40,39,40,111300
7/17/2025,GULA,262,266,260,262,305300
7/17/2025,GUNA,266,266,260,264,439900
7/17/2025,GWSA,123,126,123,126,78800
7/17/2025,GZCO,99,103,98,100,51800800
7/17/2025,HADE,7,8,7,7,2868300
7/17/2025,HAIS,190,191,189,190,571100
7/17/2025,HAJJ,122,129,122,129,53040700
7/17/2025,HAJJ-W,15,17,15,16,23674100
7/17/2025,HALO,79,80,76,79,14037500
7/17/2025,HALO-W,9,10,8,10,5465900
7/17/2025,HATM,268,270,262,262,23492800
7/17/2025,HBAT,63,67,62,66,517500
7/17/2025,HDFA,117,117,105,108,94900
7/17/2025,HDIT,17,17,17,17,668000
7/17/2025,HDTX,0,0,0,0,0
7/17/2025,HEAL,1555,1620,1555,1610,24405900
7/17/2025,HEALZPCH6A,0,0,0,0,0
7/17/2025,HELI,252,258,250,256,1309500
7/17/2025,HERO,412,450,402,424,187600
7/17/2025,HEXA,5175,5225,5150,5200,358800
7/17/2025,HGII,156,158,154,157,20125200
7/17/2025,HILL,228,230,226,228,396300
7/17/2025,HITS,0,0,0,0,0
7/17/2025,HKMU,0,0,0,0,0
7/17/2025,HMSP,605,610,600,605,11796800
7/17/2025,HOKI,90,91,89,89,7644500
7/17/2025,HOME,0,0,0,0,0
7/17/2025,HOMI,208,208,206,208,22600
7/17/2025,HOPE,64,64,64,64,2204200
7/17/2025,HOTL,0,0,0,0,0
7/17/2025,HRME,21,21,21,21,668100
7/17/2025,HRTA,590,625,580,625,46729700
7/17/2025,HRUM,820,835,815,835,10582800
7/17/2025,HRUMZPCG6A,0,0,0,0,0
7/17/2025,HUMI,59,60,57,58,41343300
7/17/2025,HUMI-W,7,7,6,7,22197000
7/17/2025,HYGN,143,145,141,144,1034800
7/17/2025,IATA,49,49,48,48,6985000
7/17/2025,IATA-W,35,35,30,30,54800
7/17/2025,IBFN,12,12,12,12,6800
7/17/2025,IBOS,28,28,27,28,1602300
7/17/2025,IBST,4840,5300,4840,5300,200
7/17/2025,ICBP,10350,10400,10150,10350,13247400
7/17/2025,ICBPDRCQ5A,11,13,11,12,1586100
7/17/2025,ICBPDRCX6A,0,0,0,0,0
7/17/2025,ICBPHDCQ5A,11,12,11,12,112000
7/17/2025,ICBPZPCX5A,0,0,0,0,0
7/17/2025,ICON,43,43,43,43,183200
7/17/2025,IDEA,48,48,45,46,166400
7/17/2025,IDPR,200,200,193,195,10500
7/17/2025,IFII,258,258,250,250,359700
7/17/2025,IFSH,770,790,760,760,3100
7/17/2025,IGAR,560,575,550,575,205300
7/17/2025,IIKP,0,0,0,0,0
7/17/2025,IKAI,8,9,8,8,2804800
7/17/2025,IKAN,65,66,65,65,5555500
7/17/2025,IKBI,400,406,398,400,66900
7/17/2025,IKPM,202,206,199,200,423900
7/17/2025,IMAS,890,905,880,890,369300
7/17/2025,IMJS,189,191,188,190,1036200
7/17/2025,IMPC,306,306,298,304,23704800
7/17/2025,INAF,0,0,0,0,0
7/17/2025,INAI,160,163,159,160,1709100
7/17/2025,INCF,23,24,23,24,224000
7/17/2025,INCI,595,595,590,595,61600
7/17/2025,INCO,3510,3510,3420,3420,7597400
7/17/2025,INCOBQCQ5A,0,0,0,0,0
7/17/2025,INCOBQCV5A,0,0,0,0,0
7/17/2025,INCODRCN5A,31,31,30,30,706300
7/17/2025,INCODRCQ5A,8,8,5,6,1917900
7/17/2025,INCODRCX5A,79,80,77,77,641300
7/17/2025,INCODRPV5A,56,56,56,56,100
7/17/2025,INCOHDCQ5A,91,91,83,84,225500
7/17/2025,INCOZPCX5A,0,0,0,0,0
7/17/2025,INDF,8350,8450,8175,8225,7185300
7/17/2025,INDFBQCV5A,0,0,0,0,0
7/17/2025,INDFDRCQ5A,34,34,34,34,100
7/17/2025,INDFDRCX6A,0,0,0,0,0
7/17/2025,INDFHDCQ5A,0,0,0,0,0
7/17/2025,INDO,204,206,199,200,4175900
7/17/2025,INDR,2440,2440,2300,2400,35600
7/17/2025,INDS,226,228,224,226,141800
7/17/2025,INDX,77,78,76,77,901500
7/17/2025,INDY,1350,1360,1335,1345,4316000
7/17/2025,INDYZPCG6A,0,0,0,0,0
7/17/2025,INET,236,264,232,242,598298100
7/17/2025,INET-W,140,157,137,150,48752000
7/17/2025,INKP,5700,5775,5700,5725,3163200
7/17/2025,INKPDRCF6A,100,100,100,100,100
7/17/2025,INKPDRCN5A,0,0,0,0,0
7/17/2025,INKPDRCQ5A,0,0,0,0,0
7/17/2025,INKPHDCQ5A,0,0,0,0,0
7/17/2025,INKPZPCF6A,0,0,0,0,0
7/17/2025,INOV,87,99,83,84,4030300
7/17/2025,INPC,157,158,154,155,4760300
7/17/2025,INPP,0,0,0,0,0
7/17/2025,INPS,123,126,122,124,1754800
7/17/2025,INRU,710,935,710,890,294900
7/17/2025,INTA,13,13,12,12,105600
7/17/2025,INTD,186,190,183,188,158500
7/17/2025,INTP,5425,5475,5150,5150,4753200
7/17/2025,INTPZPCG6A,39,39,38,38,185700
7/17/2025,IOTF,101,107,94,95,407816100
7/17/2025,IPAC,135,148,127,143,91400
7/17/2025,IPCC,1030,1070,1030,1050,1833900
7/17/2025,IPCM,276,278,274,276,883100
7/17/2025,IPOL,134,134,133,134,12700
7/17/2025,IPPE,0,0,0,0,0
7/17/2025,IPTV,26,26,25,26,2888000
7/17/2025,IRRA,420,422,414,416,1048100
7/17/2025,IRSX,42,42,41,41,18739900
7/17/2025,IRSX-W,1,1,1,1,90573100
7/17/2025,ISAP,11,12,11,11,11195500
7/17/2025,ISAP-W,3,4,3,4,425800
7/17/2025,ISAT,2100,2290,2100,2260,28948600
7/17/2025,ISATBQCU5A,0,0,0,0,0
7/17/2025,ISATDRCG6A,87,97,87,94,2328100
7/17/2025,ISATDRCX5A,61,69,61,67,854000
7/17/2025,ISATHDCQ5A,127,132,127,132,128400
7/17/2025,ISATZPCF6A,0,0,0,0,0
7/17/2025,ISEA,64,65,63,64,1825000
7/17/2025,ISSP,362,366,356,358,2517800
7/17/2025,ITIC,214,218,214,218,148700
7/17/2025,ITMA,795,825,750,770,42427100
7/17/2025,ITMG,22475,22525,22400,22450,614100
7/17/2025,JARR,390,412,390,404,14818600
7/17/2025,JAST,58,63,58,61,6968900
7/17/2025,JATI,156,163,153,159,42790700
7/17/2025,JAWA,144,148,141,146,3345500
7/17/2025,JAYA,95,96,93,94,351300
7/17/2025,JECC,815,845,815,835,41300
7/17/2025,JGLE,8,8,7,7,23781600
7/17/2025,JIHD,615,620,605,610,1028000
7/17/2025,JKON,79,79,76,79,13986000
7/17/2025,JKSW,0,0,0,0,0
7/17/2025,JMAS,130,142,129,133,13966700
7/17/2025,JPFA,1625,1695,1625,1690,46768700
7/17/2025,JPFABQCZ5A,95,95,95,95,1100
7/17/2025,JPFAHDCZ5A,163,170,163,170,1243400
7/17/2025,JPFAZPCG6A,90,91,90,91,8600
7/17/2025,JRPT,725,735,725,735,227900
7/17/2025,JSKY,0,0,0,0,0
7/17/2025,JSMR,3630,3660,3630,3660,1491300
7/17/2025,JSMRZPCG6A,0,0,0,0,0
7/17/2025,JSPT,4470,4800,4400,4600,37200
7/17/2025,JTPE,264,270,264,270,7813800
7/17/2025,KAEF,555,555,520,545,2231000
7/17/2025,KAQI,50,50,50,50,584300
7/17/2025,KARW,875,875,850,850,487600
7/17/2025,KAYU,0,0,0,0,0
7/17/2025,KBAG,33,34,33,34,697100
7/17/2025,KBLI,396,398,394,396,218400
7/17/2025,KBLM,304,308,304,306,11100
7/17/2025,KBLV,54,55,53,55,3529800
7/17/2025,KBRI,0,0,0,0,0
7/17/2025,KDSI,468,480,468,480,9700
7/17/2025,KDTN,119,124,118,123,17800
7/17/2025,KEEN,805,825,795,825,6306300
7/17/2025,KEJU,600,600,590,590,136400
7/17/2025,KETR,204,212,200,202,773500
7/17/2025,KIAS,21,21,20,20,129500
7/17/2025,KICI,113,117,113,114,301300
7/17/2025,KIJA,181,184,180,183,133737900
7/17/2025,KING,214,226,214,224,2927100
7/17/2025,KING-W,17,21,17,21,10548900
7/17/2025,KINO,1120,1135,1085,1090,2900
7/17/2025,KIOS,50,50,50,50,6900
7/17/2025,KJEN,100,124,100,113,11449600
7/17/2025,KKES,26,27,25,25,278100
7/17/2025,KKGI,364,366,362,362,2221700
7/17/2025,KLAS,143,145,139,144,15279300
7/17/2025,KLBF,1520,1525,1495,1505,16505200
7/17/2025,KLBFBQCV5A,0,0,0,0,0
7/17/2025,KLBFDRCG6A,55,55,53,53,200
7/17/2025,KLBFDRCN5A,50,50,50,50,100
7/17/2025,KLBFDRCQ5A,24,24,24,24,100
7/17/2025,KLBFHDCQ5A,0,0,0,0,0
7/17/2025,KLBFZPCF6A,0,0,0,0,0
7/17/2025,KLIN,133,134,130,132,69700
7/17/2025,KMDS,600,605,600,600,161100
7/17/2025,KMTR,270,270,262,268,25700
7/17/2025,KOBX,149,151,149,150,158500
7/17/2025,KOCI,52,52,51,51,2345200
7/17/2025,KOCI-W,6,6,5,6,868100
7/17/2025,KOIN,60,69,60,69,71500
7/17/2025,KOKA,69,69,68,69,1369100
7/17/2025,KONI,1285,1285,1220,1270,700
7/17/2025,KOPI,372,376,368,374,244000
7/17/2025,KOTA,18,18,18,18,618900
7/17/2025,KPAL,0,0,0,0,0
7/17/2025,KPAS,0,0,0,0,0
7/17/2025,KPIG,164,168,157,164,108384800
7/17/2025,KRAH,0,0,0,0,0
7/17/2025,KRAS,276,276,270,270,22864100
7/17/2025,KREN,9,10,9,10,980800
7/17/2025,KRYA,278,280,262,274,28949500
7/17/2025,KSIX,198,200,194,195,242700
7/17/2025,KUAS,51,51,50,51,107800
7/17/2025,LABA,0,0,0,0,0
7/17/2025,LABS,142,142,136,138,678800
7/17/2025,LAJU,50,50,50,50,105100
7/17/2025,LAND,22,22,21,21,1115200
7/17/2025,LAPD,31,31,31,31,3141200
7/17/2025,LCGP,0,0,0,0,0
7/17/2025,LCKM,202,216,202,204,18900
7/17/2025,LEAD,72,73,71,71,8358300
7/17/2025,LFLO,280,280,258,258,78200
7/17/2025,LIFE,6475,7250,6225,6675,2800
7/17/2025,LINK,1555,1555,1555,1555,20400
7/17/2025,LION,384,386,378,384,10100
7/17/2025,LIVE,140,141,137,139,588300
7/17/2025,LMAS,0,0,0,0,0
7/17/2025,LMAX,49,52,48,51,2165300
7/17/2025,LMPI,142,142,139,141,123600
7/17/2025,LMSH,0,0,0,0,0
7/17/2025,LOPI,36,39,35,39,18356800
7/17/2025,LPCK,468,480,468,474,194700
7/17/2025,LPGI,412,420,394,408,55900
7/17/2025,LPIN,370,374,368,372,198200
7/17/2025,LPKR,85,85,82,83,18045600
7/17/2025,LPLI,276,278,274,276,1584600
7/17/2025,LPPF,1705,1730,1700,1705,2423300
7/17/2025,LPPS,56,58,56,58,704300
7/17/2025,LRNA,140,150,140,146,593900
7/17/2025,LSIP,1355,1360,1325,1330,11598200
7/17/2025,LSIPZPCG6A,78,81,77,77,1000400
7/17/2025,LTLS,870,870,860,860,56000
7/17/2025,LUCK,66,67,65,66,430800
7/17/2025,LUCY,72,73,69,73,182000
7/17/2025,MABA,0,0,0,0,0
7/17/2025,MAGP,0,0,0,0,0
7/17/2025,MAHA,147,149,143,145,2431300
7/17/2025,MAIN,645,685,635,675,12756400
7/17/2025,MAMI,0,0,0,0,0
7/17/2025,MAMIP,0,0,0,0,0
7/17/2025,MANG,31,32,30,31,493500
7/17/2025,MANG-W,24,25,24,25,31100
7/17/2025,MAPA,705,715,680,685,21603700
7/17/2025,MAPAHDCZ5A,0,0,0,0,0
7/17/2025,MAPAZPCH6A,0,0,0,0,0
7/17/2025,MAPB,1640,1700,1640,1660,9200
7/17/2025,MAPI,1195,1210,1175,1185,32663700
7/17/2025,MAPIBQCV5A,26,27,25,25,67400
7/17/2025,MAPIDRCQ5A,14,16,14,15,372000
7/17/2025,MAPIDRCX5A,27,30,27,29,15700
7/17/2025,MAPIHDCQ5A,0,0,0,0,0
7/17/2025,MARI,23,23,23,23,3508500
7/17/2025,MARK,675,675,655,665,16040400
7/17/2025,MASA,0,0,0,0,0
7/17/2025,MASB,3300,3400,3290,3290,600
7/17/2025,MAXI,50,50,50,50,184300
7/17/2025,MAYA,179,180,177,180,1367500
7/17/2025,MBAP,1690,1690,1650,1680,91200
7/17/2025,MBMA,545,565,540,550,196028900
7/17/2025,MBMADRCQ5A,32,37,32,37,3853800
7/17/2025,MBMADRCX5A,67,67,62,64,1004200
7/17/2025,MBMAHDCQ5A,18,19,15,18,6937200
7/17/2025,MBMAZPCX5A,110,110,110,110,82000
7/17/2025,MBSS,1770,1780,1690,1750,2347900
7/17/2025,MBTO,86,88,86,87,411100
7/17/2025,MCAS,1090,1105,1080,1090,65200
7/17/2025,MCOL,4230,4230,4030,4050,92700
7/17/2025,MCOR,65,66,65,66,6177400
7/17/2025,MDIA,25,25,25,25,122100
7/17/2025,MDIY,1290,1300,1275,1285,1295300
7/17/2025,MDKA,2160,2220,2130,2210,51547300
7/17/2025,MDKABQCN5A,0,0,0,0,0
7/17/2025,MDKABQCV5A,95,96,95,96,5600
7/17/2025,MDKADRCN5A,1,2,1,1,4194500
7/17/2025,MDKADRCQ5A,23,27,23,25,1076000
7/17/2025,MDKADRCV5A,71,76,69,74,177000
7/17/2025,MDKAHDCU5A,160,160,160,160,100
7/17/2025,MDKAHDCZ5A,135,136,135,136,24400
7/17/2025,MDKAYUCQ5A,0,0,0,0,0
7/17/2025,MDKAZPCF6A,0,0,0,0,0
7/17/2025,MDKI,158,159,156,156,322200
7/17/2025,MDLA,192,192,189,191,5946100
7/17/2025,MDLN,51,51,50,50,3730700
7/17/2025,MDRN,7,7,7,7,1460100
7/17/2025,MEDC,1300,1335,1280,1325,62658300
7/17/2025,MEDCBQCV5A,100,100,100,100,1600
7/17/2025,MEDCBQCZ5A,53,58,53,58,21500
7/17/2025,MEDCDRCG6A,49,51,45,51,276800
7/17/2025,MEDCDRCN5A,4,5,3,4,1678400
7/17/2025,MEDCDRCQ5A,49,52,46,52,2591400
7/17/2025,MEDCDRPV5A,38,38,38,38,237900
7/17/2025,MEDCHDCQ5A,94,101,92,101,50100
7/17/2025,MEDCZPCF6A,45,46,45,46,14700
7/17/2025,MEDS,50,50,50,50,35000
7/17/2025,MEGA,3260,3260,3250,3250,3400
7/17/2025,MEJA,0,0,0,0,0
7/17/2025,MEJA-W,0,0,0,0,0
7/17/2025,MENN,46,47,44,46,13144700
7/17/2025,MERI,515,565,515,565,66092500
7/17/2025,MERK,2930,2950,2910,2930,26300
7/17/2025,META,0,0,0,0,0
7/17/2025,MFIN,880,980,880,880,12143300
7/17/2025,MFMI,0,0,0,0,0
7/17/2025,MGLV,484,484,484,484,413800
7/17/2025,MGNA,30,31,30,31,35800
7/17/2025,MGNA-W,19,19,19,19,400
7/17/2025,MGRO,705,715,695,715,4792100
7/17/2025,MHKI,127,129,125,126,904000
7/17/2025,MICE,478,480,458,480,16200
7/17/2025,MIDI,404,418,402,410,61921200
7/17/2025,MIKA,2490,2510,2470,2500,6481200
7/17/2025,MIKAZPCG6A,0,0,0,0,0
7/17/2025,MINA,87,89,82,84,160203100
7/17/2025,MINE,510,510,500,500,2375700
7/17/2025,MIRA,33,33,33,33,12251300
7/17/2025,MITI,184,184,180,183,237600
7/17/2025,MKAP,332,332,330,332,139000
7/17/2025,MKNT,0,0,0,0,0
7/17/2025,MKPI,22325,22350,22250,22350,9100
7/17/2025,MKTR,109,109,105,105,157600
7/17/2025,MKTR-W,5,6,5,6,195400
7/17/2025,MLBI,5750,5800,5700,5725,436700
7/17/2025,MLIA,322,324,316,320,4428000
7/17/2025,MLPL,107,107,103,105,36345900
7/17/2025,MLPT,31550,33025,31450,32000,18300
7/17/2025,MMIX,202,206,198,204,4651800
7/17/2025,MMLP,505,510,500,505,5242200
7/17/2025,MNCN,252,262,250,260,28046900
7/17/2025,MOLI,202,202,199,199,29600
7/17/2025,MORA,490,490,396,396,1328800
7/17/2025,MPIX,64,64,62,64,1291500
7/17/2025,MPIX-W,8,8,7,8,2100
7/17/2025,MPMX,975,980,970,975,1570600
7/17/2025,MPOW,114,118,113,115,2063300
7/17/2025,MPPA,64,65,62,63,40828400
7/17/2025,MPRO,2170,2200,2170,2200,1100
7/17/2025,MPXL,110,111,108,109,1158800
7/17/2025,MRAT,256,266,252,252,86700
7/17/2025,MREI,905,1075,905,1005,1999600
7/17/2025,MSIE,26,28,25,27,2189300
7/17/2025,MSIN,510,510,496,500,42270800
7/17/2025,MSJA,300,302,290,294,203300
7/17/2025,MSKY,53,54,53,54,2104200
7/17/2025,MSTI,1475,1475,1440,1450,2879400
7/17/2025,MTDL,570,575,560,560,4578300
7/17/2025,MTEL,590,610,585,610,20754600
7/17/2025,MTFN,5,5,4,5,16247100
7/17/2025,MTLA,460,460,448,456,9000
7/17/2025,MTMH,845,845,840,845,26400
7/17/2025,MTPS,43,43,42,42,90700
7/17/2025,MTRA,0,0,0,0,0
7/17/2025,MTSM,0,0,0,0,0
7/17/2025,MTWI,296,318,280,306,1948900
7/17/2025,MUTU,93,93,90,92,1509100
7/17/2025,MUTU-W,1,1,1,1,1532900
7/17/2025,MYOH,1710,1715,1695,1715,66900
7/17/2025,MYOR,2020,2050,1990,2030,10962800
7/17/2025,MYORZPCH6A,0,0,0,0,0
7/17/2025,MYRX,0,0,0,0,0
7/17/2025,MYRXP,0,0,0,0,0
7/17/2025,MYTX,0,0,0,0,0
7/17/2025,NAIK,160,166,157,165,14602700
7/17/2025,NAIK-W,32,35,30,34,8171400
7/17/2025,NANO,23,24,22,22,36936300
7/17/2025,NASA,16,16,16,16,765800
7/17/2025,NASI,84,84,82,83,4264200
7/17/2025,NATO,147,147,139,140,880900
7/17/2025,NAYZ,42,42,41,42,576100
7/17/2025,NCKL,680,685,670,675,21946500
7/17/2025,NELY,362,364,360,364,146400
7/17/2025,NEST,300,306,296,300,3863200
7/17/2025,NETV,149,150,146,148,1496400
7/17/2025,NFCX,1715,1740,1700,1715,71300
7/17/2025,NICE,480,484,472,476,8257200
7/17/2025,NICK,1260,1350,1220,1310,9000
7/17/2025,NICL,990,1010,975,995,3137600
7/17/2025,NIKL,236,244,230,236,1980900
7/17/2025,NINE,66,70,63,67,45445900
7/17/2025,NIPS,0,0,0,0,0
7/17/2025,NIRO,121,122,120,121,39800
7/17/2025,NISP,1350,1350,1340,1345,1996400
7/17/2025,NOBU,585,585,565,580,4571100
7/17/2025,NPGF,44,48,44,48,5676100
7/17/2025,NRCA,745,815,595,815,105208700
7/17/2025,NSSS,342,354,342,346,4613700
7/17/2025,NTBK,50,50,50,50,300
7/17/2025,NUSA,0,0,0,0,0
7/17/2025,NZIA,86,88,85,86,1129400
7/17/2025,OASA,189,189,173,178,131820200
7/17/2025,OBAT,362,378,358,372,4410800
7/17/2025,OBAT-W,45,45,43,45,4641400
7/17/2025,OBMD,193,197,191,194,1310400
7/17/2025,OCAP,0,0,0,0,0
7/17/2025,OILS,103,106,101,102,630400
7/17/2025,OKAS,150,199,150,199,68905300
7/17/2025,OLIV,24,24,24,24,9678700
7/17/2025,OMED,174,175,173,175,656600
7/17/2025,OMRE,426,456,420,456,18100
7/17/2025,OPMS,70,75,68,70,16457000
7/17/2025,PACK,3710,3790,3600,3630,4301600
7/17/2025,PADA,14,15,14,15,585100
7/17/2025,PADI,31,32,31,32,791100
7/17/2025,PALM,344,350,340,340,170500
7/17/2025,PAMG,91,99,91,93,517259600
7/17/2025,PANI,14600,14750,14375,14575,5550600
7/17/2025,PANIHDCZ5A,216,220,212,216,223200
7/17/2025,PANR,1085,1090,1070,1070,9054400
7/17/2025,PANS,1450,1450,1440,1445,48300
7/17/2025,PART,114,125,112,115,39072400
7/17/2025,PART-W,18,20,18,19,11972400
7/17/2025,PBID,500,505,498,500,662700
7/17/2025,PBRX,21,21,21,21,8903500
7/17/2025,PBSA,366,372,362,370,2667200
7/17/2025,PCAR,27,28,27,28,706800
7/17/2025,PDES,448,450,448,450,4200
7/17/2025,PDPP,500,510,496,500,227200
7/17/2025,PEGE,108,145,106,145,52805000
7/17/2025,PEHA,310,322,310,314,8800
7/17/2025,PEVE,334,358,328,354,2269300
7/17/2025,PGAS,1575,1585,1565,1575,19127500
7/17/2025,PGASBQCU5A,0,0,0,0,0
7/17/2025,PGASBQCZ5A,60,61,60,61,3600
7/17/2025,PGASDRCG6A,63,64,62,64,73100
7/17/2025,PGASDRCN5A,28,31,28,31,200
7/17/2025,PGASDRCQ5A,25,25,25,25,100
7/17/2025,PGASHDCQ5A,0,0,0,0,0
7/17/2025,PGASYUCQ5A,63,63,63,63,100
7/17/2025,PGEO,1575,1710,1570,1630,194540300
7/17/2025,PGEODRCN5A,103,132,103,115,1004800
7/17/2025,PGEODRCQ5A,111,131,111,119,903100
7/17/2025,PGEODRPV5A,31,33,30,33,2713700
7/17/2025,PGEOHDCQ5A,117,132,115,124,639000
7/17/2025,PGJO,0,0,0,0,0
7/17/2025,PGLI,139,142,135,135,77900
7/17/2025,PGUN,560,560,535,555,8900
7/17/2025,PICO,128,133,127,129,830100
7/17/2025,PIPA,63,70,63,70,39487600
7/17/2025,PJAA,484,486,480,484,63900
7/17/2025,PKPK,655,655,610,635,137300
7/17/2025,PLAN,41,41,39,40,228100
7/17/2025,PLAS,0,0,0,0,0
7/17/2025,PLIN,0,0,0,0,0
7/17/2025,PMJS,129,129,118,124,295100
7/17/2025,PMMP,0,0,0,0,0
7/17/2025,PMUI,130,135,126,128,24769200
7/17/2025,PNBN,1135,1145,1130,1135,3454800
7/17/2025,PNBS,50,50,50,50,23800
7/17/2025,PNGO,1805,1985,1785,1855,73500
7/17/2025,PNIN,905,920,895,910,116500
7/17/2025,PNLF,258,260,252,256,59319000
7/17/2025,PNLFHDCZ5A,0,0,0,0,0
7/17/2025,PNLFYUCV5A,0,0,0,0,0
7/17/2025,PNLFZPCH6A,0,0,0,0,0
7/17/2025,PNSE,925,950,785,810,1138300
7/17/2025,POLA,17,17,17,17,1098300
7/17/2025,POLI,0,0,0,0,0
7/17/2025,POLL,0,0,0,0,0
7/17/2025,POLU,0,0,0,0,0
7/17/2025,POLY,19,19,19,19,1100
7/17/2025,POOL,0,0,0,0,0
7/17/2025,PORT,885,885,870,875,9000
7/17/2025,POSA,0,0,0,0,0
7/17/2025,POWR,690,695,685,690,1706100
7/17/2025,PPGL,99,99,97,98,127700
7/17/2025,PPRE,60,60,58,59,1252700
7/17/2025,PPRI,157,159,150,157,611400
7/17/2025,PPRO,0,0,0,0,0
7/17/2025,PRAS,0,0,0,0,0
7/17/2025,PRAY,600,615,600,615,21200
7/17/2025,PRDA,2810,2810,2790,2800,493100
7/17/2025,PRIM,59,60,59,59,1046900
7/17/2025,PSAB,450,476,446,462,199535900
7/17/2025,PSAT,2450,2950,2450,2610,53768700
7/17/2025,PSDN,75,76,74,74,166600
7/17/2025,PSGO,170,187,167,176,2509700
7/17/2025,PSKT,34,35,34,34,1378900
7/17/2025,PSSI,346,350,342,346,75400
7/17/2025,PTBA,2470,2480,2440,2440,12575300
7/17/2025,PTBABQCV5A,0,0,0,0,0
7/17/2025,PTBADRCG6A,0,0,0,0,0
7/17/2025,PTBADRCN5A,0,0,0,0,0
7/17/2025,PTBADRCQ5A,20,22,20,22,200
7/17/2025,PTBAHDCQ5A,0,0,0,0,0
7/17/2025,PTBAZPCH6A,0,0,0,0,0
7/17/2025,PTDU,0,0,0,0,0
7/17/2025,PTIS,358,382,350,358,23400
7/17/2025,PTMP,98,100,95,95,22001700
7/17/2025,PTMR,0,0,0,0,0
7/17/2025,PTPP,432,440,426,434,22399500
7/17/2025,PTPS,94,126,94,112,272770500
7/17/2025,PTPW,935,940,935,935,24200
7/17/2025,PTRO,4170,4280,4130,4180,100951900
7/17/2025,PTSN,216,220,210,216,675400
7/17/2025,PTSP,1020,1020,960,1010,79100
7/17/2025,PUDP,210,224,210,214,33200
7/17/2025,PURA,13,14,13,14,2467500
7/17/2025,PURE,0,0,0,0,0
7/17/2025,PURI,185,188,178,186,301500
7/17/2025,PWON,366,370,364,370,23020400
7/17/2025,PWONHDCZ5A,0,0,0,0,0
7/17/2025,PWONZPCH6A,0,0,0,0,0
7/17/2025,PYFA,316,318,304,312,123315800
7/17/2025,PYFA-W,87,90,79,83,2585000
7/17/2025,PZZA,160,164,160,161,403400
7/17/2025,R-ABFII,0,0,0,0,0
7/17/2025,R-LQ45X,963,966,955,961,8200
7/17/2025,RAAM,280,288,276,288,11820700
7/17/2025,RAFI,0,0,0,0,0
7/17/2025,RAJA,2620,2670,2590,2590,21469100
7/17/2025,RALS,402,404,398,400,2592400
7/17/2025,RANC,420,420,418,418,21900
7/17/2025,RATU,7500,7625,7350,7400,7633700
7/17/2025,RBMS,24,24,24,24,64100
7/17/2025,RCCC,105,115,105,106,1434400
7/17/2025,RDTX,12150,12250,12150,12200,700
7/17/2025,REAL,43,43,43,43,3998200
7/17/2025,RELF,19,19,18,18,1680300
7/17/2025,RELI,440,550,440,454,184500
7/17/2025,RGAS,129,129,126,128,11635100
7/17/2025,RICY,36,36,36,36,999400
7/17/2025,RIGS,790,795,770,795,257400
7/17/2025,RIMO,0,0,0,0,0
7/17/2025,RISE,1045,1050,1040,1050,573200
7/17/2025,RMKE,515,515,505,515,614100
7/17/2025,RMKO,99,101,97,99,481200
7/17/2025,ROCK,228,228,228,228,300
7/17/2025,RODA,37,37,37,37,8600
7/17/2025,RONY,0,0,0,0,0
7/17/2025,ROTI,825,835,820,825,1011300
7/17/2025,RSCH,448,466,446,460,7151000
7/17/2025,RSGK,0,0,0,0,0
7/17/2025,RUIS,187,194,187,190,1459500
7/17/2025,RUNS,51,52,49,50,92300
7/17/2025,SAFE,278,280,242,250,3092400
7/17/2025,SAGE,12,12,12,12,2977800
7/17/2025,SAME,248,248,246,248,290700
7/17/2025,SAMF,336,338,332,334,85500
7/17/2025,SAPX,310,330,310,314,589400
7/17/2025,SATU,232,234,230,232,4404000
7/17/2025,SBAT,0,0,0,0,0
7/17/2025,SBMA,118,119,117,118,306800
7/17/2025,SCCO,2170,2200,2150,2190,32100
7/17/2025,SCMA,166,173,163,171,187495500
7/17/2025,SCMABQCZ5A,0,0,0,0,0
7/17/2025,SCMAHDCZ5A,119,119,118,118,16700
7/17/2025,SCMAZPCG6A,56,56,55,55,3000
7/17/2025,SCNP,157,159,152,156,103900
7/17/2025,SCPI,0,0,0,0,0
7/17/2025,SDMU,44,44,44,44,3228400
7/17/2025,SDPC,127,130,127,130,45500
7/17/2025,SDRA,296,300,292,298,390600
7/17/2025,SEMA,84,85,82,85,696800
7/17/2025,SFAN,1910,1920,1910,1920,104900
7/17/2025,SGER,332,340,328,338,11169200
7/17/2025,SGRO,2670,2780,2670,2690,597800
7/17/2025,SHID,975,1070,940,940,220300
7/17/2025,SHIP,3000,3110,3000,3050,32300
7/17/2025,SICO,108,116,107,114,7640600
7/17/2025,SIDO,505,510,505,505,18115800
7/17/2025,SILO,2190,2210,2160,2170,680600
7/17/2025,SIMA,0,0,0,0,0
7/17/2025,SIMP,535,550,530,545,17424800
7/17/2025,SINI,3290,3290,3050,3070,186400
7/17/2025,SIPD,715,715,715,715,1000
7/17/2025,SKBM,342,356,338,338,47900
7/17/2025,SKLT,194,195,188,192,78400
7/17/2025,SKRN,432,438,430,436,89600
7/17/2025,SKYB,0,0,0,0,0
7/17/2025,SLIS,50,50,50,50,4700
7/17/2025,SLIS-W,7,7,7,7,200
7/17/2025,SMAR,3540,3590,3540,3590,33000
7/17/2025,SMBR,296,300,288,290,26226600
7/17/2025,SMCB,0,0,0,0,0
7/17/2025,SMDM,825,835,815,830,116000
7/17/2025,SMDR,330,330,322,328,8654300
7/17/2025,SMGA,80,81,79,79,38991400
7/17/2025,SMGR,2800,2800,2690,2700,8515600
7/17/2025,SMGRBQCU5A,23,24,21,21,35800
7/17/2025,SMGRBQCZ5A,0,0,0,0,0
7/17/2025,SMGRDRCN5A,0,0,0,0,0
7/17/2025,SMGRDRCQ5A,5,5,5,5,489900
7/17/2025,SMGRDRCV5A,63,63,59,59,23500
7/17/2025,SMGRHDCZ5A,0,0,0,0,0
7/17/2025,SMIL,244,256,242,256,104724500
7/17/2025,SMKL,159,160,157,158,95300
7/17/2025,SMKM,72,73,68,72,12104500
7/17/2025,SMLE,127,130,126,129,2503100
7/17/2025,SMMA,0,0,0,0,0
7/17/2025,SMMT,840,850,835,840,62200
7/17/2025,SMRA,398,400,388,392,56323200
7/17/2025,SMRAHDCZ5A,0,0,0,0,0
7/17/2025,SMRAZPCH6A,52,52,52,52,1000
7/17/2025,SMRU,0,0,0,0,0
7/17/2025,SMSM,1900,1905,1880,1900,409100
7/17/2025,SNLK,545,545,525,530,6748900
7/17/2025,SOCI,175,175,172,174,2172900
7/17/2025,SOFA,45,47,44,47,5427700
7/17/2025,SOHO,690,695,690,690,7600
7/17/2025,SOLA,120,124,116,124,33416000
7/17/2025,SONA,3250,3400,3250,3300,12800
7/17/2025,SOSS,430,432,422,422,18800
7/17/2025,SOTS,274,284,244,244,91100
7/17/2025,SOUL,37,37,36,37,1020400
7/17/2025,SPMA,262,262,260,260,16900
7/17/2025,SPRE,84,90,80,90,9551300
7/17/2025,SPTO,665,665,655,665,150400
7/17/2025,SQMI,0,0,0,0,0
7/17/2025,SRAJ,4460,4510,4430,4500,1179400
7/17/2025,SRIL,0,0,0,0,0
7/17/2025,SRSN,50,50,50,50,246900
7/17/2025,SRTG,1690,1770,1680,1765,13504100
7/17/2025,SRTGZPCG6A,0,0,0,0,0
7/17/2025,SSIA,2600,2680,2530,2640,100990200
7/17/2025,SSMS,1375,1445,1370,1420,9623400
7/17/2025,SSTM,168,172,167,172,24000
7/17/2025,STAA,795,800,785,800,13558300
7/17/2025,STAR,31,31,30,30,155300
7/17/2025,STRK,88,97,86,91,150465800
7/17/2025,STTP,10275,10450,10275,10425,600
7/17/2025,SUGI,0,0,0,0,0
7/17/2025,SULI,103,110,103,106,953800
7/17/2025,SUNI,870,870,840,865,851500
7/17/2025,SUPR,0,0,0,0,0
7/17/2025,SURE,3000,3750,2690,2740,421200
7/17/2025,SURI,110,112,104,109,61968500
7/17/2025,SWAT,0,0,0,0,0
7/17/2025,SWID,60,61,60,60,226700
7/17/2025,TALF,300,300,282,292,3100
7/17/2025,TAMA,25,25,25,25,492100
7/17/2025,TAMU,14,15,14,15,2830600
7/17/2025,TAPG,1270,1290,1250,1285,20450100
7/17/2025,TAPGZPCH6A,63,65,63,65,12300
7/17/2025,TARA,10,10,9,9,279400
7/17/2025,TAXI,6,7,6,6,10416100
7/17/2025,TAYS,50,50,50,50,28100
7/17/2025,TBIG,1995,2020,1975,2020,211400
7/17/2025,TBLA,855,865,845,860,5972300
7/17/2025,TBMS,1195,1310,1135,1215,879100
7/17/2025,TCID,2240,2450,2240,2320,2700
7/17/2025,TCPI,5725,5725,5425,5550,10274800
7/17/2025,TDPM,0,0,0,0,0
7/17/2025,TEBE,740,855,740,850,14991600
7/17/2025,TECH,0,0,0,0,0
7/17/2025,TELE,0,0,0,0,0
7/17/2025,TFAS,135,137,132,135,602200
7/17/2025,TFCO,0,0,0,0,0
7/17/2025,TGKA,6050,6050,6050,6050,200
7/17/2025,TGRA,0,0,0,0,0
7/17/2025,TGUK,0,0,0,0,0
7/17/2025,TIFA,685,730,590,670,6400
7/17/2025,TINS,1020,1025,1015,1020,8719600
7/17/2025,TIRA,1730,1785,1680,1785,93200
7/17/2025,TIRT,0,0,0,0,0
7/17/2025,TKIM,5525,5600,5500,5525,858700
7/17/2025,TKIMZPCG6A,0,0,0,0,0
7/17/2025,TLDN,585,590,580,590,454000
7/17/2025,TLKM,2700,2770,2660,2770,102642100
7/17/2025,TLKMBQCQ5A,41,42,41,42,5200
7/17/2025,TLKMBQCV5A,0,0,0,0,0
7/17/2025,TLKMDRCQ5A,35,36,35,36,200
7/17/2025,TLKMDRCQ5B,72,82,72,82,38100
7/17/2025,TLKMDRCX6A,0,0,0,0,0
7/17/2025,TLKMHDCQ5A,36,36,36,36,100
7/17/2025,TLKMHDCV5A,0,0,0,0,0
7/17/2025,TLKMYUCQ5A,68,80,68,80,300
7/17/2025,TLKMZPCF6A,0,0,0,0,0
7/17/2025,TMAS,131,132,129,129,1112100
7/17/2025,TMPO,148,158,146,154,5302200
7/17/2025,TNCA,145,146,136,145,426800
7/17/2025,TOBA,815,940,815,925,393634100
7/17/2025,TOOL,50,51,50,51,264200
7/17/2025,TOPS,0,0,0,0,0
7/17/2025,TOSK,50,50,50,50,52300
7/17/2025,TOTL,730,745,730,735,3192100
7/17/2025,TOTO,230,232,228,232,572100
7/17/2025,TOWR,580,590,570,590,41002500
7/17/2025,TOYS,0,0,0,0,0
7/17/2025,TPIA,9600,9750,9550,9675,12986600
7/17/2025,TPMA,585,600,585,600,7215800
7/17/2025,TRAM,0,0,0,0,0
7/17/2025,TRGU,177,180,172,180,71300
7/17/2025,TRIL,0,0,0,0,0
7/17/2025,TRIM,348,350,346,350,89300
7/17/2025,TRIN,105,105,101,104,271800
7/17/2025,TRIN-W2,0,0,0,0,0
7/17/2025,TRIO,0,0,0,0,0
7/17/2025,TRIS,179,179,162,171,727500
7/17/2025,TRJA,137,138,132,136,368600
7/17/2025,TRON,102,104,101,103,602200
7/17/2025,TRST,500,500,476,496,2400
7/17/2025,TRUE,17,17,16,17,200400
7/17/2025,TRUK,145,161,142,151,23384800
7/17/2025,TRUS,422,505,422,452,168300
7/17/2025,TSPC,2330,2330,2300,2300,1067000
7/17/2025,TUGU,980,990,975,980,1485300
7/17/2025,TYRE,129,135,129,132,364100
7/17/2025,UANG,206,208,204,206,266500
7/17/2025,UCID,494,500,494,496,873600
7/17/2025,UDNG,1170,1280,1060,1155,1218600
7/17/2025,UFOE,178,178,176,177,86100
7/17/2025,ULTJ,1315,1325,1300,1300,5088900
7/17/2025,UNIC,8025,8025,7800,7875,2500
7/17/2025,UNIQ,376,386,374,376,41520400
7/17/2025,UNIT,0,0,0,0,0
7/17/2025,UNSP,120,121,120,121,1100
7/17/2025,UNTD,78,78,75,78,9666400
7/17/2025,UNTR,22600,22600,22400,22600,2291500
7/17/2025,UNTRBQCV5A,0,0,0,0,0
7/17/2025,UNTRDRCG6A,110,110,107,109,10300
7/17/2025,UNTRDRCN5A,0,0,0,0,0
7/17/2025,UNTRDRCQ5A,0,0,0,0,0
7/17/2025,UNTRHDCQ5A,0,0,0,0,0
7/17/2025,UNVR,1560,1610,1550,1575,24874600
7/17/2025,UNVRBQCQ5A,11,17,11,13,25216600
7/17/2025,UNVRBQCU5A,27,28,27,28,4000000
7/17/2025,UNVRBQCZ5A,0,0,0,0,0
7/17/2025,UNVRDRCG6A,0,0,0,0,0
7/17/2025,UNVRDRCN5A,0,0,0,0,0
7/17/2025,UNVRDRCQ5A,5,5,5,5,90000
7/17/2025,UNVRHDCQ5A,0,0,0,0,0
7/17/2025,UNVRZPCH6A,0,0,0,0,0
7/17/2025,URBN,130,148,129,130,2954100
7/17/2025,UVCR,75,77,75,75,5098800
7/17/2025,VAST,165,175,159,173,9387500
7/17/2025,VAST-W,15,15,14,15,9861100
7/17/2025,VERN,121,123,119,121,1293500
7/17/2025,VERN-W,4,4,3,3,896800
7/17/2025,VICI,635,640,630,635,284400
7/17/2025,VICO,160,167,159,159,3129000
7/17/2025,VINS,110,113,110,112,94200
7/17/2025,VISI,153,156,153,154,1887900
7/17/2025,VIVA,12,13,12,13,4237800
7/17/2025,VKTR,86,89,86,86,20358300
7/17/2025,VOKS,194,194,191,193,14500
7/17/2025,VRNA,73,74,73,73,56800
7/17/2025,VTNY,112,114,111,113,7354000
7/17/2025,WAPO,149,153,148,148,1265300
7/17/2025,WEGE,50,50,50,50,1143400
7/17/2025,WEHA,114,118,114,116,3507200
7/17/2025,WGSH,169,173,169,169,460900
7/17/2025,WICO,0,0,0,0,0
7/17/2025,WIDI,19,20,19,19,4620700
7/17/2025,WIFI,2060,2230,2060,2200,178790400
7/17/2025,WIIM,845,875,845,860,2917600
7/17/2025,WIKA,0,0,0,0,0
7/17/2025,WINE,236,238,232,234,94100
7/17/2025,WINR,26,27,26,27,1134900
7/17/2025,WINS,388,394,386,386,1864100
7/17/2025,WIRG,91,97,90,94,321755700
7/17/2025,WMPP,0,0,0,0,0
7/17/2025,WMUU,15,15,15,15,136086200
7/17/2025,WOMF,354,354,346,346,38900
7/17/2025,WOOD,412,422,410,416,4905800
7/17/2025,WOWS,58,58,57,57,545500
7/17/2025,WSBP,13,13,13,13,12587900
7/17/2025,WSKT,0,0,0,0,0
7/17/2025,WTON,98,98,96,98,4703100
7/17/2025,XAQA,0,0,0,0,0
7/17/2025,XBES,1037,1037,1037,1037,10000
7/17/2025,XBID,501,502,501,502,40100
7/17/2025,XBIG,0,0,0,0,0
7/17/2025,XBIN,563,563,563,563,40000
7/17/2025,XBLQ,0,0,0,0,0
7/17/2025,XBNI,1006,1007,1005,1007,1800
7/17/2025,XBSK,434,434,434,434,40000
7/17/2025,XCEG,0,0,0,0,0
7/17/2025,XCID,58,59,58,59,1300
7/17/2025,XCIS,51,51,51,51,2300
7/17/2025,XCLQ,87,87,87,87,6200
7/17/2025,XDIF,0,0,0,0,0
7/17/2025,XIFE,107,107,107,107,100
7/17/2025,XIHD,605,613,605,613,800
7/17/2025,XIIC,0,0,0,0,0
7/17/2025,XIID,0,0,0,0,0
7/17/2025,XIIF,461,462,460,462,2300
7/17/2025,XIIT,500,505,500,500,1800
7/17/2025,XIJI,595,595,595,595,10200
7/17/2025,XILV,0,0,0,0,0
7/17/2025,XIML,252,252,250,250,1800
7/17/2025,XIPB,198,198,198,198,200
7/17/2025,XIPI,217,217,215,217,81300
7/17/2025,XISB,530,530,530,530,100
7/17/2025,XISC,0,0,0,0,0
7/17/2025,XISI,338,338,338,338,200
7/17/2025,XISR,429,429,429,429,200
7/17/2025,XKID,932,932,932,932,100
7/17/2025,XKIV,539,539,539,539,40000
7/17/2025,XKMS,1143,1146,1141,1146,200100
7/17/2025,XMGB,1100,1100,1100,1100,100
7/17/2025,XMIG,213,213,213,213,200000
7/17/2025,XMLF,869,869,869,869,40000
7/17/2025,XMSK,374,374,372,372,200
7/17/2025,XNVE,0,0,0,0,0
7/17/2025,XPDV,0,0,0,0,0
7/17/2025,XPFT,0,0,0,0,0
7/17/2025,XPIN,610,615,610,615,1700
7/17/2025,XPLQ,483,483,483,483,1500
7/17/2025,XPSG,0,0,0,0,0
7/17/2025,XPTD,0,0,0,0,0
7/17/2025,XSBC,27,35,27,35,78600
7/17/2025,XSPI,0,0,0,0,0
7/17/2025,XSSI,52,52,50,52,109100
7/17/2025,XSSK,674,674,674,674,20000
7/17/2025,YELO,19,19,19,19,808200
7/17/2025,YOII,93,94,91,94,4946900
7/17/2025,YPAS,354,354,354,354,300
7/17/2025,YULE,2660,2660,2660,2660,100
7/17/2025,YUPI,1845,1850,1800,1835,103800
7/17/2025,ZATA,9,9,9,9,4694300
7/17/2025,ZBRA,0,0,0,0,0
7/17/2025,ZINC,13,13,12,12,15663900
7/17/2025,ZONE,805,805,800,805,148000
7/17/2025,ZYRX,132,138,130,135,1097200
