<date>,<ticker>,<open>,<high>,<low>,<close>,<volume>
9/9/2025,IHSG,7748.512,7791.334,7619.717,7628.605,37573354600
9/9/2025,IDX30,0.000,0.000,0.000,0.000,0
9/9/2025,IDX80,0.000,0.000,0.000,0.000,0
9/9/2025,AADI,7050,7200,6950,7025,12840500
9/9/2025,AADIHDCK6A,78,79,76,76,29200
9/9/2025,AALI,7275,7425,7175,7425,2361100
9/9/2025,ABBA,42,43,42,43,1088100
9/9/2025,ABDA,0,0,0,0,0
9/9/2025,ABMM,2940,2970,2880,2910,1209600
9/9/2025,ACES,430,432,420,424,78211300
9/9/2025,ACESBQCV5A,1,2,1,1,10510500
9/9/2025,ACESBQCX5B,20,20,9,9,200200
9/9/2025,ACESBQCZ5A,0,0,0,0,0
9/9/2025,ACESDRCJ6A,0,0,0,0,0
9/9/2025,ACESHDCZ5A,0,0,0,0,0
9/9/2025,ACESZPCJ6A,20,20,20,20,2600
9/9/2025,ACRO,83,85,79,80,10244900
9/9/2025,ACRO-W,12,12,10,10,15079200
9/9/2025,ACST,139,140,126,135,8490200
9/9/2025,ADCP,62,64,57,58,105153300
9/9/2025,ADES,13350,13400,13025,13300,33000
9/9/2025,ADHI,282,290,274,278,27529500
9/9/2025,ADMF,8900,8950,8850,8875,94300
9/9/2025,ADMG,147,148,141,144,1090700
9/9/2025,ADMR,995,1015,980,990,18539200
9/9/2025,ADMRDRCJ6A,29,31,29,30,2761300
9/9/2025,ADMRHDCJ6A,0,0,0,0,0
9/9/2025,ADMRZPCH6A,0,0,0,0,0
9/9/2025,ADRO,1720,1740,1685,1685,82607000
9/9/2025,ADROBQCU5A,2,2,1,1,216200
9/9/2025,ADROBQCZ5A,15,15,15,15,200
9/9/2025,ADRODRCJ6A,54,54,54,54,685000
9/9/2025,ADRODRCX5A,35,36,32,33,294200
9/9/2025,ADROHDCZ5A,51,51,51,51,7500
9/9/2025,ADROHDPH6A,130,133,130,133,178800
9/9/2025,ADROYUCZ5A,0,0,0,0,0
9/9/2025,ADROZPCF6A,0,0,0,0,0
9/9/2025,AEGS,42,42,38,39,52568300
9/9/2025,AGAR,240,252,240,250,35500
9/9/2025,AGII,805,805,770,775,925300
9/9/2025,AGRO,226,230,220,226,13188400
9/9/2025,AGRS,75,75,72,74,9567700
9/9/2025,AHAP,77,81,73,76,60600300
9/9/2025,AIMS,298,320,298,320,2700
9/9/2025,AISA,121,121,118,119,7599500
9/9/2025,AKKU,0,0,0,0,0
9/9/2025,AKPI,570,570,560,570,12700
9/9/2025,AKRA,1220,1235,1200,1220,9571700
9/9/2025,AKRABQCX5B,0,0,0,0,0
9/9/2025,AKRADRCX5A,0,0,0,0,0
9/9/2025,AKRAHDCH6A,0,0,0,0,0
9/9/2025,AKRAZPCJ6A,49,49,49,49,100
9/9/2025,AKRAZPCX5A,0,0,0,0,0
9/9/2025,AKSI,244,244,230,240,253300
9/9/2025,ALDO,498,498,480,490,83600
9/9/2025,ALII,535,560,535,545,2969000
9/9/2025,ALKA,316,318,312,318,1100
9/9/2025,ALMI,0,0,0,0,0
9/9/2025,ALTO,0,0,0,0,0
9/9/2025,AMAG,372,372,358,362,110800
9/9/2025,AMAN,121,124,117,117,2249400
9/9/2025,AMAR,204,212,202,206,717800
9/9/2025,AMFG,3350,3360,3210,3290,17500
9/9/2025,AMIN,220,274,214,274,12664800
9/9/2025,AMMN,8050,8100,7725,7725,20451000
9/9/2025,AMMNBQCZ5A,37,37,33,33,780000
9/9/2025,AMMNDRCJ6A,65,65,64,64,3600
9/9/2025,AMMNHDCH6A,0,0,0,0,0
9/9/2025,AMMNZPCG6A,0,0,0,0,0
9/9/2025,AMMS,234,234,194,234,10675100
9/9/2025,AMOR,474,492,468,470,198200
9/9/2025,AMRT,2080,2090,2030,2050,33335200
9/9/2025,AMRTBQCU5A,2,2,1,2,4562600
9/9/2025,AMRTDRCZ5A,0,0,0,0,0
9/9/2025,AMRTHDCJ6A,21,21,21,21,30000
9/9/2025,AMRTZPCX5A,0,0,0,0,0
9/9/2025,ANDI,26,30,26,30,90170600
9/9/2025,ANJT,1795,1800,1790,1795,4132700
9/9/2025,ANTM,3680,3930,3590,3660,514308300
9/9/2025,ANTMBQCU5A,0,0,0,0,0
9/9/2025,ANTMBQCX5A,140,146,119,119,2232000
9/9/2025,ANTMBQCZ5A,0,0,0,0,0
9/9/2025,ANTMDRCG6A,86,91,74,76,2167400
9/9/2025,ANTMDRCX5A,432,440,432,438,20000
9/9/2025,ANTMDRPU5A,0,0,0,0,0
9/9/2025,ANTMDRPU5B,0,0,0,0,0
9/9/2025,ANTMHDCH6A,138,140,127,127,12800
9/9/2025,ANTMHDCH6B,199,199,187,187,100100
9/9/2025,ANTMHDCU5A,216,296,185,204,509100
9/9/2025,ANTMHDPH6A,49,59,49,57,792600
9/9/2025,ANTMZPCJ6A,127,136,118,118,2206900
9/9/2025,ANTMZPCX5A,300,300,300,300,600
9/9/2025,APEX,119,123,117,119,13487100
9/9/2025,APIC,1115,1130,1105,1125,4459300
9/9/2025,APII,179,182,176,179,228100
9/9/2025,APLI,474,474,472,472,2400
9/9/2025,APLN,104,105,100,102,20262000
9/9/2025,ARCI,915,975,905,940,187766800
9/9/2025,AREA,520,520,498,510,1321200
9/9/2025,ARGO,1305,1320,1275,1300,25900
9/9/2025,ARII,264,264,250,252,25400
9/9/2025,ARKA,38,38,37,37,5943600
9/9/2025,ARKO,1310,1375,1210,1230,943400
9/9/2025,ARMY,0,0,0,0,0
9/9/2025,ARNA,555,560,550,560,3826400
9/9/2025,ARTA,3290,3340,3220,3240,800
9/9/2025,ARTI,0,0,0,0,0
9/9/2025,ARTO,2000,2050,1920,1970,11458900
9/9/2025,ARTOBQCU5A,2,2,1,1,17216800
9/9/2025,ARTOBQCX5B,0,0,0,0,0
9/9/2025,ARTOBQCZ5A,16,16,13,13,330400
9/9/2025,ARTODRCK6A,67,67,61,61,314500
9/9/2025,ARTODRCX5A,39,39,39,39,100
9/9/2025,ARTOHDCZ5A,0,0,0,0,0
9/9/2025,ARTOZPCX5A,0,0,0,0,0
9/9/2025,ASBI,436,494,430,438,28900
9/9/2025,ASDM,535,540,525,530,6200
9/9/2025,ASGR,1205,1235,1205,1220,1191300
9/9/2025,ASHA,42,42,42,42,21581000
9/9/2025,ASII,5400,5600,5350,5525,49240100
9/9/2025,ASIIBQCU5A,30,35,30,35,115600
9/9/2025,ASIIBQCZ5A,0,0,0,0,0
9/9/2025,ASIIDRCX5A,0,0,0,0,0
9/9/2025,ASIIDRCX6A,0,0,0,0,0
9/9/2025,ASIIHDCZ5A,0,0,0,0,0
9/9/2025,ASIIZPCJ6A,0,0,0,0,0
9/9/2025,ASJT,111,119,101,110,1362300
9/9/2025,ASLC,96,104,92,100,243343800
9/9/2025,ASLI,0,0,0,0,0
9/9/2025,ASMI,34,34,34,34,28240400
9/9/2025,ASPI,490,510,474,492,3205600
9/9/2025,ASPR,91,104,89,92,125819300
9/9/2025,ASRI,169,173,166,168,33052300
9/9/2025,ASRM,276,278,272,276,8700
9/9/2025,ASSA,845,900,845,900,22589800
9/9/2025,ATAP,48,48,48,48,3403800
9/9/2025,ATIC,454,454,426,442,495800
9/9/2025,ATLA,64,69,61,63,251320900
9/9/2025,AUTO,2380,2430,2380,2430,3538200
9/9/2025,AUTOZPCJ6A,0,0,0,0,0
9/9/2025,AVIA,428,428,422,426,7730200
9/9/2025,AVIAZPCJ6A,19,19,19,19,100
9/9/2025,AWAN,256,258,248,250,19050500
9/9/2025,AXIO,128,129,122,126,1410400
9/9/2025,AYAM,172,173,169,172,102047300
9/9/2025,AYLS,103,103,98,100,5115500
9/9/2025,BABP,59,61,57,58,37564200
9/9/2025,BABY,306,306,296,304,8550300
9/9/2025,BACA,137,137,134,134,1568000
9/9/2025,BAIK,101,101,95,96,2806100
9/9/2025,BAIK-W,12,12,10,11,9334200
9/9/2025,BAJA,121,123,116,120,731300
9/9/2025,BALI,1415,1415,1335,1340,22200
9/9/2025,BANK,815,815,770,800,3750400
9/9/2025,BANK-W,0,0,0,0,0
9/9/2025,BAPA,88,97,82,86,181801100
9/9/2025,BAPI,27,27,27,27,27072500
9/9/2025,BATA,52,52,52,52,11000
9/9/2025,BATR,117,119,108,112,15336500
9/9/2025,BAUT,37,37,37,37,4215300
9/9/2025,BAYU,1325,1330,1275,1280,344700
9/9/2025,BBCA,7625,7725,7475,7525,595368700
9/9/2025,BBCABQCV5A,3,3,2,3,12683800
9/9/2025,BBCABQCX5A,9,10,8,9,3899300
9/9/2025,BBCADRCF6A,36,36,32,33,2069100
9/9/2025,BBCADRCX6A,3490,3490,3370,3390,1200
9/9/2025,BBCAHDCQ7A,48,48,48,48,2500
9/9/2025,BBCAHDCU5A,3,3,3,3,84400
9/9/2025,BBCAHDCV5A,33,33,29,29,423200
9/9/2025,BBCAZPCF6A,0,0,0,0,0
9/9/2025,BBCAZPCH6A,69,69,68,68,40000
9/9/2025,BBHI,1535,1535,1420,1470,1732700
9/9/2025,BBKP,75,76,73,74,229300000
9/9/2025,BBLD,905,950,905,930,15400
9/9/2025,BBMD,2090,2090,2090,2090,100
9/9/2025,BBNI,4160,4200,4020,4080,102884200
9/9/2025,BBNIBQCU5A,2,4,2,3,202500
9/9/2025,BBNIBQCV5A,0,0,0,0,0
9/9/2025,BBNIDRCX6A,2250,2250,2140,2140,200
9/9/2025,BBNIDRCZ5A,0,0,0,0,0
9/9/2025,BBNIDRPU5A,0,0,0,0,0
9/9/2025,BBNIHDCQ7A,0,0,0,0,0
9/9/2025,BBNIHDCU5A,20,20,13,13,2915600
9/9/2025,BBNIHDPU5A,111,111,111,111,200
9/9/2025,BBNIYUCV5A,35,36,35,36,200
9/9/2025,BBNIZPCH6A,0,0,0,0,0
9/9/2025,BBNIZPCX5A,44,44,44,44,500
9/9/2025,BBRI,3870,3890,3750,3790,327167200
9/9/2025,BBRIBQCU5A,5,5,1,1,397800
9/9/2025,BBRIBQCZ5A,71,71,63,63,6008300
9/9/2025,BBRIDRCX5A,129,130,114,120,6711300
9/9/2025,BBRIDRCX6A,2120,2120,2120,2120,100
9/9/2025,BBRIHDCH6A,0,0,0,0,0
9/9/2025,BBRIHDCQ7A,0,0,0,0,0
9/9/2025,BBRIYUCV5A,84,84,81,81,200
9/9/2025,BBRIZPCH6A,0,0,0,0,0
9/9/2025,BBRIZPCX5A,0,0,0,0,0
9/9/2025,BBRM,88,88,83,86,9827500
9/9/2025,BBSI,3920,4020,3920,4020,1700
9/9/2025,BBSS,278,280,264,270,366400
9/9/2025,BBTN,1200,1250,1190,1220,44407300
9/9/2025,BBTNHDCZ5A,0,0,0,0,0
9/9/2025,BBTNYUCZ5A,64,64,64,64,1000
9/9/2025,BBTNZPCG6A,0,0,0,0,0
9/9/2025,BBYB,308,320,304,318,48490100
9/9/2025,BCAP,69,72,66,69,76207700
9/9/2025,BCIC,0,0,0,0,0
9/9/2025,BCIP,94,99,92,95,18855900
9/9/2025,BDKR,160,163,150,155,24763800
9/9/2025,BDMN,2500,2510,2460,2510,1281100
9/9/2025,BEBS,0,0,0,0,0
9/9/2025,BEEF,326,336,316,334,36590200
9/9/2025,BEER,105,107,102,103,2070200
9/9/2025,BEKS,25,25,25,25,111509800
9/9/2025,BELI,360,360,348,356,2101500
9/9/2025,BELL,65,69,59,61,107249700
9/9/2025,BESS,1000,1045,1000,1040,23600
9/9/2025,BEST,115,118,114,114,23186400
9/9/2025,BFIN,760,760,740,750,14159900
9/9/2025,BFINDRCK6A,25,25,25,25,150000
9/9/2025,BGTG,104,108,104,105,31145500
9/9/2025,BHAT,895,895,870,885,1931000
9/9/2025,BHIT,36,36,34,34,10392000
9/9/2025,BIKA,0,0,0,0,0
9/9/2025,BIKE,1025,1040,1000,1020,11861500
9/9/2025,BIMA,76,76,69,69,51200
9/9/2025,BINA,4450,4450,4450,4450,3100
9/9/2025,BINO,126,126,121,121,1242600
9/9/2025,BIPI,79,80,75,78,402339700
9/9/2025,BIPP,48,48,47,47,144800
9/9/2025,BIRD,1775,1775,1735,1760,1936300
9/9/2025,BISI,880,890,875,875,132800
9/9/2025,BJBR,765,765,750,765,5548600
9/9/2025,BJTM,510,515,505,505,11856900
9/9/2025,BKDP,40,40,38,38,974100
9/9/2025,BKSL,128,130,122,130,385724200
9/9/2025,BKSW,69,71,67,67,5280900
9/9/2025,BLES,158,160,155,155,3727400
9/9/2025,BLOG,590,670,585,595,39880200
9/9/2025,BLTA,41,41,40,40,31287300
9/9/2025,BLTZ,0,0,0,0,0
9/9/2025,BLUE,320,320,316,316,35400
9/9/2025,BMAS,695,700,655,675,105100
9/9/2025,BMBL,52,52,44,44,29236600
9/9/2025,BMHS,180,184,177,180,4600100
9/9/2025,BMRI,4450,4480,4310,4310,509366600
9/9/2025,BMRIBQCU5A,1,2,1,1,5720900
9/9/2025,BMRIBQCZ5A,25,25,23,23,2050000
9/9/2025,BMRIDRCX5A,42,42,39,39,103700
9/9/2025,BMRIDRCX6A,2090,2090,1975,1985,1900
9/9/2025,BMRIHDCQ7A,0,0,0,0,0
9/9/2025,BMRIHDCU5A,22,22,21,21,704000
9/9/2025,BMRIHDPU5A,154,154,154,154,100
9/9/2025,BMRIZPCH6A,0,0,0,0,0
9/9/2025,BMRIZPCX5A,0,0,0,0,0
9/9/2025,BMSR,266,266,254,258,9300
9/9/2025,BMTR,142,143,140,142,65788200
9/9/2025,BNBA,765,770,755,765,332300
9/9/2025,BNBR,37,37,37,37,41305700
9/9/2025,BNGA,1700,1700,1680,1690,5047000
9/9/2025,BNGADRCK6A,64,64,64,64,13500
9/9/2025,BNGAZPCH6A,0,0,0,0,0
9/9/2025,BNII,208,210,206,206,1115800
9/9/2025,BNLI,3150,3170,3000,3070,408200
9/9/2025,BOAT,116,124,113,121,15386200
9/9/2025,BOBA,180,183,172,177,312600
9/9/2025,BOGA,570,575,560,570,785600
9/9/2025,BOLA,191,191,186,188,778400
9/9/2025,BOLT,1055,1055,1055,1055,2000
9/9/2025,BOSS,0,0,0,0,0
9/9/2025,BPFI,336,336,332,336,23600
9/9/2025,BPII,585,590,580,580,113100
9/9/2025,BPTR,93,97,90,94,877900
9/9/2025,BRAM,5150,5175,5025,5100,1900
9/9/2025,BREN,8600,8725,8250,8325,24691700
9/9/2025,BRIS,2590,2640,2430,2480,49425000
9/9/2025,BRISBQCZ5A,44,44,40,41,2151600
9/9/2025,BRISDRCJ6A,38,38,38,38,100
9/9/2025,BRISHDCH6A,57,57,57,57,100
9/9/2025,BRISHDCZ5A,0,0,0,0,0
9/9/2025,BRISYUCV5A,45,45,41,41,1400
9/9/2025,BRISZPCG6A,0,0,0,0,0
9/9/2025,BRMS,510,535,498,510,922596700
9/9/2025,BRMSBQCZ5A,69,69,60,65,543200
9/9/2025,BRMSDRCJ6A,57,59,51,53,2009500
9/9/2025,BRMSDRPX5A,16,16,15,15,400
9/9/2025,BRMSHDCH6A,0,0,0,0,0
9/9/2025,BRMSHDCZ5A,0,0,0,0,0
9/9/2025,BRMSYUCV5A,37,37,36,36,100200
9/9/2025,BRMSZPCG6A,90,90,83,83,488300
9/9/2025,BRNA,725,725,710,710,13500
9/9/2025,BRPT,2150,2210,2070,2150,84436000
9/9/2025,BRPTBQCV5A,0,0,0,0,0
9/9/2025,BRPTBQCX5B,52,54,50,54,26600
9/9/2025,BRPTBQCZ5A,0,0,0,0,0
9/9/2025,BRPTDRCF6A,0,0,0,0,0
9/9/2025,BRPTDRCJ6A,87,87,82,84,370000
9/9/2025,BRPTDRCX5A,212,212,194,198,115200
9/9/2025,BRPTDRPV5A,7,8,6,6,3600
9/9/2025,BRPTHDCH6A,0,0,0,0,0
9/9/2025,BRPTHDCH6B,110,110,110,110,12600
9/9/2025,BRPTHDPG6A,0,0,0,0,0
9/9/2025,BRPTYUCZ5A,100,100,100,100,100
9/9/2025,BRPTZPCF6A,0,0,0,0,0
9/9/2025,BRPTZPCX5A,0,0,0,0,0
9/9/2025,BRRC,76,78,72,74,18435600
9/9/2025,BRRC-W,16,16,14,15,14199500
9/9/2025,BSBK,72,75,63,66,461211100
9/9/2025,BSDE,1080,1130,1060,1085,33322800
9/9/2025,BSDEDRCJ6A,54,54,50,50,699800
9/9/2025,BSDEZPCH6A,0,0,0,0,0
9/9/2025,BSIM,895,895,845,850,62400
9/9/2025,BSML,105,105,100,104,38547300
9/9/2025,BSSR,3930,3940,3890,3910,827100
9/9/2025,BSWD,0,0,0,0,0
9/9/2025,BTEK,18,18,18,18,52595600
9/9/2025,BTEL,0,0,0,0,0
9/9/2025,BTON,374,386,372,380,14100
9/9/2025,BTPN,2080,2110,2030,2100,119000
9/9/2025,BTPS,1360,1430,1350,1375,24303000
9/9/2025,BTPSDRCK6A,47,47,47,47,500000
9/9/2025,BTPSHDCJ6A,0,0,0,0,0
9/9/2025,BTPSZPCH6A,0,0,0,0,0
9/9/2025,BUAH,1445,1480,1420,1465,191400
9/9/2025,BUDI,220,220,200,214,118400
9/9/2025,BUKA,171,173,167,169,176221500
9/9/2025,BUKABQCZ5B,20,20,19,19,2558800
9/9/2025,BUKADRCK6A,18,18,18,18,500
9/9/2025,BUKAHDCZ5A,0,0,0,0,0
9/9/2025,BUKK,885,885,755,865,77900
9/9/2025,BULL,150,153,147,152,207695700
9/9/2025,BUMI,110,112,108,110,818905800
9/9/2025,BUVA,340,356,328,348,144460000
9/9/2025,BVIC,107,110,102,105,10610900
9/9/2025,BVIC-W,46,58,40,41,1633000
9/9/2025,BWPT,144,144,144,144,89279500
9/9/2025,BYAN,17975,17975,17900,17925,15900
9/9/2025,CAKK,146,146,137,140,191500
9/9/2025,CAMP,212,220,212,216,1709600
9/9/2025,CANI,42,42,40,40,368000
9/9/2025,CARE,296,302,294,300,18900800
9/9/2025,CARS,130,138,126,136,86158400
9/9/2025,CASA,1130,1140,1120,1130,4653400
9/9/2025,CASH,90,93,82,91,5756200
9/9/2025,CASS,2490,2580,2480,2490,279400
9/9/2025,CBDK,5975,6175,5950,6025,7540700
9/9/2025,CBMF,0,0,0,0,0
9/9/2025,CBPE,193,194,188,189,29700
9/9/2025,CBRE,500,555,386,398,698647100
9/9/2025,CBUT,1680,2010,1605,1885,1652000
9/9/2025,CCSI,378,386,368,370,990200
9/9/2025,CDIA,1375,1390,1280,1320,116740600
9/9/2025,CEKA,2600,2690,2600,2630,49300
9/9/2025,CENT,119,122,112,113,9777200
9/9/2025,CFIN,316,318,310,316,1856300
9/9/2025,CGAS,151,157,143,149,24469000
9/9/2025,CHEK,198,200,196,199,15710600
9/9/2025,CHEM,96,99,88,92,16568200
9/9/2025,CHIP,1370,1385,1345,1365,75000
9/9/2025,CINT,156,160,151,160,271200
9/9/2025,CITA,4130,4130,4060,4130,278300
9/9/2025,CITY,100,109,95,100,37333000
9/9/2025,CLAY,1505,1555,1440,1540,272300
9/9/2025,CLEO,540,540,510,510,16632200
9/9/2025,CLPI,1235,1240,1225,1235,183600
9/9/2025,CMNP,1380,1435,1345,1350,855200
9/9/2025,CMNP-W,414,444,390,410,2000
9/9/2025,CMNT,820,825,800,810,25326000
9/9/2025,CMPP,91,93,91,93,104500
9/9/2025,CMRY,4800,4800,4680,4750,9499000
9/9/2025,CMRYDRCK6A,0,0,0,0,0
9/9/2025,CMRYZPCJ6A,39,39,39,39,4700
9/9/2025,CNKO,92,98,92,98,40100800
9/9/2025,CNMA,133,134,129,131,21390600
9/9/2025,CNTB,0,0,0,0,0
9/9/2025,CNTX,0,0,0,0,0
9/9/2025,COAL,54,57,54,56,27067400
9/9/2025,COCO,525,545,456,462,11333100
9/9/2025,COIN,2320,2380,2240,2380,25128500
9/9/2025,COWL,0,0,0,0,0
9/9/2025,CPIN,4530,4580,4450,4480,7360200
9/9/2025,CPINDRCG6A,65,65,63,63,30000
9/9/2025,CPINZPCJ6A,0,0,0,0,0
9/9/2025,CPRI,0,0,0,0,0
9/9/2025,CPRO,57,59,55,55,512118500
9/9/2025,CRAB,240,240,232,236,2188200
9/9/2025,CRSN,111,111,108,108,279200
9/9/2025,CSAP,296,298,286,292,92100
9/9/2025,CSIS,129,144,115,131,22957800
9/9/2025,CSMI,376,412,354,372,5915000
9/9/2025,CSRA,860,860,830,860,1658300
9/9/2025,CTBN,0,0,0,0,0
9/9/2025,CTRA,940,965,925,945,50262700
9/9/2025,CTRADRCJ6A,22,22,22,22,30000
9/9/2025,CTRAHDCK6A,44,45,44,45,2600
9/9/2025,CTRAYUCZ5A,46,46,46,46,100
9/9/2025,CTRAZPCG6A,0,0,0,0,0
9/9/2025,CTTH,42,42,39,39,164200
9/9/2025,CUAN,1475,1490,1405,1430,85714900
9/9/2025,CYBR,955,1000,955,990,26278100
9/9/2025,CYBR-W,540,780,500,575,884000
9/9/2025,DAAZ,3070,3140,3010,3040,172800
9/9/2025,DADA,50,50,50,50,25862700
9/9/2025,DART,163,163,154,154,174900
9/9/2025,DATA,0,0,0,0,0
9/9/2025,DAYA,1010,1010,950,1000,10400
9/9/2025,DCII,320025,320025,315000,315000,1400
9/9/2025,DEAL,0,0,0,0,0
9/9/2025,DEFI,324,380,324,324,113500
9/9/2025,DEPO,254,260,214,216,7582500
9/9/2025,DEWA,218,222,214,218,204690600
9/9/2025,DEWI,110,111,105,106,36208200
9/9/2025,DFAM,79,80,76,76,3489800
9/9/2025,DGIK,95,96,92,95,3992300
9/9/2025,DGNS,144,145,140,142,2535200
9/9/2025,DGWG,408,416,404,412,15254300
9/9/2025,DIGI,32,32,32,32,615800
9/9/2025,DILD,136,138,133,133,14624500
9/9/2025,DIVA,119,126,116,119,9731900
9/9/2025,DKFT,705,725,690,710,26657100
9/9/2025,DKHH,104,108,101,102,13981300
9/9/2025,DKHH-W,16,16,15,15,4186900
9/9/2025,DLTA,1960,1970,1930,1970,87200
9/9/2025,DMAS,137,137,135,136,51329100
9/9/2025,DMMX,396,400,374,384,7205700
9/9/2025,DMND,570,580,560,580,151100
9/9/2025,DNAR,119,119,114,117,4188000
9/9/2025,DNET,9125,9150,9025,9050,6100
9/9/2025,DOID,362,374,354,362,23725200
9/9/2025,DOOH,137,147,132,147,150955300
9/9/2025,DOSS,138,186,136,186,40280400
9/9/2025,DPNS,260,310,258,302,1402900
9/9/2025,DPUM,71,72,66,68,7907200
9/9/2025,DRMA,1000,1000,985,1000,1011900
9/9/2025,DSFI,81,83,77,79,11455700
9/9/2025,DSNG,1665,1885,1625,1865,66966700
9/9/2025,DSNGDRCK6A,99,109,99,102,18600
9/9/2025,DSSA,111000,111000,103025,103025,2086500
9/9/2025,DUCK,0,0,0,0,0
9/9/2025,DUTI,4440,4450,4020,4400,66500
9/9/2025,DVLA,1615,1630,1600,1615,18200
9/9/2025,DWGL,228,228,222,222,205800
9/9/2025,DYAN,88,92,85,87,3049800
9/9/2025,EAST,94,95,93,94,1461100
9/9/2025,ECII,184,184,180,181,272800
9/9/2025,EDGE,4200,4250,4120,4250,36300
9/9/2025,EKAD,191,192,187,188,422800
9/9/2025,ELIT,177,179,169,179,17633400
9/9/2025,ELPI,358,362,352,358,349700
9/9/2025,ELSA,490,492,480,490,21532500
9/9/2025,ELSADRCJ6A,0,0,0,0,0
9/9/2025,ELSAZPCG6A,31,32,31,31,8020000
9/9/2025,ELTY,16,17,16,17,406453800
9/9/2025,EMDE,95,97,93,94,1113600
9/9/2025,EMTK,1230,1285,1215,1240,68163500
9/9/2025,EMTKBQCZ5A,0,0,0,0,0
9/9/2025,EMTKDRCK6A,60,60,60,60,100
9/9/2025,EMTKHDCZ5A,0,0,0,0,0
9/9/2025,EMTKYUCV5A,161,161,161,161,100
9/9/2025,EMTKZPCH6A,157,161,157,161,200
9/9/2025,ENAK,695,700,675,700,949000
9/9/2025,ENRG,585,615,580,605,122680400
9/9/2025,ENRGBQCZ5A,28,28,27,28,1050000
9/9/2025,ENRGDRCJ6A,82,83,79,83,2552200
9/9/2025,ENRGHDCK6A,40,40,38,40,23400
9/9/2025,ENRGHDCZ5A,230,240,230,240,1400
9/9/2025,ENRGZPCG6A,178,190,178,190,500000
9/9/2025,ENVY,0,0,0,0,0
9/9/2025,ENZO,37,37,36,36,495500
9/9/2025,EPAC,30,30,30,30,18882700
9/9/2025,EPMT,2300,2300,2280,2280,39900
9/9/2025,ERAA,450,456,436,442,51445800
9/9/2025,ERAABQCZ5A,0,0,0,0,0
9/9/2025,ERAADRCJ6A,11,11,11,11,100
9/9/2025,ERAAHDCZ5A,35,35,32,33,1242800
9/9/2025,ERAAZPCH6A,0,0,0,0,0
9/9/2025,ERAL,332,336,320,324,14080300
9/9/2025,ERTX,127,127,113,120,3253700
9/9/2025,ESIP,45,45,45,45,703800
9/9/2025,ESSA,605,630,595,625,71167300
9/9/2025,ESSABQCZ5A,46,47,44,47,20800
9/9/2025,ESSAHDCH6A,52,54,52,54,384600
9/9/2025,ESSAYUCZ5A,42,43,40,43,2778600
9/9/2025,ESTA,76,85,70,73,60728400
9/9/2025,ESTI,52,52,52,52,1749500
9/9/2025,ETWA,0,0,0,0,0
9/9/2025,EURO,284,292,266,290,239100
9/9/2025,EXCL,2670,2670,2550,2590,10969300
9/9/2025,EXCLHDCJ6A,0,0,0,0,0
9/9/2025,EXCLZPCF6A,66,66,66,66,400
9/9/2025,FAPA,5975,6025,5975,6025,14800
9/9/2025,FAST,330,330,312,314,3836300
9/9/2025,FASW,0,0,0,0,0
9/9/2025,FILM,3720,3920,3700,3890,6428000
9/9/2025,FIMP,0,0,0,0,0
9/9/2025,FIRE,79,86,78,81,36551400
9/9/2025,FISH,0,0,0,0,0
9/9/2025,FITT,460,575,414,555,10467300
9/9/2025,FLMC,0,0,0,0,0
9/9/2025,FMII,370,372,360,364,46000
9/9/2025,FOLK,77,83,76,79,2993100
9/9/2025,FOOD,129,129,129,129,611300
9/9/2025,FORE,510,525,505,510,5241100
9/9/2025,FORU,1160,1180,1120,1160,306200
9/9/2025,FPNI,193,197,193,193,1583000
9/9/2025,FUJI,430,430,406,408,5077500
9/9/2025,FUTR,234,292,208,270,612247200
9/9/2025,FWCT,157,159,151,155,1360700
9/9/2025,GAMA,0,0,0,0,0
9/9/2025,GDST,108,110,105,107,799900
9/9/2025,GDYR,1155,1160,1150,1150,4000
9/9/2025,GEMA,118,120,105,112,12674300
9/9/2025,GEMS,9150,9200,8975,9000,209800
9/9/2025,GGRM,9925,10000,8750,8900,5122200
9/9/2025,GGRMZPCG6A,57,57,37,40,836400
9/9/2025,GGRP,236,236,214,226,916800
9/9/2025,GHON,1650,1650,1605,1615,9700
9/9/2025,GIAA,66,67,66,67,23890700
9/9/2025,GJTL,1015,1025,1000,1010,5615800
9/9/2025,GJTLZPCJ6A,0,0,0,0,0
9/9/2025,GLOB,57,57,57,57,5000
9/9/2025,GLVA,328,332,312,326,50700
9/9/2025,GMFI,60,60,58,58,4966300
9/9/2025,GMTD,2190,2190,2100,2190,5800
9/9/2025,GOLD,272,306,256,272,648600
9/9/2025,GOLF,210,216,208,212,3165600
9/9/2025,GOLL,0,0,0,0,0
9/9/2025,GOOD,370,370,362,370,230300
9/9/2025,GOTO,58,58,56,56,3224398200
9/9/2025,GOTOBQCZ5A,2,2,2,2,1892100
9/9/2025,GOTODRCG6A,9,9,9,9,4000
9/9/2025,GOTOM,0,0,0,0,0
9/9/2025,GOTOZPCH6A,25,25,25,25,100
9/9/2025,GPRA,130,131,124,128,53199100
9/9/2025,GPSO,282,286,270,272,2240100
9/9/2025,GRIA,135,136,125,133,17080800
9/9/2025,GRPH,69,69,62,64,33194200
9/9/2025,GRPM,64,64,54,55,34761700
9/9/2025,GRPM-W,15,17,14,14,19739100
9/9/2025,GSMF,96,97,89,94,11309600
9/9/2025,GTBO,197,206,195,195,665300
9/9/2025,GTRA,140,140,134,139,465400
9/9/2025,GTSI,83,92,80,85,117488600
9/9/2025,GULA,340,340,324,336,812900
9/9/2025,GUNA,240,242,230,240,521700
9/9/2025,GWSA,153,153,147,152,616800
9/9/2025,GZCO,197,212,197,204,141012800
9/9/2025,HADE,39,39,39,39,9475900
9/9/2025,HAIS,187,191,187,189,3483300
9/9/2025,HAJJ,118,121,115,120,9307800
9/9/2025,HAJJ-W,16,17,16,17,6489800
9/9/2025,HALO,81,83,81,83,3566100
9/9/2025,HALO-W,13,14,13,14,2902000
9/9/2025,HATM,252,252,246,248,24816200
9/9/2025,HBAT,0,0,0,0,0
9/9/2025,HDFA,123,125,120,123,49800
9/9/2025,HDIT,55,59,55,59,11994600
9/9/2025,HEAL,1675,1705,1655,1695,10423800
9/9/2025,HEALBQCZ5A,35,38,35,38,1500
9/9/2025,HEALDRCJ6A,57,57,57,57,4000
9/9/2025,HEALHDCH6A,0,0,0,0,0
9/9/2025,HEALYUCZ5A,0,0,0,0,0
9/9/2025,HEALZPCH6A,0,0,0,0,0
9/9/2025,HELI,250,258,220,246,247800
9/9/2025,HERO,394,394,392,394,32700
9/9/2025,HEXA,5500,5500,5375,5425,640700
9/9/2025,HGII,147,147,143,144,3693300
9/9/2025,HILL,210,210,202,202,102507400
9/9/2025,HITS,0,0,0,0,0
9/9/2025,HKMU,0,0,0,0,0
9/9/2025,HMSP,640,645,555,565,238610100
9/9/2025,HOKI,79,80,77,79,17599600
9/9/2025,HOME,0,0,0,0,0
9/9/2025,HOMI,210,214,199,208,3088600
9/9/2025,HOPE,133,133,133,133,43993200
9/9/2025,HOTL,0,0,0,0,0
9/9/2025,HRME,40,40,38,39,2695200
9/9/2025,HRTA,860,925,840,855,93147200
9/9/2025,HRUM,1040,1160,1040,1090,158377700
9/9/2025,HRUMHDCK6A,56,70,55,61,5538700
9/9/2025,HRUMZPCG6A,64,70,63,63,5481500
9/9/2025,HUMI,144,162,144,151,583616300
9/9/2025,HUMI-W,22,26,22,24,115895800
9/9/2025,HYGN,163,163,159,162,1731600
9/9/2025,IATA,62,62,62,62,14348800
9/9/2025,IATA-W,23,23,23,23,1900
9/9/2025,IBFN,30,30,27,27,1725000
9/9/2025,IBOS,50,52,44,44,67451700
9/9/2025,IBST,5575,5575,5575,5575,100
9/9/2025,ICBP,9325,9325,9100,9225,4218400
9/9/2025,ICBPDRCX6A,0,0,0,0,0
9/9/2025,ICBPHDCJ6A,45,45,45,45,3400
9/9/2025,ICBPZPCX5A,27,27,27,27,200000
9/9/2025,ICON,47,47,47,47,144800
9/9/2025,IDEA,88,88,80,81,19477100
9/9/2025,IDPR,242,252,240,244,435400
9/9/2025,IFII,244,244,236,238,404100
9/9/2025,IFSH,925,1120,800,820,794200
9/9/2025,IGAR,515,515,510,510,23000
9/9/2025,IIKP,0,0,0,0,0
9/9/2025,IKAI,24,26,24,26,101272900
9/9/2025,IKAN,135,139,125,129,34743900
9/9/2025,IKBI,505,515,486,498,287500
9/9/2025,IKPM,214,224,210,210,1125200
9/9/2025,IMAS,1105,1105,1050,1080,674100
9/9/2025,IMJS,236,240,224,230,10866500
9/9/2025,IMPC,1405,1465,1350,1380,35879700
9/9/2025,INAF,0,0,0,0,0
9/9/2025,INAI,154,158,150,155,142100
9/9/2025,INCF,41,41,38,38,2522400
9/9/2025,INCI,600,600,590,600,58500
9/9/2025,INCO,3900,4070,3840,3950,19579800
9/9/2025,INCOBQCV5A,47,48,34,39,5159300
9/9/2025,INCODRCK6A,0,0,0,0,0
9/9/2025,INCODRCX5A,107,107,95,97,357600
9/9/2025,INCODRPV5A,0,0,0,0,0
9/9/2025,INCOHDCJ6A,96,96,92,92,238000
9/9/2025,INCOYUCZ5A,94,94,94,94,100
9/9/2025,INCOZPCX5A,0,0,0,0,0
9/9/2025,INDF,7400,7425,7350,7350,8540500
9/9/2025,INDFBQCV5A,29,29,29,29,119900
9/9/2025,INDFDRCX6A,3830,3860,3830,3860,6200
9/9/2025,INDFHDCJ6A,0,0,0,0,0
9/9/2025,INDO,222,242,214,236,21480300
9/9/2025,INDR,2550,2580,2500,2580,16300
9/9/2025,INDS,226,230,214,220,251600
9/9/2025,INDX,86,89,84,86,2385200
9/9/2025,INDY,1690,1960,1690,1895,263786200
9/9/2025,INDYHDCJ6A,139,184,139,169,2275300
9/9/2025,INDYZPCG6A,88,96,80,87,3880000
9/9/2025,INET,206,218,197,214,238710300
9/9/2025,INET-W,115,122,105,121,29218800
9/9/2025,INKP,7675,7875,7500,7600,8579400
9/9/2025,INKPBQCX5A,0,0,0,0,0
9/9/2025,INKPDRCF6A,195,195,184,184,6582000
9/9/2025,INKPZPCF6A,0,0,0,0,0
9/9/2025,INOV,96,97,91,93,1564300
9/9/2025,INPC,162,165,158,163,18130300
9/9/2025,INPP,795,880,770,800,115500
9/9/2025,INPS,112,115,112,115,131400
9/9/2025,INRU,770,795,660,735,212700
9/9/2025,INTA,24,24,23,23,8391200
9/9/2025,INTD,195,204,194,199,865200
9/9/2025,INTP,6800,6975,6700,6950,2845300
9/9/2025,INTPZPCG6A,68,68,68,68,4000
9/9/2025,IOTF,91,94,88,89,89513400
9/9/2025,IPAC,0,0,0,0,0
9/9/2025,IPCC,1135,1150,1100,1110,3805500
9/9/2025,IPCM,294,296,288,290,1972700
9/9/2025,IPOL,138,138,134,138,42100
9/9/2025,IPPE,0,0,0,0,0
9/9/2025,IPTV,40,40,40,40,10667700
9/9/2025,IRRA,422,430,418,428,765700
9/9/2025,IRSX,127,127,127,127,7743800
9/9/2025,ISAP,42,42,36,36,180093100
9/9/2025,ISAP-W,15,15,9,11,263377300
9/9/2025,ISAT,1900,1915,1820,1850,17713200
9/9/2025,ISATBQCU5A,6,7,5,5,5234800
9/9/2025,ISATDRCG6A,0,0,0,0,0
9/9/2025,ISATDRCX5A,35,35,34,34,36000
9/9/2025,ISATHDCJ6A,18,18,17,17,398200
9/9/2025,ISATZPCF6A,0,0,0,0,0
9/9/2025,ISEA,100,109,99,100,149897500
9/9/2025,ISSP,404,420,400,412,3149800
9/9/2025,ITIC,280,282,228,236,12556600
9/9/2025,ITMA,1090,1180,1015,1095,4401800
9/9/2025,ITMG,22225,22300,22075,22250,1474200
9/9/2025,ITMGHDCJ6A,152,152,152,152,3000
9/9/2025,ITMGZPCJ6A,0,0,0,0,0
9/9/2025,JARR,0,0,0,0,0
9/9/2025,JAST,98,102,94,97,3534500
9/9/2025,JATI,135,135,129,131,7205400
9/9/2025,JAWA,146,149,143,144,995900
9/9/2025,JAYA,101,102,96,99,3166500
9/9/2025,JECC,1140,1140,1000,1070,84100
9/9/2025,JGLE,15,15,15,15,252267500
9/9/2025,JIHD,645,670,630,650,1388900
9/9/2025,JKON,91,93,82,83,39107300
9/9/2025,JMAS,148,150,143,148,1920000
9/9/2025,JPFA,1670,1785,1655,1785,58337200
9/9/2025,JPFABQCZ5A,0,0,0,0,0
9/9/2025,JPFADRCJ6A,40,46,40,46,554300
9/9/2025,JPFAHDCZ5A,141,164,141,164,52400
9/9/2025,JPFAZPCG6A,90,92,89,92,1100000
9/9/2025,JRPT,810,815,795,800,1085100
9/9/2025,JSKY,0,0,0,0,0
9/9/2025,JSMR,3400,3420,3350,3380,4955800
9/9/2025,JSMRDRCK6A,0,0,0,0,0
9/9/2025,JSMRHDCH6A,0,0,0,0,0
9/9/2025,JSMRZPCG6A,0,0,0,0,0
9/9/2025,JSPT,4220,4240,3720,3930,20200
9/9/2025,JTPE,322,322,314,322,6868600
9/9/2025,KAEF,498,498,488,492,1418700
9/9/2025,KAQI,70,71,67,68,19361800
9/9/2025,KARW,625,625,625,625,493600
9/9/2025,KAYU,0,0,0,0,0
9/9/2025,KBAG,39,39,36,36,15504000
9/9/2025,KBLI,374,374,364,374,380600
9/9/2025,KBLM,382,382,374,378,126500
9/9/2025,KBLV,206,232,197,230,118028200
9/9/2025,KBRI,0,0,0,0,0
9/9/2025,KDSI,474,474,454,460,4100
9/9/2025,KDTN,117,157,112,157,7389900
9/9/2025,KEEN,835,835,815,820,3098300
9/9/2025,KEJU,605,605,585,600,1476000
9/9/2025,KETR,660,705,650,665,7371100
9/9/2025,KIAS,0,0,0,0,0
9/9/2025,KICI,137,142,135,137,521900
9/9/2025,KIJA,200,200,194,197,29989600
9/9/2025,KING,200,202,195,198,785300
9/9/2025,KING-W,15,15,12,14,25546000
9/9/2025,KINO,1225,1250,1055,1095,166400
9/9/2025,KIOS,83,87,80,82,15581000
9/9/2025,KJEN,129,132,122,125,1238200
9/9/2025,KKES,38,38,37,37,2254900
9/9/2025,KKGI,326,326,318,320,3113600
9/9/2025,KLAS,132,133,127,129,5662400
9/9/2025,KLBF,1145,1160,1115,1140,106777100
9/9/2025,KLBFBQCV5A,4,4,3,3,730000
9/9/2025,KLBFDRCG6A,16,16,16,16,60200
9/9/2025,KLBFZPCF6A,17,17,17,17,260100
9/9/2025,KLBFZPCJ6A,0,0,0,0,0
9/9/2025,KLIN,193,198,185,193,2379600
9/9/2025,KMDS,630,640,605,625,751900
9/9/2025,KMTR,316,316,294,296,1198900
9/9/2025,KOBX,140,143,136,138,306400
9/9/2025,KOCI,62,63,59,59,8401700
9/9/2025,KOCI-W,15,15,12,13,24069500
9/9/2025,KOIN,73,73,73,73,19100
9/9/2025,KOKA,96,98,93,94,4733400
9/9/2025,KONI,1745,2300,1700,1950,242300
9/9/2025,KOPI,336,340,328,334,246600
9/9/2025,KOTA,31,31,30,30,21395800
9/9/2025,KPIG,193,200,189,196,87708700
9/9/2025,KRAS,294,308,290,294,28065000
9/9/2025,KREN,17,17,17,17,99436300
9/9/2025,KRYA,184,196,175,184,21824300
9/9/2025,KSIX,228,230,222,230,211500
9/9/2025,KUAS,73,74,68,69,11127400
9/9/2025,LABA,0,0,0,0,0
9/9/2025,LABS,142,142,137,139,732600
9/9/2025,LAJU,84,89,71,75,306685000
9/9/2025,LAND,40,40,37,37,3410800
9/9/2025,LAPD,0,0,0,0,0
9/9/2025,LCGP,0,0,0,0,0
9/9/2025,LCKM,202,210,200,210,33800
9/9/2025,LEAD,76,79,74,75,22826900
9/9/2025,LFLO,266,266,234,248,76300
9/9/2025,LIFE,15400,15400,15400,15400,4800
9/9/2025,LINK,2870,2870,2700,2700,39700
9/9/2025,LION,550,550,505,550,3221300
9/9/2025,LIVE,199,234,183,220,191377600
9/9/2025,LMAS,0,0,0,0,0
9/9/2025,LMAX,76,80,71,73,9337500
9/9/2025,LMPI,142,148,141,142,471000
9/9/2025,LMSH,0,0,0,0,0
9/9/2025,LOPI,57,63,55,63,25512300
9/9/2025,LPCK,610,610,590,600,894400
9/9/2025,LPGI,452,460,430,440,7800
9/9/2025,LPIN,414,418,400,410,303500
9/9/2025,LPKR,106,106,99,100,155797000
9/9/2025,LPLI,314,314,292,306,416000
9/9/2025,LPPF,1595,1595,1560,1560,2422800
9/9/2025,LPPS,82,84,75,78,3358900
9/9/2025,LRNA,180,182,165,169,1083000
9/9/2025,LSIP,1310,1360,1290,1355,12934800
9/9/2025,LSIPDRCK6A,0,0,0,0,0
9/9/2025,LSIPHDCJ6A,52,52,52,52,200000
9/9/2025,LSIPYUCZ5A,63,66,63,66,300
9/9/2025,LSIPZPCG6A,0,0,0,0,0
9/9/2025,LTLS,850,850,815,830,634200
9/9/2025,LUCK,81,81,75,78,2758800
9/9/2025,LUCY,96,96,89,92,311100
9/9/2025,MABA,0,0,0,0,0
9/9/2025,MAGP,0,0,0,0,0
9/9/2025,MAHA,140,186,140,160,300955700
9/9/2025,MAIN,675,685,660,680,2880900
9/9/2025,MANG,59,59,51,51,26363000
9/9/2025,MANG-W,29,29,18,23,41197700
9/9/2025,MAPA,595,600,565,585,34411200
9/9/2025,MAPABQCZ5A,16,17,15,16,31400
9/9/2025,MAPADRCJ6A,0,0,0,0,0
9/9/2025,MAPAHDCZ5A,0,0,0,0,0
9/9/2025,MAPAZPCH6A,0,0,0,0,0
9/9/2025,MAPB,1700,1740,1680,1680,6400
9/9/2025,MAPI,1100,1125,1095,1120,46838000
9/9/2025,MAPIBQCV5A,2,2,2,2,3500
9/9/2025,MAPIDRCX5A,13,14,12,12,326000
9/9/2025,MAPIHDCK6A,57,61,57,61,26700
9/9/2025,MAPIZPCJ6A,0,0,0,0,0
9/9/2025,MARI,37,37,36,36,6337900
9/9/2025,MARK,630,635,615,620,7886200
9/9/2025,MASA,0,0,0,0,0
9/9/2025,MASB,3340,3400,3250,3270,3900
9/9/2025,MAXI,58,61,55,57,63335200
9/9/2025,MAYA,222,230,220,226,5214700
9/9/2025,MBAP,1610,1620,1570,1585,166000
9/9/2025,MBMA,428,436,412,432,221898100
9/9/2025,MBMABQCX5A,16,17,15,17,1208000
9/9/2025,MBMADRCX5A,27,27,25,27,1624000
9/9/2025,MBMADRPX5A,0,0,0,0,0
9/9/2025,MBMAHDCH6A,64,64,63,64,1743300
9/9/2025,MBMAZPCX5A,51,51,51,51,3100
9/9/2025,MBSS,1500,1565,1490,1560,1418300
9/9/2025,MBTO,123,125,119,123,758900
9/9/2025,MCAS,820,820,750,775,243100
9/9/2025,MCOL,3750,3750,3660,3710,22500
9/9/2025,MCOR,76,76,73,75,6367400
9/9/2025,MDIA,44,44,40,41,14592800
9/9/2025,MDIY,1065,1065,1015,1020,3418100
9/9/2025,MDKA,2680,2820,2620,2700,228137700
9/9/2025,MDKABQCV5A,162,171,155,155,86200
9/9/2025,MDKABQCX5B,60,65,52,54,742900
9/9/2025,MDKADRCK6A,100,107,94,101,1365900
9/9/2025,MDKADRCV5A,126,133,117,117,309800
9/9/2025,MDKADRPX5A,0,0,0,0,0
9/9/2025,MDKAHDCU5A,244,254,216,220,230500
9/9/2025,MDKAHDCZ5A,183,183,165,165,11600
9/9/2025,MDKAZPCF6A,100,108,92,96,108700
9/9/2025,MDKI,160,160,157,160,310900
9/9/2025,MDLA,228,242,220,242,8481700
9/9/2025,MDLN,66,69,64,66,25602400
9/9/2025,MDRN,33,33,33,33,20257000
9/9/2025,MEDC,1215,1235,1190,1230,20552400
9/9/2025,MEDCBQCV5A,40,44,40,42,4752400
9/9/2025,MEDCBQCX5B,0,0,0,0,0
9/9/2025,MEDCBQCZ5A,0,0,0,0,0
9/9/2025,MEDCDRCG6A,32,32,31,31,59900
9/9/2025,MEDCDRPV5A,0,0,0,0,0
9/9/2025,MEDCHDCH6A,0,0,0,0,0
9/9/2025,MEDCZPCF6A,30,30,30,30,20000
9/9/2025,MEDS,71,72,63,65,44960100
9/9/2025,MEGA,3230,3330,3200,3330,13300
9/9/2025,MEJA,81,82,73,73,50396600
9/9/2025,MEJA-W,22,24,18,21,35932200
9/9/2025,MENN,54,59,53,59,73368200
9/9/2025,MERI,230,230,212,216,8551000
9/9/2025,MERK,2820,2820,2770,2810,19600
9/9/2025,META,0,0,0,0,0
9/9/2025,MFIN,1080,1080,925,985,727700
9/9/2025,MFMI,0,0,0,0,0
9/9/2025,MGLV,0,0,0,0,0
9/9/2025,MGNA,50,50,50,50,1362600
9/9/2025,MGNA-W,38,46,38,46,69700
9/9/2025,MGRO,710,715,695,715,5941600
9/9/2025,MHKI,148,152,145,148,19919600
9/9/2025,MICE,496,496,488,488,107900
9/9/2025,MIDI,450,454,444,452,2918800
9/9/2025,MIKA,2360,2360,2300,2350,5111100
9/9/2025,MIKAZPCG6A,0,0,0,0,0
9/9/2025,MINA,160,171,154,163,243530800
9/9/2025,MINE,570,575,545,565,5291500
9/9/2025,MIRA,65,65,65,65,5100100
9/9/2025,MITI,304,370,302,362,27950000
9/9/2025,MKAP,358,360,356,358,454800
9/9/2025,MKNT,0,0,0,0,0
9/9/2025,MKPI,25000,25000,24950,24950,6400
9/9/2025,MKTR,129,137,124,129,15517200
9/9/2025,MKTR-W,16,21,15,16,56674700
9/9/2025,MLBI,5750,5800,5675,5800,596000
9/9/2025,MLIA,362,362,348,350,4086800
9/9/2025,MLPL,133,137,124,136,141157000
9/9/2025,MLPT,77200,77200,72500,72500,46200
9/9/2025,MMIX,346,346,298,320,20881400
9/9/2025,MMLP,540,540,525,530,11239200
9/9/2025,MNCN,256,260,248,254,53191500
9/9/2025,MOLI,214,258,212,226,11532700
9/9/2025,MORA,426,440,416,436,80700
9/9/2025,MPIX,70,73,66,68,29357600
9/9/2025,MPIX-W,13,14,12,13,11520700
9/9/2025,MPMX,950,955,935,945,6527300
9/9/2025,MPOW,118,118,110,114,1049600
9/9/2025,MPPA,69,70,66,69,46382500
9/9/2025,MPRO,4500,4500,4450,4490,27800
9/9/2025,MPXL,121,132,118,127,7339000
9/9/2025,MRAT,226,230,220,220,663200
9/9/2025,MREI,925,950,920,945,52700
9/9/2025,MSIE,55,55,45,51,78984500
9/9/2025,MSIN,595,615,535,605,45310500
9/9/2025,MSJA,302,302,298,302,1663000
9/9/2025,MSKY,100,105,92,94,126610400
9/9/2025,MSTI,1510,1535,1485,1525,1285900
9/9/2025,MTDL,620,625,590,605,8003900
9/9/2025,MTEL,580,595,580,595,3298000
9/9/2025,MTELDRCK6A,0,0,0,0,0
9/9/2025,MTFN,12,14,12,14,565506800
9/9/2025,MTLA,440,440,434,436,12400
9/9/2025,MTMH,1210,1400,1095,1350,309900
9/9/2025,MTPS,45,45,45,45,320500
9/9/2025,MTRA,0,0,0,0,0
9/9/2025,MTSM,0,0,0,0,0
9/9/2025,MTWI,328,378,328,378,261500
9/9/2025,MUTU,97,101,96,98,6593200
9/9/2025,MYOH,1740,1770,1680,1770,165600
9/9/2025,MYOR,2120,2130,2090,2120,2508600
9/9/2025,MYORDRCK6A,0,0,0,0,0
9/9/2025,MYORZPCH6A,0,0,0,0,0
9/9/2025,MYTX,0,0,0,0,0
9/9/2025,NAIK,142,142,136,137,23123300
9/9/2025,NAIK-W,24,24,21,22,8219000
9/9/2025,NANO,81,88,73,73,41418200
9/9/2025,NASA,42,42,41,41,2458400
9/9/2025,NASI,91,92,83,88,9091800
9/9/2025,NATO,135,135,130,130,117700
9/9/2025,NAYZ,109,115,99,110,35055800
9/9/2025,NCKL,1100,1170,1075,1140,148299600
9/9/2025,NCKLDRCK6A,51,56,50,51,193800
9/9/2025,NCKLYUCZ5A,0,0,0,0,0
9/9/2025,NCKLZPCJ6A,0,0,0,0,0
9/9/2025,NELY,350,352,334,344,825800
9/9/2025,NEST,270,274,258,266,7820000
9/9/2025,NETV,132,135,127,130,2321500
9/9/2025,NFCX,1750,1750,1735,1750,37100
9/9/2025,NICE,422,438,418,428,5385500
9/9/2025,NICK,1445,1445,1320,1320,8700
9/9/2025,NICL,1080,1100,995,1020,12683300
9/9/2025,NIKL,232,232,226,228,1848800
9/9/2025,NINE,0,0,0,0,0
9/9/2025,NIRO,127,136,121,124,789700
9/9/2025,NISP,1375,1380,1345,1350,13465400
9/9/2025,NOBU,540,550,540,545,7456700
9/9/2025,NPGF,62,63,58,61,22217700
9/9/2025,NRCA,760,950,755,950,32324400
9/9/2025,NSSS,424,442,418,440,12828600
9/9/2025,NTBK,61,62,56,58,63048000
9/9/2025,NUSA,0,0,0,0,0
9/9/2025,NZIA,95,97,94,95,344100
9/9/2025,OASA,250,258,240,250,153561800
9/9/2025,OBAT,458,470,444,454,2535000
9/9/2025,OBAT-W,101,104,97,99,941700
9/9/2025,OBMD,266,278,264,274,859000
9/9/2025,OCAP,0,0,0,0,0
9/9/2025,OILS,134,139,131,131,1071400
9/9/2025,OKAS,264,282,264,282,4783700
9/9/2025,OLIV,86,86,72,76,100571300
9/9/2025,OMED,189,190,181,189,1215200
9/9/2025,OMRE,0,0,0,0,0
9/9/2025,OPMS,81,88,78,80,26282500
9/9/2025,PACK,2440,2440,2220,2330,12457600
9/9/2025,PADA,41,42,41,42,20934200
9/9/2025,PADI,76,76,74,74,10223200
9/9/2025,PALM,440,472,424,430,12600000
9/9/2025,PAMG,76,77,72,73,8547700
9/9/2025,PANI,14000,14200,13000,13175,42128400
9/9/2025,PANIBQCZ5A,52,52,45,46,1280200
9/9/2025,PANIHDCJ6A,118,118,101,102,156300
9/9/2025,PANIHDCZ5A,163,166,148,148,212300
9/9/2025,PANIZPCJ6A,72,73,60,62,41775100
9/9/2025,PANR,740,745,710,725,1013800
9/9/2025,PANS,1385,1385,1370,1370,159900
9/9/2025,PART,125,129,121,123,67731500
9/9/2025,PART-W,23,24,21,22,4340900
9/9/2025,PBID,490,490,480,484,559900
9/9/2025,PBRX,46,46,46,46,90518100
9/9/2025,PBSA,830,870,810,860,5221600
9/9/2025,PCAR,37,41,37,41,4872900
9/9/2025,PDES,476,476,470,470,7700
9/9/2025,PDPP,488,500,480,486,189300
9/9/2025,PEGE,114,116,105,114,5828000
9/9/2025,PEHA,328,330,326,326,61200
9/9/2025,PEVE,438,444,436,436,91700
9/9/2025,PGAS,1710,1730,1690,1725,47322200
9/9/2025,PGASBQCU5A,0,0,0,0,0
9/9/2025,PGASBQCZ5A,0,0,0,0,0
9/9/2025,PGASDRCG6A,68,69,68,68,80500
9/9/2025,PGASHDCK6A,76,76,76,76,2300
9/9/2025,PGASZPCJ6A,44,44,44,44,5500
9/9/2025,PGEO,1395,1425,1360,1380,43492700
9/9/2025,PGEOBQCX5B,23,23,23,23,33500
9/9/2025,PGEODRCJ6A,39,39,37,37,72400
9/9/2025,PGEODRPV5A,24,24,24,24,20000
9/9/2025,PGEOHDCH6A,50,50,49,49,23000
9/9/2025,PGEOHDCH6B,61,61,59,59,2600
9/9/2025,PGEOZPCJ6A,47,47,47,47,2500
9/9/2025,PGJO,0,0,0,0,0
9/9/2025,PGLI,176,206,176,183,5143900
9/9/2025,PGUN,0,0,0,0,0
9/9/2025,PICO,137,137,131,133,559300
9/9/2025,PIPA,146,165,137,160,172406800
9/9/2025,PJAA,496,505,494,505,319700
9/9/2025,PKPK,595,605,560,580,50600
9/9/2025,PLAN,60,64,54,55,63685100
9/9/2025,PLAS,0,0,0,0,0
9/9/2025,PLIN,0,0,0,0,0
9/9/2025,PMJS,117,121,116,119,129500
9/9/2025,PMMP,0,0,0,0,0
9/9/2025,PMUI,123,133,123,129,14395800
9/9/2025,PNBN,1140,1145,1120,1130,14714100
9/9/2025,PNBS,54,55,53,54,24975800
9/9/2025,PNGO,2400,2430,2350,2350,20200
9/9/2025,PNIN,850,850,820,820,2034700
9/9/2025,PNLF,252,254,242,246,209958300
9/9/2025,PNLFDRCJ6A,14,15,12,12,2662700
9/9/2025,PNLFHDCZ5A,0,0,0,0,0
9/9/2025,PNLFYUCV5A,7,7,7,7,100
9/9/2025,PNLFZPCH6A,38,38,37,37,562200
9/9/2025,PNSE,760,810,720,770,22000
9/9/2025,POLA,28,28,28,28,14116000
9/9/2025,POLI,725,725,725,725,100
9/9/2025,POLL,0,0,0,0,0
9/9/2025,POLU,11650,12400,10125,12400,373700
9/9/2025,POLY,29,29,29,29,1423700
9/9/2025,POOL,0,0,0,0,0
9/9/2025,PORT,930,950,830,915,23100
9/9/2025,POSA,0,0,0,0,0
9/9/2025,POWR,700,705,690,695,7874500
9/9/2025,PPGL,103,108,103,104,789000
9/9/2025,PPRE,102,105,97,100,26336100
9/9/2025,PPRI,316,380,310,348,122809600
9/9/2025,PPRO,0,0,0,0,0
9/9/2025,PRAY,680,685,665,685,12600
9/9/2025,PRDA,2670,2680,2650,2660,99300
9/9/2025,PRIM,87,88,83,84,17037800
9/9/2025,PSAB,600,625,565,570,406421200
9/9/2025,PSAT,1400,1400,1325,1340,1426500
9/9/2025,PSDN,116,145,102,105,93745600
9/9/2025,PSGO,200,204,199,204,829500
9/9/2025,PSKT,114,114,107,107,19880500
9/9/2025,PSSI,354,354,340,346,368700
9/9/2025,PTBA,2400,2410,2370,2400,14794500
9/9/2025,PTBABQCV5A,21,21,20,20,201500
9/9/2025,PTBADRCG6A,0,0,0,0,0
9/9/2025,PTBAYUCZ5A,90,90,90,90,100
9/9/2025,PTBAZPCH6A,0,0,0,0,0
9/9/2025,PTDU,0,0,0,0,0
9/9/2025,PTIS,416,416,400,408,48500
9/9/2025,PTMP,93,108,93,99,279891500
9/9/2025,PTMR,0,0,0,0,0
9/9/2025,PTPP,378,386,340,350,89731700
9/9/2025,PTPS,167,169,159,166,15874400
9/9/2025,PTPW,940,945,930,935,26300
9/9/2025,PTRO,3500,3620,3370,3470,50194600
9/9/2025,PTROHDCK6A,104,104,93,98,27400
9/9/2025,PTSN,472,488,462,468,2488200
9/9/2025,PTSP,895,1080,885,905,732400
9/9/2025,PUDP,222,244,222,230,294400
9/9/2025,PURA,34,34,34,34,31077800
9/9/2025,PURE,0,0,0,0,0
9/9/2025,PURI,185,190,182,187,106400
9/9/2025,PWON,364,370,360,366,50485900
9/9/2025,PWONHDCZ5A,0,0,0,0,0
9/9/2025,PWONZPCH6A,0,0,0,0,0
9/9/2025,PYFA,490,525,450,490,81939000
9/9/2025,PYFA-W,100,119,98,101,1924100
9/9/2025,PZZA,212,220,208,216,2229700
9/9/2025,R-ABFII,0,0,0,0,0
9/9/2025,R-LQ45X,980,980,945,945,17000
9/9/2025,RAAM,282,304,280,286,14246200
9/9/2025,RAFI,0,0,0,0,0
9/9/2025,RAJA,2700,2780,2670,2700,31196700
9/9/2025,RAJAHDCK6A,84,84,80,80,7700
9/9/2025,RALS,392,394,384,386,4687300
9/9/2025,RANC,418,418,410,418,12700
9/9/2025,RATU,5675,5825,5275,5550,10201400
9/9/2025,RBMS,40,40,40,40,2400100
9/9/2025,RCCC,182,200,179,200,585900
9/9/2025,RDTX,11750,12250,11550,11875,7300
9/9/2025,REAL,74,74,60,67,1322144000
9/9/2025,RELF,67,67,55,55,34239900
9/9/2025,RELI,620,675,620,640,19200
9/9/2025,RGAS,109,113,100,113,36842200
9/9/2025,RICY,75,75,71,71,5352000
9/9/2025,RIGS,780,815,780,785,454900
9/9/2025,RIMO,0,0,0,0,0
9/9/2025,RISE,1020,1100,1020,1100,575400
9/9/2025,RMKE,965,980,950,965,3466300
9/9/2025,RMKO,151,151,128,136,8648100
9/9/2025,ROCK,550,550,550,550,10800
9/9/2025,RODA,52,52,52,52,173300
9/9/2025,RONY,0,0,0,0,0
9/9/2025,ROTI,790,800,780,795,766200
9/9/2025,RSCH,366,370,358,368,5690700
9/9/2025,RSGK,0,0,0,0,0
9/9/2025,RUIS,218,222,208,216,2192600
9/9/2025,RUNS,107,128,107,115,12760400
9/9/2025,SAFE,185,186,180,180,494500
9/9/2025,SAGE,44,44,40,40,8993100
9/9/2025,SAME,310,324,298,306,2838100
9/9/2025,SAMF,334,334,328,330,143700
9/9/2025,SAPX,302,306,298,302,252300
9/9/2025,SATU,242,242,236,238,3006100
9/9/2025,SBAT,0,0,0,0,0
9/9/2025,SBMA,137,140,133,133,3975500
9/9/2025,SCCO,2270,2310,2240,2270,58700
9/9/2025,SCMA,306,324,306,314,179363800
9/9/2025,SCMABQCZ5A,0,0,0,0,0
9/9/2025,SCMADRCK6A,0,0,0,0,0
9/9/2025,SCMAHDCZ5A,0,0,0,0,0
9/9/2025,SCMAZPCG6A,173,173,171,171,200
9/9/2025,SCNP,184,191,166,188,391700
9/9/2025,SCPI,0,0,0,0,0
9/9/2025,SDMU,66,66,66,66,7809000
9/9/2025,SDPC,135,135,128,131,307000
9/9/2025,SDRA,292,306,290,300,1333600
9/9/2025,SEMA,95,102,95,98,2275300
9/9/2025,SFAN,1915,1915,1910,1910,84000
9/9/2025,SGER,326,332,318,330,110026200
9/9/2025,SGRO,4300,4620,4230,4520,2119600
9/9/2025,SHID,915,915,875,875,13300
9/9/2025,SHIP,4520,4600,4500,4600,25000
9/9/2025,SICO,119,120,115,118,2331100
9/9/2025,SIDO,535,535,515,530,42824200
9/9/2025,SIDODRCK6A,0,0,0,0,0
9/9/2025,SILO,2170,2180,2080,2100,1657100
9/9/2025,SIMA,0,0,0,0,0
9/9/2025,SIMP,640,650,625,650,20401000
9/9/2025,SINI,3740,3740,3740,3740,18100
9/9/2025,SIPD,725,725,725,725,300
9/9/2025,SKBM,350,360,338,348,173000
9/9/2025,SKLT,189,191,183,184,239000
9/9/2025,SKRN,402,404,402,404,146300
9/9/2025,SKYB,0,0,0,0,0
9/9/2025,SLIS,89,91,80,83,73800100
9/9/2025,SLIS-W,17,18,15,17,15808600
9/9/2025,SMAR,5500,5500,5000,5275,902300
9/9/2025,SMBR,294,300,286,290,16617000
9/9/2025,SMCB,0,0,0,0,0
9/9/2025,SMDM,810,825,800,805,251800
9/9/2025,SMDR,328,332,322,324,20554500
9/9/2025,SMGA,101,109,101,109,76807800
9/9/2025,SMGR,2780,2780,2700,2740,7483600
9/9/2025,SMGRBQCU5A,2,2,1,2,50800
9/9/2025,SMGRBQCX5B,62,63,62,63,419400
9/9/2025,SMGRBQCZ5A,0,0,0,0,0
9/9/2025,SMGRDRCV5A,0,0,0,0,0
9/9/2025,SMGRHDCZ5A,0,0,0,0,0
9/9/2025,SMGRZPCJ6A,0,0,0,0,0
9/9/2025,SMIL,520,520,500,515,59639100
9/9/2025,SMKL,167,170,166,166,107500
9/9/2025,SMKM,0,0,0,0,0
9/9/2025,SMLE,155,155,149,150,3326200
9/9/2025,SMMA,16325,16325,15400,15600,38100
9/9/2025,SMMT,1310,1345,1165,1270,792400
9/9/2025,SMRA,446,454,436,440,54103000
9/9/2025,SMRADRCJ6A,32,32,30,31,53100
9/9/2025,SMRAHDCZ5A,0,0,0,0,0
9/9/2025,SMRAZPCH6A,0,0,0,0,0
9/9/2025,SMRU,0,0,0,0,0
9/9/2025,SMSM,1920,1925,1900,1915,781200
9/9/2025,SNLK,476,476,468,472,7155900
9/9/2025,SOCI,190,194,187,190,6974700
9/9/2025,SOFA,63,63,53,53,60591800
9/9/2025,SOHO,740,760,730,745,18300
9/9/2025,SOLA,141,143,129,134,45757100
9/9/2025,SONA,4110,4470,4110,4140,93600
9/9/2025,SOSS,0,0,0,0,0
9/9/2025,SOTS,256,306,254,266,808200
9/9/2025,SOUL,0,0,0,0,0
9/9/2025,SPMA,294,294,280,280,477100
9/9/2025,SPRE,79,80,76,77,1274400
9/9/2025,SPTO,675,680,665,670,531000
9/9/2025,SQMI,0,0,0,0,0
9/9/2025,SRAJ,8300,8450,8275,8450,436100
9/9/2025,SRIL,0,0,0,0,0
9/9/2025,SRSN,69,76,67,72,127043000
9/9/2025,SRTG,2020,2100,1915,2000,29748800
9/9/2025,SRTGDRCK6A,113,119,103,106,374800
9/9/2025,SRTGHDCK6A,139,140,114,114,41500
9/9/2025,SRTGZPCG6A,103,103,103,103,9000
9/9/2025,SSIA,1990,2240,1900,2140,112077900
9/9/2025,SSMS,1360,1415,1355,1415,9827900
9/9/2025,SSTM,294,332,278,312,1105300
9/9/2025,STAA,995,1040,985,1030,19019200
9/9/2025,STAR,56,56,56,56,258300
9/9/2025,STRK,0,0,0,0,0
9/9/2025,STTP,10325,10525,10100,10100,10900
9/9/2025,SUGI,0,0,0,0,0
9/9/2025,SULI,95,96,92,93,747800
9/9/2025,SUNI,805,810,775,795,435700
9/9/2025,SUPR,0,0,0,0,0
9/9/2025,SURE,2940,2940,2850,2850,4100
9/9/2025,SURI,127,130,114,120,393141300
9/9/2025,SWAT,0,0,0,0,0
9/9/2025,SWID,91,94,86,87,2195900
9/9/2025,TALF,458,525,378,400,1260800
9/9/2025,TAMA,37,37,35,35,1138300
9/9/2025,TAMU,27,27,27,27,20671400
9/9/2025,TAPG,1390,1480,1390,1480,26724300
9/9/2025,TAPGDRCJ6A,65,78,65,78,2800
9/9/2025,TAPGHDCH6A,0,0,0,0,0
9/9/2025,TAPGZPCH6A,0,0,0,0,0
9/9/2025,TARA,39,39,39,39,5066900
9/9/2025,TAXI,16,16,16,16,239775100
9/9/2025,TAYS,84,85,74,77,42426000
9/9/2025,TBIG,1865,1870,1815,1855,999200
9/9/2025,TBLA,735,740,715,730,4124100
9/9/2025,TBMS,1050,1050,1005,1005,54500
9/9/2025,TCID,2550,2690,2390,2410,5900
9/9/2025,TCPI,5825,5875,5625,5725,6909400
9/9/2025,TDPM,0,0,0,0,0
9/9/2025,TEBE,1680,1850,1680,1780,9113100
9/9/2025,TECH,0,0,0,0,0
9/9/2025,TELE,0,0,0,0,0
9/9/2025,TFAS,139,145,136,139,437200
9/9/2025,TFCO,0,0,0,0,0
9/9/2025,TGKA,5775,5800,5625,5700,31800
9/9/2025,TGRA,0,0,0,0,0
9/9/2025,TGUK,0,0,0,0,0
9/9/2025,TIFA,406,406,394,394,63200
9/9/2025,TINS,1095,1140,1085,1105,71563300
9/9/2025,TIRA,1585,1585,1480,1485,25400
9/9/2025,TIRT,0,0,0,0,0
9/9/2025,TKIM,7400,7575,7200,7350,2727800
9/9/2025,TKIMHDCJ6A,0,0,0,0,0
9/9/2025,TKIMZPCG6A,109,109,109,109,20000
9/9/2025,TLDN,700,715,695,710,1621000
9/9/2025,TLKM,3100,3130,3000,3050,104463400
9/9/2025,TLKMBQCV5A,86,86,74,74,6000
9/9/2025,TLKMDRCJ6A,74,74,74,74,40000
9/9/2025,TLKMDRCX6A,0,0,0,0,0
9/9/2025,TLKMHDCJ6A,0,0,0,0,0
9/9/2025,TLKMHDCV5A,0,0,0,0,0
9/9/2025,TLKMZPCF6A,0,0,0,0,0
9/9/2025,TMAS,137,139,134,135,3431600
9/9/2025,TMPO,185,196,166,177,66845800
9/9/2025,TNCA,165,171,159,161,715000
9/9/2025,TOBA,1200,1285,1175,1270,173768900
9/9/2025,TOOL,63,65,58,61,10717900
9/9/2025,TOPS,0,0,0,0,0
9/9/2025,TOSK,63,64,58,60,68483000
9/9/2025,TOTL,780,780,760,770,3066100
9/9/2025,TOTO,262,262,254,258,1124300
9/9/2025,TOWR,590,600,575,590,36026600
9/9/2025,TOWRHDCK6A,36,36,35,35,100000
9/9/2025,TOYS,0,0,0,0,0
9/9/2025,TPIA,7900,7950,7575,7575,8313100
9/9/2025,TPMA,585,585,575,575,4068700
9/9/2025,TRAM,0,0,0,0,0
9/9/2025,TRGU,175,176,172,173,144600
9/9/2025,TRIL,0,0,0,0,0
9/9/2025,TRIM,368,372,358,358,1567100
9/9/2025,TRIN,93,93,90,90,1861500
9/9/2025,TRIN-W2,0,0,0,0,0
9/9/2025,TRIO,0,0,0,0,0
9/9/2025,TRIS,189,189,182,182,430400
9/9/2025,TRJA,138,144,136,136,1431300
9/9/2025,TRON,92,92,85,91,15248100
9/9/2025,TRST,496,500,496,496,90800
9/9/2025,TRUE,49,49,49,49,6855700
9/9/2025,TRUK,218,238,216,228,2460700
9/9/2025,TRUS,474,476,460,474,1100
9/9/2025,TSPC,2260,2260,2210,2230,3310100
9/9/2025,TUGU,945,960,940,960,6295800
9/9/2025,TYRE,129,130,125,129,269200
9/9/2025,UANG,1060,1060,1060,1060,2914800
9/9/2025,UCID,462,466,462,464,2046900
9/9/2025,UDNG,0,0,0,0,0
9/9/2025,UFOE,174,194,170,175,1034000
9/9/2025,ULTJ,1270,1275,1260,1275,2854300
9/9/2025,UNIC,7950,7950,7875,7900,1900
9/9/2025,UNIQ,366,366,350,360,31406100
9/9/2025,UNIT,0,0,0,0,0
9/9/2025,UNSP,166,166,163,163,1329800
9/9/2025,UNTD,91,91,83,84,19866700
9/9/2025,UNTR,26450,27500,26450,27200,8888100
9/9/2025,UNTRBQCV5A,0,0,0,0,0
9/9/2025,UNTRDRCG6A,175,177,175,177,39500
9/9/2025,UNTRZPCJ6A,0,0,0,0,0
9/9/2025,UNVR,1695,1695,1645,1655,54269100
9/9/2025,UNVRBQCU5A,9,10,2,6,11763900
9/9/2025,UNVRBQCZ5A,0,0,0,0,0
9/9/2025,UNVRDRCG6A,37,37,36,36,1072300
9/9/2025,UNVRHDPG6A,0,0,0,0,0
9/9/2025,UNVRZPCH6A,0,0,0,0,0
9/9/2025,URBN,138,140,131,134,187500
9/9/2025,UVCR,76,78,72,73,4637700
9/9/2025,VAST,175,187,175,179,13944500
9/9/2025,VAST-W,14,15,14,15,5739800
9/9/2025,VERN,128,131,121,127,4482100
9/9/2025,VERN-W,6,7,5,6,34633200
9/9/2025,VICI,615,620,605,615,577200
9/9/2025,VICO,186,186,172,180,543700
9/9/2025,VINS,129,129,120,122,159100
9/9/2025,VISI,144,144,138,141,5361300
9/9/2025,VIVA,40,40,34,34,106215200
9/9/2025,VKTR,118,121,111,114,15629800
9/9/2025,VOKS,256,260,232,240,262400
9/9/2025,VRNA,88,90,83,86,1540500
9/9/2025,VTNY,102,102,95,100,15698200
9/9/2025,WAPO,200,208,192,193,16155600
9/9/2025,WEGE,75,79,71,73,51999900
9/9/2025,WEHA,118,119,114,114,1152200
9/9/2025,WGSH,175,180,172,178,5857400
9/9/2025,WICO,0,0,0,0,0
9/9/2025,WIDI,46,48,45,45,12176700
9/9/2025,WIFI,2510,2570,2390,2570,154446900
9/9/2025,WIIM,935,950,805,810,27020900
9/9/2025,WIKA,0,0,0,0,0
9/9/2025,WINE,210,216,204,204,674700
9/9/2025,WINR,30,31,30,31,22716500
9/9/2025,WINS,400,406,400,402,1960400
9/9/2025,WIRG,170,174,152,170,1089520600
9/9/2025,WMPP,0,0,0,0,0
9/9/2025,WMUU,19,19,19,19,35983300
9/9/2025,WOMF,338,340,336,338,194800
9/9/2025,WOOD,362,366,352,360,4535000
9/9/2025,WOWS,90,90,90,90,62030600
9/9/2025,WSBP,39,39,39,39,418236200
9/9/2025,WSKT,0,0,0,0,0
9/9/2025,WTON,102,108,101,105,18135100
9/9/2025,XAQA,0,0,0,0,0
9/9/2025,XBES,1032,1032,1012,1012,10600
9/9/2025,XBID,493,493,493,493,40000
9/9/2025,XBIG,0,0,0,0,0
9/9/2025,XBIN,558,558,558,558,40000
9/9/2025,XBLQ,464,464,464,464,300
9/9/2025,XBNI,0,0,0,0,0
9/9/2025,XBSK,435,435,435,435,40000
9/9/2025,XCEG,106,106,104,104,200
9/9/2025,XCID,70,79,67,68,5881600
9/9/2025,XCIS,82,96,82,92,10900
9/9/2025,XCLQ,75,94,75,83,69100
9/9/2025,XDIF,437,437,437,437,500
9/9/2025,XIFE,106,106,105,105,13200
9/9/2025,XIHD,620,620,610,610,7500
9/9/2025,XIIC,0,0,0,0,0
9/9/2025,XIID,0,0,0,0,0
9/9/2025,XIIF,447,447,445,445,5000
9/9/2025,XIIT,514,514,496,500,29400
9/9/2025,XIJI,609,614,609,614,4900
9/9/2025,XILV,100,121,100,121,60600
9/9/2025,XIML,276,276,228,252,20500
9/9/2025,XIPB,188,188,188,188,500
9/9/2025,XIPI,0,0,0,0,0
9/9/2025,XISB,0,0,0,0,0
9/9/2025,XISC,742,742,742,742,182300
9/9/2025,XISI,343,343,343,343,100
9/9/2025,XISR,444,444,431,431,38800
9/9/2025,XKID,913,913,913,913,100
9/9/2025,XKIV,583,583,581,581,40100
9/9/2025,XKMS,1108,1108,1092,1092,200500
9/9/2025,XMGB,1119,1119,1118,1118,500
9/9/2025,XMIG,212,212,209,209,200100
9/9/2025,XMLF,851,851,845,849,41700
9/9/2025,XMSK,380,380,376,376,800
9/9/2025,XNVE,0,0,0,0,0
9/9/2025,XPDV,725,725,550,625,5100
9/9/2025,XPFT,0,0,0,0,0
9/9/2025,XPIN,631,631,617,617,1600
9/9/2025,XPLQ,520,580,497,497,11600
9/9/2025,XPSG,0,0,0,0,0
9/9/2025,XPTD,460,460,459,459,1000
9/9/2025,XSBC,99,125,95,95,3543300
9/9/2025,XSPI,0,0,0,0,0
9/9/2025,XSSI,80,109,71,74,30303100
9/9/2025,XSSK,675,678,675,678,20200
9/9/2025,YELO,56,56,53,53,7427800
9/9/2025,YOII,94,96,93,94,3086700
9/9/2025,YPAS,0,0,0,0,0
9/9/2025,YULE,0,0,0,0,0
9/9/2025,YUPI,1590,1600,1565,1590,28700
9/9/2025,ZATA,30,30,30,30,13521600
9/9/2025,ZBRA,0,0,0,0,0
9/9/2025,ZINC,26,26,26,26,36435100
9/9/2025,ZONE,740,740,740,740,1000
9/9/2025,ZYRX,149,153,141,145,1489800
