<date>,<ticker>,<open>,<high>,<low>,<close>,<volume>
8/8/2025,IHSG,7639.193,7648.903,7490.172,7533.385,293418115
8/8/2025,IDX30,0.000,0.000,0.000,0.000,0
8/8/2025,IDX80,0.000,0.000,0.000,0.000,0
8/8/2025,AADI,7300,7425,7225,7325,24629900
8/8/2025,AALI,6925,6950,6800,6925,955900
8/8/2025,ABBA,37,37,37,37,82800
8/8/2025,ABDA,0,0,0,0,0
8/8/2025,ABMM,2990,3000,2970,2980,693700
8/8/2025,ACES,482,482,472,474,29119200
8/8/2025,ACESBQCV5A,2,3,2,3,1248600
8/8/2025,ACESBQCX5B,19,19,17,17,1000
8/8/2025,ACESDRCJ6A,0,0,0,0,0
8/8/2025,ACESDRCQ5A,0,0,0,0,0
8/8/2025,ACESHDCZ5A,53,53,53,53,200
8/8/2025,ACESZPCJ6A,0,0,0,0,0
8/8/2025,ACRO,68,77,67,69,48607900
8/8/2025,ACRO-W,7,8,6,8,16061300
8/8/2025,ACST,84,85,84,85,1758300
8/8/2025,ADCP,50,50,50,50,69600
8/8/2025,ADES,13975,14075,13850,14050,54600
8/8/2025,ADHI,258,258,250,250,9065500
8/8/2025,ADMF,9025,9075,9000,9050,20200
8/8/2025,ADMG,126,129,121,121,512500
8/8/2025,ADMR,1155,1160,1110,1120,27262200
8/8/2025,ADMRDRCJ6A,47,48,46,46,137100
8/8/2025,ADMRZPCH6A,0,0,0,0,0
8/8/2025,ADRO,1850,1850,1785,1790,161970100
8/8/2025,ADROBQCU5A,16,17,16,16,204500
8/8/2025,ADROBQCZ5A,28,28,28,28,16700
8/8/2025,ADRODRCJ6A,70,72,68,68,133400
8/8/2025,ADRODRCQ5A,1,1,1,1,3038700
8/8/2025,ADRODRCQ5B,12,12,12,12,100
8/8/2025,ADRODRCX5A,45,47,43,47,1110200
8/8/2025,ADROHDCQ5A,2,2,2,2,163400
8/8/2025,ADROHDCZ5A,70,70,69,69,20000
8/8/2025,ADROYUCZ5A,92,92,91,91,20000
8/8/2025,ADROZPCF6A,0,0,0,0,0
8/8/2025,AEGS,63,65,58,58,14555500
8/8/2025,AGAR,260,280,244,260,64100
8/8/2025,AGII,905,905,880,890,384800
8/8/2025,AGRO,212,214,206,208,17580800
8/8/2025,AGRS,65,66,64,65,1635200
8/8/2025,AHAP,68,68,66,66,10844900
8/8/2025,AIMS,350,350,320,346,112600
8/8/2025,AISA,128,128,125,125,3357300
8/8/2025,AKKU,0,0,0,0,0
8/8/2025,AKPI,580,595,580,585,6300
8/8/2025,AKRA,1310,1310,1265,1305,11756500
8/8/2025,AKRABQCX5B,0,0,0,0,0
8/8/2025,AKRADRCQ5A,9,9,9,9,2000
8/8/2025,AKRADRCX5A,0,0,0,0,0
8/8/2025,AKRAHDCH6A,79,79,79,79,12700
8/8/2025,AKRAHDCQ5A,19,25,19,25,1100
8/8/2025,AKRAZPCJ6A,0,0,0,0,0
8/8/2025,AKRAZPCX5A,0,0,0,0,0
8/8/2025,AKSI,252,256,246,252,175900
8/8/2025,ALDO,492,498,492,498,32000
8/8/2025,ALII,575,585,570,570,3606300
8/8/2025,ALKA,298,358,298,310,328200
8/8/2025,ALMI,0,0,0,0,0
8/8/2025,ALTO,0,0,0,0,0
8/8/2025,AMAG,360,364,354,358,6000
8/8/2025,AMAN,115,117,112,113,2232500
8/8/2025,AMAR,206,208,199,206,1003700
8/8/2025,AMFG,3120,3120,3050,3090,90700
8/8/2025,AMIN,181,181,171,171,283100
8/8/2025,AMMN,9050,9100,8300,8700,83693500
8/8/2025,AMMNBQCZ5A,63,65,62,62,21400
8/8/2025,AMMNDRCJ6A,88,89,84,86,250300
8/8/2025,AMMNHDCH6A,129,129,123,123,79900
8/8/2025,AMMNZPCG6A,76,76,69,74,142400
8/8/2025,AMMS,128,128,120,128,7796600
8/8/2025,AMOR,505,515,500,515,18200
8/8/2025,AMRT,2410,2410,2330,2350,23686400
8/8/2025,AMRTBQCU5A,18,18,18,18,300
8/8/2025,AMRTDRCQ5A,0,0,0,0,0
8/8/2025,AMRTDRCZ5A,48,49,47,49,1600
8/8/2025,AMRTHDCQ5A,12,14,12,14,100200
8/8/2025,AMRTZPCX5A,0,0,0,0,0
8/8/2025,ANDI,17,17,17,17,65310700
8/8/2025,ANJT,1755,1765,1755,1755,198100
8/8/2025,ANTM,3160,3170,3020,3090,102084600
8/8/2025,ANTMBQCU5A,294,294,294,294,400
8/8/2025,ANTMBQCX5A,84,84,77,82,600300
8/8/2025,ANTMBQCZ5A,0,0,0,0,0
8/8/2025,ANTMDRCG6A,57,57,51,54,337900
8/8/2025,ANTMDRCQ5A,266,266,266,266,1000
8/8/2025,ANTMDRCX5A,306,312,306,308,28300
8/8/2025,ANTMDRPU5A,41,41,41,41,100
8/8/2025,ANTMDRPU5B,20,21,20,21,531100
8/8/2025,ANTMHDCH6A,88,94,88,93,14600
8/8/2025,ANTMHDCH6B,138,138,136,136,100300
8/8/2025,ANTMHDCQ5A,0,0,0,0,0
8/8/2025,ANTMHDCU5A,135,135,135,135,1800
8/8/2025,ANTMYUCQ5A,364,364,364,364,100
8/8/2025,ANTMZPCJ6A,80,85,80,85,199600
8/8/2025,ANTMZPCX5A,204,204,200,200,8000
8/8/2025,APEX,130,130,123,126,37722000
8/8/2025,APIC,1070,1085,1065,1080,5113300
8/8/2025,APII,170,173,170,173,18300
8/8/2025,APLI,498,498,476,498,2300
8/8/2025,APLN,103,103,100,101,11334600
8/8/2025,ARCI,770,775,710,715,56104900
8/8/2025,AREA,422,422,398,410,1290900
8/8/2025,ARGO,1340,1340,1335,1335,17900
8/8/2025,ARII,270,270,262,264,81300
8/8/2025,ARKA,24,24,24,24,1811200
8/8/2025,ARKO,1120,1125,1060,1125,687800
8/8/2025,ARMY,0,0,0,0,0
8/8/2025,ARNA,580,580,575,580,511100
8/8/2025,ARTA,2970,3680,2940,2940,12300
8/8/2025,ARTI,0,0,0,0,0
8/8/2025,ARTO,1885,1895,1855,1860,6700800
8/8/2025,ARTOBQCU5A,5,6,5,5,7300
8/8/2025,ARTOBQCX5B,0,0,0,0,0
8/8/2025,ARTOBQCZ5A,0,0,0,0,0
8/8/2025,ARTODRCQ5A,1,2,1,2,1273500
8/8/2025,ARTODRCX5A,40,40,40,40,30000
8/8/2025,ARTOHDCZ5A,0,0,0,0,0
8/8/2025,ARTOZPCX5A,39,39,39,39,400
8/8/2025,ASBI,434,434,434,434,5300
8/8/2025,ASDM,545,550,525,545,28700
8/8/2025,ASGR,1080,1085,1055,1065,846800
8/8/2025,ASHA,18,19,18,19,7732400
8/8/2025,ASII,4950,4990,4920,4920,20639400
8/8/2025,ASIIBQCU5A,0,0,0,0,0
8/8/2025,ASIIBQCZ5A,0,0,0,0,0
8/8/2025,ASIIDRCQ5A,13,13,13,13,100
8/8/2025,ASIIDRCQ5B,0,0,0,0,0
8/8/2025,ASIIDRCX5A,94,94,92,92,200
8/8/2025,ASIIDRCX6A,0,0,0,0,0
8/8/2025,ASIIDRPQ5A,0,0,0,0,0
8/8/2025,ASIIHDCZ5A,0,0,0,0,0
8/8/2025,ASIIZPCJ6A,86,86,86,86,5600
8/8/2025,ASJT,113,113,109,109,7800
8/8/2025,ASLC,65,65,63,65,8059500
8/8/2025,ASLI,0,0,0,0,0
8/8/2025,ASMI,18,18,18,18,42100
8/8/2025,ASPI,288,306,274,280,857200
8/8/2025,ASPR,96,97,94,94,17355500
8/8/2025,ASRI,167,168,157,161,60131100
8/8/2025,ASRM,278,278,278,278,32900
8/8/2025,ASSA,885,920,870,915,15342300
8/8/2025,ATAP,30,30,30,30,11600
8/8/2025,ATIC,396,398,390,396,123100
8/8/2025,ATLA,50,50,50,50,1334700
8/8/2025,AUTO,2120,2210,2120,2180,3212900
8/8/2025,AUTOZPCJ6A,26,26,26,26,5000
8/8/2025,AVIA,430,436,428,432,45494700
8/8/2025,AVIAZPCJ6A,0,0,0,0,0
8/8/2025,AWAN,278,278,262,264,18604600
8/8/2025,AXIO,122,124,121,121,659500
8/8/2025,AYAM,172,172,169,170,101763400
8/8/2025,AYLS,108,114,100,102,35196800
8/8/2025,BABP,53,54,51,52,27933100
8/8/2025,BABY,332,334,322,334,7834400
8/8/2025,BACA,131,131,130,130,138500
8/8/2025,BAIK,97,97,94,94,1270200
8/8/2025,BAIK-W,8,9,8,9,982800
8/8/2025,BAJA,127,127,124,126,713300
8/8/2025,BALI,1310,1310,1295,1305,8700
8/8/2025,BANK,810,825,805,820,6596300
8/8/2025,BANK-W,0,0,0,0,0
8/8/2025,BAPA,50,50,50,50,8400
8/8/2025,BAPI,9,10,9,10,2572200
8/8/2025,BATA,48,50,48,50,38500
8/8/2025,BATR,104,107,98,102,21546400
8/8/2025,BAUT,30,30,30,30,2812700
8/8/2025,BAYU,1285,1290,1285,1290,91000
8/8/2025,BBCA,8325,8400,8300,8300,68378700
8/8/2025,BBCABQCV5A,0,0,0,0,0
8/8/2025,BBCABQCX5A,0,0,0,0,0
8/8/2025,BBCADRCF6A,62,62,62,62,50000
8/8/2025,BBCADRCQ5A,7,7,7,7,54000
8/8/2025,BBCADRCX6A,0,0,0,0,0
8/8/2025,BBCADRPQ5A,37,37,37,37,100
8/8/2025,BBCAHDCQ5A,2,2,2,2,400000
8/8/2025,BBCAHDCU5A,0,0,0,0,0
8/8/2025,BBCAHDCV5A,0,0,0,0,0
8/8/2025,BBCAYUCQ5A,29,29,29,29,100
8/8/2025,BBCAZPCF6A,0,0,0,0,0
8/8/2025,BBCAZPCH6A,106,106,106,106,100
8/8/2025,BBHI,1340,1495,1340,1460,9035900
8/8/2025,BBKP,62,62,59,60,85322800
8/8/2025,BBLD,995,995,940,940,87200
8/8/2025,BBMD,2130,2130,2080,2110,1500
8/8/2025,BBNI,4090,4100,4070,4070,43531000
8/8/2025,BBNIBQCU5A,20,20,20,20,400
8/8/2025,BBNIBQCV5A,0,0,0,0,0
8/8/2025,BBNIDRCQ5A,2,2,2,2,103400
8/8/2025,BBNIDRCX6A,2210,2210,2210,2210,400
8/8/2025,BBNIDRCZ5A,54,54,53,53,1000000
8/8/2025,BBNIDRPU5A,0,0,0,0,0
8/8/2025,BBNIHDCQ5A,27,27,11,12,26900
8/8/2025,BBNIHDCU5A,0,0,0,0,0
8/8/2025,BBNIHDPU5A,0,0,0,0,0
8/8/2025,BBNIYUCV5A,56,56,56,56,100
8/8/2025,BBNIZPCH6A,0,0,0,0,0
8/8/2025,BBNIZPCX5A,0,0,0,0,0
8/8/2025,BBRI,3710,3730,3700,3700,133180100
8/8/2025,BBRIBQCQ5A,2,2,2,2,43000
8/8/2025,BBRIBQCU5A,0,0,0,0,0
8/8/2025,BBRIBQCZ5A,0,0,0,0,0
8/8/2025,BBRIDRCQ5A,5,5,5,5,7345800
8/8/2025,BBRIDRCX5A,129,130,129,129,73800
8/8/2025,BBRIDRCX6A,2080,2080,2070,2070,2900
8/8/2025,BBRIHDCH6A,0,0,0,0,0
8/8/2025,BBRIHDCQ5A,0,0,0,0,0
8/8/2025,BBRIYUCV5A,112,112,112,112,200
8/8/2025,BBRIZPCH6A,0,0,0,0,0
8/8/2025,BBRIZPCX5A,69,69,69,69,1000
8/8/2025,BBRM,72,74,71,72,971800
8/8/2025,BBSI,3990,4010,3990,4010,2700
8/8/2025,BBSS,272,272,260,268,196000
8/8/2025,BBTN,1105,1120,1095,1115,8822700
8/8/2025,BBTNHDCZ5A,0,0,0,0,0
8/8/2025,BBTNYUCZ5A,54,54,54,54,100
8/8/2025,BBTNZPCG6A,37,37,36,36,51200
8/8/2025,BBYB,260,260,250,258,58404400
8/8/2025,BCAP,65,65,60,63,54161900
8/8/2025,BCIC,0,0,0,0,0
8/8/2025,BCIP,96,96,93,94,33274000
8/8/2025,BDKR,149,155,148,154,34591500
8/8/2025,BDMN,2530,2530,2480,2510,568200
8/8/2025,BEBS,0,0,0,0,0
8/8/2025,BEEF,312,316,304,312,20285400
8/8/2025,BEER,105,110,101,105,3517700
8/8/2025,BEKS,24,24,23,23,5628700
8/8/2025,BELI,386,386,376,380,1118200
8/8/2025,BELL,50,50,50,50,31900
8/8/2025,BESS,1000,1000,960,970,25700
8/8/2025,BEST,100,102,99,101,4787200
8/8/2025,BFIN,880,880,850,860,18050500
8/8/2025,BGTG,77,78,76,77,4038300
8/8/2025,BHAT,830,845,825,840,2895100
8/8/2025,BHIT,30,30,30,30,3323600
8/8/2025,BIKA,0,0,0,0,0
8/8/2025,BIKE,790,805,755,805,2800700
8/8/2025,BIMA,46,46,46,46,31300
8/8/2025,BINA,4390,4390,4390,4390,5500
8/8/2025,BINO,111,112,109,111,1273400
8/8/2025,BIPI,92,96,90,94,609224000
8/8/2025,BIPP,38,38,38,38,170000
8/8/2025,BIRD,1900,1915,1890,1900,2817300
8/8/2025,BISI,880,885,875,880,104400
8/8/2025,BJBR,775,780,770,775,3568700
8/8/2025,BJTM,505,510,505,505,3967000
8/8/2025,BKDP,30,33,30,33,126200
8/8/2025,BKSL,151,165,151,162,864098400
8/8/2025,BKSW,60,62,59,61,3148600
8/8/2025,BLES,163,163,158,160,2466800
8/8/2025,BLOG,482,486,476,478,5231600
8/8/2025,BLTA,19,19,19,19,3964200
8/8/2025,BLTZ,0,0,0,0,0
8/8/2025,BLUE,312,314,308,310,61200
8/8/2025,BMAS,0,0,0,0,0
8/8/2025,BMBL,39,39,33,36,48543100
8/8/2025,BMHS,193,195,189,190,3382100
8/8/2025,BMRI,4680,4700,4660,4670,71516700
8/8/2025,BMRIBQCU5A,5,5,4,5,348000
8/8/2025,BMRIBQCZ5A,66,66,66,66,400
8/8/2025,BMRIDRCQ5A,1,1,1,1,10000
8/8/2025,BMRIDRCX5A,62,62,62,62,50000
8/8/2025,BMRIDRCX6A,2340,2340,2340,2340,1000
8/8/2025,BMRIHDCQ5A,2,2,2,2,16400
8/8/2025,BMRIHDCU5A,0,0,0,0,0
8/8/2025,BMRIHDPU5A,0,0,0,0,0
8/8/2025,BMRIYUCQ5A,18,18,18,18,100
8/8/2025,BMRIZPCH6A,66,66,66,66,100
8/8/2025,BMRIZPCX5A,0,0,0,0,0
8/8/2025,BMSR,246,252,246,252,11500
8/8/2025,BMTR,145,146,140,142,27090500
8/8/2025,BNBA,805,805,785,795,57000
8/8/2025,BNBR,33,33,33,33,13307900
8/8/2025,BNGA,1690,1710,1690,1700,1617700
8/8/2025,BNGAZPCH6A,0,0,0,0,0
8/8/2025,BNII,206,206,200,204,1153200
8/8/2025,BNLI,3140,3200,3070,3200,388700
8/8/2025,BOAT,106,107,101,104,12378600
8/8/2025,BOBA,183,183,180,181,26400
8/8/2025,BOGA,580,590,575,590,327400
8/8/2025,BOLA,185,189,181,185,1442500
8/8/2025,BOLT,1055,1060,1055,1060,3600
8/8/2025,BOSS,0,0,0,0,0
8/8/2025,BPFI,350,350,330,340,17700
8/8/2025,BPII,590,590,585,585,161200
8/8/2025,BPTR,100,100,96,98,304500
8/8/2025,BRAM,5075,5150,5050,5150,2400
8/8/2025,BREN,7925,8050,7375,7950,73663400
8/8/2025,BRIS,2740,2740,2690,2700,10198100
8/8/2025,BRISBQCZ5A,0,0,0,0,0
8/8/2025,BRISDRCJ6A,52,52,52,52,100
8/8/2025,BRISHDCH6A,0,0,0,0,0
8/8/2025,BRISHDCZ5A,0,0,0,0,0
8/8/2025,BRISYUCV5A,80,80,80,80,100
8/8/2025,BRISZPCG6A,0,0,0,0,0
8/8/2025,BRMS,466,468,440,450,588929100
8/8/2025,BRMSBQCZ5A,60,60,60,60,300
8/8/2025,BRMSDRCJ6A,43,44,42,44,50900
8/8/2025,BRMSHDCH6A,0,0,0,0,0
8/8/2025,BRMSHDCZ5A,0,0,0,0,0
8/8/2025,BRMSYUCV5A,35,35,35,35,100
8/8/2025,BRMSZPCG6A,64,64,64,64,2500
8/8/2025,BRNA,680,690,670,670,5000
8/8/2025,BRPT,2700,2700,2390,2460,216143200
8/8/2025,BRPTBQCQ5A,0,0,0,0,0
8/8/2025,BRPTBQCV5A,450,450,422,422,400
8/8/2025,BRPTBQCX5B,125,140,104,108,2893900
8/8/2025,BRPTBQCZ5A,0,0,0,0,0
8/8/2025,BRPTDRCF6A,234,234,210,218,138700
8/8/2025,BRPTDRCJ6A,145,145,118,122,469200
8/8/2025,BRPTDRCQ5A,294,294,270,274,1400
8/8/2025,BRPTDRCX5A,250,278,248,262,23300
8/8/2025,BRPTDRPV5A,12,12,10,12,155600
8/8/2025,BRPTHDCH6A,0,0,0,0,0
8/8/2025,BRPTHDCH6B,177,177,177,177,100
8/8/2025,BRPTHDCQ5A,0,0,0,0,0
8/8/2025,BRPTHDPG6A,242,248,242,248,42100
8/8/2025,BRPTYUCZ5A,161,161,156,156,700
8/8/2025,BRPTZPCF6A,270,270,270,270,1000000
8/8/2025,BRPTZPCX5A,0,0,0,0,0
8/8/2025,BRRC,76,76,73,74,20025000
8/8/2025,BRRC-W,9,10,9,10,4714900
8/8/2025,BSBK,50,55,50,53,178691100
8/8/2025,BSDE,815,840,810,835,17348200
8/8/2025,BSDEDRCJ6A,23,24,23,24,200000
8/8/2025,BSDEZPCH6A,0,0,0,0,0
8/8/2025,BSIM,880,880,835,850,27600
8/8/2025,BSML,101,109,99,105,59152400
8/8/2025,BSSR,3900,3930,3890,3900,237600
8/8/2025,BSWD,0,0,0,0,0
8/8/2025,BTEK,5,5,5,5,58017000
8/8/2025,BTEL,0,0,0,0,0
8/8/2025,BTON,0,0,0,0,0
8/8/2025,BTPN,2050,2070,2050,2060,43700
8/8/2025,BTPS,1375,1450,1370,1440,20722700
8/8/2025,BTPSZPCH6A,40,41,40,41,190000
8/8/2025,BUAH,1320,1325,1285,1310,51700
8/8/2025,BUDI,232,232,228,232,164700
8/8/2025,BUKA,171,175,168,175,265399300
8/8/2025,BUKABQCZ5B,22,24,22,23,12410400
8/8/2025,BUKAHDCZ5A,136,136,136,136,200
8/8/2025,BUKK,830,830,825,825,2100
8/8/2025,BULL,132,132,128,129,111991900
8/8/2025,BUMI,112,113,109,110,1115690600
8/8/2025,BUVA,0,0,0,0,0
8/8/2025,BVIC,95,99,90,93,23397200
8/8/2025,BVIC-W,48,49,46,47,75000
8/8/2025,BWPT,120,120,114,116,211595200
8/8/2025,BYAN,18350,18400,18350,18350,26300
8/8/2025,CAKK,135,138,130,132,407300
8/8/2025,CAMP,210,212,206,210,5709300
8/8/2025,CANI,38,38,38,38,29100
8/8/2025,CARE,262,268,258,264,19319700
8/8/2025,CARS,98,117,98,108,113988100
8/8/2025,CASA,1060,1080,1050,1080,4693900
8/8/2025,CASH,62,62,59,60,150900
8/8/2025,CASS,2200,2310,2200,2200,145500
8/8/2025,CBDK,5950,5950,5800,5825,4761200
8/8/2025,CBMF,0,0,0,0,0
8/8/2025,CBPE,179,180,177,178,221600
8/8/2025,CBRE,115,122,115,122,43928100
8/8/2025,CBUT,1225,1225,1200,1200,25300
8/8/2025,CCSI,322,322,302,320,487500
8/8/2025,CDIA,1700,1725,1525,1580,293903500
8/8/2025,CEKA,2560,2600,2540,2560,56600
8/8/2025,CENT,106,107,98,99,24812900
8/8/2025,CFIN,314,316,312,312,1503100
8/8/2025,CGAS,116,117,113,113,12215800
8/8/2025,CHEK,194,212,192,198,85136600
8/8/2025,CHEM,72,82,71,78,80981900
8/8/2025,CHIP,1325,1330,1315,1330,73000
8/8/2025,CINT,157,159,155,156,216200
8/8/2025,CITA,3960,3960,3850,3910,214500
8/8/2025,CITY,94,100,91,100,5572300
8/8/2025,CLAY,1305,1335,1225,1250,226900
8/8/2025,CLEO,585,585,570,575,8384800
8/8/2025,CLPI,1265,1270,1245,1255,67500
8/8/2025,CMNP,1300,1310,1300,1305,251200
8/8/2025,CMNP-W,0,0,0,0,0
8/8/2025,CMNT,830,850,810,825,42342600
8/8/2025,CMPP,72,73,72,73,109800
8/8/2025,CMRY,5000,5075,4970,5000,673300
8/8/2025,CMRYZPCJ6A,0,0,0,0,0
8/8/2025,CNKO,68,68,68,68,22556300
8/8/2025,CNMA,143,143,136,141,44598300
8/8/2025,CNTB,0,0,0,0,0
8/8/2025,CNTX,0,0,0,0,0
8/8/2025,COAL,32,33,32,33,544500
8/8/2025,COCO,0,0,0,0,0
8/8/2025,COIN,2190,2290,1600,1600,565051100
8/8/2025,COWL,0,0,0,0,0
8/8/2025,CPIN,4530,4560,4500,4500,7436200
8/8/2025,CPINDRCG6A,73,74,72,72,5200
8/8/2025,CPINDRCQ5A,0,0,0,0,0
8/8/2025,CPINHDCQ5A,8,8,7,7,356200
8/8/2025,CPINZPCJ6A,44,44,44,44,200000
8/8/2025,CPRI,0,0,0,0,0
8/8/2025,CPRO,52,52,51,51,52007600
8/8/2025,CRAB,236,240,234,234,2616300
8/8/2025,CRSN,108,112,107,109,878500
8/8/2025,CSAP,266,266,258,264,73400
8/8/2025,CSIS,113,119,99,101,21923100
8/8/2025,CSMI,418,446,410,422,12912700
8/8/2025,CSRA,740,745,725,745,1576000
8/8/2025,CTBN,0,0,0,0,0
8/8/2025,CTRA,935,955,930,955,16675200
8/8/2025,CTRADRCJ6A,0,0,0,0,0
8/8/2025,CTRAYUCZ5A,54,54,54,54,100
8/8/2025,CTRAZPCG6A,0,0,0,0,0
8/8/2025,CTTH,27,27,27,27,3000
8/8/2025,CUAN,1705,1750,1560,1565,768553600
8/8/2025,CYBR,905,915,880,900,10591000
8/8/2025,CYBR-W,520,520,505,505,2000
8/8/2025,DAAZ,3480,3620,3330,3500,681000
8/8/2025,DADA,11,11,11,11,192997900
8/8/2025,DART,159,159,156,157,77900
8/8/2025,DATA,1800,2030,1750,1945,17966200
8/8/2025,DAYA,1010,1010,950,1000,103400
8/8/2025,DCII,281075,281075,281075,281075,2700
8/8/2025,DEAL,0,0,0,0,0
8/8/2025,DEFI,0,0,0,0,0
8/8/2025,DEPO,202,202,200,202,29700
8/8/2025,DEWA,226,228,218,222,170055100
8/8/2025,DEWI,102,104,101,104,69833700
8/8/2025,DFAM,54,55,53,53,547800
8/8/2025,DGIK,96,97,94,94,1893200
8/8/2025,DGNS,151,154,149,152,607900
8/8/2025,DGWG,412,418,406,408,8939500
8/8/2025,DIGI,28,28,26,26,3828600
8/8/2025,DILD,131,131,128,128,3705800
8/8/2025,DIVA,107,108,105,106,1118700
8/8/2025,DKFT,755,900,735,880,107510400
8/8/2025,DKHH,76,78,73,74,23419400
8/8/2025,DKHH-W,15,16,14,15,2781500
8/8/2025,DLTA,2000,2010,2000,2010,42500
8/8/2025,DMAS,138,139,137,138,32718300
8/8/2025,DMMX,366,366,356,360,1256600
8/8/2025,DMND,580,580,570,570,84100
8/8/2025,DNAR,114,114,112,113,1421500
8/8/2025,DNET,9300,9450,9000,9250,7700
8/8/2025,DOID,358,364,352,352,14293800
8/8/2025,DOOH,166,166,149,156,237956100
8/8/2025,DOSS,136,140,135,137,1899200
8/8/2025,DPNS,240,250,240,242,24000
8/8/2025,DPUM,50,50,50,50,100000
8/8/2025,DRMA,955,965,955,960,215800
8/8/2025,DSFI,90,91,80,82,32189200
8/8/2025,DSNG,1450,1490,1445,1485,46480100
8/8/2025,DSSA,78600,78600,75150,78600,10776300
8/8/2025,DUCK,0,0,0,0,0
8/8/2025,DUTI,3450,3450,3400,3400,300
8/8/2025,DVLA,1670,1675,1650,1650,3700
8/8/2025,DWGL,230,236,228,234,879400
8/8/2025,DYAN,85,86,84,85,4863000
8/8/2025,EAST,96,96,94,95,1703900
8/8/2025,ECII,174,185,171,176,1487800
8/8/2025,EDGE,4340,4340,4230,4230,48500
8/8/2025,EKAD,183,183,180,182,168300
8/8/2025,ELIT,185,188,177,181,9642700
8/8/2025,ELPI,320,330,320,320,331800
8/8/2025,ELSA,482,484,478,480,8562400
8/8/2025,ELSADRCJ6A,35,35,34,34,285000
8/8/2025,ELSAZPCG6A,33,33,33,33,700
8/8/2025,ELTY,11,11,11,11,40996200
8/8/2025,EMDE,91,91,89,90,973000
8/8/2025,EMTK,810,880,780,880,117986300
8/8/2025,EMTKBQCZ5A,0,0,0,0,0
8/8/2025,EMTKHDCZ5A,129,140,129,140,43300
8/8/2025,EMTKYUCV5A,72,82,72,81,12005300
8/8/2025,EMTKZPCH6A,74,89,73,87,19603200
8/8/2025,ENAK,700,715,685,715,575500
8/8/2025,ENRG,625,630,540,545,357701800
8/8/2025,ENRGDRCJ6A,87,87,71,75,1082000
8/8/2025,ENRGHDCZ5A,216,216,200,200,9500
8/8/2025,ENRGZPCG6A,166,166,166,166,600
8/8/2025,ENVY,0,0,0,0,0
8/8/2025,ENZO,33,34,33,34,12100
8/8/2025,EPAC,13,14,13,14,1184400
8/8/2025,EPMT,2300,2310,2290,2300,13500
8/8/2025,ERAA,440,446,436,440,61510500
8/8/2025,ERAABQCZ5A,0,0,0,0,0
8/8/2025,ERAADRCJ6A,0,0,0,0,0
8/8/2025,ERAAHDCZ5A,39,39,38,38,15200
8/8/2025,ERAAZPCH6A,0,0,0,0,0
8/8/2025,ERAL,350,362,342,354,20579000
8/8/2025,ERTX,102,103,101,102,816200
8/8/2025,ESIP,36,37,36,37,1428900
8/8/2025,ESSA,620,620,600,600,25854600
8/8/2025,ESSABQCZ5A,52,52,52,52,1000
8/8/2025,ESSAHDCH6A,56,56,56,56,8000
8/8/2025,ESSAYUCZ5A,46,46,46,46,100
8/8/2025,ESTA,65,66,63,65,919600
8/8/2025,ESTI,47,47,47,47,351700
8/8/2025,ETWA,0,0,0,0,0
8/8/2025,EURO,230,238,208,238,932900
8/8/2025,EXCL,2540,2640,2540,2640,20042400
8/8/2025,EXCLHDCQ5A,0,0,0,0,0
8/8/2025,EXCLZPCF6A,74,74,72,74,474800
8/8/2025,FAPA,5575,5600,5575,5600,4400
8/8/2025,FAST,330,334,322,328,1600800
8/8/2025,FASW,0,0,0,0,0
8/8/2025,FILM,3710,3900,3590,3670,12978400
8/8/2025,FIMP,69,76,69,76,221500
8/8/2025,FIRE,74,74,70,72,12625800
8/8/2025,FISH,0,0,0,0,0
8/8/2025,FITT,216,222,193,212,1915900
8/8/2025,FLMC,56,61,56,61,5009700
8/8/2025,FMII,366,390,364,372,269200
8/8/2025,FOLK,86,86,82,82,2940300
8/8/2025,FOOD,100,105,100,104,700
8/8/2025,FORE,580,585,560,560,11919600
8/8/2025,FORU,1740,1740,1465,1465,1095400
8/8/2025,FPNI,194,196,191,192,825400
8/8/2025,FUJI,416,422,400,422,126000
8/8/2025,FUTR,108,124,99,111,946055000
8/8/2025,FWCT,156,158,150,154,2405900
8/8/2025,GAMA,0,0,0,0,0
8/8/2025,GDST,107,107,104,106,620400
8/8/2025,GDYR,1190,1190,1165,1165,2300
8/8/2025,GEMA,102,105,99,102,7622900
8/8/2025,GEMS,9150,9650,9100,9375,644400
8/8/2025,GGRM,8775,8800,8450,8550,1508900
8/8/2025,GGRMZPCG6A,39,39,39,39,499000
8/8/2025,GGRP,0,0,0,0,0
8/8/2025,GHON,1600,1720,1600,1610,19400
8/8/2025,GIAA,68,68,67,68,23083600
8/8/2025,GJTL,1040,1040,1010,1020,5649800
8/8/2025,GJTLZPCJ6A,25,25,25,25,2000
8/8/2025,GLOB,0,0,0,0,0
8/8/2025,GLVA,324,348,324,332,297800
8/8/2025,GMFI,61,61,60,60,398700
8/8/2025,GMTD,2170,2200,2160,2200,1000
8/8/2025,GOLD,244,270,240,242,758000
8/8/2025,GOLF,216,218,212,218,1131000
8/8/2025,GOLL,0,0,0,0,0
8/8/2025,GOOD,386,386,376,380,195200
8/8/2025,GOTO,63,64,61,62,1944611300
8/8/2025,GOTOBQCZ5A,3,4,3,3,1000400
8/8/2025,GOTODRCG6A,12,12,12,12,138300
8/8/2025,GOTODRCQ5A,0,0,0,0,0
8/8/2025,GOTOHDCQ5A,0,0,0,0,0
8/8/2025,GOTOM,0,0,0,0,0
8/8/2025,GOTOZPCH6A,30,30,29,29,589400
8/8/2025,GPRA,159,160,153,158,67976700
8/8/2025,GPSO,368,368,352,364,1162100
8/8/2025,GRIA,94,95,92,93,5472700
8/8/2025,GRPH,50,51,50,50,1513900
8/8/2025,GRPM,46,48,46,48,1485800
8/8/2025,GRPM-W,13,13,12,13,660300
8/8/2025,GSMF,55,56,55,55,241400
8/8/2025,GTBO,198,198,186,189,244300
8/8/2025,GTRA,149,149,142,142,246800
8/8/2025,GTSI,48,48,44,44,4686700
8/8/2025,GULA,262,266,254,262,1283600
8/8/2025,GUNA,252,254,244,248,379000
8/8/2025,GWSA,140,159,140,154,6453900
8/8/2025,GZCO,112,113,107,107,22817500
8/8/2025,HADE,9,9,9,9,2226700
8/8/2025,HAIS,188,188,185,187,829700
8/8/2025,HAJJ,115,115,110,114,7445400
8/8/2025,HAJJ-W,13,14,12,13,4308600
8/8/2025,HALO,80,81,79,79,3157900
8/8/2025,HALO-W,10,10,8,9,1748100
8/8/2025,HATM,266,268,260,268,28195500
8/8/2025,HBAT,100,103,98,103,992400
8/8/2025,HDFA,114,114,113,113,42100
8/8/2025,HDIT,26,26,24,24,19285300
8/8/2025,HEAL,1670,1670,1625,1645,7786000
8/8/2025,HEALDRCJ6A,55,55,55,55,14400
8/8/2025,HEALHDCH6A,148,148,148,148,500
8/8/2025,HEALYUCZ5A,74,75,74,75,3100
8/8/2025,HEALZPCH6A,0,0,0,0,0
8/8/2025,HELI,254,256,250,254,339400
8/8/2025,HERO,406,412,402,410,15500
8/8/2025,HEXA,5375,5425,5350,5375,265200
8/8/2025,HGII,152,152,141,146,9703300
8/8/2025,HILL,206,206,200,202,3746700
8/8/2025,HITS,0,0,0,0,0
8/8/2025,HKMU,0,0,0,0,0
8/8/2025,HMSP,530,530,520,525,8557300
8/8/2025,HOKI,87,87,83,85,18618500
8/8/2025,HOME,0,0,0,0,0
8/8/2025,HOMI,196,206,196,198,77800
8/8/2025,HOPE,0,0,0,0,0
8/8/2025,HOTL,0,0,0,0,0
8/8/2025,HRME,33,33,32,32,3462900
8/8/2025,HRTA,735,745,715,735,25929400
8/8/2025,HRUM,890,895,850,850,15165100
8/8/2025,HRUMZPCG6A,36,36,35,35,543700
8/8/2025,HUMI,69,71,67,69,100944900
8/8/2025,HUMI-W,14,16,13,15,48450300
8/8/2025,HYGN,154,155,152,155,2414600
8/8/2025,IATA,58,58,56,56,3251100
8/8/2025,IATA-W,31,31,29,29,19500
8/8/2025,IBFN,16,16,16,16,349400
8/8/2025,IBOS,42,42,36,37,59133000
8/8/2025,IBST,0,0,0,0,0
8/8/2025,ICBP,9450,9450,9350,9350,7653700
8/8/2025,ICBPDRCQ5A,0,0,0,0,0
8/8/2025,ICBPDRCX6A,4180,4180,4140,4140,900
8/8/2025,ICBPHDCQ5A,0,0,0,0,0
8/8/2025,ICBPZPCX5A,39,39,39,39,50000
8/8/2025,ICON,40,40,40,40,518300
8/8/2025,IDEA,81,83,80,82,781700
8/8/2025,IDPR,210,214,208,214,257000
8/8/2025,IFII,222,222,216,220,628700
8/8/2025,IFSH,765,790,750,760,12300
8/8/2025,IGAR,550,555,545,550,1800
8/8/2025,IIKP,0,0,0,0,0
8/8/2025,IKAI,8,8,8,8,2442900
8/8/2025,IKAN,135,142,115,125,139976500
8/8/2025,IKBI,472,472,464,470,109900
8/8/2025,IKPM,197,197,192,194,516800
8/8/2025,IMAS,1095,1095,1055,1075,973400
8/8/2025,IMJS,250,262,244,252,32709000
8/8/2025,IMPC,580,705,560,660,74897100
8/8/2025,INAF,0,0,0,0,0
8/8/2025,INAI,157,160,157,157,327600
8/8/2025,INCF,31,31,31,31,399700
8/8/2025,INCI,590,590,580,580,24500
8/8/2025,INCO,4110,4120,4010,4010,15578300
8/8/2025,INCOBQCQ5A,206,206,206,206,100
8/8/2025,INCOBQCV5A,78,85,76,84,28700
8/8/2025,INCODRCQ5A,11,12,9,10,13457200
8/8/2025,INCODRCX5A,112,112,112,112,102000
8/8/2025,INCODRPV5A,32,32,32,32,29000
8/8/2025,INCOHDCQ5A,165,165,165,165,1800
8/8/2025,INCOYUCZ5A,113,113,113,113,200
8/8/2025,INCOZPCX5A,168,168,168,168,10000
8/8/2025,INDF,8225,8275,8125,8150,3960800
8/8/2025,INDFBQCV5A,0,0,0,0,0
8/8/2025,INDFDRCQ5A,20,20,20,20,100
8/8/2025,INDFDRCX6A,0,0,0,0,0
8/8/2025,INDFHDCQ5A,0,0,0,0,0
8/8/2025,INDO,192,192,187,190,2100300
8/8/2025,INDR,2290,2290,2200,2290,60600
8/8/2025,INDS,216,216,210,212,243700
8/8/2025,INDX,75,99,75,94,173840700
8/8/2025,INDY,1375,1375,1335,1345,5093600
8/8/2025,INDYZPCG6A,43,43,43,43,1100
8/8/2025,INET,314,316,282,288,454114900
8/8/2025,INET-W,220,220,175,195,44900700
8/8/2025,INKP,7600,8150,7600,8000,29541700
8/8/2025,INKPBQCX5A,84,85,82,82,1087800
8/8/2025,INKPDRCF6A,193,230,193,222,13244100
8/8/2025,INKPDRCQ5A,39,56,39,53,1695500
8/8/2025,INKPHDCQ5A,24,33,21,30,4442600
8/8/2025,INKPZPCF6A,0,0,0,0,0
8/8/2025,INOV,86,88,85,87,394300
8/8/2025,INPC,153,154,150,151,9463300
8/8/2025,INPP,0,0,0,0,0
8/8/2025,INPS,126,127,124,126,339800
8/8/2025,INRU,635,665,630,655,103100
8/8/2025,INTA,13,13,13,13,200500
8/8/2025,INTD,191,191,188,189,24300
8/8/2025,INTP,6125,6175,6100,6125,4182100
8/8/2025,INTPZPCG6A,0,0,0,0,0
8/8/2025,IOTF,85,86,83,84,49263800
8/8/2025,IPAC,143,147,130,142,85000
8/8/2025,IPCC,1100,1105,1075,1080,1843400
8/8/2025,IPCM,298,298,288,292,3378200
8/8/2025,IPOL,134,134,133,133,65900
8/8/2025,IPPE,0,0,0,0,0
8/8/2025,IPTV,29,29,29,29,7598900
8/8/2025,IRRA,436,436,428,428,456000
8/8/2025,IRSX,116,116,116,116,23259400
8/8/2025,ISAP,15,15,14,15,145951300
8/8/2025,ISAP-W,5,5,4,4,15931900
8/8/2025,ISAT,2290,2380,2240,2270,7688300
8/8/2025,ISATBQCU5A,61,61,60,60,400000
8/8/2025,ISATDRCG6A,93,93,93,93,100
8/8/2025,ISATDRCX5A,73,73,69,69,6200
8/8/2025,ISATHDCQ5A,126,126,126,126,9200
8/8/2025,ISATZPCF6A,0,0,0,0,0
8/8/2025,ISEA,87,88,84,84,12011900
8/8/2025,ISSP,362,394,356,384,19393000
8/8/2025,ITIC,222,222,218,220,132600
8/8/2025,ITMA,745,750,730,740,13020700
8/8/2025,ITMG,23200,23425,23125,23350,1786400
8/8/2025,ITMGZPCJ6A,0,0,0,0,0
8/8/2025,JARR,615,670,590,630,26478900
8/8/2025,JAST,98,98,94,94,14887600
8/8/2025,JATI,141,145,139,141,9045400
8/8/2025,JAWA,146,147,143,143,2137700
8/8/2025,JAYA,93,102,93,94,5679400
8/8/2025,JECC,815,860,815,845,28600
8/8/2025,JGLE,8,9,8,8,4101800
8/8/2025,JIHD,615,620,605,605,867100
8/8/2025,JKON,76,78,74,74,16218000
8/8/2025,JMAS,135,137,135,136,322500
8/8/2025,JPFA,1600,1610,1580,1590,10014100
8/8/2025,JPFABQCZ5A,0,0,0,0,0
8/8/2025,JPFADRCJ6A,36,36,36,36,28400
8/8/2025,JPFAHDCZ5A,0,0,0,0,0
8/8/2025,JPFAZPCG6A,0,0,0,0,0
8/8/2025,JRPT,745,750,740,750,486500
8/8/2025,JSKY,0,0,0,0,0
8/8/2025,JSMR,3540,3570,3510,3520,5470900
8/8/2025,JSMRHDCH6A,0,0,0,0,0
8/8/2025,JSMRZPCG6A,0,0,0,0,0
8/8/2025,JSPT,4220,4220,4170,4200,11400
8/8/2025,JTPE,266,268,264,266,5444200
8/8/2025,KAEF,535,535,520,525,771300
8/8/2025,KAQI,50,50,50,50,658100
8/8/2025,KARW,665,665,640,640,570600
8/8/2025,KAYU,0,0,0,0,0
8/8/2025,KBAG,30,30,30,30,1186700
8/8/2025,KBLI,368,380,368,370,169200
8/8/2025,KBLM,324,332,322,328,400300
8/8/2025,KBLV,95,118,85,90,370944600
8/8/2025,KBRI,0,0,0,0,0
8/8/2025,KDSI,464,478,464,478,2800
8/8/2025,KDTN,119,123,119,121,64400
8/8/2025,KEEN,800,805,790,790,4624700
8/8/2025,KEJU,700,700,635,640,9893600
8/8/2025,KETR,236,302,236,278,11536500
8/8/2025,KIAS,0,0,0,0,0
8/8/2025,KICI,115,115,111,113,89600
8/8/2025,KIJA,197,200,193,199,137266200
8/8/2025,KING,216,222,212,212,714800
8/8/2025,KING-W,12,12,10,11,10543700
8/8/2025,KINO,1100,1100,1065,1100,25200
8/8/2025,KIOS,77,78,69,71,36738600
8/8/2025,KJEN,105,108,103,105,1066500
8/8/2025,KKES,32,32,32,32,287800
8/8/2025,KKGI,332,336,328,328,3070400
8/8/2025,KLAS,148,149,145,145,13138900
8/8/2025,KLBF,1390,1390,1350,1375,31285900
8/8/2025,KLBFBQCV5A,43,43,43,43,4100
8/8/2025,KLBFDRCG6A,39,39,39,39,200
8/8/2025,KLBFDRCQ5A,0,0,0,0,0
8/8/2025,KLBFHDCQ5A,0,0,0,0,0
8/8/2025,KLBFZPCF6A,0,0,0,0,0
8/8/2025,KLBFZPCJ6A,0,0,0,0,0
8/8/2025,KLIN,181,190,169,185,745500
8/8/2025,KMDS,630,645,620,625,177900
8/8/2025,KMTR,270,272,268,270,412600
8/8/2025,KOBX,143,144,140,140,1122500
8/8/2025,KOCI,54,65,54,59,162754500
8/8/2025,KOCI-W,6,9,6,8,37757400
8/8/2025,KOIN,63,63,63,63,3500
8/8/2025,KOKA,104,114,99,102,69070200
8/8/2025,KONI,1205,1210,1205,1205,2600
8/8/2025,KOPI,352,354,346,348,353500
8/8/2025,KOTA,18,18,17,17,9271700
8/8/2025,KPIG,230,244,197,202,364642900
8/8/2025,KRAS,262,266,258,260,14294100
8/8/2025,KREN,9,9,9,9,2300200
8/8/2025,KRYA,266,268,248,258,44352200
8/8/2025,KSIX,200,202,199,200,538700
8/8/2025,KUAS,67,70,65,67,26711300
8/8/2025,LABA,0,0,0,0,0
8/8/2025,LABS,132,134,130,133,749700
8/8/2025,LAJU,50,50,50,50,780800
8/8/2025,LAND,27,27,27,27,4277200
8/8/2025,LAPD,78,78,77,78,12754100
8/8/2025,LCGP,0,0,0,0,0
8/8/2025,LCKM,216,216,200,208,404100
8/8/2025,LEAD,70,71,69,70,6856800
8/8/2025,LFLO,270,270,258,262,29000
8/8/2025,LIFE,6850,7275,6850,7275,3900
8/8/2025,LINK,1960,1960,1770,1800,3100
8/8/2025,LION,376,376,360,370,8800
8/8/2025,LIVE,188,189,185,185,20622800
8/8/2025,LMAS,0,0,0,0,0
8/8/2025,LMAX,74,75,71,74,1862300
8/8/2025,LMPI,140,140,137,137,309200
8/8/2025,LMSH,0,0,0,0,0
8/8/2025,LOPI,65,68,58,63,50507600
8/8/2025,LPCK,510,510,498,510,1277800
8/8/2025,LPGI,442,442,420,430,4300
8/8/2025,LPIN,396,400,394,398,276400
8/8/2025,LPKR,90,90,86,87,34291900
8/8/2025,LPLI,276,292,274,276,51300
8/8/2025,LPPF,1585,1585,1560,1560,2959200
8/8/2025,LPPS,61,61,57,58,6374600
8/8/2025,LRNA,166,173,166,166,47400
8/8/2025,LSIP,1325,1335,1310,1330,7722200
8/8/2025,LSIPYUCZ5A,72,72,72,72,100
8/8/2025,LSIPZPCG6A,73,75,73,75,6900
8/8/2025,LTLS,850,870,825,830,632600
8/8/2025,LUCK,87,95,82,84,31062600
8/8/2025,LUCY,73,74,70,73,206800
8/8/2025,MABA,0,0,0,0,0
8/8/2025,MAGP,0,0,0,0,0
8/8/2025,MAHA,133,135,133,135,1178500
8/8/2025,MAIN,630,635,625,630,1745700
8/8/2025,MANG,43,44,40,40,31201200
8/8/2025,MANG-W,31,34,30,31,250000
8/8/2025,MAPA,640,660,630,645,28401600
8/8/2025,MAPADRCJ6A,20,20,20,20,372700
8/8/2025,MAPAHDCZ5A,47,47,47,47,600
8/8/2025,MAPAZPCH6A,39,41,39,41,100000
8/8/2025,MAPB,1840,1840,1790,1790,1200
8/8/2025,MAPI,1220,1220,1185,1200,9874500
8/8/2025,MAPIBQCV5A,11,12,11,11,3000400
8/8/2025,MAPIDRCQ5A,6,6,5,5,4233500
8/8/2025,MAPIDRCX5A,25,25,25,25,100
8/8/2025,MAPIHDCQ5A,0,0,0,0,0
8/8/2025,MAPIZPCJ6A,55,55,55,55,4000
8/8/2025,MARI,21,21,20,21,13287800
8/8/2025,MARK,680,680,655,670,19238800
8/8/2025,MASA,0,0,0,0,0
8/8/2025,MASB,3310,3330,3210,3210,1000
8/8/2025,MAXI,50,51,50,51,761300
8/8/2025,MAYA,184,187,182,184,1137800
8/8/2025,MBAP,1680,1680,1650,1660,55400
8/8/2025,MBMA,440,442,422,430,533452600
8/8/2025,MBMABQCX5A,23,24,22,24,7473000
8/8/2025,MBMADRCQ5A,10,10,4,6,27813600
8/8/2025,MBMADRCX5A,36,36,30,31,3838200
8/8/2025,MBMAHDCH6A,73,73,72,72,753000
8/8/2025,MBMAHDCQ5A,3,3,2,2,15010500
8/8/2025,MBMAZPCX5A,57,60,57,58,118200
8/8/2025,MBSS,1405,1445,1370,1425,1097200
8/8/2025,MBTO,117,131,110,123,69301100
8/8/2025,MCAS,970,970,945,960,12900
8/8/2025,MCOL,4020,4020,3980,3990,18800
8/8/2025,MCOR,65,66,64,65,4158800
8/8/2025,MDIA,28,28,27,27,1074400
8/8/2025,MDIY,1290,1305,1285,1290,1318300
8/8/2025,MDKA,2500,2510,2420,2470,26576100
8/8/2025,MDKABQCV5A,131,131,127,127,102600
8/8/2025,MDKABQCX5B,0,0,0,0,0
8/8/2025,MDKADRCQ5A,40,40,34,38,243900
8/8/2025,MDKADRCV5A,103,103,99,100,411100
8/8/2025,MDKAHDCU5A,0,0,0,0,0
8/8/2025,MDKAHDCZ5A,0,0,0,0,0
8/8/2025,MDKAYUCQ5A,140,140,140,140,100
8/8/2025,MDKAZPCF6A,87,87,87,87,2500
8/8/2025,MDKI,161,162,157,160,229500
8/8/2025,MDLA,193,206,190,200,46284700
8/8/2025,MDLN,52,55,51,53,94907700
8/8/2025,MDRN,12,12,12,12,39670700
8/8/2025,MEDC,1225,1225,1195,1205,21861400
8/8/2025,MEDCBQCV5A,61,61,61,61,70000
8/8/2025,MEDCBQCX5B,38,38,38,38,1000
8/8/2025,MEDCBQCZ5A,0,0,0,0,0
8/8/2025,MEDCDRCG6A,35,35,35,35,42200
8/8/2025,MEDCDRCQ5A,29,30,28,30,5596000
8/8/2025,MEDCDRPV5A,37,37,37,37,7500
8/8/2025,MEDCHDCH6A,0,0,0,0,0
8/8/2025,MEDCHDCQ5A,0,0,0,0,0
8/8/2025,MEDCZPCF6A,32,32,32,32,2000
8/8/2025,MEDS,50,50,50,50,35000
8/8/2025,MEGA,3260,3260,3240,3240,7700
8/8/2025,MEJA,40,40,40,40,32506000
8/8/2025,MEJA-W,6,7,6,7,32497200
8/8/2025,MENN,50,50,45,46,49557600
8/8/2025,MERI,286,286,274,278,13432700
8/8/2025,MERK,2840,2890,2840,2850,7600
8/8/2025,META,0,0,0,0,0
8/8/2025,MFIN,650,650,650,650,386900
8/8/2025,MFMI,0,0,0,0,0
8/8/2025,MGLV,496,565,496,565,725000
8/8/2025,MGNA,34,34,34,34,684000
8/8/2025,MGNA-W,18,18,18,18,10000
8/8/2025,MGRO,710,715,705,715,5296200
8/8/2025,MHKI,129,132,121,124,2104500
8/8/2025,MICE,472,474,470,474,19200
8/8/2025,MIDI,446,468,446,466,24741700
8/8/2025,MIKA,2430,2430,2370,2410,5021500
8/8/2025,MIKAZPCG6A,0,0,0,0,0
8/8/2025,MINA,0,0,0,0,0
8/8/2025,MINE,486,486,472,476,3419800
8/8/2025,MIRA,26,28,26,27,3572800
8/8/2025,MITI,184,188,180,184,435300
8/8/2025,MKAP,348,350,346,350,103900
8/8/2025,MKNT,0,0,0,0,0
8/8/2025,MKPI,25000,25975,25000,25925,9700
8/8/2025,MKTR,108,109,105,106,646100
8/8/2025,MKTR-W,8,9,7,9,1606700
8/8/2025,MLBI,6200,6225,6125,6200,105000
8/8/2025,MLIA,324,326,318,322,3750300
8/8/2025,MLPL,123,124,116,118,179308200
8/8/2025,MLPT,39750,43000,39750,43000,45000
8/8/2025,MMIX,230,240,226,240,3495400
8/8/2025,MMLP,535,540,530,530,7407100
8/8/2025,MNCN,262,264,258,258,10030500
8/8/2025,MOLI,206,212,202,206,1291200
8/8/2025,MORA,378,380,374,378,387400
8/8/2025,MPIX,62,63,60,62,2733200
8/8/2025,MPIX-W,7,8,7,8,2341200
8/8/2025,MPMX,965,970,960,960,1597500
8/8/2025,MPOW,127,129,122,124,7458200
8/8/2025,MPPA,74,77,70,71,172585600
8/8/2025,MPRO,2950,2990,2950,2950,74100
8/8/2025,MPXL,104,106,103,105,2670800
8/8/2025,MRAT,256,256,246,248,154600
8/8/2025,MREI,970,970,930,935,66800
8/8/2025,MSIE,31,33,30,33,36937100
8/8/2025,MSIN,515,515,492,496,14678200
8/8/2025,MSJA,314,314,300,304,2240600
8/8/2025,MSKY,80,82,72,73,46826000
8/8/2025,MSTI,1655,1670,1635,1655,1787600
8/8/2025,MTDL,590,595,575,590,6896700
8/8/2025,MTEL,625,630,625,625,6124000
8/8/2025,MTFN,5,5,5,5,57019100
8/8/2025,MTLA,440,440,440,440,4000
8/8/2025,MTMH,890,900,870,875,47000
8/8/2025,MTPS,40,42,40,42,244000
8/8/2025,MTRA,0,0,0,0,0
8/8/2025,MTSM,0,0,0,0,0
8/8/2025,MTWI,390,390,346,384,913200
8/8/2025,MUTU,95,95,90,92,1295800
8/8/2025,MYOH,1700,1700,1685,1700,11100
8/8/2025,MYOR,2220,2220,2180,2210,3661200
8/8/2025,MYORZPCH6A,0,0,0,0,0
8/8/2025,MYTX,0,0,0,0,0
8/8/2025,NAIK,158,159,154,155,10346100
8/8/2025,NAIK-W,28,29,26,28,6638100
8/8/2025,NANO,24,26,22,26,99071600
8/8/2025,NASA,16,17,16,17,67900
8/8/2025,NASI,84,84,82,83,2401800
8/8/2025,NATO,148,148,139,140,88100
8/8/2025,NAYZ,52,52,48,52,13954200
8/8/2025,NCKL,1025,1025,965,1000,141275000
8/8/2025,NCKLYUCZ5A,93,93,82,88,80500
8/8/2025,NCKLZPCJ6A,61,61,55,58,1377200
8/8/2025,NELY,334,352,330,352,2973300
8/8/2025,NEST,294,300,290,296,2282200
8/8/2025,NETV,146,147,140,142,3991200
8/8/2025,NFCX,1900,1910,1880,1900,35200
8/8/2025,NICE,444,444,428,430,4282600
8/8/2025,NICK,1310,1315,1295,1300,16000
8/8/2025,NICL,1050,1050,1015,1020,6872700
8/8/2025,NIKL,234,234,230,230,256200
8/8/2025,NINE,200,212,178,193,154632900
8/8/2025,NIRO,120,123,120,123,900
8/8/2025,NISP,1350,1355,1340,1350,3674200
8/8/2025,NOBU,550,550,530,530,4258800
8/8/2025,NPGF,50,50,50,50,136400
8/8/2025,NRCA,960,1000,910,1000,6926200
8/8/2025,NSSS,420,424,412,422,8449300
8/8/2025,NTBK,50,50,50,50,31700
8/8/2025,NUSA,0,0,0,0,0
8/8/2025,NZIA,94,94,91,92,540900
8/8/2025,OASA,208,208,183,197,125040800
8/8/2025,OBAT,402,404,390,398,1475800
8/8/2025,OBAT-W,62,63,59,60,1472200
8/8/2025,OBMD,199,200,197,199,64500
8/8/2025,OCAP,0,0,0,0,0
8/8/2025,OILS,127,140,123,133,7927900
8/8/2025,OKAS,210,214,204,210,2288100
8/8/2025,OLIV,25,26,23,23,8657500
8/8/2025,OMED,184,185,182,183,564900
8/8/2025,OMRE,0,0,0,0,0
8/8/2025,OPMS,71,76,70,71,21064000
8/8/2025,PACK,3840,3900,3710,3850,3625300
8/8/2025,PADA,24,24,24,24,16369600
8/8/2025,PADI,62,62,62,62,43938700
8/8/2025,PALM,380,380,366,376,204500
8/8/2025,PAMG,82,84,80,80,41130300
8/8/2025,PANI,16125,16300,15675,15800,6668500
8/8/2025,PANIHDCZ5A,240,240,240,240,100
8/8/2025,PANIZPCJ6A,100,101,100,100,70700
8/8/2025,PANR,730,760,710,750,12694500
8/8/2025,PANS,1395,1400,1385,1390,308600
8/8/2025,PART,130,142,128,135,49636000
8/8/2025,PART-W,28,33,28,31,7071000
8/8/2025,PBID,480,482,478,478,546300
8/8/2025,PBRX,25,25,25,25,20387400
8/8/2025,PBSA,412,412,404,408,1426100
8/8/2025,PCAR,28,28,28,28,587900
8/8/2025,PDES,555,560,545,560,130800
8/8/2025,PDPP,492,500,484,498,3208700
8/8/2025,PEGE,114,117,114,114,748100
8/8/2025,PEHA,340,346,330,338,136800
8/8/2025,PEVE,384,456,384,446,2271700
8/8/2025,PGAS,1695,1715,1680,1685,41327500
8/8/2025,PGASBQCU5A,127,127,127,127,27000
8/8/2025,PGASBQCZ5A,72,72,68,68,100100
8/8/2025,PGASDRCG6A,73,75,72,73,215400
8/8/2025,PGASDRCQ5A,0,0,0,0,0
8/8/2025,PGASHDCQ5A,50,50,50,50,9000
8/8/2025,PGASYUCQ5A,87,87,87,87,50100
8/8/2025,PGASZPCJ6A,48,49,45,45,503000
8/8/2025,PGEO,1630,1650,1610,1625,81273700
8/8/2025,PGEOBQCX5B,66,67,66,67,38000
8/8/2025,PGEODRCJ6A,63,65,63,63,624200
8/8/2025,PGEODRCQ5A,118,118,113,118,1900
8/8/2025,PGEODRPV5A,26,26,26,26,66000
8/8/2025,PGEOHDCH6A,87,87,83,85,22100
8/8/2025,PGEOHDCH6B,0,0,0,0,0
8/8/2025,PGEOHDCQ5A,119,119,119,119,100
8/8/2025,PGEOZPCJ6A,0,0,0,0,0
8/8/2025,PGJO,0,0,0,0,0
8/8/2025,PGLI,169,169,158,162,195100
8/8/2025,PGUN,0,0,0,0,0
8/8/2025,PICO,136,140,131,136,988400
8/8/2025,PIPA,73,80,73,80,32485200
8/8/2025,PJAA,468,480,464,466,53500
8/8/2025,PKPK,610,610,595,605,140900
8/8/2025,PLAN,40,47,40,46,4236300
8/8/2025,PLAS,0,0,0,0,0
8/8/2025,PLIN,0,0,0,0,0
8/8/2025,PMJS,116,120,115,117,90500
8/8/2025,PMMP,0,0,0,0,0
8/8/2025,PMUI,115,115,112,113,7537400
8/8/2025,PNBN,1155,1155,1135,1145,8726600
8/8/2025,PNBS,50,50,50,50,196700
8/8/2025,PNGO,2470,2470,2300,2400,29500
8/8/2025,PNIN,900,910,885,885,214900
8/8/2025,PNLF,250,254,248,250,181645100
8/8/2025,PNLFDRCJ6A,14,14,14,14,100
8/8/2025,PNLFHDCZ5A,0,0,0,0,0
8/8/2025,PNLFYUCV5A,13,13,13,13,39300
8/8/2025,PNLFZPCH6A,0,0,0,0,0
8/8/2025,PNSE,730,765,730,740,5200
8/8/2025,POLA,18,18,18,18,3942100
8/8/2025,POLI,0,0,0,0,0
8/8/2025,POLL,0,0,0,0,0
8/8/2025,POLU,0,0,0,0,0
8/8/2025,POLY,16,17,16,17,72400
8/8/2025,POOL,0,0,0,0,0
8/8/2025,PORT,950,950,920,945,6500
8/8/2025,POSA,0,0,0,0,0
8/8/2025,POWR,705,710,700,705,1717200
8/8/2025,PPGL,105,105,102,104,436300
8/8/2025,PPRE,59,59,57,59,1057300
8/8/2025,PPRI,250,294,202,294,217938500
8/8/2025,PPRO,0,0,0,0,0
8/8/2025,PRAY,615,620,615,620,4200
8/8/2025,PRDA,3000,3000,2870,2900,216300
8/8/2025,PRIM,62,64,62,63,1425400
8/8/2025,PSAB,430,430,410,420,87952500
8/8/2025,PSAT,1560,1560,1450,1480,4774500
8/8/2025,PSDN,85,85,82,83,651900
8/8/2025,PSGO,194,200,190,200,868600
8/8/2025,PSKT,63,63,62,62,9175500
8/8/2025,PSSI,346,348,344,344,161700
8/8/2025,PTBA,2410,2420,2390,2400,14962200
8/8/2025,PTBABQCV5A,0,0,0,0,0
8/8/2025,PTBADRCG6A,30,30,30,30,1200
8/8/2025,PTBADRCQ5A,0,0,0,0,0
8/8/2025,PTBAHDCQ5A,0,0,0,0,0
8/8/2025,PTBAYUCZ5A,102,102,100,100,200
8/8/2025,PTBAZPCH6A,0,0,0,0,0
8/8/2025,PTDU,0,0,0,0,0
8/8/2025,PTIS,394,410,386,386,62300
8/8/2025,PTMP,102,105,88,99,47018200
8/8/2025,PTMR,0,0,0,0,0
8/8/2025,PTPP,396,398,386,388,11141600
8/8/2025,PTPS,146,147,143,144,11840800
8/8/2025,PTPW,955,965,955,960,22100
8/8/2025,PTRO,4150,4150,3670,3750,164440600
8/8/2025,PTSN,260,264,252,262,1331500
8/8/2025,PTSP,970,995,915,995,52300
8/8/2025,PUDP,214,224,210,210,81100
8/8/2025,PURA,15,16,15,16,2483700
8/8/2025,PURE,0,0,0,0,0
8/8/2025,PURI,183,187,176,179,829200
8/8/2025,PWON,376,378,368,370,26874400
8/8/2025,PWONHDCZ5A,0,0,0,0,0
8/8/2025,PWONZPCH6A,0,0,0,0,0
8/8/2025,PYFA,530,570,494,520,155499400
8/8/2025,PYFA-W,99,100,93,96,3133700
8/8/2025,PZZA,184,189,177,178,3957800
8/8/2025,RAAM,358,360,294,294,29487000
8/8/2025,R-ABFII,0,0,0,0,0
8/8/2025,RAFI,0,0,0,0,0
8/8/2025,RAJA,2950,2950,2630,2650,56674900
8/8/2025,RALS,394,396,390,392,4479600
8/8/2025,RANC,414,414,410,410,28300
8/8/2025,RATU,7575,7600,7100,7275,20590100
8/8/2025,RBMS,24,25,24,24,127300
8/8/2025,RCCC,117,121,117,119,449100
8/8/2025,RDTX,0,0,0,0,0
8/8/2025,REAL,42,42,42,42,874300
8/8/2025,RELF,30,30,26,26,17110600
8/8/2025,RELI,640,640,555,595,313500
8/8/2025,RGAS,112,113,111,111,7514200
8/8/2025,RICY,35,35,33,33,16800
8/8/2025,RIGS,780,780,720,775,357200
8/8/2025,RIMO,0,0,0,0,0
8/8/2025,RISE,1040,1055,1040,1055,662900
8/8/2025,R-LQ45X,945,978,945,978,2300
8/8/2025,RMKE,595,610,595,605,898500
8/8/2025,RMKO,110,110,108,109,919200
8/8/2025,ROCK,0,0,0,0,0
8/8/2025,RODA,35,35,35,35,43300
8/8/2025,RONY,0,0,0,0,0
8/8/2025,ROTI,810,810,800,810,1187400
8/8/2025,RSCH,418,422,380,398,4457000
8/8/2025,RSGK,0,0,0,0,0
8/8/2025,RUIS,218,220,200,210,2189300
8/8/2025,RUNS,64,68,59,63,5009400
8/8/2025,SAFE,212,212,196,206,2680200
8/8/2025,SAGE,20,20,20,20,22213400
8/8/2025,SAME,326,332,316,320,5605500
8/8/2025,SAMF,344,344,340,342,100000
8/8/2025,SAPX,302,302,294,298,95200
8/8/2025,SATU,230,232,228,230,3498300
8/8/2025,SBAT,0,0,0,0,0
8/8/2025,SBMA,126,126,123,125,2477000
8/8/2025,SCCO,2370,2380,2260,2300,132400
8/8/2025,SCMA,228,238,222,236,217788100
8/8/2025,SCMABQCZ5A,64,70,64,69,800
8/8/2025,SCMAHDCZ5A,198,200,198,200,700
8/8/2025,SCMAZPCG6A,90,90,90,90,22900
8/8/2025,SCNP,176,181,167,174,77000
8/8/2025,SCPI,0,0,0,0,0
8/8/2025,SDMU,45,46,45,46,2456300
8/8/2025,SDPC,127,130,127,128,17900
8/8/2025,SDRA,292,294,290,290,413700
8/8/2025,SEMA,91,93,90,91,371600
8/8/2025,SFAN,1910,1910,1905,1905,94800
8/8/2025,SGER,358,358,332,344,209658700
8/8/2025,SGRO,2970,2970,2880,2890,2948800
8/8/2025,SHID,900,915,810,880,53400
8/8/2025,SHIP,3930,4390,3930,4060,111100
8/8/2025,SICO,111,112,108,110,3631800
8/8/2025,SIDO,505,510,500,510,15381500
8/8/2025,SILO,2120,2120,2080,2110,464900
8/8/2025,SIMA,0,0,0,0,0
8/8/2025,SIMP,620,625,605,615,15260000
8/8/2025,SINI,3460,3460,3460,3460,20300
8/8/2025,SIPD,700,700,700,700,24300
8/8/2025,SKBM,352,362,340,354,130800
8/8/2025,SKLT,188,190,186,187,141700
8/8/2025,SKRN,400,402,396,398,145300
8/8/2025,SKYB,0,0,0,0,0
8/8/2025,SLIS,50,50,50,50,144500
8/8/2025,SLIS-W,8,8,8,8,227800
8/8/2025,SMAR,3870,4180,3870,4010,346800
8/8/2025,SMBR,304,306,276,290,58288800
8/8/2025,SMCB,0,0,0,0,0
8/8/2025,SMDM,815,965,760,965,3729400
8/8/2025,SMDR,330,334,322,330,20613400
8/8/2025,SMGA,120,120,102,109,232500400
8/8/2025,SMGR,2500,2520,2480,2480,2452600
8/8/2025,SMGRBQCU5A,5,6,5,5,1364000
8/8/2025,SMGRBQCX5B,0,0,0,0,0
8/8/2025,SMGRBQCZ5A,0,0,0,0,0
8/8/2025,SMGRDRCQ5A,1,1,1,1,28800
8/8/2025,SMGRDRCV5A,39,39,39,39,23500
8/8/2025,SMGRHDCZ5A,0,0,0,0,0
8/8/2025,SMGRZPCJ6A,0,0,0,0,0
8/8/2025,SMIL,352,352,342,346,73401700
8/8/2025,SMKL,158,162,158,161,51300
8/8/2025,SMKM,77,77,72,73,15984600
8/8/2025,SMLE,122,127,122,127,952700
8/8/2025,SMMA,15800,17300,15800,16400,356000
8/8/2025,SMMT,1010,1020,990,1015,212300
8/8/2025,SMRA,420,422,412,414,26533000
8/8/2025,SMRADRCJ6A,29,29,27,27,419500
8/8/2025,SMRAHDCZ5A,0,0,0,0,0
8/8/2025,SMRAZPCH6A,0,0,0,0,0
8/8/2025,SMRU,0,0,0,0,0
8/8/2025,SMSM,1960,1970,1945,1965,736200
8/8/2025,SNLK,500,510,498,505,6996000
8/8/2025,SOCI,183,183,177,182,4840600
8/8/2025,SOFA,50,50,47,48,3237700
8/8/2025,SOHO,685,695,680,690,12500
8/8/2025,SOLA,177,187,162,172,341834200
8/8/2025,SONA,3870,3870,3400,3770,108400
8/8/2025,SOSS,565,655,565,655,774900
8/8/2025,SOTS,258,276,258,262,224800
8/8/2025,SOUL,79,79,65,75,22388000
8/8/2025,SPMA,276,276,272,272,425200
8/8/2025,SPRE,98,98,88,91,1863200
8/8/2025,SPTO,660,665,645,655,1367100
8/8/2025,SQMI,0,0,0,0,0
8/8/2025,SRAJ,4950,5025,4950,5000,108000
8/8/2025,SRIL,0,0,0,0,0
8/8/2025,SRSN,52,54,52,52,6107100
8/8/2025,SRTG,1830,1840,1740,1745,22073000
8/8/2025,SRTGZPCG6A,0,0,0,0,0
8/8/2025,SSIA,2540,2560,2420,2500,50214900
8/8/2025,SSMS,1365,1370,1335,1350,9456200
8/8/2025,SSTM,193,198,180,190,77200
8/8/2025,STAA,970,980,955,960,10045900
8/8/2025,STAR,36,38,36,38,791700
8/8/2025,STRK,137,143,134,140,110646900
8/8/2025,STTP,10225,10275,10225,10275,2100
8/8/2025,SUGI,0,0,0,0,0
8/8/2025,SULI,102,105,102,102,862600
8/8/2025,SUNI,820,820,785,800,328500
8/8/2025,SUPR,0,0,0,0,0
8/8/2025,SURE,3880,4500,3470,4350,576600
8/8/2025,SURI,114,118,109,113,290248700
8/8/2025,SWAT,0,0,0,0,0
8/8/2025,SWID,105,107,101,105,3918000
8/8/2025,TALF,284,300,284,300,15300
8/8/2025,TAMA,29,29,29,29,508200
8/8/2025,TAMU,20,20,20,20,60814800
8/8/2025,TAPG,1500,1550,1470,1485,23839100
8/8/2025,TAPGDRCJ6A,81,81,72,72,1032700
8/8/2025,TAPGHDCH6A,196,196,184,184,64500
8/8/2025,TAPGZPCH6A,96,96,93,93,5100
8/8/2025,TARA,10,10,10,10,5678600
8/8/2025,TAXI,7,8,7,8,24421200
8/8/2025,TAYS,50,50,50,50,134300
8/8/2025,TBIG,1950,1950,1920,1935,181100
8/8/2025,TBLA,775,780,765,775,2095200
8/8/2025,TBMS,1035,1185,1015,1090,706600
8/8/2025,TCID,2380,2420,2380,2420,1000
8/8/2025,TCPI,6000,6075,5950,6075,8831000
8/8/2025,TDPM,0,0,0,0,0
8/8/2025,TEBE,1105,1105,1035,1075,2242600
8/8/2025,TECH,0,0,0,0,0
8/8/2025,TELE,0,0,0,0,0
8/8/2025,TFAS,127,133,127,132,368300
8/8/2025,TFCO,0,0,0,0,0
8/8/2025,TGKA,5975,6000,5925,6000,4500
8/8/2025,TGRA,0,0,0,0,0
8/8/2025,TGUK,0,0,0,0,0
8/8/2025,TIFA,505,510,470,470,192200
8/8/2025,TINS,1015,1015,995,1005,8584100
8/8/2025,TIRA,2060,2120,2030,2070,47000
8/8/2025,TIRT,0,0,0,0,0
8/8/2025,TKIM,6275,7100,6275,7000,14051900
8/8/2025,TKIMZPCG6A,90,106,90,100,647400
8/8/2025,TLDN,625,625,610,620,453100
8/8/2025,TLKM,2950,2960,2930,2940,46945800
8/8/2025,TLKMBQCQ5A,0,0,0,0,0
8/8/2025,TLKMBQCV5A,0,0,0,0,0
8/8/2025,TLKMDRCJ6A,71,71,71,71,3041000
8/8/2025,TLKMDRCQ5A,0,0,0,0,0
8/8/2025,TLKMDRCQ5B,101,101,101,101,100
8/8/2025,TLKMDRCX6A,0,0,0,0,0
8/8/2025,TLKMHDCQ5A,0,0,0,0,0
8/8/2025,TLKMHDCV5A,0,0,0,0,0
8/8/2025,TLKMYUCQ5A,0,0,0,0,0
8/8/2025,TLKMZPCF6A,87,87,87,87,40000
8/8/2025,TMAS,128,128,126,127,1657300
8/8/2025,TMPO,149,149,147,147,1317000
8/8/2025,TNCA,136,138,136,136,183200
8/8/2025,TOBA,1050,1105,1035,1045,113711800
8/8/2025,TOOL,51,51,50,50,1270100
8/8/2025,TOPS,0,0,0,0,0
8/8/2025,TOSK,50,50,50,50,56400
8/8/2025,TOTL,730,730,715,720,1834900
8/8/2025,TOTO,252,254,248,254,553100
8/8/2025,TOWR,625,625,600,620,22485600
8/8/2025,TOYS,0,0,0,0,0
8/8/2025,TPIA,9200,9250,8825,8825,8951700
8/8/2025,TPMA,585,590,580,580,5770200
8/8/2025,TRAM,0,0,0,0,0
8/8/2025,TRGU,186,188,184,188,158100
8/8/2025,TRIL,0,0,0,0,0
8/8/2025,TRIM,360,360,354,356,12400
8/8/2025,TRIN,99,100,95,96,1498400
8/8/2025,TRIN-W2,0,0,0,0,0
8/8/2025,TRIO,0,0,0,0,0
8/8/2025,TRIS,186,186,183,183,31600
8/8/2025,TRJA,135,140,133,137,514300
8/8/2025,TRON,102,102,98,99,3354700
8/8/2025,TRST,478,478,478,478,100
8/8/2025,TRUE,21,21,20,20,194000
8/8/2025,TRUK,153,154,140,150,84500
8/8/2025,TRUS,472,476,460,460,10800
8/8/2025,TSPC,2180,2180,2140,2160,1138700
8/8/2025,TUGU,935,950,935,940,3399000
8/8/2025,TYRE,128,130,128,129,48600
8/8/2025,UANG,216,220,208,216,633200
8/8/2025,UCID,498,500,496,500,1563400
8/8/2025,UDNG,1500,1575,1350,1435,1085500
8/8/2025,UFOE,170,173,169,170,58100
8/8/2025,ULTJ,1285,1285,1275,1280,2543600
8/8/2025,UNIC,7925,7950,7925,7950,600
8/8/2025,UNIQ,404,414,402,402,54070900
8/8/2025,UNIT,0,0,0,0,0
8/8/2025,UNSP,136,136,136,136,40400
8/8/2025,UNTD,77,78,76,76,5378000
8/8/2025,UNTR,24100,24350,23900,24150,2356800
8/8/2025,UNTRBQCV5A,0,0,0,0,0
8/8/2025,UNTRDRCG6A,130,132,130,131,25000
8/8/2025,UNTRDRCQ5A,22,23,22,23,107100
8/8/2025,UNTRHDCQ5A,0,0,0,0,0
8/8/2025,UNTRZPCJ6A,0,0,0,0,0
8/8/2025,UNVR,1765,1795,1735,1750,12034100
8/8/2025,UNVRBQCQ5A,12,16,10,12,2890600
8/8/2025,UNVRBQCU5A,0,0,0,0,0
8/8/2025,UNVRBQCZ5A,0,0,0,0,0
8/8/2025,UNVRDRCG6A,50,50,50,50,100
8/8/2025,UNVRDRCQ5A,4,5,3,3,1940200
8/8/2025,UNVRHDCQ5A,0,0,0,0,0
8/8/2025,UNVRHDPG6A,0,0,0,0,0
8/8/2025,UNVRZPCH6A,0,0,0,0,0
8/8/2025,URBN,129,133,129,132,154300
8/8/2025,UVCR,71,71,69,71,2234000
8/8/2025,VAST,150,150,146,147,772600
8/8/2025,VAST-W,14,14,13,14,186300
8/8/2025,VERN,159,164,151,156,2785500
8/8/2025,VERN-W,6,7,5,6,18196600
8/8/2025,VICI,630,635,625,630,541300
8/8/2025,VICO,170,173,166,169,535400
8/8/2025,VINS,118,120,115,115,138500
8/8/2025,VISI,140,144,134,135,5624400
8/8/2025,VIVA,13,14,13,14,2050000
8/8/2025,VKTR,84,84,82,83,15188800
8/8/2025,VOKS,193,197,184,187,349800
8/8/2025,VRNA,72,74,72,73,218700
8/8/2025,VTNY,94,94,92,93,16977400
8/8/2025,WAPO,143,144,136,139,844500
8/8/2025,WEGE,50,51,50,51,3818100
8/8/2025,WEHA,121,123,120,121,1645800
8/8/2025,WGSH,168,182,168,175,1382400
8/8/2025,WICO,0,0,0,0,0
8/8/2025,WIDI,25,25,23,23,30375600
8/8/2025,WIFI,2680,2680,2380,2560,308157400
8/8/2025,WIIM,800,800,775,780,1557800
8/8/2025,WIKA,0,0,0,0,0
8/8/2025,WINE,224,228,212,216,1291300
8/8/2025,WINR,28,28,28,28,48345400
8/8/2025,WINS,396,400,392,394,3249700
8/8/2025,WIRG,119,120,115,116,244377600
8/8/2025,WMPP,0,0,0,0,0
8/8/2025,WMUU,12,12,12,12,9081900
8/8/2025,WOMF,340,340,338,338,36700
8/8/2025,WOOD,390,394,382,394,1880600
8/8/2025,WOWS,57,57,57,57,561500
8/8/2025,WSBP,13,13,12,12,10168900
8/8/2025,WSKT,0,0,0,0,0
8/8/2025,WTON,91,92,90,90,3380200
8/8/2025,XAQA,0,0,0,0,0
8/8/2025,XBES,1075,1075,1067,1067,81100
8/8/2025,XBID,505,505,505,505,40000
8/8/2025,XBIG,0,0,0,0,0
8/8/2025,XBIN,569,569,569,569,40000
8/8/2025,XBLQ,0,0,0,0,0
8/8/2025,XBNI,0,0,0,0,0
8/8/2025,XBSK,434,434,434,434,40000
8/8/2025,XCEG,104,104,104,104,100
8/8/2025,XCID,78,81,69,71,192500
8/8/2025,XCIS,128,128,112,112,34900
8/8/2025,XCLQ,81,88,81,82,5600
8/8/2025,XDIF,0,0,0,0,0
8/8/2025,XIFE,145,145,105,110,58500
8/8/2025,XIHD,612,615,612,615,400
8/8/2025,XIIC,0,0,0,0,0
8/8/2025,XIID,0,0,0,0,0
8/8/2025,XIIF,0,0,0,0,0
8/8/2025,XIIT,500,511,500,505,2600
8/8/2025,XIJI,618,620,618,620,3000
8/8/2025,XILV,150,181,116,152,63700
8/8/2025,XIML,185,188,185,188,2500
8/8/2025,XIPB,195,195,195,195,300
8/8/2025,XIPI,216,218,215,215,103300
8/8/2025,XISB,0,0,0,0,0
8/8/2025,XISC,0,0,0,0,0
8/8/2025,XISI,342,342,342,342,500
8/8/2025,XISR,430,430,430,430,68500
8/8/2025,XKID,0,0,0,0,0
8/8/2025,XKIV,555,557,555,557,40200
8/8/2025,XKMS,1141,1141,1132,1137,200200
8/8/2025,XMGB,1105,1105,1105,1105,100
8/8/2025,XMIG,213,213,213,213,100
8/8/2025,XMLF,876,876,876,876,40000
8/8/2025,XMSK,375,375,373,375,3900
8/8/2025,XNVE,0,0,0,0,0
8/8/2025,XPDV,0,0,0,0,0
8/8/2025,XPFT,0,0,0,0,0
8/8/2025,XPIN,620,622,620,621,1400
8/8/2025,XPLQ,0,0,0,0,0
8/8/2025,XPSG,0,0,0,0,0
8/8/2025,XPTD,465,543,462,470,25800
8/8/2025,XSBC,372,434,369,370,122800
8/8/2025,XSPI,0,0,0,0,0
8/8/2025,XSSI,134,134,112,112,316000
8/8/2025,XSSK,675,675,675,675,20000
8/8/2025,YELO,33,33,33,33,3618400
8/8/2025,YOII,95,95,93,93,3557300
8/8/2025,YPAS,0,0,0,0,0
8/8/2025,YULE,0,0,0,0,0
8/8/2025,YUPI,1695,1700,1685,1700,77200
8/8/2025,ZATA,11,11,11,11,29757100
8/8/2025,ZBRA,0,0,0,0,0
8/8/2025,ZINC,13,13,13,13,5668900
8/8/2025,ZONE,750,755,735,750,49900
8/8/2025,ZYRX,132,132,125,128,908000
