<date>,<ticker>,<open>,<high>,<low>,<close>,<volume>
7/21/2025,IHSG,7366.310,7408.012,7306.872,7398.192,305692916
7/21/2025,IDX30,0.000,0.000,0.000,0.000,0
7/21/2025,IDX80,0.000,0.000,0.000,0.000,0
7/21/2025,AADI,6825,6850,6725,6750,6556800
7/21/2025,AALI,6325,6400,6250,6350,603100
7/21/2025,ABBA,38,38,37,38,226700
7/21/2025,ABDA,0,0,0,0,0
7/21/2025,ABMM,3030,3050,3000,3000,584500
7/21/2025,ACES,490,494,484,486,31048100
7/21/2025,ACESBQCV5A,5,5,4,4,698700
7/21/2025,ACESDRCN5A,1,1,1,1,3500
7/21/2025,ACESDRCQ5A,1,2,1,2,662600
7/21/2025,ACESHDCZ5A,64,64,60,61,700
7/21/2025,ACRO,65,72,64,67,45185600
7/21/2025,ACRO-W,7,7,6,6,7281700
7/21/2025,ACST,90,90,89,89,214500
7/21/2025,ADCP,50,50,50,50,52600
7/21/2025,ADES,12775,12775,12650,12675,10700
7/21/2025,ADHI,266,274,262,268,39303500
7/21/2025,ADMF,9225,9300,9125,9150,35500
7/21/2025,ADMG,118,119,115,118,232900
7/21/2025,ADMR,975,1010,975,1000,20725400
7/21/2025,ADMRZPCH6A,56,56,56,56,100
7/21/2025,ADRO,1865,1895,1845,1875,31311800
7/21/2025,ADROBQCU5A,27,28,27,28,537400
7/21/2025,ADROBQCZ5A,40,40,40,40,5200
7/21/2025,ADRODRCN5A,2,3,1,3,44200
7/21/2025,ADRODRCQ5A,3,3,2,3,1291600
7/21/2025,ADRODRCQ5B,21,21,21,21,1500
7/21/2025,ADRODRCX5A,51,51,49,51,296100
7/21/2025,ADROHDCQ5A,7,7,7,7,6200
7/21/2025,ADROHDCZ5A,84,84,83,83,71200
7/21/2025,ADROZPCF6A,0,0,0,0,0
7/21/2025,AEGS,33,34,32,32,199700
7/21/2025,AGAR,228,232,228,228,5200
7/21/2025,AGII,980,990,975,980,563200
7/21/2025,AGRO,210,212,206,208,5718000
7/21/2025,AGRS,63,64,63,63,2702800
7/21/2025,AHAP,66,66,64,66,6323700
7/21/2025,AIMS,390,390,376,384,1868700
7/21/2025,AISA,152,152,147,149,3525600
7/21/2025,AKKU,0,0,0,0,0
7/21/2025,AKPI,595,600,590,600,5200
7/21/2025,AKRA,1210,1215,1200,1215,6112200
7/21/2025,AKRADRCN5A,34,34,32,34,400
7/21/2025,AKRADRCQ5A,7,7,7,7,200000
7/21/2025,AKRADRCX5A,34,34,34,34,2000
7/21/2025,AKRAHDCQ5A,16,16,16,16,2500
7/21/2025,AKRAZPCX5A,58,58,57,57,100000
7/21/2025,AKSI,274,274,266,270,278100
7/21/2025,ALDO,490,500,488,488,90000
7/21/2025,ALII,600,605,590,600,3187700
7/21/2025,ALKA,264,300,264,294,19600
7/21/2025,ALMI,0,0,0,0,0
7/21/2025,ALTO,0,0,0,0,0
7/21/2025,AMAG,356,356,350,354,36200
7/21/2025,AMAN,106,113,106,111,5385200
7/21/2025,AMAR,159,173,158,165,6398000
7/21/2025,AMFG,3500,3580,3500,3500,23200
7/21/2025,AMIN,152,159,150,157,236200
7/21/2025,AMMN,8025,8125,7925,8075,29331900
7/21/2025,AMMNBQCZ5A,71,71,71,71,500
7/21/2025,AMMNZPCG6A,63,63,63,63,100
7/21/2025,AMMS,107,108,102,106,2209800
7/21/2025,AMMS-W,4,4,3,3,9283600
7/21/2025,AMOR,510,515,500,505,58200
7/21/2025,AMRT,2250,2260,2210,2240,8440300
7/21/2025,AMRTBQCU5A,21,50,20,22,1341300
7/21/2025,AMRTDRCN5A,2,2,2,2,1700
7/21/2025,AMRTDRCQ5A,3,3,3,3,900
7/21/2025,AMRTDRCZ5A,43,43,42,42,2600
7/21/2025,AMRTHDCQ5A,0,0,0,0,0
7/21/2025,AMRTZPCX5A,0,0,0,0,0
7/21/2025,ANDI,17,18,17,18,832500
7/21/2025,ANJT,1765,1770,1760,1770,284500
7/21/2025,ANTM,2990,3050,2950,3010,99358700
7/21/2025,ANTMBQCU5A,0,0,0,0,0
7/21/2025,ANTMBQCX5A,81,85,81,84,4100
7/21/2025,ANTMBQCZ5A,0,0,0,0,0
7/21/2025,ANTMDRCG6A,53,55,51,54,282400
7/21/2025,ANTMDRCN5A,204,212,204,212,300
7/21/2025,ANTMDRCQ5A,0,0,0,0,0
7/21/2025,ANTMDRCX5A,286,296,286,296,85400
7/21/2025,ANTMDRPU5A,55,55,55,55,100
7/21/2025,ANTMDRPU5B,31,31,31,31,100
7/21/2025,ANTMHDCH6A,89,93,89,92,24000
7/21/2025,ANTMHDCQ5A,380,380,380,380,20000
7/21/2025,ANTMHDCU5A,152,152,152,152,900
7/21/2025,ANTMYUCQ5A,0,0,0,0,0
7/21/2025,ANTMZPCX5A,197,200,197,200,1000
7/21/2025,APEX,125,131,123,126,25023200
7/21/2025,APIC,1180,1180,1160,1175,2986500
7/21/2025,APII,171,172,169,171,10300
7/21/2025,APLI,488,496,480,482,800
7/21/2025,APLN,94,96,93,96,11685600
7/21/2025,ARCI,735,770,725,740,70039900
7/21/2025,AREA,412,416,400,404,1184300
7/21/2025,ARGO,1405,1430,1195,1250,227100
7/21/2025,ARII,284,296,272,274,201500
7/21/2025,ARKA,19,19,19,19,449200
7/21/2025,ARKO,870,870,800,845,167300
7/21/2025,ARMY,0,0,0,0,0
7/21/2025,ARNA,590,595,585,585,292600
7/21/2025,ARTA,2800,3500,2700,3020,168900
7/21/2025,ARTI,0,0,0,0,0
7/21/2025,ARTO,1725,1770,1690,1765,5419500
7/21/2025,ARTOBQCU5A,0,0,0,0,0
7/21/2025,ARTOBQCZ5A,16,16,16,16,6500
7/21/2025,ARTODRCN5A,1,2,1,2,353000
7/21/2025,ARTODRCQ5A,0,0,0,0,0
7/21/2025,ARTODRCX5A,34,37,34,37,10100
7/21/2025,ARTOHDCZ5A,0,0,0,0,0
7/21/2025,ARTOZPCX5A,32,32,32,32,300
7/21/2025,ASBI,416,416,412,412,1300
7/21/2025,ASDM,520,520,510,520,22300
7/21/2025,ASGR,900,905,885,895,518700
7/21/2025,ASHA,17,17,17,17,421700
7/21/2025,ASII,4810,4810,4720,4720,7927200
7/21/2025,ASIIBQCU5A,0,0,0,0,0
7/21/2025,ASIIBQCZ5A,0,0,0,0,0
7/21/2025,ASIIDRCQ5A,18,18,18,18,100
7/21/2025,ASIIDRCQ5B,17,17,17,17,100
7/21/2025,ASIIDRCX5A,85,85,85,85,100
7/21/2025,ASIIDRCX6A,2770,2770,2770,2770,100
7/21/2025,ASIIDRPQ5A,0,0,0,0,0
7/21/2025,ASIIHDCZ5A,0,0,0,0,0
7/21/2025,ASJT,110,112,109,111,117000
7/21/2025,ASLC,65,67,64,66,34300600
7/21/2025,ASLI,50,50,50,50,164100
7/21/2025,ASMI,20,20,19,20,820200
7/21/2025,ASPI,0,0,0,0,0
7/21/2025,ASPR,101,102,94,95,53047100
7/21/2025,ASRI,135,140,132,138,64211900
7/21/2025,ASRM,276,280,276,278,9700
7/21/2025,ASSA,825,900,810,890,24236800
7/21/2025,ATAP,29,29,29,29,106000
7/21/2025,ATIC,380,380,376,378,181400
7/21/2025,ATLA,50,50,50,50,1265900
7/21/2025,AUTO,2120,2120,2100,2120,1047000
7/21/2025,AVIA,458,462,454,454,20541000
7/21/2025,AWAN,262,266,254,258,18596000
7/21/2025,AXIO,128,130,127,128,444800
7/21/2025,AYAM,161,162,159,161,69084500
7/21/2025,AYLS,102,105,102,103,3159400
7/21/2025,BABP,51,51,50,50,14580900
7/21/2025,BABY,268,270,258,258,5559700
7/21/2025,BACA,130,131,130,130,632600
7/21/2025,BAIK,97,98,95,97,680600
7/21/2025,BAIK-W,8,8,7,8,27700
7/21/2025,BAJA,123,125,120,123,1053500
7/21/2025,BALI,1735,1800,1620,1730,110700
7/21/2025,BANK,835,835,805,820,3472800
7/21/2025,BANK-W,0,0,0,0,0
7/21/2025,BAPA,50,50,50,50,12100
7/21/2025,BAPI,8,8,8,8,1446400
7/21/2025,BATA,50,50,50,50,2600
7/21/2025,BATR,86,89,84,87,4438300
7/21/2025,BAUT,28,29,28,29,941100
7/21/2025,BAYU,1280,1280,1255,1270,244500
7/21/2025,BBCA,8450,8500,8375,8400,51704200
7/21/2025,BBCABQCV5A,53,53,52,52,172500
7/21/2025,BBCABQCX5A,0,0,0,0,0
7/21/2025,BBCADRCF6A,69,69,68,68,25100
7/21/2025,BBCADRCQ5A,24,24,23,24,13700
7/21/2025,BBCADRCX6A,4260,4260,4230,4230,1000
7/21/2025,BBCADRPQ5A,60,60,60,60,600
7/21/2025,BBCAHDCQ5A,5,5,5,5,353200
7/21/2025,BBCAHDCU5A,0,0,0,0,0
7/21/2025,BBCAHDCV5A,0,0,0,0,0
7/21/2025,BBCAYUCQ5A,0,0,0,0,0
7/21/2025,BBCAZPCF6A,52,52,52,52,200
7/21/2025,BBCAZPCH6A,0,0,0,0,0
7/21/2025,BBHI,1150,1160,1105,1115,2240800
7/21/2025,BBKP,62,65,61,63,112551700
7/21/2025,BBLD,860,860,815,850,231000
7/21/2025,BBMD,2100,2170,2100,2170,200
7/21/2025,BBNI,4140,4140,4090,4100,19489100
7/21/2025,BBNIBQCU5A,0,0,0,0,0
7/21/2025,BBNIBQCV5A,79,79,79,79,1000
7/21/2025,BBNIDRCQ5A,9,9,9,9,100
7/21/2025,BBNIDRCX6A,0,0,0,0,0
7/21/2025,BBNIDRCZ5A,58,58,58,58,100
7/21/2025,BBNIDRPU5A,0,0,0,0,0
7/21/2025,BBNIHDCQ5A,0,0,0,0,0
7/21/2025,BBNIHDCU5A,0,0,0,0,0
7/21/2025,BBNIHDPU5A,0,0,0,0,0
7/21/2025,BBNIYUCV5A,0,0,0,0,0
7/21/2025,BBNIZPCH6A,0,0,0,0,0
7/21/2025,BBNIZPCX5A,0,0,0,0,0
7/21/2025,BBRI,3890,3900,3830,3850,55195600
7/21/2025,BBRIBQCQ5A,14,14,13,13,2400
7/21/2025,BBRIBQCU5A,0,0,0,0,0
7/21/2025,BBRIBQCZ5A,0,0,0,0,0
7/21/2025,BBRIDRCQ5A,30,30,26,27,1183000
7/21/2025,BBRIDRCX5A,156,156,156,156,100
7/21/2025,BBRIDRCX6A,0,0,0,0,0
7/21/2025,BBRIDRPN5A,0,0,0,0,0
7/21/2025,BBRIHDCH6A,136,136,136,136,48000
7/21/2025,BBRIHDCQ5A,0,0,0,0,0
7/21/2025,BBRIYUCV5A,0,0,0,0,0
7/21/2025,BBRIZPCH6A,0,0,0,0,0
7/21/2025,BBRIZPCX5A,0,0,0,0,0
7/21/2025,BBRM,76,76,75,76,263400
7/21/2025,BBSI,4000,4010,4000,4010,1200
7/21/2025,BBSS,296,322,284,294,281800
7/21/2025,BBTN,1210,1215,1175,1180,10835400
7/21/2025,BBTNHDCZ5A,0,0,0,0,0
7/21/2025,BBTNZPCG6A,0,0,0,0,0
7/21/2025,BBYB,246,252,244,248,37166400
7/21/2025,BCAP,55,56,54,55,27954900
7/21/2025,BCIC,0,0,0,0,0
7/21/2025,BCIP,96,99,94,95,15408400
7/21/2025,BDKR,168,170,164,165,13033900
7/21/2025,BDMN,2440,2440,2400,2420,465700
7/21/2025,BEBS,0,0,0,0,0
7/21/2025,BEEF,280,286,276,278,5217800
7/21/2025,BEER,72,73,63,72,1085500
7/21/2025,BEKS,24,24,24,24,6605000
7/21/2025,BELI,398,398,392,394,291500
7/21/2025,BELL,50,51,50,50,1048300
7/21/2025,BESS,1030,1035,1000,1005,14900
7/21/2025,BEST,100,102,98,101,4128200
7/21/2025,BFIN,795,795,775,780,3338400
7/21/2025,BGTG,79,79,78,78,1113400
7/21/2025,BHAT,755,770,750,765,1649800
7/21/2025,BHIT,26,26,25,25,2751300
7/21/2025,BIKA,0,0,0,0,0
7/21/2025,BIKE,590,600,590,595,665100
7/21/2025,BIMA,45,45,45,45,31800
7/21/2025,BINA,4370,4370,4280,4350,38600
7/21/2025,BINO,110,112,109,110,438800
7/21/2025,BIPI,82,83,81,82,50270000
7/21/2025,BIPP,38,40,38,40,700
7/21/2025,BIRD,1915,1930,1900,1910,432300
7/21/2025,BISI,920,925,910,915,160500
7/21/2025,BJBR,820,825,810,815,1158500
7/21/2025,BJTM,492,498,490,492,4544900
7/21/2025,BKDP,34,34,34,34,5600
7/21/2025,BKSL,115,117,109,115,464360300
7/21/2025,BKSW,63,64,60,62,6638500
7/21/2025,BLES,178,178,175,176,1651200
7/21/2025,BLOG,710,710,615,625,95437800
7/21/2025,BLTA,21,21,20,20,618400
7/21/2025,BLTZ,1800,1800,1800,1800,100
7/21/2025,BLUE,312,314,310,312,57400
7/21/2025,BMAS,615,660,615,660,300
7/21/2025,BMBL,17,17,16,17,98300
7/21/2025,BMHS,198,198,195,196,1017700
7/21/2025,BMRI,4770,4770,4690,4690,61211500
7/21/2025,BMRIBQCU5A,20,20,20,20,1012100
7/21/2025,BMRIBQCZ5A,92,92,92,92,100000
7/21/2025,BMRIDRCQ5A,4,4,4,4,55000
7/21/2025,BMRIDRCX5A,68,68,67,67,59700
7/21/2025,BMRIDRCX6A,0,0,0,0,0
7/21/2025,BMRIDRPN5A,0,0,0,0,0
7/21/2025,BMRIHDCQ5A,7,7,6,6,114000
7/21/2025,BMRIHDCU5A,0,0,0,0,0
7/21/2025,BMRIHDPU5A,0,0,0,0,0
7/21/2025,BMRIYUCQ5A,0,0,0,0,0
7/21/2025,BMRIZPCH6A,0,0,0,0,0
7/21/2025,BMRIZPCX5A,0,0,0,0,0
7/21/2025,BMSR,248,248,232,244,72100
7/21/2025,BMTR,136,140,134,137,55554800
7/21/2025,BNBA,825,830,810,825,67000
7/21/2025,BNBR,27,27,27,27,2821300
7/21/2025,BNGA,1720,1720,1705,1710,1194200
7/21/2025,BNGAZPCH6A,53,53,53,53,4000
7/21/2025,BNII,198,199,197,198,474000
7/21/2025,BNLI,2780,2790,2720,2760,102900
7/21/2025,BOAT,98,100,98,98,1970100
7/21/2025,BOBA,175,179,171,176,72100
7/21/2025,BOGA,575,590,575,585,245300
7/21/2025,BOLA,134,140,122,126,5184700
7/21/2025,BOLT,1230,1240,1225,1230,350800
7/21/2025,BOSS,0,0,0,0,0
7/21/2025,BPFI,338,338,324,328,1000
7/21/2025,BPII,595,600,595,595,264800
7/21/2025,BPTR,102,104,100,100,1323900
7/21/2025,BRAM,5700,5825,5700,5825,1000
7/21/2025,BREN,8125,8175,7750,7875,33461700
7/21/2025,BRIS,2800,2820,2760,2800,8751300
7/21/2025,BRISBQCZ5A,0,0,0,0,0
7/21/2025,BRISHDCZ5A,0,0,0,0,0
7/21/2025,BRISYUCV5A,102,102,98,98,10700
7/21/2025,BRISZPCG6A,65,65,64,64,1700
7/21/2025,BRMS,456,472,452,466,644962800
7/21/2025,BRMSBQCZ5A,82,85,82,85,44000
7/21/2025,BRMSHDCZ5A,175,182,175,182,400
7/21/2025,BRMSYUCV5A,40,43,39,43,137700
7/21/2025,BRMSZPCG6A,71,78,71,78,878900
7/21/2025,BRNA,620,670,620,620,1200
7/21/2025,BRPT,2280,2450,2210,2390,172478300
7/21/2025,BRPTBQCQ5A,640,640,640,640,100
7/21/2025,BRPTBQCV5A,420,420,420,420,14600
7/21/2025,BRPTBQCZ5A,0,0,0,0,0
7/21/2025,BRPTDRCF6A,199,216,189,210,93400
7/21/2025,BRPTDRCN5A,370,410,344,398,43300
7/21/2025,BRPTDRCQ5A,248,260,238,260,142700
7/21/2025,BRPTDRCX5A,230,248,220,248,22100
7/21/2025,BRPTDRPV5A,20,20,17,17,1428500
7/21/2025,BRPTHDCH6A,174,196,174,196,2200
7/21/2025,BRPTHDCQ5A,272,288,272,284,84100
7/21/2025,BRPTZPCF6A,240,240,238,238,1000000
7/21/2025,BRPTZPCX5A,0,0,0,0,0
7/21/2025,BRRC,57,57,55,57,2777300
7/21/2025,BRRC-W,8,9,8,9,1743300
7/21/2025,BSBK,51,51,50,51,7755600
7/21/2025,BSDE,805,805,795,805,5897000
7/21/2025,BSDEZPCH6A,0,0,0,0,0
7/21/2025,BSIM,900,900,870,885,12800
7/21/2025,BSML,100,102,98,101,28593700
7/21/2025,BSSR,3950,3960,3930,3940,251500
7/21/2025,BSWD,0,0,0,0,0
7/21/2025,BTEK,5,5,5,5,44431600
7/21/2025,BTEL,0,0,0,0,0
7/21/2025,BTON,388,394,386,390,1700
7/21/2025,BTPN,2120,2130,2120,2130,10100
7/21/2025,BTPS,1490,1500,1460,1475,5941700
7/21/2025,BTPSZPCH6A,0,0,0,0,0
7/21/2025,BUAH,1550,1555,1470,1495,52000
7/21/2025,BUDI,224,238,220,232,185500
7/21/2025,BUKA,143,147,140,144,167066300
7/21/2025,BUKAHDCZ5A,0,0,0,0,0
7/21/2025,BUKK,825,825,815,815,2200
7/21/2025,BULL,136,137,134,135,26479400
7/21/2025,BUMI,117,121,117,120,1326124900
7/21/2025,BUVA,93,116,92,109,555898800
7/21/2025,BVIC,87,87,85,86,2705900
7/21/2025,BVIC-W,49,49,46,49,23800
7/21/2025,BWPT,81,109,81,108,1004975300
7/21/2025,BYAN,19175,19250,19000,19025,16400
7/21/2025,CAKK,136,138,134,136,651000
7/21/2025,CAMP,212,214,210,212,2793700
7/21/2025,CANI,42,42,42,42,36100
7/21/2025,CARE,224,226,220,224,9460300
7/21/2025,CARS,84,85,83,84,44700
7/21/2025,CASA,995,1010,990,995,3015300
7/21/2025,CASH,60,61,58,61,1141000
7/21/2025,CASS,2130,2130,2050,2060,15500
7/21/2025,CBDK,6025,6125,5950,6050,4378000
7/21/2025,CBMF,0,0,0,0,0
7/21/2025,CBPE,188,188,184,185,67500
7/21/2025,CBRE,70,70,68,68,4734800
7/21/2025,CBUT,1030,1030,1010,1025,7300
7/21/2025,CCSI,330,362,316,344,1937700
7/21/2025,CDIA,1215,1215,1215,1215,13259400
7/21/2025,CEKA,2760,2770,2750,2750,19200
7/21/2025,CENT,99,106,98,102,12037200
7/21/2025,CFIN,314,316,306,316,2249100
7/21/2025,CGAS,94,95,92,93,4750000
7/21/2025,CHEK,199,199,186,189,32021300
7/21/2025,CHEM,58,58,54,58,5067900
7/21/2025,CHIP,1325,1330,1315,1325,55600
7/21/2025,CINT,158,160,155,156,62600
7/21/2025,CITA,4010,4190,3990,4060,706900
7/21/2025,CITY,90,91,88,89,689400
7/21/2025,CLAY,655,700,655,680,47800
7/21/2025,CLEO,590,590,580,585,7774200
7/21/2025,CLPI,1195,1215,1190,1205,133200
7/21/2025,CMNP,1330,1340,1320,1325,268500
7/21/2025,CMNP-W,398,398,398,398,4800
7/21/2025,CMNT,825,825,795,810,30175600
7/21/2025,CMPP,77,77,77,77,6200
7/21/2025,CMRY,4700,4700,4490,4510,3428400
7/21/2025,CNKO,28,29,28,29,14215200
7/21/2025,CNMA,146,148,143,144,24003500
7/21/2025,CNTB,0,0,0,0,0
7/21/2025,CNTX,0,0,0,0,0
7/21/2025,COAL,34,34,34,34,908300
7/21/2025,COCO,180,180,162,176,6829600
7/21/2025,COIN,735,735,685,735,228692400
7/21/2025,COWL,0,0,0,0,0
7/21/2025,CPIN,4970,4990,4920,4970,1513200
7/21/2025,CPINDRCG6A,97,97,97,97,200
7/21/2025,CPINDRCN5A,69,69,69,69,100
7/21/2025,CPINDRCQ5A,24,24,24,24,100
7/21/2025,CPINHDCQ5A,0,0,0,0,0
7/21/2025,CPRI,0,0,0,0,0
7/21/2025,CPRO,50,52,50,51,52774100
7/21/2025,CRAB,236,236,234,234,59700
7/21/2025,CRSN,101,104,101,102,102000
7/21/2025,CSAP,248,248,240,248,88100
7/21/2025,CSIS,70,71,66,69,1261800
7/21/2025,CSMI,590,605,498,498,8443500
7/21/2025,CSRA,745,745,720,735,772600
7/21/2025,CTBN,0,0,0,0,0
7/21/2025,CTRA,990,995,950,950,8640800
7/21/2025,CTRAZPCG6A,0,0,0,0,0
7/21/2025,CTTH,25,25,25,25,1100
7/21/2025,CUAN,1675,1675,1585,1610,222137800
7/21/2025,CYBR,945,945,860,905,7201400
7/21/2025,CYBR-W,530,535,520,520,3000
7/21/2025,DAAZ,4000,4020,3990,4000,589800
7/21/2025,DADA,10,10,9,9,25313300
7/21/2025,DART,143,146,141,142,60200
7/21/2025,DATA,1530,1565,1470,1525,20132300
7/21/2025,DAYA,890,900,870,870,68600
7/21/2025,DCII,245000,293875,245000,278000,17300
7/21/2025,DEAL,0,0,0,0,0
7/21/2025,DEFI,0,0,0,0,0
7/21/2025,DEPO,204,204,199,200,169000
7/21/2025,DEWA,188,218,188,212,1466735800
7/21/2025,DEWI,101,101,97,101,57876200
7/21/2025,DFAM,50,50,50,50,100
7/21/2025,DGIK,88,94,88,91,5340800
7/21/2025,DGNS,165,165,157,158,448700
7/21/2025,DGWG,430,430,422,424,5916900
7/21/2025,DIGI,20,20,19,19,38900
7/21/2025,DILD,128,131,127,128,9365600
7/21/2025,DIVA,110,113,109,112,3565400
7/21/2025,DKFT,575,585,540,565,51967900
7/21/2025,DKHH,0,0,0,0,0
7/21/2025,DKHH-W,0,0,0,0,0
7/21/2025,DLTA,2030,2040,2010,2030,70600
7/21/2025,DMAS,142,143,142,143,19279000
7/21/2025,DMMX,380,380,366,374,2512300
7/21/2025,DMND,530,530,510,515,110200
7/21/2025,DNAR,116,117,113,114,3015100
7/21/2025,DNET,9225,9350,9000,9350,5700
7/21/2025,DOID,364,376,362,370,11680200
7/21/2025,DOOH,107,112,103,109,244769200
7/21/2025,DOSS,142,142,138,142,632600
7/21/2025,DPNS,224,226,210,224,120200
7/21/2025,DPUM,50,50,50,50,110500
7/21/2025,DRMA,965,965,950,955,920400
7/21/2025,DSFI,56,57,55,56,858800
7/21/2025,DSNG,970,1020,955,1020,38132000
7/21/2025,DSSA,67100,67125,65000,66000,1445500
7/21/2025,DUCK,0,0,0,0,0
7/21/2025,DUTI,3310,3310,3310,3310,2500
7/21/2025,DVLA,1680,1695,1680,1680,7700
7/21/2025,DWGL,220,226,214,216,238000
7/21/2025,DYAN,89,91,89,90,599600
7/21/2025,EAST,101,102,100,101,2377900
7/21/2025,ECII,194,198,192,193,1248900
7/21/2025,EDGE,4610,4970,4560,4820,234800
7/21/2025,EKAD,188,188,182,185,252800
7/21/2025,ELIT,179,183,177,181,9278300
7/21/2025,ELPI,352,352,350,352,26200
7/21/2025,ELSA,500,505,498,500,27585700
7/21/2025,ELSAZPCG6A,39,39,39,39,10000
7/21/2025,ELTY,11,11,10,10,1404800
7/21/2025,EMDE,91,92,90,91,315300
7/21/2025,EMTK,580,635,575,620,149182100
7/21/2025,EMTKBQCZ5A,69,69,69,69,1200
7/21/2025,EMTKHDCZ5A,62,73,62,68,350200
7/21/2025,EMTKYUCV5A,43,45,42,43,86400
7/21/2025,EMTKZPCH6A,47,47,45,45,218500
7/21/2025,ENAK,720,720,700,705,413700
7/21/2025,ENRG,488,505,470,492,368271300
7/21/2025,ENRGHDCZ5A,160,170,153,167,346800
7/21/2025,ENRGZPCG6A,137,138,136,136,19600
7/21/2025,ENVY,0,0,0,0,0
7/21/2025,ENZO,31,31,31,31,13500
7/21/2025,EPAC,12,12,12,12,2976300
7/21/2025,EPMT,2290,2300,2280,2280,18300
7/21/2025,ERAA,505,530,505,525,30131900
7/21/2025,ERAABQCZ5A,0,0,0,0,0
7/21/2025,ERAAHDCZ5A,59,59,59,59,1000
7/21/2025,ERAAZPCH6A,34,35,34,35,297900
7/21/2025,ERAL,392,398,386,390,10118100
7/21/2025,ERTX,104,105,102,104,463400
7/21/2025,ESIP,30,31,30,31,190000
7/21/2025,ESSA,590,590,575,580,23592600
7/21/2025,ESSABQCZ5A,0,0,0,0,0
7/21/2025,ESSAHDCH6A,56,56,55,55,3000
7/21/2025,ESTA,74,75,66,68,4240200
7/21/2025,ESTI,35,35,34,34,12500
7/21/2025,ETWA,0,0,0,0,0
7/21/2025,EURO,189,194,165,186,309400
7/21/2025,EXCL,2630,2660,2580,2600,7904500
7/21/2025,EXCLHDCQ5A,0,0,0,0,0
7/21/2025,EXCLZPCF6A,0,0,0,0,0
7/21/2025,FAPA,5575,5625,5575,5600,3100
7/21/2025,FAST,340,346,328,338,4231200
7/21/2025,FASW,0,0,0,0,0
7/21/2025,FILM,1480,1595,1410,1530,22872300
7/21/2025,FIMP,55,56,55,56,1400
7/21/2025,FIRE,79,80,77,78,5205700
7/21/2025,FISH,0,0,0,0,0
7/21/2025,FITT,216,216,216,216,148500
7/21/2025,FLMC,52,53,52,53,62400
7/21/2025,FMII,352,362,342,346,565900
7/21/2025,FOLK,73,74,71,73,3863100
7/21/2025,FOOD,103,103,103,103,8100
7/21/2025,FORE,630,630,585,605,16182800
7/21/2025,FORU,1300,1325,1255,1280,41400
7/21/2025,FORZ,0,0,0,0,0
7/21/2025,FPNI,196,197,192,195,1567400
7/21/2025,FUJI,398,398,386,390,19200
7/21/2025,FUTR,55,57,53,57,18869500
7/21/2025,FWCT,137,142,135,137,875100
7/21/2025,GAMA,0,0,0,0,0
7/21/2025,GDST,105,106,104,106,940600
7/21/2025,GDYR,1205,1205,1150,1155,83700
7/21/2025,GEMA,85,85,82,84,1535600
7/21/2025,GEMS,9300,9350,9225,9300,96100
7/21/2025,GGRM,9150,9200,9075,9200,173300
7/21/2025,GGRMZPCG6A,0,0,0,0,0
7/21/2025,GGRP,0,0,0,0,0
7/21/2025,GHON,1595,1605,1590,1600,8200
7/21/2025,GIAA,72,77,72,77,34531900
7/21/2025,GJTL,1095,1105,1085,1105,2881100
7/21/2025,GLOB,49,49,46,49,7100
7/21/2025,GLVA,336,336,330,334,1700
7/21/2025,GMFI,64,64,64,64,619700
7/21/2025,GMTD,2240,2250,2150,2150,4900
7/21/2025,GOLD,250,260,246,248,80900
7/21/2025,GOLF,218,218,208,212,3188700
7/21/2025,GOLL,0,0,0,0,0
7/21/2025,GOOD,362,362,356,358,201100
7/21/2025,GOTO,58,58,56,58,2040874300
7/21/2025,GOTOBQCZ5A,0,0,0,0,0
7/21/2025,GOTODRCG6A,11,11,11,11,7000
7/21/2025,GOTODRCN5A,3,3,1,2,608900
7/21/2025,GOTODRCQ5A,3,3,3,3,100100
7/21/2025,GOTOHDCQ5A,0,0,0,0,0
7/21/2025,GOTOM,0,0,0,0,0
7/21/2025,GOTOZPCH6A,0,0,0,0,0
7/21/2025,GPRA,130,133,129,133,100400600
7/21/2025,GPSO,428,430,386,396,2625900
7/21/2025,GRIA,82,83,81,82,1489200
7/21/2025,GRPH,50,50,50,50,127700
7/21/2025,GRPM,50,51,48,50,1355800
7/21/2025,GRPM-W,14,14,13,14,1800
7/21/2025,GSMF,53,53,52,53,25500
7/21/2025,GTBO,186,193,185,188,489400
7/21/2025,GTRA,149,149,139,143,2430100
7/21/2025,GTSI,38,39,38,39,1347400
7/21/2025,GULA,262,262,256,260,179600
7/21/2025,GUNA,260,262,254,258,200100
7/21/2025,GWSA,124,125,124,124,471700
7/21/2025,GZCO,107,119,104,115,225347300
7/21/2025,HADE,7,7,7,7,2886700
7/21/2025,HAIS,193,193,190,192,1097700
7/21/2025,HAJJ,128,131,121,123,11993500
7/21/2025,HAJJ-W,16,17,15,15,11115600
7/21/2025,HALO,79,84,78,82,20892000
7/21/2025,HALO-W,9,10,9,10,5202200
7/21/2025,HATM,258,262,254,262,11386000
7/21/2025,HBAT,66,70,64,66,1410000
7/21/2025,HDFA,108,109,106,108,15800
7/21/2025,HDIT,17,18,17,18,560900
7/21/2025,HDTX,0,0,0,0,0
7/21/2025,HEAL,1665,1675,1650,1650,10513000
7/21/2025,HEALHDCH6A,153,153,151,151,65300
7/21/2025,HEALZPCH6A,0,0,0,0,0
7/21/2025,HELI,256,256,252,256,968000
7/21/2025,HERO,416,420,404,406,7100
7/21/2025,HEXA,5250,5325,5250,5300,304100
7/21/2025,HGII,159,162,157,159,4429300
7/21/2025,HILL,230,230,226,226,211100
7/21/2025,HITS,0,0,0,0,0
7/21/2025,HKMU,0,0,0,0,0
7/21/2025,HMSP,600,605,595,600,5915900
7/21/2025,HOKI,88,90,86,88,5050000
7/21/2025,HOME,0,0,0,0,0
7/21/2025,HOMI,204,206,202,204,30800
7/21/2025,HOPE,71,71,71,71,6459000
7/21/2025,HOTL,0,0,0,0,0
7/21/2025,HRME,21,22,21,22,290400
7/21/2025,HRTA,620,640,620,640,16721500
7/21/2025,HRUM,825,850,810,835,15615000
7/21/2025,HRUMZPCG6A,0,0,0,0,0
7/21/2025,HUMI,60,63,59,62,100455100
7/21/2025,HUMI-W,7,7,6,7,7628200
7/21/2025,HYGN,144,144,142,143,705600
7/21/2025,IATA,49,49,48,48,404800
7/21/2025,IATA-W,29,37,29,37,47500
7/21/2025,IBFN,14,14,14,14,457900
7/21/2025,IBOS,27,28,26,27,2594300
7/21/2025,IBST,0,0,0,0,0
7/21/2025,ICBP,10425,10500,10250,10475,8204300
7/21/2025,ICBPDRCQ5A,11,13,11,13,14800
7/21/2025,ICBPDRCX6A,0,0,0,0,0
7/21/2025,ICBPHDCQ5A,0,0,0,0,0
7/21/2025,ICBPZPCX5A,0,0,0,0,0
7/21/2025,ICON,41,41,41,41,4000
7/21/2025,IDEA,46,49,45,49,403500
7/21/2025,IDPR,206,206,202,202,28600
7/21/2025,IFII,248,250,244,246,109100
7/21/2025,IFSH,750,785,750,785,3200
7/21/2025,IGAR,570,570,555,560,1100
7/21/2025,IIKP,0,0,0,0,0
7/21/2025,IKAI,9,9,9,9,915900
7/21/2025,IKAN,65,65,63,64,3163900
7/21/2025,IKBI,400,408,390,406,77500
7/21/2025,IKPM,202,202,190,196,177300
7/21/2025,IMAS,895,895,875,885,178200
7/21/2025,IMJS,190,191,178,186,7592300
7/21/2025,IMPC,330,356,330,350,31101000
7/21/2025,INAF,0,0,0,0,0
7/21/2025,INAI,161,164,158,159,485400
7/21/2025,INCF,24,24,23,24,52400
7/21/2025,INCI,600,605,585,600,46700
7/21/2025,INCO,3350,3600,3350,3590,15208000
7/21/2025,INCOBQCQ5A,116,116,116,116,2200
7/21/2025,INCOBQCV5A,49,55,49,55,44400
7/21/2025,INCODRCN5A,24,36,24,36,4000
7/21/2025,INCODRCQ5A,4,7,4,7,11538700
7/21/2025,INCODRCX5A,75,85,73,85,844500
7/21/2025,INCODRPV5A,52,52,52,52,100
7/21/2025,INCOHDCQ5A,74,90,72,90,125000
7/21/2025,INCOZPCX5A,0,0,0,0,0
7/21/2025,INDF,8275,8350,8225,8325,2352700
7/21/2025,INDFBQCV5A,0,0,0,0,0
7/21/2025,INDFDRCQ5A,33,35,33,35,300
7/21/2025,INDFDRCX6A,0,0,0,0,0
7/21/2025,INDFHDCQ5A,0,0,0,0,0
7/21/2025,INDO,195,202,195,199,4347400
7/21/2025,INDR,2320,2370,2310,2370,33400
7/21/2025,INDS,226,226,220,224,100100
7/21/2025,INDX,75,78,74,76,6716900
7/21/2025,INDY,1345,1405,1340,1395,14634100
7/21/2025,INDYZPCG6A,0,0,0,0,0
7/21/2025,INET,268,276,254,272,443880600
7/21/2025,INET-W,175,178,157,175,46009200
7/21/2025,INKP,5750,5850,5725,5800,1863600
7/21/2025,INKPDRCF6A,104,104,102,102,15300
7/21/2025,INKPDRCN5A,0,0,0,0,0
7/21/2025,INKPDRCQ5A,0,0,0,0,0
7/21/2025,INKPHDCQ5A,7,7,7,7,1000
7/21/2025,INKPZPCF6A,51,51,51,51,200
7/21/2025,INOV,84,88,84,86,194300
7/21/2025,INPC,154,157,150,154,12417500
7/21/2025,INPP,785,790,785,790,1400
7/21/2025,INPS,122,124,120,122,650800
7/21/2025,INRU,870,920,800,860,101200
7/21/2025,INTA,13,13,13,13,399900
7/21/2025,INTD,188,188,185,186,85100
7/21/2025,INTP,5200,5250,5100,5175,1241200
7/21/2025,INTPZPCG6A,0,0,0,0,0
7/21/2025,IOTF,93,97,86,95,209686900
7/21/2025,IPAC,145,148,135,137,49100
7/21/2025,IPCC,1055,1100,1050,1080,2612100
7/21/2025,IPCM,278,280,276,278,630400
7/21/2025,IPOL,133,135,129,129,557500
7/21/2025,IPPE,0,0,0,0,0
7/21/2025,IPTV,25,26,25,26,1027800
7/21/2025,IRRA,428,428,424,426,462400
7/21/2025,IRSX,37,37,37,37,5295500
7/21/2025,IRSX-W,1,1,1,1,2551000
7/21/2025,ISAP,12,12,11,11,20811100
7/21/2025,ISAP-W,3,4,3,3,4591700
7/21/2025,ISAT,2360,2470,2360,2450,12079600
7/21/2025,ISATBQCU5A,0,0,0,0,0
7/21/2025,ISATDRCG6A,113,118,113,118,5500
7/21/2025,ISATDRCX5A,79,83,79,83,200
7/21/2025,ISATHDCQ5A,0,0,0,0,0
7/21/2025,ISATZPCF6A,0,0,0,0,0
7/21/2025,ISEA,64,64,63,64,1026500
7/21/2025,ISSP,334,336,324,332,2628400
7/21/2025,ITIC,214,216,212,216,309500
7/21/2025,ITMA,790,815,775,810,6872200
7/21/2025,ITMG,22525,22900,22525,22575,1073600
7/21/2025,JARR,440,464,418,446,26263900
7/21/2025,JAST,72,73,64,65,85348100
7/21/2025,JATI,156,159,154,156,9437400
7/21/2025,JAWA,150,151,146,150,3697000
7/21/2025,JAYA,94,98,94,95,470500
7/21/2025,JECC,800,865,800,845,65200
7/21/2025,JGLE,8,8,8,8,3898700
7/21/2025,JIHD,605,605,575,595,1604500
7/21/2025,JKON,77,78,76,77,4425400
7/21/2025,JKSW,0,0,0,0,0
7/21/2025,JMAS,133,135,132,135,581100
7/21/2025,JPFA,1695,1720,1665,1715,21563600
7/21/2025,JPFABQCZ5A,93,96,93,96,2600
7/21/2025,JPFAHDCZ5A,0,0,0,0,0
7/21/2025,JPFAZPCG6A,0,0,0,0,0
7/21/2025,JRPT,745,745,735,740,246500
7/21/2025,JSKY,0,0,0,0,0
7/21/2025,JSMR,3670,3670,3560,3570,5791400
7/21/2025,JSMRHDCH6A,0,0,0,0,0
7/21/2025,JSMRZPCG6A,0,0,0,0,0
7/21/2025,JSPT,4580,4640,4540,4590,3500
7/21/2025,JTPE,272,272,270,272,2494700
7/21/2025,KAEF,560,575,540,560,2518100
7/21/2025,KAQI,50,50,50,50,107400
7/21/2025,KARW,845,845,800,800,359600
7/21/2025,KAYU,0,0,0,0,0
7/21/2025,KBAG,33,33,32,32,209600
7/21/2025,KBLI,394,394,392,392,700
7/21/2025,KBLM,308,324,304,312,954900
7/21/2025,KBLV,55,55,53,54,3145200
7/21/2025,KBRI,0,0,0,0,0
7/21/2025,KDSI,480,480,472,472,1100
7/21/2025,KDTN,122,122,122,122,300
7/21/2025,KEEN,805,815,805,815,2280100
7/21/2025,KEJU,585,600,585,590,178700
7/21/2025,KETR,204,252,200,252,6112600
7/21/2025,KIAS,21,21,20,20,22300
7/21/2025,KICI,115,115,108,111,255700
7/21/2025,KIJA,184,189,182,186,23568300
7/21/2025,KING,224,224,218,218,301600
7/21/2025,KING-W,18,19,16,17,13283900
7/21/2025,KINO,1085,1105,1085,1095,2000
7/21/2025,KIOS,50,50,50,50,1037400
7/21/2025,KJEN,112,115,111,112,547300
7/21/2025,KKES,25,26,25,26,51500
7/21/2025,KKGI,376,380,372,374,3628900
7/21/2025,KLAS,142,142,138,140,7733800
7/21/2025,KLBF,1520,1520,1500,1505,6757200
7/21/2025,KLBFBQCV5A,0,0,0,0,0
7/21/2025,KLBFDRCG6A,0,0,0,0,0
7/21/2025,KLBFDRCN5A,0,0,0,0,0
7/21/2025,KLBFDRCQ5A,0,0,0,0,0
7/21/2025,KLBFHDCQ5A,0,0,0,0,0
7/21/2025,KLBFZPCF6A,0,0,0,0,0
7/21/2025,KLIN,124,125,117,119,577100
7/21/2025,KMDS,595,595,565,590,447900
7/21/2025,KMTR,264,276,258,260,754800
7/21/2025,KOBX,148,150,147,149,497100
7/21/2025,KOCI,50,52,50,51,4097500
7/21/2025,KOCI-W,6,7,6,6,3283400
7/21/2025,KOIN,0,0,0,0,0
7/21/2025,KOKA,68,70,68,69,746200
7/21/2025,KONI,1225,1610,1225,1400,90200
7/21/2025,KOPI,376,378,370,378,87300
7/21/2025,KOTA,17,18,17,18,1800800
7/21/2025,KPAL,0,0,0,0,0
7/21/2025,KPAS,0,0,0,0,0
7/21/2025,KPIG,162,164,157,162,70666000
7/21/2025,KRAH,0,0,0,0,0
7/21/2025,KRAS,262,272,262,272,11601000
7/21/2025,KREN,10,10,9,9,493400
7/21/2025,KRYA,268,274,262,268,11789100
7/21/2025,KSIX,194,199,193,196,358200
7/21/2025,KUAS,50,51,50,50,759000
7/21/2025,LABA,0,0,0,0,0
7/21/2025,LABS,136,138,134,136,183200
7/21/2025,LAJU,50,50,50,50,100700
7/21/2025,LAND,22,22,22,22,732700
7/21/2025,LAPD,37,37,37,37,494200
7/21/2025,LCGP,0,0,0,0,0
7/21/2025,LCKM,220,232,214,216,80400
7/21/2025,LEAD,72,73,71,72,6340400
7/21/2025,LFLO,282,290,256,262,81600
7/21/2025,LIFE,6625,6625,6275,6275,300
7/21/2025,LINK,1565,1600,1565,1600,17000
7/21/2025,LION,368,388,368,378,32400
7/21/2025,LIVE,140,150,139,149,15814700
7/21/2025,LMAS,0,0,0,0,0
7/21/2025,LMAX,57,59,55,56,1523800
7/21/2025,LMPI,146,146,141,144,373200
7/21/2025,LMSH,0,0,0,0,0
7/21/2025,LOPI,46,46,39,43,11648200
7/21/2025,LPCK,478,505,478,500,911000
7/21/2025,LPGI,398,412,398,402,28900
7/21/2025,LPIN,372,374,364,368,147900
7/21/2025,LPKR,83,85,82,84,24160400
7/21/2025,LPLI,284,290,282,290,224000
7/21/2025,LPPF,1740,1765,1730,1750,2250400
7/21/2025,LPPS,58,58,56,56,288600
7/21/2025,LRNA,143,159,136,142,1677400
7/21/2025,LSIP,1340,1355,1325,1335,6777000
7/21/2025,LSIPZPCG6A,79,79,77,78,102100
7/21/2025,LTLS,865,870,860,865,16700
7/21/2025,LUCK,66,66,65,66,278400
7/21/2025,LUCY,74,74,73,74,30700
7/21/2025,MABA,0,0,0,0,0
7/21/2025,MAGP,0,0,0,0,0
7/21/2025,MAHA,146,146,143,144,2102700
7/21/2025,MAIN,700,700,670,695,2861800
7/21/2025,MAMI,0,0,0,0,0
7/21/2025,MAMIP,0,0,0,0,0
7/21/2025,MANG,31,32,30,31,1575000
7/21/2025,MANG-W,24,24,23,23,8000
7/21/2025,MAPA,650,665,640,660,11782900
7/21/2025,MAPAHDCZ5A,0,0,0,0,0
7/21/2025,MAPAZPCH6A,42,44,42,44,10100
7/21/2025,MAPB,1865,2070,1825,1960,135600
7/21/2025,MAPI,1150,1160,1140,1145,6828100
7/21/2025,MAPIBQCV5A,16,16,16,16,10000
7/21/2025,MAPIDRCQ5A,10,10,10,10,179100
7/21/2025,MAPIDRCX5A,25,25,24,24,747200
7/21/2025,MAPIHDCQ5A,0,0,0,0,0
7/21/2025,MARI,22,22,22,22,2202300
7/21/2025,MARK,660,675,655,670,20491900
7/21/2025,MASA,0,0,0,0,0
7/21/2025,MASB,3400,3400,3400,3400,100
7/21/2025,MAXI,50,50,50,50,980900
7/21/2025,MAYA,180,183,180,183,2495800
7/21/2025,MBAP,1680,1690,1660,1665,45500
7/21/2025,MBMA,555,600,550,585,327112000
7/21/2025,MBMADRCQ5A,38,46,35,42,10943700
7/21/2025,MBMADRCX5A,66,75,66,73,10272700
7/21/2025,MBMAHDCH6A,119,131,119,128,102700
7/21/2025,MBMAHDCQ5A,20,25,18,22,10492700
7/21/2025,MBMAZPCX5A,0,0,0,0,0
7/21/2025,MBSS,1800,1870,1755,1825,1919900
7/21/2025,MBTO,87,87,82,85,1373200
7/21/2025,MCAS,1150,1200,1065,1090,151600
7/21/2025,MCOL,4010,4090,4000,4070,35300
7/21/2025,MCOR,65,66,65,66,2840900
7/21/2025,MDIA,24,24,23,23,85000
7/21/2025,MDIY,1300,1300,1280,1290,82200
7/21/2025,MDKA,2450,2550,2400,2450,77082600
7/21/2025,MDKABQCV5A,127,145,127,134,170800
7/21/2025,MDKADRCN5A,3,5,1,2,30525100
7/21/2025,MDKADRCQ5A,42,46,37,40,4438300
7/21/2025,MDKADRCV5A,103,111,96,102,498900
7/21/2025,MDKAHDCU5A,252,268,242,244,171000
7/21/2025,MDKAHDCZ5A,164,164,164,164,2000
7/21/2025,MDKAYUCQ5A,0,0,0,0,0
7/21/2025,MDKAZPCF6A,88,91,86,90,67400
7/21/2025,MDKI,160,160,158,158,100600
7/21/2025,MDLA,188,188,184,187,5118100
7/21/2025,MDLN,51,51,50,50,1182400
7/21/2025,MDRN,7,7,7,7,999000
7/21/2025,MEDC,1305,1310,1285,1290,21099200
7/21/2025,MEDCBQCV5A,0,0,0,0,0
7/21/2025,MEDCBQCZ5A,0,0,0,0,0
7/21/2025,MEDCDRCG6A,46,46,45,45,221100
7/21/2025,MEDCDRCN5A,3,3,1,2,138300
7/21/2025,MEDCDRCQ5A,46,46,46,46,1434800
7/21/2025,MEDCDRPV5A,39,39,37,37,1400
7/21/2025,MEDCHDCQ5A,0,0,0,0,0
7/21/2025,MEDCZPCF6A,46,46,46,46,100
7/21/2025,MEDS,50,50,50,50,1300
7/21/2025,MEGA,3260,3260,3240,3250,4000
7/21/2025,MEJA,0,0,0,0,0
7/21/2025,MEJA-W,0,0,0,0,0
7/21/2025,MENN,45,46,44,46,9688500
7/21/2025,MERI,680,700,482,482,41250600
7/21/2025,MERK,2930,2950,2910,2920,17900
7/21/2025,META,0,0,0,0,0
7/21/2025,MFIN,0,0,0,0,0
7/21/2025,MFMI,0,0,0,0,0
7/21/2025,MGLV,580,580,478,550,2657500
7/21/2025,MGNA,30,33,30,33,10300
7/21/2025,MGNA-W,17,17,17,17,500
7/21/2025,MGRO,710,715,695,700,3249500
7/21/2025,MHKI,128,135,126,132,3686600
7/21/2025,MICE,470,470,466,466,2700
7/21/2025,MIDI,412,416,406,410,5090500
7/21/2025,MIKA,2520,2550,2500,2500,4063200
7/21/2025,MIKAZPCG6A,34,34,34,34,350000
7/21/2025,MINA,90,110,88,106,1149015400
7/21/2025,MINE,496,505,494,498,2880000
7/21/2025,MIRA,39,39,39,39,1096000
7/21/2025,MITI,186,186,181,185,213700
7/21/2025,MKAP,330,330,328,328,285800
7/21/2025,MKNT,0,0,0,0,0
7/21/2025,MKPI,22325,22325,22325,22325,7500
7/21/2025,MKTR,107,107,104,104,831800
7/21/2025,MKTR-W,6,7,5,7,1566500
7/21/2025,MLBI,5800,6200,5800,6025,429500
7/21/2025,MLIA,320,328,316,326,5573800
7/21/2025,MLPL,103,109,101,109,113384900
7/21/2025,MLPT,32575,32575,31975,32200,4500
7/21/2025,MMIX,198,204,198,198,4215100
7/21/2025,MMLP,560,610,545,575,149009400
7/21/2025,MNCN,260,264,258,260,29107900
7/21/2025,MOLI,198,204,196,196,223400
7/21/2025,MORA,382,396,378,378,731000
7/21/2025,MPIX,62,63,61,62,1064400
7/21/2025,MPIX-W,8,8,7,8,3600
7/21/2025,MPMX,975,980,970,975,3132200
7/21/2025,MPOW,115,118,113,117,678000
7/21/2025,MPPA,61,64,59,62,98335000
7/21/2025,MPRO,2140,2190,2110,2170,179900
7/21/2025,MPXL,108,110,106,106,803400
7/21/2025,MRAT,252,260,250,250,292200
7/21/2025,MREI,1035,1075,1035,1070,1338400
7/21/2025,MSIE,28,28,26,27,197600
7/21/2025,MSIN,500,500,494,498,41368100
7/21/2025,MSJA,296,298,296,298,465300
7/21/2025,MSKY,52,53,52,53,2571700
7/21/2025,MSTI,1460,1490,1450,1480,2732800
7/21/2025,MTDL,560,570,555,560,4623500
7/21/2025,MTEL,610,630,605,615,18452800
7/21/2025,MTFN,4,5,4,5,9301000
7/21/2025,MTLA,446,460,442,444,11300
7/21/2025,MTMH,840,865,840,865,9800
7/21/2025,MTPS,41,41,41,41,31400
7/21/2025,MTRA,0,0,0,0,0
7/21/2025,MTSM,0,0,0,0,0
7/21/2025,MTWI,324,332,316,324,425000
7/21/2025,MUTU,92,92,90,91,1823100
7/21/2025,MUTU-W,1,1,1,1,150200
7/21/2025,MYOH,1750,1750,1695,1700,31100
7/21/2025,MYOR,2050,2090,2000,2080,4231400
7/21/2025,MYORZPCH6A,0,0,0,0,0
7/21/2025,MYRX,0,0,0,0,0
7/21/2025,MYRXP,0,0,0,0,0
7/21/2025,MYTX,0,0,0,0,0
7/21/2025,NAIK,162,164,158,160,5222700
7/21/2025,NAIK-W,32,32,30,30,11363200
7/21/2025,NANO,23,24,23,24,9383600
7/21/2025,NASA,17,17,17,17,313700
7/21/2025,NASI,84,85,82,83,3029400
7/21/2025,NATO,141,141,139,140,78400
7/21/2025,NAYZ,41,42,41,42,583900
7/21/2025,NCKL,680,730,670,705,51763700
7/21/2025,NELY,366,366,364,366,107500
7/21/2025,NEST,300,304,296,300,2932300
7/21/2025,NETV,147,148,144,146,1081200
7/21/2025,NFCX,1850,2030,1825,1920,109100
7/21/2025,NICE,480,500,476,492,15081700
7/21/2025,NICK,1240,1280,1240,1240,2100
7/21/2025,NICL,1125,1175,1110,1135,40307200
7/21/2025,NIKL,234,242,234,240,411900
7/21/2025,NINE,68,69,65,67,21436700
7/21/2025,NIPS,0,0,0,0,0
7/21/2025,NIRO,123,124,122,122,41200
7/21/2025,NISP,1350,1350,1335,1340,1694500
7/21/2025,NOBU,575,580,560,565,4655200
7/21/2025,NPGF,57,68,50,50,70444900
7/21/2025,NRCA,1015,1015,1015,1015,42653100
7/21/2025,NSSS,350,376,338,362,7293800
7/21/2025,NTBK,50,50,50,50,1300
7/21/2025,NUSA,0,0,0,0,0
7/21/2025,NZIA,85,87,85,87,538000
7/21/2025,OASA,190,206,183,197,356094000
7/21/2025,OBAT,386,414,386,400,11386900
7/21/2025,OBAT-W,54,60,53,59,7141200
7/21/2025,OBMD,196,199,195,196,436600
7/21/2025,OCAP,0,0,0,0,0
7/21/2025,OILS,104,104,100,103,808200
7/21/2025,OKAS,330,334,274,298,54520500
7/21/2025,OLIV,24,25,22,24,6040700
7/21/2025,OMED,175,175,172,173,451800
7/21/2025,OMRE,0,0,0,0,0
7/21/2025,OPMS,69,72,69,70,10023500
7/21/2025,PACK,3950,3950,3700,3760,3657700
7/21/2025,PADA,14,14,14,14,1426600
7/21/2025,PADI,32,32,32,32,533300
7/21/2025,PALM,340,422,332,418,3911600
7/21/2025,PAMG,93,108,91,97,478506900
7/21/2025,PANI,14150,14600,13725,14375,11967000
7/21/2025,PANIHDCZ5A,200,214,195,210,837200
7/21/2025,PANR,1070,1090,1070,1085,3928400
7/21/2025,PANS,1440,1440,1400,1425,185500
7/21/2025,PART,117,147,115,134,130838200
7/21/2025,PART-W,19,24,19,23,64162600
7/21/2025,PBID,510,510,505,510,138500
7/21/2025,PBRX,21,21,20,20,2112300
7/21/2025,PBSA,374,374,368,372,1144900
7/21/2025,PCAR,28,28,28,28,805700
7/21/2025,PDES,452,452,450,450,15300
7/21/2025,PDPP,500,500,492,498,371100
7/21/2025,PEGE,124,124,112,116,10413100
7/21/2025,PEHA,334,340,322,324,92500
7/21/2025,PEVE,350,354,346,348,176300
7/21/2025,PGAS,1645,1655,1620,1635,34471900
7/21/2025,PGASBQCU5A,0,0,0,0,0
7/21/2025,PGASBQCZ5A,67,67,67,67,200
7/21/2025,PGASDRCG6A,70,70,69,69,81900
7/21/2025,PGASDRCN5A,38,38,37,37,1300
7/21/2025,PGASDRCQ5A,27,27,27,27,100
7/21/2025,PGASHDCQ5A,54,54,54,54,7100
7/21/2025,PGASYUCQ5A,0,0,0,0,0
7/21/2025,PGEO,1660,1720,1630,1690,87274900
7/21/2025,PGEODRCN5A,118,132,112,128,83100
7/21/2025,PGEODRCQ5A,119,131,119,127,649500
7/21/2025,PGEODRPV5A,29,29,29,29,300
7/21/2025,PGEOHDCH6A,94,100,91,97,531700
7/21/2025,PGEOHDCQ5A,119,133,119,128,284200
7/21/2025,PGJO,0,0,0,0,0
7/21/2025,PGLI,133,140,131,134,54800
7/21/2025,PGUN,575,710,575,675,1502900
7/21/2025,PICO,128,129,127,128,143100
7/21/2025,PIPA,71,71,70,70,3104900
7/21/2025,PJAA,478,488,474,480,92500
7/21/2025,PKPK,625,650,615,650,33400
7/21/2025,PLAN,39,40,38,38,364900
7/21/2025,PLAS,0,0,0,0,0
7/21/2025,PLIN,0,0,0,0,0
7/21/2025,PMJS,120,125,120,125,19400
7/21/2025,PMMP,0,0,0,0,0
7/21/2025,PMUI,125,140,117,124,81753800
7/21/2025,PNBN,1130,1150,1115,1125,16260000
7/21/2025,PNBS,50,50,50,50,222400
7/21/2025,PNGO,1880,1890,1875,1890,17400
7/21/2025,PNIN,900,925,890,905,525900
7/21/2025,PNLF,252,270,252,262,261690500
7/21/2025,PNLFHDCZ5A,0,0,0,0,0
7/21/2025,PNLFYUCV5A,15,15,15,15,2916600
7/21/2025,PNLFZPCH6A,0,0,0,0,0
7/21/2025,PNSE,795,795,700,780,63300
7/21/2025,POLA,16,16,16,16,116300
7/21/2025,POLI,0,0,0,0,0
7/21/2025,POLL,0,0,0,0,0
7/21/2025,POLU,0,0,0,0,0
7/21/2025,POLY,19,19,19,19,104300
7/21/2025,POOL,0,0,0,0,0
7/21/2025,PORT,895,895,875,880,8800
7/21/2025,POSA,0,0,0,0,0
7/21/2025,POWR,690,695,685,690,871500
7/21/2025,PPGL,98,99,97,99,45300
7/21/2025,PPRE,59,59,57,59,1120000
7/21/2025,PPRI,153,153,145,146,585500
7/21/2025,PPRO,0,0,0,0,0
7/21/2025,PRAS,0,0,0,0,0
7/21/2025,PRAY,610,625,605,615,21200
7/21/2025,PRDA,2850,2930,2840,2880,646400
7/21/2025,PRIM,60,60,59,60,2832000
7/21/2025,PSAB,458,474,456,468,113891400
7/21/2025,PSAT,2480,2480,2190,2210,12123400
7/21/2025,PSDN,78,78,76,77,123700
7/21/2025,PSGO,178,178,170,176,644600
7/21/2025,PSKT,32,34,32,34,698700
7/21/2025,PSSI,344,346,340,344,118300
7/21/2025,PTBA,2460,2460,2410,2430,8617700
7/21/2025,PTBABQCV5A,0,0,0,0,0
7/21/2025,PTBADRCG6A,33,33,33,33,100
7/21/2025,PTBADRCN5A,6,6,1,1,6400
7/21/2025,PTBADRCQ5A,18,18,18,18,100
7/21/2025,PTBAHDCQ5A,0,0,0,0,0
7/21/2025,PTBAZPCH6A,0,0,0,0,0
7/21/2025,PTDU,0,0,0,0,0
7/21/2025,PTIS,356,356,354,354,38000
7/21/2025,PTMP,91,98,87,96,51678700
7/21/2025,PTMR,0,0,0,0,0
7/21/2025,PTPP,428,432,420,420,21348400
7/21/2025,PTPS,107,139,105,134,178984700
7/21/2025,PTPW,935,940,935,940,19400
7/21/2025,PTRO,4210,4250,4020,4190,69605600
7/21/2025,PTSN,218,226,216,216,184800
7/21/2025,PTSP,1045,1050,960,1000,58800
7/21/2025,PUDP,220,220,208,214,13800
7/21/2025,PURA,13,13,13,13,964900
7/21/2025,PURE,0,0,0,0,0
7/21/2025,PURI,184,187,182,186,109100
7/21/2025,PWON,362,364,358,360,18637200
7/21/2025,PWONHDCZ5A,0,0,0,0,0
7/21/2025,PWONZPCH6A,0,0,0,0,0
7/21/2025,PYFA,428,464,406,436,290114800
7/21/2025,PYFA-W,107,118,102,104,10924500
7/21/2025,PZZA,160,166,158,163,940300
7/21/2025,R-ABFII,0,0,0,0,0
7/21/2025,R-LQ45X,964,966,962,962,700
7/21/2025,RAAM,282,282,274,276,7638100
7/21/2025,RAFI,0,0,0,0,0
7/21/2025,RAJA,2560,2630,2520,2600,28426800
7/21/2025,RALS,404,404,400,404,4252900
7/21/2025,RANC,418,418,414,416,8800
7/21/2025,RATU,7350,7450,7150,7325,8504600
7/21/2025,RBMS,24,24,24,24,3000
7/21/2025,RCCC,105,109,104,108,571100
7/21/2025,RDTX,0,0,0,0,0
7/21/2025,REAL,45,46,45,46,9228800
7/21/2025,RELF,19,20,18,19,2276400
7/21/2025,RELI,565,705,565,705,664800
7/21/2025,RGAS,131,133,130,131,6596300
7/21/2025,RICY,36,36,35,35,22000
7/21/2025,RIGS,780,790,780,780,219700
7/21/2025,RIMO,0,0,0,0,0
7/21/2025,RISE,1050,1050,1045,1050,453200
7/21/2025,RMKE,515,515,510,510,520100
7/21/2025,RMKO,100,102,98,99,207100
7/21/2025,ROCK,228,230,228,230,16100
7/21/2025,RODA,34,34,34,34,25700
7/21/2025,RONY,0,0,0,0,0
7/21/2025,ROTI,835,835,825,825,455900
7/21/2025,RSCH,454,458,450,450,1379000
7/21/2025,RSGK,0,0,0,0,0
7/21/2025,RUIS,187,188,185,188,1116700
7/21/2025,RUNS,50,56,49,56,1018500
7/21/2025,SAFE,236,248,228,236,1349700
7/21/2025,SAGE,12,13,12,12,748100
7/21/2025,SAME,248,260,248,252,6081500
7/21/2025,SAMF,334,340,332,338,97900
7/21/2025,SAPX,312,326,304,310,323800
7/21/2025,SATU,234,238,232,238,4680600
7/21/2025,SBAT,0,0,0,0,0
7/21/2025,SBMA,117,119,114,118,3737100
7/21/2025,SCCO,2170,2200,2150,2150,3300
7/21/2025,SCMA,180,188,180,186,271210500
7/21/2025,SCMABQCZ5A,35,35,35,35,100
7/21/2025,SCMAHDCZ5A,135,135,135,135,10000
7/21/2025,SCMAZPCG6A,62,62,62,62,1000
7/21/2025,SCNP,159,161,154,155,35700
7/21/2025,SCPI,0,0,0,0,0
7/21/2025,SDMU,44,44,44,44,675700
7/21/2025,SDPC,129,130,127,130,396300
7/21/2025,SDRA,300,300,292,298,147200
7/21/2025,SEMA,85,86,83,85,222100
7/21/2025,SFAN,1930,1930,1925,1930,75200
7/21/2025,SGER,332,334,322,330,26163700
7/21/2025,SGRO,2800,2810,2750,2770,716200
7/21/2025,SHID,1070,1200,1040,1165,188800
7/21/2025,SHIP,3250,3250,2840,2970,3401600
7/21/2025,SICO,112,112,110,111,1614400
7/21/2025,SIDO,505,515,505,510,19864100
7/21/2025,SILO,2160,2200,2140,2140,820500
7/21/2025,SIMA,0,0,0,0,0
7/21/2025,SIMP,555,560,545,555,7739700
7/21/2025,SINI,3300,3380,3300,3380,72200
7/21/2025,SIPD,0,0,0,0,0
7/21/2025,SKBM,336,350,326,340,40900
7/21/2025,SKLT,192,192,188,188,43800
7/21/2025,SKRN,442,442,436,438,120500
7/21/2025,SKYB,0,0,0,0,0
7/21/2025,SLIS,50,50,50,50,79900
7/21/2025,SLIS-W,6,7,6,7,63800
7/21/2025,SMAR,3560,3710,3560,3690,119900
7/21/2025,SMBR,282,288,276,282,20175800
7/21/2025,SMCB,0,0,0,0,0
7/21/2025,SMDM,825,850,795,815,181700
7/21/2025,SMDR,334,346,330,342,30857600
7/21/2025,SMGA,81,82,80,81,31235000
7/21/2025,SMGR,2600,2600,2490,2490,13987400
7/21/2025,SMGRBQCU5A,0,0,0,0,0
7/21/2025,SMGRBQCZ5A,39,39,38,38,8500
7/21/2025,SMGRDRCN5A,0,0,0,0,0
7/21/2025,SMGRDRCQ5A,2,2,2,2,100
7/21/2025,SMGRDRCV5A,49,49,44,45,287200
7/21/2025,SMGRHDCZ5A,0,0,0,0,0
7/21/2025,SMIL,256,288,256,286,184066100
7/21/2025,SMKL,159,161,157,159,51900
7/21/2025,SMKM,71,71,69,69,3779600
7/21/2025,SMLE,128,128,125,126,1114600
7/21/2025,SMMA,0,0,0,0,0
7/21/2025,SMMT,840,900,840,890,60000
7/21/2025,SMRA,388,394,386,392,18311200
7/21/2025,SMRAHDCZ5A,0,0,0,0,0
7/21/2025,SMRAZPCH6A,0,0,0,0,0
7/21/2025,SMRU,0,0,0,0,0
7/21/2025,SMSM,1940,1940,1905,1915,397000
7/21/2025,SNLK,530,535,525,530,8080900
7/21/2025,SOCI,172,173,169,170,1470000
7/21/2025,SOFA,47,47,45,45,3296900
7/21/2025,SOHO,695,695,680,680,1500
7/21/2025,SOLA,128,131,124,130,46672500
7/21/2025,SONA,3260,3400,3200,3260,8500
7/21/2025,SOSS,416,424,410,424,6600
7/21/2025,SOTS,272,288,260,272,98000
7/21/2025,SOUL,37,37,35,36,2080200
7/21/2025,SPMA,260,262,258,260,70900
7/21/2025,SPRE,99,99,85,88,1661800
7/21/2025,SPTO,660,665,655,660,144800
7/21/2025,SQMI,0,0,0,0,0
7/21/2025,SRAJ,4470,4470,4410,4470,317600
7/21/2025,SRIL,0,0,0,0,0
7/21/2025,SRSN,51,51,50,50,3773400
7/21/2025,SRTG,1870,1970,1870,1965,44731700
7/21/2025,SRTGZPCG6A,110,116,110,112,45200
7/21/2025,SSIA,2880,3160,2880,2940,132751500
7/21/2025,SSMS,1400,1440,1390,1430,9388500
7/21/2025,SSTM,167,174,164,165,64600
7/21/2025,STAA,815,840,815,835,9388700
7/21/2025,STAR,29,29,29,29,23000
7/21/2025,STRK,91,94,88,90,12294400
7/21/2025,STTP,10400,10400,10400,10400,200
7/21/2025,SUGI,0,0,0,0,0
7/21/2025,SULI,112,113,110,112,2046300
7/21/2025,SUNI,905,905,860,875,614900
7/21/2025,SUPR,0,0,0,0,0
7/21/2025,SURE,2720,2720,2420,2530,8300
7/21/2025,SURI,112,127,109,121,103065500
7/21/2025,SWAT,0,0,0,0,0
7/21/2025,SWID,62,63,60,61,1030700
7/21/2025,TALF,298,314,292,306,32300
7/21/2025,TAMA,26,27,26,27,103300
7/21/2025,TAMU,14,15,14,15,2382300
7/21/2025,TAPG,1260,1340,1260,1335,21044000
7/21/2025,TAPGHDCH6A,137,147,137,147,7800
7/21/2025,TAPGZPCH6A,66,66,66,66,10000
7/21/2025,TARA,10,10,10,10,631500
7/21/2025,TAXI,7,7,6,7,2639100
7/21/2025,TAYS,50,50,50,50,85400
7/21/2025,TBIG,1995,2010,1990,2000,216600
7/21/2025,TBLA,840,840,815,820,3537900
7/21/2025,TBMS,1145,1165,1070,1070,149200
7/21/2025,TCID,2310,2310,2270,2300,1500
7/21/2025,TCPI,5650,5650,5400,5500,2685500
7/21/2025,TDPM,0,0,0,0,0
7/21/2025,TEBE,995,1090,990,1035,12770400
7/21/2025,TECH,0,0,0,0,0
7/21/2025,TELE,0,0,0,0,0
7/21/2025,TFAS,134,138,132,134,151000
7/21/2025,TFCO,0,0,0,0,0
7/21/2025,TGKA,5975,6150,5975,5975,1500
7/21/2025,TGRA,0,0,0,0,0
7/21/2025,TGUK,0,0,0,0,0
7/21/2025,TIFA,675,675,610,610,14300
7/21/2025,TINS,1010,1045,1010,1045,18900100
7/21/2025,TIRA,1725,1800,1710,1780,30600
7/21/2025,TIRT,0,0,0,0,0
7/21/2025,TKIM,5650,5675,5575,5600,558000
7/21/2025,TKIMZPCG6A,0,0,0,0,0
7/21/2025,TLDN,595,595,585,585,291000
7/21/2025,TLKM,2800,2800,2750,2800,26446600
7/21/2025,TLKMBQCQ5A,0,0,0,0,0
7/21/2025,TLKMBQCV5A,0,0,0,0,0
7/21/2025,TLKMDRCQ5A,38,38,38,38,1500
7/21/2025,TLKMDRCQ5B,0,0,0,0,0
7/21/2025,TLKMDRCX6A,0,0,0,0,0
7/21/2025,TLKMHDCQ5A,0,0,0,0,0
7/21/2025,TLKMHDCV5A,0,0,0,0,0
7/21/2025,TLKMYUCQ5A,0,0,0,0,0
7/21/2025,TLKMZPCF6A,0,0,0,0,0
7/21/2025,TMAS,130,131,129,130,1023000
7/21/2025,TMPO,150,155,148,154,1260100
7/21/2025,TNCA,144,144,139,142,512500
7/21/2025,TOBA,1155,1210,1105,1125,319510200
7/21/2025,TOOL,51,51,50,50,164200
7/21/2025,TOPS,0,0,0,0,0
7/21/2025,TOSK,50,50,50,50,31900
7/21/2025,TOTL,725,725,700,705,1697100
7/21/2025,TOTO,230,232,228,232,1271900
7/21/2025,TOWR,580,665,580,645,159148200
7/21/2025,TOYS,0,0,0,0,0
7/21/2025,TPIA,9500,9525,9300,9350,6319100
7/21/2025,TPMA,620,625,605,610,6237100
7/21/2025,TRAM,0,0,0,0,0
7/21/2025,TRGU,184,188,182,182,63400
7/21/2025,TRIL,0,0,0,0,0
7/21/2025,TRIM,366,380,356,370,458300
7/21/2025,TRIN,102,109,102,106,2627300
7/21/2025,TRIN-W2,0,0,0,0,0
7/21/2025,TRIO,0,0,0,0,0
7/21/2025,TRIS,174,175,172,175,6700
7/21/2025,TRJA,138,140,135,135,428000
7/21/2025,TRON,104,105,99,101,1403200
7/21/2025,TRST,492,492,488,488,1200
7/21/2025,TRUE,18,18,18,18,311400
7/21/2025,TRUK,156,156,150,151,1540900
7/21/2025,TRUS,464,464,450,456,2400
7/21/2025,TSPC,2280,2300,2260,2260,941000
7/21/2025,TUGU,1005,1010,980,995,3162900
7/21/2025,TYRE,132,134,128,132,123900
7/21/2025,UANG,208,210,206,206,82600
7/21/2025,UCID,500,505,496,498,1003900
7/21/2025,UDNG,1165,1190,1095,1155,280100
7/21/2025,UFOE,170,171,168,170,299100
7/21/2025,ULTJ,1310,1310,1300,1300,3182500
7/21/2025,UNIC,7850,7850,7800,7850,3400
7/21/2025,UNIQ,374,376,364,368,10588500
7/21/2025,UNIT,0,0,0,0,0
7/21/2025,UNSP,120,120,120,120,4879800
7/21/2025,UNTD,77,77,75,77,5248400
7/21/2025,UNTR,22675,22775,22475,22725,1661800
7/21/2025,UNTRBQCV5A,0,0,0,0,0
7/21/2025,UNTRDRCG6A,110,110,110,110,100
7/21/2025,UNTRDRCN5A,0,0,0,0,0
7/21/2025,UNTRDRCQ5A,0,0,0,0,0
7/21/2025,UNTRHDCQ5A,21,21,21,21,29200
7/21/2025,UNVR,1515,1590,1515,1570,21087500
7/21/2025,UNVRBQCQ5A,12,16,10,16,515000
7/21/2025,UNVRBQCU5A,28,28,28,28,1400
7/21/2025,UNVRBQCZ5A,0,0,0,0,0
7/21/2025,UNVRDRCG6A,32,37,32,37,2800
7/21/2025,UNVRDRCN5A,9,13,9,13,21600
7/21/2025,UNVRDRCQ5A,3,4,3,4,1335500
7/21/2025,UNVRHDCQ5A,0,0,0,0,0
7/21/2025,UNVRZPCH6A,0,0,0,0,0
7/21/2025,URBN,132,133,129,129,60300
7/21/2025,UVCR,76,76,74,75,4479700
7/21/2025,VAST,176,180,175,180,4513100
7/21/2025,VAST-W,14,14,13,14,5774600
7/21/2025,VERN,119,120,118,119,466900
7/21/2025,VERN-W,3,4,3,4,2232500
7/21/2025,VICI,635,635,630,635,231400
7/21/2025,VICO,160,162,157,158,508300
7/21/2025,VINS,113,114,111,112,14400
7/21/2025,VISI,149,149,142,142,780700
7/21/2025,VIVA,13,13,12,12,475300
7/21/2025,VKTR,87,92,86,89,27752900
7/21/2025,VOKS,193,198,191,192,39200
7/21/2025,VRNA,72,75,72,74,24200
7/21/2025,VTNY,112,112,110,111,6449300
7/21/2025,WAPO,150,152,148,150,751200
7/21/2025,WEGE,51,52,50,51,3226300
7/21/2025,WEHA,118,118,115,115,1237900
7/21/2025,WGSH,174,174,166,173,1233200
7/21/2025,WICO,0,0,0,0,0
7/21/2025,WIDI,20,21,19,20,4965300
7/21/2025,WIFI,2700,2970,2570,2920,419598800
7/21/2025,WIIM,870,875,850,865,1366500
7/21/2025,WIKA,0,0,0,0,0
7/21/2025,WINE,236,236,228,232,76100
7/21/2025,WINR,26,26,26,26,4919800
7/21/2025,WINS,390,392,380,382,1753400
7/21/2025,WIRG,97,110,95,110,618835300
7/21/2025,WMPP,0,0,0,0,0
7/21/2025,WMUU,13,13,13,13,12291500
7/21/2025,WOMF,354,364,352,360,77900
7/21/2025,WOOD,424,440,420,424,8540700
7/21/2025,WOWS,56,56,56,56,519800
7/21/2025,WSBP,13,13,13,13,3727200
7/21/2025,WSKT,0,0,0,0,0
7/21/2025,WTON,96,98,93,95,15241500
7/21/2025,XAQA,0,0,0,0,0
7/21/2025,XBES,0,0,0,0,0
7/21/2025,XBID,502,502,502,502,100
7/21/2025,XBIG,0,0,0,0,0
7/21/2025,XBIN,560,560,560,560,200
7/21/2025,XBLQ,480,480,475,475,2300
7/21/2025,XBNI,0,0,0,0,0
7/21/2025,XBSK,0,0,0,0,0
7/21/2025,XCEG,103,103,103,103,400
7/21/2025,XCID,57,60,57,60,14000
7/21/2025,XCIS,0,0,0,0,0
7/21/2025,XCLQ,86,86,86,86,100
7/21/2025,XDIF,0,0,0,0,0
7/21/2025,XIFE,107,107,107,107,800
7/21/2025,XIHD,605,605,605,605,300
7/21/2025,XIIC,0,0,0,0,0
7/21/2025,XIID,0,0,0,0,0
7/21/2025,XIIF,459,461,459,461,1100
7/21/2025,XIIT,505,505,502,504,1000
7/21/2025,XIJI,605,605,597,605,3800
7/21/2025,XILV,0,0,0,0,0
7/21/2025,XIML,250,250,250,250,29200
7/21/2025,XIPB,200,200,199,199,300
7/21/2025,XIPI,218,218,218,218,200
7/21/2025,XISB,530,535,530,535,1100
7/21/2025,XISC,0,0,0,0,0
7/21/2025,XISI,0,0,0,0,0
7/21/2025,XISR,426,427,423,427,1300
7/21/2025,XKID,0,0,0,0,0
7/21/2025,XKIV,541,541,541,541,100
7/21/2025,XKMS,1137,1141,1134,1140,148900
7/21/2025,XMGB,1101,1104,1101,1104,9500
7/21/2025,XMIG,213,213,213,213,300
7/21/2025,XMLF,0,0,0,0,0
7/21/2025,XMSK,374,374,370,373,700
7/21/2025,XNVE,0,0,0,0,0
7/21/2025,XPDV,0,0,0,0,0
7/21/2025,XPFT,0,0,0,0,0
7/21/2025,XPIN,617,617,615,615,1300
7/21/2025,XPLQ,0,0,0,0,0
7/21/2025,XPSG,0,0,0,0,0
7/21/2025,XPTD,431,431,431,431,100
7/21/2025,XSBC,63,63,48,63,19700
7/21/2025,XSPI,0,0,0,0,0
7/21/2025,XSSI,51,51,47,50,199100
7/21/2025,XSSK,0,0,0,0,0
7/21/2025,YELO,20,20,19,19,1246600
7/21/2025,YOII,96,96,94,95,2639800
7/21/2025,YPAS,0,0,0,0,0
7/21/2025,YULE,2700,2700,2680,2680,200
7/21/2025,YUPI,1820,1825,1795,1810,61200
7/21/2025,ZATA,10,10,9,9,1401600
7/21/2025,ZBRA,0,0,0,0,0
7/21/2025,ZINC,13,13,12,12,1345300
7/21/2025,ZONE,805,805,800,805,96600
7/21/2025,ZYRX,132,136,126,132,2426600
