<date>,<ticker>,<open>,<high>,<low>,<close>,<volume>
7/11/2025,IHSG,7036.296,7055.795,7005.371,7047.438,7048601448
7/11/2025,IDX30,0.000,0.000,0.000,0.000,0
7/11/2025,IDX80,0.000,0.000,0.000,0.000,0
7/11/2025,AADI,7000,7100,6975,7000,6521600
7/11/2025,AALI,5850,5925,5850,5925,383700
7/11/2025,ABBA,37,37,37,37,1735700
7/11/2025,ABDA,0,0,0,0,0
7/11/2025,ABMM,3040,3070,3020,3060,413800
7/11/2025,ACES,505,510,500,505,21191500
7/11/2025,ACESBQCV5A,5,6,5,6,13100
7/11/2025,ACESDRCN5A,2,2,1,2,837400
7/11/2025,ACESDRCQ5A,1,2,1,1,3700
7/11/2025,ACESHDCZ5A,69,69,69,69,123700
7/11/2025,ACRO,62,64,61,62,2773700
7/11/2025,ACRO-W,6,7,6,7,135600
7/11/2025,ACST,92,92,92,92,1344600
7/11/2025,ADCP,50,50,50,50,100200
7/11/2025,ADES,12200,12925,12075,12825,119200
7/11/2025,ADHI,258,266,254,256,17308400
7/11/2025,ADMF,9100,9200,9075,9125,104300
7/11/2025,ADMG,117,135,117,119,3467700
7/11/2025,ADMR,1020,1035,1000,1005,27175700
7/11/2025,ADMRZPCH6A,59,59,57,58,43200
7/11/2025,ADRO,1850,1915,1840,1870,96067200
7/11/2025,ADROBQCN5A,9,14,8,8,10657900
7/11/2025,ADROBQCU5A,32,36,32,36,1853600
7/11/2025,ADROBQCZ5A,51,51,51,51,100
7/11/2025,ADRODRCN5A,4,4,3,4,41000
7/11/2025,ADRODRCQ5A,4,5,3,3,1966200
7/11/2025,ADRODRCQ5B,24,27,24,25,798700
7/11/2025,ADRODRCX5A,52,55,49,54,6325000
7/11/2025,ADROHDCN5A,0,0,0,0,0
7/11/2025,ADROHDCQ5A,0,0,0,0,0
7/11/2025,ADROHDCZ5A,0,0,0,0,0
7/11/2025,ADROZPCF6A,45,45,44,45,343100
7/11/2025,AEGS,33,33,32,33,483300
7/11/2025,AGAR,228,234,226,234,29300
7/11/2025,AGII,985,990,980,990,357800
7/11/2025,AGRO,216,222,212,216,21783400
7/11/2025,AGRS,65,65,64,64,2238000
7/11/2025,AHAP,66,68,65,67,1528900
7/11/2025,AIMS,462,464,376,392,11070800
7/11/2025,AISA,150,153,146,146,8422200
7/11/2025,AKKU,0,0,0,0,0
7/11/2025,AKPI,670,730,650,680,83900
7/11/2025,AKRA,1170,1200,1170,1190,17852600
7/11/2025,AKRADRCN5A,33,33,33,33,100
7/11/2025,AKRADRCQ5A,9,9,9,9,10100
7/11/2025,AKRADRCX5A,34,34,34,34,100
7/11/2025,AKRAHDCQ5A,0,0,0,0,0
7/11/2025,AKRAZPCX5A,57,57,57,57,100
7/11/2025,AKSI,280,282,272,278,196000
7/11/2025,ALDO,492,498,492,498,44900
7/11/2025,ALII,625,625,610,610,4068900
7/11/2025,ALKA,296,322,296,310,14900
7/11/2025,ALMI,0,0,0,0,0
7/11/2025,ALTO,0,0,0,0,0
7/11/2025,AMAG,350,356,348,354,10700
7/11/2025,AMAN,102,107,101,103,1847700
7/11/2025,AMAR,161,161,156,158,774200
7/11/2025,AMFG,3560,3560,3530,3530,161300
7/11/2025,AMIN,145,147,145,147,16900
7/11/2025,AMMN,8500,8525,8275,8375,20332000
7/11/2025,AMMNBQCZ5A,98,98,98,98,600
7/11/2025,AMMNZPCG6A,72,72,69,71,172500
7/11/2025,AMMS,0,0,0,0,0
7/11/2025,AMMS-W,0,0,0,0,0
7/11/2025,AMOR,515,520,510,515,15500
7/11/2025,AMRT,2300,2320,2260,2300,17271500
7/11/2025,AMRTBQCU5A,30,30,27,28,709900
7/11/2025,AMRTDRCN5A,0,0,0,0,0
7/11/2025,AMRTDRCQ5A,4,4,4,4,70500
7/11/2025,AMRTDRCZ5A,46,46,46,46,200
7/11/2025,AMRTHDCQ5A,27,28,27,28,416000
7/11/2025,AMRTZPCX5A,0,0,0,0,0
7/11/2025,ANDI,17,18,17,18,2745200
7/11/2025,ANJT,1775,1775,1765,1770,182200
7/11/2025,ANTM,3000,3020,2960,2990,97432200
7/11/2025,ANTMBQCU5A,292,292,292,292,100
7/11/2025,ANTMBQCX5A,83,90,83,88,189800
7/11/2025,ANTMBQCZ5A,0,0,0,0,0
7/11/2025,ANTMDRCG6A,55,56,54,55,42000
7/11/2025,ANTMDRCN5A,0,0,0,0,0
7/11/2025,ANTMDRCQ5A,260,260,260,260,77200
7/11/2025,ANTMDRCX5A,292,300,288,300,225400
7/11/2025,ANTMDRPU5A,60,60,59,59,250000
7/11/2025,ANTMDRPU5B,35,36,35,36,1200
7/11/2025,ANTMHDCQ5A,372,372,372,372,15000
7/11/2025,ANTMHDCU5A,0,0,0,0,0
7/11/2025,ANTMYUCQ5A,342,346,342,342,600
7/11/2025,ANTMZPCX5A,206,206,199,202,183200
7/11/2025,APEX,130,130,127,128,9071900
7/11/2025,APIC,1175,1195,1160,1185,4403300
7/11/2025,APII,174,180,173,175,6000
7/11/2025,APLI,478,488,470,472,4000
7/11/2025,APLN,92,92,90,90,4394100
7/11/2025,ARCI,610,615,595,595,19298800
7/11/2025,AREA,428,436,422,430,849800
7/11/2025,ARGO,785,785,725,740,6900
7/11/2025,ARII,276,278,274,278,24100
7/11/2025,ARKA,20,20,20,20,864100
7/11/2025,ARKO,805,825,795,805,116800
7/11/2025,ARMY,0,0,0,0,0
7/11/2025,ARNA,590,595,585,590,340000
7/11/2025,ARTA,2250,2690,2210,2350,22600
7/11/2025,ARTI,0,0,0,0,0
7/11/2025,ARTO,1720,1810,1720,1810,8645800
7/11/2025,ARTOBQCU5A,8,9,8,9,160500
7/11/2025,ARTOBQCZ5A,0,0,0,0,0
7/11/2025,ARTODRCN5A,2,2,2,2,1000
7/11/2025,ARTODRCQ5A,4,4,4,4,10100
7/11/2025,ARTODRCX5A,40,40,38,39,68200
7/11/2025,ARTOHDCZ5A,98,98,98,98,100
7/11/2025,ARTOZPCX5A,0,0,0,0,0
7/11/2025,ASBI,416,416,412,412,12400
7/11/2025,ASDM,510,520,510,515,111900
7/11/2025,ASGR,900,900,890,895,233000
7/11/2025,ASHA,17,17,17,17,1812700
7/11/2025,ASII,4720,4720,4680,4710,19382400
7/11/2025,ASIIBQCU5A,0,0,0,0,0
7/11/2025,ASIIBQCZ5A,0,0,0,0,0
7/11/2025,ASIIDRCQ5A,0,0,0,0,0
7/11/2025,ASIIDRCQ5B,0,0,0,0,0
7/11/2025,ASIIDRCX5A,84,86,84,86,200
7/11/2025,ASIIDRCX6A,0,0,0,0,0
7/11/2025,ASIIDRPQ5A,29,30,29,30,4000
7/11/2025,ASIIHDCZ5A,0,0,0,0,0
7/11/2025,ASJT,107,111,105,105,1234400
7/11/2025,ASLC,68,69,66,67,13329000
7/11/2025,ASLI,50,50,50,50,160700
7/11/2025,ASMI,16,16,15,16,88100
7/11/2025,ASPI,208,260,202,260,6989100
7/11/2025,ASPR,102,131,102,113,830755200
7/11/2025,ASRI,132,133,129,129,11408400
7/11/2025,ASRM,276,280,270,278,22400
7/11/2025,ASSA,750,765,750,760,4693100
7/11/2025,ATAP,27,28,27,28,269100
7/11/2025,ATIC,384,386,380,382,64300
7/11/2025,ATLA,50,50,50,50,60100
7/11/2025,AUTO,2060,2070,2050,2060,1177000
7/11/2025,AVIA,442,448,438,438,8431100
7/11/2025,AWAN,280,282,270,272,20242800
7/11/2025,AXIO,132,137,130,131,3365100
7/11/2025,AYAM,160,162,160,162,103279000
7/11/2025,AYLS,102,102,100,101,2212000
7/11/2025,BABP,51,51,50,51,8563900
7/11/2025,BABY,300,310,300,308,8783300
7/11/2025,BACA,131,131,130,130,675500
7/11/2025,BAIK,99,101,98,99,1244300
7/11/2025,BAIK-W,8,8,7,8,403200
7/11/2025,BAJA,137,137,129,132,4683000
7/11/2025,BALI,1495,1495,1435,1490,10200
7/11/2025,BANK,820,845,810,830,6711700
7/11/2025,BANK-W,0,0,0,0,0
7/11/2025,BAPA,50,50,50,50,22500
7/11/2025,BAPI,9,9,8,9,726900
7/11/2025,BATA,51,51,50,50,2000
7/11/2025,BATR,80,82,80,81,1493900
7/11/2025,BAUT,25,25,24,25,635000
7/11/2025,BAYU,1305,1305,1290,1295,62400
7/11/2025,BBCA,8575,8675,8575,8625,135986500
7/11/2025,BBCABQCV5A,0,0,0,0,0
7/11/2025,BBCABQCX5A,0,0,0,0,0
7/11/2025,BBCADRCF6A,76,77,76,77,73600
7/11/2025,BBCADRCQ5A,0,0,0,0,0
7/11/2025,BBCADRCX6A,4420,4420,4420,4420,100
7/11/2025,BBCADRPQ5A,65,65,65,65,301300
7/11/2025,BBCAHDCQ5A,0,0,0,0,0
7/11/2025,BBCAHDCU5A,0,0,0,0,0
7/11/2025,BBCAHDCV5A,0,0,0,0,0
7/11/2025,BBCAYUCQ5A,67,67,67,67,200
7/11/2025,BBCAZPCF6A,60,60,60,60,10000
7/11/2025,BBCAZPCH6A,0,0,0,0,0
7/11/2025,BBHI,1025,1140,1025,1130,9485400
7/11/2025,BBKP,60,62,59,61,134416800
7/11/2025,BBLD,780,780,730,740,3500
7/11/2025,BBMD,2070,2080,2050,2080,1500
7/11/2025,BBNI,4130,4220,4120,4180,48939300
7/11/2025,BBNIBQCU5A,0,0,0,0,0
7/11/2025,BBNIBQCV5A,0,0,0,0,0
7/11/2025,BBNIDRCQ5A,14,15,14,15,150600
7/11/2025,BBNIDRCX6A,2320,2350,2320,2350,700
7/11/2025,BBNIDRCZ5A,64,65,64,65,73400
7/11/2025,BBNIDRPU5A,32,33,32,32,3500
7/11/2025,BBNIHDCQ5A,43,43,43,43,200
7/11/2025,BBNIHDCU5A,0,0,0,0,0
7/11/2025,BBNIHDPU5A,0,0,0,0,0
7/11/2025,BBNIYUCV5A,77,77,77,77,100
7/11/2025,BBNIZPCH6A,0,0,0,0,0
7/11/2025,BBNIZPCX5A,0,0,0,0,0
7/11/2025,BBRI,3920,3920,3870,3880,255634700
7/11/2025,BBRIBQCQ5A,21,21,21,21,6500
7/11/2025,BBRIBQCU5A,0,0,0,0,0
7/11/2025,BBRIBQCZ5A,0,0,0,0,0
7/11/2025,BBRIDRCQ5A,38,39,38,38,1686000
7/11/2025,BBRIDRCX5A,171,171,169,169,100300
7/11/2025,BBRIDRCX6A,0,0,0,0,0
7/11/2025,BBRIDRPN5A,11,11,11,11,556800
7/11/2025,BBRIHDCQ5A,33,33,33,33,80000
7/11/2025,BBRIYUCV5A,164,164,164,164,100
7/11/2025,BBRIZPCH6A,0,0,0,0,0
7/11/2025,BBRIZPCX5A,91,94,91,92,16205900
7/11/2025,BBRM,77,80,75,75,1787400
7/11/2025,BBSI,4020,4030,4010,4020,6100
7/11/2025,BBSS,314,314,294,310,27300
7/11/2025,BBTN,1170,1200,1155,1195,32597400
7/11/2025,BBTNHDCZ5A,0,0,0,0,0
7/11/2025,BBTNZPCG6A,0,0,0,0,0
7/11/2025,BBYB,230,238,228,234,36608700
7/11/2025,BCAP,59,61,57,58,28500500
7/11/2025,BCIC,0,0,0,0,0
7/11/2025,BCIP,103,103,97,100,21520200
7/11/2025,BDKR,165,166,160,162,21575500
7/11/2025,BDMN,2440,2450,2410,2430,931500
7/11/2025,BEBS,0,0,0,0,0
7/11/2025,BEEF,286,292,280,280,7270100
7/11/2025,BEER,74,76,72,74,680100
7/11/2025,BEKS,25,25,25,25,6044900
7/11/2025,BELI,394,396,380,388,1675700
7/11/2025,BELL,50,52,50,50,5879000
7/11/2025,BESS,1080,1100,1070,1085,11500
7/11/2025,BEST,97,99,96,97,2761400
7/11/2025,BFIN,805,835,805,830,2906100
7/11/2025,BGTG,78,79,77,78,2760400
7/11/2025,BHAT,750,750,740,750,1501300
7/11/2025,BHIT,27,27,27,27,5110200
7/11/2025,BIKA,0,0,0,0,0
7/11/2025,BIKE,575,585,575,580,880500
7/11/2025,BIMA,41,41,41,41,52400
7/11/2025,BINA,4370,4380,4370,4380,500
7/11/2025,BINO,111,111,108,110,664300
7/11/2025,BIPI,81,83,80,81,321870800
7/11/2025,BIPP,39,39,39,39,1100
7/11/2025,BIRD,1795,1840,1790,1830,1455800
7/11/2025,BISI,960,970,955,960,213200
7/11/2025,BJBR,815,825,810,815,2128000
7/11/2025,BJTM,490,498,490,496,5743200
7/11/2025,BKDP,32,32,32,32,12000
7/11/2025,BKSL,132,133,128,128,143303600
7/11/2025,BKSW,60,64,59,63,3340000
7/11/2025,BLES,180,180,177,180,1153200
7/11/2025,BLOG,390,390,390,390,2036000
7/11/2025,BLTA,20,20,20,20,5691500
7/11/2025,BLTZ,0,0,0,0,0
7/11/2025,BLUE,310,310,304,308,130000
7/11/2025,BMAS,515,515,515,515,2000
7/11/2025,BMBL,16,16,15,16,6550100
7/11/2025,BMHS,197,204,194,198,5828200
7/11/2025,BMRI,4850,4990,4830,4970,219980300
7/11/2025,BMRIBQCN5A,20,22,20,20,32100
7/11/2025,BMRIBQCU5A,0,0,0,0,0
7/11/2025,BMRIBQCZ5A,119,119,119,119,100
7/11/2025,BMRIDRCQ5A,9,12,9,11,1719100
7/11/2025,BMRIDRCX5A,80,82,80,82,5022600
7/11/2025,BMRIDRCX6A,2580,2650,2580,2650,5000
7/11/2025,BMRIDRPN5A,18,18,16,16,320100
7/11/2025,BMRIHDCQ5A,11,11,11,11,100000
7/11/2025,BMRIHDCU5A,137,137,136,136,2200000
7/11/2025,BMRIHDPU5A,0,0,0,0,0
7/11/2025,BMRIYUCQ5A,53,54,53,54,200
7/11/2025,BMRIZPCH6A,0,0,0,0,0
7/11/2025,BMRIZPCX5A,53,57,53,57,1401500
7/11/2025,BMSR,252,256,246,252,19200
7/11/2025,BMTR,135,136,133,136,50321300
7/11/2025,BNBA,875,875,860,865,94700
7/11/2025,BNBR,27,27,27,27,2906300
7/11/2025,BNGA,1710,1730,1710,1715,3668800
7/11/2025,BNGAZPCH6A,54,54,54,54,2500
7/11/2025,BNII,198,198,196,198,679800
7/11/2025,BNLI,2810,2850,2760,2800,141500
7/11/2025,BOAT,99,101,99,100,3148000
7/11/2025,BOBA,179,184,175,184,68600
7/11/2025,BOGA,565,580,565,580,203400
7/11/2025,BOLA,95,97,94,97,286800
7/11/2025,BOLT,1210,1220,1210,1215,1218100
7/11/2025,BOSS,0,0,0,0,0
7/11/2025,BPFI,340,346,340,344,5200
7/11/2025,BPII,580,585,580,580,106600
7/11/2025,BPTR,95,95,91,92,440300
7/11/2025,BRAM,5675,5750,5675,5750,1100
7/11/2025,BREN,6150,6200,6050,6100,12951800
7/11/2025,BRIS,2740,2790,2730,2780,41573300
7/11/2025,BRISBQCZ5A,102,104,102,103,600
7/11/2025,BRISHDCZ5A,0,0,0,0,0
7/11/2025,BRISYUCV5A,101,101,101,101,100
7/11/2025,BRISZPCG6A,0,0,0,0,0
7/11/2025,BRMS,402,406,398,400,283983800
7/11/2025,BRMSBQCZ5A,71,71,69,70,400
7/11/2025,BRMSHDCZ5A,0,0,0,0,0
7/11/2025,BRMSYUCV5A,31,31,30,30,200
7/11/2025,BRMSZPCG6A,56,56,56,56,2500
7/11/2025,BRNA,635,635,610,625,2400
7/11/2025,BRPT,1745,1820,1745,1800,163679300
7/11/2025,BRPTBQCQ5A,0,0,0,0,0
7/11/2025,BRPTBQCV5A,216,218,216,218,1200
7/11/2025,BRPTBQCZ5A,505,515,500,505,35400
7/11/2025,BRPTDRCF6A,132,135,131,133,308400
7/11/2025,BRPTDRCN5A,212,212,198,204,114300
7/11/2025,BRPTDRCQ5A,167,170,166,167,100600
7/11/2025,BRPTDRCX5A,152,156,152,155,182400
7/11/2025,BRPTDRPV5A,0,0,0,0,0
7/11/2025,BRPTHDCN5A,0,0,0,0,0
7/11/2025,BRPTHDCQ5A,168,174,168,171,225000
7/11/2025,BRPTZPCF6A,150,150,150,150,100000
7/11/2025,BRPTZPCX5A,0,0,0,0,0
7/11/2025,BRRC,60,61,57,58,9984700
7/11/2025,BRRC-W,8,9,8,9,188800
7/11/2025,BSBK,50,51,50,50,34800800
7/11/2025,BSDE,805,810,795,800,5175000
7/11/2025,BSDEZPCH6A,0,0,0,0,0
7/11/2025,BSIM,905,910,865,910,7500
7/11/2025,BSML,95,96,94,95,29993900
7/11/2025,BSSR,3930,3980,3910,3930,894500
7/11/2025,BSWD,0,0,0,0,0
7/11/2025,BTEK,5,6,5,6,12265300
7/11/2025,BTEL,0,0,0,0,0
7/11/2025,BTON,380,392,380,390,4800
7/11/2025,BTPN,2150,2150,2110,2150,27100
7/11/2025,BTPS,1370,1405,1360,1395,16726100
7/11/2025,BTPSZPCH6A,0,0,0,0,0
7/11/2025,BUAH,1635,1635,1565,1610,141200
7/11/2025,BUDI,230,232,226,226,98300
7/11/2025,BUKA,125,127,124,126,81937800
7/11/2025,BUKAHDCZ5A,0,0,0,0,0
7/11/2025,BUKK,825,825,810,820,13100
7/11/2025,BULL,141,143,136,140,233392300
7/11/2025,BUMI,114,116,113,114,352969200
7/11/2025,BUVA,80,87,79,80,89545900
7/11/2025,BVIC,88,90,88,88,1714200
7/11/2025,BVIC-W,48,50,47,50,60000
7/11/2025,BWPT,64,65,62,62,18922600
7/11/2025,BYAN,19375,19625,19375,19575,8100
7/11/2025,CAKK,137,137,130,133,80600
7/11/2025,CAMP,216,218,212,212,2259200
7/11/2025,CANI,42,42,42,42,77700
7/11/2025,CARE,242,242,234,234,17979500
7/11/2025,CARS,82,84,81,83,1484500
7/11/2025,CASA,995,1005,985,990,6184400
7/11/2025,CASH,63,65,61,64,234900
7/11/2025,CASS,2070,2200,2070,2130,15900
7/11/2025,CBDK,6000,6150,5950,6025,4203000
7/11/2025,CBMF,0,0,0,0,0
7/11/2025,CBPE,188,189,184,187,181200
7/11/2025,CBRE,69,69,69,69,5294700
7/11/2025,CBUT,1060,1075,1050,1050,5600
7/11/2025,CCSI,340,342,330,340,48800
7/11/2025,CDIA,400,400,400,400,2965200
7/11/2025,CEKA,2840,2850,2790,2800,43100
7/11/2025,CENT,111,112,105,107,13235500
7/11/2025,CFIN,318,320,312,316,1635600
7/11/2025,CGAS,94,96,92,93,9801600
7/11/2025,CHEK,232,232,147,198,1453439000
7/11/2025,CHEM,55,57,54,57,5098000
7/11/2025,CHIP,1305,1320,1305,1315,77700
7/11/2025,CINT,161,161,157,160,220600
7/11/2025,CITA,4000,4040,3980,4000,139600
7/11/2025,CITY,86,88,85,85,424800
7/11/2025,CLAY,970,970,835,835,231100
7/11/2025,CLEO,590,595,580,590,9670100
7/11/2025,CLPI,1160,1175,1155,1160,260900
7/11/2025,CMNP,1325,1415,1320,1415,899500
7/11/2025,CMNP-W,354,400,270,400,1007500
7/11/2025,CMNT,820,835,815,825,36912100
7/11/2025,CMPP,78,78,78,78,59100
7/11/2025,CMRY,4730,4740,4700,4730,1554500
7/11/2025,CNKO,30,31,30,31,9972000
7/11/2025,CNMA,160,161,157,159,48439900
7/11/2025,CNTB,0,0,0,0,0
7/11/2025,CNTX,0,0,0,0,0
7/11/2025,COAL,35,36,35,36,4084300
7/11/2025,COCO,206,226,198,202,20223600
7/11/2025,COIN,244,244,244,244,2029200
7/11/2025,COWL,0,0,0,0,0
7/11/2025,CPIN,4880,4940,4810,4940,4146400
7/11/2025,CPINDRCG6A,92,94,92,94,200
7/11/2025,CPINDRCN5A,63,68,63,68,200
7/11/2025,CPINDRCQ5A,0,0,0,0,0
7/11/2025,CPINHDCQ5A,0,0,0,0,0
7/11/2025,CPRI,0,0,0,0,0
7/11/2025,CPRO,52,52,51,52,53460400
7/11/2025,CRAB,234,236,234,236,154200
7/11/2025,CRSN,104,109,104,105,74800
7/11/2025,CSAP,248,258,248,254,154800
7/11/2025,CSIS,73,76,73,75,396400
7/11/2025,CSMI,900,985,840,905,5267100
7/11/2025,CSRA,700,705,680,685,224100
7/11/2025,CTBN,8550,8550,8550,8550,300
7/11/2025,CTRA,985,995,980,980,10585200
7/11/2025,CTRAZPCG6A,0,0,0,0,0
7/11/2025,CTTH,24,24,24,24,400
7/11/2025,CUAN,14275,14450,13975,14400,24804300
7/11/2025,CYBR,940,970,930,940,13928100
7/11/2025,CYBR-W,565,570,530,570,3100
7/11/2025,DAAZ,4110,4220,4010,4100,596300
7/11/2025,DADA,8,8,7,8,9523800
7/11/2025,DART,145,148,142,144,102700
7/11/2025,DATA,1435,1440,1375,1390,4249300
7/11/2025,DAYA,905,910,880,900,101000
7/11/2025,DCII,150800,151050,150800,151050,600
7/11/2025,DEAL,0,0,0,0,0
7/11/2025,DEFI,0,0,0,0,0
7/11/2025,DEPO,208,220,202,204,353200
7/11/2025,DEWA,179,181,176,176,141335000
7/11/2025,DEWI,98,98,94,97,36053300
7/11/2025,DFAM,50,50,50,50,100
7/11/2025,DGIK,89,89,87,87,2642500
7/11/2025,DGNS,164,165,157,157,734200
7/11/2025,DGWG,424,428,420,424,8481800
7/11/2025,DIGI,18,19,18,19,111400
7/11/2025,DILD,127,130,126,130,7419200
7/11/2025,DIVA,110,111,107,109,6516500
7/11/2025,DKFT,510,535,500,530,66998100
7/11/2025,DKHH,0,0,0,0,0
7/11/2025,DKHH-W,0,0,0,0,0
7/11/2025,DLTA,2030,2060,2030,2040,34000
7/11/2025,DMAS,140,141,138,139,38464000
7/11/2025,DMMX,374,406,372,402,5375100
7/11/2025,DMND,510,510,492,505,145900
7/11/2025,DNAR,107,118,106,117,20741300
7/11/2025,DNET,9225,9550,9225,9500,3000
7/11/2025,DOID,380,384,370,370,18112700
7/11/2025,DOOH,99,99,95,95,156383000
7/11/2025,DOSS,153,154,149,153,293900
7/11/2025,DPNS,206,214,206,210,165400
7/11/2025,DPUM,50,50,50,50,100100
7/11/2025,DRMA,960,970,960,960,211000
7/11/2025,DSFI,56,58,55,57,1174800
7/11/2025,DSNG,850,870,850,860,24867800
7/11/2025,DSSA,55600,56000,53500,53775,1697500
7/11/2025,DUCK,0,0,0,0,0
7/11/2025,DUTI,3500,3500,3500,3500,100
7/11/2025,DVLA,1605,1650,1605,1650,19900
7/11/2025,DWGL,220,224,216,222,238300
7/11/2025,DYAN,89,91,88,91,1089900
7/11/2025,EAST,97,97,96,96,116800
7/11/2025,ECII,206,208,199,202,1082200
7/11/2025,EDGE,3870,3930,3870,3900,11600
7/11/2025,EKAD,181,214,181,187,7080300
7/11/2025,ELIT,169,169,164,165,2166900
7/11/2025,ELPI,352,352,350,352,51800
7/11/2025,ELSA,486,492,486,488,11166700
7/11/2025,ELSAZPCG6A,36,36,36,36,2000
7/11/2025,ELTY,10,10,10,10,4219800
7/11/2025,EMDE,92,92,90,90,278000
7/11/2025,EMTK,490,496,486,490,27992100
7/11/2025,EMTKBQCZ5A,71,72,71,72,200
7/11/2025,EMTKHDCZ5A,0,0,0,0,0
7/11/2025,EMTKYUCV5A,26,26,26,26,100
7/11/2025,EMTKZPCH6A,28,28,28,28,675000
7/11/2025,ENAK,705,705,690,705,245500
7/11/2025,ENRG,354,358,348,350,128873200
7/11/2025,ENRGHDCZ5A,70,72,70,72,4600
7/11/2025,ENRGZPCG6A,68,69,67,67,6500
7/11/2025,ENVY,0,0,0,0,0
7/11/2025,ENZO,32,32,32,32,30100
7/11/2025,EPAC,12,12,12,12,169900
7/11/2025,EPMT,2270,2280,2270,2270,6800
7/11/2025,ERAA,555,565,530,540,60816300
7/11/2025,ERAABQCZ5A,87,88,87,88,600
7/11/2025,ERAAHDCZ5A,0,0,0,0,0
7/11/2025,ERAAZPCH6A,37,37,37,37,10000
7/11/2025,ERAL,382,402,368,392,58173100
7/11/2025,ERTX,107,107,100,103,4755300
7/11/2025,ESIP,27,28,27,28,238700
7/11/2025,ESSA,595,605,590,600,19139900
7/11/2025,ESSABQCZ5A,82,83,82,83,200
7/11/2025,ESTA,66,67,66,67,1491000
7/11/2025,ESTI,35,35,35,35,29000
7/11/2025,ETWA,0,0,0,0,0
7/11/2025,EURO,150,165,145,153,32326400
7/11/2025,EXCL,2300,2310,2270,2290,3405400
7/11/2025,EXCLHDCQ5A,0,0,0,0,0
7/11/2025,EXCLZPCF6A,0,0,0,0,0
7/11/2025,FAPA,5475,5500,5450,5475,12900
7/11/2025,FAST,340,340,328,332,2111200
7/11/2025,FASW,0,0,0,0,0
7/11/2025,FILM,2030,2070,1940,2040,4941300
7/11/2025,FIMP,90,90,90,90,100
7/11/2025,FIRE,76,78,76,77,1498800
7/11/2025,FISH,0,0,0,0,0
7/11/2025,FITT,0,0,0,0,0
7/11/2025,FLMC,51,57,51,57,928300
7/11/2025,FMII,332,344,332,340,38500
7/11/2025,FOLK,66,67,64,66,1872500
7/11/2025,FOOD,102,103,102,103,1300
7/11/2025,FORE,605,635,605,625,25468700
7/11/2025,FORU,1260,1265,1200,1245,140900
7/11/2025,FORZ,0,0,0,0,0
7/11/2025,FPNI,198,198,190,198,1357500
7/11/2025,FUJI,426,442,398,398,562600
7/11/2025,FUTR,60,61,59,60,7229100
7/11/2025,FWCT,145,147,143,145,218700
7/11/2025,GAMA,0,0,0,0,0
7/11/2025,GDST,106,106,104,106,1858200
7/11/2025,GDYR,1165,1400,1150,1295,42100
7/11/2025,GEMA,97,97,90,92,9351500
7/11/2025,GEMS,9025,9125,9025,9125,138900
7/11/2025,GGRM,8725,9125,8725,9125,744900
7/11/2025,GGRMZPCG6A,46,46,46,46,350000
7/11/2025,GGRP,0,0,0,0,0
7/11/2025,GHON,1600,1600,1585,1590,15500
7/11/2025,GIAA,70,70,70,70,36089100
7/11/2025,GJTL,1065,1080,1065,1075,3166500
7/11/2025,GLOB,0,0,0,0,0
7/11/2025,GLVA,322,322,316,320,1700
7/11/2025,GMFI,65,65,64,64,1273600
7/11/2025,GMTD,2550,2590,2450,2570,4600
7/11/2025,GOLD,248,252,246,246,24900
7/11/2025,GOLF,230,234,228,232,1590900
7/11/2025,GOLL,0,0,0,0,0
7/11/2025,GOOD,360,360,358,360,160500
7/11/2025,GOTO,60,60,59,59,880783400
7/11/2025,GOTOBQCZ5A,7,8,7,8,731900
7/11/2025,GOTODRCG6A,12,12,11,12,35000
7/11/2025,GOTODRCN5A,10,10,1,1,32200
7/11/2025,GOTODRCQ5A,4,4,4,4,1400
7/11/2025,GOTOHDCQ5A,0,0,0,0,0
7/11/2025,GOTOM,0,0,0,0,0
7/11/2025,GOTOZPCH6A,0,0,0,0,0
7/11/2025,GPRA,123,127,121,127,39904300
7/11/2025,GPSO,348,386,342,386,4786100
7/11/2025,GRIA,91,92,88,88,4131000
7/11/2025,GRPH,50,50,50,50,138900
7/11/2025,GRPM,49,49,48,49,955500
7/11/2025,GRPM-W,14,14,13,14,176900
7/11/2025,GSMF,54,54,52,53,98200
7/11/2025,GTBO,200,202,193,195,1812100
7/11/2025,GTRA,149,154,145,145,1662300
7/11/2025,GTSI,40,40,39,39,1853500
7/11/2025,GULA,262,266,262,264,125000
7/11/2025,GUNA,284,286,278,282,257700
7/11/2025,GWSA,124,125,123,125,5400
7/11/2025,GZCO,95,95,91,92,10620200
7/11/2025,HADE,8,8,8,8,1668700
7/11/2025,HAIS,189,192,189,192,747800
7/11/2025,HAJJ,122,123,118,122,8340000
7/11/2025,HAJJ-W,13,14,13,13,2461600
7/11/2025,HALO,78,80,75,78,10387200
7/11/2025,HALO-W,9,9,8,9,650400
7/11/2025,HATM,262,270,258,268,26731700
7/11/2025,HBAT,64,68,64,64,572800
7/11/2025,HDFA,121,121,108,112,309000
7/11/2025,HDIT,17,18,17,18,65200
7/11/2025,HDTX,0,0,0,0,0
7/11/2025,HEAL,1505,1510,1495,1495,11317900
7/11/2025,HEALZPCH6A,57,57,57,57,100
7/11/2025,HELI,276,288,260,268,4747900
7/11/2025,HERO,392,396,390,394,16100
7/11/2025,HEXA,5075,5125,5075,5125,265700
7/11/2025,HGII,159,160,156,160,12208700
7/11/2025,HILL,234,236,232,232,880100
7/11/2025,HITS,0,0,0,0,0
7/11/2025,HKMU,0,0,0,0,0
7/11/2025,HMSP,615,620,610,615,8992700
7/11/2025,HOKI,97,97,94,95,7320800
7/11/2025,HOME,0,0,0,0,0
7/11/2025,HOMI,220,220,208,212,181000
7/11/2025,HOPE,62,63,62,63,2361400
7/11/2025,HOTL,0,0,0,0,0
7/11/2025,HRME,23,23,22,22,361100
7/11/2025,HRTA,595,595,585,590,11221000
7/11/2025,HRUM,830,850,830,840,11535200
7/11/2025,HRUMZPCG6A,36,37,36,36,30200
7/11/2025,HUMI,63,64,58,59,254204300
7/11/2025,HUMI-W,6,7,5,6,71060600
7/11/2025,HYGN,140,143,139,140,1167200
7/11/2025,IATA,50,50,49,49,13017000
7/11/2025,IATA-W,31,31,30,30,16300
7/11/2025,IBFN,13,13,13,13,286400
7/11/2025,IBOS,27,29,26,28,11668400
7/11/2025,IBST,4850,4850,4850,4850,400
7/11/2025,ICBP,10475,10500,10300,10325,2731600
7/11/2025,ICBPDRCQ5A,14,14,14,14,100
7/11/2025,ICBPDRCX6A,0,0,0,0,0
7/11/2025,ICBPHDCQ5A,0,0,0,0,0
7/11/2025,ICBPZPCX5A,0,0,0,0,0
7/11/2025,ICON,40,40,40,40,6600
7/11/2025,IDEA,49,49,45,47,276000
7/11/2025,IDPR,206,206,196,200,84700
7/11/2025,IFII,252,262,250,258,361700
7/11/2025,IFSH,790,815,660,785,81100
7/11/2025,IGAR,585,585,580,580,4700
7/11/2025,IIKP,0,0,0,0,0
7/11/2025,IKAI,8,8,8,8,22767200
7/11/2025,IKAN,67,68,66,66,9418500
7/11/2025,IKBI,400,410,400,406,81700
7/11/2025,IKPM,204,206,202,206,402700
7/11/2025,IMAS,870,880,865,865,263400
7/11/2025,IMJS,194,194,190,191,2902800
7/11/2025,IMPC,304,304,298,300,14736500
7/11/2025,INAF,0,0,0,0,0
7/11/2025,INAI,168,173,163,163,1641500
7/11/2025,INCF,25,25,24,24,167100
7/11/2025,INCI,580,590,575,585,31700
7/11/2025,INCO,3400,3450,3390,3410,7850500
7/11/2025,INCOBQCQ5A,0,0,0,0,0
7/11/2025,INCOBQCV5A,54,54,54,54,600
7/11/2025,INCODRCN5A,35,35,32,32,2600
7/11/2025,INCODRCQ5A,7,8,7,7,4055300
7/11/2025,INCODRCX5A,77,80,76,80,73200
7/11/2025,INCODRPV5A,57,57,57,57,100
7/11/2025,INCOHDCQ5A,90,91,87,87,91000
7/11/2025,INCOZPCX5A,0,0,0,0,0
7/11/2025,INDF,8150,8250,8100,8250,8348300
7/11/2025,INDFBQCV5A,0,0,0,0,0
7/11/2025,INDFDRCQ5A,0,0,0,0,0
7/11/2025,INDFDRCX6A,0,0,0,0,0
7/11/2025,INDFHDCQ5A,0,0,0,0,0
7/11/2025,INDO,202,204,185,202,5475800
7/11/2025,INDR,2090,2160,2090,2110,7900
7/11/2025,INDS,232,234,224,228,288100
7/11/2025,INDX,78,79,77,78,536800
7/11/2025,INDY,1350,1380,1350,1360,3972100
7/11/2025,INDYZPCG6A,48,48,48,48,800000
7/11/2025,INET,191,194,187,190,160857600
7/11/2025,INET-W,104,110,104,104,18138600
7/11/2025,INKP,5575,5875,5525,5800,5776400
7/11/2025,INKPDRCF6A,96,107,96,107,2150500
7/11/2025,INKPDRCN5A,11,11,9,9,200
7/11/2025,INKPDRCQ5A,12,12,12,12,20100
7/11/2025,INKPHDCQ5A,0,0,0,0,0
7/11/2025,INKPZPCF6A,56,56,55,56,5600
7/11/2025,INOV,91,94,87,89,1020400
7/11/2025,INPC,159,163,157,159,8027400
7/11/2025,INPP,785,795,785,795,2800
7/11/2025,INPS,130,131,126,126,2891200
7/11/2025,INRU,950,950,920,945,25500
7/11/2025,INTA,12,12,11,12,391500
7/11/2025,INTD,181,206,181,187,4198600
7/11/2025,INTP,5500,5600,5450,5500,1338000
7/11/2025,INTPZPCG6A,0,0,0,0,0
7/11/2025,IOTF,119,141,101,118,1764605200
7/11/2025,IPAC,138,149,133,141,5900
7/11/2025,IPCC,1065,1065,1040,1045,1500000
7/11/2025,IPCM,266,276,266,276,1467500
7/11/2025,IPOL,133,136,130,133,694500
7/11/2025,IPPE,0,0,0,0,0
7/11/2025,IPTV,26,26,25,25,2463600
7/11/2025,IRRA,426,434,418,424,989600
7/11/2025,IRSX,40,40,40,40,4989300
7/11/2025,IRSX-W,1,1,1,1,1243200
7/11/2025,ISAP,11,11,10,11,8674200
7/11/2025,ISAP-W,4,4,3,4,4089300
7/11/2025,ISAT,2110,2120,2090,2100,9712000
7/11/2025,ISATBQCU5A,0,0,0,0,0
7/11/2025,ISATDRCG6A,77,77,77,77,100
7/11/2025,ISATDRCX5A,58,58,58,58,300
7/11/2025,ISATHDCQ5A,0,0,0,0,0
7/11/2025,ISATZPCF6A,0,0,0,0,0
7/11/2025,ISEA,65,65,64,64,1726100
7/11/2025,ISSP,328,336,328,334,2791700
7/11/2025,ITIC,220,222,216,220,300000
7/11/2025,ITMA,750,785,735,780,25830000
7/11/2025,ITMG,22325,22675,22325,22500,1142000
7/11/2025,JARR,392,394,382,384,3953100
7/11/2025,JAST,65,69,58,62,98236000
7/11/2025,JATI,167,168,156,163,36907400
7/11/2025,JAWA,146,148,144,144,2547300
7/11/2025,JAYA,96,97,95,96,436400
7/11/2025,JECC,805,830,805,825,13500
7/11/2025,JGLE,9,10,9,10,13808300
7/11/2025,JIHD,625,640,615,625,776200
7/11/2025,JKON,74,77,74,76,5524800
7/11/2025,JKSW,0,0,0,0,0
7/11/2025,JMAS,128,129,126,129,54500
7/11/2025,JPFA,1630,1635,1580,1585,29365900
7/11/2025,JPFABQCZ5A,84,84,82,83,1500
7/11/2025,JPFAHDCZ5A,0,0,0,0,0
7/11/2025,JPFAZPCG6A,79,79,79,79,650000
7/11/2025,JRPT,710,715,705,715,1534400
7/11/2025,JSKY,0,0,0,0,0
7/11/2025,JSMR,3730,3750,3700,3700,3447400
7/11/2025,JSMRZPCG6A,0,0,0,0,0
7/11/2025,JSPT,4610,4750,4610,4700,13200
7/11/2025,JTPE,244,256,244,256,7387000
7/11/2025,KAEF,660,660,600,635,4676800
7/11/2025,KAQI,50,50,50,50,199200
7/11/2025,KARW,1100,1100,1050,1050,168300
7/11/2025,KAYU,0,0,0,0,0
7/11/2025,KBAG,33,33,33,33,896900
7/11/2025,KBLI,394,398,392,398,314500
7/11/2025,KBLM,304,312,302,312,186800
7/11/2025,KBLV,55,60,55,57,6804800
7/11/2025,KBRI,0,0,0,0,0
7/11/2025,KDSI,482,486,476,482,14300
7/11/2025,KDTN,121,121,120,120,83100
7/11/2025,KEEN,820,835,810,830,6219700
7/11/2025,KEJU,575,580,570,580,128400
7/11/2025,KETR,218,220,202,206,2339400
7/11/2025,KIAS,20,20,20,20,12500
7/11/2025,KICI,115,119,114,115,481600
7/11/2025,KIJA,179,180,174,179,137220100
7/11/2025,KING,218,220,212,214,626600
7/11/2025,KING-W,18,18,17,18,1811400
7/11/2025,KINO,1070,1150,1070,1100,33300
7/11/2025,KIOS,50,50,50,50,14100
7/11/2025,KJEN,0,0,0,0,0
7/11/2025,KKES,26,26,25,25,141400
7/11/2025,KKGI,362,370,362,366,3520700
7/11/2025,KLAS,140,144,138,143,13599900
7/11/2025,KLBF,1505,1595,1490,1595,32423100
7/11/2025,KLBFBQCV5A,95,103,95,103,300
7/11/2025,KLBFDRCG6A,57,62,57,59,500
7/11/2025,KLBFDRCN5A,60,60,60,60,100
7/11/2025,KLBFDRCQ5A,29,35,29,34,4300
7/11/2025,KLBFHDCQ5A,0,0,0,0,0
7/11/2025,KLBFZPCF6A,0,0,0,0,0
7/11/2025,KLIN,142,142,132,132,942900
7/11/2025,KMDS,585,600,575,600,173800
7/11/2025,KMTR,268,272,266,272,64000
7/11/2025,KOBX,150,157,149,153,1639800
7/11/2025,KOCI,50,50,50,50,283500
7/11/2025,KOCI-W,5,5,5,5,2021100
7/11/2025,KOIN,69,69,69,69,2500
7/11/2025,KOKA,68,68,67,67,1381000
7/11/2025,KONI,1220,1330,1215,1230,3900
7/11/2025,KOPI,390,390,376,384,410600
7/11/2025,KOTA,18,18,18,18,5234600
7/11/2025,KPAL,0,0,0,0,0
7/11/2025,KPAS,0,0,0,0,0
7/11/2025,KPIG,184,190,182,187,73029800
7/11/2025,KRAH,0,0,0,0,0
7/11/2025,KRAS,0,0,0,0,0
7/11/2025,KREN,9,10,9,10,4157700
7/11/2025,KRYA,306,308,284,288,41044800
7/11/2025,KSIX,197,202,195,199,155300
7/11/2025,KUAS,50,51,50,51,462700
7/11/2025,LABA,0,0,0,0,0
7/11/2025,LABS,150,150,141,147,1800500
7/11/2025,LAJU,50,50,50,50,105800
7/11/2025,LAND,21,21,21,21,744000
7/11/2025,LAPD,26,26,25,25,617300
7/11/2025,LCGP,0,0,0,0,0
7/11/2025,LCKM,210,216,206,214,39500
7/11/2025,LEAD,72,73,71,72,3657100
7/11/2025,LFLO,288,326,270,326,308000
7/11/2025,LIFE,6500,6500,6500,6500,1200
7/11/2025,LINK,1555,1555,1555,1555,900
7/11/2025,LION,380,382,378,380,15100
7/11/2025,LIVE,141,141,139,141,257300
7/11/2025,LMAS,0,0,0,0,0
7/11/2025,LMAX,57,61,51,51,18668400
7/11/2025,LMPI,141,145,139,142,366200
7/11/2025,LMSH,0,0,0,0,0
7/11/2025,LOPI,38,38,36,36,20345700
7/11/2025,LPCK,456,480,454,470,453900
7/11/2025,LPGI,390,390,380,386,52800
7/11/2025,LPIN,376,378,370,372,239600
7/11/2025,LPKR,83,87,82,85,48549800
7/11/2025,LPLI,270,284,270,274,522300
7/11/2025,LPPF,1715,1735,1700,1735,2090600
7/11/2025,LPPS,57,62,56,57,5763000
7/11/2025,LRNA,150,150,140,143,966200
7/11/2025,LSIP,1320,1330,1300,1315,5837400
7/11/2025,LSIPZPCG6A,78,78,73,73,100000
7/11/2025,LTLS,865,870,850,865,49900
7/11/2025,LUCK,67,70,64,65,2078000
7/11/2025,LUCY,77,79,71,78,476300
7/11/2025,MABA,0,0,0,0,0
7/11/2025,MAGP,0,0,0,0,0
7/11/2025,MAHA,145,148,144,145,2256600
7/11/2025,MAIN,655,660,640,640,1609800
7/11/2025,MAMI,0,0,0,0,0
7/11/2025,MAMIP,0,0,0,0,0
7/11/2025,MANG,31,32,31,32,1162500
7/11/2025,MANG-W,25,25,24,25,200300
7/11/2025,MAPA,715,720,660,670,83437500
7/11/2025,MAPAHDCZ5A,62,62,62,62,2300
7/11/2025,MAPAZPCH6A,46,49,46,48,1256900
7/11/2025,MAPB,1700,1700,1700,1700,200
7/11/2025,MAPI,1200,1210,1165,1205,31392300
7/11/2025,MAPIBQCV5A,31,31,31,31,22400
7/11/2025,MAPIDRCQ5A,16,17,15,17,1617300
7/11/2025,MAPIDRCX5A,31,31,30,31,11600
7/11/2025,MAPIHDCQ5A,15,15,15,15,59200
7/11/2025,MARI,21,21,21,21,7122900
7/11/2025,MARK,660,675,655,660,35803300
7/11/2025,MASA,0,0,0,0,0
7/11/2025,MASB,3300,3410,3280,3350,2900
7/11/2025,MAXI,50,50,50,50,348000
7/11/2025,MAYA,182,184,181,183,997500
7/11/2025,MBAP,1680,1700,1670,1695,105900
7/11/2025,MBMA,525,540,500,515,514127200
7/11/2025,MBMADRCQ5A,26,32,25,27,13285800
7/11/2025,MBMADRCX5A,59,60,54,56,571200
7/11/2025,MBMAHDCQ5A,14,17,12,14,25497000
7/11/2025,MBMAZPCX5A,95,95,95,95,1000
7/11/2025,MBSS,1695,1705,1570,1680,2865800
7/11/2025,MBTO,86,86,84,84,702200
7/11/2025,MCAS,1200,1250,1185,1200,16400
7/11/2025,MCOL,4430,4500,4370,4380,29900
7/11/2025,MCOR,66,67,66,67,1248900
7/11/2025,MDIA,28,28,27,27,136200
7/11/2025,MDIY,1395,1400,1370,1380,2292400
7/11/2025,MDKA,2130,2130,2080,2110,26909600
7/11/2025,MDKABQCN5A,109,109,104,105,1300
7/11/2025,MDKABQCV5A,86,86,85,86,3400
7/11/2025,MDKADRCN5A,2,2,2,2,2091200
7/11/2025,MDKADRCQ5A,22,23,22,22,959800
7/11/2025,MDKADRCV5A,68,68,68,68,25800
7/11/2025,MDKAHDCU5A,0,0,0,0,0
7/11/2025,MDKAHDCZ5A,0,0,0,0,0
7/11/2025,MDKAYUCQ5A,90,90,90,90,100
7/11/2025,MDKAZPCF6A,63,63,63,63,2000
7/11/2025,MDKI,156,167,156,157,1660800
7/11/2025,MDLA,192,193,190,193,3169400
7/11/2025,MDLN,51,51,50,51,6355900
7/11/2025,MDRN,7,7,7,7,1201900
7/11/2025,MEDC,1260,1265,1250,1260,20415200
7/11/2025,MEDCBQCV5A,89,89,87,89,4100
7/11/2025,MEDCBQCZ5A,0,0,0,0,0
7/11/2025,MEDCDRCG6A,44,44,44,44,600
7/11/2025,MEDCDRCN5A,5,5,4,4,451800
7/11/2025,MEDCDRCQ5A,44,44,43,43,1260600
7/11/2025,MEDCDRPV5A,0,0,0,0,0
7/11/2025,MEDCHDCQ5A,0,0,0,0,0
7/11/2025,MEDCZPCF6A,43,43,43,43,200
7/11/2025,MEDS,50,50,50,50,2600
7/11/2025,MEGA,3290,3290,3290,3290,1000
7/11/2025,MEJA,0,0,0,0,0
7/11/2025,MEJA-W,0,0,0,0,0
7/11/2025,MENN,46,46,45,45,1372200
7/11/2025,MERI,214,232,195,232,423519900
7/11/2025,MERK,3000,3010,2900,2920,246500
7/11/2025,META,0,0,0,0,0
7/11/2025,MFIN,1420,1420,1420,1420,524000
7/11/2025,MFMI,0,0,0,0,0
7/11/2025,MGLV,332,332,332,332,547500
7/11/2025,MGNA,30,30,30,30,300
7/11/2025,MGNA-W,14,20,14,20,44100
7/11/2025,MGRO,720,735,705,710,5929300
7/11/2025,MHKI,126,127,125,127,296500
7/11/2025,MICE,0,0,0,0,0
7/11/2025,MIDI,410,414,406,408,5100800
7/11/2025,MIKA,2520,2530,2490,2510,6764000
7/11/2025,MIKAZPCG6A,0,0,0,0,0
7/11/2025,MINA,108,108,102,102,64598800
7/11/2025,MINE,494,520,494,515,6365000
7/11/2025,MIRA,24,24,24,24,948900
7/11/2025,MITI,188,192,187,187,223600
7/11/2025,MKAP,328,330,326,330,51400
7/11/2025,MKNT,0,0,0,0,0
7/11/2025,MKPI,22850,23300,22850,22850,6800
7/11/2025,MKTR,108,108,105,105,514600
7/11/2025,MKTR-W,6,6,6,6,1500
7/11/2025,MLBI,5750,5750,5700,5700,51700
7/11/2025,MLIA,302,308,300,308,5120700
7/11/2025,MLPL,95,107,95,102,214741900
7/11/2025,MLPT,31575,32075,31575,31875,8300
7/11/2025,MMIX,200,204,199,199,4680500
7/11/2025,MMLP,505,515,498,510,1456500
7/11/2025,MNCN,256,260,254,258,25546100
7/11/2025,MOLI,218,218,202,208,307500
7/11/2025,MORA,410,410,402,404,21600
7/11/2025,MPIX,61,62,60,61,1377600
7/11/2025,MPIX-W,7,8,7,8,125000
7/11/2025,MPMX,970,980,965,980,5058900
7/11/2025,MPOW,119,120,117,118,1496100
7/11/2025,MPPA,54,67,54,62,364652600
7/11/2025,MPRO,2190,2200,2170,2200,3200
7/11/2025,MPXL,117,117,113,114,1514400
7/11/2025,MRAT,268,268,254,256,87400
7/11/2025,MREI,920,925,855,890,1218100
7/11/2025,MSIE,25,27,25,27,5080200
7/11/2025,MSIN,515,515,500,505,42098200
7/11/2025,MSJA,304,306,302,306,20000
7/11/2025,MSKY,55,56,54,54,4176100
7/11/2025,MSTI,1375,1420,1375,1415,3727200
7/11/2025,MTDL,560,565,550,560,6168800
7/11/2025,MTEL,540,580,540,555,29525300
7/11/2025,MTFN,5,5,5,5,58648800
7/11/2025,MTLA,478,478,460,474,129400
7/11/2025,MTMH,865,875,855,865,13500
7/11/2025,MTPS,47,47,47,47,822000
7/11/2025,MTRA,0,0,0,0,0
7/11/2025,MTSM,0,0,0,0,0
7/11/2025,MTWI,242,246,240,242,511300
7/11/2025,MUTU,96,98,94,97,3941400
7/11/2025,MUTU-W,1,1,1,1,290800
7/11/2025,MYOH,1720,1730,1700,1730,2800
7/11/2025,MYOR,2110,2170,2110,2150,3001400
7/11/2025,MYORZPCH6A,0,0,0,0,0
7/11/2025,MYRX,0,0,0,0,0
7/11/2025,MYRXP,0,0,0,0,0
7/11/2025,MYTX,0,0,0,0,0
7/11/2025,NAIK,168,168,160,162,28438600
7/11/2025,NAIK-W,34,34,33,34,4987000
7/11/2025,NANO,26,26,24,24,22874300
7/11/2025,NASA,15,16,15,15,160800
7/11/2025,NASI,93,93,87,89,9020000
7/11/2025,NATO,142,151,142,142,17300
7/11/2025,NAYZ,43,45,41,44,2830400
7/11/2025,NCKL,655,675,650,655,42550800
7/11/2025,NELY,370,372,364,366,713300
7/11/2025,NEST,300,310,298,302,3583300
7/11/2025,NETV,149,155,147,151,952800
7/11/2025,NFCX,1830,1850,1780,1800,184900
7/11/2025,NICE,510,525,480,492,32619000
7/11/2025,NICK,1280,1400,1220,1290,9800
7/11/2025,NICL,1000,1015,975,990,12218200
7/11/2025,NIKL,246,248,240,240,269000
7/11/2025,NINE,82,84,78,81,31058100
7/11/2025,NIPS,0,0,0,0,0
7/11/2025,NIRO,122,122,119,122,65300
7/11/2025,NISP,1340,1355,1335,1345,2858800
7/11/2025,NOBU,595,595,575,580,7147400
7/11/2025,NPGF,41,41,40,40,5407800
7/11/2025,NRCA,320,350,320,338,3753300
7/11/2025,NSSS,348,354,338,350,7282700
7/11/2025,NTBK,50,50,50,50,4300
7/11/2025,NUSA,0,0,0,0,0
7/11/2025,NZIA,87,89,86,86,1617900
7/11/2025,OASA,177,177,164,169,95621000
7/11/2025,OBAT,368,372,360,362,5120300
7/11/2025,OBAT-W,52,54,46,51,2412100
7/11/2025,OBMD,195,196,195,196,121600
7/11/2025,OCAP,0,0,0,0,0
7/11/2025,OILS,107,107,105,106,468200
7/11/2025,OKAS,147,148,145,147,1381400
7/11/2025,OLIV,19,20,19,20,6297900
7/11/2025,OMED,175,176,173,175,559100
7/11/2025,OMRE,0,0,0,0,0
7/11/2025,OPMS,70,74,70,71,5609100
7/11/2025,PACK,3930,4300,3920,4300,4660200
7/11/2025,PADA,15,15,15,15,4754800
7/11/2025,PADI,34,34,34,34,738400
7/11/2025,PALM,352,360,348,350,72600
7/11/2025,PAMG,74,74,71,72,6652600
7/11/2025,PANI,13525,14200,13350,13600,13579800
7/11/2025,PANIHDCZ5A,192,210,191,194,7887000
7/11/2025,PANR,1040,1050,1020,1050,8588500
7/11/2025,PANS,1480,1480,1465,1470,270300
7/11/2025,PART,110,110,106,108,3604200
7/11/2025,PART-W,18,19,17,18,8200800
7/11/2025,PBID,505,515,500,515,450900
7/11/2025,PBRX,21,21,21,21,1029700
7/11/2025,PBSA,362,368,360,366,1259800
7/11/2025,PCAR,29,29,28,29,909400
7/11/2025,PDES,444,446,444,446,2800
7/11/2025,PDPP,515,530,510,520,160600
7/11/2025,PEGE,110,112,106,111,1779700
7/11/2025,PEHA,328,332,322,322,31500
7/11/2025,PEVE,326,352,318,340,1062800
7/11/2025,PGAS,1605,1605,1585,1595,19771500
7/11/2025,PGASBQCU5A,127,127,127,127,600
7/11/2025,PGASBQCZ5A,67,67,67,67,800
7/11/2025,PGASDRCG6A,66,66,66,66,4700
7/11/2025,PGASDRCN5A,38,38,38,38,100
7/11/2025,PGASDRCQ5A,0,0,0,0,0
7/11/2025,PGASHDCQ5A,0,0,0,0,0
7/11/2025,PGASYUCQ5A,71,71,71,71,100
7/11/2025,PGEO,1500,1515,1480,1490,64325300
7/11/2025,PGEODRCN5A,77,84,77,81,175900
7/11/2025,PGEODRCQ5A,95,97,94,95,3593000
7/11/2025,PGEODRPV5A,39,40,39,40,53800
7/11/2025,PGEOHDCQ5A,96,96,96,96,100300
7/11/2025,PGJO,0,0,0,0,0
7/11/2025,PGLI,132,141,128,131,281800
7/11/2025,PGUN,535,550,535,550,9300
7/11/2025,PICO,132,133,127,130,660800
7/11/2025,PIPA,81,85,81,85,39086400
7/11/2025,PJAA,484,484,480,480,29400
7/11/2025,PKPK,640,660,620,630,58300
7/11/2025,PLAN,40,44,39,41,50940900
7/11/2025,PLAS,0,0,0,0,0
7/11/2025,PLIN,0,0,0,0,0
7/11/2025,PMJS,130,131,126,129,130400
7/11/2025,PMMP,0,0,0,0,0
7/11/2025,PMUI,139,149,131,131,131862900
7/11/2025,PNBN,1160,1160,1140,1140,7262500
7/11/2025,PNBS,50,50,50,50,604900
7/11/2025,PNGO,1780,1810,1780,1810,2200
7/11/2025,PNIN,925,925,910,920,361000
7/11/2025,PNLF,266,266,260,260,90519200
7/11/2025,PNLFHDCZ5A,0,0,0,0,0
7/11/2025,PNLFYUCV5A,17,18,17,17,250200
7/11/2025,PNLFZPCH6A,0,0,0,0,0
7/11/2025,PNSE,825,825,760,805,33200
7/11/2025,POLA,16,16,16,16,20400
7/11/2025,POLI,0,0,0,0,0
7/11/2025,POLL,0,0,0,0,0
7/11/2025,POLU,0,0,0,0,0
7/11/2025,POLY,19,19,18,19,60000
7/11/2025,POOL,0,0,0,0,0
7/11/2025,PORT,900,905,850,900,8800
7/11/2025,POSA,0,0,0,0,0
7/11/2025,POWR,690,695,685,690,1418700
7/11/2025,PPGL,98,99,95,98,165500
7/11/2025,PPRE,60,60,58,59,1371700
7/11/2025,PPRI,168,170,160,162,14919700
7/11/2025,PPRO,0,0,0,0,0
7/11/2025,PRAS,0,0,0,0,0
7/11/2025,PRAY,615,615,600,615,12400
7/11/2025,PRDA,2760,2790,2750,2780,880800
7/11/2025,PRIM,59,61,59,61,1701600
7/11/2025,PSAB,438,446,434,440,83945100
7/11/2025,PSAT,2190,2190,1755,2190,78046100
7/11/2025,PSDN,76,77,75,76,117400
7/11/2025,PSGO,167,170,166,169,391800
7/11/2025,PSKT,34,34,33,34,1008200
7/11/2025,PSSI,350,350,338,344,598600
7/11/2025,PTBA,2450,2490,2440,2480,22480400
7/11/2025,PTBABQCV5A,0,0,0,0,0
7/11/2025,PTBADRCG6A,36,37,36,37,300
7/11/2025,PTBADRCN5A,9,10,9,10,1100
7/11/2025,PTBADRCQ5A,23,24,23,24,2700
7/11/2025,PTBAHDCQ5A,0,0,0,0,0
7/11/2025,PTBAZPCH6A,0,0,0,0,0
7/11/2025,PTDU,0,0,0,0,0
7/11/2025,PTIS,406,422,388,388,233600
7/11/2025,PTMP,113,114,108,108,46757300
7/11/2025,PTMR,0,0,0,0,0
7/11/2025,PTPP,436,442,430,432,17996200
7/11/2025,PTPS,90,91,88,88,7752100
7/11/2025,PTPW,925,925,920,920,20600
7/11/2025,PTRO,3170,3230,3150,3190,85345900
7/11/2025,PTSN,212,212,206,210,82000
7/11/2025,PTSP,930,950,880,945,35900
7/11/2025,PUDP,214,222,214,222,2300
7/11/2025,PURA,13,14,13,14,589000
7/11/2025,PURE,0,0,0,0,0
7/11/2025,PURI,187,189,186,187,60500
7/11/2025,PWON,364,374,364,370,36933700
7/11/2025,PWONHDCZ5A,0,0,0,0,0
7/11/2025,PWONZPCH6A,0,0,0,0,0
7/11/2025,PYFA,240,244,232,234,26840000
7/11/2025,PYFA-W,72,73,71,73,11600
7/11/2025,PZZA,165,175,163,165,2270200
7/11/2025,R-ABFII,0,0,0,0,0
7/11/2025,R-LQ45X,950,959,945,958,17100
7/11/2025,RAAM,274,278,264,266,6919700
7/11/2025,RAFI,0,0,0,0,0
7/11/2025,RAJA,2520,2640,2500,2570,55278300
7/11/2025,RALS,402,402,398,402,3188100
7/11/2025,RANC,420,422,420,422,11700
7/11/2025,RATU,7125,7350,7025,7100,8439500
7/11/2025,RBMS,25,26,25,26,683500
7/11/2025,RCCC,110,112,110,110,332900
7/11/2025,RDTX,0,0,0,0,0
7/11/2025,REAL,42,44,42,44,12027300
7/11/2025,RELF,19,19,18,19,2849600
7/11/2025,RELI,452,476,446,476,21700
7/11/2025,RGAS,121,121,117,117,6757100
7/11/2025,RICY,38,38,38,38,12100
7/11/2025,RIGS,770,800,765,790,296700
7/11/2025,RIMO,0,0,0,0,0
7/11/2025,RISE,1050,1050,1045,1045,445200
7/11/2025,RMKE,510,515,510,510,439300
7/11/2025,RMKO,102,103,100,102,312700
7/11/2025,ROCK,0,0,0,0,0
7/11/2025,RODA,34,35,34,35,11800
7/11/2025,RONY,0,0,0,0,0
7/11/2025,ROTI,820,820,815,820,102900
7/11/2025,RSCH,454,460,450,460,1133700
7/11/2025,RSGK,0,0,0,0,0
7/11/2025,RUIS,188,190,186,188,1582800
7/11/2025,RUNS,52,52,49,49,117800
7/11/2025,SAFE,220,238,220,220,380500
7/11/2025,SAGE,13,13,13,13,475300
7/11/2025,SAME,252,252,248,248,389100
7/11/2025,SAMF,338,338,332,336,8700
7/11/2025,SAPX,328,338,324,330,268700
7/11/2025,SATU,230,232,230,232,6046100
7/11/2025,SBAT,0,0,0,0,0
7/11/2025,SBMA,119,121,118,121,2045300
7/11/2025,SCCO,2120,2120,2070,2120,30800
7/11/2025,SCMA,160,161,157,158,49221900
7/11/2025,SCMABQCZ5A,33,33,32,32,200
7/11/2025,SCMAHDCZ5A,0,0,0,0,0
7/11/2025,SCMAZPCG6A,48,48,47,47,6000
7/11/2025,SCNP,158,161,154,158,41400
7/11/2025,SCPI,0,0,0,0,0
7/11/2025,SDMU,31,31,31,31,369900
7/11/2025,SDPC,130,130,127,128,76700
7/11/2025,SDRA,298,304,296,302,226600
7/11/2025,SEMA,86,86,85,86,64400
7/11/2025,SFAN,1910,1915,1910,1910,105100
7/11/2025,SGER,332,336,330,334,301900
7/11/2025,SGRO,2620,2700,2610,2650,944800
7/11/2025,SHID,935,1160,930,1160,938300
7/11/2025,SHIP,3230,3230,3150,3190,40700
7/11/2025,SICO,108,110,106,108,2629300
7/11/2025,SIDO,515,520,510,510,14626500
7/11/2025,SILO,2200,2230,2200,2220,509600
7/11/2025,SIMA,0,0,0,0,0
7/11/2025,SIMP,525,535,520,525,9800200
7/11/2025,SINI,3750,3750,3700,3700,16200
7/11/2025,SIPD,715,715,715,715,2000
7/11/2025,SKBM,366,366,346,346,14900
7/11/2025,SKLT,190,190,187,188,47900
7/11/2025,SKRN,440,440,436,440,131000
7/11/2025,SKYB,0,0,0,0,0
7/11/2025,SLIS,50,50,50,50,122500
7/11/2025,SLIS-W,7,7,6,7,1262300
7/11/2025,SMAR,3500,3500,3470,3480,26500
7/11/2025,SMBR,314,316,294,300,51020700
7/11/2025,SMCB,0,0,0,0,0
7/11/2025,SMDM,885,920,865,885,119400
7/11/2025,SMDR,330,332,322,324,17708600
7/11/2025,SMGA,82,82,79,80,19699900
7/11/2025,SMGR,2760,2800,2760,2800,4328200
7/11/2025,SMGRBQCU5A,29,32,29,32,200
7/11/2025,SMGRBQCZ5A,62,62,62,62,100
7/11/2025,SMGRDRCN5A,2,2,2,2,454400
7/11/2025,SMGRDRCQ5A,8,8,8,8,347500
7/11/2025,SMGRDRCV5A,66,69,66,69,90500
7/11/2025,SMGRHDCZ5A,0,0,0,0,0
7/11/2025,SMIL,228,234,220,234,124690900
7/11/2025,SMKL,156,159,155,157,236800
7/11/2025,SMKM,78,78,77,78,2271800
7/11/2025,SMLE,123,123,121,122,158200
7/11/2025,SMMA,0,0,0,0,0
7/11/2025,SMMT,840,840,840,840,18900
7/11/2025,SMRA,380,386,378,382,31108700
7/11/2025,SMRAHDCZ5A,0,0,0,0,0
7/11/2025,SMRAZPCH6A,0,0,0,0,0
7/11/2025,SMRU,0,0,0,0,0
7/11/2025,SMSM,1890,1915,1890,1890,791000
7/11/2025,SNLK,540,540,525,530,6615500
7/11/2025,SOCI,172,172,169,170,686100
7/11/2025,SOFA,49,49,46,48,3505600
7/11/2025,SOHO,700,700,690,690,17100
7/11/2025,SOLA,127,129,112,121,30545200
7/11/2025,SONA,3350,3450,3290,3390,26200
7/11/2025,SOSS,430,430,428,428,2600
7/11/2025,SOTS,276,280,272,278,5200
7/11/2025,SOUL,37,38,36,38,954100
7/11/2025,SPMA,262,264,258,260,33600
7/11/2025,SPRE,82,82,77,79,2290500
7/11/2025,SPTO,660,665,655,660,466000
7/11/2025,SQMI,0,0,0,0,0
7/11/2025,SRAJ,4200,4210,4140,4200,1053800
7/11/2025,SRIL,0,0,0,0,0
7/11/2025,SRSN,50,50,50,50,73300
7/11/2025,SRTG,1625,1670,1625,1625,6288600
7/11/2025,SRTGZPCG6A,0,0,0,0,0
7/11/2025,SSIA,1690,2000,1680,1865,123656900
7/11/2025,SSMS,1390,1460,1375,1390,9014100
7/11/2025,SSTM,167,167,166,166,42600
7/11/2025,STAA,795,800,785,800,15286700
7/11/2025,STAR,27,28,27,28,101800
7/11/2025,STRK,80,82,80,81,7404800
7/11/2025,STTP,10400,10400,10400,10400,400
7/11/2025,SUGI,0,0,0,0,0
7/11/2025,SULI,108,109,107,107,494100
7/11/2025,SUNI,770,790,765,790,675300
7/11/2025,SUPR,0,0,0,0,0
7/11/2025,SURE,2290,2330,2200,2260,12900
7/11/2025,SURI,86,88,83,84,141007500
7/11/2025,SWAT,0,0,0,0,0
7/11/2025,SWID,63,68,61,61,5731000
7/11/2025,TALF,298,310,282,290,65500
7/11/2025,TAMA,25,26,25,26,1209100
7/11/2025,TAMU,16,16,15,15,15104900
7/11/2025,TAPG,1100,1145,1085,1145,13994200
7/11/2025,TAPGZPCH6A,45,49,45,49,862800
7/11/2025,TARA,10,10,9,10,632300
7/11/2025,TAXI,7,7,7,7,33139500
7/11/2025,TAYS,50,50,50,50,119200
7/11/2025,TBIG,2050,2100,1975,2040,717000
7/11/2025,TBLA,795,810,795,810,4406900
7/11/2025,TBMS,925,1155,915,1020,362500
7/11/2025,TCID,2420,2460,2410,2410,2900
7/11/2025,TCPI,5450,5700,5350,5475,11649400
7/11/2025,TDPM,0,0,0,0,0
7/11/2025,TEBE,715,720,705,710,799700
7/11/2025,TECH,0,0,0,0,0
7/11/2025,TELE,0,0,0,0,0
7/11/2025,TFAS,136,139,133,135,649700
7/11/2025,TFCO,0,0,0,0,0
7/11/2025,TGKA,5975,6275,5975,6275,1200
7/11/2025,TGRA,0,0,0,0,0
7/11/2025,TGUK,0,0,0,0,0
7/11/2025,TIFA,0,0,0,0,0
7/11/2025,TINS,1045,1065,1040,1040,13639300
7/11/2025,TIRA,1815,1830,1755,1830,21700
7/11/2025,TIRT,0,0,0,0,0
7/11/2025,TKIM,5550,5725,5550,5675,1082900
7/11/2025,TKIMZPCG6A,65,65,63,63,400000
7/11/2025,TLDN,565,580,560,580,353800
7/11/2025,TLKM,2710,2730,2690,2730,47851300
7/11/2025,TLKMBQCQ5A,0,0,0,0,0
7/11/2025,TLKMBQCV5A,0,0,0,0,0
7/11/2025,TLKMDRCQ5A,0,0,0,0,0
7/11/2025,TLKMDRCQ5B,0,0,0,0,0
7/11/2025,TLKMDRCX6A,0,0,0,0,0
7/11/2025,TLKMHDCQ5A,0,0,0,0,0
7/11/2025,TLKMHDCV5A,0,0,0,0,0
7/11/2025,TLKMYUCQ5A,74,74,74,74,100
7/11/2025,TLKMZPCF6A,0,0,0,0,0
7/11/2025,TMAS,133,133,130,132,1532700
7/11/2025,TMPO,156,158,152,152,1743600
7/11/2025,TNCA,149,149,143,148,347200
7/11/2025,TOBA,850,855,810,815,80248700
7/11/2025,TOOL,50,50,50,50,3638500
7/11/2025,TOPS,0,0,0,0,0
7/11/2025,TOSK,50,50,50,50,33800
7/11/2025,TOTL,700,705,695,695,1872000
7/11/2025,TOTO,228,232,228,228,749300
7/11/2025,TOWR,550,550,540,545,28548300
7/11/2025,TOYS,0,0,0,0,0
7/11/2025,TPIA,9950,10000,9800,9800,10047200
7/11/2025,TPMA,585,605,585,595,12395200
7/11/2025,TRAM,0,0,0,0,0
7/11/2025,TRGU,179,179,171,179,242200
7/11/2025,TRIL,0,0,0,0,0
7/11/2025,TRIM,356,358,340,356,114900
7/11/2025,TRIN,106,106,103,104,328900
7/11/2025,TRIN-W2,0,0,0,0,0
7/11/2025,TRIO,0,0,0,0,0
7/11/2025,TRIS,173,175,166,173,456600
7/11/2025,TRJA,140,141,137,139,614500
7/11/2025,TRON,105,107,103,107,1682800
7/11/2025,TRST,490,496,474,486,51800
7/11/2025,TRUE,18,18,17,17,2831200
7/11/2025,TRUK,132,135,129,135,1440900
7/11/2025,TRUS,450,450,438,448,11400
7/11/2025,TSPC,2290,2330,2290,2320,624000
7/11/2025,TUGU,980,995,975,985,1106200
7/11/2025,TYRE,140,140,127,130,458500
7/11/2025,UANG,210,218,202,212,1281000
7/11/2025,UCID,505,515,500,500,3445900
7/11/2025,UDNG,880,880,880,880,688600
7/11/2025,UFOE,185,185,176,179,212300
7/11/2025,ULTJ,1350,1360,1330,1350,2629800
7/11/2025,UNIC,7850,7875,7850,7875,2100
7/11/2025,UNIQ,382,386,360,368,32027800
7/11/2025,UNIT,0,0,0,0,0
7/11/2025,UNSP,121,121,121,121,2600
7/11/2025,UNTD,75,92,75,84,65086600
7/11/2025,UNTR,22300,22400,22225,22400,3363700
7/11/2025,UNTRBQCV5A,0,0,0,0,0
7/11/2025,UNTRDRCG6A,108,108,108,108,100
7/11/2025,UNTRDRCN5A,0,0,0,0,0
7/11/2025,UNTRDRCQ5A,29,29,29,29,100
7/11/2025,UNTRHDCQ5A,24,24,24,24,631300
7/11/2025,UNVR,1585,1620,1570,1575,30404800
7/11/2025,UNVRBQCQ5A,25,25,22,22,5464500
7/11/2025,UNVRBQCU5A,35,35,33,33,300
7/11/2025,UNVRBQCZ5A,0,0,0,0,0
7/11/2025,UNVRDRCG6A,38,40,37,37,2900
7/11/2025,UNVRDRCN5A,19,19,17,17,18800
7/11/2025,UNVRDRCQ5A,5,6,5,6,1600100
7/11/2025,UNVRHDCQ5A,191,191,191,191,4600
7/11/2025,UNVRZPCH6A,44,44,42,42,362200
7/11/2025,URBN,128,132,128,130,42100
7/11/2025,UVCR,77,77,76,77,2603900
7/11/2025,VAST,139,140,138,138,2861300
7/11/2025,VAST-W,14,14,12,13,1021200
7/11/2025,VERN,119,121,118,120,2891900
7/11/2025,VERN-W,4,4,3,4,107000
7/11/2025,VICI,650,650,615,645,249800
7/11/2025,VICO,167,172,165,166,618300
7/11/2025,VINS,111,119,111,115,797000
7/11/2025,VISI,143,165,143,148,2021900
7/11/2025,VIVA,13,13,13,13,1885600
7/11/2025,VKTR,84,86,83,85,21555100
7/11/2025,VOKS,196,196,190,191,9400
7/11/2025,VRNA,73,74,72,74,774000
7/11/2025,VTNY,113,115,112,115,8530500
7/11/2025,WAPO,158,159,153,154,4336500
7/11/2025,WEGE,50,50,50,50,2068300
7/11/2025,WEHA,117,125,117,120,6221400
7/11/2025,WGSH,179,182,178,180,796900
7/11/2025,WICO,0,0,0,0,0
7/11/2025,WIDI,21,22,20,22,42438600
7/11/2025,WIFI,2040,2130,2020,2050,198995700
7/11/2025,WIIM,820,830,805,830,1511200
7/11/2025,WIKA,0,0,0,0,0
7/11/2025,WINE,240,240,224,228,301600
7/11/2025,WINR,26,26,26,26,1093900
7/11/2025,WINS,376,400,374,400,6471700
7/11/2025,WIRG,95,96,89,90,282997500
7/11/2025,WMPP,0,0,0,0,0
7/11/2025,WMUU,11,11,11,11,18847400
7/11/2025,WOMF,346,348,344,344,80000
7/11/2025,WOOD,380,384,372,372,2219000
7/11/2025,WOWS,56,58,56,58,1380600
7/11/2025,WSBP,13,14,13,13,4111800
7/11/2025,WSKT,0,0,0,0,0
7/11/2025,WTON,93,103,91,97,57603700
7/11/2025,XAQA,0,0,0,0,0
7/11/2025,XBES,1019,1019,1018,1018,10200
7/11/2025,XBID,500,500,500,500,40000
7/11/2025,XBIG,0,0,0,0,0
7/11/2025,XBIN,560,560,560,560,40000
7/11/2025,XBLQ,0,0,0,0,0
7/11/2025,XBNI,1003,1020,1003,1015,2400
7/11/2025,XBSK,431,435,431,435,42300
7/11/2025,XCEG,102,102,101,101,300
7/11/2025,XCID,59,59,57,58,2100
7/11/2025,XCIS,50,51,50,51,1200
7/11/2025,XCLQ,0,0,0,0,0
7/11/2025,XDIF,0,0,0,0,0
7/11/2025,XIFE,0,0,0,0,0
7/11/2025,XIHD,611,618,611,616,6200
7/11/2025,XIIC,0,0,0,0,0
7/11/2025,XIID,0,0,0,0,0
7/11/2025,XIIF,452,461,452,461,19200
7/11/2025,XIIT,501,503,501,503,1300
7/11/2025,XIJI,589,589,587,587,5100
7/11/2025,XILV,0,0,0,0,0
7/11/2025,XIML,0,0,0,0,0
7/11/2025,XIPB,201,201,201,201,200
7/11/2025,XIPI,207,214,207,214,1900
7/11/2025,XISB,0,0,0,0,0
7/11/2025,XISC,0,0,0,0,0
7/11/2025,XISI,0,0,0,0,0
7/11/2025,XISR,428,430,428,430,3100
7/11/2025,XKID,928,928,928,928,100
7/11/2025,XKIV,535,535,535,535,40000
7/11/2025,XKMS,1143,1150,1139,1150,200100
7/11/2025,XMGB,1096,1096,1096,1096,1000
7/11/2025,XMIG,212,212,212,212,200000
7/11/2025,XMLF,866,866,866,866,40000
7/11/2025,XMSK,374,375,373,375,300
7/11/2025,XNVE,0,0,0,0,0
7/11/2025,XPDV,592,592,592,592,100
7/11/2025,XPFT,0,0,0,0,0
7/11/2025,XPIN,597,605,597,604,47800
7/11/2025,XPLQ,485,485,475,475,200
7/11/2025,XPSG,0,0,0,0,0
7/11/2025,XPTD,0,0,0,0,0
7/11/2025,XSBC,34,34,34,34,100
7/11/2025,XSPI,0,0,0,0,0
7/11/2025,XSSI,51,52,50,52,28800
7/11/2025,XSSK,677,677,677,677,20000
7/11/2025,YELO,19,19,19,19,812400
7/11/2025,YOII,93,95,88,95,2873200
7/11/2025,YPAS,0,0,0,0,0
7/11/2025,YULE,2680,2700,2600,2700,44200
7/11/2025,YUPI,1950,1970,1900,1920,165800
7/11/2025,ZATA,10,10,9,9,10412500
7/11/2025,ZBRA,0,0,0,0,0
7/11/2025,ZINC,12,13,12,13,5356500
7/11/2025,ZONE,810,810,805,810,77700
7/11/2025,ZYRX,133,144,133,138,4188400
