<date>,<ticker>,<open>,<high>,<low>,<close>,<volume>
7/15/2025,IHSG,7122.083,7161.836,7079.000,7140.474,2173181690
7/15/2025,IDX30,0.000,0.000,0.000,0.000,0
7/15/2025,IDX80,0.000,0.000,0.000,0.000,0
7/15/2025,AADI,6975,7050,6900,7025,5931300
7/15/2025,AALI,5925,5950,5850,5875,310300
7/15/2025,ABBA,37,37,37,37,1139000
7/15/2025,ABDA,0,0,0,0,0
7/15/2025,ABMM,3050,3050,3010,3020,622100
7/15/2025,ACES,488,496,486,490,25118500
7/15/2025,ACESBQCV5A,4,5,4,5,258500
7/15/2025,ACESDRCN5A,2,3,1,1,114400
7/15/2025,ACESDRCQ5A,1,1,1,1,2400
7/15/2025,ACESHDCZ5A,64,64,63,63,200
7/15/2025,ACRO,62,67,61,62,15129300
7/15/2025,ACRO-W,7,7,6,6,264800
7/15/2025,ACST,90,91,90,90,635200
7/15/2025,ADCP,50,50,50,50,25100
7/15/2025,ADES,13200,13450,12625,12725,53000
7/15/2025,ADHI,248,258,246,256,14964500
7/15/2025,ADMF,9125,9200,9025,9175,79400
7/15/2025,ADMG,117,118,114,114,284600
7/15/2025,ADMR,985,995,970,990,18147000
7/15/2025,ADMRZPCH6A,53,56,53,53,16000
7/15/2025,ADRO,1825,1830,1800,1815,35314100
7/15/2025,ADROBQCN5A,1,1,1,1,8022100
7/15/2025,ADROBQCU5A,28,29,27,27,3282100
7/15/2025,ADROBQCZ5A,0,0,0,0,0
7/15/2025,ADRODRCN5A,0,0,0,0,0
7/15/2025,ADRODRCQ5A,3,3,2,3,343900
7/15/2025,ADRODRCQ5B,21,21,20,20,123100
7/15/2025,ADRODRCX5A,48,48,47,47,380000
7/15/2025,ADROHDCQ5A,0,0,0,0,0
7/15/2025,ADROHDCZ5A,0,0,0,0,0
7/15/2025,ADROZPCF6A,0,0,0,0,0
7/15/2025,AEGS,33,33,32,33,91000
7/15/2025,AGAR,236,236,226,228,22600
7/15/2025,AGII,980,990,975,980,201400
7/15/2025,AGRO,212,214,206,212,12815900
7/15/2025,AGRS,64,65,63,64,2559100
7/15/2025,AHAP,67,71,66,70,14666700
7/15/2025,AIMS,410,412,382,408,2395700
7/15/2025,AISA,143,153,143,148,10529000
7/15/2025,AKKU,0,0,0,0,0
7/15/2025,AKPI,600,600,590,595,52200
7/15/2025,AKRA,1220,1255,1215,1240,17562800
7/15/2025,AKRADRCN5A,41,42,41,42,200
7/15/2025,AKRADRCQ5A,10,11,10,10,920600
7/15/2025,AKRADRCX5A,36,38,36,38,176500
7/15/2025,AKRAHDCQ5A,0,0,0,0,0
7/15/2025,AKRAZPCX5A,0,0,0,0,0
7/15/2025,AKSI,274,280,268,274,155800
7/15/2025,ALDO,494,498,490,498,30900
7/15/2025,ALII,595,600,575,590,4770000
7/15/2025,ALKA,316,316,296,306,29100
7/15/2025,ALMI,0,0,0,0,0
7/15/2025,ALTO,0,0,0,0,0
7/15/2025,AMAG,354,354,350,354,57500
7/15/2025,AMAN,107,107,104,105,803300
7/15/2025,AMAR,157,159,157,158,344300
7/15/2025,AMFG,3540,3550,3500,3500,117200
7/15/2025,AMIN,146,164,146,149,861400
7/15/2025,AMMN,8400,8425,8175,8200,19957600
7/15/2025,AMMNBQCZ5A,0,0,0,0,0
7/15/2025,AMMNZPCG6A,69,69,68,68,21400
7/15/2025,AMMS,104,104,91,99,3798500
7/15/2025,AMMS-W,3,3,2,3,33039400
7/15/2025,AMOR,520,520,510,515,42600
7/15/2025,AMRT,2290,2300,2220,2220,27429400
7/15/2025,AMRTBQCU5A,0,0,0,0,0
7/15/2025,AMRTDRCN5A,0,0,0,0,0
7/15/2025,AMRTDRCQ5A,3,3,3,3,300000
7/15/2025,AMRTDRCZ5A,44,44,43,43,41400
7/15/2025,AMRTHDCQ5A,24,24,21,21,730400
7/15/2025,AMRTZPCX5A,0,0,0,0,0
7/15/2025,ANDI,17,18,17,18,3045100
7/15/2025,ANJT,1770,1775,1765,1770,1257600
7/15/2025,ANTM,3030,3030,2960,3000,77789300
7/15/2025,ANTMBQCU5A,284,284,282,282,900
7/15/2025,ANTMBQCX5A,88,88,83,86,442800
7/15/2025,ANTMBQCZ5A,0,0,0,0,0
7/15/2025,ANTMDRCG6A,56,56,52,54,130800
7/15/2025,ANTMDRCN5A,0,0,0,0,0
7/15/2025,ANTMDRCQ5A,258,260,256,260,19800
7/15/2025,ANTMDRCX5A,290,294,288,290,187600
7/15/2025,ANTMDRPU5A,58,58,57,57,157800
7/15/2025,ANTMDRPU5B,0,0,0,0,0
7/15/2025,ANTMHDCQ5A,374,374,374,374,10000
7/15/2025,ANTMHDCU5A,0,0,0,0,0
7/15/2025,ANTMYUCQ5A,0,0,0,0,0
7/15/2025,ANTMZPCX5A,0,0,0,0,0
7/15/2025,APEX,121,122,113,117,21353000
7/15/2025,APIC,1205,1210,1180,1190,4336600
7/15/2025,APII,175,175,172,174,25900
7/15/2025,APLI,486,492,480,490,1300
7/15/2025,APLN,90,94,89,94,12772900
7/15/2025,ARCI,590,590,550,575,60050400
7/15/2025,AREA,410,422,402,416,1261400
7/15/2025,ARGO,770,900,770,900,251700
7/15/2025,ARII,270,270,264,270,49300
7/15/2025,ARKA,20,20,19,19,2566500
7/15/2025,ARKO,810,820,800,800,136400
7/15/2025,ARMY,0,0,0,0,0
7/15/2025,ARNA,590,590,580,590,1113000
7/15/2025,ARTA,2350,2540,2000,2330,66100
7/15/2025,ARTI,0,0,0,0,0
7/15/2025,ARTO,1765,1800,1750,1790,3296100
7/15/2025,ARTOBQCU5A,8,8,8,8,300
7/15/2025,ARTOBQCZ5A,0,0,0,0,0
7/15/2025,ARTODRCN5A,2,2,2,2,100
7/15/2025,ARTODRCQ5A,3,3,3,3,220100
7/15/2025,ARTODRCX5A,38,38,38,38,100
7/15/2025,ARTOHDCZ5A,0,0,0,0,0
7/15/2025,ARTOZPCX5A,37,37,37,37,3300000
7/15/2025,ASBI,412,424,412,420,6000
7/15/2025,ASDM,520,520,505,505,42000
7/15/2025,ASGR,890,895,885,890,162800
7/15/2025,ASHA,15,16,15,16,10526000
7/15/2025,ASII,4700,4700,4630,4700,25045900
7/15/2025,ASIIBQCU5A,0,0,0,0,0
7/15/2025,ASIIBQCZ5A,0,0,0,0,0
7/15/2025,ASIIDRCQ5A,18,20,18,20,200
7/15/2025,ASIIDRCQ5B,17,17,17,17,100
7/15/2025,ASIIDRCX5A,81,83,81,83,200
7/15/2025,ASIIDRCX6A,0,0,0,0,0
7/15/2025,ASIIDRPQ5A,28,29,28,28,10500
7/15/2025,ASIIHDCZ5A,0,0,0,0,0
7/15/2025,ASJT,120,122,114,115,436100
7/15/2025,ASLC,65,66,63,66,26126000
7/15/2025,ASLI,50,50,50,50,679400
7/15/2025,ASMI,16,16,16,16,1452800
7/15/2025,ASPI,0,0,0,0,0
7/15/2025,ASPR,108,112,101,103,77984400
7/15/2025,ASRI,125,142,123,142,125804300
7/15/2025,ASRM,272,278,262,264,68400
7/15/2025,ASSA,760,820,755,815,24381100
7/15/2025,ATAP,27,27,27,27,505600
7/15/2025,ATIC,380,384,374,380,156100
7/15/2025,ATLA,50,50,50,50,85100
7/15/2025,AUTO,2050,2070,2040,2060,1834600
7/15/2025,AVIA,444,446,434,444,12271200
7/15/2025,AWAN,270,276,260,270,20471100
7/15/2025,AXIO,130,131,128,130,1111500
7/15/2025,AYAM,163,164,161,164,119858800
7/15/2025,AYLS,99,99,95,97,2487900
7/15/2025,BABP,50,51,50,51,13431300
7/15/2025,BABY,294,302,288,288,8657300
7/15/2025,BACA,130,131,130,131,2127000
7/15/2025,BAIK,98,99,95,96,2792700
7/15/2025,BAIK-W,7,8,7,7,1584000
7/15/2025,BAJA,123,127,120,125,3957500
7/15/2025,BALI,1485,1485,1405,1415,3400
7/15/2025,BANK,845,850,820,820,6641200
7/15/2025,BANK-W,0,0,0,0,0
7/15/2025,BAPA,50,50,50,50,3400
7/15/2025,BAPI,8,9,8,9,565500
7/15/2025,BATA,50,50,50,50,400
7/15/2025,BATR,86,86,82,83,7924600
7/15/2025,BAUT,27,27,27,27,4166900
7/15/2025,BAYU,1310,1310,1285,1290,28400
7/15/2025,BBCA,8600,8600,8475,8550,77219300
7/15/2025,BBCABQCV5A,0,0,0,0,0
7/15/2025,BBCABQCX5A,62,62,61,61,86000
7/15/2025,BBCADRCF6A,74,74,72,74,501900
7/15/2025,BBCADRCQ5A,30,30,30,30,15000000
7/15/2025,BBCADRCX6A,0,0,0,0,0
7/15/2025,BBCADRPQ5A,66,66,62,63,6700
7/15/2025,BBCAHDCQ5A,0,0,0,0,0
7/15/2025,BBCAHDCU5A,0,0,0,0,0
7/15/2025,BBCAHDCV5A,0,0,0,0,0
7/15/2025,BBCAYUCQ5A,58,60,58,60,200
7/15/2025,BBCAZPCF6A,57,57,57,57,500
7/15/2025,BBCAZPCH6A,0,0,0,0,0
7/15/2025,BBHI,1035,1145,1030,1095,3759000
7/15/2025,BBKP,60,61,59,59,69428700
7/15/2025,BBLD,760,780,710,745,58000
7/15/2025,BBMD,2200,2200,2050,2110,6100
7/15/2025,BBNI,4040,4070,4010,4050,30497400
7/15/2025,BBNIBQCU5A,0,0,0,0,0
7/15/2025,BBNIBQCV5A,0,0,0,0,0
7/15/2025,BBNIDRCQ5A,0,0,0,0,0
7/15/2025,BBNIDRCX6A,0,0,0,0,0
7/15/2025,BBNIDRCZ5A,58,58,57,57,3000
7/15/2025,BBNIDRPU5A,35,35,34,34,3000
7/15/2025,BBNIHDCQ5A,37,37,37,37,11200
7/15/2025,BBNIHDCU5A,0,0,0,0,0
7/15/2025,BBNIHDPU5A,0,0,0,0,0
7/15/2025,BBNIYUCV5A,66,67,66,67,200
7/15/2025,BBNIZPCH6A,93,93,93,93,600
7/15/2025,BBNIZPCX5A,0,0,0,0,0
7/15/2025,BBRI,3800,3880,3780,3880,183209300
7/15/2025,BBRIBQCQ5A,15,16,15,16,193700
7/15/2025,BBRIBQCU5A,0,0,0,0,0
7/15/2025,BBRIBQCZ5A,0,0,0,0,0
7/15/2025,BBRIDRCQ5A,31,33,29,33,1003800
7/15/2025,BBRIDRCX5A,160,166,157,165,3904400
7/15/2025,BBRIDRCX6A,2250,2250,2240,2240,300
7/15/2025,BBRIDRPN5A,0,0,0,0,0
7/15/2025,BBRIHDCQ5A,30,30,29,29,10000
7/15/2025,BBRIYUCV5A,152,157,152,157,200
7/15/2025,BBRIZPCH6A,0,0,0,0,0
7/15/2025,BBRIZPCX5A,84,84,84,84,10000
7/15/2025,BBRM,76,77,74,76,1514700
7/15/2025,BBSI,4020,4030,4020,4030,5600
7/15/2025,BBSS,298,308,292,302,144700
7/15/2025,BBTN,1190,1210,1165,1210,15293200
7/15/2025,BBTNHDCZ5A,0,0,0,0,0
7/15/2025,BBTNZPCG6A,0,0,0,0,0
7/15/2025,BBYB,232,244,230,234,43514800
7/15/2025,BCAP,57,57,55,56,14659400
7/15/2025,BCIC,0,0,0,0,0
7/15/2025,BCIP,91,95,91,93,15612900
7/15/2025,BDKR,163,164,146,157,34884400
7/15/2025,BDMN,2430,2430,2410,2420,383900
7/15/2025,BEBS,0,0,0,0,0
7/15/2025,BEEF,278,278,262,278,8152100
7/15/2025,BEER,73,75,70,72,441200
7/15/2025,BEKS,25,25,25,25,13942000
7/15/2025,BELI,380,390,376,384,1738700
7/15/2025,BELL,50,50,50,50,961900
7/15/2025,BESS,1025,1040,980,1025,58500
7/15/2025,BEST,96,97,92,96,13979800
7/15/2025,BFIN,800,815,795,800,5937900
7/15/2025,BGTG,77,78,76,78,3231800
7/15/2025,BHAT,755,755,745,750,1602100
7/15/2025,BHIT,26,26,25,25,10699300
7/15/2025,BIKA,0,0,0,0,0
7/15/2025,BIKE,585,585,570,580,1017000
7/15/2025,BIMA,44,46,41,46,126000
7/15/2025,BINA,4390,4390,4380,4380,11000
7/15/2025,BINO,112,112,108,108,1890200
7/15/2025,BIPI,80,81,78,80,264917700
7/15/2025,BIPP,39,40,39,39,11600
7/15/2025,BIRD,1830,1840,1815,1830,1909100
7/15/2025,BISI,950,955,920,945,469400
7/15/2025,BJBR,810,810,805,810,1556900
7/15/2025,BJTM,488,492,486,490,5824300
7/15/2025,BKDP,33,33,32,32,164700
7/15/2025,BKSL,126,127,119,119,517900700
7/15/2025,BKSW,62,64,60,60,2351100
7/15/2025,BLES,176,179,175,175,1967500
7/15/2025,BLOG,605,605,515,605,81518000
7/15/2025,BLTA,20,21,20,21,260800
7/15/2025,BLTZ,0,0,0,0,0
7/15/2025,BLUE,312,312,310,312,44500
7/15/2025,BMAS,515,515,515,515,5300
7/15/2025,BMBL,16,17,16,17,1082200
7/15/2025,BMHS,199,199,195,196,778500
7/15/2025,BMRI,4700,4740,4690,4700,206958200
7/15/2025,BMRIBQCN5A,3,30,3,30,427200
7/15/2025,BMRIBQCU5A,26,26,25,26,73200
7/15/2025,BMRIBQCZ5A,103,103,103,103,99800
7/15/2025,BMRIDRCQ5A,7,7,7,7,5000
7/15/2025,BMRIDRCX5A,70,70,68,69,7171900
7/15/2025,BMRIDRCX6A,2400,2400,2400,2400,401600
7/15/2025,BMRIDRPN5A,0,0,0,0,0
7/15/2025,BMRIHDCQ5A,7,7,7,7,500000
7/15/2025,BMRIHDCU5A,0,0,0,0,0
7/15/2025,BMRIHDPU5A,0,0,0,0,0
7/15/2025,BMRIYUCQ5A,39,39,38,38,1071200
7/15/2025,BMRIZPCH6A,0,0,0,0,0
7/15/2025,BMRIZPCX5A,45,46,45,46,1493500
7/15/2025,BMSR,248,252,248,248,19000
7/15/2025,BMTR,132,133,128,130,20094500
7/15/2025,BNBA,855,855,825,830,53600
7/15/2025,BNBR,27,27,26,27,7742200
7/15/2025,BNGA,1700,1710,1695,1700,4643200
7/15/2025,BNGAZPCH6A,53,53,53,53,2000
7/15/2025,BNII,199,199,196,199,624100
7/15/2025,BNLI,2760,2800,2650,2760,288600
7/15/2025,BOAT,100,100,96,97,2945500
7/15/2025,BOBA,181,194,176,180,186500
7/15/2025,BOGA,615,615,575,590,537300
7/15/2025,BOLA,100,103,99,100,1032700
7/15/2025,BOLT,1220,1225,1215,1215,1122400
7/15/2025,BOSS,0,0,0,0,0
7/15/2025,BPFI,342,342,330,338,3600
7/15/2025,BPII,580,590,580,585,262200
7/15/2025,BPTR,92,93,89,92,2035200
7/15/2025,BRAM,5600,5800,5600,5800,900
7/15/2025,BREN,7550,8500,7425,7750,121620600
7/15/2025,BRIS,2740,2770,2730,2750,23755700
7/15/2025,BRISBQCZ5A,0,0,0,0,0
7/15/2025,BRISHDCZ5A,0,0,0,0,0
7/15/2025,BRISYUCV5A,96,96,96,96,32100
7/15/2025,BRISZPCG6A,0,0,0,0,0
7/15/2025,BRMS,440,444,424,432,1001540900
7/15/2025,BRMSBQCZ5A,81,81,81,81,2000
7/15/2025,BRMSHDCZ5A,165,165,154,162,1700
7/15/2025,BRMSYUCV5A,36,38,35,36,451100
7/15/2025,BRMSZPCG6A,68,68,64,65,58700
7/15/2025,BRNA,630,675,545,600,129700
7/15/2025,BRPT,2100,2150,1955,2030,351066300
7/15/2025,BRPTBQCQ5A,510,550,462,500,52500
7/15/2025,BRPTBQCV5A,300,338,276,308,254200
7/15/2025,BRPTBQCZ5A,0,0,0,0,0
7/15/2025,BRPTDRCF6A,176,178,154,166,1320300
7/15/2025,BRPTDRCN5A,292,318,254,284,280300
7/15/2025,BRPTDRCQ5A,222,222,194,208,137200
7/15/2025,BRPTDRCX5A,197,208,182,194,381900
7/15/2025,BRPTDRPV5A,25,28,24,27,1142900
7/15/2025,BRPTHDCQ5A,224,228,204,208,87100
7/15/2025,BRPTZPCF6A,0,0,0,0,0
7/15/2025,BRPTZPCX5A,0,0,0,0,0
7/15/2025,BRRC,57,58,55,57,16650000
7/15/2025,BRRC-W,8,8,7,8,780200
7/15/2025,BSBK,50,51,50,50,23110600
7/15/2025,BSDE,790,830,785,830,18160600
7/15/2025,BSDEZPCH6A,31,34,31,34,392400
7/15/2025,BSIM,850,1050,850,950,365900
7/15/2025,BSML,95,96,91,91,33195700
7/15/2025,BSSR,3940,3940,3900,3940,328500
7/15/2025,BSWD,0,0,0,0,0
7/15/2025,BTEK,6,6,5,5,38019100
7/15/2025,BTEL,0,0,0,0,0
7/15/2025,BTON,390,390,380,390,2100
7/15/2025,BTPN,2120,2140,2080,2140,17800
7/15/2025,BTPS,1365,1435,1365,1430,16341000
7/15/2025,BTPSZPCH6A,0,0,0,0,0
7/15/2025,BUAH,1590,1600,1550,1565,86700
7/15/2025,BUDI,230,232,228,232,34400
7/15/2025,BUKA,127,134,126,132,181622800
7/15/2025,BUKAHDCZ5A,0,0,0,0,0
7/15/2025,BUKK,815,820,805,810,6800
7/15/2025,BULL,140,141,137,138,76313000
7/15/2025,BUMI,115,116,112,113,880297700
7/15/2025,BUVA,81,82,79,80,28919200
7/15/2025,BVIC,87,89,85,86,5041100
7/15/2025,BVIC-W,72,72,48,49,900
7/15/2025,BWPT,62,63,60,61,14117100
7/15/2025,BYAN,19400,19625,19200,19600,34500
7/15/2025,CAKK,134,137,133,137,57900
7/15/2025,CAMP,210,212,208,208,3285000
7/15/2025,CANI,42,42,42,42,11700
7/15/2025,CARE,224,230,220,224,22416900
7/15/2025,CARS,82,85,81,84,7039900
7/15/2025,CASA,995,1000,980,995,5125800
7/15/2025,CASH,63,64,58,61,238300
7/15/2025,CASS,2080,2150,2030,2100,211000
7/15/2025,CBDK,6300,6375,6050,6125,8582900
7/15/2025,CBMF,0,0,0,0,0
7/15/2025,CBPE,184,186,183,185,70000
7/15/2025,CBRE,68,68,66,66,5833300
7/15/2025,CBUT,1020,1035,1020,1020,10700
7/15/2025,CCSI,328,330,300,312,188000
7/15/2025,CDIA,625,625,625,625,2871400
7/15/2025,CEKA,2800,2800,2700,2710,86900
7/15/2025,CENT,101,103,97,99,13996800
7/15/2025,CFIN,314,314,306,308,2241100
7/15/2025,CGAS,93,93,90,91,3700400
7/15/2025,CHEK,195,200,184,185,112879700
7/15/2025,CHEM,55,55,54,54,651300
7/15/2025,CHIP,1320,1325,1305,1320,78900
7/15/2025,CINT,157,158,154,157,130800
7/15/2025,CITA,3980,3990,3930,3990,68000
7/15/2025,CITY,87,87,84,86,500200
7/15/2025,CLAY,700,715,665,715,165300
7/15/2025,CLEO,565,570,550,560,11956800
7/15/2025,CLPI,1165,1180,1165,1175,195500
7/15/2025,CMNP,1375,1380,1320,1350,503000
7/15/2025,CMNP-W,392,392,390,392,2500
7/15/2025,CMNT,860,860,810,815,34028800
7/15/2025,CMPP,78,78,78,78,240600
7/15/2025,CMRY,4710,4760,4700,4730,2291700
7/15/2025,CNKO,30,31,30,30,7468300
7/15/2025,CNMA,154,155,151,153,34255600
7/15/2025,CNTB,0,0,0,0,0
7/15/2025,CNTX,0,0,0,0,0
7/15/2025,COAL,35,35,33,35,2632700
7/15/2025,COCO,185,186,173,179,7564200
7/15/2025,COIN,380,380,380,380,2469000
7/15/2025,COWL,0,0,0,0,0
7/15/2025,CPIN,4840,4880,4820,4820,1996000
7/15/2025,CPINDRCG6A,92,93,92,93,200
7/15/2025,CPINDRCN5A,63,63,63,63,100
7/15/2025,CPINDRCQ5A,25,25,23,25,300
7/15/2025,CPINHDCQ5A,0,0,0,0,0
7/15/2025,CPRI,0,0,0,0,0
7/15/2025,CPRO,52,52,50,51,24102100
7/15/2025,CRAB,236,236,234,234,250500
7/15/2025,CRSN,105,105,101,103,178300
7/15/2025,CSAP,248,248,238,240,375800
7/15/2025,CSIS,75,75,72,75,830900
7/15/2025,CSMI,840,840,725,725,8070800
7/15/2025,CSRA,705,705,670,685,229500
7/15/2025,CTBN,8550,8550,8550,8550,1000
7/15/2025,CTRA,935,990,915,980,44620900
7/15/2025,CTRAZPCG6A,40,41,40,41,65600
7/15/2025,CTTH,23,24,23,24,281200
7/15/2025,CUAN,1640,1795,1580,1625,694431000
7/15/2025,CYBR,975,975,920,920,14341900
7/15/2025,CYBR-W,570,570,505,520,11500
7/15/2025,DAAZ,4040,4080,3970,4030,1215900
7/15/2025,DADA,7,7,7,7,44581600
7/15/2025,DART,140,148,140,142,90900
7/15/2025,DATA,1370,1445,1350,1395,5882600
7/15/2025,DAYA,905,905,870,895,123100
7/15/2025,DCII,152525,155050,152500,155050,4600
7/15/2025,DEAL,0,0,0,0,0
7/15/2025,DEFI,0,0,0,0,0
7/15/2025,DEPO,204,204,200,204,130800
7/15/2025,DEWA,175,182,172,180,373809000
7/15/2025,DEWI,98,100,97,100,35017800
7/15/2025,DFAM,50,50,50,50,100
7/15/2025,DGIK,86,87,85,86,2445700
7/15/2025,DGNS,157,157,151,152,582200
7/15/2025,DGWG,428,430,422,426,7721600
7/15/2025,DIGI,20,20,20,20,56200
7/15/2025,DILD,128,131,125,131,14244300
7/15/2025,DIVA,106,109,105,107,4003300
7/15/2025,DKFT,520,535,510,525,39986800
7/15/2025,DKHH,0,0,0,0,0
7/15/2025,DKHH-W,0,0,0,0,0
7/15/2025,DLTA,2020,2040,2010,2030,37300
7/15/2025,DMAS,139,141,138,141,42749200
7/15/2025,DMMX,382,398,376,378,1735900
7/15/2025,DMND,500,505,498,505,112100
7/15/2025,DNAR,148,157,119,127,47139600
7/15/2025,DNET,9475,9475,9350,9350,4800
7/15/2025,DOID,368,368,356,356,18360900
7/15/2025,DOOH,91,108,91,99,660920800
7/15/2025,DOSS,151,151,146,147,433600
7/15/2025,DPNS,234,234,226,228,32100
7/15/2025,DPUM,50,50,50,50,100400
7/15/2025,DRMA,965,965,960,965,60700
7/15/2025,DSFI,55,58,54,54,4666200
7/15/2025,DSNG,855,875,835,865,37576400
7/15/2025,DSSA,60000,64575,58400,62200,3166800
7/15/2025,DUCK,0,0,0,0,0
7/15/2025,DUTI,3490,3490,3490,3490,100
7/15/2025,DVLA,1685,1690,1670,1690,29400
7/15/2025,DWGL,218,218,212,216,127900
7/15/2025,DYAN,90,91,85,89,1764300
7/15/2025,EAST,97,99,96,97,1615700
7/15/2025,ECII,199,199,191,196,401400
7/15/2025,EDGE,3900,3900,3810,3850,23700
7/15/2025,EKAD,183,183,179,183,221500
7/15/2025,ELIT,163,168,159,164,6423500
7/15/2025,ELPI,352,352,350,352,191800
7/15/2025,ELSA,484,484,476,478,22834400
7/15/2025,ELSAZPCG6A,0,0,0,0,0
7/15/2025,ELTY,10,11,10,10,39769600
7/15/2025,EMDE,90,92,90,92,97800
7/15/2025,EMTK,490,494,482,492,23935600
7/15/2025,EMTKBQCZ5A,69,70,69,70,200
7/15/2025,EMTKHDCZ5A,0,0,0,0,0
7/15/2025,EMTKYUCV5A,25,25,25,25,43000
7/15/2025,EMTKZPCH6A,28,28,28,28,800
7/15/2025,ENAK,705,710,695,710,516600
7/15/2025,ENRG,370,386,360,382,294151200
7/15/2025,ENRGHDCZ5A,90,90,86,88,125600
7/15/2025,ENRGZPCG6A,72,82,72,81,647200
7/15/2025,ENVY,0,0,0,0,0
7/15/2025,ENZO,34,34,31,31,239400
7/15/2025,EPAC,12,12,11,12,523300
7/15/2025,EPMT,2260,2290,2260,2290,12300
7/15/2025,ERAA,540,555,530,545,31240900
7/15/2025,ERAABQCZ5A,0,0,0,0,0
7/15/2025,ERAAHDCZ5A,63,63,63,63,5000
7/15/2025,ERAAZPCH6A,39,39,39,39,500000
7/15/2025,ERAL,374,386,352,386,37359900
7/15/2025,ERTX,101,105,101,105,1806000
7/15/2025,ESIP,27,27,27,27,71300
7/15/2025,ESSA,585,590,575,585,16031500
7/15/2025,ESSABQCZ5A,0,0,0,0,0
7/15/2025,ESTA,66,67,65,66,690800
7/15/2025,ESTI,35,35,35,35,8700
7/15/2025,ETWA,0,0,0,0,0
7/15/2025,EURO,151,154,146,151,817700
7/15/2025,EXCL,2320,2500,2320,2490,33910500
7/15/2025,EXCLHDCQ5A,83,85,83,85,400000
7/15/2025,EXCLZPCF6A,67,67,65,65,6120200
7/15/2025,FAPA,5500,5525,5500,5500,6100
7/15/2025,FAST,310,326,300,312,3789200
7/15/2025,FASW,0,0,0,0,0
7/15/2025,FILM,1805,1805,1700,1775,5580200
7/15/2025,FIMP,73,73,73,73,27400
7/15/2025,FIRE,74,76,74,76,2517500
7/15/2025,FISH,0,0,0,0,0
7/15/2025,FITT,0,0,0,0,0
7/15/2025,FLMC,53,55,50,51,497200
7/15/2025,FMII,330,340,328,330,31300
7/15/2025,FOLK,66,68,64,68,1596700
7/15/2025,FOOD,103,106,103,106,12900
7/15/2025,FORE,625,675,625,635,39451700
7/15/2025,FORU,1250,1265,1230,1255,91800
7/15/2025,FORZ,0,0,0,0,0
7/15/2025,FPNI,197,198,194,195,802800
7/15/2025,FUJI,400,400,384,398,30800
7/15/2025,FUTR,58,60,54,56,43535200
7/15/2025,FWCT,141,142,133,137,1340200
7/15/2025,GAMA,0,0,0,0,0
7/15/2025,GDST,104,105,102,104,1506500
7/15/2025,GDYR,1260,1270,1160,1195,69200
7/15/2025,GEMA,85,86,83,86,2125400
7/15/2025,GEMS,9150,9375,9075,9325,603800
7/15/2025,GGRM,9075,9075,8900,9050,478900
7/15/2025,GGRMZPCG6A,0,0,0,0,0
7/15/2025,GGRP,0,0,0,0,0
7/15/2025,GHON,1575,1585,1565,1575,30100
7/15/2025,GIAA,66,66,65,65,53382500
7/15/2025,GJTL,1060,1070,1050,1060,3132500
7/15/2025,GLOB,50,50,50,50,100
7/15/2025,GLVA,326,338,326,328,17500
7/15/2025,GMFI,60,60,60,60,700300
7/15/2025,GMTD,2130,2440,2130,2340,3400
7/15/2025,GOLD,254,254,246,248,26300
7/15/2025,GOLF,230,234,226,230,1774800
7/15/2025,GOLL,0,0,0,0,0
7/15/2025,GOOD,358,360,356,360,108500
7/15/2025,GOTO,59,60,58,59,2225600700
7/15/2025,GOTOBQCZ5A,0,0,0,0,0
7/15/2025,GOTODRCG6A,11,12,11,12,52000
7/15/2025,GOTODRCN5A,36,36,1,3,1180700
7/15/2025,GOTODRCQ5A,0,0,0,0,0
7/15/2025,GOTOHDCQ5A,0,0,0,0,0
7/15/2025,GOTOM,0,0,0,0,0
7/15/2025,GOTOZPCH6A,29,29,29,29,1200
7/15/2025,GPRA,124,127,121,127,56556300
7/15/2025,GPSO,394,420,394,408,3473400
7/15/2025,GRIA,86,87,83,84,2538100
7/15/2025,GRPH,50,50,50,50,143200
7/15/2025,GRPM,49,50,48,50,2257800
7/15/2025,GRPM-W,14,15,13,14,183000
7/15/2025,GSMF,52,53,52,52,111500
7/15/2025,GTBO,187,187,180,185,1071600
7/15/2025,GTRA,141,142,135,137,1367000
7/15/2025,GTSI,40,40,39,39,456300
7/15/2025,GULA,264,266,258,262,192900
7/15/2025,GUNA,276,280,266,266,237400
7/15/2025,GWSA,125,125,123,125,83500
7/15/2025,GZCO,103,103,96,97,75637100
7/15/2025,HADE,8,8,8,8,1651600
7/15/2025,HAIS,190,191,188,188,714500
7/15/2025,HAJJ,125,133,125,130,34590700
7/15/2025,HAJJ-W,15,16,14,15,14488900
7/15/2025,HALO,81,85,79,81,34031100
7/15/2025,HALO-W,9,10,8,10,13287200
7/15/2025,HATM,270,272,262,272,26620400
7/15/2025,HBAT,64,65,63,63,85400
7/15/2025,HDFA,105,109,105,109,71800
7/15/2025,HDIT,17,17,17,17,249600
7/15/2025,HDTX,0,0,0,0,0
7/15/2025,HEAL,1555,1565,1550,1550,22480100
7/15/2025,HEALZPCH6A,60,60,60,60,1704100
7/15/2025,HELI,258,262,252,258,1281800
7/15/2025,HERO,392,400,388,392,27900
7/15/2025,HEXA,5125,5175,5100,5150,194500
7/15/2025,HGII,159,159,156,159,5013800
7/15/2025,HILL,234,234,220,230,5683400
7/15/2025,HITS,0,0,0,0,0
7/15/2025,HKMU,0,0,0,0,0
7/15/2025,HMSP,610,610,600,610,4835400
7/15/2025,HOKI,93,93,86,88,25603100
7/15/2025,HOME,0,0,0,0,0
7/15/2025,HOMI,210,210,202,206,68200
7/15/2025,HOPE,63,63,63,63,1360500
7/15/2025,HOTL,0,0,0,0,0
7/15/2025,HRME,21,21,20,20,220100
7/15/2025,HRTA,590,590,580,585,14016200
7/15/2025,HRUM,830,830,805,815,6502400
7/15/2025,HRUMZPCG6A,0,0,0,0,0
7/15/2025,HUMI,58,59,55,58,77375800
7/15/2025,HUMI-W,7,7,6,6,16065000
7/15/2025,HYGN,142,145,139,143,1267800
7/15/2025,IATA,50,50,49,49,1755600
7/15/2025,IATA-W,43,43,37,37,117700
7/15/2025,IBFN,13,13,12,13,554700
7/15/2025,IBOS,28,28,27,28,1609300
7/15/2025,IBST,0,0,0,0,0
7/15/2025,ICBP,10400,10425,10150,10400,12047900
7/15/2025,ICBPDRCQ5A,13,13,13,13,470100
7/15/2025,ICBPDRCX6A,0,0,0,0,0
7/15/2025,ICBPHDCQ5A,0,0,0,0,0
7/15/2025,ICBPZPCX5A,0,0,0,0,0
7/15/2025,ICON,41,42,41,42,23100
7/15/2025,IDEA,46,46,42,45,507400
7/15/2025,IDPR,199,202,191,191,108700
7/15/2025,IFII,258,258,252,258,40500
7/15/2025,IFSH,790,790,760,765,3200
7/15/2025,IGAR,570,575,560,575,16100
7/15/2025,IIKP,0,0,0,0,0
7/15/2025,IKAI,9,9,9,9,1324500
7/15/2025,IKAN,64,65,63,64,7557000
7/15/2025,IKBI,406,406,404,406,36700
7/15/2025,IKPM,202,206,198,200,569800
7/15/2025,IMAS,925,925,885,905,782200
7/15/2025,IMJS,189,190,185,188,726000
7/15/2025,IMPC,298,302,290,298,27820600
7/15/2025,INAF,0,0,0,0,0
7/15/2025,INAI,164,175,156,173,2401200
7/15/2025,INCF,24,24,23,23,148700
7/15/2025,INCI,585,600,585,600,44200
7/15/2025,INCO,3470,3520,3400,3470,12145700
7/15/2025,INCOBQCQ5A,0,0,0,0,0
7/15/2025,INCOBQCV5A,56,56,56,56,700
7/15/2025,INCODRCN5A,31,37,29,36,4185200
7/15/2025,INCODRCQ5A,6,8,5,8,10964300
7/15/2025,INCODRCX5A,78,81,78,81,11015200
7/15/2025,INCODRPV5A,54,54,54,54,100
7/15/2025,INCOHDCQ5A,90,96,90,96,60100
7/15/2025,INCOZPCX5A,0,0,0,0,0
7/15/2025,INDF,8350,8350,8225,8325,17749200
7/15/2025,INDFBQCV5A,0,0,0,0,0
7/15/2025,INDFDRCQ5A,38,38,38,38,96100
7/15/2025,INDFDRCX6A,0,0,0,0,0
7/15/2025,INDFHDCQ5A,0,0,0,0,0
7/15/2025,INDO,208,208,200,204,3265200
7/15/2025,INDR,2400,2440,2310,2440,50800
7/15/2025,INDS,228,228,224,226,108200
7/15/2025,INDX,76,78,75,75,1815400
7/15/2025,INDY,1340,1360,1325,1330,7244600
7/15/2025,INDYZPCG6A,0,0,0,0,0
7/15/2025,INET,187,244,185,240,1112709500
7/15/2025,INET-W,98,146,95,138,137971600
7/15/2025,INKP,5725,5775,5650,5725,3442400
7/15/2025,INKPDRCF6A,97,99,97,99,200
7/15/2025,INKPDRCN5A,0,0,0,0,0
7/15/2025,INKPDRCQ5A,9,9,9,9,114800
7/15/2025,INKPHDCQ5A,0,0,0,0,0
7/15/2025,INKPZPCF6A,0,0,0,0,0
7/15/2025,INOV,88,88,85,86,240600
7/15/2025,INPC,156,158,153,156,5766200
7/15/2025,INPP,795,805,795,805,8500
7/15/2025,INPS,129,129,121,122,2667100
7/15/2025,INRU,865,900,800,805,81300
7/15/2025,INTA,13,13,13,13,1087400
7/15/2025,INTD,202,202,191,193,622000
7/15/2025,INTP,5500,5550,5425,5475,709400
7/15/2025,INTPZPCG6A,0,0,0,0,0
7/15/2025,IOTF,86,86,86,86,269987100
7/15/2025,IPAC,137,137,128,136,24500
7/15/2025,IPCC,1030,1045,1010,1030,2591600
7/15/2025,IPCM,274,276,272,274,412200
7/15/2025,IPOL,133,134,131,133,313000
7/15/2025,IPPE,0,0,0,0,0
7/15/2025,IPTV,26,26,25,25,415700
7/15/2025,IRRA,414,422,414,422,1072100
7/15/2025,IRSX,36,36,36,36,9028800
7/15/2025,IRSX-W,1,1,1,1,1058600
7/15/2025,ISAP,11,12,10,12,27208800
7/15/2025,ISAP-W,4,4,3,4,337800
7/15/2025,ISAT,2060,2070,2030,2040,15399800
7/15/2025,ISATBQCU5A,0,0,0,0,0
7/15/2025,ISATDRCG6A,71,71,71,71,100
7/15/2025,ISATDRCX5A,53,53,53,53,100
7/15/2025,ISATHDCQ5A,0,0,0,0,0
7/15/2025,ISATZPCF6A,0,0,0,0,0
7/15/2025,ISEA,64,65,63,63,1680700
7/15/2025,ISSP,332,352,332,350,12728700
7/15/2025,ITIC,216,222,216,220,43900
7/15/2025,ITMA,770,785,755,785,14213300
7/15/2025,ITMG,22450,22525,22350,22400,846100
7/15/2025,JARR,382,388,380,382,3965300
7/15/2025,JAST,60,60,58,59,3493800
7/15/2025,JATI,148,160,146,151,38256400
7/15/2025,JAWA,140,144,138,139,4005700
7/15/2025,JAYA,94,94,93,94,136300
7/15/2025,JECC,800,820,795,815,31600
7/15/2025,JGLE,9,9,8,8,117616400
7/15/2025,JIHD,645,645,615,620,1783900
7/15/2025,JKON,74,75,74,74,2134600
7/15/2025,JKSW,0,0,0,0,0
7/15/2025,JMAS,127,128,121,126,27240000
7/15/2025,JPFA,1605,1605,1570,1575,9757000
7/15/2025,JPFABQCZ5A,0,0,0,0,0
7/15/2025,JPFAHDCZ5A,0,0,0,0,0
7/15/2025,JPFAZPCG6A,0,0,0,0,0
7/15/2025,JRPT,720,725,720,725,269200
7/15/2025,JSKY,0,0,0,0,0
7/15/2025,JSMR,3630,3640,3600,3610,1578500
7/15/2025,JSMRZPCG6A,0,0,0,0,0
7/15/2025,JSPT,4550,4550,4400,4480,15300
7/15/2025,JTPE,262,264,258,262,5508800
7/15/2025,KAEF,580,580,505,515,6338300
7/15/2025,KAQI,50,50,50,50,233400
7/15/2025,KARW,855,855,855,855,1700400
7/15/2025,KAYU,0,0,0,0,0
7/15/2025,KBAG,33,33,32,33,5468800
7/15/2025,KBLI,400,400,394,398,194700
7/15/2025,KBLM,300,302,294,298,114700
7/15/2025,KBLV,56,57,54,56,2316000
7/15/2025,KBRI,0,0,0,0,0
7/15/2025,KDSI,480,480,470,480,6500
7/15/2025,KDTN,120,121,119,121,45100
7/15/2025,KEEN,830,835,815,825,4643300
7/15/2025,KEJU,585,595,570,590,445700
7/15/2025,KETR,204,206,199,204,381800
7/15/2025,KIAS,21,21,20,20,13600
7/15/2025,KICI,112,120,111,114,662700
7/15/2025,KIJA,180,183,178,180,159952100
7/15/2025,KING,214,216,212,212,383700
7/15/2025,KING-W,17,18,16,18,756800
7/15/2025,KINO,1095,1115,1080,1080,3800
7/15/2025,KIOS,50,50,50,50,42600
7/15/2025,KJEN,0,0,0,0,0
7/15/2025,KKES,24,25,24,25,9600
7/15/2025,KKGI,370,370,364,364,1754100
7/15/2025,KLAS,140,142,138,140,10727200
7/15/2025,KLBF,1560,1560,1510,1530,16552200
7/15/2025,KLBFBQCV5A,0,0,0,0,0
7/15/2025,KLBFDRCG6A,56,56,56,56,100
7/15/2025,KLBFDRCN5A,0,0,0,0,0
7/15/2025,KLBFDRCQ5A,27,27,27,27,500000
7/15/2025,KLBFHDCQ5A,0,0,0,0,0
7/15/2025,KLBFZPCF6A,0,0,0,0,0
7/15/2025,KLIN,136,145,128,137,338900
7/15/2025,KMDS,600,600,585,590,386100
7/15/2025,KMTR,270,270,262,264,258200
7/15/2025,KOBX,153,153,147,150,569400
7/15/2025,KOCI,52,54,50,51,21038900
7/15/2025,KOCI-W,6,7,5,6,3365100
7/15/2025,KOIN,0,0,0,0,0
7/15/2025,KOKA,67,68,66,67,2018000
7/15/2025,KONI,1230,1230,1225,1225,400
7/15/2025,KOPI,380,380,362,372,355600
7/15/2025,KOTA,17,18,16,18,6941900
7/15/2025,KPAL,0,0,0,0,0
7/15/2025,KPAS,0,0,0,0,0
7/15/2025,KPIG,177,178,164,170,77656300
7/15/2025,KRAH,0,0,0,0,0
7/15/2025,KRAS,0,0,0,0,0
7/15/2025,KREN,9,10,9,9,12166800
7/15/2025,KRYA,266,278,240,258,78062600
7/15/2025,KSIX,196,199,193,194,206200
7/15/2025,KUAS,51,51,50,51,175000
7/15/2025,LABA,0,0,0,0,0
7/15/2025,LABS,144,146,137,138,1642000
7/15/2025,LAJU,50,50,50,50,27700
7/15/2025,LAND,21,22,21,22,550100
7/15/2025,LAPD,25,27,25,27,4187400
7/15/2025,LCGP,0,0,0,0,0
7/15/2025,LCKM,224,224,186,196,113500
7/15/2025,LEAD,72,72,70,71,6589900
7/15/2025,LFLO,312,312,290,300,1639000
7/15/2025,LIFE,0,0,0,0,0
7/15/2025,LINK,1555,1555,1555,1555,2800
7/15/2025,LION,378,380,376,380,17200
7/15/2025,LIVE,139,143,138,141,819000
7/15/2025,LMAS,0,0,0,0,0
7/15/2025,LMAX,50,52,49,51,6902700
7/15/2025,LMPI,142,145,139,141,617300
7/15/2025,LMSH,0,0,0,0,0
7/15/2025,LOPI,37,37,35,36,4611400
7/15/2025,LPCK,472,480,452,464,202100
7/15/2025,LPGI,378,396,372,386,185900
7/15/2025,LPIN,372,374,364,370,94500
7/15/2025,LPKR,82,85,82,85,16875100
7/15/2025,LPLI,276,280,274,278,192500
7/15/2025,LPPF,1700,1710,1675,1705,1532400
7/15/2025,LPPS,57,57,56,57,358800
7/15/2025,LRNA,141,149,140,141,250600
7/15/2025,LSIP,1340,1340,1310,1325,4521500
7/15/2025,LSIPZPCG6A,75,78,74,75,2100500
7/15/2025,LTLS,865,865,860,865,71500
7/15/2025,LUCK,64,65,64,65,84000
7/15/2025,LUCY,80,80,72,72,1576700
7/15/2025,MABA,0,0,0,0,0
7/15/2025,MAGP,0,0,0,0,0
7/15/2025,MAHA,150,150,145,147,3030500
7/15/2025,MAIN,640,645,630,630,1748400
7/15/2025,MAMI,0,0,0,0,0
7/15/2025,MAMIP,0,0,0,0,0
7/15/2025,MANG,31,32,31,32,777700
7/15/2025,MANG-W,26,26,15,24,398000
7/15/2025,MAPA,680,690,660,675,23289100
7/15/2025,MAPAHDCZ5A,0,0,0,0,0
7/15/2025,MAPAZPCH6A,47,47,46,47,102000
7/15/2025,MAPB,1660,1750,1640,1650,7400
7/15/2025,MAPI,1195,1225,1170,1220,32284200
7/15/2025,MAPIBQCV5A,31,32,31,32,20200
7/15/2025,MAPIDRCQ5A,17,18,17,18,1420500
7/15/2025,MAPIDRCX5A,31,31,31,31,101100
7/15/2025,MAPIHDCQ5A,0,0,0,0,0
7/15/2025,MARI,23,24,23,24,5861000
7/15/2025,MARK,665,670,655,665,18666200
7/15/2025,MASA,0,0,0,0,0
7/15/2025,MASB,3400,3420,3400,3420,200
7/15/2025,MAXI,50,50,50,50,122400
7/15/2025,MAYA,182,183,178,181,1765800
7/15/2025,MBAP,1695,1695,1650,1670,65100
7/15/2025,MBMA,500,570,498,565,642770800
7/15/2025,MBMADRCQ5A,23,40,23,39,17290500
7/15/2025,MBMADRCX5A,53,69,53,69,2885900
7/15/2025,MBMAHDCQ5A,12,21,11,20,31777900
7/15/2025,MBMAZPCX5A,119,119,119,119,81900
7/15/2025,MBSS,1800,1800,1680,1730,2572600
7/15/2025,MBTO,85,92,83,85,4516800
7/15/2025,MCAS,1185,1195,1140,1150,22700
7/15/2025,MCOL,4340,4340,4310,4320,5500
7/15/2025,MCOR,66,67,65,66,944800
7/15/2025,MDIA,27,27,26,26,395600
7/15/2025,MDIY,1350,1350,1290,1290,2625000
7/15/2025,MDKA,2100,2150,2060,2150,46930200
7/15/2025,MDKABQCN5A,0,0,0,0,0
7/15/2025,MDKABQCV5A,84,87,84,86,2600
7/15/2025,MDKADRCN5A,1,2,1,2,4435400
7/15/2025,MDKADRCQ5A,20,23,20,23,260200
7/15/2025,MDKADRCV5A,68,70,66,70,8076600
7/15/2025,MDKAHDCU5A,0,0,0,0,0
7/15/2025,MDKAHDCZ5A,127,127,127,127,3600
7/15/2025,MDKAYUCQ5A,88,95,88,95,546200
7/15/2025,MDKAZPCF6A,0,0,0,0,0
7/15/2025,MDKI,162,162,156,158,120800
7/15/2025,MDLA,190,193,189,191,4129700
7/15/2025,MDLN,50,51,50,51,6040300
7/15/2025,MDRN,7,7,7,7,848900
7/15/2025,MEDC,1250,1260,1235,1255,28628200
7/15/2025,MEDCBQCV5A,86,86,86,86,20000
7/15/2025,MEDCBQCZ5A,0,0,0,0,0
7/15/2025,MEDCDRCG6A,42,43,41,43,145900
7/15/2025,MEDCDRCN5A,3,3,3,3,2999300
7/15/2025,MEDCDRCQ5A,42,42,16,16,2192600
7/15/2025,MEDCDRPV5A,0,0,0,0,0
7/15/2025,MEDCHDCQ5A,0,0,0,0,0
7/15/2025,MEDCZPCF6A,0,0,0,0,0
7/15/2025,MEDS,50,50,50,50,3000
7/15/2025,MEGA,3280,3280,3180,3260,3700
7/15/2025,MEJA,0,0,0,0,0
7/15/2025,MEJA-W,0,0,0,0,0
7/15/2025,MENN,45,46,44,45,8661600
7/15/2025,MERI,322,362,314,362,76670700
7/15/2025,MERK,2930,2940,2900,2920,29400
7/15/2025,META,0,0,0,0,0
7/15/2025,MFIN,0,0,0,0,0
7/15/2025,MFMI,0,0,0,0,0
7/15/2025,MGLV,400,400,400,400,2160700
7/15/2025,MGNA,30,33,30,33,312500
7/15/2025,MGNA-W,20,20,19,19,2700
7/15/2025,MGRO,710,720,705,710,6275500
7/15/2025,MHKI,125,128,122,128,479800
7/15/2025,MICE,480,480,478,480,20500
7/15/2025,MIDI,406,412,404,404,6255000
7/15/2025,MIKA,2620,2630,2470,2510,4398300
7/15/2025,MIKAZPCG6A,33,33,33,33,1000000
7/15/2025,MINA,90,90,78,82,192040900
7/15/2025,MINE,500,500,490,498,5339400
7/15/2025,MIRA,25,28,24,28,11952600
7/15/2025,MITI,185,188,183,187,109900
7/15/2025,MKAP,330,332,328,332,146100
7/15/2025,MKNT,0,0,0,0,0
7/15/2025,MKPI,22950,23275,22350,22350,9100
7/15/2025,MKTR,105,106,101,106,1214800
7/15/2025,MKTR-W,6,6,4,5,3602800
7/15/2025,MLBI,5700,5800,5700,5800,67300
7/15/2025,MLIA,312,318,308,310,4788400
7/15/2025,MLPL,99,104,98,102,60699300
7/15/2025,MLPT,32125,32200,31450,31500,10100
7/15/2025,MMIX,199,199,196,196,5036300
7/15/2025,MMLP,505,520,498,500,6948400
7/15/2025,MNCN,250,254,248,254,27558100
7/15/2025,MOLI,200,202,198,200,139100
7/15/2025,MORA,406,408,400,404,5600
7/15/2025,MPIX,63,65,63,65,8228100
7/15/2025,MPIX-W,8,8,7,8,548900
7/15/2025,MPMX,975,980,965,975,3244700
7/15/2025,MPOW,115,115,111,113,1048200
7/15/2025,MPPA,58,64,57,61,131295000
7/15/2025,MPRO,2160,2210,2130,2200,188400
7/15/2025,MPXL,107,109,105,108,5206000
7/15/2025,MRAT,258,258,232,248,334400
7/15/2025,MREI,895,910,875,910,130600
7/15/2025,MSIE,27,27,25,25,2262400
7/15/2025,MSIN,500,505,492,500,42422300
7/15/2025,MSJA,304,304,290,302,153200
7/15/2025,MSKY,55,55,53,54,3018900
7/15/2025,MSTI,1410,1450,1410,1450,5477400
7/15/2025,MTDL,550,565,550,560,6325800
7/15/2025,MTEL,565,570,555,570,7228700
7/15/2025,MTFN,4,5,4,5,41095200
7/15/2025,MTLA,462,476,452,452,7200
7/15/2025,MTMH,845,850,840,850,22600
7/15/2025,MTPS,42,42,42,42,79500
7/15/2025,MTRA,0,0,0,0,0
7/15/2025,MTSM,0,0,0,0,0
7/15/2025,MTWI,264,288,252,276,888300
7/15/2025,MUTU,94,94,90,91,1551500
7/15/2025,MUTU-W,1,1,1,1,133400
7/15/2025,MYOH,1730,1730,1690,1730,17800
7/15/2025,MYOR,2080,2080,2020,2030,6408900
7/15/2025,MYORZPCH6A,0,0,0,0,0
7/15/2025,MYRX,0,0,0,0,0
7/15/2025,MYRXP,0,0,0,0,0
7/15/2025,MYTX,0,0,0,0,0
7/15/2025,NAIK,161,162,154,161,11920900
7/15/2025,NAIK-W,33,34,30,30,7965100
7/15/2025,NANO,23,23,22,22,7345700
7/15/2025,NASA,16,16,15,16,877300
7/15/2025,NASI,85,86,81,82,13926700
7/15/2025,NATO,142,142,140,140,72000
7/15/2025,NAYZ,43,44,41,42,3106800
7/15/2025,NCKL,650,655,645,650,23568700
7/15/2025,NELY,364,366,360,362,322600
7/15/2025,NEST,294,304,292,298,3486600
7/15/2025,NETV,147,155,145,147,1785600
7/15/2025,NFCX,1700,1710,1650,1705,96200
7/15/2025,NICE,466,520,464,494,82930600
7/15/2025,NICK,1290,1290,1195,1270,14200
7/15/2025,NICL,970,1005,930,975,14897100
7/15/2025,NIKL,240,242,230,238,528800
7/15/2025,NINE,74,76,66,69,38978000
7/15/2025,NIPS,0,0,0,0,0
7/15/2025,NIRO,122,122,120,121,12600
7/15/2025,NISP,1335,1340,1330,1340,2141600
7/15/2025,NOBU,560,590,550,590,15717500
7/15/2025,NPGF,44,48,44,48,2564200
7/15/2025,NRCA,450,525,450,525,48765000
7/15/2025,NSSS,350,354,338,344,2207000
7/15/2025,NTBK,50,50,50,50,34900
7/15/2025,NUSA,0,0,0,0,0
7/15/2025,NZIA,89,89,86,86,3087600
7/15/2025,OASA,169,176,165,176,267936800
7/15/2025,OBAT,358,362,348,358,2445100
7/15/2025,OBAT-W,46,48,42,46,2876400
7/15/2025,OBMD,198,198,194,197,211500
7/15/2025,OCAP,0,0,0,0,0
7/15/2025,OILS,106,110,104,105,2750000
7/15/2025,OKAS,143,150,143,146,1475400
7/15/2025,OLIV,20,21,19,20,1731300
7/15/2025,OMED,177,179,176,176,718300
7/15/2025,OMRE,474,474,428,472,4000
7/15/2025,OPMS,70,73,68,71,6399600
7/15/2025,PACK,3920,4000,3550,3900,8311400
7/15/2025,PADA,15,15,15,15,1741100
7/15/2025,PADI,34,34,33,33,973600
7/15/2025,PALM,342,352,340,352,147500
7/15/2025,PAMG,83,105,80,92,445700400
7/15/2025,PANI,14600,14700,14075,14525,12203300
7/15/2025,PANIHDCZ5A,218,218,206,218,1185400
7/15/2025,PANR,1060,1070,1050,1070,9560400
7/15/2025,PANS,1455,1455,1430,1445,139500
7/15/2025,PART,119,119,111,118,24858900
7/15/2025,PART-W,19,20,18,19,7236400
7/15/2025,PBID,505,510,500,500,169700
7/15/2025,PBRX,20,20,20,20,4645500
7/15/2025,PBSA,364,366,356,364,443100
7/15/2025,PCAR,28,28,27,27,1335800
7/15/2025,PDES,446,448,446,446,1200
7/15/2025,PDPP,515,515,496,500,396900
7/15/2025,PEGE,110,110,104,107,2835600
7/15/2025,PEHA,320,322,318,318,66400
7/15/2025,PEVE,328,338,318,334,480500
7/15/2025,PGAS,1585,1600,1560,1565,30626100
7/15/2025,PGASBQCU5A,0,0,0,0,0
7/15/2025,PGASBQCZ5A,0,0,0,0,0
7/15/2025,PGASDRCG6A,61,63,61,63,200
7/15/2025,PGASDRCN5A,30,30,30,30,100
7/15/2025,PGASDRCQ5A,23,25,23,24,6400
7/15/2025,PGASHDCQ5A,0,0,0,0,0
7/15/2025,PGASYUCQ5A,62,62,62,62,100
7/15/2025,PGEO,1510,1645,1500,1635,262154300
7/15/2025,PGEODRCN5A,77,115,77,108,2199100
7/15/2025,PGEODRCQ5A,103,119,102,114,5552500
7/15/2025,PGEODRPV5A,36,36,33,33,3971200
7/15/2025,PGEOHDCQ5A,101,121,101,119,667100
7/15/2025,PGJO,0,0,0,0,0
7/15/2025,PGLI,127,145,126,136,1510700
7/15/2025,PGUN,560,560,540,560,39800
7/15/2025,PICO,128,131,127,129,372300
7/15/2025,PIPA,77,77,77,77,9793300
7/15/2025,PJAA,478,484,472,480,189600
7/15/2025,PKPK,650,650,595,600,358100
7/15/2025,PLAN,41,41,39,39,28300
7/15/2025,PLAS,0,0,0,0,0
7/15/2025,PLIN,0,0,0,0,0
7/15/2025,PMJS,128,130,126,126,153400
7/15/2025,PMMP,0,0,0,0,0
7/15/2025,PMUI,150,151,126,129,147366400
7/15/2025,PNBN,1130,1140,1120,1130,4762200
7/15/2025,PNBS,50,50,50,50,55200
7/15/2025,PNGO,1795,1805,1795,1805,2000
7/15/2025,PNIN,930,930,905,910,48900
7/15/2025,PNLF,256,258,254,258,39867400
7/15/2025,PNLFHDCZ5A,0,0,0,0,0
7/15/2025,PNLFYUCV5A,0,0,0,0,0
7/15/2025,PNLFZPCH6A,0,0,0,0,0
7/15/2025,PNSE,805,805,735,750,186200
7/15/2025,POLA,15,16,15,16,163300
7/15/2025,POLI,0,0,0,0,0
7/15/2025,POLL,0,0,0,0,0
7/15/2025,POLU,0,0,0,0,0
7/15/2025,POLY,18,19,18,19,158300
7/15/2025,POOL,0,0,0,0,0
7/15/2025,PORT,870,905,865,890,120500
7/15/2025,POSA,0,0,0,0,0
7/15/2025,POWR,690,695,685,695,1347700
7/15/2025,PPGL,97,98,97,97,591100
7/15/2025,PPRE,59,60,58,59,1364800
7/15/2025,PPRI,162,162,154,158,393800
7/15/2025,PPRO,0,0,0,0,0
7/15/2025,PRAS,0,0,0,0,0
7/15/2025,PRAY,610,610,605,605,10900
7/15/2025,PRDA,2770,2810,2770,2800,1404900
7/15/2025,PRIM,60,60,58,59,1392300
7/15/2025,PSAB,446,448,428,438,97840200
7/15/2025,PSAT,2890,3410,2550,2640,87639700
7/15/2025,PSDN,76,77,75,76,66000
7/15/2025,PSGO,172,172,167,167,333600
7/15/2025,PSKT,32,34,32,34,693600
7/15/2025,PSSI,346,346,338,344,192800
7/15/2025,PTBA,2490,2500,2450,2470,8920800
7/15/2025,PTBABQCV5A,0,0,0,0,0
7/15/2025,PTBADRCG6A,36,36,35,35,338800
7/15/2025,PTBADRCN5A,7,7,6,6,85000
7/15/2025,PTBADRCQ5A,22,22,22,22,100
7/15/2025,PTBAHDCQ5A,0,0,0,0,0
7/15/2025,PTBAZPCH6A,0,0,0,0,0
7/15/2025,PTDU,0,0,0,0,0
7/15/2025,PTIS,390,406,332,344,786800
7/15/2025,PTMP,94,97,90,92,34505300
7/15/2025,PTMR,0,0,0,0,0
7/15/2025,PTPP,420,420,408,420,27068300
7/15/2025,PTPS,90,91,88,88,15757300
7/15/2025,PTPW,920,930,920,925,23800
7/15/2025,PTRO,3970,4450,3700,3990,331523900
7/15/2025,PTSN,206,210,204,208,90700
7/15/2025,PTSP,945,945,890,930,35400
7/15/2025,PUDP,218,218,214,216,9700
7/15/2025,PURA,13,14,13,13,1747400
7/15/2025,PURE,0,0,0,0,0
7/15/2025,PURI,186,187,184,186,138300
7/15/2025,PWON,364,370,358,368,37455000
7/15/2025,PWONHDCZ5A,0,0,0,0,0
7/15/2025,PWONZPCH6A,0,0,0,0,0
7/15/2025,PYFA,256,266,250,252,76509200
7/15/2025,PYFA-W,112,112,73,78,1010400
7/15/2025,PZZA,166,169,164,166,613900
7/15/2025,R-ABFII,0,0,0,0,0
7/15/2025,R-LQ45X,954,954,950,954,6500
7/15/2025,RAAM,266,266,258,258,8318100
7/15/2025,RAFI,0,0,0,0,0
7/15/2025,RAJA,2680,2740,2600,2640,64314400
7/15/2025,RALS,400,402,396,400,2920900
7/15/2025,RANC,418,418,416,418,12000
7/15/2025,RATU,7525,7950,7375,7700,17424700
7/15/2025,RBMS,24,25,24,25,1500
7/15/2025,RCCC,109,111,107,107,180300
7/15/2025,RDTX,12300,12650,12300,12350,800
7/15/2025,REAL,47,48,46,47,5400200
7/15/2025,RELF,19,19,18,18,1118900
7/15/2025,RELI,456,476,442,446,3900
7/15/2025,RGAS,129,135,127,132,33776800
7/15/2025,RICY,38,38,37,37,11300
7/15/2025,RIGS,780,780,760,770,37600
7/15/2025,RIMO,0,0,0,0,0
7/15/2025,RISE,1045,1045,1045,1045,422600
7/15/2025,RMKE,515,520,510,510,908500
7/15/2025,RMKO,100,100,98,100,337300
7/15/2025,ROCK,0,0,0,0,0
7/15/2025,RODA,38,38,37,37,35300
7/15/2025,RONY,0,0,0,0,0
7/15/2025,ROTI,820,820,810,820,248900
7/15/2025,RSCH,454,466,448,458,3901800
7/15/2025,RSGK,0,0,0,0,0
7/15/2025,RUIS,183,190,183,188,1153400
7/15/2025,RUNS,49,54,49,50,122400
7/15/2025,SAFE,220,234,220,224,501800
7/15/2025,SAGE,13,13,12,13,2865500
7/15/2025,SAME,246,248,244,246,1103100
7/15/2025,SAMF,334,338,332,336,146600
7/15/2025,SAPX,318,324,306,312,518100
7/15/2025,SATU,240,248,232,236,4323000
7/15/2025,SBAT,0,0,0,0,0
7/15/2025,SBMA,118,120,116,119,510400
7/15/2025,SCCO,2090,2250,2090,2160,65000
7/15/2025,SCMA,156,162,154,162,84993100
7/15/2025,SCMABQCZ5A,0,0,0,0,0
7/15/2025,SCMAHDCZ5A,0,0,0,0,0
7/15/2025,SCMAZPCG6A,46,48,46,48,56400
7/15/2025,SCNP,155,161,152,157,88600
7/15/2025,SCPI,0,0,0,0,0
7/15/2025,SDMU,37,37,37,37,5960100
7/15/2025,SDPC,126,135,126,128,581500
7/15/2025,SDRA,300,302,298,300,226000
7/15/2025,SEMA,85,86,82,84,926000
7/15/2025,SFAN,1910,1915,1910,1910,115400
7/15/2025,SGER,328,330,324,330,608100
7/15/2025,SGRO,2610,2650,2550,2590,300300
7/15/2025,SHID,1015,1180,975,1000,264900
7/15/2025,SHIP,3190,3190,3060,3120,79500
7/15/2025,SICO,109,109,106,106,2526700
7/15/2025,SIDO,515,515,505,515,16985800
7/15/2025,SILO,2200,2210,2160,2180,914600
7/15/2025,SIMA,0,0,0,0,0
7/15/2025,SIMP,520,525,505,525,8862800
7/15/2025,SINI,3690,3690,3570,3570,30900
7/15/2025,SIPD,0,0,0,0,0
7/15/2025,SKBM,358,358,350,350,8800
7/15/2025,SKLT,192,192,189,192,26600
7/15/2025,SKRN,442,442,428,430,125700
7/15/2025,SKYB,0,0,0,0,0
7/15/2025,SLIS,50,50,50,50,12600
7/15/2025,SLIS-W,6,7,6,7,4119000
7/15/2025,SMAR,3510,3510,3460,3460,4600
7/15/2025,SMBR,280,284,262,280,59746100
7/15/2025,SMCB,0,0,0,0,0
7/15/2025,SMDM,855,895,830,875,177600
7/15/2025,SMDR,322,328,310,328,22117800
7/15/2025,SMGA,79,80,78,79,23068800
7/15/2025,SMGR,2730,2780,2690,2730,3104200
7/15/2025,SMGRBQCU5A,24,25,24,25,290200
7/15/2025,SMGRBQCZ5A,59,59,59,59,100
7/15/2025,SMGRDRCN5A,0,0,0,0,0
7/15/2025,SMGRDRCQ5A,0,0,0,0,0
7/15/2025,SMGRDRCV5A,62,62,62,62,5000
7/15/2025,SMGRHDCZ5A,0,0,0,0,0
7/15/2025,SMIL,240,244,236,238,63755300
7/15/2025,SMKL,157,159,156,159,206400
7/15/2025,SMKM,73,77,71,74,7218800
7/15/2025,SMLE,125,127,123,125,1248200
7/15/2025,SMMA,15775,15775,15775,15775,1100
7/15/2025,SMMT,850,850,840,840,121500
7/15/2025,SMRA,374,398,370,398,77983900
7/15/2025,SMRAHDCZ5A,125,125,125,125,160700
7/15/2025,SMRAZPCH6A,49,49,49,49,144400
7/15/2025,SMRU,0,0,0,0,0
7/15/2025,SMSM,1920,1925,1890,1890,396500
7/15/2025,SNLK,525,535,520,535,8578600
7/15/2025,SOCI,172,172,168,172,1930000
7/15/2025,SOFA,47,47,45,46,4891000
7/15/2025,SOHO,690,690,670,670,1800
7/15/2025,SOLA,120,122,115,121,22628200
7/15/2025,SONA,3300,3300,3260,3300,12200
7/15/2025,SOSS,428,430,424,430,1100
7/15/2025,SOTS,286,286,270,280,8400
7/15/2025,SOUL,36,37,35,36,974600
7/15/2025,SPMA,262,262,260,260,195600
7/15/2025,SPRE,72,78,72,75,1204100
7/15/2025,SPTO,660,665,655,655,172600
7/15/2025,SQMI,0,0,0,0,0
7/15/2025,SRAJ,4300,4500,4300,4420,1769400
7/15/2025,SRIL,0,0,0,0,0
7/15/2025,SRSN,50,50,50,50,82100
7/15/2025,SRTG,1605,1715,1595,1690,8274600
7/15/2025,SRTGZPCG6A,0,0,0,0,0
7/15/2025,SSIA,2380,2790,2380,2740,189486000
7/15/2025,SSMS,1385,1395,1360,1370,7945400
7/15/2025,SSTM,166,166,162,165,12200
7/15/2025,STAA,795,800,780,800,14322200
7/15/2025,STAR,32,32,30,31,177000
7/15/2025,STRK,78,81,74,76,49329500
7/15/2025,STTP,10150,10700,10150,10500,1300
7/15/2025,SUGI,0,0,0,0,0
7/15/2025,SULI,107,107,103,104,491800
7/15/2025,SUNI,795,795,775,785,334400
7/15/2025,SUPR,0,0,0,0,0
7/15/2025,SURE,2330,2700,2330,2690,64000
7/15/2025,SURI,89,95,86,95,84459600
7/15/2025,SWAT,0,0,0,0,0
7/15/2025,SWID,59,62,59,61,516500
7/15/2025,TALF,290,300,282,294,14200
7/15/2025,TAMA,24,25,24,25,668100
7/15/2025,TAMU,14,14,14,14,5006800
7/15/2025,TAPG,1125,1220,1110,1175,36369000
7/15/2025,TAPGZPCH6A,58,58,52,52,1235400
7/15/2025,TARA,9,10,9,10,1267600
7/15/2025,TAXI,6,7,6,7,8371300
7/15/2025,TAYS,50,50,50,50,9400
7/15/2025,TBIG,1995,2000,1990,1995,94600
7/15/2025,TBLA,810,835,800,830,8563100
7/15/2025,TBMS,1050,1095,1025,1050,300300
7/15/2025,TCID,2370,2450,2370,2370,5200
7/15/2025,TCPI,5500,5625,5350,5500,11273300
7/15/2025,TDPM,0,0,0,0,0
7/15/2025,TEBE,700,715,685,705,1089000
7/15/2025,TECH,0,0,0,0,0
7/15/2025,TELE,0,0,0,0,0
7/15/2025,TFAS,135,137,132,135,161000
7/15/2025,TFCO,0,0,0,0,0
7/15/2025,TGKA,6075,6075,6025,6025,300
7/15/2025,TGRA,0,0,0,0,0
7/15/2025,TGUK,0,0,0,0,0
7/15/2025,TIFA,700,700,700,700,100
7/15/2025,TINS,1030,1030,1015,1025,8989700
7/15/2025,TIRA,1715,1810,1700,1800,24900
7/15/2025,TIRT,0,0,0,0,0
7/15/2025,TKIM,5550,5550,5425,5500,803300
7/15/2025,TKIMZPCG6A,57,57,57,57,1000000
7/15/2025,TLDN,575,580,565,580,244700
7/15/2025,TLKM,2690,2690,2640,2640,35309100
7/15/2025,TLKMBQCQ5A,39,39,39,39,5200
7/15/2025,TLKMBQCV5A,0,0,0,0,0
7/15/2025,TLKMDRCQ5A,31,31,31,31,20100
7/15/2025,TLKMDRCQ5B,71,71,71,71,10100
7/15/2025,TLKMDRCX6A,0,0,0,0,0
7/15/2025,TLKMHDCQ5A,34,34,34,34,100
7/15/2025,TLKMHDCV5A,204,204,204,204,100
7/15/2025,TLKMYUCQ5A,68,68,68,68,100
7/15/2025,TLKMZPCF6A,0,0,0,0,0
7/15/2025,TMAS,130,132,129,130,1722500
7/15/2025,TMPO,147,158,143,148,4815100
7/15/2025,TNCA,144,149,142,145,403900
7/15/2025,TOBA,780,815,765,785,114562500
7/15/2025,TOOL,50,55,50,51,32562700
7/15/2025,TOPS,0,0,0,0,0
7/15/2025,TOSK,50,50,50,50,29200
7/15/2025,TOTL,695,700,685,700,658500
7/15/2025,TOTO,226,228,224,228,255200
7/15/2025,TOWR,560,595,550,585,101540300
7/15/2025,TOYS,0,0,0,0,0
7/15/2025,TPIA,10025,10050,9750,9750,19978500
7/15/2025,TPMA,585,590,580,585,5168900
7/15/2025,TRAM,0,0,0,0,0
7/15/2025,TRGU,178,179,177,178,294400
7/15/2025,TRIL,0,0,0,0,0
7/15/2025,TRIM,348,348,346,348,24100
7/15/2025,TRIN,103,113,100,102,801300
7/15/2025,TRIN-W2,0,0,0,0,0
7/15/2025,TRIO,0,0,0,0,0
7/15/2025,TRIS,173,175,158,175,346100
7/15/2025,TRJA,139,139,135,135,564700
7/15/2025,TRON,103,103,99,101,734100
7/15/2025,TRST,492,494,474,484,7200
7/15/2025,TRUE,17,17,16,17,472600
7/15/2025,TRUK,138,140,138,139,415400
7/15/2025,TRUS,444,458,430,430,24600
7/15/2025,TSPC,2310,2330,2290,2330,1143400
7/15/2025,TUGU,980,980,960,970,1727700
7/15/2025,TYRE,132,134,129,129,115500
7/15/2025,UANG,214,214,206,210,484100
7/15/2025,UCID,500,505,498,498,216000
7/15/2025,UDNG,1060,1060,1060,1060,82000
7/15/2025,UFOE,179,179,176,178,83100
7/15/2025,ULTJ,1325,1330,1310,1320,2004100
7/15/2025,UNIC,7775,7950,7775,7825,3900
7/15/2025,UNIQ,388,398,382,382,29901600
7/15/2025,UNIT,0,0,0,0,0
7/15/2025,UNSP,121,121,121,121,486400
7/15/2025,UNTD,82,83,78,78,7969800
7/15/2025,UNTR,22600,22600,22450,22600,2514400
7/15/2025,UNTRBQCV5A,0,0,0,0,0
7/15/2025,UNTRDRCG6A,109,109,109,109,10000
7/15/2025,UNTRDRCN5A,0,0,0,0,0
7/15/2025,UNTRDRCQ5A,28,28,27,27,127100
7/15/2025,UNTRHDCQ5A,0,0,0,0,0
7/15/2025,UNVR,1575,1580,1545,1570,9128300
7/15/2025,UNVRBQCQ5A,16,18,12,15,16274000
7/15/2025,UNVRBQCU5A,30,31,27,28,4324200
7/15/2025,UNVRBQCZ5A,0,0,0,0,0
7/15/2025,UNVRDRCG6A,0,0,0,0,0
7/15/2025,UNVRDRCN5A,13,14,13,14,80700
7/15/2025,UNVRDRCQ5A,5,5,5,5,490000
7/15/2025,UNVRHDCQ5A,0,0,0,0,0
7/15/2025,UNVRZPCH6A,0,0,0,0,0
7/15/2025,URBN,127,131,126,126,21400
7/15/2025,UVCR,76,76,72,73,3570100
7/15/2025,VAST,138,163,137,150,21997300
7/15/2025,VAST-W,14,16,13,13,23472600
7/15/2025,VERN,118,124,116,122,2413500
7/15/2025,VERN-W,4,4,3,3,5064900
7/15/2025,VICI,640,645,615,640,502200
7/15/2025,VICO,159,162,155,159,462100
7/15/2025,VINS,110,113,109,111,565600
7/15/2025,VISI,153,153,146,146,2074600
7/15/2025,VIVA,13,13,13,13,4552500
7/15/2025,VKTR,84,84,80,83,16723400
7/15/2025,VOKS,195,206,191,192,312100
7/15/2025,VRNA,73,74,73,74,234100
7/15/2025,VTNY,113,113,110,112,6849100
7/15/2025,WAPO,154,162,150,152,8026900
7/15/2025,WEGE,50,50,50,50,320900
7/15/2025,WEHA,115,115,110,111,3325400
7/15/2025,WGSH,173,173,169,170,357000
7/15/2025,WICO,0,0,0,0,0
7/15/2025,WIDI,19,21,18,20,14884400
7/15/2025,WIFI,2040,2340,2020,2110,417939900
7/15/2025,WIIM,830,830,805,815,636900
7/15/2025,WIKA,0,0,0,0,0
7/15/2025,WINE,236,240,230,236,146400
7/15/2025,WINR,27,27,26,26,1351500
7/15/2025,WINS,390,400,384,388,5243900
7/15/2025,WIRG,89,95,89,90,707972300
7/15/2025,WMPP,0,0,0,0,0
7/15/2025,WMUU,13,13,13,13,20436800
7/15/2025,WOMF,348,348,344,346,55000
7/15/2025,WOOD,396,396,378,380,7677800
7/15/2025,WOWS,58,58,57,57,1158000
7/15/2025,WSBP,13,13,12,12,4294900
7/15/2025,WSKT,0,0,0,0,0
7/15/2025,WTON,98,99,95,97,12714200
7/15/2025,XAQA,0,0,0,0,0
7/15/2025,XBES,1024,1024,1024,1024,10000
7/15/2025,XBID,492,496,492,496,40100
7/15/2025,XBIG,0,0,0,0,0
7/15/2025,XBIN,557,557,555,555,40100
7/15/2025,XBLQ,0,0,0,0,0
7/15/2025,XBNI,987,1003,987,1003,800
7/15/2025,XBSK,430,430,430,430,40000
7/15/2025,XCEG,100,100,100,100,100
7/15/2025,XCID,57,60,57,58,2400
7/15/2025,XCIS,0,0,0,0,0
7/15/2025,XCLQ,84,84,84,84,300
7/15/2025,XDIF,0,0,0,0,0
7/15/2025,XIFE,104,104,104,104,100
7/15/2025,XIHD,604,604,604,604,1800
7/15/2025,XIIC,0,0,0,0,0
7/15/2025,XIID,0,0,0,0,0
7/15/2025,XIIF,455,455,455,455,1100
7/15/2025,XIIT,498,499,493,499,56700
7/15/2025,XIJI,595,595,590,590,6100
7/15/2025,XILV,0,0,0,0,0
7/15/2025,XIML,0,0,0,0,0
7/15/2025,XIPB,197,197,197,197,100
7/15/2025,XIPI,211,211,211,211,1000
7/15/2025,XISB,0,0,0,0,0
7/15/2025,XISC,0,0,0,0,0
7/15/2025,XISI,323,323,323,323,200
7/15/2025,XISR,424,424,424,424,800
7/15/2025,XKID,922,922,922,922,100
7/15/2025,XKIV,532,533,532,533,40100
7/15/2025,XKMS,1126,1138,1125,1138,200100
7/15/2025,XMGB,1098,1098,1098,1098,300
7/15/2025,XMIG,209,209,208,208,800
7/15/2025,XMLF,855,861,855,861,41200
7/15/2025,XMSK,370,370,370,370,100
7/15/2025,XNVE,0,0,0,0,0
7/15/2025,XPDV,577,577,576,576,3700
7/15/2025,XPFT,0,0,0,0,0
7/15/2025,XPIN,602,607,601,607,37100
7/15/2025,XPLQ,468,474,468,474,500
7/15/2025,XPSG,0,0,0,0,0
7/15/2025,XPTD,426,426,426,426,100
7/15/2025,XSBC,27,33,26,27,70200
7/15/2025,XSPI,0,0,0,0,0
7/15/2025,XSSI,52,52,51,52,1800
7/15/2025,XSSK,668,668,668,668,20000
7/15/2025,YELO,19,19,19,19,745100
7/15/2025,YOII,95,95,91,92,3081600
7/15/2025,YPAS,322,322,322,322,8100
7/15/2025,YULE,2700,2700,2700,2700,100
7/15/2025,YUPI,1875,1885,1830,1845,102600
7/15/2025,ZATA,9,9,9,9,6050100
7/15/2025,ZBRA,0,0,0,0,0
7/15/2025,ZINC,13,13,13,13,446400
7/15/2025,ZONE,805,810,805,805,260100
7/15/2025,ZYRX,136,138,133,134,1476500
