<date>,<ticker>,<open>,<high>,<low>,<close>,<volume>
10/29/2025,IHSG,8107.380,8169.140,8042.630,8166.224,26740881600
10/29/2025,AADI,8150,8375,8025,8350,21347600
10/29/2025,AADIDRCN6A,96,103,95,103,1558100
10/29/2025,AADIHDCK6A,99,107,99,107,1716200
10/29/2025,AADIYUCK6A,332,332,332,332,100
10/29/2025,AALI,7875,7900,7800,7900,1059200
10/29/2025,ABBA,60,60,60,60,1947500
10/29/2025,ABDA,2560,2560,2560,2560,100
10/29/2025,ABMM,2900,3020,2860,3010,3803500
10/29/2025,ACES,454,464,452,460,100680100
10/29/2025,ACESBQCX5B,4,5,4,5,3207600
10/29/2025,ACESBQCZ5A,15,17,14,16,296100
10/29/2025,ACESDRCJ6A,13,14,12,13,4904900
10/29/2025,ACESHDCZ5A,21,21,21,21,100
10/29/2025,ACESZPCJ6A,20,21,20,21,250100
10/29/2025,ACRO,87,92,86,89,32579300
10/29/2025,ACRO-W,9,9,8,9,7277200
10/29/2025,ACST,135,137,134,136,2075500
10/29/2025,ADCP,56,57,55,55,7742500
10/29/2025,ADES,15725,15800,15000,15775,46400
10/29/2025,ADHI,270,270,262,266,10383700
10/29/2025,ADMF,8675,8725,8675,8700,57900
10/29/2025,ADMG,145,149,141,141,1133400
10/29/2025,ADMR,1430,1520,1390,1495,170320200
10/29/2025,ADMRDRCJ6A,76,88,72,85,12222600
10/29/2025,ADMRHDCJ6A,113,136,113,132,1975900
10/29/2025,ADMRZPCH6A,100,112,96,112,115200
10/29/2025,ADRO,1785,1945,1775,1935,465423400
10/29/2025,ADROBQCG6A,66,79,66,79,2460400
10/29/2025,ADROBQCZ5A,8,10,8,9,3009800
10/29/2025,ADRODRCJ6A,53,66,53,66,12351600
10/29/2025,ADRODRCX5A,35,45,35,44,19942600
10/29/2025,ADROHDCZ5A,43,56,43,56,677500
10/29/2025,ADROHDPH6A,90,90,80,80,87700
10/29/2025,ADROYUCZ5A,47,62,47,60,34800
10/29/2025,ADROZPCF6A,26,30,26,28,296900
10/29/2025,ADROZPCK6A,51,63,51,59,1460100
10/29/2025,AEGS,64,64,60,64,30642100
10/29/2025,AGAR,224,242,224,242,64800
10/29/2025,AGII,1500,1500,1350,1360,1685700
10/29/2025,AGRO,230,236,224,234,23189700
10/29/2025,AGRS,70,71,69,70,1353700
10/29/2025,AHAP,91,91,89,89,12626100
10/29/2025,AIMS,434,434,390,392,1869600
10/29/2025,AISA,142,143,140,141,4844400
10/29/2025,AKKU,34,34,34,34,482000
10/29/2025,AKPI,570,590,570,570,5700
10/29/2025,AKRA,1200,1240,1200,1220,41887600
10/29/2025,AKRABQCX5B,17,18,17,18,900
10/29/2025,AKRADRCX5A,23,24,21,23,1409900
10/29/2025,AKRAHDCH6A,0,0,0,0,0
10/29/2025,AKRAZPCJ6A,0,0,0,0,0
10/29/2025,AKRAZPCM6A,37,37,36,36,300
10/29/2025,AKRAZPCX5A,52,53,52,53,200
10/29/2025,AKSI,404,426,388,392,858300
10/29/2025,ALDO,494,500,494,498,17200
10/29/2025,ALII,600,600,555,575,5919800
10/29/2025,ALKA,358,366,348,362,37100
10/29/2025,ALMI,0,0,0,0,0
10/29/2025,ALTO,0,0,0,0,0
10/29/2025,AMAG,368,376,368,374,168300
10/29/2025,AMAN,154,156,149,149,1734300
10/29/2025,AMAR,224,228,220,228,1307900
10/29/2025,AMFG,3640,3700,3570,3650,2300
10/29/2025,AMIN,248,258,236,256,632900
10/29/2025,AMMN,6900,7125,6875,7025,22636000
10/29/2025,AMMNBQCZ5A,10,11,9,10,8329400
10/29/2025,AMMNDRCJ6A,39,42,38,41,381300
10/29/2025,AMMNHDCH6A,59,64,59,64,31400
10/29/2025,AMMNZPCG6A,23,25,23,25,2111700
10/29/2025,AMMS,490,494,406,492,25348500
10/29/2025,AMOR,428,428,416,418,482800
10/29/2025,AMRT,2080,2080,1990,2010,82846400
10/29/2025,AMRTBQCH6A,24,24,23,23,1847000
10/29/2025,AMRTDRCZ5A,21,21,18,20,1698500
10/29/2025,AMRTHDCJ6A,16,16,12,13,12986000
10/29/2025,AMRTZPCK6A,21,21,19,20,3537100
10/29/2025,AMRTZPCX5A,26,26,25,25,700
10/29/2025,ANDI,23,23,23,23,8420000
10/29/2025,ANJT,2090,2150,2090,2100,227200
10/29/2025,ANTM,3110,3220,3110,3200,91690700
10/29/2025,ANTMBQCX5A,31,37,31,37,7472300
10/29/2025,ANTMBQCZ5A,0,0,0,0,0
10/29/2025,ANTMDRCG6A,40,42,40,42,31900
10/29/2025,ANTMDRCG6B,55,59,55,58,2226100
10/29/2025,ANTMDRCX5A,318,318,318,318,400
10/29/2025,ANTMDRPZ5A,0,0,0,0,0
10/29/2025,ANTMHDCH6A,75,78,75,76,514400
10/29/2025,ANTMHDCH6B,119,120,119,120,3603000
10/29/2025,ANTMHDPH6A,61,61,61,61,5200
10/29/2025,ANTMZPCJ6A,66,74,66,73,2858100
10/29/2025,ANTMZPCK6A,26,30,26,29,412500
10/29/2025,ANTMZPCX5A,0,0,0,0,0
10/29/2025,APEX,132,133,129,130,16601600
10/29/2025,APIC,1100,1130,1100,1125,5078500
10/29/2025,APII,187,187,181,184,35300
10/29/2025,APLI,466,482,448,474,67500
10/29/2025,APLN,99,101,98,100,7830900
10/29/2025,ARCI,1130,1240,1130,1235,171319100
10/29/2025,AREA,540,540,520,535,1927300
10/29/2025,ARGO,1015,1040,1015,1020,12100
10/29/2025,ARII,310,318,290,298,2777100
10/29/2025,ARKA,28,30,28,30,3399900
10/29/2025,ARKO,1410,1510,1370,1475,1226200
10/29/2025,ARMY,0,0,0,0,0
10/29/2025,ARNA,540,550,525,550,10767000
10/29/2025,ARTA,3110,3190,3010,3170,2100
10/29/2025,ARTI,0,0,0,0,0
10/29/2025,ARTO,2320,2380,2200,2360,30868100
10/29/2025,ARTOBQCX5B,0,0,0,0,0
10/29/2025,ARTOBQCZ5A,14,16,10,14,17779300
10/29/2025,ARTODRCK6A,73,85,73,85,11400
10/29/2025,ARTODRCX5A,54,61,54,59,2215100
10/29/2025,ARTOHDCN6A,71,75,63,75,385400
10/29/2025,ARTOHDCZ5A,0,0,0,0,0
10/29/2025,ARTOZPCK6A,49,55,47,55,1036800
10/29/2025,ARTOZPCX5A,0,0,0,0,0
10/29/2025,ASBI,476,500,462,496,28100
10/29/2025,ASDM,570,580,565,575,17500
10/29/2025,ASGR,1205,1255,1180,1210,2220000
10/29/2025,ASHA,66,66,62,63,6373400
10/29/2025,ASII,6250,6500,6225,6475,39818900
10/29/2025,ASIIBQCZ5A,148,155,146,155,400
10/29/2025,ASIIDRCX5A,0,0,0,0,0
10/29/2025,ASIIDRCX6A,0,0,0,0,0
10/29/2025,ASIIHDCZ5A,0,0,0,0,0
10/29/2025,ASIIZPCJ6A,148,160,148,160,36500
10/29/2025,ASIIZPCM6A,40,44,39,43,430100
10/29/2025,ASJT,134,137,126,133,1556700
10/29/2025,ASLC,100,102,97,98,79586200
10/29/2025,ASLI,176,180,176,180,65078400
10/29/2025,ASMI,27,27,26,26,743200
10/29/2025,ASPI,965,965,965,965,862800
10/29/2025,ASPR,100,101,98,99,2381700
10/29/2025,ASRI,165,168,163,167,17551300
10/29/2025,ASRM,378,378,340,350,797600
10/29/2025,ASSA,1115,1115,1050,1095,10284700
10/29/2025,ATAP,101,101,93,98,179700
10/29/2025,ATIC,440,444,430,432,267900
10/29/2025,ATLA,69,71,67,67,144456600
10/29/2025,AUTO,2470,2520,2460,2490,4826500
10/29/2025,AUTODRCV6A,0,0,0,0,0
10/29/2025,AUTOHDCN6A,36,38,36,37,350200
10/29/2025,AUTOZPCJ6A,42,42,40,40,32200
10/29/2025,AVIA,412,414,410,412,8360800
10/29/2025,AVIADRCV6A,0,0,0,0,0
10/29/2025,AVIAHDCN6A,32,32,32,32,31500
10/29/2025,AVIAZPCJ6A,15,15,15,15,12900
10/29/2025,AWAN,244,250,234,240,20878400
10/29/2025,AXIO,124,125,123,125,251500
10/29/2025,AYAM,177,179,175,179,77454700
10/29/2025,AYLS,0,0,0,0,0
10/29/2025,BABP,54,56,53,54,29568800
10/29/2025,BABY,478,555,478,505,27153200
10/29/2025,BACA,140,141,137,140,679800
10/29/2025,BAIK,95,101,95,100,1204900
10/29/2025,BAIK-W,9,10,9,10,846700
10/29/2025,BAJA,154,157,151,152,1362300
10/29/2025,BALI,1270,1270,1225,1225,10000
10/29/2025,BANK,835,860,830,860,8953100
10/29/2025,BANK-W,0,0,0,0,0
10/29/2025,BAPA,69,69,65,66,5515000
10/29/2025,BAPI,21,21,21,21,2235700
10/29/2025,BATA,55,60,55,59,6311900
10/29/2025,BATR,107,108,106,107,663900
10/29/2025,BAUT,44,44,41,41,2954800
10/29/2025,BAYU,1335,1355,1320,1340,572900
10/29/2025,BBCA,8300,8600,8275,8600,239156800
10/29/2025,BBCABQCG6A,78,89,78,89,3295400
10/29/2025,BBCABQCX5A,10,10,8,9,3768800
10/29/2025,BBCADRCF6A,32,39,31,38,12473500
10/29/2025,BBCADRCX6A,4060,4090,4060,4090,200
10/29/2025,BBCAHDCQ7A,65,73,65,73,865400
10/29/2025,BBCAYUCK6A,194,206,194,206,4000
10/29/2025,BBCAZPCF6A,22,26,20,26,8382200
10/29/2025,BBCAZPCH6A,80,90,80,90,1236300
10/29/2025,BBHI,1500,1550,1460,1490,989000
10/29/2025,BBKP,69,69,68,68,112201400
10/29/2025,BBLD,925,925,885,885,4200
10/29/2025,BBMD,2140,2140,2100,2100,1500
10/29/2025,BBNI,4380,4440,4320,4440,71743700
10/29/2025,BBNIBQCG6A,72,72,72,72,15000
10/29/2025,BBNIDRCX6A,2440,2440,2440,2440,100
10/29/2025,BBNIDRCZ5A,47,49,47,49,56800
10/29/2025,BBNIDRPZ5A,43,43,43,43,70000
10/29/2025,BBNIHDCQ7A,88,89,88,89,12200
10/29/2025,BBNIZPCH6A,91,96,90,96,9900
10/29/2025,BBNIZPCX5A,0,0,0,0,0
10/29/2025,BBRI,3830,3890,3790,3890,215008600
10/29/2025,BBRIBQCJ6A,48,48,48,48,100
10/29/2025,BBRIBQCZ5A,26,27,26,27,92300
10/29/2025,BBRIDRCG6A,74,79,74,79,85700
10/29/2025,BBRIDRCN6A,95,100,95,100,50300
10/29/2025,BBRIDRCX5A,77,84,77,84,4646300
10/29/2025,BBRIDRCX6A,2130,2130,2130,2130,100
10/29/2025,BBRIDRPZ5A,46,46,44,44,245100
10/29/2025,BBRIHDCH6A,0,0,0,0,0
10/29/2025,BBRIHDCQ7A,76,80,76,80,9400
10/29/2025,BBRIZPCH6A,71,74,70,74,28600
10/29/2025,BBRIZPCX5A,45,45,45,45,150000
10/29/2025,BBRM,86,88,85,85,2712800
10/29/2025,BBSI,3990,4100,3900,4000,4200
10/29/2025,BBSS,430,430,380,380,829900
10/29/2025,BBTN,1200,1240,1200,1235,47563700
10/29/2025,BBTNDRCV6A,0,0,0,0,0
10/29/2025,BBTNHDCZ5A,70,78,70,78,3500
10/29/2025,BBTNYUCZ5A,58,58,58,58,100
10/29/2025,BBTNZPCG6A,35,39,35,39,2900
10/29/2025,BBYB,388,398,374,394,122751600
10/29/2025,BCAP,54,55,53,55,20123400
10/29/2025,BCIC,151,152,142,142,675800
10/29/2025,BCIP,106,108,105,108,41312100
10/29/2025,BDKR,171,177,169,175,42097200
10/29/2025,BDMN,2450,2470,2420,2450,2305800
10/29/2025,BEBS,0,0,0,0,0
10/29/2025,BEEF,470,510,466,472,16623800
10/29/2025,BEER,118,122,116,118,1754900
10/29/2025,BEKS,26,27,26,27,6389000
10/29/2025,BELI,378,380,376,380,686100
10/29/2025,BELL,68,68,64,64,17821400
10/29/2025,BESS,1550,1675,1550,1560,80200
10/29/2025,BEST,107,108,106,106,5620200
10/29/2025,BFIN,795,795,780,790,36470600
10/29/2025,BFINDRCK6A,0,0,0,0,0
10/29/2025,BFINHDCM6A,0,0,0,0,0
10/29/2025,BFINZPCM6A,21,21,20,20,95100
10/29/2025,BGTG,113,115,111,114,16167100
10/29/2025,BHAT,915,935,915,935,1583100
10/29/2025,BHIT,33,33,33,33,14234500
10/29/2025,BIKA,0,0,0,0,0
10/29/2025,BIKE,910,920,900,915,7938500
10/29/2025,BIMA,70,75,70,74,75100
10/29/2025,BINA,4330,4490,4320,4490,42700
10/29/2025,BINO,131,132,129,130,56800
10/29/2025,BIPI,84,84,81,82,427884200
10/29/2025,BIPP,43,43,42,42,188800
10/29/2025,BIRD,1800,1935,1800,1850,12062100
10/29/2025,BISI,885,890,875,880,366900
10/29/2025,BJBR,790,800,785,800,4161400
10/29/2025,BJTM,520,535,520,530,15366200
10/29/2025,BKDP,40,40,38,39,492900
10/29/2025,BKSL,125,125,117,118,463924000
10/29/2025,BKSW,63,64,62,64,1492400
10/29/2025,BLES,166,166,161,164,4331800
10/29/2025,BLOG,505,510,500,500,2267100
10/29/2025,BLTA,32,33,32,32,1356300
10/29/2025,BLTZ,0,0,0,0,0
10/29/2025,BLUE,0,0,0,0,0
10/29/2025,BMAS,705,705,660,690,4300
10/29/2025,BMBL,44,44,42,43,6168400
10/29/2025,BMHS,156,159,154,156,3988100
10/29/2025,BMRI,4500,4650,4490,4650,176978800
10/29/2025,BMRIBQCJ6A,0,0,0,0,0
10/29/2025,BMRIBQCZ5A,9,11,9,11,7025400
10/29/2025,BMRIDRCG6A,92,104,92,104,444700
10/29/2025,BMRIDRCX5A,25,27,25,27,130400
10/29/2025,BMRIDRCX6A,2080,2170,2080,2170,3300
10/29/2025,BMRIHDCQ7A,77,83,76,83,432500
10/29/2025,BMRIYUCK6A,113,115,113,115,200
10/29/2025,BMRIZPCH6A,45,47,45,47,1244000
10/29/2025,BMRIZPCX5A,13,16,12,16,405600
10/29/2025,BMSR,318,318,300,308,62400
10/29/2025,BMTR,145,146,143,144,29329900
10/29/2025,BNBA,615,620,600,615,568400
10/29/2025,BNBR,42,42,41,41,12510700
10/29/2025,BNGA,1700,1715,1700,1715,1325800
10/29/2025,BNGADRCK6A,0,0,0,0,0
10/29/2025,BNGAZPCH6A,0,0,0,0,0
10/29/2025,BNII,202,204,200,204,2736000
10/29/2025,BNLI,5425,5425,5250,5350,79400
10/29/2025,BOAT,123,128,122,126,9166900
10/29/2025,BOBA,202,214,202,202,419200
10/29/2025,BOGA,494,494,492,492,65700
10/29/2025,BOLA,185,185,179,181,1564200
10/29/2025,BOLT,1090,1095,1065,1090,15900
10/29/2025,BOSS,0,0,0,0,0
10/29/2025,BPFI,330,330,324,324,3800
10/29/2025,BPII,550,550,545,545,101500
10/29/2025,BPTR,95,95,89,93,702800
10/29/2025,BRAM,5050,5200,4920,5200,4200
10/29/2025,BREN,8975,9000,8675,8750,20629000
10/29/2025,BRIS,2580,2620,2570,2600,17255600
10/29/2025,BRISBQCZ5A,26,27,26,27,8500
10/29/2025,BRISDRCJ6A,36,36,36,36,30000
10/29/2025,BRISHDCH6A,0,0,0,0,0
10/29/2025,BRISHDCZ5A,0,0,0,0,0
10/29/2025,BRISZPCG6A,36,36,36,36,30000
10/29/2025,BRMS,870,930,865,930,623647500
10/29/2025,BRMSBQCZ5A,224,224,222,222,1600
10/29/2025,BRMSDRCG6A,34,43,34,43,3408800
10/29/2025,BRMSDRCJ6A,149,159,147,159,154400
10/29/2025,BRMSDRPX5A,2,2,1,2,5704600
10/29/2025,BRMSHDCH6A,258,258,258,258,100
10/29/2025,BRMSHDCZ5A,0,0,0,0,0
10/29/2025,BRMSZPCG6A,240,254,240,254,24100
10/29/2025,BRNA,700,715,700,700,4400
10/29/2025,BRPT,3430,3570,3360,3560,96277800
10/29/2025,BRPTBQCV5A,0,0,0,0,0
10/29/2025,BRPTBQCX5B,216,306,210,302,59600
10/29/2025,BRPTBQCZ5A,0,0,0,0,0
10/29/2025,BRPTDRCF6A,368,368,368,368,20000
10/29/2025,BRPTDRCJ6A,202,214,197,214,5300
10/29/2025,BRPTDRCX5A,0,0,0,0,0
10/29/2025,BRPTHDCH6A,290,318,290,318,6960200
10/29/2025,BRPTHDCH6B,0,0,0,0,0
10/29/2025,BRPTHDPG6A,87,87,77,77,334100
10/29/2025,BRPTYUCZ5A,226,226,226,226,2000000
10/29/2025,BRPTZPCF6A,0,0,0,0,0
10/29/2025,BRPTZPCK6A,76,80,75,80,999500
10/29/2025,BRPTZPCX5A,540,540,540,540,1400
10/29/2025,BRRC,152,162,138,144,156026200
10/29/2025,BRRC-W,28,32,25,27,85318800
10/29/2025,BSBK,70,72,69,70,39700000
10/29/2025,BSDE,965,985,950,975,14125300
10/29/2025,BSDEBQCK6A,31,32,31,32,3180700
10/29/2025,BSDEDRCG6A,0,0,0,0,0
10/29/2025,BSDEDRCJ6A,30,32,30,32,300200
10/29/2025,BSDEHDCM6A,0,0,0,0,0
10/29/2025,BSDEZPCH6A,44,44,43,44,540400
10/29/2025,BSIM,865,870,860,870,5500
10/29/2025,BSML,163,165,162,163,33158900
10/29/2025,BSSR,4000,4020,3990,4010,638500
10/29/2025,BSWD,1000,1000,1000,1000,100
10/29/2025,BTEK,14,14,14,14,249636800
10/29/2025,BTEL,0,0,0,0,0
10/29/2025,BTON,388,392,378,388,61100
10/29/2025,BTPN,2160,2220,2160,2170,16000
10/29/2025,BTPS,1400,1430,1380,1415,15047000
10/29/2025,BTPSDRCK6A,40,41,40,41,85000
10/29/2025,BTPSHDCJ6A,62,62,61,61,600
10/29/2025,BTPSZPCH6A,33,33,33,33,15000
10/29/2025,BUAH,730,760,720,750,3190700
10/29/2025,BUDI,218,218,212,212,120400
10/29/2025,BUKA,179,184,167,168,1114652700
10/29/2025,BUKABQCZ5B,16,18,13,13,29673400
10/29/2025,BUKADRCK6A,17,19,15,15,15257900
10/29/2025,BUKAHDCZ5A,128,128,102,102,1100200
10/29/2025,BUKAZPCM6A,44,45,39,39,747300
10/29/2025,BUKK,915,980,915,965,246400
10/29/2025,BULL,212,212,212,212,34403300
10/29/2025,BUMI,143,145,138,139,2230281600
10/29/2025,BUVA,725,855,715,820,319738700
10/29/2025,BVIC,103,103,97,101,7521000
10/29/2025,BVIC-W,23,23,22,22,97800
10/29/2025,BWPT,139,144,139,140,73890600
10/29/2025,BYAN,18075,18100,17700,18000,72100
10/29/2025,CAKK,180,180,174,176,339200
10/29/2025,CAMP,216,218,212,216,1487000
10/29/2025,CANI,46,46,46,46,184600
10/29/2025,CARE,308,314,304,312,17415100
10/29/2025,CARS,133,133,130,131,16947000
10/29/2025,CASA,1070,1100,1070,1095,4643800
10/29/2025,CASH,102,102,94,97,985500
10/29/2025,CASS,2980,3000,2760,2790,699400
10/29/2025,CBDK,5875,6025,5825,5975,3333700
10/29/2025,CBMF,0,0,0,0,0
10/29/2025,CBPE,250,308,250,268,15276100
10/29/2025,CBRE,1250,1400,1250,1315,59790400
10/29/2025,CBUT,1315,1375,1295,1330,38100
10/29/2025,CCSI,360,366,350,362,285800
10/29/2025,CDIA,1755,1780,1710,1755,92706800
10/29/2025,CEKA,2530,2530,2490,2490,32100
10/29/2025,CENT,139,141,136,139,13351300
10/29/2025,CFIN,316,318,314,318,942100
10/29/2025,CGAS,146,148,144,148,5857500
10/29/2025,CHEK,184,188,182,186,6302000
10/29/2025,CHEM,90,90,89,90,1103700
10/29/2025,CHIP,1340,1345,1210,1280,262600
10/29/2025,CINT,153,154,149,152,234400
10/29/2025,CITA,5175,5400,5100,5275,827100
10/29/2025,CITY,172,212,167,175,42637500
10/29/2025,CLAY,3080,3080,2770,3030,137500
10/29/2025,CLEO,535,535,530,530,6057400
10/29/2025,CLPI,1310,1310,1295,1300,31600
10/29/2025,CMNP,1295,1305,1285,1295,180600
10/29/2025,CMNP-W,290,302,290,302,16600
10/29/2025,CMNT,765,765,750,760,14287500
10/29/2025,CMPP,98,98,96,96,75000
10/29/2025,CMRY,5250,5375,5200,5275,2208300
10/29/2025,CMRYDRCK6A,96,96,96,96,400
10/29/2025,CMRYHDCN6A,71,71,71,71,1500
10/29/2025,CMRYZPCJ6A,0,0,0,0,0
10/29/2025,CNKO,77,77,77,77,34935700
10/29/2025,CNMA,116,120,115,117,50140600
10/29/2025,CNTB,0,0,0,0,0
10/29/2025,CNTX,0,0,0,0,0
10/29/2025,COAL,55,55,54,54,9275000
10/29/2025,COCO,416,520,414,420,1312773000
10/29/2025,COIN,2250,2330,2100,2280,55350700
10/29/2025,COWL,0,0,0,0,0
10/29/2025,CPIN,5050,5125,4990,5050,5793000
10/29/2025,CPINDRCG6A,80,80,80,80,100
10/29/2025,CPINHDCN6A,85,85,83,83,13200
10/29/2025,CPINZPCJ6A,0,0,0,0,0
10/29/2025,CPRI,0,0,0,0,0
10/29/2025,CPRO,61,64,60,62,221437200
10/29/2025,CRAB,292,294,288,288,2218400
10/29/2025,CRSN,111,117,109,110,549100
10/29/2025,CSAP,332,332,324,332,212800
10/29/2025,CSIS,228,230,218,226,1926500
10/29/2025,CSMI,280,286,248,254,15214700
10/29/2025,CSRA,910,930,860,865,6059200
10/29/2025,CTBN,5250,5250,5225,5225,3800
10/29/2025,CTRA,895,905,880,900,28162600
10/29/2025,CTRADRCJ6A,0,0,0,0,0
10/29/2025,CTRAHDCK6A,0,0,0,0,0
10/29/2025,CTRAYUCZ5A,30,30,29,29,178000
10/29/2025,CTRAZPCG6A,22,22,22,22,3600
10/29/2025,CTTH,87,87,85,85,4489300
10/29/2025,CUAN,2010,2060,1965,2010,80839500
10/29/2025,CYBR,1330,1375,1295,1365,17980900
10/29/2025,CYBR-W,930,995,905,970,16000
10/29/2025,DAAZ,2660,2700,2610,2640,105800
10/29/2025,DADA,50,50,50,50,6424100
10/29/2025,DART,165,165,157,163,138900
10/29/2025,DATA,5475,5575,5200,5450,3213600
10/29/2025,DAYA,1195,1200,1180,1200,9800
10/29/2025,DCII,270000,270025,265000,265550,2500
10/29/2025,DEAL,0,0,0,0,0
10/29/2025,DEFI,0,0,0,0,0
10/29/2025,DEPO,288,300,270,282,379900
10/29/2025,DEWA,310,316,304,308,215079000
10/29/2025,DEWI,111,113,110,113,41894600
10/29/2025,DFAM,75,75,72,74,2704200
10/29/2025,DGIK,98,102,97,100,2568000
10/29/2025,DGNS,149,149,143,148,839000
10/29/2025,DGWG,408,432,400,418,17829800
10/29/2025,DIGI,33,36,33,36,1690700
10/29/2025,DILD,134,135,132,133,6038700
10/29/2025,DIVA,222,222,197,199,6069300
10/29/2025,DKFT,755,795,750,785,35520900
10/29/2025,DKHH,86,88,83,85,5524600
10/29/2025,DKHH-W,17,18,16,17,2217400
10/29/2025,DLTA,2020,2110,2020,2050,63900
10/29/2025,DMAS,133,134,132,133,58939700
10/29/2025,DMMX,390,398,388,398,916400
10/29/2025,DMND,590,600,590,595,54000
10/29/2025,DNAR,123,123,119,119,2770900
10/29/2025,DNET,9175,9175,8700,9075,27300
10/29/2025,DOID,328,340,328,336,5928800
10/29/2025,DOOH,135,136,133,133,39239800
10/29/2025,DOSS,149,150,146,146,3060900
10/29/2025,DPNS,312,318,298,306,84400
10/29/2025,DPUM,61,62,55,59,1034400
10/29/2025,DRMA,1100,1115,1085,1090,1627800
10/29/2025,DSFI,87,89,85,85,7095100
10/29/2025,DSNG,1640,1750,1640,1750,35689300
10/29/2025,DSNGDRCK6A,81,84,81,83,14800
10/29/2025,DSNGHDCK6A,91,102,91,102,37500
10/29/2025,DSNGZPCM6A,50,51,50,51,1100
10/29/2025,DSSA,85000,85000,79000,81400,1418600
10/29/2025,DUCK,0,0,0,0,0
10/29/2025,DUTI,4230,4330,4230,4330,6600
10/29/2025,DVLA,1705,1710,1670,1705,243500
10/29/2025,DWGL,296,296,296,296,38049100
10/29/2025,DYAN,90,91,89,89,1926000
10/29/2025,EAST,93,93,92,92,1187800
10/29/2025,ECII,180,181,178,179,396000
10/29/2025,EDGE,4480,4480,4300,4420,55200
10/29/2025,EKAD,183,184,181,184,155300
10/29/2025,ELIT,177,182,177,181,3912100
10/29/2025,ELPI,462,472,460,468,2069700
10/29/2025,ELSA,505,515,500,510,40353100
10/29/2025,ELSADRCG6A,28,28,26,26,4000300
10/29/2025,ELSADRCJ6A,32,34,32,34,63200
10/29/2025,ELSAHDCK6A,0,0,0,0,0
10/29/2025,ELSAZPCG6A,31,32,31,31,85500
10/29/2025,ELTY,21,21,20,20,46331600
10/29/2025,EMAS,4100,4220,4070,4160,26192900
10/29/2025,EMDE,95,96,94,94,621900
10/29/2025,EMTK,1180,1190,1115,1150,96268500
10/29/2025,EMTKBQCH6A,26,26,22,24,33300
10/29/2025,EMTKBQCZ5A,0,0,0,0,0
10/29/2025,EMTKDRCK6A,49,50,45,50,1473000
10/29/2025,EMTKHDCK6A,58,58,58,58,1000100
10/29/2025,EMTKHDCZ5A,0,0,0,0,0
10/29/2025,EMTKZPCH6A,145,145,132,140,42100
10/29/2025,EMTKZPCM6A,40,40,38,40,36800
10/29/2025,ENAK,695,700,675,700,537800
10/29/2025,ENRG,835,860,820,830,93726200
10/29/2025,ENRGBQCZ5A,61,61,60,60,55000
10/29/2025,ENRGDRCG6A,24,25,22,22,657100
10/29/2025,ENRGDRCJ6A,144,144,144,144,2000000
10/29/2025,ENRGHDCK6A,0,0,0,0,0
10/29/2025,ENRGHDCZ5A,0,0,0,0,0
10/29/2025,ENRGZPCG6A,328,328,328,328,500
10/29/2025,ENRGZPCK6A,41,42,39,39,25400
10/29/2025,ENVY,0,0,0,0,0
10/29/2025,ENZO,40,40,40,40,1302700
10/29/2025,EPAC,24,24,22,22,5900700
10/29/2025,EPMT,2320,2350,2300,2320,95100
10/29/2025,ERAA,424,440,422,434,77138000
10/29/2025,ERAABQCZ5A,8,9,8,9,408800
10/29/2025,ERAADRCJ6A,8,9,7,8,53343200
10/29/2025,ERAAHDCZ5A,16,16,16,16,100
10/29/2025,ERAAZPCH6A,16,17,16,17,51100
10/29/2025,ERAL,298,304,296,304,7087000
10/29/2025,ERTX,174,178,169,173,957200
10/29/2025,ESIP,109,112,109,111,2240400
10/29/2025,ESSA,595,615,590,610,34479200
10/29/2025,ESSABQCZ5A,23,25,23,25,4000300
10/29/2025,ESSADRCN6A,30,30,30,30,100000
10/29/2025,ESSAHDCH6A,46,46,46,46,2000
10/29/2025,ESSAYUCZ5A,28,28,28,28,100
10/29/2025,ESSAZPCK6A,15,16,15,16,7900
10/29/2025,ESTA,198,198,198,198,6703500
10/29/2025,ESTI,123,131,123,129,1354200
10/29/2025,ETWA,0,0,0,0,0
10/29/2025,EURO,386,400,350,360,377900
10/29/2025,EXCL,2410,2580,2410,2550,12085900
10/29/2025,EXCLHDCJ6A,17,17,17,17,8500
10/29/2025,EXCLZPCF6A,55,55,46,47,1500200
10/29/2025,EXCLZPCM6A,27,27,27,27,35000
10/29/2025,FAPA,6225,6250,6225,6250,5600
10/29/2025,FAST,645,675,610,625,37484700
10/29/2025,FASW,0,0,0,0,0
10/29/2025,FILM,5475,5525,5150,5375,8294700
10/29/2025,FIMP,0,0,0,0,0
10/29/2025,FIRE,84,86,83,86,5967500
10/29/2025,FISH,1690,2160,1690,2160,698800
10/29/2025,FITT,1030,1095,995,1020,348600
10/29/2025,FLMC,190,192,171,185,5142800
10/29/2025,FMII,366,366,358,358,14700
10/29/2025,FOLK,250,252,226,252,15688900
10/29/2025,FOOD,374,374,374,374,256600
10/29/2025,FORE,540,545,530,535,7113000
10/29/2025,FORU,1155,1195,1130,1150,156200
10/29/2025,FPNI,193,193,190,191,739700
10/29/2025,FUJI,800,825,695,775,14356600
10/29/2025,FUTR,680,725,675,690,99899600
10/29/2025,FWCT,148,150,145,148,3715600
10/29/2025,GAMA,0,0,0,0,0
10/29/2025,GDST,115,115,113,114,1063600
10/29/2025,GDYR,1090,1115,1090,1100,23000
10/29/2025,GEMA,93,94,87,90,11085900
10/29/2025,GEMS,8900,8950,8900,8900,69900
10/29/2025,GGRM,14200,14900,13775,14900,5097100
10/29/2025,GGRMZPCG6A,140,159,132,154,3799500
10/29/2025,GGRP,216,222,214,220,215900
10/29/2025,GHON,1670,1690,1665,1680,4100
10/29/2025,GIAA,105,108,105,108,44952500
10/29/2025,GJTL,1055,1065,1050,1050,6021500
10/29/2025,GJTLZPCJ6A,22,23,22,23,771100
10/29/2025,GLOB,0,0,0,0,0
10/29/2025,GLVA,350,350,342,342,3300
10/29/2025,GMFI,99,99,99,99,8250200
10/29/2025,GMTD,2130,2130,2130,2130,600
10/29/2025,GOLD,280,304,280,286,489700
10/29/2025,GOLF,202,204,197,200,1169500
10/29/2025,GOLL,0,0,0,0,0
10/29/2025,GOOD,360,366,356,362,1301200
10/29/2025,GOTO,55,56,55,56,924175800
10/29/2025,GOTOBQCJ6A,8,8,7,7,546300
10/29/2025,GOTOBQCZ5A,3,3,2,3,27644200
10/29/2025,GOTODRCG6A,7,7,6,7,2138200
10/29/2025,GOTOHDCK6A,14,14,14,14,2500
10/29/2025,GOTOM,0,0,0,0,0
10/29/2025,GOTOZPCH6A,21,21,21,21,800
10/29/2025,GOTOZPCK6A,0,0,0,0,0
10/29/2025,GPRA,126,133,121,129,28734000
10/29/2025,GPSO,810,845,780,785,3746000
10/29/2025,GRIA,124,124,102,103,49161000
10/29/2025,GRPH,68,68,64,65,6863600
10/29/2025,GRPM,62,63,61,62,902400
10/29/2025,GRPM-W,16,16,15,15,744400
10/29/2025,GSMF,87,87,85,87,891500
10/29/2025,GTBO,208,208,200,206,314100
10/29/2025,GTRA,326,326,274,300,3830600
10/29/2025,GTSI,135,139,129,130,354913500
10/29/2025,GULA,404,498,380,428,16679700
10/29/2025,GUNA,266,276,266,272,4304200
10/29/2025,GWSA,145,146,141,142,126800
10/29/2025,GZCO,272,296,272,278,153462100
10/29/2025,HADE,23,24,23,24,2917500
10/29/2025,HAIS,214,216,208,210,2150700
10/29/2025,HAJJ,115,118,113,116,10145300
10/29/2025,HAJJ-W,15,15,13,14,6108100
10/29/2025,HALO,124,124,115,115,39160900
10/29/2025,HALO-W,15,16,13,15,15911000
10/29/2025,HATM,278,278,270,274,23189700
10/29/2025,HBAT,191,202,186,198,5227300
10/29/2025,HDFA,161,163,154,157,62500
10/29/2025,HDIT,52,52,51,51,7111400
10/29/2025,HEAL,1505,1515,1490,1490,12241100
10/29/2025,HEALBQCZ5A,17,17,17,17,54900
10/29/2025,HEALDRCJ6A,31,31,31,31,100
10/29/2025,HEALHDCH6A,0,0,0,0,0
10/29/2025,HEALYUCZ5A,0,0,0,0,0
10/29/2025,HEALZPCH6A,0,0,0,0,0
10/29/2025,HELI,300,302,258,260,25164100
10/29/2025,HERO,600,600,570,570,57800
10/29/2025,HEXA,4640,4690,4630,4670,138900
10/29/2025,HGII,156,160,153,160,8489200
10/29/2025,HILL,158,161,154,161,1256800
10/29/2025,HITS,0,0,0,0,0
10/29/2025,HKMU,0,0,0,0,0
10/29/2025,HMSP,810,830,790,820,71670100
10/29/2025,HOKI,76,76,73,75,54046100
10/29/2025,HOME,0,0,0,0,0
10/29/2025,HOMI,500,500,392,412,4488800
10/29/2025,HOPE,120,122,118,118,5140500
10/29/2025,HOTL,0,0,0,0,0
10/29/2025,HRME,39,42,39,42,79200
10/29/2025,HRTA,1195,1295,1195,1295,56946700
10/29/2025,HRUM,1095,1175,1095,1175,45259000
10/29/2025,HRUMDRCN6A,44,52,44,51,5445200
10/29/2025,HRUMHDCK6A,52,65,52,65,3597400
10/29/2025,HRUMZPCG6A,68,69,68,69,70400
10/29/2025,HRUMZPCM6A,40,40,40,40,21000
10/29/2025,HUMI,130,133,127,128,63537400
10/29/2025,HUMI-W,21,21,20,20,2686300
10/29/2025,HYGN,164,165,159,164,714200
10/29/2025,IATA,70,70,68,69,11260400
10/29/2025,IATA-W,0,0,0,0,0
10/29/2025,IBFN,53,53,49,49,1630100
10/29/2025,IBOS,51,53,51,52,3439400
10/29/2025,IBST,5500,5500,5500,5500,200
10/29/2025,ICBP,8800,8825,8650,8700,16526500
10/29/2025,ICBPDRCX6A,3330,3330,3330,3330,3400
10/29/2025,ICBPHDCJ6A,25,25,25,25,55800
10/29/2025,ICBPZPCX5A,7,7,4,5,964500
10/29/2025,ICON,48,48,48,48,67300
10/29/2025,IDEA,70,72,69,70,1707100
10/29/2025,IDPR,390,390,318,318,3203300
10/29/2025,IFII,226,230,224,228,308200
10/29/2025,IFSH,810,825,770,810,39700
10/29/2025,IGAR,500,505,500,500,16400
10/29/2025,IIKP,0,0,0,0,0
10/29/2025,IKAI,13,15,13,14,52732500
10/29/2025,IKAN,126,126,115,115,55454300
10/29/2025,IKBI,560,560,525,555,349700
10/29/2025,IKPM,230,232,226,232,1078600
10/29/2025,IMAS,1115,1125,1100,1120,87000
10/29/2025,IMJS,230,236,228,234,5887300
10/29/2025,IMPC,2430,2450,2310,2310,33334300
10/29/2025,INAF,0,0,0,0,0
10/29/2025,INAI,149,159,149,154,805300
10/29/2025,INCF,44,44,43,43,1909200
10/29/2025,INCI,625,630,610,625,79000
10/29/2025,INCO,4450,4540,4430,4540,9784400
10/29/2025,INCOBQCF6A,0,0,0,0,0
10/29/2025,INCOBQCJ6A,61,61,61,61,100
10/29/2025,INCODRCG6A,98,100,95,100,350500
10/29/2025,INCODRCK6A,103,103,103,103,100
10/29/2025,INCODRCX5A,135,135,135,135,100
10/29/2025,INCOHDCJ6A,0,0,0,0,0
10/29/2025,INCOYUCZ5A,128,128,128,128,100
10/29/2025,INCOZPCK6A,60,60,60,60,338800
10/29/2025,INCOZPCX5A,208,208,208,208,100
10/29/2025,INDF,7450,7450,7325,7425,5612700
10/29/2025,INDFDRCX6A,3770,3770,3720,3720,800
10/29/2025,INDFHDCJ6A,20,20,20,20,600100
10/29/2025,INDO,236,236,230,232,8018800
10/29/2025,INDR,3300,3300,3280,3280,5800
10/29/2025,INDS,230,230,224,224,262400
10/29/2025,INDX,162,185,158,164,22344800
10/29/2025,INDY,2030,2140,2010,2130,31181000
10/29/2025,INDYDRCN6A,97,102,93,102,2672800
10/29/2025,INDYHDCJ6A,212,212,210,212,24000
10/29/2025,INDYZPCG6A,103,115,103,115,55700
10/29/2025,INET,282,286,276,280,99767600
10/29/2025,INET-W,188,193,187,187,1872900
10/29/2025,INKP,7825,7875,7750,7775,3614900
10/29/2025,INKPBQCX5A,0,0,0,0,0
10/29/2025,INKPDRCF6A,177,180,177,180,3000
10/29/2025,INKPDRCG6A,72,72,72,72,14000
10/29/2025,INKPHDCK6A,122,122,122,122,100
10/29/2025,INKPZPCF6A,0,0,0,0,0
10/29/2025,INKPZPCK6A,34,34,34,34,1700
10/29/2025,INOV,97,130,96,130,60984900
10/29/2025,INPC,154,156,152,155,3475100
10/29/2025,INPP,690,705,670,695,568900
10/29/2025,INPS,146,148,146,148,365200
10/29/2025,INRU,710,725,705,715,14300
10/29/2025,INTA,41,43,41,43,754600
10/29/2025,INTD,212,228,208,220,237700
10/29/2025,INTP,6325,6475,6325,6325,518500
10/29/2025,INTPDRCN6A,0,0,0,0,0
10/29/2025,INTPHDCM6A,53,53,53,53,39400
10/29/2025,INTPZPCG6A,0,0,0,0,0
10/29/2025,INTPZPCM6A,0,0,0,0,0
10/29/2025,IOTF,88,88,85,86,21153700
10/29/2025,IPAC,418,418,380,418,625600
10/29/2025,IPCC,1220,1220,1170,1185,3327300
10/29/2025,IPCM,338,338,322,322,4178800
10/29/2025,IPOL,139,140,136,139,83300
10/29/2025,IPPE,0,0,0,0,0
10/29/2025,IPTV,38,39,38,39,9080400
10/29/2025,IRRA,464,466,444,450,1176600
10/29/2025,IRSX,220,228,210,210,4758100
10/29/2025,ISAP,33,33,31,32,29556600
10/29/2025,ISAP-W,17,17,15,16,27657900
10/29/2025,ISAT,1950,1950,1900,1905,9337200
10/29/2025,ISATBQCJ6A,0,0,0,0,0
10/29/2025,ISATDRCG6A,38,38,38,38,226300
10/29/2025,ISATDRCX5A,30,31,30,31,600
10/29/2025,ISATHDCJ6A,15,15,13,14,8000500
10/29/2025,ISATZPCF6A,0,0,0,0,0
10/29/2025,ISEA,85,87,84,86,3664700
10/29/2025,ISSP,426,446,416,430,3412300
10/29/2025,ITIC,382,390,360,380,7509800
10/29/2025,ITMA,1450,1460,1305,1440,1769500
10/29/2025,ITMG,22800,22975,22750,22975,749300
10/29/2025,ITMGDRCV6A,147,147,147,147,800
10/29/2025,ITMGHDCJ6A,141,145,141,145,45700
10/29/2025,ITMGZPCJ6A,61,61,61,61,1000
10/29/2025,JARR,3900,4110,3810,3830,22747700
10/29/2025,JAST,87,105,87,92,60079700
10/29/2025,JATI,111,112,107,110,1877600
10/29/2025,JAWA,160,162,157,158,2634900
10/29/2025,JAYA,109,109,107,108,2483400
10/29/2025,JECC,1145,1175,1100,1160,270000
10/29/2025,JGLE,20,20,18,19,158839100
10/29/2025,JIHD,570,590,565,575,448500
10/29/2025,JKON,85,87,84,84,4521600
10/29/2025,JMAS,164,173,163,166,6105700
10/29/2025,JPFA,2710,2730,2680,2710,12616700
10/29/2025,JPFABQCZ5A,0,0,0,0,0
10/29/2025,JPFADRCJ6A,163,164,161,161,80500
10/29/2025,JPFAHDCZ5A,0,0,0,0,0
10/29/2025,JPFAZPCG6A,0,0,0,0,0
10/29/2025,JRPT,860,860,855,860,621300
10/29/2025,JSKY,0,0,0,0,0
10/29/2025,JSMR,3840,3840,3780,3790,4340700
10/29/2025,JSMRDRCK6A,76,77,76,77,354200
10/29/2025,JSMRHDCH6A,0,0,0,0,0
10/29/2025,JSMRZPCG6A,0,0,0,0,0
10/29/2025,JSPT,3510,3510,3420,3450,3400
10/29/2025,JTPE,340,342,338,342,905500
10/29/2025,KAEF,625,630,600,610,1781000
10/29/2025,KAQI,67,67,65,66,8248900
10/29/2025,KARW,560,560,560,560,1856700
10/29/2025,KAYU,0,0,0,0,0
10/29/2025,KBAG,44,44,44,44,3173700
10/29/2025,KBLI,322,322,318,322,251200
10/29/2025,KBLM,368,368,360,364,83100
10/29/2025,KBLV,204,204,193,198,24898000
10/29/2025,KBRI,0,0,0,0,0
10/29/2025,KDSI,470,474,464,464,39400
10/29/2025,KDTN,133,179,114,148,34556500
10/29/2025,KEEN,975,1010,970,1000,5544500
10/29/2025,KEJU,765,780,750,750,1051600
10/29/2025,KETR,600,610,575,580,6872300
10/29/2025,KIAS,0,0,0,0,0
10/29/2025,KICI,210,210,191,200,566400
10/29/2025,KIJA,186,186,183,185,15214400
10/29/2025,KING,206,212,206,210,1059500
10/29/2025,KING-W,12,13,12,13,1668700
10/29/2025,KINO,1280,1300,1250,1275,39100
10/29/2025,KIOS,73,73,67,69,36994700
10/29/2025,KJEN,202,202,189,191,2609100
10/29/2025,KKES,28,28,27,27,1356400
10/29/2025,KKGI,330,348,328,332,19483600
10/29/2025,KLAS,135,137,131,132,6464800
10/29/2025,KLBF,1335,1340,1310,1325,49672400
10/29/2025,KLBFBQCJ6A,0,0,0,0,0
10/29/2025,KLBFDRCG6A,22,26,21,24,1058700
10/29/2025,KLBFHDCK6A,0,0,0,0,0
10/29/2025,KLBFZPCF6A,23,23,22,22,4000
10/29/2025,KLBFZPCJ6A,30,30,30,30,28900
10/29/2025,KLIN,175,182,175,182,56800
10/29/2025,KMDS,710,745,705,730,421000
10/29/2025,KMTR,282,282,266,274,1091200
10/29/2025,KOBX,150,171,148,163,14732000
10/29/2025,KOCI,88,94,86,90,15288900
10/29/2025,KOCI-W,17,17,15,16,3803400
10/29/2025,KOIN,77,77,70,70,605800
10/29/2025,KOKA,0,0,0,0,0
10/29/2025,KONI,0,0,0,0,0
10/29/2025,KOPI,302,316,300,312,166200
10/29/2025,KOTA,31,31,31,31,1913500
10/29/2025,KPIG,146,147,142,145,93969900
10/29/2025,KRAS,342,344,320,332,37052500
10/29/2025,KREN,16,16,15,15,43254800
10/29/2025,KRYA,202,202,184,186,20537900
10/29/2025,KSIX,266,322,264,306,9014700
10/29/2025,KUAS,65,70,64,68,16043000
10/29/2025,LABA,308,322,262,262,114003100
10/29/2025,LABS,142,143,141,142,1691800
10/29/2025,LAJU,66,81,66,70,296803000
10/29/2025,LAND,35,35,34,34,310700
10/29/2025,LAPD,218,220,216,220,4286900
10/29/2025,LCGP,0,0,0,0,0
10/29/2025,LCKM,216,220,206,212,14500
10/29/2025,LEAD,84,84,81,81,12634200
10/29/2025,LFLO,550,570,492,535,77200
10/29/2025,LIFE,8850,9250,8825,8850,5800
10/29/2025,LINK,2690,2690,2690,2690,27000
10/29/2025,LION,430,440,420,424,323000
10/29/2025,LIVE,180,182,178,181,1060200
10/29/2025,LMAS,0,0,0,0,0
10/29/2025,LMAX,76,82,74,82,5555700
10/29/2025,LMPI,146,150,143,145,214000
10/29/2025,LMSH,0,0,0,0,0
10/29/2025,LOPI,100,103,96,99,5735300
10/29/2025,LPCK,620,630,595,630,1199400
10/29/2025,LPGI,790,790,765,785,147100
10/29/2025,LPIN,464,470,460,462,319300
10/29/2025,LPKR,87,88,86,88,57913400
10/29/2025,LPLI,625,625,535,535,1940500
10/29/2025,LPPF,1700,1725,1695,1705,2129400
10/29/2025,LPPS,112,136,112,116,17988500
10/29/2025,LRNA,181,188,178,179,640800
10/29/2025,LSIP,1390,1390,1370,1380,5243000
10/29/2025,LSIPDRCK6A,42,44,42,44,37200
10/29/2025,LSIPHDCJ6A,48,48,48,48,22000
10/29/2025,LSIPYUCZ5A,0,0,0,0,0
10/29/2025,LSIPZPCG6A,66,66,66,66,15500
10/29/2025,LTLS,855,865,845,865,393100
10/29/2025,LUCK,99,99,95,96,439200
10/29/2025,LUCY,98,100,98,99,28000
10/29/2025,MABA,0,0,0,0,0
10/29/2025,MAGP,0,0,0,0,0
10/29/2025,MAHA,139,142,138,142,5099900
10/29/2025,MAIN,910,930,885,900,6549100
10/29/2025,MANG,69,69,60,63,3511700
10/29/2025,MANG-W,22,23,21,22,7481400
10/29/2025,MAPA,720,750,715,735,67133100
10/29/2025,MAPABQCZ5A,22,25,22,25,261400
10/29/2025,MAPADRCJ6A,22,25,22,25,1916100
10/29/2025,MAPAHDCZ5A,32,35,32,35,500
10/29/2025,MAPAZPCH6A,41,42,41,42,13600
10/29/2025,MAPB,1575,1590,1565,1570,4800
10/29/2025,MAPI,1275,1305,1240,1290,39887500
10/29/2025,MAPIDRCX5A,14,15,11,15,5366600
10/29/2025,MAPIHDCK6A,81,86,79,86,5100
10/29/2025,MAPIZPCJ6A,55,57,52,57,35000
10/29/2025,MARI,36,36,35,35,5186300
10/29/2025,MARK,720,720,690,705,21736100
10/29/2025,MASA,0,0,0,0,0
10/29/2025,MASB,3350,3350,3350,3350,100
10/29/2025,MAXI,55,57,54,56,15401200
10/29/2025,MAYA,242,250,238,246,7126300
10/29/2025,MBAP,1615,1625,1600,1610,58200
10/29/2025,MBMA,635,655,615,640,187783700
10/29/2025,MBMABQCX5A,45,55,45,46,2108300
10/29/2025,MBMADRCG6A,34,34,29,32,20281500
10/29/2025,MBMADRCX5A,78,85,78,84,65500
10/29/2025,MBMADRPX5A,3,3,1,2,94460900
10/29/2025,MBMAHDCH6A,114,119,114,119,847200
10/29/2025,MBMAHDCN6A,89,89,89,89,1500
10/29/2025,MBMAYUCK6A,145,145,143,143,58000
10/29/2025,MBMAZPCK6A,38,41,37,40,1423500
10/29/2025,MBMAZPCX5A,0,0,0,0,0
10/29/2025,MBSS,1450,1480,1410,1430,1138800
10/29/2025,MBTO,266,266,236,236,14298000
10/29/2025,MCAS,840,850,780,800,694100
10/29/2025,MCOL,3790,3790,3700,3760,15000
10/29/2025,MCOR,73,74,71,72,7217700
10/29/2025,MDIA,34,34,33,34,1101700
10/29/2025,MDIY,1050,1060,1040,1055,449000
10/29/2025,MDKA,2200,2460,2200,2460,237569000
10/29/2025,MDKABQCX5B,9,20,9,20,34678400
10/29/2025,MDKADRCG6A,57,72,56,72,1436200
10/29/2025,MDKADRCK6A,58,68,58,68,597400
10/29/2025,MDKADRPX5A,10,11,10,10,6826800
10/29/2025,MDKAHDCN6A,72,72,70,72,32800
10/29/2025,MDKAHDCZ5A,79,108,79,108,2883100
10/29/2025,MDKAHDPH6A,105,105,103,103,1700
10/29/2025,MDKAHDPJ6A,55,55,52,52,34600
10/29/2025,MDKAYUCK6A,130,143,130,142,630200
10/29/2025,MDKAZPCF6A,49,63,49,63,5098600
10/29/2025,MDKI,188,188,185,186,836900
10/29/2025,MDLA,238,242,232,236,3836000
10/29/2025,MDLN,62,65,62,64,21020800
10/29/2025,MDRN,41,41,38,38,20952100
10/29/2025,MEDC,1310,1325,1300,1310,33148900
10/29/2025,MEDCBQCX5B,14,15,13,14,806700
10/29/2025,MEDCBQCZ5A,0,0,0,0,0
10/29/2025,MEDCDRCG6A,33,33,32,32,16000
10/29/2025,MEDCHDCH6A,88,88,88,88,2000
10/29/2025,MEDCZPCF6A,31,31,30,31,13000
10/29/2025,MEDS,69,69,65,65,12154300
10/29/2025,MEGA,3340,3340,3250,3260,5000
10/29/2025,MEJA,0,0,0,0,0
10/29/2025,MEJA-W,0,0,0,0,0
10/29/2025,MENN,0,0,0,0,0
10/29/2025,MERI,214,214,210,212,1649600
10/29/2025,MERK,2840,2890,2820,2870,23700
10/29/2025,META,0,0,0,0,0
10/29/2025,MFMI,0,0,0,0,0
10/29/2025,MGLV,454,454,454,454,373300
10/29/2025,MGNA,66,66,64,66,10827600
10/29/2025,MGNA-W,45,45,45,45,400
10/29/2025,MGRO,770,770,755,765,5700700
10/29/2025,MHKI,234,246,222,244,21988100
10/29/2025,MICE,700,745,690,690,1254300
10/29/2025,MIDI,410,424,406,418,13647600
10/29/2025,MIKA,2680,2690,2590,2630,6501000
10/29/2025,MIKADRCV6A,0,0,0,0,0
10/29/2025,MIKAHDCN6A,48,50,48,48,23900
10/29/2025,MIKAZPCG6A,0,0,0,0,0
10/29/2025,MINA,174,188,171,178,251304500
10/29/2025,MINE,505,505,494,498,1350900
10/29/2025,MIRA,26,26,26,26,7692600
10/29/2025,MITI,314,326,304,314,1607700
10/29/2025,MKAP,344,348,344,348,130100
10/29/2025,MKNT,0,0,0,0,0
10/29/2025,MKPI,23975,23975,23900,23900,6500
10/29/2025,MKTR,149,185,147,148,33132600
10/29/2025,MKTR-W,2,8,2,3,148655300
10/29/2025,MLBI,5900,6000,5900,5950,22600
10/29/2025,MLIA,344,346,344,344,2843600
10/29/2025,MLPL,134,135,128,131,81034100
10/29/2025,MLPT,85250,85250,79000,80000,39400
10/29/2025,MMIX,250,300,246,266,20528000
10/29/2025,MMLP,560,565,555,560,29000300
10/29/2025,MNCN,264,266,260,266,22118100
10/29/2025,MNCNDRCN6A,25,25,25,25,152500
10/29/2025,MNCNHDCM6A,0,0,0,0,0
10/29/2025,MNCNZPCM6A,13,13,12,12,387200
10/29/2025,MOLI,300,300,274,274,4481200
10/29/2025,MORA,0,0,0,0,0
10/29/2025,MPIX,64,68,63,65,38075300
10/29/2025,MPIX-W,9,10,9,10,1321900
10/29/2025,MPMX,970,980,960,965,6806200
10/29/2025,MPOW,111,116,107,113,2602400
10/29/2025,MPPA,63,65,62,65,18340300
10/29/2025,MPRO,6425,6600,6425,6600,1900
10/29/2025,MPXL,254,256,234,236,4539900
10/29/2025,MRAT,418,418,402,414,652600
10/29/2025,MREI,990,1000,960,990,104300
10/29/2025,MSIE,55,55,51,53,4493100
10/29/2025,MSIN,505,510,498,505,26471600
10/29/2025,MSJA,298,298,292,292,986300
10/29/2025,MSKY,81,82,80,80,3151400
10/29/2025,MSTI,1515,1520,1505,1510,2181800
10/29/2025,MTDL,600,610,595,605,9416500
10/29/2025,MTEL,580,595,570,570,16901800
10/29/2025,MTELDRCK6A,16,19,16,19,200
10/29/2025,MTELHDCM6A,22,22,21,21,4760400
10/29/2025,MTELZPCM6A,15,15,15,15,77100
10/29/2025,MTFN,14,14,14,14,89667900
10/29/2025,MTLA,434,438,430,438,7900
10/29/2025,MTMH,1135,1195,1110,1155,54300
10/29/2025,MTPS,86,86,86,86,9806200
10/29/2025,MTRA,0,0,0,0,0
10/29/2025,MTSM,0,0,0,0,0
10/29/2025,MTWI,332,340,332,338,52700
10/29/2025,MUTU,103,104,101,104,1971500
10/29/2025,MYOH,1625,1630,1615,1625,9800
10/29/2025,MYOR,2270,2370,2250,2350,14008100
10/29/2025,MYORDRCK6A,68,79,68,79,905700
10/29/2025,MYORHDCM6A,57,57,57,57,100
10/29/2025,MYORZPCH6A,39,39,39,39,2600
10/29/2025,MYTX,0,0,0,0,0
10/29/2025,NAIK,122,123,119,121,15070600
10/29/2025,NAIK-W,23,23,21,21,3299600
10/29/2025,NANO,50,59,50,59,35190800
10/29/2025,NASA,33,33,30,30,1544700
10/29/2025,NASI,98,99,96,98,2107200
10/29/2025,NATO,142,150,142,149,62900
10/29/2025,NAYZ,166,182,164,181,61880300
10/29/2025,NCKL,1305,1370,1265,1360,85199200
10/29/2025,NCKLBQCM6A,56,66,56,66,180300
10/29/2025,NCKLDRCK6A,70,74,69,74,838700
10/29/2025,NCKLHDCK6A,94,102,90,102,82000
10/29/2025,NCKLYUCZ5A,0,0,0,0,0
10/29/2025,NCKLZPCJ6A,99,99,99,99,100
10/29/2025,NCKLZPCM6A,44,52,44,52,3300
10/29/2025,NELY,362,366,344,348,1260000
10/29/2025,NEST,362,366,356,362,19980800
10/29/2025,NETV,107,108,105,106,1255000
10/29/2025,NFCX,1760,1890,1760,1800,295700
10/29/2025,NICE,432,432,424,428,4114500
10/29/2025,NICK,1315,1355,1230,1270,38900
10/29/2025,NICL,1035,1045,1020,1040,1656900
10/29/2025,NIKL,358,364,348,352,2003400
10/29/2025,NINE,0,0,0,0,0
10/29/2025,NIRO,276,306,268,278,6256800
10/29/2025,NISP,1350,1370,1350,1365,2982800
10/29/2025,NOBU,500,515,498,510,5741000
10/29/2025,NPGF,61,61,59,60,4651300
10/29/2025,NRCA,675,705,675,690,2834600
10/29/2025,NSSS,505,510,494,500,6020000
10/29/2025,NTBK,109,109,109,109,9753800
10/29/2025,NUSA,0,0,0,0,0
10/29/2025,NZIA,106,113,106,109,4198500
10/29/2025,OASA,218,232,204,214,379895400
10/29/2025,OBAT,535,540,456,456,22401400
10/29/2025,OBAT-W,181,181,91,91,34438300
10/29/2025,OBMD,250,260,248,254,604300
10/29/2025,OCAP,0,0,0,0,0
10/29/2025,OILS,210,218,202,206,4396100
10/29/2025,OKAS,155,155,152,153,5589800
10/29/2025,OLIV,121,126,116,116,27883000
10/29/2025,OMED,189,196,187,193,3295300
10/29/2025,OMRE,472,472,472,472,100
10/29/2025,OPMS,94,98,91,94,9882500
10/29/2025,PACK,2480,2540,2430,2500,1677000
10/29/2025,PADA,105,108,105,105,54967700
10/29/2025,PADI,76,76,75,75,6614500
10/29/2025,PALM,390,396,388,390,812500
10/29/2025,PAMG,64,66,62,64,5365900
10/29/2025,PANI,13525,14000,13375,14000,8903800
10/29/2025,PANIBQCZ5A,21,30,20,30,1241300
10/29/2025,PANIDRCG6A,60,68,60,67,1240500
10/29/2025,PANIHDCJ6A,92,98,89,98,1183200
10/29/2025,PANIHDCN6A,77,84,76,83,150300
10/29/2025,PANIHDCZ5A,0,0,0,0,0
10/29/2025,PANIZPCJ6A,55,61,54,59,7584700
10/29/2025,PANR,665,675,645,675,3379000
10/29/2025,PANS,1390,1430,1380,1415,572200
10/29/2025,PART,118,120,117,119,44129500
10/29/2025,PART-W,16,16,15,16,1595700
10/29/2025,PBID,490,496,488,496,711200
10/29/2025,PBRX,35,35,35,35,7474200
10/29/2025,PBSA,875,885,870,885,352300
10/29/2025,PCAR,34,36,34,36,2064400
10/29/2025,PDES,620,635,610,635,492400
10/29/2025,PDPP,388,406,388,400,314600
10/29/2025,PEGE,128,129,123,127,564200
10/29/2025,PEHA,336,346,328,334,116200
10/29/2025,PEVE,520,540,510,520,931000
10/29/2025,PGAS,1700,1740,1690,1730,32882200
10/29/2025,PGASBQCZ5A,0,0,0,0,0
10/29/2025,PGASDRCG6A,60,61,60,61,16700
10/29/2025,PGASDRCG6B,0,0,0,0,0
10/29/2025,PGASHDCK6A,65,65,64,65,75500
10/29/2025,PGASZPCJ6A,0,0,0,0,0
10/29/2025,PGEO,1325,1330,1305,1315,21804200
10/29/2025,PGEOBQCX5B,5,5,4,5,4506700
10/29/2025,PGEODRCJ6A,27,28,26,27,205400
10/29/2025,PGEOHDCH6A,34,34,34,34,30000
10/29/2025,PGEOHDCH6B,0,0,0,0,0
10/29/2025,PGEOHDPH6A,127,127,127,127,8000
10/29/2025,PGEOYUCK6A,75,76,75,75,163600
10/29/2025,PGEOZPCJ6A,36,36,36,36,2530000
10/29/2025,PGEOZPCM6A,42,42,42,42,25000
10/29/2025,PGJO,1100,1190,1070,1150,2077800
10/29/2025,PGLI,406,406,406,406,72100
10/29/2025,PGUN,14300,14800,13700,14275,257500
10/29/2025,PICO,230,280,216,246,38836700
10/29/2025,PIPA,358,372,306,310,218465500
10/29/2025,PJAA,525,540,525,540,163300
10/29/2025,PKPK,565,565,545,560,179800
10/29/2025,PLAN,46,46,44,45,2488300
10/29/2025,PLAS,0,0,0,0,0
10/29/2025,PLIN,0,0,0,0,0
10/29/2025,PMJS,117,118,116,117,58000
10/29/2025,PMMP,0,0,0,0,0
10/29/2025,PMUI,152,153,148,148,10445000
10/29/2025,PNBN,1000,1015,995,1010,7914700
10/29/2025,PNBS,52,53,51,52,7933900
10/29/2025,PNGO,3030,3030,2910,2970,39900
10/29/2025,PNIN,800,810,795,800,935500
10/29/2025,PNLF,236,242,236,240,43824700
10/29/2025,PNLFBQCM6A,17,18,17,17,7351500
10/29/2025,PNLFDRCJ6A,10,10,10,10,111500
10/29/2025,PNLFHDCZ5A,0,0,0,0,0
10/29/2025,PNLFZPCH6A,29,29,29,29,25000
10/29/2025,PNSE,750,775,710,750,22000
10/29/2025,POLA,38,38,37,37,2607400
10/29/2025,POLI,745,745,745,745,100
10/29/2025,POLL,0,0,0,0,0
10/29/2025,POLU,23875,24050,22350,23000,14600
10/29/2025,POLY,25,25,23,24,214900
10/29/2025,POOL,0,0,0,0,0
10/29/2025,PORT,1160,1440,1160,1375,1056700
10/29/2025,POSA,0,0,0,0,0
10/29/2025,POWR,700,715,695,705,4752300
10/29/2025,PPGL,141,147,134,139,1218700
10/29/2025,PPRE,130,130,123,126,46029200
10/29/2025,PPRI,364,364,342,350,12541600
10/29/2025,PPRO,0,0,0,0,0
10/29/2025,PRAY,790,980,760,855,755700
10/29/2025,PRDA,2630,2630,2550,2580,196200
10/29/2025,PRIM,79,80,78,79,2948700
10/29/2025,PSAB,550,585,550,585,97296500
10/29/2025,PSAT,1355,1370,1350,1355,379100
10/29/2025,PSDN,103,106,102,105,1989700
10/29/2025,PSGO,238,238,224,230,1397700
10/29/2025,PSKT,124,130,124,130,9707900
10/29/2025,PSSI,354,366,354,360,485200
10/29/2025,PTBA,2350,2380,2340,2370,10528000
10/29/2025,PTBABQCV5A,0,0,0,0,0
10/29/2025,PTBADRCG6A,16,17,16,17,103200
10/29/2025,PTBAHDCM6A,0,0,0,0,0
10/29/2025,PTBAYUCZ5A,0,0,0,0,0
10/29/2025,PTBAZPCH6A,0,0,0,0,0
10/29/2025,PTDU,0,0,0,0,0
10/29/2025,PTIS,410,410,400,408,18000
10/29/2025,PTMP,83,84,78,81,14795800
10/29/2025,PTMR,0,0,0,0,0
10/29/2025,PTPP,386,390,380,388,10779300
10/29/2025,PTPS,204,206,200,204,10155100
10/29/2025,PTPW,975,980,975,975,15200
10/29/2025,PTRO,6600,6950,6575,6950,54041600
10/29/2025,PTRODRCG6A,155,180,155,180,621500
10/29/2025,PTROHDCK6A,324,350,324,348,192600
10/29/2025,PTROYUCK6A,332,334,328,334,7900
10/29/2025,PTROZPCK6A,163,177,163,176,502400
10/29/2025,PTSN,398,408,394,394,1124800
10/29/2025,PTSP,975,975,915,945,8600
10/29/2025,PUDP,0,0,0,0,0
10/29/2025,PURA,26,26,25,26,3589700
10/29/2025,PURE,0,0,0,0,0
10/29/2025,PURI,0,0,0,0,0
10/29/2025,PWON,372,372,364,370,32142200
10/29/2025,PWONDRCN6A,0,0,0,0,0
10/29/2025,PWONHDCZ5A,0,0,0,0,0
10/29/2025,PWONZPCH6A,0,0,0,0,0
10/29/2025,PYFA,540,540,515,525,12215300
10/29/2025,PYFA-W,117,117,114,117,40900
10/29/2025,PZZA,226,234,220,232,5966000
10/29/2025,R-ABFII,0,0,0,0,0
10/29/2025,R-LQ45X,1007,1015,1007,1015,7500
10/29/2025,RAAM,276,276,268,270,8514900
10/29/2025,RAFI,36,36,36,36,86355900
10/29/2025,RAJA,4010,4060,3900,3910,25289200
10/29/2025,RAJADRCG6A,162,165,152,155,907600
10/29/2025,RAJAHDCK6A,164,164,156,157,2941200
10/29/2025,RAJAZPCK6A,81,84,78,78,1713900
10/29/2025,RALS,430,436,426,426,5019800
10/29/2025,RANC,845,855,785,810,242800
10/29/2025,RATU,7050,7200,6975,7000,7365900
10/29/2025,RBMS,34,37,34,37,783500
10/29/2025,RCCC,238,238,228,238,302700
10/29/2025,RDTX,12250,12400,11975,12175,5600
10/29/2025,REAL,73,80,69,76,706053800
10/29/2025,RELF,43,45,42,44,15433000
10/29/2025,RELI,625,640,605,610,11400
10/29/2025,RGAS,96,97,95,97,7501400
10/29/2025,RICY,72,72,67,69,31100
10/29/2025,RIGS,800,805,800,805,6600
10/29/2025,RIMO,0,0,0,0,0
10/29/2025,RISE,12850,14500,11200,12275,2660200
10/29/2025,RMKE,2820,2840,2600,2670,9024600
10/29/2025,RMKO,258,262,218,222,6124500
10/29/2025,ROCK,595,595,595,595,10400
10/29/2025,RODA,45,45,43,43,145000
10/29/2025,RONY,3400,3400,3080,3390,15000
10/29/2025,ROTI,795,805,795,800,147000
10/29/2025,RSCH,390,396,386,390,13981800
10/29/2025,RSGK,0,0,0,0,0
10/29/2025,RUIS,204,204,198,198,381900
10/29/2025,RUNS,110,111,103,111,3682800
10/29/2025,SAFE,175,178,174,177,400400
10/29/2025,SAGE,31,32,31,31,5090200
10/29/2025,SAME,298,302,298,302,10307100
10/29/2025,SAMF,320,320,314,318,66700
10/29/2025,SAPX,308,318,300,314,1044700
10/29/2025,SATU,246,250,246,248,4511900
10/29/2025,SBAT,0,0,0,0,0
10/29/2025,SBMA,134,135,130,133,4742500
10/29/2025,SCCO,2380,2450,2340,2370,108300
10/29/2025,SCMA,332,348,330,346,134087600
10/29/2025,SCMABQCZ5A,0,0,0,0,0
10/29/2025,SCMADRCG6A,16,20,16,20,826000
10/29/2025,SCMADRCK6A,100,110,100,110,20200
10/29/2025,SCMAHDCK6A,46,46,45,45,40200
10/29/2025,SCMAHDCZ5A,330,338,330,336,460100
10/29/2025,SCMAYUCK6A,80,80,80,80,12500
10/29/2025,SCMAZPCG6A,185,250,175,250,35300
10/29/2025,SCMAZPCM6A,43,47,43,47,31100
10/29/2025,SCNP,157,160,154,155,258300
10/29/2025,SCPI,0,0,0,0,0
10/29/2025,SDMU,56,59,56,59,6904400
10/29/2025,SDPC,138,140,137,139,274400
10/29/2025,SDRA,284,290,282,288,739200
10/29/2025,SEMA,102,110,99,105,12426400
10/29/2025,SFAN,1920,1925,1915,1920,78300
10/29/2025,SGER,480,494,476,482,113575300
10/29/2025,SGRO,5100,5225,5025,5075,1790900
10/29/2025,SHID,890,890,870,870,6800
10/29/2025,SHIP,5275,5350,5075,5250,11300
10/29/2025,SICO,129,130,127,129,2237500
10/29/2025,SIDO,570,580,565,575,17313700
10/29/2025,SIDODRCK6A,0,0,0,0,0
10/29/2025,SIDOHDCN6A,0,0,0,0,0
10/29/2025,SIDOZPCM6A,19,20,19,19,79800
10/29/2025,SILO,1940,2090,1915,2090,6047700
10/29/2025,SIMA,0,0,0,0,0
10/29/2025,SIMP,620,625,610,620,5130600
10/29/2025,SINI,4980,4980,4970,4970,100300
10/29/2025,SIPD,725,725,725,725,200
10/29/2025,SKBM,442,540,442,488,1738200
10/29/2025,SKLT,206,210,202,202,989900
10/29/2025,SKRN,1260,1260,860,865,60211200
10/29/2025,SKYB,0,0,0,0,0
10/29/2025,SLIS,89,90,81,81,306472400
10/29/2025,SLIS-W,21,21,15,16,42584400
10/29/2025,SMAR,5100,5200,5050,5125,76500
10/29/2025,SMBR,270,272,268,272,4411500
10/29/2025,SMCB,0,0,0,0,0
10/29/2025,SMDM,835,835,820,835,82900
10/29/2025,SMDR,322,326,318,318,12689600
10/29/2025,SMGA,134,139,126,139,203777300
10/29/2025,SMGR,2710,2770,2690,2710,6267900
10/29/2025,SMGRBQCX5B,30,30,28,30,179600
10/29/2025,SMGRBQCZ5A,9,10,9,9,3257400
10/29/2025,SMGRDRCG6A,46,46,41,43,4100
10/29/2025,SMGRHDCZ5A,0,0,0,0,0
10/29/2025,SMGRZPCJ6A,48,48,48,48,1200
10/29/2025,SMIL,438,472,408,472,197381500
10/29/2025,SMKL,167,167,160,167,46500
10/29/2025,SMKM,159,159,150,150,41961600
10/29/2025,SMLE,284,310,284,292,2153700
10/29/2025,SMMA,12275,12500,12250,12500,24200
10/29/2025,SMMT,1950,1955,1820,1840,965600
10/29/2025,SMRA,396,404,392,402,35531700
10/29/2025,SMRADRCG6A,35,35,35,35,60000
10/29/2025,SMRADRCJ6A,18,20,18,20,366000
10/29/2025,SMRAHDCZ5A,0,0,0,0,0
10/29/2025,SMRAZPCH6A,38,40,38,40,317200
10/29/2025,SMRU,0,0,0,0,0
10/29/2025,SMSM,1865,1885,1855,1880,745800
10/29/2025,SNLK,414,420,408,416,8814600
10/29/2025,SOCI,218,224,212,220,14676900
10/29/2025,SOFA,308,308,278,278,187026300
10/29/2025,SOHO,0,0,0,0,0
10/29/2025,SOLA,147,148,137,137,27608700
10/29/2025,SONA,2700,2730,2640,2680,44200
10/29/2025,SOSS,1125,1150,1030,1030,72800
10/29/2025,SOTS,314,328,314,324,22600
10/29/2025,SOUL,80,81,76,77,748600
10/29/2025,SPMA,386,386,370,380,1190100
10/29/2025,SPRE,100,113,100,104,2810500
10/29/2025,SPTO,645,645,640,640,1181300
10/29/2025,SQMI,0,0,0,0,0
10/29/2025,SRAJ,11500,11725,11425,11725,434300
10/29/2025,SRIL,0,0,0,0,0
10/29/2025,SRSN,63,64,62,63,13348500
10/29/2025,SRTG,1720,1765,1700,1750,12544200
10/29/2025,SRTGDRCK6A,73,74,71,72,65200
10/29/2025,SRTGHDCK6A,75,75,75,75,15000
10/29/2025,SRTGZPCG6A,68,70,68,70,920200
10/29/2025,SRTGZPCK6A,34,35,34,34,90700
10/29/2025,SSIA,1625,1670,1565,1610,31769800
10/29/2025,SSMS,1680,1700,1650,1665,6907300
10/29/2025,SSTM,0,0,0,0,0
10/29/2025,STAA,1415,1435,1390,1420,29893300
10/29/2025,STAR,72,79,72,78,23200
10/29/2025,STRK,140,188,138,164,223761700
10/29/2025,STTP,10175,10175,10175,10175,100
10/29/2025,SUGI,0,0,0,0,0
10/29/2025,SULI,147,149,142,143,2418100
10/29/2025,SUNI,780,785,775,785,476900
10/29/2025,SUPR,0,0,0,0,0
10/29/2025,SURE,2700,2800,2620,2740,6700
10/29/2025,SURI,101,102,99,99,7234800
10/29/2025,SWAT,0,0,0,0,0
10/29/2025,SWID,90,90,85,86,4359300
10/29/2025,TALF,424,440,402,418,51600
10/29/2025,TAMA,30,30,30,30,751400
10/29/2025,TAMU,26,26,25,25,6084900
10/29/2025,TAPG,1780,1800,1765,1785,10774300
10/29/2025,TAPGDRCG6A,43,43,43,43,500000
10/29/2025,TAPGDRCJ6A,117,117,117,117,200
10/29/2025,TAPGHDCH6A,0,0,0,0,0
10/29/2025,TAPGZPCH6A,139,139,139,139,800
10/29/2025,TAPGZPCM6A,43,44,42,44,178700
10/29/2025,TARA,25,26,25,26,1187700
10/29/2025,TAXI,15,15,15,15,49346200
10/29/2025,TAYS,74,83,72,72,53154700
10/29/2025,TBIG,1835,1895,1825,1860,800300
10/29/2025,TBLA,790,800,785,790,2612300
10/29/2025,TBMS,1460,1500,1345,1400,223000
10/29/2025,TCID,3050,3080,3050,3080,3000
10/29/2025,TCPI,7350,7700,7275,7525,7595800
10/29/2025,TDPM,0,0,0,0,0
10/29/2025,TEBE,2190,2400,2100,2240,18980200
10/29/2025,TECH,0,0,0,0,0
10/29/2025,TELE,0,0,0,0,0
10/29/2025,TFAS,244,254,234,248,2592800
10/29/2025,TFCO,0,0,0,0,0
10/29/2025,TGKA,5300,5300,5275,5300,4100
10/29/2025,TGRA,0,0,0,0,0
10/29/2025,TGUK,0,0,0,0,0
10/29/2025,TIFA,416,416,408,410,1200
10/29/2025,TINS,2600,2650,2600,2650,22823700
10/29/2025,TIRA,1325,1370,1225,1315,105800
10/29/2025,TIRT,0,0,0,0,0
10/29/2025,TKIM,7125,7150,7050,7125,770300
10/29/2025,TKIMDRCN6A,0,0,0,0,0
10/29/2025,TKIMHDCJ6A,0,0,0,0,0
10/29/2025,TKIMZPCG6A,89,90,89,90,600
10/29/2025,TKIMZPCK6A,0,0,0,0,0
10/29/2025,TLDN,780,780,740,745,3054000
10/29/2025,TLKM,3390,3390,3270,3290,93073800
10/29/2025,TLKMBQCG6A,0,0,0,0,0
10/29/2025,TLKMBQCJ6A,0,0,0,0,0
10/29/2025,TLKMDRCJ6A,80,80,80,80,12500
10/29/2025,TLKMDRCX6A,2100,2100,2100,2100,500
10/29/2025,TLKMHDCJ6A,58,58,58,58,44200
10/29/2025,TLKMYUCK6A,116,116,115,115,10100
10/29/2025,TLKMZPCF6A,0,0,0,0,0
10/29/2025,TLKMZPCM6A,54,54,51,51,438100
10/29/2025,TMAS,130,131,129,131,2397000
10/29/2025,TMPO,163,165,162,162,1260600
10/29/2025,TNCA,244,246,232,232,872700
10/29/2025,TOBA,950,955,850,850,573797500
10/29/2025,TOOL,56,73,54,68,444426200
10/29/2025,TOPS,0,0,0,0,0
10/29/2025,TOSK,74,84,74,77,506300100
10/29/2025,TOTL,970,980,950,965,4946200
10/29/2025,TOTO,288,298,284,288,6975100
10/29/2025,TOWR,530,535,525,530,22736300
10/29/2025,TOWRDRCN6A,16,17,16,17,538900
10/29/2025,TOWRHDCK6A,22,23,21,22,6927100
10/29/2025,TOYS,0,0,0,0,0
10/29/2025,TPIA,7175,7200,7050,7050,6719100
10/29/2025,TPMA,585,590,580,590,3912500
10/29/2025,TRAM,0,0,0,0,0
10/29/2025,TRGU,183,188,176,184,2048300
10/29/2025,TRIL,0,0,0,0,0
10/29/2025,TRIM,500,500,496,500,599200
10/29/2025,TRIN,398,398,398,398,30618600
10/29/2025,TRIN-W2,18,18,18,18,300
10/29/2025,TRIO,0,0,0,0,0
10/29/2025,TRIS,181,184,180,180,335400
10/29/2025,TRJA,170,170,161,164,395000
10/29/2025,TRON,79,79,76,78,3625800
10/29/2025,TRST,482,484,468,484,37200
10/29/2025,TRUE,0,0,0,0,0
10/29/2025,TRUK,296,304,294,296,1501300
10/29/2025,TRUS,420,430,412,428,16600
10/29/2025,TSPC,2800,2830,2730,2750,1492700
10/29/2025,TUGU,1040,1050,1035,1040,1718600
10/29/2025,TYRE,127,127,123,126,163400
10/29/2025,UANG,2520,2520,2350,2370,1063700
10/29/2025,UCID,464,464,458,460,1077200
10/29/2025,UDNG,3000,3270,2820,3120,1429900
10/29/2025,UFOE,189,204,184,187,3958400
10/29/2025,ULTJ,1455,1480,1440,1455,11685900
10/29/2025,UNIC,8025,8150,8025,8100,4900
10/29/2025,UNIQ,354,358,348,356,13438000
10/29/2025,UNIT,0,0,0,0,0
10/29/2025,UNSP,173,174,173,173,2475600
10/29/2025,UNTD,87,87,85,86,12942300
10/29/2025,UNTR,27625,27975,27525,27625,2460300
10/29/2025,UNTRBQCV5A,0,0,0,0,0
10/29/2025,UNTRDRCG6A,186,186,182,182,301700
10/29/2025,UNTRHDCM6A,187,187,184,184,20100
10/29/2025,UNTRZPCJ6A,0,0,0,0,0
10/29/2025,UNVR,2510,2610,2470,2580,73171300
10/29/2025,UNVRBQCZ5A,246,262,246,262,95900
10/29/2025,UNVRDRCG6A,121,135,120,131,1613500
10/29/2025,UNVRHDCM6A,183,183,183,183,100
10/29/2025,UNVRHDPG6A,26,26,21,21,532900
10/29/2025,UNVRZPCH6A,107,115,107,115,350000
10/29/2025,UNVRZPCM6A,118,121,118,120,1040100
10/29/2025,URBN,147,147,138,144,620400
10/29/2025,UVCR,68,71,65,67,8361000
10/29/2025,VAST,152,154,150,154,340600
10/29/2025,VAST-W,13,13,13,13,30800
10/29/2025,VERN,118,120,117,119,1311000
10/29/2025,VICI,620,625,615,620,172200
10/29/2025,VICO,182,184,175,182,1027900
10/29/2025,VINS,143,149,143,144,204700
10/29/2025,VISI,200,204,200,202,8383800
10/29/2025,VIVA,29,29,29,29,4574700
10/29/2025,VKTR,328,336,318,326,83070600
10/29/2025,VOKS,276,276,266,276,101900
10/29/2025,VRNA,85,89,82,83,377200
10/29/2025,VTNY,93,93,91,92,11416100
10/29/2025,WAPO,176,180,167,171,14287700
10/29/2025,WEGE,69,69,66,67,21007200
10/29/2025,WEHA,107,107,104,105,1416400
10/29/2025,WGSH,268,288,260,276,3208100
10/29/2025,WICO,0,0,0,0,0
10/29/2025,WIDI,41,45,41,45,27397700
10/29/2025,WIFI,3080,3140,3050,3100,49157400
10/29/2025,WIIM,1200,1260,1170,1235,12305200
10/29/2025,WIKA,0,0,0,0,0
10/29/2025,WINE,202,202,196,199,2633800
10/29/2025,WINR,33,34,33,34,4294900
10/29/2025,WINS,440,444,428,440,473400
10/29/2025,WIRG,106,109,105,106,132455500
10/29/2025,WMPP,0,0,0,0,0
10/29/2025,WMUU,31,31,30,30,12343700
10/29/2025,WOMF,336,338,334,334,83800
10/29/2025,WOOD,454,478,450,466,2501300
10/29/2025,WOWS,85,86,81,81,28405500
10/29/2025,WSBP,24,25,24,25,27993100
10/29/2025,WSKT,0,0,0,0,0
10/29/2025,WTON,105,106,102,103,5571200
10/29/2025,XAQA,0,0,0,0,0
10/29/2025,XBES,0,0,0,0,0
10/29/2025,XBID,540,540,540,540,40000
10/29/2025,XBIG,0,0,0,0,0
10/29/2025,XBIN,612,612,612,612,40000
10/29/2025,XBLQ,0,0,0,0,0
10/29/2025,XBNI,0,0,0,0,0
10/29/2025,XBSK,467,467,467,467,40000
10/29/2025,XCEG,106,108,106,108,500
10/29/2025,XCID,51,65,51,57,1976200
10/29/2025,XCIS,75,81,71,80,17300
10/29/2025,XCLQ,80,95,80,90,8500
10/29/2025,XDIF,422,610,422,424,15900
10/29/2025,XIFE,100,110,100,110,300
10/29/2025,XIHD,658,658,653,653,3600
10/29/2025,XIIC,0,0,0,0,0
10/29/2025,XIID,0,0,0,0,0
10/29/2025,XIIF,465,465,465,465,10000
10/29/2025,XIIT,540,540,533,540,9900
10/29/2025,XIJI,680,680,664,680,3900
10/29/2025,XILV,121,121,103,121,1800
10/29/2025,XIML,0,0,0,0,0
10/29/2025,XIPB,180,180,180,180,100
10/29/2025,XIPI,0,0,0,0,0
10/29/2025,XISB,226,226,226,226,100
10/29/2025,XISC,970,1425,970,1300,13300
10/29/2025,XISI,347,347,347,347,200
10/29/2025,XISR,0,0,0,0,0
10/29/2025,XKID,971,999,971,999,300
10/29/2025,XKIV,620,620,620,620,40000
10/29/2025,XKMS,1160,1170,1160,1170,200
10/29/2025,XMGB,1138,1138,1138,1138,1000
10/29/2025,XMIG,215,217,215,217,200200
10/29/2025,XMLF,914,919,914,919,50000
10/29/2025,XMSK,396,396,396,396,500
10/29/2025,XNVE,0,0,0,0,0
10/29/2025,XPDV,535,770,535,638,9600
10/29/2025,XPFT,0,0,0,0,0
10/29/2025,XPIN,645,645,645,645,800000
10/29/2025,XPLQ,440,440,440,440,100
10/29/2025,XPSG,0,0,0,0,0
10/29/2025,XPTD,487,487,487,487,1000
10/29/2025,XSBC,105,106,105,106,200
10/29/2025,XSPI,0,0,0,0,0
10/29/2025,XSSI,86,86,85,85,11500
10/29/2025,XSSK,713,725,713,725,20500
10/29/2025,YELO,67,67,66,66,4264000
10/29/2025,YOII,102,108,99,101,6434000
10/29/2025,YPAS,0,0,0,0,0
10/29/2025,YULE,2690,2700,2600,2700,30900
10/29/2025,YUPI,1715,1715,1685,1690,32100
10/29/2025,ZATA,72,73,68,68,51751500
10/29/2025,ZBRA,0,0,0,0,0
10/29/2025,ZINC,30,31,30,31,5331400
10/29/2025,ZONE,565,565,555,560,9500
10/29/2025,ZYRX,146,146,141,145,281500
