<date>,<ticker>,<open>,<high>,<low>,<close>,<volume>
9/11/2025,IHSG,7781.170,7819.100,7742.600,7747.905,31085408500
9/11/2025,IDX30,0.000,0.000,0.000,0.000,0
9/11/2025,IDX80,0.000,0.000,0.000,0.000,0
9/11/2025,AADI,7000,7100,6975,7050,4834400
9/11/2025,AADIHDCK6A,76,78,76,77,6700
9/11/2025,AALI,7275,7375,7250,7300,730100
9/11/2025,ABBA,43,44,43,44,705000
9/11/2025,ABDA,3060,3060,2970,2970,2400
9/11/2025,ABMM,2890,2920,2880,2900,864500
9/11/2025,ACES,432,444,432,434,63364400
9/11/2025,ACESBQCV5A,2,2,1,2,293500
9/11/2025,ACESBQCX5B,11,11,10,10,400
9/11/2025,ACESBQCZ5A,20,20,18,19,5800
9/11/2025,ACESDRCJ6A,14,14,13,14,3310300
9/11/2025,ACESHDCZ5A,0,0,0,0,0
9/11/2025,ACESZPCJ6A,0,0,0,0,0
9/11/2025,ACRO,87,87,83,85,11184900
9/11/2025,ACRO-W,12,12,10,12,20700900
9/11/2025,ACST,134,138,131,135,5608000
9/11/2025,ADCP,60,62,57,58,81457800
9/11/2025,ADES,13700,13700,13300,13525,25500
9/11/2025,ADHI,274,284,274,280,38406000
9/11/2025,ADMF,8950,9000,8925,8950,41800
9/11/2025,ADMG,146,147,144,145,275600
9/11/2025,ADMR,1000,1010,990,990,18876400
9/11/2025,ADMRDRCJ6A,32,32,30,31,21900
9/11/2025,ADMRHDCJ6A,0,0,0,0,0
9/11/2025,ADMRZPCH6A,0,0,0,0,0
9/11/2025,ADRO,1700,1710,1680,1680,53602600
9/11/2025,ADROBQCU5A,2,2,1,1,8200
9/11/2025,ADROBQCZ5A,15,15,14,15,300
9/11/2025,ADRODRCJ6A,54,54,54,54,23000
9/11/2025,ADRODRCX5A,34,34,31,31,248000
9/11/2025,ADROHDCZ5A,0,0,0,0,0
9/11/2025,ADROHDPH6A,131,131,131,131,200
9/11/2025,ADROYUCZ5A,64,64,64,64,100
9/11/2025,ADROZPCF6A,24,24,24,24,30000
9/11/2025,ADROZPCK6A,0,0,0,0,0
9/11/2025,AEGS,39,42,38,42,35782500
9/11/2025,AGAR,242,250,242,250,30800
9/11/2025,AGII,770,780,760,765,585100
9/11/2025,AGRO,250,262,248,248,114476700
9/11/2025,AGRS,75,79,75,76,6332300
9/11/2025,AHAP,78,78,75,77,4672200
9/11/2025,AIMS,292,292,292,292,160800
9/11/2025,AISA,120,122,120,121,2276000
9/11/2025,AKKU,0,0,0,0,0
9/11/2025,AKPI,555,560,555,560,3300
9/11/2025,AKRA,1250,1250,1220,1220,9479600
9/11/2025,AKRABQCX5B,41,42,41,41,36700
9/11/2025,AKRADRCX5A,0,0,0,0,0
9/11/2025,AKRAHDCH6A,0,0,0,0,0
9/11/2025,AKRAZPCJ6A,0,0,0,0,0
9/11/2025,AKRAZPCX5A,0,0,0,0,0
9/11/2025,AKSI,236,240,232,240,231500
9/11/2025,ALDO,496,498,492,498,104000
9/11/2025,ALII,550,560,535,535,2896600
9/11/2025,ALKA,316,366,316,326,252300
9/11/2025,ALMI,0,0,0,0,0
9/11/2025,ALTO,0,0,0,0,0
9/11/2025,AMAG,362,382,362,372,95600
9/11/2025,AMAN,120,123,117,120,2253200
9/11/2025,AMAR,210,214,206,210,985600
9/11/2025,AMFG,3320,3330,3220,3300,5400
9/11/2025,AMIN,250,286,224,250,10761000
9/11/2025,AMMN,7950,8100,7900,8050,31191700
9/11/2025,AMMNBQCZ5A,34,35,34,34,5900
9/11/2025,AMMNDRCJ6A,66,66,64,66,9700
9/11/2025,AMMNHDCH6A,0,0,0,0,0
9/11/2025,AMMNZPCG6A,0,0,0,0,0
9/11/2025,AMMS,0,0,0,0,0
9/11/2025,AMOR,468,468,460,466,333000
9/11/2025,AMRT,2140,2220,2100,2170,41718100
9/11/2025,AMRTBQCU5A,2,2,1,2,604400
9/11/2025,AMRTDRCZ5A,32,34,32,34,619100
9/11/2025,AMRTHDCJ6A,28,28,28,28,231100
9/11/2025,AMRTZPCK6A,28,30,27,29,42900
9/11/2025,AMRTZPCX5A,0,0,0,0,0
9/11/2025,ANDI,35,35,30,30,32882300
9/11/2025,ANJT,1795,1800,1790,1790,690200
9/11/2025,ANTM,3520,3570,3380,3390,174842200
9/11/2025,ANTMBQCU5A,0,0,0,0,0
9/11/2025,ANTMBQCX5A,98,98,91,91,340700
9/11/2025,ANTMBQCZ5A,0,0,0,0,0
9/11/2025,ANTMDRCG6A,68,69,61,61,735900
9/11/2025,ANTMDRCX5A,380,380,356,356,209100
9/11/2025,ANTMHDCH6A,111,111,103,103,24000
9/11/2025,ANTMHDCH6B,161,161,157,157,93700
9/11/2025,ANTMHDCU5A,120,120,120,120,2100
9/11/2025,ANTMHDPH6A,64,67,63,67,866600
9/11/2025,ANTMZPCJ6A,98,100,96,96,21300
9/11/2025,ANTMZPCK6A,41,43,41,41,201600
9/11/2025,ANTMZPCX5A,0,0,0,0,0
9/11/2025,APEX,124,125,121,122,13415900
9/11/2025,APIC,1135,1160,1120,1125,6538600
9/11/2025,APII,181,181,176,176,93000
9/11/2025,APLI,472,474,472,472,500
9/11/2025,APLN,103,106,103,105,12134000
9/11/2025,ARCI,905,910,850,860,72621000
9/11/2025,AREA,505,555,505,555,5518100
9/11/2025,ARGO,1310,1310,1270,1280,98700
9/11/2025,ARII,256,262,252,252,18300
9/11/2025,ARKA,38,38,35,35,6826500
9/11/2025,ARKO,1300,1380,1300,1380,1752700
9/11/2025,ARMY,0,0,0,0,0
9/11/2025,ARNA,560,560,550,555,2156200
9/11/2025,ARTA,3170,3270,3110,3240,3000
9/11/2025,ARTI,0,0,0,0,0
9/11/2025,ARTO,2150,2220,2130,2130,13931900
9/11/2025,ARTOBQCU5A,2,2,1,1,22098800
9/11/2025,ARTOBQCX5B,110,112,110,112,1600
9/11/2025,ARTOBQCZ5A,24,24,22,22,11482700
9/11/2025,ARTODRCK6A,78,78,77,77,67500
9/11/2025,ARTODRCX5A,55,55,53,54,534400
9/11/2025,ARTOHDCZ5A,0,0,0,0,0
9/11/2025,ARTOZPCK6A,50,50,50,50,326000
9/11/2025,ARTOZPCX5A,0,0,0,0,0
9/11/2025,ASBI,436,446,434,446,3400
9/11/2025,ASDM,535,565,520,530,90600
9/11/2025,ASGR,1250,1270,1190,1225,2424300
9/11/2025,ASHA,50,50,50,50,13815200
9/11/2025,ASII,5475,5600,5450,5550,28151500
9/11/2025,ASIIBQCU5A,28,32,28,31,13200
9/11/2025,ASIIBQCZ5A,0,0,0,0,0
9/11/2025,ASIIDRCX5A,0,0,0,0,0
9/11/2025,ASIIDRCX6A,0,0,0,0,0
9/11/2025,ASIIHDCZ5A,0,0,0,0,0
9/11/2025,ASIIZPCJ6A,0,0,0,0,0
9/11/2025,ASJT,110,112,110,111,55500
9/11/2025,ASLC,101,102,98,99,75775000
9/11/2025,ASLI,0,0,0,0,0
9/11/2025,ASMI,40,40,40,40,4191100
9/11/2025,ASPI,505,575,498,530,4670400
9/11/2025,ASPR,92,99,91,94,30282100
9/11/2025,ASRI,170,176,170,174,27197200
9/11/2025,ASRM,276,280,272,276,33600
9/11/2025,ASSA,900,925,880,895,14515000
9/11/2025,ATAP,49,49,49,49,361200
9/11/2025,ATIC,446,446,434,440,280000
9/11/2025,ATLA,64,64,60,62,167203400
9/11/2025,AUTO,2370,2410,2300,2300,5554900
9/11/2025,AUTOZPCJ6A,34,34,31,31,4800
9/11/2025,AVIA,432,432,424,424,6791400
9/11/2025,AVIAZPCJ6A,0,0,0,0,0
9/11/2025,AWAN,252,256,248,256,17501300
9/11/2025,AXIO,127,133,126,129,2223300
9/11/2025,AYAM,175,179,174,177,117606600
9/11/2025,AYLS,102,103,100,102,608500
9/11/2025,BABP,61,62,59,61,17427600
9/11/2025,BABY,318,318,302,306,7538700
9/11/2025,BACA,137,138,134,135,921300
9/11/2025,BAIK,100,100,96,98,1329400
9/11/2025,BAIK-W,10,12,10,12,10822500
9/11/2025,BAJA,119,124,117,119,953100
9/11/2025,BALI,1320,1500,1300,1350,158600
9/11/2025,BANK,800,820,795,800,5725500
9/11/2025,BANK-W,0,0,0,0,0
9/11/2025,BAPA,89,90,82,85,31291100
9/11/2025,BAPI,31,31,31,31,6343600
9/11/2025,BATA,56,56,54,54,336600
9/11/2025,BATR,110,114,105,108,12152300
9/11/2025,BAUT,37,37,36,37,3984300
9/11/2025,BAYU,1305,1310,1280,1280,452800
9/11/2025,BBCA,7900,7975,7850,7850,235173400
9/11/2025,BBCABQCV5A,3,5,2,4,13651700
9/11/2025,BBCABQCX5A,10,10,10,10,20000
9/11/2025,BBCADRCF6A,39,40,38,39,787900
9/11/2025,BBCADRCX6A,3660,3660,3630,3630,1100
9/11/2025,BBCAHDCQ7A,59,60,58,58,445200
9/11/2025,BBCAHDCU5A,0,0,0,0,0
9/11/2025,BBCAHDCV5A,36,36,35,35,200
9/11/2025,BBCAZPCF6A,26,26,26,26,40000
9/11/2025,BBCAZPCH6A,0,0,0,0,0
9/11/2025,BBHI,1505,1530,1485,1510,780900
9/11/2025,BBKP,76,79,75,76,209299400
9/11/2025,BBLD,920,930,915,925,106100
9/11/2025,BBMD,2090,2140,2080,2140,2300
9/11/2025,BBNI,4210,4430,4210,4420,130159900
9/11/2025,BBNIBQCU5A,2,8,2,6,2989800
9/11/2025,BBNIBQCV5A,0,0,0,0,0
9/11/2025,BBNIDRCX6A,2410,2410,2410,2410,100
9/11/2025,BBNIDRCZ5A,58,60,57,60,6293600
9/11/2025,BBNIHDCQ7A,0,0,0,0,0
9/11/2025,BBNIHDCU5A,0,0,0,0,0
9/11/2025,BBNIHDPU5A,0,0,0,0,0
9/11/2025,BBNIYUCV5A,49,53,49,53,40000
9/11/2025,BBNIZPCH6A,102,107,102,107,40000
9/11/2025,BBNIZPCX5A,45,45,45,45,15500
9/11/2025,BBRI,4000,4120,3980,4080,281910400
9/11/2025,BBRIBQCU5A,7,9,7,9,49900
9/11/2025,BBRIBQCZ5A,84,89,84,85,5710200
9/11/2025,BBRIDRCX5A,150,162,150,160,304300
9/11/2025,BBRIDRCX6A,2380,2380,2380,2380,100
9/11/2025,BBRIHDCH6A,0,0,0,0,0
9/11/2025,BBRIHDCQ7A,0,0,0,0,0
9/11/2025,BBRIYUCV5A,111,118,111,115,20200
9/11/2025,BBRIZPCH6A,0,0,0,0,0
9/11/2025,BBRIZPCX5A,0,0,0,0,0
9/11/2025,BBRM,88,90,87,88,8417900
9/11/2025,BBSI,4050,4070,4030,4030,17800
9/11/2025,BBSS,310,310,278,288,152000
9/11/2025,BBTN,1315,1380,1305,1355,113362400
9/11/2025,BBTNHDCZ5A,0,0,0,0,0
9/11/2025,BBTNYUCZ5A,84,87,84,87,1800
9/11/2025,BBTNZPCG6A,60,63,60,62,4060200
9/11/2025,BBYB,338,360,334,344,235809100
9/11/2025,BCAP,71,73,70,71,33045700
9/11/2025,BCIC,0,0,0,0,0
9/11/2025,BCIP,99,103,99,103,32520000
9/11/2025,BDKR,152,155,152,155,16165100
9/11/2025,BDMN,2530,2540,2500,2520,940800
9/11/2025,BEBS,0,0,0,0,0
9/11/2025,BEEF,326,328,320,328,11165500
9/11/2025,BEER,106,107,104,105,622600
9/11/2025,BEKS,25,25,25,25,77410200
9/11/2025,BELI,352,352,346,350,433600
9/11/2025,BELL,69,72,66,66,101704000
9/11/2025,BESS,1105,1110,1070,1105,117400
9/11/2025,BEST,118,121,117,117,23312100
9/11/2025,BFIN,755,785,755,760,24746800
9/11/2025,BFINDRCK6A,26,27,26,27,102500
9/11/2025,BGTG,107,118,106,110,121764600
9/11/2025,BHAT,900,900,885,890,1280000
9/11/2025,BHIT,35,35,34,34,5443900
9/11/2025,BIKA,0,0,0,0,0
9/11/2025,BIKE,1035,1055,1035,1035,8341800
9/11/2025,BIMA,72,77,72,77,84300
9/11/2025,BINA,4450,4450,4450,4450,1300
9/11/2025,BINO,120,130,120,125,1083800
9/11/2025,BIPI,81,81,76,78,156025500
9/11/2025,BIPP,47,49,47,49,128700
9/11/2025,BIRD,1765,1775,1755,1765,991600
9/11/2025,BISI,875,895,870,880,608900
9/11/2025,BJBR,770,775,765,770,4895600
9/11/2025,BJTM,510,520,510,515,6319500
9/11/2025,BKDP,38,38,37,37,476500
9/11/2025,BKSL,131,137,130,131,331272800
9/11/2025,BKSW,70,72,68,69,10161100
9/11/2025,BLES,156,159,156,156,1508600
9/11/2025,BLOG,565,580,550,560,7000400
9/11/2025,BLTA,36,39,36,39,14616600
9/11/2025,BLTZ,0,0,0,0,0
9/11/2025,BLUE,316,322,316,320,139100
9/11/2025,BMAS,670,815,670,710,259100
9/11/2025,BMBL,42,46,40,46,26220700
9/11/2025,BMHS,180,181,177,178,7767900
9/11/2025,BMRI,4480,4540,4450,4480,366697800
9/11/2025,BMRIBQCU5A,2,2,1,2,438600
9/11/2025,BMRIBQCZ5A,25,26,25,26,1608600
9/11/2025,BMRIDRCX5A,43,45,43,44,1835500
9/11/2025,BMRIDRCX6A,2140,2140,2140,2140,100
9/11/2025,BMRIHDCQ7A,0,0,0,0,0
9/11/2025,BMRIHDCU5A,0,0,0,0,0
9/11/2025,BMRIHDPU5A,0,0,0,0,0
9/11/2025,BMRIZPCH6A,54,54,54,54,400000
9/11/2025,BMRIZPCX5A,26,27,26,27,427500
9/11/2025,BMSR,270,278,262,272,85800
9/11/2025,BMTR,141,143,140,141,45170400
9/11/2025,BNBA,780,780,755,775,102400
9/11/2025,BNBR,39,41,39,41,54469000
9/11/2025,BNGA,1700,1715,1700,1705,1858400
9/11/2025,BNGADRCK6A,0,0,0,0,0
9/11/2025,BNGAZPCH6A,0,0,0,0,0
9/11/2025,BNII,206,214,206,212,752100
9/11/2025,BNLI,3210,3350,3210,3320,347600
9/11/2025,BOAT,137,139,130,131,38458000
9/11/2025,BOBA,171,172,166,170,665600
9/11/2025,BOGA,570,575,560,575,690400
9/11/2025,BOLA,191,197,190,192,945400
9/11/2025,BOLT,1055,1060,1055,1055,500
9/11/2025,BOSS,0,0,0,0,0
9/11/2025,BPFI,336,338,326,326,10800
9/11/2025,BPII,580,585,570,580,95400
9/11/2025,BPTR,93,97,93,97,155600
9/11/2025,BRAM,5075,5325,5025,5050,4800
9/11/2025,BREN,8600,8650,8400,8550,15391700
9/11/2025,BRIS,2570,2670,2540,2660,34545800
9/11/2025,BRISBQCZ5A,0,0,0,0,0
9/11/2025,BRISDRCJ6A,41,45,41,45,6249800
9/11/2025,BRISHDCH6A,55,55,55,55,2000
9/11/2025,BRISHDCZ5A,90,92,90,92,32100
9/11/2025,BRISYUCV5A,55,57,55,57,7100
9/11/2025,BRISZPCG6A,44,44,44,44,80100
9/11/2025,BRMS,496,500,488,488,447596400
9/11/2025,BRMSBQCZ5A,0,0,0,0,0
9/11/2025,BRMSDRCJ6A,51,51,48,49,344200
9/11/2025,BRMSDRPX5A,0,0,0,0,0
9/11/2025,BRMSHDCH6A,0,0,0,0,0
9/11/2025,BRMSHDCZ5A,0,0,0,0,0
9/11/2025,BRMSYUCV5A,33,33,32,32,200
9/11/2025,BRMSZPCG6A,0,0,0,0,0
9/11/2025,BRNA,750,760,725,750,20600
9/11/2025,BRPT,2260,2280,2210,2250,86406200
9/11/2025,BRPTBQCV5A,0,0,0,0,0
9/11/2025,BRPTBQCX5B,64,67,63,65,211000
9/11/2025,BRPTBQCZ5A,0,0,0,0,0
9/11/2025,BRPTDRCF6A,183,185,183,185,20200
9/11/2025,BRPTDRCJ6A,96,97,93,93,45600
9/11/2025,BRPTDRCX5A,220,220,216,216,108600
9/11/2025,BRPTDRPV5A,5,5,5,5,50000
9/11/2025,BRPTHDCH6A,0,0,0,0,0
9/11/2025,BRPTHDCH6B,0,0,0,0,0
9/11/2025,BRPTHDPG6A,0,0,0,0,0
9/11/2025,BRPTYUCZ5A,111,111,111,111,100
9/11/2025,BRPTZPCF6A,212,212,212,212,100
9/11/2025,BRPTZPCK6A,36,36,35,35,24400
9/11/2025,BRPTZPCX5A,0,0,0,0,0
9/11/2025,BRRC,75,81,74,76,37887600
9/11/2025,BRRC-W,14,16,13,14,28785400
9/11/2025,BSBK,66,69,64,66,178201000
9/11/2025,BSDE,1070,1125,1070,1100,23221000
9/11/2025,BSDEDRCJ6A,0,0,0,0,0
9/11/2025,BSDEZPCH6A,0,0,0,0,0
9/11/2025,BSIM,905,910,880,890,32300
9/11/2025,BSML,105,107,104,104,46312800
9/11/2025,BSSR,3920,3930,3900,3920,499100
9/11/2025,BSWD,0,0,0,0,0
9/11/2025,BTEK,20,20,20,20,25082700
9/11/2025,BTEL,0,0,0,0,0
9/11/2025,BTON,382,382,372,372,2600
9/11/2025,BTPN,2100,2100,2080,2080,19600
9/11/2025,BTPS,1405,1550,1405,1525,36007200
9/11/2025,BTPSDRCK6A,53,58,53,58,300000
9/11/2025,BTPSHDCJ6A,0,0,0,0,0
9/11/2025,BTPSZPCH6A,0,0,0,0,0
9/11/2025,BUAH,1465,1480,1420,1450,170100
9/11/2025,BUDI,216,222,214,216,45300
9/11/2025,BUKA,163,165,158,158,382648600
9/11/2025,BUKABQCZ5B,17,17,16,17,10481100
9/11/2025,BUKADRCK6A,16,16,16,16,10000
9/11/2025,BUKAHDCZ5A,0,0,0,0,0
9/11/2025,BUKK,855,855,850,855,34100
9/11/2025,BULL,155,161,151,161,194941500
9/11/2025,BUMI,110,110,107,108,641352900
9/11/2025,BUVA,348,350,330,338,123895200
9/11/2025,BVIC,109,117,107,110,32259600
9/11/2025,BVIC-W,43,59,42,43,3337400
9/11/2025,BWPT,160,160,144,144,90690100
9/11/2025,BYAN,18100,18675,18000,18350,23800
9/11/2025,CAKK,140,145,140,140,116000
9/11/2025,CAMP,218,220,216,216,1370600
9/11/2025,CANI,40,42,40,40,779100
9/11/2025,CARE,314,320,312,314,17062600
9/11/2025,CARS,135,149,132,136,300084900
9/11/2025,CASA,1145,1170,1145,1155,5256000
9/11/2025,CASH,94,94,89,92,3137900
9/11/2025,CASS,2600,2600,2570,2570,20500
9/11/2025,CBDK,6150,6175,6025,6050,4644500
9/11/2025,CBMF,0,0,0,0,0
9/11/2025,CBPE,190,194,187,189,97600
9/11/2025,CBRE,520,620,520,620,680746000
9/11/2025,CBUT,1845,2300,1570,1640,1489400
9/11/2025,CCSI,408,416,392,406,1299300
9/11/2025,CDIA,1400,1450,1375,1380,108773000
9/11/2025,CEKA,2660,2760,2610,2660,30400
9/11/2025,CENT,120,122,115,118,7517500
9/11/2025,CFIN,314,320,312,320,25795300
9/11/2025,CGAS,152,153,145,147,17540100
9/11/2025,CHEK,206,208,199,202,10078700
9/11/2025,CHEM,91,94,91,93,4626900
9/11/2025,CHIP,1385,1405,1375,1405,73000
9/11/2025,CINT,156,158,154,157,137300
9/11/2025,CITA,4120,4160,4100,4100,204700
9/11/2025,CITY,110,110,104,108,4684400
9/11/2025,CLAY,1545,1560,1500,1560,224600
9/11/2025,CLEO,520,530,510,510,12706700
9/11/2025,CLPI,1240,1250,1235,1250,178400
9/11/2025,CMNP,1365,1370,1350,1355,49400
9/11/2025,CMNP-W,408,408,384,402,1300
9/11/2025,CMNT,825,825,810,820,28723700
9/11/2025,CMPP,85,89,85,89,148800
9/11/2025,CMRY,4810,4850,4750,4800,895900
9/11/2025,CMRYDRCK6A,0,0,0,0,0
9/11/2025,CMRYZPCJ6A,0,0,0,0,0
9/11/2025,CNKO,100,100,94,95,40420800
9/11/2025,CNMA,131,134,130,130,30676600
9/11/2025,CNTB,0,0,0,0,0
9/11/2025,CNTX,0,0,0,0,0
9/11/2025,COAL,51,51,50,50,13276900
9/11/2025,COCO,535,540,498,500,4522100
9/11/2025,COIN,2500,2630,2130,2260,240300900
9/11/2025,COWL,0,0,0,0,0
9/11/2025,CPIN,4520,4740,4520,4680,14377300
9/11/2025,CPINDRCG6A,72,74,72,72,1061700
9/11/2025,CPINZPCJ6A,0,0,0,0,0
9/11/2025,CPRI,0,0,0,0,0
9/11/2025,CPRO,55,59,55,57,581019200
9/11/2025,CRAB,238,244,238,244,2567300
9/11/2025,CRSN,108,109,105,107,499700
9/11/2025,CSAP,294,298,292,294,110000
9/11/2025,CSIS,125,128,121,125,1538900
9/11/2025,CSMI,360,394,346,360,5933000
9/11/2025,CSRA,850,855,840,845,408800
9/11/2025,CTBN,5125,5125,5125,5125,100
9/11/2025,CTRA,950,980,950,960,40286200
9/11/2025,CTRADRCJ6A,23,23,23,23,23800
9/11/2025,CTRAHDCK6A,0,0,0,0,0
9/11/2025,CTRAYUCZ5A,54,54,54,54,100
9/11/2025,CTRAZPCG6A,0,0,0,0,0
9/11/2025,CTTH,39,39,39,39,89400
9/11/2025,CUAN,1425,1445,1405,1420,58880600
9/11/2025,CYBR,990,1040,985,1035,19089500
9/11/2025,CYBR-W,600,840,580,735,6299600
9/11/2025,DAAZ,3050,3050,2870,2930,687800
9/11/2025,DADA,60,60,60,60,20075500
9/11/2025,DART,155,162,153,157,228600
9/11/2025,DATA,5000,5000,5000,5000,7824900
9/11/2025,DAYA,1015,1015,975,1005,8200
9/11/2025,DCII,307000,314750,301000,301500,6100
9/11/2025,DEAL,0,0,0,0,0
9/11/2025,DEFI,388,388,350,350,38100
9/11/2025,DEPO,216,216,206,208,1430700
9/11/2025,DEWA,218,222,214,214,182750300
9/11/2025,DEWI,108,110,106,107,87555000
9/11/2025,DFAM,78,83,78,78,3946100
9/11/2025,DGIK,95,95,93,94,3608300
9/11/2025,DGNS,143,150,141,143,896600
9/11/2025,DGWG,412,414,404,404,11445200
9/11/2025,DIGI,32,32,31,31,979300
9/11/2025,DILD,133,137,132,136,7200500
9/11/2025,DIVA,120,137,119,127,24305000
9/11/2025,DKFT,685,700,675,675,11579500
9/11/2025,DKHH,102,105,102,105,10965500
9/11/2025,DKHH-W,16,17,15,17,8919400
9/11/2025,DLTA,1980,1995,1965,1985,29700
9/11/2025,DMAS,137,138,136,138,44549800
9/11/2025,DMMX,356,394,356,390,7751500
9/11/2025,DMND,575,575,570,575,37600
9/11/2025,DNAR,119,123,119,121,8184300
9/11/2025,DNET,9125,9125,9000,9050,23100
9/11/2025,DOID,360,364,356,356,5384800
9/11/2025,DOOH,145,161,140,161,397506300
9/11/2025,DOSS,179,191,167,179,25410100
9/11/2025,DPNS,340,350,308,318,837300
9/11/2025,DPUM,69,74,67,69,10528700
9/11/2025,DRMA,995,1000,990,1000,189500
9/11/2025,DSFI,81,84,80,81,4523900
9/11/2025,DSNG,1660,1695,1605,1680,35654700
9/11/2025,DSNGDRCK6A,88,88,85,85,600
9/11/2025,DSSA,104975,105600,93000,96250,2953900
9/11/2025,DUCK,0,0,0,0,0
9/11/2025,DUTI,4430,4430,4250,4300,13600
9/11/2025,DVLA,1610,1610,1600,1610,6300
9/11/2025,DWGL,228,230,228,230,246500
9/11/2025,DYAN,88,89,86,88,1019500
9/11/2025,EAST,94,95,93,94,2309300
9/11/2025,ECII,186,191,185,188,421300
9/11/2025,EDGE,4220,4220,4150,4150,24000
9/11/2025,EKAD,190,191,188,190,151200
9/11/2025,ELIT,183,186,181,182,13920500
9/11/2025,ELPI,344,360,342,352,507500
9/11/2025,ELSA,490,510,490,505,26042200
9/11/2025,ELSADRCJ6A,0,0,0,0,0
9/11/2025,ELSAZPCG6A,32,36,32,34,2338600
9/11/2025,ELTY,16,16,15,15,379713200
9/11/2025,EMDE,94,106,93,100,9981400
9/11/2025,EMTK,1245,1265,1200,1220,67840100
9/11/2025,EMTKBQCZ5A,0,0,0,0,0
9/11/2025,EMTKDRCK6A,63,63,57,58,175700
9/11/2025,EMTKHDCZ5A,0,0,0,0,0
9/11/2025,EMTKYUCV5A,157,157,157,157,100
9/11/2025,EMTKZPCH6A,153,153,149,149,200
9/11/2025,ENAK,690,700,690,700,1301500
9/11/2025,ENRG,600,605,580,595,57104600
9/11/2025,ENRGBQCZ5A,27,28,26,27,4488800
9/11/2025,ENRGDRCJ6A,80,80,80,80,100
9/11/2025,ENRGHDCK6A,39,39,39,39,100
9/11/2025,ENRGHDCZ5A,226,226,226,226,500
9/11/2025,ENRGZPCG6A,178,178,178,178,100000
9/11/2025,ENRGZPCK6A,23,23,22,22,252600
9/11/2025,ENVY,0,0,0,0,0
9/11/2025,ENZO,39,39,38,39,1241600
9/11/2025,EPAC,36,36,36,36,10053300
9/11/2025,EPMT,2290,2320,2290,2300,16200
9/11/2025,ERAA,440,446,438,440,46271100
9/11/2025,ERAABQCZ5A,0,0,0,0,0
9/11/2025,ERAADRCJ6A,11,12,11,11,109600
9/11/2025,ERAAHDCZ5A,32,32,32,32,300
9/11/2025,ERAAZPCH6A,0,0,0,0,0
9/11/2025,ERAL,326,334,326,330,9238600
9/11/2025,ERTX,125,128,122,123,1645100
9/11/2025,ESIP,48,52,47,52,1591700
9/11/2025,ESSA,640,685,625,685,271358900
9/11/2025,ESSABQCZ5A,49,63,49,63,194700
9/11/2025,ESSAHDCH6A,60,63,60,63,7700
9/11/2025,ESSAYUCZ5A,47,51,47,51,300
9/11/2025,ESSAZPCK6A,19,24,19,24,1616900
9/11/2025,ESTA,75,75,71,73,9292700
9/11/2025,ESTI,54,54,52,54,1764900
9/11/2025,ETWA,0,0,0,0,0
9/11/2025,EURO,286,300,282,282,97800
9/11/2025,EXCL,2600,2660,2590,2590,6134400
9/11/2025,EXCLHDCJ6A,35,35,35,35,2900
9/11/2025,EXCLZPCF6A,0,0,0,0,0
9/11/2025,FAPA,6000,6050,6000,6025,7700
9/11/2025,FAST,328,328,318,318,1146700
9/11/2025,FASW,0,0,0,0,0
9/11/2025,FILM,4130,4200,3910,4000,6344900
9/11/2025,FIMP,0,0,0,0,0
9/11/2025,FIRE,83,84,81,82,6192400
9/11/2025,FISH,0,0,0,0,0
9/11/2025,FITT,0,0,0,0,0
9/11/2025,FLMC,214,214,214,214,2447200
9/11/2025,FMII,370,370,366,366,35200
9/11/2025,FOLK,76,82,76,79,1116500
9/11/2025,FOOD,155,155,155,155,346400
9/11/2025,FORE,510,515,498,500,8861400
9/11/2025,FORU,1175,1195,1150,1180,139500
9/11/2025,FPNI,194,195,192,194,364400
9/11/2025,FUJI,404,430,404,412,62451900
9/11/2025,FUTR,278,334,272,334,535573800
9/11/2025,FWCT,154,158,153,157,275200
9/11/2025,GAMA,0,0,0,0,0
9/11/2025,GDST,107,110,106,110,1848100
9/11/2025,GDYR,1150,1180,1150,1165,300
9/11/2025,GEMA,115,118,113,117,7930500
9/11/2025,GEMS,9000,9100,9000,9000,219400
9/11/2025,GGRM,8825,9050,8800,8800,528200
9/11/2025,GGRMZPCG6A,39,39,38,39,600
9/11/2025,GGRP,232,232,224,228,339700
9/11/2025,GHON,1630,1660,1630,1635,4800
9/11/2025,GIAA,66,67,66,67,18104100
9/11/2025,GJTL,1010,1030,1010,1020,2008100
9/11/2025,GJTLZPCJ6A,23,24,23,24,20100
9/11/2025,GLOB,52,52,52,52,47500
9/11/2025,GLVA,320,330,320,330,2600
9/11/2025,GMFI,59,59,59,59,3014400
9/11/2025,GMTD,2280,2280,2150,2210,800
9/11/2025,GOLD,280,290,268,284,151300
9/11/2025,GOLF,212,212,208,210,1636300
9/11/2025,GOLL,0,0,0,0,0
9/11/2025,GOOD,368,372,368,368,224700
9/11/2025,GOTO,57,58,56,57,2362188800
9/11/2025,GOTOBQCZ5A,2,2,2,2,500
9/11/2025,GOTODRCG6A,0,0,0,0,0
9/11/2025,GOTOM,0,0,0,0,0
9/11/2025,GOTOZPCH6A,25,25,25,25,900
9/11/2025,GOTOZPCK6A,12,13,12,12,163600
9/11/2025,GPRA,129,134,128,134,95803900
9/11/2025,GPSO,290,290,250,268,10052300
9/11/2025,GRIA,144,145,140,141,25613400
9/11/2025,GRPH,66,79,64,73,249512500
9/11/2025,GRPM,55,57,53,56,10256400
9/11/2025,GRPM-W,15,15,14,15,3227600
9/11/2025,GSMF,97,104,95,98,10361200
9/11/2025,GTBO,189,189,185,187,366300
9/11/2025,GTRA,141,142,138,141,934400
9/11/2025,GTSI,93,100,93,95,93512300
9/11/2025,GULA,336,374,336,362,6338800
9/11/2025,GUNA,238,238,234,234,154800
9/11/2025,GWSA,153,155,151,153,141200
9/11/2025,GZCO,206,212,200,204,97768100
9/11/2025,HADE,42,42,42,42,17448300
9/11/2025,HAIS,190,191,189,190,1866300
9/11/2025,HAJJ,118,122,117,119,5998000
9/11/2025,HAJJ-W,17,17,15,17,5024100
9/11/2025,HALO,84,84,82,84,2293300
9/11/2025,HALO-W,14,14,12,14,2828500
9/11/2025,HATM,252,258,250,254,28740000
9/11/2025,HBAT,182,182,182,182,1312900
9/11/2025,HDFA,119,152,119,121,1787100
9/11/2025,HDIT,58,60,58,60,9168300
9/11/2025,HEAL,1715,1725,1710,1715,8424300
9/11/2025,HEALBQCZ5A,40,40,40,40,100
9/11/2025,HEALDRCJ6A,0,0,0,0,0
9/11/2025,HEALHDCH6A,0,0,0,0,0
9/11/2025,HEALYUCZ5A,80,81,80,81,5600
9/11/2025,HEALZPCH6A,0,0,0,0,0
9/11/2025,HELI,240,252,238,246,538400
9/11/2025,HERO,398,398,384,390,144800
9/11/2025,HEXA,5450,5500,5450,5475,336100
9/11/2025,HGII,145,145,143,145,8304500
9/11/2025,HILL,204,206,202,204,104646200
9/11/2025,HITS,0,0,0,0,0
9/11/2025,HKMU,0,0,0,0,0
9/11/2025,HMSP,555,565,545,545,25556500
9/11/2025,HOKI,78,80,77,79,12475500
9/11/2025,HOME,0,0,0,0,0
9/11/2025,HOMI,210,224,208,212,6374400
9/11/2025,HOPE,160,160,145,160,18123100
9/11/2025,HOTL,0,0,0,0,0
9/11/2025,HRME,42,45,38,45,6937500
9/11/2025,HRTA,845,855,820,825,19357700
9/11/2025,HRUM,1085,1130,1070,1105,53324500
9/11/2025,HRUMHDCK6A,64,65,59,61,1582500
9/11/2025,HRUMZPCG6A,62,66,62,65,102900
9/11/2025,HUMI,146,159,141,148,337777500
9/11/2025,HUMI-W,24,27,23,25,37282300
9/11/2025,HYGN,159,162,159,162,1050000
9/11/2025,IATA,70,70,70,70,41971700
9/11/2025,IATA-W,28,30,28,30,4700
9/11/2025,IBFN,30,31,27,31,1389100
9/11/2025,IBOS,44,45,42,43,10535100
9/11/2025,IBST,0,0,0,0,0
9/11/2025,ICBP,9225,9400,9200,9300,4876500
9/11/2025,ICBPDRCX6A,0,0,0,0,0
9/11/2025,ICBPHDCJ6A,0,0,0,0,0
9/11/2025,ICBPZPCX5A,0,0,0,0,0
9/11/2025,ICON,46,46,46,46,131200
9/11/2025,IDEA,85,94,85,94,11384700
9/11/2025,IDPR,246,256,244,252,254100
9/11/2025,IFII,236,242,236,240,64800
9/11/2025,IFSH,825,825,795,800,14900
9/11/2025,IGAR,515,520,510,510,36400
9/11/2025,IIKP,0,0,0,0,0
9/11/2025,IKAI,30,30,30,30,16315900
9/11/2025,IKAN,132,137,130,131,18625200
9/11/2025,IKBI,498,510,498,500,245600
9/11/2025,IKPM,214,214,206,210,960700
9/11/2025,IMAS,1085,1110,1065,1100,275300
9/11/2025,IMJS,230,240,228,238,7936600
9/11/2025,IMPC,1450,1450,1335,1375,36261800
9/11/2025,INAF,0,0,0,0,0
9/11/2025,INAI,157,157,151,154,34700
9/11/2025,INCF,38,41,38,41,5291600
9/11/2025,INCI,605,605,595,605,24700
9/11/2025,INCO,3930,3930,3700,3740,12475100
9/11/2025,INCOBQCV5A,28,28,23,23,1290300
9/11/2025,INCODRCK6A,70,70,70,70,10000
9/11/2025,INCODRCX5A,88,88,87,87,27300
9/11/2025,INCODRPV5A,0,0,0,0,0
9/11/2025,INCOHDCJ6A,0,0,0,0,0
9/11/2025,INCOYUCZ5A,82,82,82,82,100
9/11/2025,INCOZPCK6A,40,40,40,40,183000
9/11/2025,INCOZPCX5A,0,0,0,0,0
9/11/2025,INDF,7475,7525,7450,7475,5294000
9/11/2025,INDFBQCV5A,0,0,0,0,0
9/11/2025,INDFDRCX6A,3950,3950,3950,3950,1500
9/11/2025,INDFHDCJ6A,0,0,0,0,0
9/11/2025,INDO,240,248,234,246,5829200
9/11/2025,INDR,2620,2620,2530,2580,7500
9/11/2025,INDS,222,224,218,222,84800
9/11/2025,INDX,88,91,85,89,7426200
9/11/2025,INDY,1885,1950,1865,1870,50411700
9/11/2025,INDYHDCJ6A,173,178,171,171,43500
9/11/2025,INDYZPCG6A,93,93,87,90,296300
9/11/2025,INET,224,226,220,220,78952100
9/11/2025,INET-W,130,134,125,129,6781100
9/11/2025,INKP,7625,7775,7575,7575,2973700
9/11/2025,INKPBQCX5A,0,0,0,0,0
9/11/2025,INKPDRCF6A,191,191,191,191,600
9/11/2025,INKPZPCF6A,0,0,0,0,0
9/11/2025,INKPZPCK6A,37,37,37,37,5900
9/11/2025,INOV,94,97,93,96,664600
9/11/2025,INPC,169,174,166,168,15404500
9/11/2025,INPP,790,805,730,775,251200
9/11/2025,INPS,118,118,117,118,327800
9/11/2025,INRU,840,840,790,805,90400
9/11/2025,INTA,25,25,23,23,3691600
9/11/2025,INTD,195,202,195,198,115400
9/11/2025,INTP,7000,7025,6825,6975,1635000
9/11/2025,INTPZPCG6A,0,0,0,0,0
9/11/2025,IOTF,95,95,92,93,34661800
9/11/2025,IPAC,155,161,152,153,1600
9/11/2025,IPCC,1115,1125,1115,1120,964800
9/11/2025,IPCM,290,294,290,292,885300
9/11/2025,IPOL,137,142,130,137,1056400
9/11/2025,IPPE,0,0,0,0,0
9/11/2025,IPTV,43,43,42,42,11963400
9/11/2025,IRRA,428,428,418,424,679500
9/11/2025,IRSX,152,152,152,152,2843400
9/11/2025,ISAP,30,36,30,36,504388600
9/11/2025,ISAP-W,11,15,11,14,192296600
9/11/2025,ISAT,1920,1965,1900,1900,11739400
9/11/2025,ISATBQCU5A,8,9,6,6,1114500
9/11/2025,ISATDRCG6A,47,47,47,47,25000
9/11/2025,ISATDRCX5A,40,40,40,40,253900
9/11/2025,ISATHDCJ6A,19,19,19,19,573700
9/11/2025,ISATZPCF6A,0,0,0,0,0
9/11/2025,ISEA,96,97,90,90,26024800
9/11/2025,ISSP,406,406,400,400,2316800
9/11/2025,ITIC,236,246,226,238,1468300
9/11/2025,ITMA,0,0,0,0,0
9/11/2025,ITMG,22325,22450,22325,22325,1168400
9/11/2025,ITMGHDCJ6A,0,0,0,0,0
9/11/2025,ITMGZPCJ6A,66,66,66,66,20000
9/11/2025,JARR,1850,1850,1800,1800,9990100
9/11/2025,JAST,100,100,94,97,6585900
9/11/2025,JATI,134,137,132,132,1985600
9/11/2025,JAWA,145,146,142,145,558300
9/11/2025,JAYA,103,109,100,101,6922700
9/11/2025,JECC,1125,1150,1090,1120,92100
9/11/2025,JGLE,13,14,13,14,283945300
9/11/2025,JIHD,670,690,660,675,728400
9/11/2025,JKON,86,89,85,86,9741500
9/11/2025,JMAS,150,150,144,149,59500
9/11/2025,JPFA,1830,1925,1830,1885,103846700
9/11/2025,JPFABQCZ5A,0,0,0,0,0
9/11/2025,JPFADRCJ6A,55,61,55,61,595900
9/11/2025,JPFAHDCZ5A,0,0,0,0,0
9/11/2025,JPFAZPCG6A,0,0,0,0,0
9/11/2025,JRPT,785,805,785,805,753400
9/11/2025,JSKY,0,0,0,0,0
9/11/2025,JSMR,3460,3510,3440,3460,4965600
9/11/2025,JSMRDRCK6A,0,0,0,0,0
9/11/2025,JSMRHDCH6A,0,0,0,0,0
9/11/2025,JSMRZPCG6A,0,0,0,0,0
9/11/2025,JSPT,3910,3910,3790,3890,20000
9/11/2025,JTPE,320,322,318,318,721800
9/11/2025,KAEF,515,515,500,505,1307800
9/11/2025,KAQI,69,72,68,70,19149300
9/11/2025,KARW,585,585,585,585,1710800
9/11/2025,KAYU,0,0,0,0,0
9/11/2025,KBAG,42,42,42,42,14304700
9/11/2025,KBLI,374,374,370,370,118000
9/11/2025,KBLM,382,384,376,378,88700
9/11/2025,KBLV,240,266,234,244,169098200
9/11/2025,KBRI,0,0,0,0,0
9/11/2025,KDSI,464,472,464,470,8500
9/11/2025,KDTN,131,134,125,128,4688200
9/11/2025,KEEN,825,840,820,835,2312000
9/11/2025,KEJU,600,610,600,610,650100
9/11/2025,KETR,625,625,575,590,10829700
9/11/2025,KIAS,0,0,0,0,0
9/11/2025,KICI,140,146,137,144,849100
9/11/2025,KIJA,200,200,197,199,141374700
9/11/2025,KING,198,198,196,197,214600
9/11/2025,KING-W,14,14,12,14,5473300
9/11/2025,KINO,1125,1125,1115,1115,8400
9/11/2025,KIOS,83,84,81,82,8770100
9/11/2025,KJEN,127,171,123,171,86299800
9/11/2025,KKES,36,36,35,36,1286600
9/11/2025,KKGI,322,340,320,330,4844900
9/11/2025,KLAS,130,132,128,131,4767000
9/11/2025,KLBF,1175,1215,1170,1200,107859700
9/11/2025,KLBFBQCV5A,3,5,3,5,1109200
9/11/2025,KLBFDRCG6A,19,20,19,20,4800
9/11/2025,KLBFZPCF6A,0,0,0,0,0
9/11/2025,KLBFZPCJ6A,26,26,26,26,100
9/11/2025,KLIN,189,192,188,189,162900
9/11/2025,KMDS,625,630,615,630,529500
9/11/2025,KMTR,288,302,280,290,1769700
9/11/2025,KOBX,139,144,138,141,463800
9/11/2025,KOCI,61,65,60,61,20368400
9/11/2025,KOCI-W,15,17,14,16,16756000
9/11/2025,KOIN,73,73,73,73,78900
9/11/2025,KOKA,91,97,91,94,15117900
9/11/2025,KONI,2000,2010,1650,1730,89000
9/11/2025,KOPI,326,334,320,330,127800
9/11/2025,KOTA,32,33,32,33,19179900
9/11/2025,KPIG,194,206,194,197,102155900
9/11/2025,KRAS,302,316,302,304,41559300
9/11/2025,KREN,17,18,17,18,97529000
9/11/2025,KRYA,192,248,190,248,362273700
9/11/2025,KSIX,234,238,228,236,417200
9/11/2025,KUAS,70,72,68,71,4355700
9/11/2025,LABA,0,0,0,0,0
9/11/2025,LABS,142,142,139,142,434800
9/11/2025,LAJU,78,79,73,75,80011200
9/11/2025,LAND,42,42,41,41,1372000
9/11/2025,LAPD,141,141,141,141,7111600
9/11/2025,LCGP,0,0,0,0,0
9/11/2025,LCKM,204,214,202,212,10600
9/11/2025,LEAD,75,81,75,78,31901600
9/11/2025,LFLO,250,258,238,240,62900
9/11/2025,LIFE,12500,15200,12500,15200,63900
9/11/2025,LINK,2720,2990,2720,2990,50500
9/11/2025,LION,0,0,0,0,0
9/11/2025,LIVE,232,246,232,242,25170600
9/11/2025,LMAS,0,0,0,0,0
9/11/2025,LMAX,75,77,72,74,878500
9/11/2025,LMPI,141,147,141,144,232700
9/11/2025,LMSH,0,0,0,0,0
9/11/2025,LOPI,74,75,74,75,4990900
9/11/2025,LPCK,645,645,610,620,870900
9/11/2025,LPGI,444,450,444,448,400
9/11/2025,LPIN,416,418,410,416,15800
9/11/2025,LPKR,108,109,103,104,329013000
9/11/2025,LPLI,314,316,306,316,217200
9/11/2025,LPPF,1590,1655,1575,1625,2673600
9/11/2025,LPPS,83,85,81,82,3281100
9/11/2025,LRNA,179,185,179,183,528600
9/11/2025,LSIP,1345,1360,1335,1340,3134000
9/11/2025,LSIPDRCK6A,0,0,0,0,0
9/11/2025,LSIPHDCJ6A,0,0,0,0,0
9/11/2025,LSIPYUCZ5A,64,64,64,64,200
9/11/2025,LSIPZPCG6A,0,0,0,0,0
9/11/2025,LTLS,840,855,830,835,48800
9/11/2025,LUCK,80,108,80,106,194555100
9/11/2025,LUCY,93,102,90,93,6723300
9/11/2025,MABA,0,0,0,0,0
9/11/2025,MAGP,0,0,0,0,0
9/11/2025,MAHA,152,171,152,162,82416300
9/11/2025,MAIN,695,720,695,705,6424100
9/11/2025,MANG,47,51,47,51,23969700
9/11/2025,MANG-W,25,27,25,26,6294300
9/11/2025,MAPA,605,620,590,590,31225600
9/11/2025,MAPABQCZ5A,18,19,18,19,640100
9/11/2025,MAPADRCJ6A,16,16,16,16,100
9/11/2025,MAPAHDCZ5A,0,0,0,0,0
9/11/2025,MAPAZPCH6A,33,33,33,33,100
9/11/2025,MAPB,1735,1740,1680,1710,12900
9/11/2025,MAPI,1225,1240,1175,1175,63481700
9/11/2025,MAPIBQCV5A,1,5,1,3,7345700
9/11/2025,MAPIDRCX5A,19,22,18,18,1194600
9/11/2025,MAPIHDCK6A,73,73,73,73,3600
9/11/2025,MAPIZPCJ6A,0,0,0,0,0
9/11/2025,MARI,30,35,30,35,3892600
9/11/2025,MARK,630,655,625,640,19183400
9/11/2025,MASA,0,0,0,0,0
9/11/2025,MASB,3350,3380,3290,3290,1200
9/11/2025,MAXI,58,59,57,57,26227800
9/11/2025,MAYA,230,244,228,240,28606200
9/11/2025,MBAP,1590,1625,1590,1600,45300
9/11/2025,MBMA,434,434,422,424,119697600
9/11/2025,MBMABQCX5A,16,16,14,14,4937200
9/11/2025,MBMADRCX5A,26,26,25,25,315200
9/11/2025,MBMADRPX5A,0,0,0,0,0
9/11/2025,MBMAHDCH6A,61,62,61,61,1742200
9/11/2025,MBMAZPCK6A,20,20,19,19,80300
9/11/2025,MBMAZPCX5A,51,51,51,51,400
9/11/2025,MBSS,1520,1545,1500,1505,808300
9/11/2025,MBTO,120,120,113,116,1924400
9/11/2025,MCAS,800,975,800,975,3933100
9/11/2025,MCOL,3670,3700,3600,3660,23900
9/11/2025,MCOR,75,76,73,74,5639200
9/11/2025,MDIA,39,39,37,39,1111500
9/11/2025,MDIY,1025,1045,1025,1035,6547100
9/11/2025,MDKA,2620,2620,2470,2500,106312500
9/11/2025,MDKABQCV5A,124,124,124,124,8600
9/11/2025,MDKABQCX5B,45,45,45,45,28700
9/11/2025,MDKADRCK6A,89,89,81,82,2549700
9/11/2025,MDKADRCV5A,102,102,96,96,207000
9/11/2025,MDKADRPX5A,26,26,26,26,4600
9/11/2025,MDKAHDCU5A,177,181,177,181,100000
9/11/2025,MDKAHDCZ5A,0,0,0,0,0
9/11/2025,MDKAZPCF6A,0,0,0,0,0
9/11/2025,MDKI,159,162,158,160,85600
9/11/2025,MDLA,240,244,234,236,2799200
9/11/2025,MDLN,70,71,68,69,36843800
9/11/2025,MDRN,31,33,31,33,37736400
9/11/2025,MEDC,1245,1265,1220,1220,21374200
9/11/2025,MEDCBQCV5A,43,44,40,40,101600
9/11/2025,MEDCBQCX5B,27,27,25,26,14538600
9/11/2025,MEDCBQCZ5A,29,29,27,27,82300
9/11/2025,MEDCDRCG6A,33,33,33,33,129000
9/11/2025,MEDCDRPV5A,0,0,0,0,0
9/11/2025,MEDCHDCH6A,0,0,0,0,0
9/11/2025,MEDCZPCF6A,0,0,0,0,0
9/11/2025,MEDS,67,71,64,67,44220400
9/11/2025,MEGA,3260,3300,3260,3280,19300
9/11/2025,MEJA,88,88,82,88,81612200
9/11/2025,MEJA-W,32,36,28,31,116445200
9/11/2025,MENN,69,69,60,64,59499100
9/11/2025,MERI,224,232,220,224,3878700
9/11/2025,MERK,2800,2840,2790,2810,11100
9/11/2025,META,0,0,0,0,0
9/11/2025,MFIN,1050,1050,990,1005,395000
9/11/2025,MFMI,0,0,0,0,0
9/11/2025,MGLV,1270,1270,1270,1270,1375700
9/11/2025,MGNA,45,45,41,44,590600
9/11/2025,MGNA-W,41,41,40,40,5300
9/11/2025,MGRO,725,760,715,745,5877500
9/11/2025,MHKI,150,171,148,161,139766300
9/11/2025,MICE,494,494,488,490,35300
9/11/2025,MIDI,456,458,450,452,37930400
9/11/2025,MIKA,2340,2340,2290,2300,5151900
9/11/2025,MIKAZPCG6A,0,0,0,0,0
9/11/2025,MINA,164,167,158,160,121238900
9/11/2025,MINE,575,580,565,570,2750700
9/11/2025,MIRA,67,67,65,65,5731900
9/11/2025,MITI,342,380,342,360,7962500
9/11/2025,MKAP,348,352,344,350,503700
9/11/2025,MKNT,0,0,0,0,0
9/11/2025,MKPI,25100,25575,25075,25075,21000
9/11/2025,MKTR,126,133,123,132,16870900
9/11/2025,MKTR-W,14,17,13,15,15529800
9/11/2025,MLBI,5850,6000,5800,5800,67700
9/11/2025,MLIA,352,352,348,352,3060300
9/11/2025,MLPL,135,140,133,138,138120000
9/11/2025,MLPT,72250,72300,72250,72300,6200
9/11/2025,MMIX,326,404,326,388,23024900
9/11/2025,MMLP,535,535,530,535,2868700
9/11/2025,MNCN,254,258,250,258,24012000
9/11/2025,MOLI,226,226,216,224,2015600
9/11/2025,MORA,430,440,420,432,146100
9/11/2025,MPIX,71,73,69,71,16911700
9/11/2025,MPIX-W,13,14,13,14,2057600
9/11/2025,MPMX,950,960,945,950,5466800
9/11/2025,MPOW,112,117,112,115,569400
9/11/2025,MPPA,70,76,69,72,90202800
9/11/2025,MPRO,4480,4500,4480,4500,4200
9/11/2025,MPXL,134,142,134,141,21356900
9/11/2025,MRAT,218,226,214,216,1654800
9/11/2025,MREI,935,970,935,970,90200
9/11/2025,MSIE,52,57,50,57,22401700
9/11/2025,MSIN,605,605,550,590,16299800
9/11/2025,MSJA,302,304,298,302,2910800
9/11/2025,MSKY,90,102,89,95,222764000
9/11/2025,MSTI,1535,1585,1535,1540,1483100
9/11/2025,MTDL,605,630,605,615,9649800
9/11/2025,MTEL,585,590,575,575,3182000
9/11/2025,MTELDRCK6A,19,19,19,19,200
9/11/2025,MTFN,13,13,12,12,205840900
9/11/2025,MTLA,436,438,434,434,9900
9/11/2025,MTMH,1310,1350,1145,1160,869400
9/11/2025,MTPS,41,41,40,41,1362700
9/11/2025,MTRA,0,0,0,0,0
9/11/2025,MTSM,0,0,0,0,0
9/11/2025,MTWI,374,374,362,370,132100
9/11/2025,MUTU,98,99,96,97,3360400
9/11/2025,MYOH,1705,1725,1700,1720,27600
9/11/2025,MYOR,2120,2130,2050,2050,4137700
9/11/2025,MYORDRCK6A,0,0,0,0,0
9/11/2025,MYORZPCH6A,0,0,0,0,0
9/11/2025,MYTX,0,0,0,0,0
9/11/2025,NAIK,141,141,138,140,10929400
9/11/2025,NAIK-W,24,25,24,24,2651300
9/11/2025,NANO,65,72,60,72,245302000
9/11/2025,NASA,44,47,44,47,5295400
9/11/2025,NASI,88,93,87,89,9442200
9/11/2025,NATO,133,147,132,141,1379100
9/11/2025,NAYZ,133,133,120,125,16651800
9/11/2025,NCKL,1105,1105,1050,1065,51029800
9/11/2025,NCKLDRCK6A,47,47,45,45,108400
9/11/2025,NCKLYUCZ5A,94,94,94,94,100
9/11/2025,NCKLZPCJ6A,64,65,63,64,99200
9/11/2025,NELY,352,356,348,352,1442500
9/11/2025,NEST,264,270,262,266,7432500
9/11/2025,NETV,130,132,130,131,1353400
9/11/2025,NFCX,1750,2180,1750,1965,878800
9/11/2025,NICE,454,472,442,448,17283700
9/11/2025,NICK,1405,1410,1350,1405,1600
9/11/2025,NICL,1055,1060,1020,1020,13248000
9/11/2025,NIKL,228,234,228,232,4671200
9/11/2025,NINE,0,0,0,0,0
9/11/2025,NIRO,120,122,120,121,36400
9/11/2025,NISP,1365,1380,1365,1370,9292700
9/11/2025,NOBU,540,560,540,555,4837900
9/11/2025,NPGF,60,61,58,59,22643400
9/11/2025,NRCA,1120,1135,1035,1050,28923200
9/11/2025,NSSS,452,452,428,442,9092000
9/11/2025,NTBK,60,65,59,62,90115900
9/11/2025,NUSA,0,0,0,0,0
9/11/2025,NZIA,95,98,94,95,556000
9/11/2025,OASA,252,282,252,280,507989400
9/11/2025,OBAT,462,478,460,474,3220400
9/11/2025,OBAT-W,104,111,104,108,2545400
9/11/2025,OBMD,310,314,290,294,2185700
9/11/2025,OCAP,0,0,0,0,0
9/11/2025,OILS,136,141,134,138,1144700
9/11/2025,OKAS,274,292,272,274,11607300
9/11/2025,OLIV,82,90,82,90,29632400
9/11/2025,OMED,188,190,188,189,173700
9/11/2025,OMRE,0,0,0,0,0
9/11/2025,OPMS,82,100,82,85,107773400
9/11/2025,PACK,2370,2370,2140,2140,19384600
9/11/2025,PADA,50,50,43,45,11400900
9/11/2025,PADI,73,73,71,71,17297900
9/11/2025,PALM,424,426,408,410,837700
9/11/2025,PAMG,74,75,73,73,4899700
9/11/2025,PANI,14300,14475,13825,14000,7819200
9/11/2025,PANIBQCZ5A,52,52,52,52,196100
9/11/2025,PANIHDCJ6A,115,116,114,114,469600
9/11/2025,PANIHDCZ5A,167,167,167,167,10000
9/11/2025,PANIZPCJ6A,75,75,69,69,7048900
9/11/2025,PANR,735,745,710,710,643800
9/11/2025,PANS,1395,1400,1385,1390,193900
9/11/2025,PART,116,118,114,116,75176100
9/11/2025,PART-W,21,21,20,21,4582100
9/11/2025,PBID,480,490,480,488,883700
9/11/2025,PBRX,55,55,55,55,173787300
9/11/2025,PBSA,900,940,885,930,7387100
9/11/2025,PCAR,49,49,49,49,8113100
9/11/2025,PDES,468,468,466,466,5100
9/11/2025,PDPP,490,492,482,488,47600
9/11/2025,PEGE,112,126,105,116,9629300
9/11/2025,PEHA,336,336,324,332,31000
9/11/2025,PEVE,450,450,432,434,615200
9/11/2025,PGAS,1715,1770,1715,1750,40032400
9/11/2025,PGASBQCU5A,0,0,0,0,0
9/11/2025,PGASBQCZ5A,0,0,0,0,0
9/11/2025,PGASDRCG6A,74,74,74,74,150000
9/11/2025,PGASHDCK6A,0,0,0,0,0
9/11/2025,PGASZPCJ6A,49,49,49,49,900
9/11/2025,PGEO,1405,1425,1390,1405,36404200
9/11/2025,PGEOBQCX5B,24,24,24,24,15200
9/11/2025,PGEODRCJ6A,39,41,39,40,108400
9/11/2025,PGEODRPV5A,0,0,0,0,0
9/11/2025,PGEOHDCH6A,0,0,0,0,0
9/11/2025,PGEOHDCH6B,0,0,0,0,0
9/11/2025,PGEOZPCJ6A,0,0,0,0,0
9/11/2025,PGJO,0,0,0,0,0
9/11/2025,PGLI,188,188,178,187,456600
9/11/2025,PGUN,0,0,0,0,0
9/11/2025,PICO,137,165,135,144,14778000
9/11/2025,PIPA,0,0,0,0,0
9/11/2025,PJAA,494,510,482,482,810000
9/11/2025,PKPK,595,600,570,590,32400
9/11/2025,PLAN,57,60,54,56,25044600
9/11/2025,PLAS,0,0,0,0,0
9/11/2025,PLIN,0,0,0,0,0
9/11/2025,PMJS,122,123,118,119,570100
9/11/2025,PMMP,0,0,0,0,0
9/11/2025,PMUI,127,133,127,130,3600800
9/11/2025,PNBN,1130,1140,1120,1130,9492800
9/11/2025,PNBS,55,57,54,55,25095100
9/11/2025,PNGO,2400,2460,2290,2400,28800
9/11/2025,PNIN,820,840,820,825,602200
9/11/2025,PNLF,246,254,246,252,64964500
9/11/2025,PNLFDRCJ6A,14,14,14,14,20200
9/11/2025,PNLFHDCZ5A,0,0,0,0,0
9/11/2025,PNLFYUCV5A,0,0,0,0,0
9/11/2025,PNLFZPCH6A,37,38,37,38,2200
9/11/2025,PNSE,800,840,750,780,47300
9/11/2025,POLA,33,33,33,33,2751900
9/11/2025,POLI,725,725,715,715,600
9/11/2025,POLL,0,0,0,0,0
9/11/2025,POLU,17500,17500,15025,15925,238300
9/11/2025,POLY,28,28,28,28,473400
9/11/2025,POOL,0,0,0,0,0
9/11/2025,PORT,930,1150,920,1035,208100
9/11/2025,POSA,0,0,0,0,0
9/11/2025,POWR,705,710,695,695,4273300
9/11/2025,PPGL,103,106,103,106,560400
9/11/2025,PPRE,101,101,97,98,16202700
9/11/2025,PPRI,366,450,366,422,149897700
9/11/2025,PPRO,0,0,0,0,0
9/11/2025,PRAY,680,680,665,680,6200
9/11/2025,PRDA,2740,2790,2700,2720,139600
9/11/2025,PRIM,91,93,89,90,15678400
9/11/2025,PSAB,535,545,510,520,135203500
9/11/2025,PSAT,1350,1380,1340,1365,603300
9/11/2025,PSDN,98,101,93,98,6283900
9/11/2025,PSGO,208,208,202,206,948600
9/11/2025,PSKT,115,115,110,115,20320200
9/11/2025,PSSI,342,348,342,348,161000
9/11/2025,PTBA,2380,2410,2370,2370,13348700
9/11/2025,PTBABQCV5A,0,0,0,0,0
9/11/2025,PTBADRCG6A,25,25,23,23,141600
9/11/2025,PTBAYUCZ5A,0,0,0,0,0
9/11/2025,PTBAZPCH6A,0,0,0,0,0
9/11/2025,PTDU,0,0,0,0,0
9/11/2025,PTIS,400,412,390,410,88400
9/11/2025,PTMP,94,96,92,95,12417000
9/11/2025,PTMR,0,0,0,0,0
9/11/2025,PTPP,350,354,344,348,14058100
9/11/2025,PTPS,161,164,159,161,6853100
9/11/2025,PTPW,935,945,935,945,22000
9/11/2025,PTRO,3480,3780,3480,3720,70476300
9/11/2025,PTROHDCK6A,111,112,111,112,1800
9/11/2025,PTROZPCK6A,53,59,53,58,34500
9/11/2025,PTSN,476,486,470,474,3157900
9/11/2025,PTSP,900,910,865,875,226100
9/11/2025,PUDP,232,236,228,230,26900
9/11/2025,PURA,32,34,32,34,26545900
9/11/2025,PURE,0,0,0,0,0
9/11/2025,PURI,191,191,182,188,40600
9/11/2025,PWON,362,372,362,362,59208100
9/11/2025,PWONHDCZ5A,0,0,0,0,0
9/11/2025,PWONZPCH6A,0,0,0,0,0
9/11/2025,PYFA,520,545,494,515,48119400
9/11/2025,PYFA-W,101,101,98,99,334500
9/11/2025,PZZA,218,230,216,226,10019300
9/11/2025,R-ABFII,0,0,0,0,0
9/11/2025,R-LQ45X,0,0,0,0,0
9/11/2025,RAAM,308,308,298,306,14919600
9/11/2025,RAFI,0,0,0,0,0
9/11/2025,RAJA,2850,2850,2770,2790,27610800
9/11/2025,RAJAHDCK6A,88,88,85,86,53100
9/11/2025,RAJAZPCK6A,44,44,43,43,177500
9/11/2025,RALS,388,394,388,390,2894600
9/11/2025,RANC,410,418,410,418,1000
9/11/2025,RATU,5575,5650,5500,5550,2620600
9/11/2025,RBMS,48,48,48,48,7755300
9/11/2025,RCCC,222,242,222,240,1709400
9/11/2025,RDTX,11875,11875,11875,11875,7100
9/11/2025,REAL,64,68,60,62,175245900
9/11/2025,RELF,52,57,49,57,66979200
9/11/2025,RELI,635,650,630,640,3200
9/11/2025,RGAS,116,117,114,117,27754400
9/11/2025,RICY,81,81,81,81,3936700
9/11/2025,RIGS,800,820,775,800,64700
9/11/2025,RIMO,0,0,0,0,0
9/11/2025,RISE,1115,1115,1060,1095,639200
9/11/2025,RMKE,975,975,955,965,2896600
9/11/2025,RMKO,132,138,130,134,1952100
9/11/2025,ROCK,605,605,545,600,4000
9/11/2025,RODA,50,50,48,48,617400
9/11/2025,RONY,0,0,0,0,0
9/11/2025,ROTI,790,810,790,800,779300
9/11/2025,RSCH,372,372,366,372,9984100
9/11/2025,RSGK,0,0,0,0,0
9/11/2025,RUIS,220,222,218,218,476000
9/11/2025,RUNS,106,112,102,105,828300
9/11/2025,SAFE,180,188,180,183,337200
9/11/2025,SAGE,40,40,40,40,4265700
9/11/2025,SAME,314,314,302,310,2694900
9/11/2025,SAMF,330,336,326,328,40000
9/11/2025,SAPX,300,306,300,304,274800
9/11/2025,SATU,238,240,238,240,4321700
9/11/2025,SBAT,0,0,0,0,0
9/11/2025,SBMA,131,137,131,135,1615100
9/11/2025,SCCO,2260,2350,2260,2300,57900
9/11/2025,SCMA,306,314,300,306,203416000
9/11/2025,SCMABQCZ5A,127,127,124,124,200
9/11/2025,SCMADRCK6A,90,90,90,90,369300
9/11/2025,SCMAHDCZ5A,0,0,0,0,0
9/11/2025,SCMAZPCG6A,156,158,156,158,200
9/11/2025,SCNP,182,183,176,183,22600
9/11/2025,SCPI,0,0,0,0,0
9/11/2025,SDMU,69,69,69,69,12215000
9/11/2025,SDPC,132,134,130,132,73200
9/11/2025,SDRA,296,302,294,300,263900
9/11/2025,SEMA,97,98,96,98,412900
9/11/2025,SFAN,1915,1920,1915,1920,83500
9/11/2025,SGER,346,350,336,344,122730900
9/11/2025,SGRO,5400,5400,4430,4560,6661300
9/11/2025,SHID,885,910,885,890,8700
9/11/2025,SHIP,4570,4600,4450,4540,24500
9/11/2025,SICO,122,123,118,120,4302300
9/11/2025,SIDO,530,535,525,530,19269600
9/11/2025,SIDODRCK6A,0,0,0,0,0
9/11/2025,SILO,2100,2180,2090,2170,1160400
9/11/2025,SIMA,0,0,0,0,0
9/11/2025,SIMP,635,650,635,635,9733700
9/11/2025,SINI,3710,3710,3700,3700,20300
9/11/2025,SIPD,725,725,725,725,1500
9/11/2025,SKBM,338,378,338,358,39600
9/11/2025,SKLT,186,191,186,187,121500
9/11/2025,SKRN,406,408,404,406,303100
9/11/2025,SKYB,0,0,0,0,0
9/11/2025,SLIS,107,115,100,102,606195100
9/11/2025,SLIS-W,19,22,18,19,35946100
9/11/2025,SMAR,5450,5750,5350,5675,287500
9/11/2025,SMBR,292,296,288,294,10888600
9/11/2025,SMCB,0,0,0,0,0
9/11/2025,SMDM,850,870,810,825,1318300
9/11/2025,SMDR,334,336,330,330,11195800
9/11/2025,SMGA,104,118,103,114,181475200
9/11/2025,SMGR,2780,2820,2710,2780,7999300
9/11/2025,SMGRBQCU5A,2,2,1,2,854800
9/11/2025,SMGRBQCX5B,60,66,60,66,97800
9/11/2025,SMGRBQCZ5A,0,0,0,0,0
9/11/2025,SMGRDRCV5A,0,0,0,0,0
9/11/2025,SMGRHDCZ5A,0,0,0,0,0
9/11/2025,SMGRZPCJ6A,0,0,0,0,0
9/11/2025,SMIL,575,700,575,650,574699600
9/11/2025,SMKL,166,168,159,163,169300
9/11/2025,SMKM,0,0,0,0,0
9/11/2025,SMLE,150,153,150,152,406400
9/11/2025,SMMA,15575,15700,15125,15300,32600
9/11/2025,SMMT,1195,1205,1170,1205,368900
9/11/2025,SMRA,426,448,424,448,54882100
9/11/2025,SMRADRCJ6A,31,31,31,31,4000
9/11/2025,SMRAHDCZ5A,0,0,0,0,0
9/11/2025,SMRAZPCH6A,57,57,57,57,3400
9/11/2025,SMRU,0,0,0,0,0
9/11/2025,SMSM,1920,1920,1890,1890,1089000
9/11/2025,SNLK,472,472,462,462,8058500
9/11/2025,SOCI,191,193,190,192,2668100
9/11/2025,SOFA,50,55,49,55,37532900
9/11/2025,SOHO,735,770,725,730,89500
9/11/2025,SOLA,137,142,135,141,17784300
9/11/2025,SONA,4170,4450,4100,4320,130300
9/11/2025,SOSS,0,0,0,0,0
9/11/2025,SOTS,270,300,260,278,698200
9/11/2025,SOUL,90,100,83,93,3847600
9/11/2025,SPMA,288,290,286,286,58000
9/11/2025,SPRE,77,80,76,77,7348100
9/11/2025,SPTO,670,680,670,675,211800
9/11/2025,SQMI,0,0,0,0,0
9/11/2025,SRAJ,8500,8725,8425,8725,951200
9/11/2025,SRIL,0,0,0,0,0
9/11/2025,SRSN,67,71,66,68,58691900
9/11/2025,SRTG,1965,1985,1910,1920,9947900
9/11/2025,SRTGDRCK6A,0,0,0,0,0
9/11/2025,SRTGHDCK6A,114,114,114,114,4000
9/11/2025,SRTGZPCG6A,105,105,101,101,103200
9/11/2025,SRTGZPCK6A,50,50,50,50,86200
9/11/2025,SSIA,2050,2060,1975,1980,36054500
9/11/2025,SSMS,1410,1420,1375,1400,8271200
9/11/2025,SSTM,310,340,272,294,2484800
9/11/2025,STAA,1030,1070,1025,1065,11924400
9/11/2025,STAR,66,67,66,67,829300
9/11/2025,STRK,0,0,0,0,0
9/11/2025,STTP,10325,10350,10050,10150,900
9/11/2025,SUGI,0,0,0,0,0
9/11/2025,SULI,92,94,91,92,452800
9/11/2025,SUNI,805,850,800,850,2048700
9/11/2025,SUPR,0,0,0,0,0
9/11/2025,SURE,2880,2910,2800,2840,7000
9/11/2025,SURI,116,117,108,108,171606400
9/11/2025,SWAT,0,0,0,0,0
9/11/2025,SWID,105,108,98,100,12217200
9/11/2025,TALF,400,414,376,394,61400
9/11/2025,TAMA,37,39,37,39,2244000
9/11/2025,TAMU,31,31,31,31,30412000
9/11/2025,TAPG,1480,1495,1445,1485,20718700
9/11/2025,TAPGDRCJ6A,0,0,0,0,0
9/11/2025,TAPGHDCH6A,0,0,0,0,0
9/11/2025,TAPGZPCH6A,0,0,0,0,0
9/11/2025,TARA,46,46,46,46,20623800
9/11/2025,TAXI,17,17,17,17,147089100
9/11/2025,TAYS,77,79,74,75,17814400
9/11/2025,TBIG,1865,1905,1840,1840,550500
9/11/2025,TBLA,735,750,730,745,2044600
9/11/2025,TBMS,1030,1035,1005,1025,33600
9/11/2025,TCID,3290,3520,2710,2790,1105900
9/11/2025,TCPI,5925,5925,5750,5775,9310400
9/11/2025,TDPM,0,0,0,0,0
9/11/2025,TEBE,1880,1930,1815,1855,12506500
9/11/2025,TECH,0,0,0,0,0
9/11/2025,TELE,0,0,0,0,0
9/11/2025,TFAS,150,198,150,186,79063200
9/11/2025,TFCO,0,0,0,0,0
9/11/2025,TGKA,5700,5775,5650,5700,36000
9/11/2025,TGRA,0,0,0,0,0
9/11/2025,TGUK,0,0,0,0,0
9/11/2025,TIFA,394,402,388,400,99100
9/11/2025,TINS,1100,1110,1070,1075,28119900
9/11/2025,TIRA,1505,1545,1400,1510,331700
9/11/2025,TIRT,0,0,0,0,0
9/11/2025,TKIM,7250,7375,7250,7300,1028800
9/11/2025,TKIMHDCJ6A,76,76,76,76,2000
9/11/2025,TKIMZPCG6A,107,109,107,109,12800
9/11/2025,TKIMZPCK6A,34,34,34,34,6300
9/11/2025,TLDN,715,720,700,710,1457700
9/11/2025,TLKM,3180,3190,3070,3080,71919900
9/11/2025,TLKMBQCV5A,0,0,0,0,0
9/11/2025,TLKMDRCJ6A,79,80,79,80,400
9/11/2025,TLKMDRCX6A,0,0,0,0,0
9/11/2025,TLKMHDCJ6A,53,53,52,52,5900
9/11/2025,TLKMHDCV5A,0,0,0,0,0
9/11/2025,TLKMZPCF6A,0,0,0,0,0
9/11/2025,TMAS,138,138,135,138,1906400
9/11/2025,TMPO,184,191,175,182,25816600
9/11/2025,TNCA,167,176,167,168,1924700
9/11/2025,TOBA,1260,1300,1245,1270,77745800
9/11/2025,TOOL,63,68,62,64,18322400
9/11/2025,TOPS,0,0,0,0,0
9/11/2025,TOSK,62,69,60,65,167762800
9/11/2025,TOTL,765,780,760,765,1632900
9/11/2025,TOTO,258,260,256,260,537500
9/11/2025,TOWR,580,600,580,585,34999900
9/11/2025,TOWRHDCK6A,0,0,0,0,0
9/11/2025,TOYS,0,0,0,0,0
9/11/2025,TPIA,7625,7875,7600,7800,8323100
9/11/2025,TPMA,580,585,575,580,4391100
9/11/2025,TRAM,0,0,0,0,0
9/11/2025,TRGU,174,174,173,174,103900
9/11/2025,TRIL,0,0,0,0,0
9/11/2025,TRIM,362,374,360,374,576400
9/11/2025,TRIN,92,94,91,93,1237000
9/11/2025,TRIN-W2,0,0,0,0,0
9/11/2025,TRIO,0,0,0,0,0
9/11/2025,TRIS,179,188,179,185,155900
9/11/2025,TRJA,138,141,137,137,888700
9/11/2025,TRON,89,93,88,89,9350300
9/11/2025,TRST,480,492,466,492,52700
9/11/2025,TRUE,47,47,44,44,11314700
9/11/2025,TRUK,254,298,240,278,4637600
9/11/2025,TRUS,476,486,476,478,79200
9/11/2025,TSPC,2230,2290,2210,2260,678300
9/11/2025,TUGU,965,970,960,970,1842100
9/11/2025,TYRE,127,129,125,128,87700
9/11/2025,UANG,1655,1655,1655,1655,4096600
9/11/2025,UCID,462,462,444,450,5069600
9/11/2025,UDNG,2810,2810,2810,2810,111200
9/11/2025,UFOE,178,182,173,178,180100
9/11/2025,ULTJ,1280,1280,1270,1275,2787700
9/11/2025,UNIC,8000,8000,7975,7975,900
9/11/2025,UNIQ,356,368,354,368,54109600
9/11/2025,UNIT,0,0,0,0,0
9/11/2025,UNSP,158,159,150,159,1205600
9/11/2025,UNTD,87,88,85,87,8488500
9/11/2025,UNTR,27175,27175,26350,26525,2943000
9/11/2025,UNTRBQCV5A,0,0,0,0,0
9/11/2025,UNTRDRCG6A,164,164,163,163,15500
9/11/2025,UNTRZPCJ6A,0,0,0,0,0
9/11/2025,UNVR,1725,1745,1710,1720,10286400
9/11/2025,UNVRBQCU5A,10,11,10,11,1980900
9/11/2025,UNVRBQCZ5A,0,0,0,0,0
9/11/2025,UNVRDRCG6A,43,43,43,43,1000000
9/11/2025,UNVRHDPG6A,0,0,0,0,0
9/11/2025,UNVRZPCH6A,0,0,0,0,0
9/11/2025,URBN,144,144,135,140,20900
9/11/2025,UVCR,75,76,73,76,2625800
9/11/2025,VAST,194,197,188,194,7503500
9/11/2025,VAST-W,15,15,14,15,5390100
9/11/2025,VERN,129,130,123,125,5437800
9/11/2025,VERN-W,6,6,5,6,9110200
9/11/2025,VICI,625,630,620,625,483600
9/11/2025,VICO,184,192,178,180,1546500
9/11/2025,VINS,123,133,123,130,494700
9/11/2025,VISI,144,148,143,147,3717500
9/11/2025,VIVA,40,40,40,40,51829700
9/11/2025,VKTR,119,120,116,118,17703000
9/11/2025,VOKS,352,374,328,374,12894000
9/11/2025,VRNA,85,88,85,86,611600
9/11/2025,VTNY,105,109,104,105,24894100
9/11/2025,WAPO,180,182,171,172,5132800
9/11/2025,WEGE,76,79,74,75,33139700
9/11/2025,WEHA,116,117,114,115,768300
9/11/2025,WGSH,204,204,176,197,5563200
9/11/2025,WICO,0,0,0,0,0
9/11/2025,WIDI,39,45,39,45,91999100
9/11/2025,WIFI,2590,2630,2570,2580,37778200
9/11/2025,WIIM,805,820,795,805,1994800
9/11/2025,WIKA,0,0,0,0,0
9/11/2025,WINE,222,222,210,218,331500
9/11/2025,WINR,32,32,31,31,14853500
9/11/2025,WINS,406,410,404,406,1951000
9/11/2025,WIRG,170,182,167,181,1504579300
9/11/2025,WMPP,0,0,0,0,0
9/11/2025,WMUU,22,22,22,22,14499400
9/11/2025,WOMF,342,344,340,340,135000
9/11/2025,WOOD,370,382,364,364,2814000
9/11/2025,WOWS,103,113,96,97,564842600
9/11/2025,WSBP,33,33,33,33,169726100
9/11/2025,WSKT,0,0,0,0,0
9/11/2025,WTON,105,107,103,104,17016900
9/11/2025,XAQA,0,0,0,0,0
9/11/2025,XBES,1028,1030,1028,1029,12500
9/11/2025,XBID,508,508,508,508,40000
9/11/2025,XBIG,0,0,0,0,0
9/11/2025,XBIN,576,576,576,576,40000
9/11/2025,XBLQ,0,0,0,0,0
9/11/2025,XBNI,0,0,0,0,0
9/11/2025,XBSK,449,449,449,449,40000
9/11/2025,XCEG,105,106,105,106,3200
9/11/2025,XCID,69,69,66,67,223500
9/11/2025,XCIS,90,99,90,91,16900
9/11/2025,XCLQ,87,87,87,87,5000
9/11/2025,XDIF,0,0,0,0,0
9/11/2025,XIFE,112,112,101,107,17300
9/11/2025,XIHD,628,628,628,628,200
9/11/2025,XIIC,860,860,860,860,11500
9/11/2025,XIID,0,0,0,0,0
9/11/2025,XIIF,459,464,459,464,1700
9/11/2025,XIIT,500,515,500,510,105900
9/11/2025,XIJI,614,620,614,620,3700
9/11/2025,XILV,150,150,117,117,67600
9/11/2025,XIML,247,247,247,247,230100
9/11/2025,XIPB,194,197,194,197,600
9/11/2025,XIPI,0,0,0,0,0
9/11/2025,XISB,0,0,0,0,0
9/11/2025,XISC,0,0,0,0,0
9/11/2025,XISI,347,347,347,347,100
9/11/2025,XISR,0,0,0,0,0
9/11/2025,XKID,941,941,941,941,100
9/11/2025,XKIV,588,589,588,589,40500
9/11/2025,XKMS,1122,1128,1119,1128,200200
9/11/2025,XMGB,1119,1119,1119,1119,100
9/11/2025,XMIG,214,214,213,213,200100
9/11/2025,XMLF,877,877,877,877,40000
9/11/2025,XMSK,386,386,386,386,500
9/11/2025,XNVE,0,0,0,0,0
9/11/2025,XPDV,725,725,550,561,3100
9/11/2025,XPFT,0,0,0,0,0
9/11/2025,XPIN,628,640,628,632,9200
9/11/2025,XPLQ,452,509,452,509,6400
9/11/2025,XPSG,0,0,0,0,0
9/11/2025,XPTD,458,469,458,469,1500
9/11/2025,XSBC,99,100,96,96,89500
9/11/2025,XSPI,0,0,0,0,0
9/11/2025,XSSI,79,87,65,75,2002300
9/11/2025,XSSK,698,698,698,698,20000
9/11/2025,YELO,63,63,63,63,13835600
9/11/2025,YOII,95,99,93,93,3798700
9/11/2025,YPAS,0,0,0,0,0
9/11/2025,YULE,2700,2700,2690,2700,2300
9/11/2025,YUPI,1590,1605,1590,1600,20000
9/11/2025,ZATA,27,28,27,28,41592000
9/11/2025,ZBRA,0,0,0,0,0
9/11/2025,ZINC,30,30,30,30,40811100
9/11/2025,ZONE,740,750,740,740,164500
9/11/2025,ZYRX,145,163,140,147,11058700
