<date>,<ticker>,<open>,<high>,<low>,<close>,<volume>
10/10/2025,IHSG,8259.080,8270.330,8194.050,8257.859,46770791500
10/10/2025,AADI,7675,7850,7625,7700,21438200
10/10/2025,AADIDRCN6A,91,91,87,87,308300
10/10/2025,AADIHDCK6A,90,94,90,90,2647900
10/10/2025,AADIYUCK6A,304,304,296,298,2100
10/10/2025,AALI,7875,8000,7775,7800,1984100
10/10/2025,ABBA,89,90,81,81,12164500
10/10/2025,ABDA,2690,2710,2690,2710,200
10/10/2025,ABMM,2820,2840,2760,2780,868000
10/10/2025,ACES,428,434,424,426,18599300
10/10/2025,ACESBQCV5A,4,4,2,4,6288800
10/10/2025,ACESBQCX5B,5,6,5,5,5569100
10/10/2025,ACESBQCZ5A,16,16,16,16,1600
10/10/2025,ACESDRCJ6A,11,12,11,12,199300
10/10/2025,ACESHDCZ5A,22,22,22,22,100
10/10/2025,ACESZPCJ6A,18,18,18,18,100
10/10/2025,ACRO,89,90,86,87,8192300
10/10/2025,ACRO-W,13,13,11,12,4833200
10/10/2025,ACST,142,144,136,140,8380300
10/10/2025,ADCP,60,62,60,61,35660700
10/10/2025,ADES,13500,13725,13500,13675,19200
10/10/2025,ADHI,270,270,264,266,7160300
10/10/2025,ADMF,8800,8925,8750,8800,25100
10/10/2025,ADMG,135,138,135,136,699600
10/10/2025,ADMR,1330,1440,1310,1370,189162500
10/10/2025,ADMRDRCJ6A,65,79,63,73,18865300
10/10/2025,ADMRHDCJ6A,101,122,101,114,3212000
10/10/2025,ADMRZPCH6A,88,105,88,93,801100
10/10/2025,ADRO,1735,1785,1720,1750,149046300
10/10/2025,ADROBQCG6A,62,67,62,65,91900
10/10/2025,ADROBQCZ5A,12,15,12,13,4306200
10/10/2025,ADRODRCJ6A,54,54,53,53,2800
10/10/2025,ADRODRCX5A,31,33,31,31,405300
10/10/2025,ADROHDCZ5A,47,47,45,45,510000
10/10/2025,ADROHDPH6A,0,0,0,0,0
10/10/2025,ADROYUCZ5A,56,60,54,54,1200
10/10/2025,ADROZPCF6A,23,25,23,25,4200
10/10/2025,ADROZPCK6A,51,51,49,49,48700
10/10/2025,AEGS,50,53,46,47,13265200
10/10/2025,AGAR,248,248,240,242,53500
10/10/2025,AGII,0,0,0,0,0
10/10/2025,AGRO,240,242,234,236,27374600
10/10/2025,AGRS,74,74,73,74,3987600
10/10/2025,AHAP,101,105,91,93,133444100
10/10/2025,AIMS,410,440,408,440,1830200
10/10/2025,AISA,144,148,143,144,5963900
10/10/2025,AKKU,0,0,0,0,0
10/10/2025,AKPI,570,570,560,565,52600
10/10/2025,AKRA,1120,1130,1105,1105,14320900
10/10/2025,AKRABQCX5B,19,19,18,18,2600
10/10/2025,AKRADRCX5A,17,20,17,20,48200
10/10/2025,AKRAHDCH6A,44,44,44,44,100
10/10/2025,AKRAZPCJ6A,0,0,0,0,0
10/10/2025,AKRAZPCM6A,31,31,30,31,3900
10/10/2025,AKRAZPCX5A,0,0,0,0,0
10/10/2025,AKSI,292,296,286,290,288200
10/10/2025,ALDO,492,494,492,492,32700
10/10/2025,ALII,550,550,545,545,1656800
10/10/2025,ALKA,358,358,334,340,63000
10/10/2025,ALMI,0,0,0,0,0
10/10/2025,ALTO,0,0,0,0,0
10/10/2025,AMAG,358,358,352,356,38500
10/10/2025,AMAN,147,147,142,145,1589100
10/10/2025,AMAR,260,302,256,272,30750800
10/10/2025,AMFG,3400,3450,3320,3450,30600
10/10/2025,AMIN,230,258,228,244,2526600
10/10/2025,AMMN,7425,7600,7275,7400,39939400
10/10/2025,AMMNBQCZ5A,20,21,16,20,8448200
10/10/2025,AMMNDRCJ6A,49,70,48,54,15600
10/10/2025,AMMNHDCH6A,73,80,73,78,3300
10/10/2025,AMMNZPCG6A,32,37,31,35,2777800
10/10/2025,AMMS,242,266,242,266,23357000
10/10/2025,AMOR,442,444,438,440,205200
10/10/2025,AMRT,1920,1945,1920,1940,17918400
10/10/2025,AMRTDRCZ5A,18,18,18,18,1098400
10/10/2025,AMRTHDCJ6A,12,13,12,12,252700
10/10/2025,AMRTZPCK6A,18,19,18,19,12800
10/10/2025,AMRTZPCX5A,22,22,22,22,241100
10/10/2025,ANDI,26,26,26,26,13086800
10/10/2025,ANJT,2370,2410,2290,2320,808100
10/10/2025,ANTM,3200,3340,3190,3310,127536400
10/10/2025,ANTMBQCX5A,53,64,53,64,874600
10/10/2025,ANTMBQCZ5A,0,0,0,0,0
10/10/2025,ANTMDRCG6A,48,53,48,53,124700
10/10/2025,ANTMDRCG6B,70,77,70,77,181500
10/10/2025,ANTMDRCX5A,0,0,0,0,0
10/10/2025,ANTMDRPZ5A,33,33,31,31,101600
10/10/2025,ANTMHDCH6A,0,0,0,0,0
10/10/2025,ANTMHDCH6B,0,0,0,0,0
10/10/2025,ANTMHDPH6A,61,61,59,59,505000
10/10/2025,ANTMZPCJ6A,76,86,76,86,9200
10/10/2025,ANTMZPCK6A,33,36,32,35,2700500
10/10/2025,ANTMZPCX5A,0,0,0,0,0
10/10/2025,APEX,138,143,135,138,31398800
10/10/2025,APIC,1175,1175,1130,1150,1986800
10/10/2025,APII,183,186,181,182,187900
10/10/2025,APLI,480,492,466,478,133500
10/10/2025,APLN,99,100,97,99,8367700
10/10/2025,ARCI,1065,1075,1035,1070,117516600
10/10/2025,AREA,510,515,500,515,1946300
10/10/2025,ARGO,1070,1105,1050,1095,8000
10/10/2025,ARII,284,290,278,280,213000
10/10/2025,ARKA,32,34,32,34,7685800
10/10/2025,ARKO,1455,1510,1440,1500,612200
10/10/2025,ARMY,0,0,0,0,0
10/10/2025,ARNA,530,530,515,525,8826100
10/10/2025,ARTA,3200,3280,3140,3260,7000
10/10/2025,ARTI,0,0,0,0,0
10/10/2025,ARTO,2180,2180,2070,2100,6799800
10/10/2025,ARTOBQCX5B,0,0,0,0,0
10/10/2025,ARTOBQCZ5A,15,15,12,14,3547900
10/10/2025,ARTODRCK6A,67,69,67,69,6700
10/10/2025,ARTODRCX5A,0,0,0,0,0
10/10/2025,ARTOHDCZ5A,0,0,0,0,0
10/10/2025,ARTOZPCK6A,41,43,41,43,3900
10/10/2025,ARTOZPCX5A,0,0,0,0,0
10/10/2025,ASBI,446,446,442,446,6500
10/10/2025,ASDM,550,550,545,550,6200
10/10/2025,ASGR,1160,1165,1080,1105,9238300
10/10/2025,ASHA,95,95,93,93,51155300
10/10/2025,ASII,5925,5950,5850,5900,27133800
10/10/2025,ASIIBQCZ5A,112,112,112,112,1100
10/10/2025,ASIIDRCX5A,0,0,0,0,0
10/10/2025,ASIIDRCX6A,0,0,0,0,0
10/10/2025,ASIIHDCZ5A,0,0,0,0,0
10/10/2025,ASIIZPCJ6A,0,0,0,0,0
10/10/2025,ASIIZPCM6A,34,35,33,34,104900
10/10/2025,ASJT,128,129,121,121,301500
10/10/2025,ASLC,87,89,83,84,59035600
10/10/2025,ASLI,0,0,0,0,0
10/10/2025,ASMI,31,31,30,30,6231800
10/10/2025,ASPI,725,725,725,725,1346000
10/10/2025,ASPR,95,97,95,95,2886700
10/10/2025,ASRI,174,176,172,175,23545100
10/10/2025,ASRM,380,386,338,380,896500
10/10/2025,ASSA,860,860,845,845,1731500
10/10/2025,ATAP,93,93,85,85,4313900
10/10/2025,ATIC,440,444,426,438,734200
10/10/2025,ATLA,80,81,77,77,127600100
10/10/2025,AUTO,2420,2450,2390,2450,3909200
10/10/2025,AUTODRCV6A,0,0,0,0,0
10/10/2025,AUTOZPCJ6A,0,0,0,0,0
10/10/2025,AVIA,426,430,422,428,28218700
10/10/2025,AVIADRCV6A,0,0,0,0,0
10/10/2025,AVIAZPCJ6A,18,18,18,18,50000
10/10/2025,AWAN,230,232,228,228,20784400
10/10/2025,AXIO,125,127,123,126,1189700
10/10/2025,AYAM,177,180,175,178,154597000
10/10/2025,AYLS,186,220,181,220,65729900
10/10/2025,BABP,55,55,53,54,19372200
10/10/2025,BABY,308,310,298,302,12067000
10/10/2025,BACA,142,145,142,143,1447500
10/10/2025,BAIK,108,113,108,108,2560800
10/10/2025,BAIK-W,12,12,11,12,1965500
10/10/2025,BAJA,157,163,157,160,2323300
10/10/2025,BALI,1260,1260,1130,1190,304800
10/10/2025,BANK,830,830,805,825,6473600
10/10/2025,BANK-W,0,0,0,0,0
10/10/2025,BAPA,72,74,71,73,1619100
10/10/2025,BAPI,29,29,27,28,13749300
10/10/2025,BATA,58,58,53,55,351800
10/10/2025,BATR,110,113,105,106,3510400
10/10/2025,BAUT,39,39,39,39,6895900
10/10/2025,BAYU,1300,1320,1300,1300,45100
10/10/2025,BBCA,7450,7450,7350,7400,107426000
10/10/2025,BBCABQCG6A,64,64,55,56,35000
10/10/2025,BBCABQCV5A,9,9,6,7,7190400
10/10/2025,BBCABQCX5A,13,14,10,11,6447900
10/10/2025,BBCADRCF6A,27,27,20,21,1981900
10/10/2025,BBCADRCX6A,3140,3140,3130,3130,2300
10/10/2025,BBCAHDCQ7A,41,41,41,41,1035900
10/10/2025,BBCAHDCV5A,4,4,2,3,6503100
10/10/2025,BBCAYUCK6A,152,153,152,152,19400
10/10/2025,BBCAZPCF6A,16,17,12,13,6687100
10/10/2025,BBCAZPCH6A,57,57,57,57,100
10/10/2025,BBHI,1570,1590,1530,1530,1027700
10/10/2025,BBKP,75,75,72,72,146874100
10/10/2025,BBLD,870,915,870,910,9500
10/10/2025,BBMD,2110,2120,2030,2120,600
10/10/2025,BBNI,4090,4090,3950,3970,48778300
10/10/2025,BBNIBQCG6A,59,59,59,59,1100
10/10/2025,BBNIBQCV5A,7,7,4,5,5449300
10/10/2025,BBNIDRCX6A,0,0,0,0,0
10/10/2025,BBNIDRCZ5A,35,35,33,33,2172400
10/10/2025,BBNIDRPZ5A,0,0,0,0,0
10/10/2025,BBNIHDCQ7A,0,0,0,0,0
10/10/2025,BBNIYUCV5A,7,9,6,6,4300
10/10/2025,BBNIZPCH6A,72,72,72,72,10000
10/10/2025,BBNIZPCX5A,0,0,0,0,0
10/10/2025,BBRI,3790,3790,3690,3730,277252300
10/10/2025,BBRIBQCJ6A,47,47,45,46,794300
10/10/2025,BBRIBQCZ5A,0,0,0,0,0
10/10/2025,BBRIDRCG6A,78,80,76,80,50500
10/10/2025,BBRIDRCN6A,103,103,90,93,70100
10/10/2025,BBRIDRCX5A,87,89,82,89,2456900
10/10/2025,BBRIDRCX6A,2010,2010,1995,1995,12500
10/10/2025,BBRIDRPZ5A,59,59,59,59,86000
10/10/2025,BBRIHDCH6A,0,0,0,0,0
10/10/2025,BBRIHDCQ7A,73,75,71,71,122000
10/10/2025,BBRIYUCV5A,36,36,20,23,692500
10/10/2025,BBRIZPCH6A,71,71,68,71,498900
10/10/2025,BBRIZPCX5A,0,0,0,0,0
10/10/2025,BBRM,86,88,84,88,5179600
10/10/2025,BBSI,4500,5175,4500,4880,149700
10/10/2025,BBSS,316,320,304,320,505200
10/10/2025,BBTN,1225,1225,1185,1185,63735400
10/10/2025,BBTNDRCV6A,64,64,64,64,900
10/10/2025,BBTNHDCZ5A,0,0,0,0,0
10/10/2025,BBTNYUCZ5A,58,58,58,58,200
10/10/2025,BBTNZPCG6A,39,39,38,38,33100
10/10/2025,BBYB,384,386,370,372,87889200
10/10/2025,BCAP,61,62,60,60,30307800
10/10/2025,BCIC,204,204,204,204,10282300
10/10/2025,BCIP,118,121,114,121,34757500
10/10/2025,BDKR,179,179,168,175,38745100
10/10/2025,BDMN,2400,2400,2350,2370,1747600
10/10/2025,BEBS,0,0,0,0,0
10/10/2025,BEEF,0,0,0,0,0
10/10/2025,BEER,107,117,104,117,11575100
10/10/2025,BEKS,30,30,30,30,49167000
10/10/2025,BELI,370,370,364,366,360000
10/10/2025,BELL,69,69,66,67,19156700
10/10/2025,BESS,1045,1185,1045,1050,236500
10/10/2025,BEST,112,114,110,111,11489000
10/10/2025,BFIN,770,770,750,750,6968200
10/10/2025,BFINDRCK6A,23,23,23,23,100
10/10/2025,BFINHDCM6A,0,0,0,0,0
10/10/2025,BFINZPCM6A,20,20,18,19,150200
10/10/2025,BGTG,112,112,107,108,18370700
10/10/2025,BHAT,885,890,875,890,3213700
10/10/2025,BHIT,34,34,34,34,13376700
10/10/2025,BIKA,0,0,0,0,0
10/10/2025,BIKE,965,970,915,925,4827100
10/10/2025,BIMA,80,81,80,81,28900
10/10/2025,BINA,4600,4640,4570,4570,11400
10/10/2025,BINO,127,130,125,128,1199800
10/10/2025,BIPI,98,108,96,102,1184228200
10/10/2025,BIPP,45,45,45,45,152700
10/10/2025,BIRD,1800,1850,1800,1850,2933000
10/10/2025,BISI,930,935,920,920,267900
10/10/2025,BJBR,770,770,760,770,2976100
10/10/2025,BJTM,520,525,510,520,7540800
10/10/2025,BKDP,44,44,43,43,103800
10/10/2025,BKSL,133,152,131,149,1473523000
10/10/2025,BKSW,64,64,61,63,6397100
10/10/2025,BLES,170,171,168,168,4373300
10/10/2025,BLOG,520,525,510,520,1696000
10/10/2025,BLTA,42,42,42,42,27318600
10/10/2025,BLTZ,0,0,0,0,0
10/10/2025,BLUE,620,670,620,670,1359300
10/10/2025,BMAS,700,735,695,695,132800
10/10/2025,BMBL,69,70,59,61,48109100
10/10/2025,BMHS,164,164,159,162,5437500
10/10/2025,BMRI,4410,4420,4250,4250,139911200
10/10/2025,BMRIBQCJ6A,0,0,0,0,0
10/10/2025,BMRIBQCZ5A,13,14,12,12,2018200
10/10/2025,BMRIDRCG6A,89,90,85,86,40700
10/10/2025,BMRIDRCX5A,30,30,26,26,40000
10/10/2025,BMRIDRCX6A,0,0,0,0,0
10/10/2025,BMRIHDCQ7A,0,0,0,0,0
10/10/2025,BMRIYUCK6A,102,102,102,102,100
10/10/2025,BMRIZPCH6A,46,46,41,41,706600
10/10/2025,BMRIZPCX5A,14,14,13,13,500
10/10/2025,BMSR,300,324,298,310,111700
10/10/2025,BMTR,150,150,145,146,44933500
10/10/2025,BNBA,720,720,685,715,604200
10/10/2025,BNBR,50,50,49,49,25189400
10/10/2025,BNGA,1705,1710,1695,1700,2620800
10/10/2025,BNGADRCK6A,60,60,60,60,9900
10/10/2025,BNGAZPCH6A,0,0,0,0,0
10/10/2025,BNII,208,208,200,206,1212900
10/10/2025,BNLI,5475,5650,5425,5650,268100
10/10/2025,BOAT,124,136,124,125,17988400
10/10/2025,BOBA,186,186,178,180,194300
10/10/2025,BOGA,498,500,498,500,105200
10/10/2025,BOLA,210,210,197,198,2097600
10/10/2025,BOLT,1055,1060,1055,1055,5700
10/10/2025,BOSS,0,0,0,0,0
10/10/2025,BPFI,336,336,320,322,30300
10/10/2025,BPII,545,550,545,545,101600
10/10/2025,BPTR,95,95,92,94,259800
10/10/2025,BRAM,5350,5350,5225,5225,600
10/10/2025,BREN,9900,9975,9650,9850,37198100
10/10/2025,BRIS,2690,2700,2620,2630,17746400
10/10/2025,BRISBQCZ5A,39,39,39,39,1600
10/10/2025,BRISDRCJ6A,40,40,40,40,22300
10/10/2025,BRISHDCH6A,0,0,0,0,0
10/10/2025,BRISHDCZ5A,0,0,0,0,0
10/10/2025,BRISYUCV5A,29,29,29,29,100
10/10/2025,BRISZPCG6A,41,41,41,41,10000
10/10/2025,BRMS,945,950,910,940,486386400
10/10/2025,BRMSBQCZ5A,236,236,236,236,100
10/10/2025,BRMSDRCG6A,51,53,47,47,415900
10/10/2025,BRMSDRCJ6A,169,169,160,163,148800
10/10/2025,BRMSDRPX5A,4,4,3,4,11750800
10/10/2025,BRMSHDCH6A,0,0,0,0,0
10/10/2025,BRMSHDCZ5A,0,0,0,0,0
10/10/2025,BRMSYUCV5A,170,170,155,157,124300
10/10/2025,BRMSZPCG6A,262,262,262,262,10000
10/10/2025,BRNA,705,740,700,700,15300
10/10/2025,BRPT,4180,4320,4180,4280,147932300
10/10/2025,BRPTBQCV5A,0,0,0,0,0
10/10/2025,BRPTBQCX5B,414,432,414,432,17300
10/10/2025,BRPTBQCZ5A,0,0,0,0,0
10/10/2025,BRPTDRCF6A,464,474,464,474,30200
10/10/2025,BRPTDRCJ6A,304,314,304,308,16900
10/10/2025,BRPTDRCX5A,0,0,0,0,0
10/10/2025,BRPTHDCH6A,454,456,454,456,100000
10/10/2025,BRPTHDCH6B,0,0,0,0,0
10/10/2025,BRPTHDPG6A,64,64,61,62,150000
10/10/2025,BRPTYUCZ5A,388,388,388,388,100
10/10/2025,BRPTZPCF6A,0,0,0,0,0
10/10/2025,BRPTZPCK6A,111,114,111,112,64000
10/10/2025,BRPTZPCX5A,700,705,700,705,200
10/10/2025,BRRC,78,82,77,79,27446400
10/10/2025,BRRC-W,13,14,12,13,4308400
10/10/2025,BSBK,83,85,80,82,105709400
10/10/2025,BSDE,1005,1055,1005,1050,33190700
10/10/2025,BSDEDRCG6A,58,59,58,59,8900
10/10/2025,BSDEDRCJ6A,0,0,0,0,0
10/10/2025,BSDEHDCM6A,44,44,44,44,600
10/10/2025,BSDEZPCH6A,58,59,57,57,1431000
10/10/2025,BSIM,860,870,855,860,14800
10/10/2025,BSML,147,154,146,149,37473400
10/10/2025,BSSR,3880,3890,3870,3870,415000
10/10/2025,BSWD,1315,1315,1080,1080,300
10/10/2025,BTEK,26,26,26,26,231089700
10/10/2025,BTEL,0,0,0,0,0
10/10/2025,BTON,382,430,380,390,147400
10/10/2025,BTPN,2190,2190,2080,2100,23300
10/10/2025,BTPS,1410,1425,1380,1385,7680100
10/10/2025,BTPSDRCK6A,0,0,0,0,0
10/10/2025,BTPSHDCJ6A,0,0,0,0,0
10/10/2025,BTPSZPCH6A,0,0,0,0,0
10/10/2025,BUAH,1400,1415,1390,1405,77500
10/10/2025,BUDI,210,212,208,212,252700
10/10/2025,BUKA,170,174,168,168,229710400
10/10/2025,BUKABQCZ5B,17,50,15,50,2879100
10/10/2025,BUKADRCK6A,16,17,16,16,22300
10/10/2025,BUKAHDCZ5A,0,0,0,0,0
10/10/2025,BUKAZPCM6A,0,0,0,0,0
10/10/2025,BUKK,980,995,960,980,46600
10/10/2025,BULL,210,218,200,200,262694100
10/10/2025,BUMI,143,145,134,138,4756769400
10/10/2025,BUVA,0,0,0,0,0
10/10/2025,BVIC,108,108,101,101,8799000
10/10/2025,BVIC-W,44,44,43,43,400
10/10/2025,BWPT,145,146,137,139,156954400
10/10/2025,BYAN,18200,18300,18075,18300,13000
10/10/2025,CAKK,182,192,175,182,2856100
10/10/2025,CAMP,212,214,210,214,996400
10/10/2025,CANI,51,51,51,51,518800
10/10/2025,CARE,300,300,292,300,17500700
10/10/2025,CARS,147,151,145,148,58485900
10/10/2025,CASA,1110,1110,1075,1085,4209800
10/10/2025,CASH,138,141,125,127,19450400
10/10/2025,CASS,2400,2420,2260,2410,119100
10/10/2025,CBDK,7225,7325,7000,7075,13858700
10/10/2025,CBMF,0,0,0,0,0
10/10/2025,CBPE,228,232,222,224,97600
10/10/2025,CBRE,1740,1740,1465,1465,192053700
10/10/2025,CBUT,1425,1425,1380,1400,41300
10/10/2025,CCSI,364,384,360,372,1078200
10/10/2025,CDIA,2140,2340,2110,2320,625576700
10/10/2025,CEKA,2530,2600,2530,2570,14700
10/10/2025,CENT,147,147,134,136,102711500
10/10/2025,CFIN,318,320,302,314,2101300
10/10/2025,CGAS,143,148,141,141,6040700
10/10/2025,CHEK,187,189,184,187,12268600
10/10/2025,CHEM,100,101,97,97,8976300
10/10/2025,CHIP,1565,1565,1450,1545,371300
10/10/2025,CINT,158,159,155,156,145400
10/10/2025,CITA,5800,5900,5025,5450,2033600
10/10/2025,CITY,116,119,112,119,661700
10/10/2025,CLAY,3650,3650,3550,3550,26100
10/10/2025,CLEO,520,520,510,520,13014900
10/10/2025,CLPI,1265,1280,1255,1255,102100
10/10/2025,CMNP,1295,1300,1280,1280,45500
10/10/2025,CMNP-W,308,308,308,308,300
10/10/2025,CMNT,770,770,755,765,23712900
10/10/2025,CMPP,100,107,100,107,349500
10/10/2025,CMRY,4770,4770,4630,4650,920600
10/10/2025,CMRYDRCK6A,70,70,70,70,21400
10/10/2025,CMRYZPCJ6A,0,0,0,0,0
10/10/2025,CNKO,104,104,102,102,36463500
10/10/2025,CNMA,118,119,117,117,12358100
10/10/2025,CNTB,0,0,0,0,0
10/10/2025,CNTX,0,0,0,0,0
10/10/2025,COAL,67,67,62,62,38068700
10/10/2025,COCO,326,362,310,362,143415300
10/10/2025,COIN,3510,3690,3430,3590,53659200
10/10/2025,COWL,0,0,0,0,0
10/10/2025,CPIN,4820,4890,4730,4730,2840600
10/10/2025,CPINDRCG6A,73,73,73,73,1500
10/10/2025,CPINZPCJ6A,0,0,0,0,0
10/10/2025,CPRI,0,0,0,0,0
10/10/2025,CPRO,66,66,63,66,197065600
10/10/2025,CRAB,252,256,248,256,2983300
10/10/2025,CRSN,117,119,113,114,1482700
10/10/2025,CSAP,318,326,318,320,141100
10/10/2025,CSIS,206,208,202,204,3036100
10/10/2025,CSMI,372,414,356,380,31466700
10/10/2025,CSRA,880,885,840,865,7577900
10/10/2025,CTBN,5100,5100,5100,5100,3700
10/10/2025,CTRA,925,930,895,895,40909900
10/10/2025,CTRADRCJ6A,0,0,0,0,0
10/10/2025,CTRAHDCK6A,0,0,0,0,0
10/10/2025,CTRAYUCZ5A,33,33,33,33,200
10/10/2025,CTRAZPCG6A,0,0,0,0,0
10/10/2025,CTTH,53,53,53,53,5395600
10/10/2025,CUAN,2290,2500,2270,2430,440645500
10/10/2025,CYBR,1145,1190,1145,1160,17421500
10/10/2025,CYBR-W,745,750,640,725,7600
10/10/2025,DAAZ,3010,3100,2900,2990,847400
10/10/2025,DADA,177,240,152,152,5112760000
10/10/2025,DART,166,166,160,165,62100
10/10/2025,DATA,4700,5300,4600,5300,10994700
10/10/2025,DAYA,1110,1135,1035,1120,24000
10/10/2025,DCII,280500,280575,278200,280500,3500
10/10/2025,DEAL,0,0,0,0,0
10/10/2025,DEFI,0,0,0,0,0
10/10/2025,DEPO,284,308,282,290,2284700
10/10/2025,DEWA,356,368,350,356,271655900
10/10/2025,DEWI,115,116,112,116,38786400
10/10/2025,DFAM,86,87,84,85,1662800
10/10/2025,DGIK,92,92,91,92,3986800
10/10/2025,DGNS,141,144,136,141,30541200
10/10/2025,DGWG,380,386,380,382,8366400
10/10/2025,DIGI,40,40,39,40,2003000
10/10/2025,DILD,134,134,129,131,12121500
10/10/2025,DIVA,197,197,170,185,13051000
10/10/2025,DKFT,760,775,750,760,18888300
10/10/2025,DKHH,93,93,86,91,12999700
10/10/2025,DKHH-W,18,18,17,17,10435500
10/10/2025,DLTA,2010,2010,1980,2000,75900
10/10/2025,DMAS,135,136,134,135,33669700
10/10/2025,DMMX,398,400,390,392,1558400
10/10/2025,DMND,590,595,585,590,32400
10/10/2025,DNAR,119,120,116,118,425100
10/10/2025,DNET,9000,9125,8975,9125,9400
10/10/2025,DOID,352,354,346,346,5038600
10/10/2025,DOOH,173,184,172,172,302170400
10/10/2025,DOSS,179,199,165,165,43901100
10/10/2025,DPNS,306,306,290,300,281400
10/10/2025,DPUM,65,67,65,66,501900
10/10/2025,DRMA,995,1005,990,995,520500
10/10/2025,DSFI,92,95,91,93,27815000
10/10/2025,DSNG,1775,1790,1735,1790,57426100
10/10/2025,DSNGDRCK6A,91,91,91,91,38100
10/10/2025,DSNGHDCK6A,110,112,110,112,50100
10/10/2025,DSNGZPCM6A,55,56,55,55,20500
10/10/2025,DSSA,105500,106900,104700,106100,1212900
10/10/2025,DUCK,0,0,0,0,0
10/10/2025,DUTI,4220,4310,4220,4310,400
10/10/2025,DVLA,1630,1630,1615,1620,6600
10/10/2025,DWGL,990,990,845,845,5607100
10/10/2025,DYAN,96,98,94,95,4870400
10/10/2025,EAST,93,94,92,93,1143000
10/10/2025,ECII,196,197,193,193,291100
10/10/2025,EDGE,5425,5750,4970,5175,1051700
10/10/2025,EKAD,182,184,180,182,312900
10/10/2025,ELIT,182,187,181,182,9257300
10/10/2025,ELPI,348,356,346,356,521300
10/10/2025,ELSA,494,498,488,490,18465800
10/10/2025,ELSADRCG6A,29,29,28,28,510300
10/10/2025,ELSADRCJ6A,0,0,0,0,0
10/10/2025,ELSAHDCK6A,0,0,0,0,0
10/10/2025,ELSAZPCG6A,29,30,29,29,2046300
10/10/2025,ELTY,25,26,25,26,89644200
10/10/2025,EMAS,4250,4340,4180,4280,36153600
10/10/2025,EMDE,98,98,96,97,660800
10/10/2025,EMTK,1480,1520,1420,1425,225713500
10/10/2025,EMTKBQCZ5A,472,472,472,472,300
10/10/2025,EMTKDRCK6A,80,85,76,77,626800
10/10/2025,EMTKHDCK6A,115,122,107,107,552800
10/10/2025,EMTKHDCZ5A,0,0,0,0,0
10/10/2025,EMTKYUCV5A,210,214,210,210,20700
10/10/2025,EMTKZPCH6A,199,199,190,190,15800
10/10/2025,EMTKZPCM6A,70,70,65,65,313300
10/10/2025,ENAK,680,685,670,685,829900
10/10/2025,ENRG,965,965,935,960,110488200
10/10/2025,ENRGBQCZ5A,0,0,0,0,0
10/10/2025,ENRGDRCG6A,43,43,41,42,532600
10/10/2025,ENRGDRCJ6A,0,0,0,0,0
10/10/2025,ENRGHDCK6A,0,0,0,0,0
10/10/2025,ENRGHDCZ5A,0,0,0,0,0
10/10/2025,ENRGZPCG6A,0,0,0,0,0
10/10/2025,ENRGZPCK6A,52,53,52,53,366300
10/10/2025,ENVY,0,0,0,0,0
10/10/2025,ENZO,40,40,37,37,884800
10/10/2025,EPAC,32,32,32,32,7452400
10/10/2025,EPMT,2230,2250,2220,2220,6500
10/10/2025,ERAA,432,446,430,432,60962900
10/10/2025,ERAABQCZ5A,13,13,13,13,100
10/10/2025,ERAADRCJ6A,10,10,9,10,22811700
10/10/2025,ERAAHDCZ5A,24,24,23,23,1100
10/10/2025,ERAAZPCH6A,19,19,19,19,100
10/10/2025,ERAL,338,356,328,346,54101100
10/10/2025,ERTX,226,246,188,192,49028200
10/10/2025,ESIP,135,135,135,135,16545300
10/10/2025,ESSA,705,715,685,690,34097500
10/10/2025,ESSABQCZ5A,0,0,0,0,0
10/10/2025,ESSADRCN6A,45,46,45,46,63500
10/10/2025,ESSAHDCH6A,64,64,61,61,20000
10/10/2025,ESSAYUCZ5A,47,47,47,47,100
10/10/2025,ESSAZPCK6A,23,24,23,23,42400
10/10/2025,ESTA,0,0,0,0,0
10/10/2025,ESTI,137,137,137,137,2644800
10/10/2025,ETWA,0,0,0,0,0
10/10/2025,EURO,310,340,300,336,499600
10/10/2025,EXCL,2580,2700,2570,2700,7775400
10/10/2025,EXCLHDCJ6A,27,27,27,27,5000
10/10/2025,EXCLZPCF6A,56,60,56,60,18500
10/10/2025,EXCLZPCM6A,0,0,0,0,0
10/10/2025,FAPA,6200,6275,6175,6225,10600
10/10/2025,FAST,0,0,0,0,0
10/10/2025,FASW,0,0,0,0,0
10/10/2025,FILM,4490,4500,4270,4270,3137600
10/10/2025,FIMP,0,0,0,0,0
10/10/2025,FIRE,90,93,88,91,20492600
10/10/2025,FISH,2530,2550,2470,2500,34600
10/10/2025,FITT,1335,1335,1335,1335,2655200
10/10/2025,FLMC,166,173,163,171,5416000
10/10/2025,FMII,364,364,340,360,40000
10/10/2025,FOLK,0,0,0,0,0
10/10/2025,FOOD,216,216,216,216,297000
10/10/2025,FORE,515,525,510,510,2422300
10/10/2025,FORU,1045,1190,1010,1140,683700
10/10/2025,FPNI,191,192,185,189,2012100
10/10/2025,FUJI,790,950,760,950,14946200
10/10/2025,FUTR,800,800,795,795,81623100
10/10/2025,FWCT,159,164,154,157,6243500
10/10/2025,GAMA,0,0,0,0,0
10/10/2025,GDST,113,119,112,115,2554000
10/10/2025,GDYR,1170,1170,1140,1155,162700
10/10/2025,GEMA,107,113,106,112,5135700
10/10/2025,GEMS,9025,9100,8975,9025,75200
10/10/2025,GGRM,11600,11775,11450,11600,974100
10/10/2025,GGRMZPCG6A,87,89,82,87,4175100
10/10/2025,GGRP,230,230,226,230,223700
10/10/2025,GHON,1640,1640,1620,1630,5100
10/10/2025,GIAA,115,115,115,115,1638983700
10/10/2025,GJTL,985,995,970,995,3749000
10/10/2025,GJTLZPCJ6A,0,0,0,0,0
10/10/2025,GLOB,114,114,94,114,105300
10/10/2025,GLVA,336,336,330,334,4600
10/10/2025,GMFI,106,106,106,106,86461700
10/10/2025,GMTD,2120,2120,2080,2090,7800
10/10/2025,GOLD,266,278,262,268,370600
10/10/2025,GOLF,212,212,208,210,1130100
10/10/2025,GOLL,0,0,0,0,0
10/10/2025,GOOD,378,380,370,378,302300
10/10/2025,GOTO,56,56,54,54,1869557400
10/10/2025,GOTOBQCJ6A,8,8,7,8,1311000
10/10/2025,GOTOBQCZ5A,5,5,4,4,23769400
10/10/2025,GOTODRCG6A,8,8,7,8,418100
10/10/2025,GOTOHDCK6A,14,15,14,14,183600
10/10/2025,GOTOM,0,0,0,0,0
10/10/2025,GOTOZPCH6A,21,21,21,21,500100
10/10/2025,GOTOZPCK6A,11,11,11,11,300
10/10/2025,GPRA,129,129,126,128,53543300
10/10/2025,GPSO,1000,1050,1000,1050,13273400
10/10/2025,GRIA,114,115,110,113,4209600
10/10/2025,GRPH,67,72,65,69,12139600
10/10/2025,GRPM,63,63,61,61,3362500
10/10/2025,GRPM-W,22,22,18,19,9258200
10/10/2025,GSMF,101,101,96,96,3431100
10/10/2025,GTBO,220,224,212,216,251400
10/10/2025,GTRA,308,330,294,324,6818000
10/10/2025,GTSI,99,102,98,100,66210000
10/10/2025,GULA,352,440,348,440,10803100
10/10/2025,GUNA,244,248,236,240,1005200
10/10/2025,GWSA,145,145,139,143,1645100
10/10/2025,GZCO,224,226,214,216,43722200
10/10/2025,HADE,29,29,29,29,7717900
10/10/2025,HAIS,190,197,189,191,3878900
10/10/2025,HAJJ,124,128,123,125,12511500
10/10/2025,HAJJ-W,21,21,19,19,6336600
10/10/2025,HALO,127,134,123,130,98450600
10/10/2025,HALO-W,21,21,18,19,46224200
10/10/2025,HATM,246,248,242,248,21799000
10/10/2025,HBAT,258,280,232,232,5700400
10/10/2025,HDFA,149,149,145,148,38500
10/10/2025,HDIT,66,68,66,68,6205300
10/10/2025,HEAL,1585,1605,1535,1585,7534800
10/10/2025,HEALBQCZ5A,0,0,0,0,0
10/10/2025,HEALDRCJ6A,0,0,0,0,0
10/10/2025,HEALHDCH6A,0,0,0,0,0
10/10/2025,HEALYUCZ5A,49,49,42,42,400
10/10/2025,HEALZPCH6A,0,0,0,0,0
10/10/2025,HELI,270,270,240,242,359200
10/10/2025,HERO,665,670,615,620,274700
10/10/2025,HEXA,4570,4600,4560,4600,112400
10/10/2025,HGII,167,174,164,171,17795800
10/10/2025,HILL,200,200,193,200,5226100
10/10/2025,HITS,0,0,0,0,0
10/10/2025,HKMU,0,0,0,0,0
10/10/2025,HMSP,720,725,700,710,46959200
10/10/2025,HOKI,81,82,79,80,46460500
10/10/2025,HOME,0,0,0,0,0
10/10/2025,HOMI,286,352,282,352,13061600
10/10/2025,HOPE,181,226,177,195,108184600
10/10/2025,HOTL,0,0,0,0,0
10/10/2025,HRME,49,49,48,48,72700
10/10/2025,HRTA,1045,1045,1015,1035,16369200
10/10/2025,HRUM,1260,1285,1215,1230,35334300
10/10/2025,HRUMDRCN6A,70,70,64,64,2280000
10/10/2025,HRUMHDCK6A,88,88,80,82,523700
10/10/2025,HRUMZPCG6A,90,91,81,81,202800
10/10/2025,HRUMZPCM6A,57,57,47,47,548400
10/10/2025,HUMI,122,123,116,117,56539000
10/10/2025,HUMI-W,19,20,18,19,14553800
10/10/2025,HYGN,163,165,163,165,1235000
10/10/2025,IATA,75,75,75,75,11820900
10/10/2025,IATA-W,29,29,29,29,3500
10/10/2025,IBFN,45,45,44,44,3246700
10/10/2025,IBOS,75,75,66,68,12516000
10/10/2025,IBST,5600,5600,5600,5600,700
10/10/2025,ICBP,9150,9175,8850,8850,11183000
10/10/2025,ICBPDRCX6A,3540,3540,3520,3520,600
10/10/2025,ICBPHDCJ6A,0,0,0,0,0
10/10/2025,ICBPZPCX5A,19,19,12,14,387700
10/10/2025,ICON,46,49,46,49,386300
10/10/2025,IDEA,70,70,66,68,8298600
10/10/2025,IDPR,0,0,0,0,0
10/10/2025,IFII,232,234,222,228,427700
10/10/2025,IFSH,810,830,790,810,5200
10/10/2025,IGAR,510,520,510,515,5400
10/10/2025,IIKP,0,0,0,0,0
10/10/2025,IKAI,23,23,21,21,95188000
10/10/2025,IKAN,123,124,119,120,13053200
10/10/2025,IKBI,515,530,505,515,167000
10/10/2025,IKPM,212,230,210,216,852200
10/10/2025,IMAS,1175,1200,1165,1180,240300
10/10/2025,IMJS,252,252,242,244,9390900
10/10/2025,IMPC,2550,2610,2510,2580,17908400
10/10/2025,INAF,0,0,0,0,0
10/10/2025,INAI,155,162,153,155,443900
10/10/2025,INCF,59,59,55,55,2892000
10/10/2025,INCI,615,635,615,625,375400
10/10/2025,INCO,4440,4550,4370,4540,11861000
10/10/2025,INCOBQCF6A,95,95,95,95,20000
10/10/2025,INCOBQCV5A,39,67,38,67,3675100
10/10/2025,INCODRCG6A,101,112,101,112,15700
10/10/2025,INCODRCK6A,0,0,0,0,0
10/10/2025,INCODRCX5A,138,139,138,139,94000
10/10/2025,INCOHDCJ6A,0,0,0,0,0
10/10/2025,INCOYUCZ5A,0,0,0,0,0
10/10/2025,INCOZPCK6A,0,0,0,0,0
10/10/2025,INCOZPCX5A,0,0,0,0,0
10/10/2025,INDF,7150,7275,7100,7200,10190700
10/10/2025,INDFBQCV5A,5,5,3,4,960200
10/10/2025,INDFDRCX6A,0,0,0,0,0
10/10/2025,INDFHDCJ6A,21,21,21,21,40000
10/10/2025,INDO,228,244,228,240,9779100
10/10/2025,INDR,3700,3870,3460,3520,262100
10/10/2025,INDS,228,228,222,224,605800
10/10/2025,INDX,274,274,250,250,4227800
10/10/2025,INDY,2400,2400,2160,2220,40808100
10/10/2025,INDYDRCN6A,138,142,138,142,12700
10/10/2025,INDYHDCJ6A,228,228,228,228,2100
10/10/2025,INDYZPCG6A,136,136,121,121,82500
10/10/2025,INET,270,294,268,286,461894700
10/10/2025,INET-W,179,198,176,194,14451400
10/10/2025,INKP,7525,8075,7400,7850,18790700
10/10/2025,INKPBQCX5A,44,59,44,53,143900
10/10/2025,INKPDRCF6A,180,198,180,188,182400
10/10/2025,INKPDRCG6A,81,91,81,85,32275900
10/10/2025,INKPHDCK6A,0,0,0,0,0
10/10/2025,INKPZPCF6A,0,0,0,0,0
10/10/2025,INKPZPCK6A,32,106,16,16,23036500
10/10/2025,INOV,101,102,99,100,3358300
10/10/2025,INPC,160,160,154,155,8141600
10/10/2025,INPP,695,695,675,690,65200
10/10/2025,INPS,170,170,170,170,1368500
10/10/2025,INRU,780,780,730,770,42200
10/10/2025,INTA,46,46,46,46,5600200
10/10/2025,INTD,200,240,198,208,3644700
10/10/2025,INTP,6250,6275,6050,6150,2807600
10/10/2025,INTPDRCN6A,0,0,0,0,0
10/10/2025,INTPHDCM6A,0,0,0,0,0
10/10/2025,INTPZPCG6A,0,0,0,0,0
10/10/2025,INTPZPCM6A,36,36,36,36,3200
10/10/2025,IOTF,94,95,93,93,27312300
10/10/2025,IPAC,0,0,0,0,0
10/10/2025,IPCC,1050,1050,1035,1040,2161100
10/10/2025,IPCM,308,308,306,306,2005800
10/10/2025,IPOL,136,141,135,140,78700
10/10/2025,IPPE,0,0,0,0,0
10/10/2025,IPTV,41,43,41,43,5211300
10/10/2025,IRRA,428,430,426,428,621400
10/10/2025,IRSX,282,282,280,280,19762000
10/10/2025,ISAP,42,43,38,39,130182400
10/10/2025,ISAP-W,24,24,20,21,91205000
10/10/2025,ISAT,1910,1970,1905,1945,32165500
10/10/2025,ISATBQCJ6A,45,48,45,48,428900
10/10/2025,ISATDRCG6A,42,45,40,45,54600
10/10/2025,ISATDRCX5A,35,38,35,35,66100
10/10/2025,ISATHDCJ6A,16,19,15,18,15147900
10/10/2025,ISATZPCF6A,0,0,0,0,0
10/10/2025,ISEA,91,91,88,90,4279200
10/10/2025,ISSP,420,420,398,412,2570300
10/10/2025,ITIC,370,370,360,360,6005600
10/10/2025,ITMA,1210,1370,1195,1320,2942900
10/10/2025,ITMG,22500,22775,22450,22775,990600
10/10/2025,ITMGDRCV6A,0,0,0,0,0
10/10/2025,ITMGHDCJ6A,0,0,0,0,0
10/10/2025,ITMGZPCJ6A,0,0,0,0,0
10/10/2025,JARR,7450,7450,7450,7450,2009500
10/10/2025,JAST,90,92,89,90,5197800
10/10/2025,JATI,127,127,120,122,8011200
10/10/2025,JAWA,147,154,147,150,2105600
10/10/2025,JAYA,103,104,101,103,352300
10/10/2025,JECC,1420,1420,1330,1380,135200
10/10/2025,JGLE,22,23,22,23,75337900
10/10/2025,JIHD,655,655,635,645,2490100
10/10/2025,JKON,89,91,86,86,13009100
10/10/2025,JMAS,150,154,147,149,1380200
10/10/2025,JPFA,2160,2200,2090,2100,29659900
10/10/2025,JPFABQCZ5A,0,0,0,0,0
10/10/2025,JPFADRCJ6A,90,91,79,79,5570100
10/10/2025,JPFAHDCZ5A,0,0,0,0,0
10/10/2025,JPFAZPCG6A,0,0,0,0,0
10/10/2025,JRPT,870,870,855,860,539000
10/10/2025,JSKY,0,0,0,0,0
10/10/2025,JSMR,3860,3900,3780,3780,7422400
10/10/2025,JSMRDRCK6A,81,81,79,79,1500
10/10/2025,JSMRHDCH6A,124,124,124,124,500
10/10/2025,JSMRZPCG6A,53,53,50,50,7500
10/10/2025,JSPT,4770,4770,3500,3900,419100
10/10/2025,JTPE,332,332,328,330,583800
10/10/2025,KAEF,535,555,530,535,2010700
10/10/2025,KAQI,73,73,71,72,8385900
10/10/2025,KARW,505,505,505,505,224700
10/10/2025,KAYU,0,0,0,0,0
10/10/2025,KBAG,49,49,49,49,10040100
10/10/2025,KBLI,304,326,300,324,3989900
10/10/2025,KBLM,378,378,372,372,82600
10/10/2025,KBLV,0,0,0,0,0
10/10/2025,KBRI,0,0,0,0,0
10/10/2025,KDSI,470,472,440,462,26000
10/10/2025,KDTN,116,116,111,115,222200
10/10/2025,KEEN,985,995,960,980,3817400
10/10/2025,KEJU,670,670,655,660,864300
10/10/2025,KETR,605,685,590,655,28098700
10/10/2025,KIAS,0,0,0,0,0
10/10/2025,KICI,142,146,136,142,579800
10/10/2025,KIJA,180,183,180,183,145315600
10/10/2025,KING,216,218,212,214,619500
10/10/2025,KING-W,14,15,14,15,2893500
10/10/2025,KINO,1150,1175,1140,1150,9300
10/10/2025,KIOS,84,88,80,81,26458900
10/10/2025,KJEN,262,294,248,256,28178300
10/10/2025,KKES,38,38,36,36,761400
10/10/2025,KKGI,344,358,338,344,7952200
10/10/2025,KLAS,132,136,130,135,10902100
10/10/2025,KLBF,1090,1115,1070,1085,58140600
10/10/2025,KLBFBQCJ6A,0,0,0,0,0
10/10/2025,KLBFBQCV5A,4,5,3,4,2361600
10/10/2025,KLBFDRCG6A,11,11,9,9,7066400
10/10/2025,KLBFHDCK6A,50,50,46,46,40100
10/10/2025,KLBFZPCF6A,13,13,11,11,75600
10/10/2025,KLBFZPCJ6A,0,0,0,0,0
10/10/2025,KLIN,174,177,165,173,2274700
10/10/2025,KMDS,625,640,625,635,187600
10/10/2025,KMTR,290,290,286,286,522800
10/10/2025,KOBX,152,157,151,151,1441500
10/10/2025,KOCI,79,81,76,77,6167700
10/10/2025,KOCI-W,19,19,17,17,3862000
10/10/2025,KOIN,81,81,80,80,23200
10/10/2025,KOKA,0,0,0,0,0
10/10/2025,KONI,1725,1750,1630,1715,10900
10/10/2025,KOPI,328,328,316,320,256200
10/10/2025,KOTA,30,33,30,33,34969000
10/10/2025,KPIG,169,169,163,163,88801300
10/10/2025,KRAS,370,370,352,356,36517000
10/10/2025,KREN,24,24,24,24,95026100
10/10/2025,KRYA,192,193,186,187,7568800
10/10/2025,KSIX,254,256,250,250,114300
10/10/2025,KUAS,71,71,69,70,1451000
10/10/2025,LABA,0,0,0,0,0
10/10/2025,LABS,142,149,139,144,3460600
10/10/2025,LAJU,79,83,76,80,33924900
10/10/2025,LAND,44,44,41,44,3298400
10/10/2025,LAPD,300,348,300,348,28860400
10/10/2025,LCGP,0,0,0,0,0
10/10/2025,LCKM,218,224,216,216,40800
10/10/2025,LEAD,84,86,81,81,38959900
10/10/2025,LFLO,366,374,338,374,63300
10/10/2025,LIFE,12075,12500,10525,10875,130000
10/10/2025,LINK,3530,3530,3220,3220,38600
10/10/2025,LION,470,498,450,488,1140600
10/10/2025,LIVE,175,185,175,184,6601500
10/10/2025,LMAS,0,0,0,0,0
10/10/2025,LMAX,88,89,82,85,4316700
10/10/2025,LMPI,145,148,142,145,57200
10/10/2025,LMSH,0,0,0,0,0
10/10/2025,LOPI,114,114,96,114,39352100
10/10/2025,LPCK,625,630,605,620,479300
10/10/2025,LPGI,585,585,565,585,69000
10/10/2025,LPIN,464,470,460,464,240200
10/10/2025,LPKR,95,102,93,100,206482300
10/10/2025,LPLI,0,0,0,0,0
10/10/2025,LPPF,1595,1615,1580,1595,1414500
10/10/2025,LPPS,194,195,171,182,25313600
10/10/2025,LRNA,184,190,182,182,943300
10/10/2025,LSIP,1300,1315,1280,1295,8855000
10/10/2025,LSIPDRCK6A,38,38,38,38,15100
10/10/2025,LSIPHDCJ6A,0,0,0,0,0
10/10/2025,LSIPYUCZ5A,46,46,46,46,300
10/10/2025,LSIPZPCG6A,57,57,57,57,100
10/10/2025,LTLS,845,850,835,845,38000
10/10/2025,LUCK,109,109,105,105,1639400
10/10/2025,LUCY,128,129,121,122,977800
10/10/2025,MABA,0,0,0,0,0
10/10/2025,MAGP,0,0,0,0,0
10/10/2025,MAHA,144,146,141,143,3978500
10/10/2025,MAIN,715,725,715,715,678800
10/10/2025,MANG,73,74,68,71,12629500
10/10/2025,MANG-W,28,28,25,25,10315500
10/10/2025,MAPA,550,585,550,570,50752300
10/10/2025,MAPABQCZ5A,9,12,9,11,13326900
10/10/2025,MAPADRCJ6A,11,12,11,11,22730500
10/10/2025,MAPAHDCZ5A,19,19,17,19,249700
10/10/2025,MAPAZPCH6A,25,25,25,25,11000
10/10/2025,MAPB,1600,1625,1600,1620,1000
10/10/2025,MAPI,1190,1200,1170,1195,22551000
10/10/2025,MAPIBQCV5A,5,5,3,3,4495900
10/10/2025,MAPIDRCX5A,12,12,11,12,610700
10/10/2025,MAPIHDCK6A,67,67,67,67,500
10/10/2025,MAPIZPCJ6A,0,0,0,0,0
10/10/2025,MARI,45,45,45,45,28910600
10/10/2025,MARK,635,640,625,630,5900100
10/10/2025,MASA,0,0,0,0,0
10/10/2025,MASB,3350,3350,3240,3340,600
10/10/2025,MAXI,59,60,57,58,28210600
10/10/2025,MAYA,272,274,258,258,8687400
10/10/2025,MBAP,1635,1645,1625,1635,171300
10/10/2025,MBMA,630,645,615,630,235362800
10/10/2025,MBMABQCX5A,55,61,51,56,5525100
10/10/2025,MBMADRCG6A,36,38,35,38,633000
10/10/2025,MBMADRCX5A,77,79,77,79,20900
10/10/2025,MBMADRPX5A,4,5,3,5,7211400
10/10/2025,MBMAHDCH6A,0,0,0,0,0
10/10/2025,MBMAYUCK6A,144,144,141,141,600
10/10/2025,MBMAZPCK6A,40,40,37,37,3802900
10/10/2025,MBMAZPCX5A,0,0,0,0,0
10/10/2025,MBSS,1355,1430,1355,1395,1447000
10/10/2025,MBTO,144,172,138,167,40411100
10/10/2025,MCAS,860,865,840,840,485900
10/10/2025,MCOL,3660,3700,3590,3660,76400
10/10/2025,MCOR,74,75,72,72,8683200
10/10/2025,MDIA,42,42,42,42,4521900
10/10/2025,MDIY,1140,1155,1100,1105,1585800
10/10/2025,MDKA,2330,2380,2270,2370,66970800
10/10/2025,MDKABQCV5A,82,86,78,84,104000
10/10/2025,MDKABQCX5B,24,24,20,22,3775000
10/10/2025,MDKADRCG6A,69,73,69,73,570800
10/10/2025,MDKADRCK6A,63,68,63,68,278000
10/10/2025,MDKADRCV5A,74,78,73,77,700000
10/10/2025,MDKADRPX5A,0,0,0,0,0
10/10/2025,MDKAHDCZ5A,110,112,109,109,45400
10/10/2025,MDKAHDPH6A,112,113,112,113,1800
10/10/2025,MDKAHDPJ6A,59,59,57,58,5200
10/10/2025,MDKAYUCK6A,141,141,140,140,1300
10/10/2025,MDKAZPCF6A,58,63,58,62,30700
10/10/2025,MDKI,188,190,186,186,1025300
10/10/2025,MDLA,240,266,238,254,57565500
10/10/2025,MDLN,68,68,65,66,12611700
10/10/2025,MDRN,72,72,72,72,47311100
10/10/2025,MEDC,1525,1560,1490,1490,77375800
10/10/2025,MEDCBQCV5A,115,116,93,94,190100
10/10/2025,MEDCBQCX5B,49,49,49,49,364200
10/10/2025,MEDCBQCZ5A,53,53,51,52,140400
10/10/2025,MEDCDRCG6A,58,61,53,54,1604200
10/10/2025,MEDCHDCH6A,0,0,0,0,0
10/10/2025,MEDCZPCF6A,59,59,59,59,2500
10/10/2025,MEDS,75,85,72,77,93068800
10/10/2025,MEGA,3300,3300,3260,3280,1100
10/10/2025,MEJA,0,0,0,0,0
10/10/2025,MEJA-W,0,0,0,0,0
10/10/2025,MENN,61,66,55,60,89496400
10/10/2025,MERI,224,226,224,226,2335700
10/10/2025,MERK,2820,2820,2780,2810,34100
10/10/2025,META,0,0,0,0,0
10/10/2025,MFMI,0,0,0,0,0
10/10/2025,MGLV,545,585,505,540,506800
10/10/2025,MGNA,41,41,41,41,423600
10/10/2025,MGNA-W,0,0,0,0,0
10/10/2025,MGRO,780,780,770,780,4019300
10/10/2025,MHKI,264,294,258,268,91745100
10/10/2025,MICE,494,498,494,496,4000
10/10/2025,MIDI,408,412,400,408,3310100
10/10/2025,MIKA,2440,2490,2420,2490,2862900
10/10/2025,MIKADRCV6A,55,56,55,56,28000
10/10/2025,MIKAZPCG6A,0,0,0,0,0
10/10/2025,MINA,224,236,222,224,315713200
10/10/2025,MINE,510,520,500,510,3215500
10/10/2025,MIRA,61,64,61,63,10827600
10/10/2025,MITI,300,308,294,306,1823000
10/10/2025,MKAP,386,386,376,380,841100
10/10/2025,MKNT,0,0,0,0,0
10/10/2025,MKPI,24025,25375,24025,25375,6600
10/10/2025,MKTR,151,154,148,150,2680500
10/10/2025,MKTR-W,9,9,8,8,3942900
10/10/2025,MLBI,5825,5875,5800,5825,12900
10/10/2025,MLIA,344,346,342,346,2680600
10/10/2025,MLPL,226,234,218,226,140717500
10/10/2025,MLPT,191900,202900,164475,200000,38000
10/10/2025,MMIX,432,432,412,424,9531600
10/10/2025,MMLP,565,565,555,565,8121100
10/10/2025,MNCN,274,276,266,268,22639800
10/10/2025,MNCNDRCN6A,29,29,29,29,2000
10/10/2025,MNCNHDCM6A,0,0,0,0,0
10/10/2025,MNCNZPCM6A,0,0,0,0,0
10/10/2025,MOLI,306,368,304,358,73360800
10/10/2025,MORA,910,910,770,910,22325700
10/10/2025,MPIX,73,74,71,73,9543500
10/10/2025,MPIX-W,15,15,13,14,1695200
10/10/2025,MPMX,930,935,930,935,1015800
10/10/2025,MPOW,116,117,114,114,1057100
10/10/2025,MPPA,74,79,74,76,52835400
10/10/2025,MPRO,5925,6100,5925,6000,205200
10/10/2025,MPXL,198,204,192,198,11369100
10/10/2025,MRAT,346,346,330,336,852800
10/10/2025,MREI,995,1030,965,1000,235200
10/10/2025,MSIE,65,66,60,66,15069800
10/10/2025,MSIN,570,570,550,555,31392400
10/10/2025,MSJA,300,306,298,304,2632200
10/10/2025,MSKY,90,90,86,87,9345600
10/10/2025,MSTI,1575,1600,1565,1595,2069600
10/10/2025,MTDL,610,615,605,605,4412500
10/10/2025,MTEL,560,580,560,570,11474900
10/10/2025,MTELDRCK6A,16,16,16,16,30100
10/10/2025,MTELHDCM6A,0,0,0,0,0
10/10/2025,MTELZPCM6A,16,16,15,15,200
10/10/2025,MTFN,21,22,21,22,148891200
10/10/2025,MTLA,438,438,432,434,41200
10/10/2025,MTMH,1205,1335,1180,1310,54000
10/10/2025,MTPS,67,67,62,62,1547400
10/10/2025,MTRA,0,0,0,0,0
10/10/2025,MTSM,0,0,0,0,0
10/10/2025,MTWI,350,352,346,352,239400
10/10/2025,MUTU,116,117,112,116,6248600
10/10/2025,MYOH,1655,1655,1625,1640,8900
10/10/2025,MYOR,2200,2230,2130,2150,7515100
10/10/2025,MYORDRCK6A,0,0,0,0,0
10/10/2025,MYORHDCM6A,0,0,0,0,0
10/10/2025,MYORZPCH6A,0,0,0,0,0
10/10/2025,MYTX,0,0,0,0,0
10/10/2025,NAIK,127,128,124,124,15155300
10/10/2025,NAIK-W,23,23,22,23,3859100
10/10/2025,NANO,75,75,68,69,20626900
10/10/2025,NASA,41,45,41,45,6372500
10/10/2025,NASI,114,120,111,117,9039800
10/10/2025,NATO,145,145,142,143,44000
10/10/2025,NAYZ,114,122,103,107,13068900
10/10/2025,NCKL,1135,1155,1125,1145,25785700
10/10/2025,NCKLDRCK6A,51,51,51,51,1800
10/10/2025,NCKLHDCK6A,70,70,69,69,10100
10/10/2025,NCKLYUCZ5A,0,0,0,0,0
10/10/2025,NCKLZPCJ6A,0,0,0,0,0
10/10/2025,NCKLZPCM6A,34,35,33,35,36000
10/10/2025,NELY,370,370,350,360,1205600
10/10/2025,NEST,282,352,278,352,80207600
10/10/2025,NETV,121,123,120,122,1535300
10/10/2025,NFCX,1700,1750,1700,1705,229900
10/10/2025,NICE,430,440,428,430,2353200
10/10/2025,NICK,1190,1215,1160,1210,44100
10/10/2025,NICL,1155,1155,1105,1115,8725500
10/10/2025,NIKL,426,505,426,456,27947000
10/10/2025,NINE,0,0,0,0,0
10/10/2025,NIRO,125,125,120,122,156600
10/10/2025,NISP,1350,1360,1345,1350,3673000
10/10/2025,NOBU,560,565,545,550,2723000
10/10/2025,NPGF,65,65,61,62,30263400
10/10/2025,NRCA,910,935,890,905,8947700
10/10/2025,NSSS,550,555,525,540,8456700
10/10/2025,NTBK,148,148,148,148,43153100
10/10/2025,NUSA,0,0,0,0,0
10/10/2025,NZIA,110,117,109,112,5801500
10/10/2025,OASA,286,318,282,300,169847400
10/10/2025,OBAT,466,476,462,470,1309200
10/10/2025,OBAT-W,118,121,113,116,741700
10/10/2025,OBMD,264,280,260,260,1419500
10/10/2025,OCAP,0,0,0,0,0
10/10/2025,OILS,222,270,220,240,67933900
10/10/2025,OKAS,157,160,156,157,7405000
10/10/2025,OLIV,155,155,155,155,3980300
10/10/2025,OMED,197,197,195,196,872700
10/10/2025,OMRE,480,480,478,478,1100
10/10/2025,OPMS,122,122,116,118,5310700
10/10/2025,PACK,1775,1785,1740,1750,3711600
10/10/2025,PADA,88,88,88,88,33129600
10/10/2025,PADI,83,83,79,79,29734900
10/10/2025,PALM,402,416,396,412,2398800
10/10/2025,PAMG,71,71,69,71,5463900
10/10/2025,PANI,14800,14900,14525,14750,7103800
10/10/2025,PANIBQCZ5A,48,48,43,47,438900
10/10/2025,PANIDRCG6A,92,92,87,89,1460500
10/10/2025,PANIHDCJ6A,123,123,119,122,17500
10/10/2025,PANIHDCZ5A,168,168,164,164,39700
10/10/2025,PANIZPCJ6A,93,93,76,76,1097200
10/10/2025,PANR,675,680,660,675,221300
10/10/2025,PANS,1385,1390,1380,1385,197700
10/10/2025,PART,104,120,102,119,309716600
10/10/2025,PART-W,17,20,16,18,52555300
10/10/2025,PBID,488,488,482,484,344300
10/10/2025,PBRX,40,40,40,40,21844800
10/10/2025,PBSA,930,935,900,900,1353400
10/10/2025,PCAR,40,40,39,39,1463700
10/10/2025,PDES,600,635,600,635,370300
10/10/2025,PDPP,420,450,420,444,418000
10/10/2025,PEGE,144,146,126,129,18245700
10/10/2025,PEHA,326,336,320,326,128800
10/10/2025,PEVE,456,500,452,476,645200
10/10/2025,PGAS,1720,1740,1705,1705,66364500
10/10/2025,PGASBQCZ5A,0,0,0,0,0
10/10/2025,PGASDRCG6A,63,65,63,63,429200
10/10/2025,PGASDRCG6B,93,97,93,95,21400
10/10/2025,PGASHDCK6A,0,0,0,0,0
10/10/2025,PGASZPCJ6A,41,42,41,42,63000
10/10/2025,PGEO,1460,1515,1445,1460,99824300
10/10/2025,PGEOBQCX5B,15,20,15,16,19317000
10/10/2025,PGEODRCJ6A,41,44,41,42,4905200
10/10/2025,PGEOHDCH6A,52,55,52,52,151300
10/10/2025,PGEOHDCH6B,63,63,63,63,100000
10/10/2025,PGEOHDPH6A,0,0,0,0,0
10/10/2025,PGEOYUCK6A,98,98,95,95,600800
10/10/2025,PGEOZPCJ6A,51,51,51,51,3000000
10/10/2025,PGEOZPCM6A,57,61,57,61,5300
10/10/2025,PGJO,955,955,855,895,835100
10/10/2025,PGLI,250,310,248,284,5140200
10/10/2025,PGUN,26850,26850,26850,26850,23700
10/10/2025,PICO,340,342,300,304,15491500
10/10/2025,PIPA,0,0,0,0,0
10/10/2025,PJAA,550,585,545,575,255600
10/10/2025,PKPK,560,575,550,570,59100
10/10/2025,PLAN,51,53,50,51,8514300
10/10/2025,PLAS,0,0,0,0,0
10/10/2025,PLIN,0,0,0,0,0
10/10/2025,PMJS,119,119,117,118,48700
10/10/2025,PMMP,0,0,0,0,0
10/10/2025,PMUI,133,137,128,135,5500400
10/10/2025,PNBN,1055,1055,1020,1030,3688000
10/10/2025,PNBS,54,54,52,53,15342200
10/10/2025,PNGO,3620,3630,3550,3630,220200
10/10/2025,PNIN,810,810,790,800,698100
10/10/2025,PNLF,236,238,232,232,63019600
10/10/2025,PNLFDRCJ6A,11,11,10,10,103800
10/10/2025,PNLFHDCZ5A,0,0,0,0,0
10/10/2025,PNLFYUCV5A,3,5,3,4,1208200
10/10/2025,PNLFZPCH6A,0,0,0,0,0
10/10/2025,PNSE,715,745,715,735,13900
10/10/2025,POLA,44,44,44,44,5252100
10/10/2025,POLI,735,735,735,735,100
10/10/2025,POLL,0,0,0,0,0
10/10/2025,POLU,39900,41900,29800,29850,234000
10/10/2025,POLY,30,30,30,30,687900
10/10/2025,POOL,0,0,0,0,0
10/10/2025,PORT,1020,1085,950,1070,82500
10/10/2025,POSA,0,0,0,0,0
10/10/2025,POWR,700,700,695,700,3267200
10/10/2025,PPGL,123,123,111,113,4841700
10/10/2025,PPRE,93,94,89,90,13933500
10/10/2025,PPRI,430,520,410,510,203655000
10/10/2025,PPRO,0,0,0,0,0
10/10/2025,PRAY,760,760,745,755,28700
10/10/2025,PRDA,2560,2560,2520,2540,40300
10/10/2025,PRIM,86,89,86,86,6833800
10/10/2025,PSAB,580,585,565,580,96281700
10/10/2025,PSAT,1360,1360,1320,1340,845800
10/10/2025,PSDN,108,114,106,109,10814400
10/10/2025,PSGO,214,220,212,220,1806700
10/10/2025,PSKT,155,155,142,142,103892300
10/10/2025,PSSI,346,350,340,344,937500
10/10/2025,PTBA,2360,2380,2340,2380,19662700
10/10/2025,PTBABQCV5A,9,10,9,9,1139900
10/10/2025,PTBADRCG6A,19,20,19,20,130900
10/10/2025,PTBAHDCM6A,56,56,56,56,2200
10/10/2025,PTBAYUCZ5A,79,79,79,79,500
10/10/2025,PTBAZPCH6A,35,35,35,35,1100
10/10/2025,PTDU,0,0,0,0,0
10/10/2025,PTIS,456,472,410,440,724600
10/10/2025,PTMP,92,93,90,91,9344100
10/10/2025,PTMR,0,0,0,0,0
10/10/2025,PTPP,398,402,390,392,6829900
10/10/2025,PTPS,184,184,177,178,11445400
10/10/2025,PTPW,930,935,930,935,19300
10/10/2025,PTRO,7100,7200,6900,7075,47718600
10/10/2025,PTRODRCG6A,206,218,206,206,25700
10/10/2025,PTROHDCK6A,374,374,360,368,31100
10/10/2025,PTROYUCK6A,374,374,360,374,15400
10/10/2025,PTROZPCK6A,197,197,180,185,3326000
10/10/2025,PTSN,454,484,454,460,3320600
10/10/2025,PTSP,940,970,910,930,2000
10/10/2025,PUDP,428,520,428,520,704200
10/10/2025,PURA,35,36,35,36,12114300
10/10/2025,PURE,0,0,0,0,0
10/10/2025,PURI,191,191,187,190,36400
10/10/2025,PWON,372,372,364,364,90223200
10/10/2025,PWONDRCN6A,32,32,32,32,14800
10/10/2025,PWONHDCZ5A,65,66,65,66,7500
10/10/2025,PWONZPCH6A,31,32,31,32,4300
10/10/2025,PYFA,595,625,585,595,88706100
10/10/2025,PYFA-W,128,129,125,125,539500
10/10/2025,PZZA,252,256,246,250,1373000
10/10/2025,RAAM,280,288,278,280,9774700
10/10/2025,R-ABFII,0,0,0,0,0
10/10/2025,RAFI,0,0,0,0,0
10/10/2025,RAJA,5275,6000,5275,5675,137458200
10/10/2025,RAJADRCG6A,324,398,324,376,1919200
10/10/2025,RAJAHDCK6A,282,340,282,316,1874100
10/10/2025,RAJAZPCK6A,141,172,141,160,3279000
10/10/2025,RALS,396,398,394,396,2592100
10/10/2025,RANC,0,0,0,0,0
10/10/2025,RATU,9025,10400,9025,9975,75737500
10/10/2025,RBMS,41,41,41,41,427800
10/10/2025,RCCC,242,250,234,248,2339900
10/10/2025,RDTX,11950,11950,11950,11950,100
10/10/2025,REAL,72,72,68,69,55051400
10/10/2025,RELF,55,55,46,47,18378500
10/10/2025,RELI,800,850,680,680,1546500
10/10/2025,RGAS,96,101,96,101,22701700
10/10/2025,RICY,73,73,73,73,332000
10/10/2025,RIGS,795,810,780,805,68700
10/10/2025,RIMO,0,0,0,0,0
10/10/2025,RISE,3810,3810,3810,3810,1300
10/10/2025,R-LQ45X,968,972,968,970,5800
10/10/2025,RMKE,0,0,0,0,0
10/10/2025,RMKO,0,0,0,0,0
10/10/2025,ROCK,745,745,745,745,600
10/10/2025,RODA,52,52,52,52,1155800
10/10/2025,RONY,5000,5000,4200,4200,170200
10/10/2025,ROTI,795,800,785,795,217700
10/10/2025,RSCH,378,378,370,376,317700
10/10/2025,RSGK,0,0,0,0,0
10/10/2025,RUIS,195,200,193,195,986500
10/10/2025,RUNS,108,112,104,105,544500
10/10/2025,SAFE,187,204,185,199,2662300
10/10/2025,SAGE,38,38,35,35,12283100
10/10/2025,SAME,328,328,320,324,1256300
10/10/2025,SAMF,320,320,316,320,226600
10/10/2025,SAPX,296,302,296,300,214300
10/10/2025,SATU,246,246,244,246,3132300
10/10/2025,SBAT,0,0,0,0,0
10/10/2025,SBMA,135,137,134,135,1577600
10/10/2025,SCCO,2370,2390,2340,2340,21500
10/10/2025,SCMA,452,466,446,446,228463700
10/10/2025,SCMABQCZ5A,0,0,0,0,0
10/10/2025,SCMADRCG6A,72,73,65,65,775400
10/10/2025,SCMADRCK6A,191,191,191,191,100
10/10/2025,SCMAHDCK6A,91,91,87,87,135800
10/10/2025,SCMAHDCZ5A,450,454,450,454,7400
10/10/2025,SCMAYUCK6A,146,146,143,143,39500
10/10/2025,SCMAZPCG6A,0,0,0,0,0
10/10/2025,SCMAZPCM6A,88,88,88,88,10000
10/10/2025,SCNP,192,230,180,184,3886600
10/10/2025,SCPI,0,0,0,0,0
10/10/2025,SDMU,78,78,77,78,4334300
10/10/2025,SDPC,139,139,136,137,44900
10/10/2025,SDRA,292,294,286,290,131900
10/10/2025,SEMA,95,99,94,95,1544300
10/10/2025,SFAN,1930,1930,1925,1925,62500
10/10/2025,SGER,346,356,336,338,22479100
10/10/2025,SGRO,4880,4880,4690,4740,1766400
10/10/2025,SHID,870,905,870,900,8700
10/10/2025,SHIP,5750,6075,5525,6000,192600
10/10/2025,SICO,135,135,131,131,4808400
10/10/2025,SIDO,520,525,515,525,8008300
10/10/2025,SIDODRCK6A,27,27,27,27,5000
10/10/2025,SIDOZPCM6A,15,15,14,15,110000
10/10/2025,SILO,1855,1885,1855,1875,852500
10/10/2025,SIMA,0,0,0,0,0
10/10/2025,SIMP,600,615,595,600,12410000
10/10/2025,SINI,4700,5175,4700,5175,193300
10/10/2025,SIPD,705,705,705,705,900
10/10/2025,SKBM,480,480,470,470,31300
10/10/2025,SKLT,210,212,206,208,172900
10/10/2025,SKRN,705,730,675,675,1046700
10/10/2025,SKYB,0,0,0,0,0
10/10/2025,SLIS,86,103,86,94,411189100
10/10/2025,SLIS-W,18,21,17,18,24947600
10/10/2025,SMAR,4920,5075,4920,5000,210800
10/10/2025,SMBR,286,288,282,284,6886300
10/10/2025,SMCB,0,0,0,0,0
10/10/2025,SMDM,810,1005,810,1005,6596500
10/10/2025,SMDR,308,322,306,310,32456200
10/10/2025,SMGA,103,103,99,99,26727000
10/10/2025,SMGR,2590,2620,2580,2590,4026600
10/10/2025,SMGRBQCX5B,0,0,0,0,0
10/10/2025,SMGRBQCZ5A,12,12,11,11,350200
10/10/2025,SMGRDRCG6A,41,41,40,40,48500
10/10/2025,SMGRDRCV5A,0,0,0,0,0
10/10/2025,SMGRHDCZ5A,63,63,63,63,600
10/10/2025,SMGRZPCJ6A,0,0,0,0,0
10/10/2025,SMIL,550,550,535,550,58252800
10/10/2025,SMKL,167,171,165,170,211100
10/10/2025,SMKM,232,238,202,216,73718300
10/10/2025,SMLE,426,426,426,426,3404000
10/10/2025,SMMA,14250,14425,14100,14225,11100
10/10/2025,SMMT,1430,1430,1350,1375,391000
10/10/2025,SMRA,412,412,400,402,35371700
10/10/2025,SMRADRCG6A,43,43,43,43,1200
10/10/2025,SMRADRCJ6A,22,22,21,21,26400
10/10/2025,SMRAHDCZ5A,0,0,0,0,0
10/10/2025,SMRAZPCH6A,43,43,43,43,5000
10/10/2025,SMRU,0,0,0,0,0
10/10/2025,SMSM,1755,1765,1740,1745,1263600
10/10/2025,SNLK,418,420,412,416,7957200
10/10/2025,SOCI,206,210,202,208,8818700
10/10/2025,SOFA,0,0,0,0,0
10/10/2025,SOHO,795,795,790,790,4600
10/10/2025,SOLA,149,157,145,156,167837800
10/10/2025,SONA,4180,4200,3960,4170,37200
10/10/2025,SOSS,900,900,780,835,203300
10/10/2025,SOTS,382,398,360,386,255300
10/10/2025,SOUL,86,94,80,93,7912300
10/10/2025,SPMA,362,364,354,356,1647700
10/10/2025,SPRE,107,114,103,112,3442200
10/10/2025,SPTO,645,645,635,640,484600
10/10/2025,SQMI,0,0,0,0,0
10/10/2025,SRAJ,11050,11050,11000,11000,414500
10/10/2025,SRIL,0,0,0,0,0
10/10/2025,SRSN,73,78,72,75,141040300
10/10/2025,SRTG,1805,1820,1780,1780,6618300
10/10/2025,SRTGDRCK6A,0,0,0,0,0
10/10/2025,SRTGHDCK6A,87,87,85,85,142400
10/10/2025,SRTGZPCG6A,80,80,80,80,3700
10/10/2025,SRTGZPCK6A,39,39,39,39,5000
10/10/2025,SSIA,1975,2120,1975,2090,79800200
10/10/2025,SSMS,1690,1780,1665,1705,14230200
10/10/2025,SSTM,312,318,290,308,195000
10/10/2025,STAA,1370,1500,1370,1445,31836400
10/10/2025,STAR,99,99,92,92,147700
10/10/2025,STRK,188,188,181,182,6334500
10/10/2025,STTP,10225,10225,10125,10125,1500
10/10/2025,SUGI,0,0,0,0,0
10/10/2025,SULI,144,149,131,147,7420600
10/10/2025,SUNI,825,840,810,835,919700
10/10/2025,SUPR,0,0,0,0,0
10/10/2025,SURE,2740,2770,2580,2710,25400
10/10/2025,SURI,115,115,109,110,14114900
10/10/2025,SWAT,0,0,0,0,0
10/10/2025,SWID,91,94,90,91,1100900
10/10/2025,TALF,462,484,436,474,122800
10/10/2025,TAMA,40,40,38,39,584400
10/10/2025,TAMU,37,37,37,37,18211600
10/10/2025,TAPG,1975,1975,1925,1925,13355500
10/10/2025,TAPGDRCG6A,78,80,76,77,317700
10/10/2025,TAPGDRCJ6A,146,146,141,141,50400
10/10/2025,TAPGHDCH6A,0,0,0,0,0
10/10/2025,TAPGZPCH6A,168,168,162,165,50900
10/10/2025,TAPGZPCM6A,58,58,56,56,10900
10/10/2025,TARA,33,34,33,34,6524800
10/10/2025,TAXI,21,21,21,21,238398600
10/10/2025,TAYS,77,77,76,77,3757600
10/10/2025,TBIG,1910,1915,1850,1850,237900
10/10/2025,TBLA,700,720,700,700,3422500
10/10/2025,TBMS,1525,1525,1325,1440,283500
10/10/2025,TCID,3280,3280,3180,3250,50000
10/10/2025,TCPI,6200,6575,6200,6450,7094200
10/10/2025,TDPM,0,0,0,0,0
10/10/2025,TEBE,4120,4120,4120,4120,1690500
10/10/2025,TECH,0,0,0,0,0
10/10/2025,TELE,0,0,0,0,0
10/10/2025,TFAS,0,0,0,0,0
10/10/2025,TFCO,0,0,0,0,0
10/10/2025,TGKA,5400,5450,5400,5450,800
10/10/2025,TGRA,0,0,0,0,0
10/10/2025,TGUK,0,0,0,0,0
10/10/2025,TIFA,396,454,396,406,130300
10/10/2025,TINS,0,0,0,0,0
10/10/2025,TIRA,1460,1500,1430,1500,53800
10/10/2025,TIRT,0,0,0,0,0
10/10/2025,TKIM,7000,7350,6975,7175,3292900
10/10/2025,TKIMDRCN6A,86,97,86,92,790000
10/10/2025,TKIMHDCJ6A,0,0,0,0,0
10/10/2025,TKIMZPCG6A,91,103,91,96,1226200
10/10/2025,TKIMZPCK6A,32,32,32,32,8000
10/10/2025,TLDN,730,730,710,725,1557300
10/10/2025,TLKM,3030,3080,3000,3040,62254500
10/10/2025,TLKMBQCG6A,0,0,0,0,0
10/10/2025,TLKMBQCV5A,0,0,0,0,0
10/10/2025,TLKMDRCJ6A,69,69,69,69,900
10/10/2025,TLKMDRCX6A,0,0,0,0,0
10/10/2025,TLKMHDCJ6A,43,44,43,44,583600
10/10/2025,TLKMHDCV5A,0,0,0,0,0
10/10/2025,TLKMYUCK6A,103,103,103,103,800
10/10/2025,TLKMZPCF6A,0,0,0,0,0
10/10/2025,TLKMZPCM6A,0,0,0,0,0
10/10/2025,TMAS,131,133,129,131,2428900
10/10/2025,TMPO,169,171,164,167,4402400
10/10/2025,TNCA,260,296,254,274,8287700
10/10/2025,TOBA,1320,1415,1315,1355,167943500
10/10/2025,TOOL,68,68,65,66,5425300
10/10/2025,TOPS,0,0,0,0,0
10/10/2025,TOSK,74,75,70,73,54015800
10/10/2025,TOTL,810,820,800,800,1122000
10/10/2025,TOTO,278,288,274,278,2552100
10/10/2025,TOWR,530,535,525,525,19523700
10/10/2025,TOWRDRCN6A,18,19,18,19,11914700
10/10/2025,TOWRHDCK6A,0,0,0,0,0
10/10/2025,TOYS,0,0,0,0,0
10/10/2025,TPIA,7775,8500,7675,8100,43532400
10/10/2025,TPMA,570,570,560,570,2909200
10/10/2025,TRAM,0,0,0,0,0
10/10/2025,TRGU,174,174,169,170,630000
10/10/2025,TRIL,0,0,0,0,0
10/10/2025,TRIM,545,560,515,555,3065700
10/10/2025,TRIN,252,252,195,252,101309200
10/10/2025,TRIN-W2,10,10,10,10,100
10/10/2025,TRIO,0,0,0,0,0
10/10/2025,TRIS,182,182,177,179,599500
10/10/2025,TRJA,163,166,152,155,1221200
10/10/2025,TRON,87,89,85,87,3785400
10/10/2025,TRST,470,488,470,488,45700
10/10/2025,TRUE,103,103,103,103,15144900
10/10/2025,TRUK,286,376,286,376,25283700
10/10/2025,TRUS,446,448,442,442,28500
10/10/2025,TSPC,2420,2530,2420,2460,1373200
10/10/2025,TUGU,1035,1045,1025,1025,2115600
10/10/2025,TYRE,127,130,126,128,449700
10/10/2025,UANG,4160,4430,4160,4160,6182100
10/10/2025,UCID,456,456,450,454,1691200
10/10/2025,UDNG,2210,2210,1850,2130,1296900
10/10/2025,UFOE,354,384,302,302,106510400
10/10/2025,ULTJ,1360,1380,1325,1355,2383900
10/10/2025,UNIC,8425,8550,8325,8350,4000
10/10/2025,UNIQ,372,374,362,370,50061700
10/10/2025,UNIT,0,0,0,0,0
10/10/2025,UNSP,159,161,159,161,1757600
10/10/2025,UNTD,84,85,84,84,2384500
10/10/2025,UNTR,25750,25900,25300,25600,2095300
10/10/2025,UNTRBQCV5A,75,77,72,73,9600
10/10/2025,UNTRDRCG6A,0,0,0,0,0
10/10/2025,UNTRHDCM6A,151,154,144,144,13900
10/10/2025,UNTRZPCJ6A,137,137,137,137,900
10/10/2025,UNVR,1935,1940,1890,1900,14263100
10/10/2025,UNVRBQCZ5A,86,91,84,86,308700
10/10/2025,UNVRDRCG6A,56,56,54,54,138500
10/10/2025,UNVRHDCM6A,92,92,91,91,119100
10/10/2025,UNVRHDPG6A,0,0,0,0,0
10/10/2025,UNVRZPCH6A,59,107,56,107,154400
10/10/2025,UNVRZPCM6A,0,0,0,0,0
10/10/2025,URBN,139,154,138,143,1280200
10/10/2025,UVCR,75,76,72,73,4943500
10/10/2025,VAST,158,159,157,157,988200
10/10/2025,VAST-W,13,13,12,12,2969200
10/10/2025,VERN,127,129,123,124,4843600
10/10/2025,VICI,620,625,610,625,580400
10/10/2025,VICO,183,183,178,181,206500
10/10/2025,VINS,135,135,130,132,18600
10/10/2025,VISI,185,191,184,188,13693700
10/10/2025,VIVA,37,37,37,37,19743900
10/10/2025,VKTR,260,270,260,270,11355000
10/10/2025,VOKS,306,308,296,302,179700
10/10/2025,VRNA,89,89,87,88,366500
10/10/2025,VTNY,95,105,95,97,98879400
10/10/2025,WAPO,174,202,170,171,46194000
10/10/2025,WEGE,73,74,68,69,75209800
10/10/2025,WEHA,115,115,113,114,843500
10/10/2025,WGSH,238,240,230,234,2196200
10/10/2025,WICO,0,0,0,0,0
10/10/2025,WIDI,53,53,45,46,41562300
10/10/2025,WIFI,3280,3980,3250,3930,477383000
10/10/2025,WIIM,1245,1250,1210,1210,7032300
10/10/2025,WIKA,0,0,0,0,0
10/10/2025,WINE,204,206,199,206,6414600
10/10/2025,WINR,46,46,46,46,21452500
10/10/2025,WINS,412,438,412,438,4740300
10/10/2025,WIRG,127,137,124,136,729712900
10/10/2025,WMPP,0,0,0,0,0
10/10/2025,WMUU,41,41,41,41,84637500
10/10/2025,WOMF,336,338,332,336,100300
10/10/2025,WOOD,486,486,470,484,5809700
10/10/2025,WOWS,80,80,77,77,16985500
10/10/2025,WSBP,31,31,31,31,171741000
10/10/2025,WSKT,0,0,0,0,0
10/10/2025,WTON,103,103,100,103,16431500
10/10/2025,XAQA,0,0,0,0,0
10/10/2025,XBES,0,0,0,0,0
10/10/2025,XBID,511,511,510,510,40100
10/10/2025,XBIG,0,0,0,0,0
10/10/2025,XBIN,575,580,575,580,47000
10/10/2025,XBLQ,0,0,0,0,0
10/10/2025,XBNI,0,0,0,0,0
10/10/2025,XBSK,434,434,434,434,40000
10/10/2025,XCEG,106,106,106,106,500
10/10/2025,XCID,56,57,54,55,409500
10/10/2025,XCIS,92,92,80,82,116900
10/10/2025,XCLQ,89,98,84,90,76900
10/10/2025,XDIF,0,0,0,0,0
10/10/2025,XIFE,120,120,106,106,45100
10/10/2025,XIHD,613,613,612,612,600
10/10/2025,XIIC,0,0,0,0,0
10/10/2025,XIID,488,488,488,488,500
10/10/2025,XIIF,438,449,438,449,1800
10/10/2025,XIIT,515,517,512,512,2300
10/10/2025,XIJI,665,676,665,676,10600
10/10/2025,XILV,117,117,106,106,107100
10/10/2025,XIML,243,250,243,250,200
10/10/2025,XIPB,246,246,180,180,4500
10/10/2025,XIPI,219,219,216,216,1500
10/10/2025,XISB,0,0,0,0,0
10/10/2025,XISC,0,0,0,0,0
10/10/2025,XISI,339,339,339,339,300
10/10/2025,XISR,430,430,430,430,200
10/10/2025,XKID,946,946,946,946,100
10/10/2025,XKIV,600,600,598,598,40100
10/10/2025,XKMS,1125,1129,1120,1129,200200
10/10/2025,XMGB,1136,1136,1136,1136,200
10/10/2025,XMIG,218,218,217,217,200100
10/10/2025,XMLF,882,882,873,873,40500
10/10/2025,XMSK,374,376,374,376,300
10/10/2025,XNVE,0,0,0,0,0
10/10/2025,XPDV,597,597,597,597,100
10/10/2025,XPFT,553,553,553,553,200
10/10/2025,XPIN,647,647,647,647,300
10/10/2025,XPLQ,521,524,521,523,2500
10/10/2025,XPSG,395,395,395,395,300
10/10/2025,XPTD,473,473,473,473,100
10/10/2025,XSBC,101,101,99,99,26300
10/10/2025,XSPI,0,0,0,0,0
10/10/2025,XSSI,86,86,80,80,130700
10/10/2025,XSSK,677,677,677,677,20000
10/10/2025,YELO,76,76,76,76,15621400
10/10/2025,YOII,101,102,99,102,3098700
10/10/2025,YPAS,0,0,0,0,0
10/10/2025,YULE,2690,2710,2680,2710,1500
10/10/2025,YUPI,1725,1800,1710,1735,47600
10/10/2025,ZATA,71,71,66,68,49516600
10/10/2025,ZBRA,0,0,0,0,0
10/10/2025,ZINC,34,34,34,34,35962400
10/10/2025,ZONE,615,615,575,610,195700
10/10/2025,ZYRX,144,149,144,147,877100
