<date>,<ticker>,<open>,<high>,<low>,<close>,<volume>
11/6/2025,IHSG,8354.680,8362.916,8289.891,8337.058,24770704400
11/6/2025,AADI,8225,8725,8225,8675,20868300
11/6/2025,AADIDRCN6A,100,115,100,110,870800
11/6/2025,AADIHDCK6A,101,116,101,116,895300
11/6/2025,AADIYUCK6A,326,326,326,326,300
11/6/2025,AALI,7700,7850,7700,7800,1535300
11/6/2025,ABBA,60,60,60,60,727500
11/6/2025,ABDA,0,0,0,0,0
11/6/2025,ABMM,3000,3040,2990,2990,1027200
11/6/2025,ACES,440,446,436,446,44090000
11/6/2025,ACESBQCG6A,0,0,0,0,0
11/6/2025,ACESBQCX5B,2,3,2,3,6684000
11/6/2025,ACESBQCZ5A,10,12,10,11,581200
11/6/2025,ACESDRCJ6A,12,12,11,12,613700
11/6/2025,ACESHDCZ5A,0,0,0,0,0
11/6/2025,ACESZPCJ6A,18,18,18,18,213100
11/6/2025,ACRO,88,89,87,88,4724900
11/6/2025,ACRO-W,7,7,6,7,15995500
11/6/2025,ACST,132,132,129,130,1977700
11/6/2025,ADCP,53,55,53,55,23230800
11/6/2025,ADES,15100,15750,14925,14950,243000
11/6/2025,ADHI,266,268,264,268,5559100
11/6/2025,ADMF,8875,8900,8825,8875,33000
11/6/2025,ADMG,149,155,148,150,1313700
11/6/2025,ADMR,1380,1430,1375,1400,46437100
11/6/2025,ADMRDRCJ6A,69,74,69,72,1841600
11/6/2025,ADMRHDCJ6A,0,0,0,0,0
11/6/2025,ADMRZPCH6A,94,94,92,94,205300
11/6/2025,ADRO,1890,1950,1890,1920,140062300
11/6/2025,ADROBQCG6A,73,73,73,73,100
11/6/2025,ADROBQCJ6A,66,67,65,67,3600
11/6/2025,ADROBQCZ5A,7,7,5,6,2578800
11/6/2025,ADRODRCJ6A,65,65,62,64,3524700
11/6/2025,ADRODRCX5A,41,45,41,44,23000
11/6/2025,ADROHDCZ5A,51,53,50,51,608000
11/6/2025,ADROHDPH6A,76,77,74,74,1100
11/6/2025,ADROYUCZ5A,56,56,56,56,900
11/6/2025,ADROZPCF6A,26,27,26,27,23100
11/6/2025,ADROZPCK6A,61,62,61,62,896500
11/6/2025,AEGS,64,70,60,70,52359900
11/6/2025,AGAR,246,246,234,242,28500
11/6/2025,AGII,1160,1400,1110,1250,8069400
11/6/2025,AGRO,226,232,224,230,9646400
11/6/2025,AGRS,70,71,69,70,3082300
11/6/2025,AHAP,88,88,86,86,9203900
11/6/2025,AIMS,394,454,390,404,7851500
11/6/2025,AISA,144,148,144,145,11246300
11/6/2025,AKKU,45,45,43,43,266100
11/6/2025,AKPI,590,600,590,595,19300
11/6/2025,AKRA,1235,1260,1230,1245,16070600
11/6/2025,AKRABQCX5B,15,18,15,17,293100
11/6/2025,AKRADRCX5A,24,24,24,24,80200
11/6/2025,AKRAHDCH6A,0,0,0,0,0
11/6/2025,AKRAZPCJ6A,0,0,0,0,0
11/6/2025,AKRAZPCM6A,38,38,38,38,200
11/6/2025,AKRAZPCX5A,53,53,53,53,137700
11/6/2025,AKSI,352,440,352,380,3160400
11/6/2025,ALDO,515,530,515,525,586000
11/6/2025,ALII,560,585,550,570,2083600
11/6/2025,ALKA,374,374,354,366,53400
11/6/2025,ALMI,0,0,0,0,0
11/6/2025,ALTO,0,0,0,0,0
11/6/2025,AMAG,380,382,376,380,107500
11/6/2025,AMAN,148,158,145,153,10078300
11/6/2025,AMAR,226,230,224,226,306700
11/6/2025,AMFG,3560,3600,3500,3600,9600
11/6/2025,AMIN,254,262,246,262,141200
11/6/2025,AMMN,7150,7175,7000,7025,25472200
11/6/2025,AMMNBQCZ5A,7,8,6,8,8773600
11/6/2025,AMMNDRCJ6A,40,41,39,40,121000
11/6/2025,AMMNHDCH6A,61,61,61,61,1000
11/6/2025,AMMNZPCG6A,23,23,23,23,5900
11/6/2025,AMMS,0,0,0,0,0
11/6/2025,AMOR,420,420,416,420,403800
11/6/2025,AMRT,1950,1950,1900,1900,38960400
11/6/2025,AMRTBQCF6A,19,19,18,18,423800
11/6/2025,AMRTBQCH6A,19,19,18,18,8400
11/6/2025,AMRTDRCZ5A,15,15,13,13,429600
11/6/2025,AMRTHDCJ6A,10,10,8,9,20255900
11/6/2025,AMRTZPCK6A,17,17,15,16,135000
11/6/2025,AMRTZPCX5A,15,15,15,15,100
11/6/2025,ANDI,22,22,22,22,9639800
11/6/2025,ANJT,2170,2260,2160,2180,1006000
11/6/2025,ANTM,2980,2980,2920,2930,73006600
11/6/2025,ANTMBQCG6A,0,0,0,0,0
11/6/2025,ANTMBQCJ6A,0,0,0,0,0
11/6/2025,ANTMBQCX5A,18,18,12,13,1618500
11/6/2025,ANTMBQCZ5A,0,0,0,0,0
11/6/2025,ANTMDRCG6A,30,30,30,30,34000
11/6/2025,ANTMDRCG6B,40,40,37,37,109300
11/6/2025,ANTMDRCX5A,278,282,278,282,5900
11/6/2025,ANTMDRPZ5A,32,32,32,32,5500
11/6/2025,ANTMHDCH6A,58,58,58,58,200
11/6/2025,ANTMHDCH6B,98,99,98,99,300
11/6/2025,ANTMHDPH6A,67,68,66,67,628700
11/6/2025,ANTMZPCJ6A,54,56,54,54,221800
11/6/2025,ANTMZPCK6A,23,23,21,22,123400
11/6/2025,ANTMZPCX5A,0,0,0,0,0
11/6/2025,APEX,131,133,129,131,11290800
11/6/2025,APIC,1130,1150,1120,1145,5431700
11/6/2025,APII,189,191,189,190,75100
11/6/2025,APLI,456,460,450,460,66400
11/6/2025,APLN,97,98,97,98,4654200
11/6/2025,ARCI,1150,1200,1125,1175,97422300
11/6/2025,AREA,540,540,525,540,1173400
11/6/2025,ARGO,1065,1200,1045,1080,170300
11/6/2025,ARII,268,276,268,274,455100
11/6/2025,ARKA,28,28,28,28,1686100
11/6/2025,ARKO,1620,1670,1610,1620,1158000
11/6/2025,ARMY,0,0,0,0,0
11/6/2025,ARNA,545,550,545,550,1191900
11/6/2025,ARTA,3100,3130,3100,3120,600
11/6/2025,ARTI,0,0,0,0,0
11/6/2025,ARTO,2120,2140,2080,2090,8446100
11/6/2025,ARTOBQCG6A,29,29,28,28,500
11/6/2025,ARTOBQCX5B,0,0,0,0,0
11/6/2025,ARTOBQCZ5A,7,9,7,7,3256100
11/6/2025,ARTODRCK6A,61,62,61,61,557700
11/6/2025,ARTODRCX5A,39,39,38,38,6000
11/6/2025,ARTOHDCN6A,56,56,56,56,1745700
11/6/2025,ARTOHDCZ5A,86,86,82,82,6000
11/6/2025,ARTOZPCK6A,40,40,39,39,1500
11/6/2025,ARTOZPCX5A,37,37,36,36,78700
11/6/2025,ASBI,480,585,460,476,777300
11/6/2025,ASDM,590,630,585,600,68100
11/6/2025,ASGR,1190,1200,1185,1200,454900
11/6/2025,ASHA,39,40,37,37,74989500
11/6/2025,ASII,6300,6350,6200,6325,48979900
11/6/2025,ASIIBQCZ5A,0,0,0,0,0
11/6/2025,ASIIDRCX5A,0,0,0,0,0
11/6/2025,ASIIDRCX6A,0,0,0,0,0
11/6/2025,ASIIHDCZ5A,0,0,0,0,0
11/6/2025,ASIIZPCJ6A,0,0,0,0,0
11/6/2025,ASIIZPCM6A,0,0,0,0,0
11/6/2025,ASJT,132,133,127,129,535200
11/6/2025,ASLC,91,96,91,91,65968900
11/6/2025,ASLI,179,183,171,180,15319700
11/6/2025,ASMI,25,26,25,26,535600
11/6/2025,ASPI,800,800,725,725,1367100
11/6/2025,ASPR,99,100,98,99,2304800
11/6/2025,ASRI,163,164,161,162,9033700
11/6/2025,ASRM,342,390,342,354,894700
11/6/2025,ASSA,1085,1090,1045,1070,6928500
11/6/2025,ATAP,84,84,77,80,344600
11/6/2025,ATIC,825,835,700,700,3571400
11/6/2025,ATLA,63,65,63,65,51064900
11/6/2025,AUTO,2580,2700,2570,2700,8118800
11/6/2025,AUTODRCV6A,75,77,75,77,23500
11/6/2025,AUTOHDCN6A,46,48,46,48,104000
11/6/2025,AUTOZPCJ6A,0,0,0,0,0
11/6/2025,AVIA,458,474,448,468,110052400
11/6/2025,AVIADRCV6A,73,78,71,77,132100
11/6/2025,AVIAHDCN6A,48,48,44,47,796800
11/6/2025,AVIAZPCJ6A,19,24,19,22,1870900
11/6/2025,AWAN,232,250,230,250,23221800
11/6/2025,AXIO,129,143,129,135,21246400
11/6/2025,AYAM,179,181,178,181,75013700
11/6/2025,AYLS,0,0,0,0,0
11/6/2025,BABP,54,54,52,53,4969400
11/6/2025,BABY,348,358,348,348,20590200
11/6/2025,BACA,139,140,139,140,463000
11/6/2025,BAIK,102,103,100,101,833500
11/6/2025,BAIK-W,9,9,8,9,3324200
11/6/2025,BAJA,161,162,156,159,5857400
11/6/2025,BALI,1185,1185,1150,1180,10800
11/6/2025,BANK,845,860,830,855,7307900
11/6/2025,BANK-W,0,0,0,0,0
11/6/2025,BAPA,92,92,80,81,68367600
11/6/2025,BAPI,20,20,20,20,4703600
11/6/2025,BATA,72,72,72,72,452000
11/6/2025,BATR,107,109,106,108,709200
11/6/2025,BAUT,36,37,36,37,6573400
11/6/2025,BAYU,1325,1345,1320,1330,45200
11/6/2025,BBCA,8625,8675,8550,8550,89756900
11/6/2025,BBCABQCG6A,85,85,84,84,1558600
11/6/2025,BBCABQCJ6A,47,47,46,46,25300
11/6/2025,BBCABQCX5A,4,4,2,3,5250600
11/6/2025,BBCADRCF6A,37,37,35,36,786600
11/6/2025,BBCADRCX6A,4130,4130,4130,4130,700
11/6/2025,BBCAHDCQ7A,75,76,74,74,43100
11/6/2025,BBCAYUCK6A,208,208,208,208,7900
11/6/2025,BBCAZPCF6A,25,25,24,25,449700
11/6/2025,BBCAZPCH6A,90,90,90,90,23900
11/6/2025,BBCAZPCN6A,67,67,66,66,135900
11/6/2025,BBHI,1475,1485,1470,1480,578000
11/6/2025,BBKP,66,68,66,66,135357700
11/6/2025,BBLD,905,910,895,895,400
11/6/2025,BBMD,2100,2100,2000,2060,35500
11/6/2025,BBNI,4450,4480,4430,4440,31809500
11/6/2025,BBNIBQCG6A,0,0,0,0,0
11/6/2025,BBNIBQCJ6A,63,63,63,63,20000
11/6/2025,BBNIDRCX6A,0,0,0,0,0
11/6/2025,BBNIDRCZ5A,0,0,0,0,0
11/6/2025,BBNIDRPZ5A,0,0,0,0,0
11/6/2025,BBNIHDCQ7A,89,91,89,90,60500
11/6/2025,BBNIZPCH6A,0,0,0,0,0
11/6/2025,BBNIZPCX5A,0,0,0,0,0
11/6/2025,BBRI,3980,4010,3950,4000,130808100
11/6/2025,BBRIBQCG6A,47,47,45,45,6400
11/6/2025,BBRIBQCJ6A,0,0,0,0,0
11/6/2025,BBRIBQCZ5A,0,0,0,0,0
11/6/2025,BBRIDRCG6A,83,83,83,83,4100
11/6/2025,BBRIDRCN6A,0,0,0,0,0
11/6/2025,BBRIDRCX5A,86,91,86,91,10100
11/6/2025,BBRIDRCX6A,0,0,0,0,0
11/6/2025,BBRIDRPZ5A,0,0,0,0,0
11/6/2025,BBRIHDCH6A,0,0,0,0,0
11/6/2025,BBRIHDCQ7A,84,87,84,87,45600
11/6/2025,BBRIZPCH6A,78,80,78,80,390200
11/6/2025,BBRIZPCN6A,67,67,67,67,17300
11/6/2025,BBRIZPCX5A,49,51,49,50,1000
11/6/2025,BBRM,85,87,84,85,3872200
11/6/2025,BBSI,3980,4020,3980,3990,5100
11/6/2025,BBSS,350,354,342,344,38500
11/6/2025,BBTN,1220,1235,1210,1225,27442700
11/6/2025,BBTNDRCV6A,61,61,61,61,60000
11/6/2025,BBTNHDCZ5A,0,0,0,0,0
11/6/2025,BBTNYUCZ5A,0,0,0,0,0
11/6/2025,BBTNZPCG6A,35,35,35,35,148500
11/6/2025,BBYB,390,396,384,394,63859700
11/6/2025,BCAP,55,57,54,57,24962500
11/6/2025,BCIC,141,145,141,145,458300
11/6/2025,BCIP,112,113,109,113,45451500
11/6/2025,BDKR,171,172,168,170,15465000
11/6/2025,BDMN,2530,2550,2520,2530,606000
11/6/2025,BEBS,0,0,0,0,0
11/6/2025,BEEF,525,555,510,540,13226800
11/6/2025,BEER,122,124,120,123,978900
11/6/2025,BEKS,28,28,27,27,31017600
11/6/2025,BELI,430,440,418,440,6153500
11/6/2025,BELL,63,69,63,65,43761600
11/6/2025,BESS,1650,1820,1650,1650,224200
11/6/2025,BEST,108,108,101,105,12661300
11/6/2025,BFIN,785,785,765,765,13140300
11/6/2025,BFINDRCK6A,0,0,0,0,0
11/6/2025,BFINHDCM6A,0,0,0,0,0
11/6/2025,BFINZPCM6A,19,19,19,19,220000
11/6/2025,BGTG,111,111,109,109,11968700
11/6/2025,BHAT,985,1025,985,1020,3248400
11/6/2025,BHIT,33,33,33,33,6899800
11/6/2025,BIKA,0,0,0,0,0
11/6/2025,BIKE,915,940,870,870,9240600
11/6/2025,BIMA,78,79,78,78,201000
11/6/2025,BINA,4510,4510,4470,4500,1900
11/6/2025,BINO,130,130,128,129,623100
11/6/2025,BIPI,80,81,79,80,231650300
11/6/2025,BIPP,42,44,42,44,822300
11/6/2025,BIRD,1800,1825,1790,1820,2094200
11/6/2025,BISI,905,910,885,900,900100
11/6/2025,BJBR,810,810,805,810,1675800
11/6/2025,BJTM,550,550,545,545,5215300
11/6/2025,BKDP,40,40,38,39,202000
11/6/2025,BKSL,113,116,111,113,147991000
11/6/2025,BKSW,63,64,62,63,4302700
11/6/2025,BLES,161,161,158,159,3810200
11/6/2025,BLOG,496,496,490,494,2118100
11/6/2025,BLTA,28,28,26,27,6650800
11/6/2025,BLTZ,0,0,0,0,0
11/6/2025,BLUE,2370,2370,2370,2370,1239300
11/6/2025,BMAS,695,695,690,690,200
11/6/2025,BMBL,41,42,39,41,4561600
11/6/2025,BMHS,155,156,153,154,2430900
11/6/2025,BMRI,4790,4790,4750,4750,57932600
11/6/2025,BMRIBQCG6A,56,57,56,57,200
11/6/2025,BMRIBQCJ6A,0,0,0,0,0
11/6/2025,BMRIBQCZ5A,9,10,9,10,426100
11/6/2025,BMRIDRCG6A,107,107,107,107,10000
11/6/2025,BMRIDRCX5A,32,32,32,32,165800
11/6/2025,BMRIDRCX6A,2270,2270,2270,2270,100
11/6/2025,BMRIHDCQ7A,89,89,88,88,500
11/6/2025,BMRIYUCK6A,0,0,0,0,0
11/6/2025,BMRIZPCH6A,54,54,54,54,75000
11/6/2025,BMRIZPCX5A,15,15,15,15,75400
11/6/2025,BMSR,314,322,304,318,135100
11/6/2025,BMTR,142,143,141,143,33303100
11/6/2025,BNBA,620,620,610,615,95600
11/6/2025,BNBR,38,38,38,38,25087400
11/6/2025,BNGA,1740,1755,1735,1750,3019900
11/6/2025,BNGADRCK6A,0,0,0,0,0
11/6/2025,BNGAZPCH6A,0,0,0,0,0
11/6/2025,BNII,202,206,202,204,870900
11/6/2025,BNLI,5300,5300,5250,5275,30700
11/6/2025,BOAT,121,132,121,125,17232200
11/6/2025,BOBA,208,220,204,220,636200
11/6/2025,BOGA,490,494,488,490,1911000
11/6/2025,BOLA,180,186,178,180,722900
11/6/2025,BOLT,1120,1120,1115,1120,6000
11/6/2025,BOSS,0,0,0,0,0
11/6/2025,BPFI,322,334,318,320,148800
11/6/2025,BPII,550,555,550,550,143900
11/6/2025,BPTR,92,95,91,94,183800
11/6/2025,BRAM,5075,5100,4900,5000,2300
11/6/2025,BREN,10000,10175,9500,9925,103014800
11/6/2025,BRIS,2500,2510,2480,2490,13416400
11/6/2025,BRISBQCZ5A,0,0,0,0,0
11/6/2025,BRISDRCJ6A,30,31,30,31,213400
11/6/2025,BRISHDCH6A,39,39,39,39,35000
11/6/2025,BRISHDCZ5A,0,0,0,0,0
11/6/2025,BRISZPCG6A,29,29,29,29,139000
11/6/2025,BRMS,1005,1020,955,960,1241326600
11/6/2025,BRMSBQCZ5A,0,0,0,0,0
11/6/2025,BRMSDRCG6A,54,55,43,47,18148600
11/6/2025,BRMSDRCJ6A,187,187,169,169,1412600
11/6/2025,BRMSDRPX5A,1,2,1,2,19601700
11/6/2025,BRMSHDCH6A,282,290,282,282,13900
11/6/2025,BRMSHDCZ5A,0,0,0,0,0
11/6/2025,BRMSZPCG6A,298,302,274,274,30100
11/6/2025,BRMSZPCN6A,61,61,44,61,937800
11/6/2025,BRNA,740,740,700,710,20100
11/6/2025,BRPT,3640,3650,3540,3570,74999000
11/6/2025,BRPTBQCF6A,57,60,57,58,85200
11/6/2025,BRPTBQCH6A,75,78,75,76,71200
11/6/2025,BRPTBQCX5B,242,302,242,302,2200
11/6/2025,BRPTBQCZ5A,0,0,0,0,0
11/6/2025,BRPTDRCF6A,378,378,366,374,165500
11/6/2025,BRPTDRCJ6A,212,222,212,214,60900
11/6/2025,BRPTDRCX5A,440,448,440,442,1700
11/6/2025,BRPTHDCH6A,0,0,0,0,0
11/6/2025,BRPTHDCH6B,0,0,0,0,0
11/6/2025,BRPTHDPG6A,68,69,65,68,1473800
11/6/2025,BRPTYUCZ5A,0,0,0,0,0
11/6/2025,BRPTZPCF6A,0,0,0,0,0
11/6/2025,BRPTZPCK6A,82,82,79,82,60800
11/6/2025,BRPTZPCN6A,87,91,87,89,57600
11/6/2025,BRPTZPCX5A,0,0,0,0,0
11/6/2025,BRRC,138,140,132,133,18254400
11/6/2025,BRRC-W,17,19,16,16,22688800
11/6/2025,BSBK,69,72,69,70,45104300
11/6/2025,BSDE,955,965,950,955,7056600
11/6/2025,BSDEBQCK6A,31,31,31,31,131600
11/6/2025,BSDEDRCG6A,0,0,0,0,0
11/6/2025,BSDEDRCJ6A,0,0,0,0,0
11/6/2025,BSDEHDCM6A,0,0,0,0,0
11/6/2025,BSDEZPCH6A,42,43,41,43,1000800
11/6/2025,BSDEZPCN6A,0,0,0,0,0
11/6/2025,BSIM,885,885,875,880,20400
11/6/2025,BSML,185,210,180,208,30780500
11/6/2025,BSSR,4170,4190,4160,4180,1546400
11/6/2025,BSWD,1000,1000,1000,1000,400
11/6/2025,BTEK,14,14,14,14,97431300
11/6/2025,BTEL,0,0,0,0,0
11/6/2025,BTON,380,390,380,390,14300
11/6/2025,BTPN,2140,2170,2140,2150,14000
11/6/2025,BTPS,1380,1415,1370,1405,14169300
11/6/2025,BTPSDRCK6A,39,39,39,39,10000
11/6/2025,BTPSHDCJ6A,0,0,0,0,0
11/6/2025,BTPSZPCH6A,0,0,0,0,0
11/6/2025,BUAH,675,705,675,705,1623300
11/6/2025,BUDI,224,226,218,222,862300
11/6/2025,BUKA,165,167,164,165,101562200
11/6/2025,BUKABQCZ5B,10,12,10,11,128700
11/6/2025,BUKADRCK6A,14,15,14,14,827500
11/6/2025,BUKAHDCZ5A,0,0,0,0,0
11/6/2025,BUKAZPCM6A,35,35,34,34,7700
11/6/2025,BUKK,1000,1025,980,980,48700
11/6/2025,BULL,212,218,206,214,263234500
11/6/2025,BUMI,142,145,141,141,1067529600
11/6/2025,BUVA,780,800,745,795,114442200
11/6/2025,BVIC,101,102,100,101,8477700
11/6/2025,BVIC-W,21,24,17,18,414700
11/6/2025,BWPT,141,147,140,141,74076200
11/6/2025,BYAN,18200,18200,17900,17900,69900
11/6/2025,CAKK,178,185,177,179,964700
11/6/2025,CAMP,222,222,216,216,1484000
11/6/2025,CANI,46,46,46,46,344800
11/6/2025,CARE,324,332,320,328,23656600
11/6/2025,CARS,130,131,126,130,12381100
11/6/2025,CASA,1095,1105,1085,1100,4143700
11/6/2025,CASH,123,123,115,123,2860200
11/6/2025,CASS,2820,2830,2660,2750,123400
11/6/2025,CBDK,6175,6300,6175,6200,2238400
11/6/2025,CBMF,0,0,0,0,0
11/6/2025,CBPE,262,316,252,290,6292300
11/6/2025,CBRE,1210,1420,1185,1290,254589200
11/6/2025,CBUT,1310,1320,1295,1320,8400
11/6/2025,CCSI,348,358,342,350,509900
11/6/2025,CDIA,1850,1865,1800,1815,119254200
11/6/2025,CEKA,2490,2890,2470,2560,125500
11/6/2025,CENT,137,149,134,141,49729300
11/6/2025,CFIN,318,322,318,320,573300
11/6/2025,CGAS,147,150,143,148,4433000
11/6/2025,CHEK,184,184,181,184,5946500
11/6/2025,CHEM,95,96,92,96,13597800
11/6/2025,CHIP,1365,1375,1340,1370,148100
11/6/2025,CINT,189,196,176,180,5052100
11/6/2025,CITA,4710,4740,4600,4690,371700
11/6/2025,CITY,173,180,173,173,2442500
11/6/2025,CLAY,2810,2860,2770,2820,110000
11/6/2025,CLEO,520,525,515,520,3361000
11/6/2025,CLPI,1440,1455,1430,1450,128300
11/6/2025,CMNP,1380,1430,1355,1395,427000
11/6/2025,CMNP-W,380,390,310,340,112000
11/6/2025,CMNT,780,780,760,770,14849700
11/6/2025,CMPP,95,95,95,95,46500
11/6/2025,CMRY,6000,6150,5875,5950,3990100
11/6/2025,CMRYDRCK6A,140,140,127,130,36600
11/6/2025,CMRYHDCN6A,96,96,95,96,1500
11/6/2025,CMRYZPCJ6A,67,68,67,67,5200
11/6/2025,CNKO,62,62,58,58,110625500
11/6/2025,CNMA,119,121,118,120,81045700
11/6/2025,CNTB,0,0,0,0,0
11/6/2025,CNTX,0,0,0,0,0
11/6/2025,COAL,57,57,57,57,5298800
11/6/2025,COCO,414,434,410,426,137591800
11/6/2025,COIN,3300,3500,3020,3080,222988200
11/6/2025,COWL,0,0,0,0,0
11/6/2025,CPIN,4810,4850,4750,4760,7605600
11/6/2025,CPINDRCG6A,63,63,63,63,3000
11/6/2025,CPINHDCN6A,70,70,70,70,2000
11/6/2025,CPINZPCJ6A,0,0,0,0,0
11/6/2025,CPINZPCN6A,0,0,0,0,0
11/6/2025,CPRI,0,0,0,0,0
11/6/2025,CPRO,61,62,61,61,58240700
11/6/2025,CRAB,290,296,290,296,2583100
11/6/2025,CRSN,112,114,110,114,481100
11/6/2025,CSAP,330,334,324,326,208600
11/6/2025,CSIS,244,246,230,236,1885200
11/6/2025,CSMI,230,254,230,250,23385400
11/6/2025,CSRA,815,835,815,830,1260000
11/6/2025,CTBN,5200,5200,5200,5200,200
11/6/2025,CTRA,900,905,890,895,9241600
11/6/2025,CTRADRCJ6A,0,0,0,0,0
11/6/2025,CTRAHDCK6A,0,0,0,0,0
11/6/2025,CTRAYUCZ5A,0,0,0,0,0
11/6/2025,CTRAZPCG6A,21,21,21,21,15000
11/6/2025,CTTH,92,92,88,88,6720400
11/6/2025,CUAN,2130,2160,2080,2120,100801500
11/6/2025,CYBR,1350,1375,1275,1315,19230100
11/6/2025,CYBR-W,950,990,890,955,23700
11/6/2025,DAAZ,2490,2490,2380,2410,436500
11/6/2025,DADA,50,50,50,50,2690500
11/6/2025,DART,166,167,163,165,14800
11/6/2025,DATA,4900,4920,4660,4700,3668100
11/6/2025,DAYA,1265,1270,1175,1260,32000
11/6/2025,DCII,260550,260600,260550,260600,1000
11/6/2025,DEAL,0,0,0,0,0
11/6/2025,DEFI,0,0,0,0,0
11/6/2025,DEPO,268,268,248,260,233300
11/6/2025,DEWA,360,370,342,342,777790500
11/6/2025,DEWI,120,121,117,121,30004800
11/6/2025,DFAM,74,98,74,91,293348300
11/6/2025,DGIK,95,95,93,94,2377100
11/6/2025,DGNS,144,150,141,144,966100
11/6/2025,DGWG,418,420,412,416,7718300
11/6/2025,DIGI,38,38,38,38,4046200
11/6/2025,DILD,131,132,129,129,5736500
11/6/2025,DIVA,190,204,186,199,4911200
11/6/2025,DKFT,730,735,715,730,10701700
11/6/2025,DKHH,88,90,86,88,13340700
11/6/2025,DKHH-W,18,18,16,17,6026500
11/6/2025,DLTA,2100,2130,2050,2080,58900
11/6/2025,DMAS,133,134,132,133,23134300
11/6/2025,DMMX,376,382,364,380,4875300
11/6/2025,DMND,635,635,610,615,78400
11/6/2025,DNAR,118,123,118,119,1718500
11/6/2025,DNET,9075,9075,8975,8975,1800
11/6/2025,DOID,328,332,326,330,2441100
11/6/2025,DOOH,141,144,137,140,164671100
11/6/2025,DOSS,148,179,148,160,36479700
11/6/2025,DPNS,0,0,0,0,0
11/6/2025,DPUM,65,70,62,65,34383500
11/6/2025,DRMA,1030,1050,1020,1040,1049700
11/6/2025,DSFI,85,91,85,86,27233400
11/6/2025,DSNG,1895,1950,1800,1815,38498600
11/6/2025,DSNGDRCK6A,0,0,0,0,0
11/6/2025,DSNGHDCK6A,0,0,0,0,0
11/6/2025,DSNGZPCM6A,60,60,60,60,58200
11/6/2025,DSSA,88200,96500,88200,96000,2143900
11/6/2025,DUCK,0,0,0,0,0
11/6/2025,DUTI,4280,4300,4200,4300,2600
11/6/2025,DVLA,1660,1660,1650,1650,66700
11/6/2025,DWGL,356,382,356,364,17270800
11/6/2025,DYAN,89,89,86,88,4333700
11/6/2025,EAST,93,94,93,94,469900
11/6/2025,ECII,180,182,178,180,337200
11/6/2025,EDGE,4310,4380,4230,4310,16200
11/6/2025,EKAD,186,190,185,187,459600
11/6/2025,ELIT,179,180,177,180,3730000
11/6/2025,ELPI,730,825,690,735,13080400
11/6/2025,ELSA,515,515,500,505,43790900
11/6/2025,ELSADRCG6A,25,26,25,26,15000
11/6/2025,ELSADRCJ6A,32,32,31,31,44600
11/6/2025,ELSAHDCK6A,0,0,0,0,0
11/6/2025,ELSAZPCG6A,31,31,28,28,81200
11/6/2025,ELSAZPCN6A,23,24,22,22,22700
11/6/2025,ELTY,19,19,19,19,33715200
11/6/2025,EMAS,4090,4120,4040,4100,6824700
11/6/2025,EMDE,96,100,95,95,5175400
11/6/2025,EMTK,1200,1200,1170,1175,50170800
11/6/2025,EMTKBQCH6A,24,24,23,23,101000
11/6/2025,EMTKBQCZ5A,326,326,326,326,500
11/6/2025,EMTKDRCK6A,48,49,48,48,59700
11/6/2025,EMTKHDCK6A,0,0,0,0,0
11/6/2025,EMTKHDCZ5A,232,232,230,230,1300
11/6/2025,EMTKZPCH6A,143,143,141,141,75300
11/6/2025,EMTKZPCM6A,41,41,41,41,750000
11/6/2025,ENAK,675,695,665,695,2183100
11/6/2025,ENRG,920,920,875,880,123668700
11/6/2025,ENRGBQCZ5A,66,66,66,66,12600
11/6/2025,ENRGDRCG6A,27,28,25,26,82200
11/6/2025,ENRGDRCJ6A,158,159,153,153,16000
11/6/2025,ENRGHDCK6A,81,82,81,81,297800
11/6/2025,ENRGHDCZ5A,0,0,0,0,0
11/6/2025,ENRGZPCG6A,0,0,0,0,0
11/6/2025,ENRGZPCK6A,45,46,43,43,377500
11/6/2025,ENVY,0,0,0,0,0
11/6/2025,ENZO,42,43,42,43,1441000
11/6/2025,EPAC,21,21,21,21,1551800
11/6/2025,EPMT,2340,2380,2340,2370,6300
11/6/2025,ERAA,420,434,420,424,66687200
11/6/2025,ERAABQCZ5A,6,7,6,6,122500
11/6/2025,ERAADRCJ6A,8,8,7,7,2033700
11/6/2025,ERAAHDCZ5A,13,13,13,13,401800
11/6/2025,ERAAZPCH6A,16,16,16,16,327100
11/6/2025,ERAL,284,288,284,288,5427100
11/6/2025,ERTX,174,181,173,176,1982100
11/6/2025,ESIP,108,108,108,108,6442000
11/6/2025,ESSA,615,640,615,625,48452000
11/6/2025,ESSABQCZ5A,25,26,25,26,80000
11/6/2025,ESSADRCN6A,32,32,32,32,100
11/6/2025,ESSAHDCH6A,0,0,0,0,0
11/6/2025,ESSAYUCZ5A,27,27,27,27,600
11/6/2025,ESSAZPCK6A,17,17,17,17,61800
11/6/2025,ESTA,212,238,212,228,21120300
11/6/2025,ESTI,131,131,129,129,602200
11/6/2025,ETWA,0,0,0,0,0
11/6/2025,EURO,360,382,324,324,817600
11/6/2025,EXCL,2700,2750,2700,2740,4084700
11/6/2025,EXCLHDCJ6A,32,32,32,32,1000
11/6/2025,EXCLZPCF6A,0,0,0,0,0
11/6/2025,EXCLZPCM6A,0,0,0,0,0
11/6/2025,EXCLZPCN6A,0,0,0,0,0
11/6/2025,FAPA,6200,6250,6200,6200,10400
11/6/2025,FAST,635,645,590,605,41842600
11/6/2025,FASW,0,0,0,0,0
11/6/2025,FILM,5800,5900,5650,5675,8070900
11/6/2025,FIMP,0,0,0,0,0
11/6/2025,FIRE,86,86,83,84,8869200
11/6/2025,FISH,1815,1820,1740,1740,109300
11/6/2025,FITT,940,965,910,940,763700
11/6/2025,FLMC,234,234,210,230,8014200
11/6/2025,FMII,356,368,352,364,6200
11/6/2025,FOLK,302,348,294,308,20200900
11/6/2025,FOOD,0,0,0,0,0
11/6/2025,FORE,515,515,505,510,2161100
11/6/2025,FORU,1155,1165,1140,1160,92200
11/6/2025,FPNI,352,438,302,412,344339300
11/6/2025,FUJI,700,705,670,700,725700
11/6/2025,FUTR,750,835,740,800,252292100
11/6/2025,FWCT,144,144,140,143,3790500
11/6/2025,GAMA,0,0,0,0,0
11/6/2025,GDST,119,119,115,117,1690600
11/6/2025,GDYR,1110,1120,1105,1115,11500
11/6/2025,GEMA,87,109,86,94,201213500
11/6/2025,GEMS,8900,9100,8900,9025,106200
11/6/2025,GGRM,17150,17525,17100,17150,3699400
11/6/2025,GGRMZPCG6A,220,230,212,216,1646900
11/6/2025,GGRP,202,208,200,206,914000
11/6/2025,GHON,1715,1715,1700,1715,12300
11/6/2025,GIAA,109,110,109,110,43653100
11/6/2025,GJTL,1045,1070,1045,1050,4948400
11/6/2025,GJTLZPCJ6A,22,23,21,22,2060400
11/6/2025,GLOB,0,0,0,0,0
11/6/2025,GLVA,360,362,350,356,29500
11/6/2025,GMFI,86,86,86,86,11030700
11/6/2025,GMTD,2200,2200,2200,2200,200
11/6/2025,GOLD,292,304,292,294,80900
11/6/2025,GOLF,202,204,200,202,391400
11/6/2025,GOLL,0,0,0,0,0
11/6/2025,GOOD,366,366,362,364,205100
11/6/2025,GOTO,62,63,60,61,2792568800
11/6/2025,GOTOBQCJ6A,9,9,8,8,4039400
11/6/2025,GOTOBQCZ5A,4,4,3,4,5963000
11/6/2025,GOTODRCG6A,8,9,7,8,6215300
11/6/2025,GOTOHDCK6A,12,17,12,17,79400
11/6/2025,GOTOM,0,0,0,0,0
11/6/2025,GOTOZPCH6A,24,24,24,24,2490200
11/6/2025,GOTOZPCK6A,0,0,0,0,0
11/6/2025,GPRA,134,134,129,130,15349100
11/6/2025,GPSO,820,835,800,820,916800
11/6/2025,GRIA,97,104,96,100,4390100
11/6/2025,GRPH,65,65,63,65,3620200
11/6/2025,GRPM,61,62,60,61,518800
11/6/2025,GRPM-W,15,16,15,16,608900
11/6/2025,GSMF,98,98,95,96,5634700
11/6/2025,GTBO,212,212,208,210,125200
11/6/2025,GTRA,324,336,316,318,5001700
11/6/2025,GTSI,124,127,122,123,53614600
11/6/2025,GULA,384,400,382,392,1836500
11/6/2025,GUNA,274,278,272,278,555100
11/6/2025,GWSA,148,152,143,145,969200
11/6/2025,GZCO,276,288,272,276,63440300
11/6/2025,HADE,24,24,24,24,1357900
11/6/2025,HAIS,210,214,210,212,1222900
11/6/2025,HAJJ,120,120,117,118,9512900
11/6/2025,HAJJ-W,15,16,15,15,3112400
11/6/2025,HALO,105,109,105,107,21039800
11/6/2025,HALO-W,14,14,12,13,6502800
11/6/2025,HATM,278,282,276,282,24093100
11/6/2025,HBAT,198,216,190,216,3846200
11/6/2025,HDFA,146,161,142,153,2746000
11/6/2025,HDIT,47,47,44,44,3901000
11/6/2025,HEAL,1475,1480,1430,1480,13851800
11/6/2025,HEALBQCZ5A,10,10,9,10,3365100
11/6/2025,HEALDRCJ6A,0,0,0,0,0
11/6/2025,HEALHDCH6A,0,0,0,0,0
11/6/2025,HEALYUCZ5A,20,20,20,20,18800
11/6/2025,HEALZPCH6A,0,0,0,0,0
11/6/2025,HEALZPCN6A,32,33,32,32,100400
11/6/2025,HELI,244,252,240,246,503000
11/6/2025,HERO,535,565,520,525,260400
11/6/2025,HEXA,4660,4670,4630,4640,169100
11/6/2025,HGII,159,160,157,160,10228800
11/6/2025,HILL,160,161,158,159,636700
11/6/2025,HITS,0,0,0,0,0
11/6/2025,HKMU,0,0,0,0,0
11/6/2025,HMSP,875,895,865,870,72417000
11/6/2025,HOKI,74,75,73,74,38405500
11/6/2025,HOME,0,0,0,0,0
11/6/2025,HOMI,500,515,470,478,2219600
11/6/2025,HOPE,120,123,119,120,2789500
11/6/2025,HOTL,0,0,0,0,0
11/6/2025,HRME,39,39,39,39,80700
11/6/2025,HRTA,1245,1265,1200,1240,41476400
11/6/2025,HRUM,1030,1055,1030,1035,23278700
11/6/2025,HRUMDRCN6A,35,36,35,35,1812000
11/6/2025,HRUMHDCK6A,37,42,37,41,96200
11/6/2025,HRUMZPCG6A,48,50,48,49,2700
11/6/2025,HRUMZPCM6A,29,29,28,29,64500
11/6/2025,HUMI,125,127,121,124,35314900
11/6/2025,HUMI-W,21,21,19,19,5246100
11/6/2025,HYGN,171,173,170,173,561400
11/6/2025,IATA,71,71,70,70,5997200
11/6/2025,IBFN,49,58,49,52,2624000
11/6/2025,IBOS,54,55,52,53,13789300
11/6/2025,IBST,5050,5050,5050,5050,100
11/6/2025,ICBP,8650,8675,8550,8575,15202700
11/6/2025,ICBPDRCX6A,3240,3240,3240,3240,100
11/6/2025,ICBPHDCJ6A,21,21,21,21,100000
11/6/2025,ICBPZPCX5A,4,4,2,3,7666000
11/6/2025,ICON,46,47,46,47,38300
11/6/2025,IDEA,80,80,70,72,12105200
11/6/2025,IDPR,300,314,300,304,1472300
11/6/2025,IFII,224,228,224,226,112200
11/6/2025,IFSH,820,910,785,790,198400
11/6/2025,IGAR,505,510,500,500,32300
11/6/2025,IIKP,0,0,0,0,0
11/6/2025,IKAI,14,14,13,13,20250500
11/6/2025,IKAN,117,118,113,116,18251300
11/6/2025,IKBI,545,555,520,545,172100
11/6/2025,IKPM,236,240,234,238,1050600
11/6/2025,IMAS,1155,1160,1140,1145,378200
11/6/2025,IMJS,226,234,222,234,8765600
11/6/2025,IMPC,2800,2850,2650,2710,56776000
11/6/2025,INAF,0,0,0,0,0
11/6/2025,INAI,153,156,145,154,81900
11/6/2025,INCF,44,44,43,44,802500
11/6/2025,INCI,665,680,650,650,86500
11/6/2025,INCO,4660,4670,4540,4550,4706100
11/6/2025,INCOBQCF6A,88,88,88,88,400
11/6/2025,INCOBQCJ6A,0,0,0,0,0
11/6/2025,INCODRCG6A,98,98,98,98,80000
11/6/2025,INCODRCK6A,0,0,0,0,0
11/6/2025,INCODRCX5A,0,0,0,0,0
11/6/2025,INCOHDCJ6A,0,0,0,0,0
11/6/2025,INCOYUCZ5A,0,0,0,0,0
11/6/2025,INCOZPCK6A,0,0,0,0,0
11/6/2025,INCOZPCN6A,94,96,94,96,215100
11/6/2025,INCOZPCX5A,0,0,0,0,0
11/6/2025,INDF,7125,7125,7025,7025,8261500
11/6/2025,INDFDRCX6A,3450,3450,3450,3450,100
11/6/2025,INDFHDCJ6A,16,16,15,15,38300
11/6/2025,INDO,226,226,222,226,7212500
11/6/2025,INDR,3000,3000,2860,2940,48000
11/6/2025,INDS,226,228,224,226,116000
11/6/2025,INDX,159,183,158,170,53378400
11/6/2025,INDY,1950,1960,1910,1950,15519700
11/6/2025,INDYDRCN6A,78,78,76,76,14300
11/6/2025,INDYHDCJ6A,172,173,172,173,67600
11/6/2025,INDYZPCG6A,86,89,85,89,2300
11/6/2025,INDYZPCN6A,0,0,0,0,0
11/6/2025,INET,292,314,286,312,756896200
11/6/2025,INET-W,199,214,194,214,14413300
11/6/2025,INKP,7450,7550,7375,7475,2418300
11/6/2025,INKPBQCX5A,23,30,23,30,471600
11/6/2025,INKPDRCF6A,154,154,154,154,2800
11/6/2025,INKPDRCG6A,0,0,0,0,0
11/6/2025,INKPHDCK6A,0,0,0,0,0
11/6/2025,INKPZPCF6A,0,0,0,0,0
11/6/2025,INKPZPCK6A,29,29,29,29,76100
11/6/2025,INOV,152,157,148,150,25919300
11/6/2025,INPC,152,154,151,152,3812500
11/6/2025,INPP,670,695,670,675,7700
11/6/2025,INPS,169,169,160,160,274800
11/6/2025,INRU,725,735,700,700,14100
11/6/2025,INTA,38,38,38,38,609600
11/6/2025,INTD,220,224,214,216,263300
11/6/2025,INTP,6250,6475,6250,6475,1252900
11/6/2025,INTPDRCN6A,61,63,61,63,300
11/6/2025,INTPHDCM6A,0,0,0,0,0
11/6/2025,INTPZPCG6A,0,0,0,0,0
11/6/2025,INTPZPCM6A,0,0,0,0,0
11/6/2025,IOTF,85,86,84,85,13465600
11/6/2025,IPAC,258,260,234,246,2235700
11/6/2025,IPCC,1195,1200,1190,1200,577600
11/6/2025,IPCM,330,330,326,328,818600
11/6/2025,IPOL,137,138,131,131,1374100
11/6/2025,IPPE,0,0,0,0,0
11/6/2025,IPTV,39,40,39,40,2544800
11/6/2025,IRRA,450,452,442,446,980200
11/6/2025,IRSX,208,208,202,208,16640900
11/6/2025,ISAP,27,29,27,29,45955800
11/6/2025,ISAP-W,14,16,13,16,40777400
11/6/2025,ISAT,1945,1985,1935,1975,16992500
11/6/2025,ISATBQCF6A,22,24,22,24,120000
11/6/2025,ISATBQCJ6A,0,0,0,0,0
11/6/2025,ISATDRCG6A,38,40,38,40,6454600
11/6/2025,ISATDRCX5A,34,35,34,35,2500
11/6/2025,ISATHDCJ6A,15,16,14,16,15023200
11/6/2025,ISATZPCF6A,26,26,26,26,100
11/6/2025,ISEA,84,85,83,85,1277100
11/6/2025,ISSP,418,428,418,422,784800
11/6/2025,ITIC,468,490,462,466,8811400
11/6/2025,ITMA,1275,1275,1210,1240,719700
11/6/2025,ITMG,23600,23675,23350,23400,1837100
11/6/2025,ITMGDRCV6A,160,160,155,155,16000
11/6/2025,ITMGHDCJ6A,150,150,150,150,5000
11/6/2025,ITMGZPCJ6A,66,66,65,65,10400
11/6/2025,JARR,3710,3750,3650,3690,6592700
11/6/2025,JAST,96,96,93,93,8637600
11/6/2025,JATI,122,124,118,118,15060000
11/6/2025,JAWA,192,218,175,175,180218600
11/6/2025,JAYA,104,108,104,107,6122600
11/6/2025,JECC,1135,1205,1105,1110,308600
11/6/2025,JGLE,17,18,17,18,34914600
11/6/2025,JIHD,590,595,580,595,1873900
11/6/2025,JKON,84,85,83,84,5552700
11/6/2025,JMAS,147,158,146,150,2822600
11/6/2025,JPFA,2450,2470,2380,2420,25835900
11/6/2025,JPFABQCZ5A,0,0,0,0,0
11/6/2025,JPFADRCJ6A,121,124,118,118,92200
11/6/2025,JPFAHDCZ5A,352,354,352,354,2000
11/6/2025,JPFAZPCG6A,195,195,193,193,3700
11/6/2025,JPFAZPCN6A,27,29,25,26,616700
11/6/2025,JRPT,855,860,855,860,756400
11/6/2025,JSKY,0,0,0,0,0
11/6/2025,JSMR,3550,3600,3510,3580,8922800
11/6/2025,JSMRDRCK6A,0,0,0,0,0
11/6/2025,JSMRHDCH6A,0,0,0,0,0
11/6/2025,JSMRZPCG6A,0,0,0,0,0
11/6/2025,JSPT,3430,3550,3400,3460,12100
11/6/2025,JTPE,368,370,364,368,1268800
11/6/2025,KAEF,580,585,565,570,2874100
11/6/2025,KAQI,69,74,68,72,74874100
11/6/2025,KARW,505,505,505,505,342700
11/6/2025,KAYU,0,0,0,0,0
11/6/2025,KBAG,42,42,41,41,1226700
11/6/2025,KBLI,338,348,336,346,889200
11/6/2025,KBLM,352,384,350,370,844100
11/6/2025,KBLV,150,154,136,143,81491200
11/6/2025,KBRI,0,0,0,0,0
11/6/2025,KDSI,472,472,456,458,105800
11/6/2025,KDTN,153,167,150,158,22024000
11/6/2025,KEEN,995,1140,990,1080,38489900
11/6/2025,KEJU,745,765,730,740,499000
11/6/2025,KETR,416,416,396,400,9939600
11/6/2025,KIAS,0,0,0,0,0
11/6/2025,KICI,282,306,262,270,8159400
11/6/2025,KIJA,192,192,191,191,15729800
11/6/2025,KING,206,206,202,204,9900
11/6/2025,KING-W,11,12,10,12,8667700
11/6/2025,KINO,1280,1280,1250,1280,23000
11/6/2025,KIOS,79,81,77,78,19732600
11/6/2025,KJEN,183,220,178,192,16404000
11/6/2025,KKES,26,26,26,26,1652700
11/6/2025,KKGI,326,328,322,322,2576600
11/6/2025,KLAS,129,131,128,129,12200200
11/6/2025,KLBF,1295,1310,1250,1250,148218800
11/6/2025,KLBFBQCF6A,30,31,30,31,20000
11/6/2025,KLBFBQCJ6A,0,0,0,0,0
11/6/2025,KLBFDRCG6A,17,20,17,19,489600
11/6/2025,KLBFHDCK6A,77,77,77,77,200
11/6/2025,KLBFZPCF6A,18,19,17,19,350600
11/6/2025,KLBFZPCJ6A,0,0,0,0,0
11/6/2025,KLIN,166,178,166,168,347900
11/6/2025,KMDS,695,715,690,710,26300
11/6/2025,KMTR,274,278,274,278,332700
11/6/2025,KOBX,164,167,161,164,1327500
11/6/2025,KOCI,85,87,83,84,3012500
11/6/2025,KOCI-W,14,15,14,15,140600
11/6/2025,KOIN,73,73,73,73,8300
11/6/2025,KOKA,0,0,0,0,0
11/6/2025,KONI,0,0,0,0,0
11/6/2025,KOPI,328,336,326,330,657500
11/6/2025,KOTA,34,35,34,34,2188600
11/6/2025,KPIG,146,146,143,146,91856500
11/6/2025,KRAS,334,348,332,342,24687500
11/6/2025,KREN,14,15,14,15,25895700
11/6/2025,KRYA,179,218,179,192,203404800
11/6/2025,KSIX,352,352,330,338,620700
11/6/2025,KUAS,68,68,66,66,3235400
11/6/2025,LABA,202,268,202,268,252093400
11/6/2025,LABS,144,144,142,143,960800
11/6/2025,LAJU,69,71,68,70,21438600
11/6/2025,LAND,29,30,29,30,771900
11/6/2025,LAPD,166,166,166,166,10521400
11/6/2025,LCGP,0,0,0,0,0
11/6/2025,LCKM,210,210,202,202,28600
11/6/2025,LEAD,79,82,78,78,51239500
11/6/2025,LFLO,565,565,510,550,113300
11/6/2025,LIFE,8500,8700,8475,8475,3200
11/6/2025,LINK,2980,3230,2900,3120,160400
11/6/2025,LION,416,418,404,408,199400
11/6/2025,LIVE,208,210,197,202,13042000
11/6/2025,LMAS,0,0,0,0,0
11/6/2025,LMAX,80,84,79,83,2423100
11/6/2025,LMPI,143,147,143,146,64900
11/6/2025,LMSH,0,0,0,0,0
11/6/2025,LOPI,88,90,83,90,7577700
11/6/2025,LPCK,605,610,600,605,105500
11/6/2025,LPGI,765,775,720,740,26700
11/6/2025,LPIN,456,466,450,460,253300
11/6/2025,LPKR,87,88,87,87,14541700
11/6/2025,LPLI,500,540,480,500,2667400
11/6/2025,LPPF,1720,1770,1720,1735,2491300
11/6/2025,LPPS,103,134,102,120,113983200
11/6/2025,LRNA,178,178,176,176,96300
11/6/2025,LSIP,1405,1420,1395,1405,5351200
11/6/2025,LSIPDRCK6A,0,0,0,0,0
11/6/2025,LSIPHDCJ6A,0,0,0,0,0
11/6/2025,LSIPYUCZ5A,0,0,0,0,0
11/6/2025,LSIPZPCG6A,0,0,0,0,0
11/6/2025,LTLS,860,875,860,865,76500
11/6/2025,LUCK,107,118,104,118,42361500
11/6/2025,LUCY,110,110,107,107,118200
11/6/2025,MABA,0,0,0,0,0
11/6/2025,MAGP,0,0,0,0,0
11/6/2025,MAHA,141,142,139,139,2878400
11/6/2025,MAIN,825,830,810,825,4938200
11/6/2025,MANG,55,58,54,54,6420700
11/6/2025,MANG-W,20,21,20,20,1239400
11/6/2025,MAPA,795,800,765,780,37009200
11/6/2025,MAPABQCZ5A,26,29,26,29,200100
11/6/2025,MAPADRCJ6A,29,30,26,29,499200
11/6/2025,MAPAHDCZ5A,40,40,37,37,21100
11/6/2025,MAPAZPCH6A,48,48,48,48,36100
11/6/2025,MAPB,1620,1660,1615,1615,7900
11/6/2025,MAPI,1450,1495,1410,1440,82296500
11/6/2025,MAPIDRCX5A,22,32,22,24,7137900
11/6/2025,MAPIHDCK6A,0,0,0,0,0
11/6/2025,MAPIZPCJ6A,77,77,73,73,638800
11/6/2025,MARI,31,33,31,32,830600
11/6/2025,MARK,670,675,655,670,21910500
11/6/2025,MASB,3310,3310,3260,3260,400
11/6/2025,MAXI,55,56,54,56,7886000
11/6/2025,MAYA,238,240,232,238,2054900
11/6/2025,MBAP,1610,1625,1600,1620,44800
11/6/2025,MBMA,645,660,625,645,197495800
11/6/2025,MBMABQCX5A,45,54,39,39,3283900
11/6/2025,MBMADRCG6A,30,32,27,28,11602900
11/6/2025,MBMADRCX5A,79,85,79,85,200
11/6/2025,MBMADRPX5A,2,2,1,1,153860200
11/6/2025,MBMAHDCH6A,0,0,0,0,0
11/6/2025,MBMAHDCN6A,0,0,0,0,0
11/6/2025,MBMAYUCK6A,0,0,0,0,0
11/6/2025,MBMAZPCK6A,40,40,39,39,23800
11/6/2025,MBMAZPCN6A,29,31,29,31,1646200
11/6/2025,MBMAZPCX5A,0,0,0,0,0
11/6/2025,MBSS,1400,1410,1365,1380,1410800
11/6/2025,MBTO,182,214,179,193,34549700
11/6/2025,MCAS,800,810,790,810,362400
11/6/2025,MCOL,3860,3860,3800,3810,9200
11/6/2025,MCOR,74,74,72,74,6509100
11/6/2025,MDIA,32,33,32,33,892000
11/6/2025,MDIY,1075,1090,1075,1085,2144200
11/6/2025,MDKA,2430,2470,2370,2430,47912200
11/6/2025,MDKABQCX5B,11,12,10,12,10413800
11/6/2025,MDKADRCG6A,67,69,64,66,473200
11/6/2025,MDKADRCK6A,66,66,66,66,700
11/6/2025,MDKADRPX5A,0,0,0,0,0
11/6/2025,MDKAHDCN6A,72,72,72,72,300
11/6/2025,MDKAHDCZ5A,90,97,90,97,1300
11/6/2025,MDKAHDPH6A,97,97,97,97,1000
11/6/2025,MDKAHDPJ6A,0,0,0,0,0
11/6/2025,MDKAYUCK6A,0,0,0,0,0
11/6/2025,MDKAZPCF6A,0,0,0,0,0
11/6/2025,MDKI,190,191,187,191,582200
11/6/2025,MDLA,238,238,234,236,1384000
11/6/2025,MDLN,57,65,56,60,106727500
11/6/2025,MDRN,41,42,41,42,4352400
11/6/2025,MEDC,1330,1335,1310,1330,24875500
11/6/2025,MEDCBQCX5B,10,11,9,10,16372500
11/6/2025,MEDCBQCZ5A,15,16,15,15,50000
11/6/2025,MEDCDRCG6A,31,31,31,31,25000
11/6/2025,MEDCHDCH6A,0,0,0,0,0
11/6/2025,MEDCZPCF6A,32,32,30,30,143400
11/6/2025,MEDS,60,62,59,61,15119900
11/6/2025,MEGA,3310,3310,3300,3300,1600
11/6/2025,MEJA,0,0,0,0,0
11/6/2025,MEJA-W,0,0,0,0,0
11/6/2025,MENN,0,0,0,0,0
11/6/2025,MERI,214,216,214,216,515300
11/6/2025,MERK,3080,3110,3060,3100,53000
11/6/2025,META,0,0,0,0,0
11/6/2025,MFMI,0,0,0,0,0
11/6/2025,MGLV,740,785,715,785,1910300
11/6/2025,MGNA,85,86,85,86,5205100
11/6/2025,MGNA-W,63,63,63,63,13900
11/6/2025,MGRO,770,775,760,765,5106100
11/6/2025,MHKI,242,272,240,256,42468300
11/6/2025,MICE,670,670,575,635,327400
11/6/2025,MIDI,404,416,404,410,21076300
11/6/2025,MIKA,2580,2690,2570,2590,5349800
11/6/2025,MIKADRCV6A,0,0,0,0,0
11/6/2025,MIKAHDCN6A,0,0,0,0,0
11/6/2025,MIKAZPCG6A,30,30,30,30,1200
11/6/2025,MINA,176,182,175,178,75042700
11/6/2025,MINE,492,492,486,488,2578700
11/6/2025,MIRA,36,36,36,36,6127600
11/6/2025,MITI,296,308,296,300,1666500
11/6/2025,MKAP,346,350,340,350,341300
11/6/2025,MKNT,0,0,0,0,0
11/6/2025,MKPI,24500,24500,24450,24450,6100
11/6/2025,MKTR,145,152,143,147,3932600
11/6/2025,MLBI,5800,5875,5800,5800,160900
11/6/2025,MLIA,342,342,338,340,3570600
11/6/2025,MLPL,131,133,129,131,71586400
11/6/2025,MLPT,79800,80475,79600,79625,16800
11/6/2025,MMIX,254,260,240,248,5269600
11/6/2025,MMLP,565,565,560,560,1996800
11/6/2025,MNCN,264,270,262,268,31000200
11/6/2025,MNCNDRCN6A,0,0,0,0,0
11/6/2025,MNCNHDCM6A,0,0,0,0,0
11/6/2025,MNCNZPCM6A,12,12,11,12,1555200
11/6/2025,MOLI,292,296,288,294,2530100
11/6/2025,MORA,2160,2160,2160,2160,106800
11/6/2025,MPIX,67,68,66,66,3885800
11/6/2025,MPIX-W,10,10,9,10,668400
11/6/2025,MPMX,965,970,965,970,1280700
11/6/2025,MPOW,116,123,116,116,9401600
11/6/2025,MPPA,61,62,60,60,59377700
11/6/2025,MPRO,7025,7250,6825,6950,15300
11/6/2025,MPXL,232,242,228,232,2040800
11/6/2025,MRAT,386,390,380,384,395700
11/6/2025,MREI,985,990,970,970,100300
11/6/2025,MSIE,50,50,48,49,4119400
11/6/2025,MSIN,515,535,510,525,65570400
11/6/2025,MSJA,292,294,292,294,4539500
11/6/2025,MSKY,79,87,79,81,27318100
11/6/2025,MSTI,1410,1460,1410,1450,2075600
11/6/2025,MTDL,605,605,595,600,10004600
11/6/2025,MTEL,560,560,550,555,6583700
11/6/2025,MTELDRCK6A,0,0,0,0,0
11/6/2025,MTELHDCM6A,17,17,17,17,7100
11/6/2025,MTELZPCM6A,13,14,13,14,164000
11/6/2025,MTFN,16,16,16,16,55382000
11/6/2025,MTLA,428,430,422,430,19300
11/6/2025,MTMH,1200,1200,1150,1195,12800
11/6/2025,MTPS,0,0,0,0,0
11/6/2025,MTRA,0,0,0,0,0
11/6/2025,MTSM,0,0,0,0,0
11/6/2025,MTWI,350,354,348,354,108500
11/6/2025,MUTU,107,111,107,108,2446500
11/6/2025,MYOH,1585,1590,1555,1555,14300
11/6/2025,MYOR,2120,2130,2030,2030,33682800
11/6/2025,MYORDRCK6A,51,51,46,47,5875400
11/6/2025,MYORHDCM6A,43,43,41,41,64900
11/6/2025,MYORZPCH6A,26,26,26,26,30000
11/6/2025,MYTX,0,0,0,0,0
11/6/2025,NAIK,116,120,115,118,10506200
11/6/2025,NAIK-W,17,21,17,17,27588600
11/6/2025,NANO,55,55,51,53,17209200
11/6/2025,NASA,31,31,30,30,3656200
11/6/2025,NASI,108,108,104,104,6057400
11/6/2025,NATO,148,152,148,148,7300
11/6/2025,NAYZ,173,174,166,172,2986400
11/6/2025,NCKL,1125,1140,1100,1110,69259300
11/6/2025,NCKLBQCM6A,39,39,39,39,229400
11/6/2025,NCKLDRCK6A,44,45,44,45,5515500
11/6/2025,NCKLHDCK6A,65,65,65,65,100
11/6/2025,NCKLYUCZ5A,102,102,101,101,4800
11/6/2025,NCKLZPCJ6A,0,0,0,0,0
11/6/2025,NCKLZPCM6A,31,31,31,31,100
11/6/2025,NELY,348,350,346,348,304200
11/6/2025,NEST,370,370,356,364,12706200
11/6/2025,NETV,105,108,105,107,1886400
11/6/2025,NFCX,1710,1920,1700,1725,81100
11/6/2025,NICE,416,422,414,416,3508000
11/6/2025,NICK,1215,1255,1170,1215,43700
11/6/2025,NICL,960,975,950,965,1938100
11/6/2025,NIKL,374,398,354,368,11141900
11/6/2025,NINE,0,0,0,0,0
11/6/2025,NIRO,280,350,272,350,9736500
11/6/2025,NISP,1375,1390,1375,1390,1525700
11/6/2025,NOBU,500,510,500,505,1343200
11/6/2025,NPGF,61,62,60,62,12561200
11/6/2025,NRCA,690,715,665,675,8006100
11/6/2025,NSSS,510,515,496,500,10947900
11/6/2025,NTBK,161,208,160,180,823660300
11/6/2025,NUSA,0,0,0,0,0
11/6/2025,NZIA,111,111,109,110,758400
11/6/2025,OASA,204,218,202,216,111974600
11/6/2025,OBAT,426,444,426,442,944200
11/6/2025,OBAT-W,75,93,75,92,3047600
11/6/2025,OBMD,250,254,244,250,776700
11/6/2025,OCAP,0,0,0,0,0
11/6/2025,OILS,200,206,200,204,1694500
11/6/2025,OKAS,143,144,141,143,4036300
11/6/2025,OLIV,105,114,98,112,41223800
11/6/2025,OMED,200,202,195,195,13861600
11/6/2025,OMRE,0,0,0,0,0
11/6/2025,OPMS,111,113,107,109,24157100
11/6/2025,PACK,2600,2750,2600,2700,1730900
11/6/2025,PADA,87,99,87,95,37918200
11/6/2025,PADI,75,75,74,74,11242800
11/6/2025,PALM,394,394,382,388,481400
11/6/2025,PAMG,66,72,66,69,19608000
11/6/2025,PANI,14500,14500,13925,14275,6717700
11/6/2025,PANIBQCZ5A,30,30,23,25,1101700
11/6/2025,PANIDRCG6A,67,69,67,68,134300
11/6/2025,PANIHDCJ6A,101,102,101,102,1411600
11/6/2025,PANIHDCN6A,86,86,86,86,15400
11/6/2025,PANIHDCZ5A,127,131,127,130,108300
11/6/2025,PANIZPCJ6A,63,63,61,62,51900
11/6/2025,PANIZPCN6A,110,112,110,111,12800
11/6/2025,PANR,675,685,660,680,3731300
11/6/2025,PANS,1450,1460,1435,1445,294400
11/6/2025,PART,135,136,130,133,58074200
11/6/2025,PART-W,20,21,18,20,32141100
11/6/2025,PBID,490,492,488,490,438700
11/6/2025,PBRX,35,36,35,36,11573700
11/6/2025,PBSA,935,935,915,930,829300
11/6/2025,PCAR,34,35,34,34,623800
11/6/2025,PDES,600,620,600,615,1035700
11/6/2025,PDPP,418,426,400,402,325100
11/6/2025,PEGE,126,127,124,126,178700
11/6/2025,PEHA,324,330,320,324,324400
11/6/2025,PEVE,505,505,498,498,322100
11/6/2025,PGAS,1710,1735,1705,1725,29143000
11/6/2025,PGASBQCZ5A,0,0,0,0,0
11/6/2025,PGASDRCG6A,0,0,0,0,0
11/6/2025,PGASDRCG6B,0,0,0,0,0
11/6/2025,PGASHDCK6A,0,0,0,0,0
11/6/2025,PGASZPCJ6A,0,0,0,0,0
11/6/2025,PGEO,1270,1290,1255,1275,29357700
11/6/2025,PGEOBQCF6A,25,27,25,27,128500
11/6/2025,PGEOBQCX5B,3,3,1,2,4338900
11/6/2025,PGEODRCJ6A,23,23,23,23,50000
11/6/2025,PGEOHDCH6A,0,0,0,0,0
11/6/2025,PGEOHDCH6B,0,0,0,0,0
11/6/2025,PGEOHDPH6A,0,0,0,0,0
11/6/2025,PGEOYUCK6A,0,0,0,0,0
11/6/2025,PGEOZPCJ6A,0,0,0,0,0
11/6/2025,PGEOZPCM6A,0,0,0,0,0
11/6/2025,PGJO,1000,1060,1000,1025,483100
11/6/2025,PGLI,515,520,515,515,11042500
11/6/2025,PGUN,13325,13400,13000,13250,83900
11/6/2025,PICO,232,280,226,276,42222400
11/6/2025,PIPA,278,292,256,282,209644000
11/6/2025,PJAA,545,545,498,515,420900
11/6/2025,PJHB,412,412,412,412,4267800
11/6/2025,PJHB-W,51,410,51,410,202849500
11/6/2025,PKPK,615,625,610,625,101000
11/6/2025,PLAN,49,49,47,47,2961100
11/6/2025,PLAS,0,0,0,0,0
11/6/2025,PLIN,0,0,0,0,0
11/6/2025,PMJS,117,119,116,118,216300
11/6/2025,PMMP,0,0,0,0,0
11/6/2025,PMUI,149,153,149,150,4716800
11/6/2025,PNBN,1030,1030,1010,1025,7687500
11/6/2025,PNBS,52,54,52,54,9299400
11/6/2025,PNGO,3070,3130,3070,3090,36500
11/6/2025,PNIN,805,805,790,800,1251600
11/6/2025,PNLF,240,240,236,240,32695600
11/6/2025,PNLFBQCM6A,18,18,17,17,4400
11/6/2025,PNLFDRCJ6A,10,10,10,10,100000
11/6/2025,PNLFHDCZ5A,0,0,0,0,0
11/6/2025,PNLFZPCH6A,28,28,28,28,100
11/6/2025,PNSE,715,730,700,720,15800
11/6/2025,POLA,37,37,35,35,830700
11/6/2025,POLI,0,0,0,0,0
11/6/2025,POLL,0,0,0,0,0
11/6/2025,POLU,25050,26900,24400,24950,26100
11/6/2025,POLY,26,28,26,28,684300
11/6/2025,POOL,0,0,0,0,0
11/6/2025,PORT,1220,1240,1210,1210,101900
11/6/2025,POSA,0,0,0,0,0
11/6/2025,POWR,700,710,695,705,26636000
11/6/2025,PPGL,137,148,134,139,8801400
11/6/2025,PPRE,118,122,116,119,14915700
11/6/2025,PPRI,328,330,320,330,4150800
11/6/2025,PPRO,0,0,0,0,0
11/6/2025,PRAY,820,830,810,820,29600
11/6/2025,PRDA,2560,2580,2550,2560,56300
11/6/2025,PRIM,79,79,77,79,3597000
11/6/2025,PSAB,575,575,560,570,67798200
11/6/2025,PSAT,1350,1355,1345,1350,377900
11/6/2025,PSDN,103,115,101,103,24830300
11/6/2025,PSGO,224,224,220,222,387100
11/6/2025,PSKT,125,125,125,125,14780000
11/6/2025,PSSI,344,348,344,348,167400
11/6/2025,PTBA,2390,2400,2380,2400,5407600
11/6/2025,PTBADRCG6A,16,16,16,16,11200
11/6/2025,PTBAHDCM6A,0,0,0,0,0
11/6/2025,PTBAYUCZ5A,0,0,0,0,0
11/6/2025,PTBAZPCH6A,33,33,33,33,8000
11/6/2025,PTDU,0,0,0,0,0
11/6/2025,PTIS,394,402,388,394,42200
11/6/2025,PTMP,86,86,83,84,6359200
11/6/2025,PTMR,0,0,0,0,0
11/6/2025,PTPP,378,386,378,378,6416300
11/6/2025,PTPS,198,210,198,206,15818300
11/6/2025,PTPW,970,975,960,960,23000
11/6/2025,PTRO,8050,8125,7675,7925,118597100
11/6/2025,PTRODRCG6A,224,260,224,250,3376300
11/6/2025,PTROHDCK6A,428,450,420,440,593000
11/6/2025,PTROYUCK6A,410,434,410,426,43500
11/6/2025,PTROZPCK6A,228,228,218,222,1225400
11/6/2025,PTROZPCN6A,98,113,97,110,3034000
11/6/2025,PTSN,372,380,364,376,1101000
11/6/2025,PTSP,1495,1640,1225,1250,1218800
11/6/2025,PUDP,705,730,705,710,82800
11/6/2025,PURA,25,26,25,26,2103300
11/6/2025,PURE,0,0,0,0,0
11/6/2025,PURI,560,560,560,560,3260500
11/6/2025,PWON,370,374,366,368,26940100
11/6/2025,PWONDRCN6A,0,0,0,0,0
11/6/2025,PWONHDCZ5A,0,0,0,0,0
11/6/2025,PWONZPCH6A,66,66,66,66,100
11/6/2025,PYFA,496,500,482,494,30068100
11/6/2025,PYFA-W,113,118,113,117,242400
11/6/2025,PZZA,234,236,222,228,4457600
11/6/2025,R-ABFII,0,0,0,0,0
11/6/2025,R-LQ45X,1007,1007,1007,1007,500
11/6/2025,RAAM,250,256,248,250,7487800
11/6/2025,RAFI,37,39,37,39,6287500
11/6/2025,RAJA,4320,4470,4160,4310,86701500
11/6/2025,RAJADRCG6A,165,202,165,185,5784900
11/6/2025,RAJAHDCK6A,180,198,176,186,2139200
11/6/2025,RAJAZPCK6A,91,100,88,90,4496300
11/6/2025,RALS,448,458,446,448,12496200
11/6/2025,RANC,890,925,850,860,365300
11/6/2025,RATU,8450,9075,8300,8600,39910100
11/6/2025,RBMS,35,35,34,34,805600
11/6/2025,RCCC,206,220,193,202,339400
11/6/2025,RDTX,12050,12350,11575,12275,1400
11/6/2025,REAL,71,75,70,74,87011600
11/6/2025,RELF,45,46,42,44,11493700
11/6/2025,RELI,655,655,630,640,19100
11/6/2025,RGAS,102,102,99,101,7737000
11/6/2025,RICY,62,63,62,62,382000
11/6/2025,RIGS,775,790,775,785,15000
11/6/2025,RIMO,0,0,0,0,0
11/6/2025,RISE,8000,8550,7450,8050,856200
11/6/2025,RMKE,2730,2810,2690,2780,9601400
11/6/2025,RMKO,212,238,206,224,10440800
11/6/2025,ROCK,470,515,470,470,36100
11/6/2025,RODA,45,45,45,45,171600
11/6/2025,RONY,3170,3200,3050,3050,11800
11/6/2025,ROTI,795,805,790,795,305100
11/6/2025,RSCH,368,388,366,380,17193100
11/6/2025,RSGK,0,0,0,0,0
11/6/2025,RUIS,196,196,193,194,1221500
11/6/2025,RUNS,95,105,92,100,3233400
11/6/2025,SAFE,262,284,224,238,15933500
11/6/2025,SAGE,30,30,30,30,1838200
11/6/2025,SAME,300,300,292,296,10394100
11/6/2025,SAMF,314,314,312,314,41500
11/6/2025,SAPX,296,364,296,314,16678800
11/6/2025,SATU,250,250,246,248,2470900
11/6/2025,SBAT,0,0,0,0,0
11/6/2025,SBMA,130,131,129,131,1001900
11/6/2025,SCCO,2400,2410,2380,2380,39900
11/6/2025,SCMA,364,370,362,366,59013400
11/6/2025,SCMABQCZ5A,0,0,0,0,0
11/6/2025,SCMADRCG6A,22,23,22,22,6900
11/6/2025,SCMADRCK6A,119,122,119,120,25800
11/6/2025,SCMAHDCK6A,51,51,51,51,1015800
11/6/2025,SCMAHDCZ5A,360,364,360,360,40300
11/6/2025,SCMAYUCK6A,0,0,0,0,0
11/6/2025,SCMAZPCG6A,210,212,208,208,500
11/6/2025,SCMAZPCM6A,54,54,53,53,2200
11/6/2025,SCNP,165,170,159,164,1969400
11/6/2025,SCPI,0,0,0,0,0
11/6/2025,SDMU,59,60,55,58,3082200
11/6/2025,SDPC,139,140,137,138,346300
11/6/2025,SDRA,292,292,286,290,180400
11/6/2025,SEMA,103,104,102,103,394200
11/6/2025,SFAN,1920,1925,1920,1925,78100
11/6/2025,SGER,500,505,484,496,75022300
11/6/2025,SGRO,5050,5225,4990,5175,1470900
11/6/2025,SHID,870,890,860,865,17800
11/6/2025,SHIP,5275,5400,5275,5350,5000
11/6/2025,SICO,134,137,134,135,3637200
11/6/2025,SIDO,580,580,570,575,17440100
11/6/2025,SIDODRCK6A,33,33,33,33,15000
11/6/2025,SIDOHDCN6A,34,34,34,34,800
11/6/2025,SIDOZPCM6A,19,19,19,19,10000
11/6/2025,SILO,2120,2300,2100,2300,8322900
11/6/2025,SIMA,0,0,0,0,0
11/6/2025,SIMP,640,645,630,635,7769300
11/6/2025,SINI,6050,6425,6050,6375,39800
11/6/2025,SIPD,705,705,705,705,600
11/6/2025,SKBM,492,500,476,494,311000
11/6/2025,SKLT,216,228,206,216,1542800
11/6/2025,SKRN,790,825,730,765,4564800
11/6/2025,SKYB,0,0,0,0,0
11/6/2025,SLIS,80,81,79,80,12931500
11/6/2025,SLIS-W,14,14,13,14,1349500
11/6/2025,SMAR,5200,5225,5050,5125,37900
11/6/2025,SMBR,288,292,286,292,13459300
11/6/2025,SMCB,0,0,0,0,0
11/6/2025,SMDM,820,820,810,815,124500
11/6/2025,SMDR,314,318,308,314,13594100
11/6/2025,SMGA,131,131,119,120,156882600
11/6/2025,SMGR,2820,2920,2810,2890,13178600
11/6/2025,SMGRBQCX5B,33,36,33,36,200
11/6/2025,SMGRBQCZ5A,10,55,9,55,11900800
11/6/2025,SMGRDRCG6A,51,54,51,53,401800
11/6/2025,SMGRHDCZ5A,0,0,0,0,0
11/6/2025,SMGRZPCJ6A,0,0,0,0,0
11/6/2025,SMIL,440,454,438,452,92974900
11/6/2025,SMKL,165,166,163,163,195900
11/6/2025,SMKM,155,165,155,165,43835900
11/6/2025,SMLE,304,308,300,302,1355900
11/6/2025,SMMA,13550,13550,13100,13300,17700
11/6/2025,SMMT,1740,1975,1720,1900,1598700
11/6/2025,SMRA,394,400,392,396,21486900
11/6/2025,SMRADRCG6A,0,0,0,0,0
11/6/2025,SMRADRCJ6A,18,18,18,18,41500
11/6/2025,SMRAHDCZ5A,0,0,0,0,0
11/6/2025,SMRAZPCH6A,0,0,0,0,0
11/6/2025,SMRU,0,0,0,0,0
11/6/2025,SMSM,1910,1910,1880,1910,1522900
11/6/2025,SNLK,406,412,404,410,9499000
11/6/2025,SOCI,218,220,210,212,6820700
11/6/2025,SOFA,276,294,270,278,10343300
11/6/2025,SOHO,0,0,0,0,0
11/6/2025,SOLA,131,135,129,132,7300800
11/6/2025,SONA,2700,2750,2620,2680,47700
11/6/2025,SOSS,900,900,885,885,9200
11/6/2025,SOTS,336,336,320,326,5800
11/6/2025,SOUL,75,82,73,80,872400
11/6/2025,SPMA,370,378,368,370,3058100
11/6/2025,SPRE,131,136,117,133,11444800
11/6/2025,SPTO,665,675,665,670,1191200
11/6/2025,SQMI,0,0,0,0,0
11/6/2025,SRAJ,12000,12000,11800,11800,191100
11/6/2025,SRIL,0,0,0,0,0
11/6/2025,SRSN,67,67,64,66,16072000
11/6/2025,SRTG,1650,1695,1650,1695,5503900
11/6/2025,SRTGDRCK6A,0,0,0,0,0
11/6/2025,SRTGHDCK6A,61,63,61,63,1288000
11/6/2025,SRTGZPCG6A,59,61,59,59,1016000
11/6/2025,SRTGZPCK6A,29,31,29,31,168000
11/6/2025,SSIA,1555,1595,1540,1555,23337000
11/6/2025,SSMS,1610,1635,1585,1615,6939500
11/6/2025,SSTM,0,0,0,0,0
11/6/2025,STAA,1460,1525,1430,1430,29004800
11/6/2025,STAR,72,72,71,71,15800
11/6/2025,STRK,170,173,169,172,9020100
11/6/2025,STTP,10100,10400,10100,10225,3900
11/6/2025,SUGI,0,0,0,0,0
11/6/2025,SULI,137,137,131,136,1895200
11/6/2025,SUNI,800,800,785,800,469900
11/6/2025,SUPR,0,0,0,0,0
11/6/2025,SURE,2640,2680,2640,2680,51600
11/6/2025,SURI,99,116,99,101,312962200
11/6/2025,SWAT,0,0,0,0,0
11/6/2025,SWID,88,90,87,89,849200
11/6/2025,TALF,472,472,450,458,189600
11/6/2025,TAMA,34,34,31,31,2326600
11/6/2025,TAMU,36,36,35,35,27276500
11/6/2025,TAPG,1845,1870,1805,1815,7998600
11/6/2025,TAPGDRCG6A,47,49,44,44,1500
11/6/2025,TAPGDRCJ6A,124,124,124,124,3500
11/6/2025,TAPGHDCH6A,0,0,0,0,0
11/6/2025,TAPGZPCH6A,150,150,148,148,7000
11/6/2025,TAPGZPCM6A,47,47,44,44,22600
11/6/2025,TARA,24,24,24,24,1600200
11/6/2025,TAXI,13,14,13,14,78290100
11/6/2025,TAYS,73,80,73,77,50131600
11/6/2025,TBIG,2200,2260,2150,2180,461900
11/6/2025,TBLA,755,755,740,745,2972000
11/6/2025,TBMS,1360,1380,1360,1370,39200
11/6/2025,TCID,3100,3250,3100,3120,43900
11/6/2025,TCPI,8300,8550,8300,8500,6128500
11/6/2025,TDPM,0,0,0,0,0
11/6/2025,TEBE,2290,2450,2240,2400,8914400
11/6/2025,TECH,0,0,0,0,0
11/6/2025,TELE,0,0,0,0,0
11/6/2025,TFAS,246,250,236,244,2663800
11/6/2025,TFCO,0,0,0,0,0
11/6/2025,TGKA,5275,5300,5275,5300,200
11/6/2025,TGRA,0,0,0,0,0
11/6/2025,TGUK,0,0,0,0,0
11/6/2025,TIFA,410,410,398,408,3600
11/6/2025,TINS,2760,3030,2750,2810,219816000
11/6/2025,TIRA,1395,1560,1355,1540,125400
11/6/2025,TIRT,0,0,0,0,0
11/6/2025,TKIM,7000,7075,6925,7000,1148800
11/6/2025,TKIMDRCN6A,0,0,0,0,0
11/6/2025,TKIMHDCJ6A,0,0,0,0,0
11/6/2025,TKIMZPCG6A,0,0,0,0,0
11/6/2025,TKIMZPCK6A,0,0,0,0,0
11/6/2025,TLDN,715,730,710,730,1057100
11/6/2025,TLKM,3540,3550,3470,3480,71766000
11/6/2025,TLKMBQCG6A,74,74,67,67,1164700
11/6/2025,TLKMBQCJ6A,73,73,73,73,100
11/6/2025,TLKMDRCJ6A,92,93,92,93,270400
11/6/2025,TLKMDRCX6A,2310,2310,2310,2310,1900
11/6/2025,TLKMHDCJ6A,73,75,72,73,244700
11/6/2025,TLKMYUCK6A,134,134,131,131,7000
11/6/2025,TLKMZPCF6A,117,119,117,118,541600
11/6/2025,TLKMZPCM6A,63,63,59,59,17100
11/6/2025,TMAS,129,130,127,130,2184700
11/6/2025,TMPO,173,174,169,170,1966800
11/6/2025,TNCA,242,250,240,246,543800
11/6/2025,TOBA,815,850,815,820,74541000
11/6/2025,TOOL,67,68,64,66,30906200
11/6/2025,TOPS,0,0,0,0,0
11/6/2025,TOSK,78,79,76,77,34119100
11/6/2025,TOTL,910,915,905,910,951000
11/6/2025,TOTO,290,292,288,290,1384800
11/6/2025,TOWR,545,545,530,535,25229200
11/6/2025,TOWRDRCN6A,18,18,17,17,190700
11/6/2025,TOWRHDCK6A,0,0,0,0,0
11/6/2025,TOYS,0,0,0,0,0
11/6/2025,TPIA,7050,7175,7025,7050,6473900
11/6/2025,TPMA,580,585,580,585,3620500
11/6/2025,TRAM,0,0,0,0,0
11/6/2025,TRGU,184,185,184,185,121400
11/6/2025,TRIL,0,0,0,0,0
11/6/2025,TRIM,530,620,530,615,8037300
11/6/2025,TRIN,410,424,404,414,6916300
11/6/2025,TRIN-W2,135,135,135,135,100
11/6/2025,TRIO,0,0,0,0,0
11/6/2025,TRIS,180,244,180,216,40314500
11/6/2025,TRJA,156,158,155,157,383000
11/6/2025,TRON,73,79,72,74,13002000
11/6/2025,TRST,482,482,466,476,38800
11/6/2025,TRUE,0,0,0,0,0
11/6/2025,TRUK,350,406,336,354,10522600
11/6/2025,TRUS,432,438,430,438,4700
11/6/2025,TSPC,2980,3030,2970,2990,2334100
11/6/2025,TUGU,1025,1035,1020,1035,1982600
11/6/2025,TYRE,129,130,126,127,129500
11/6/2025,UANG,1950,2140,1890,2130,1952100
11/6/2025,UCID,442,446,440,444,921900
11/6/2025,UDNG,3900,4200,3590,4200,1913000
11/6/2025,UFOE,186,188,182,185,860600
11/6/2025,ULTJ,1480,1515,1460,1480,9807200
11/6/2025,UNIC,9300,9750,9225,9350,49400
11/6/2025,UNIQ,360,366,356,358,19239300
11/6/2025,UNIT,0,0,0,0,0
11/6/2025,UNSP,172,173,172,172,236900
11/6/2025,UNTD,84,113,84,113,425121300
11/6/2025,UNTR,26900,27375,26850,27375,2596200
11/6/2025,UNTRDRCG6A,0,0,0,0,0
11/6/2025,UNTRHDCM6A,169,175,168,175,30600
11/6/2025,UNTRZPCJ6A,0,0,0,0,0
11/6/2025,UNVR,2660,2680,2600,2620,29525900
11/6/2025,UNVRBQCG6A,0,0,0,0,0
11/6/2025,UNVRBQCZ5A,0,0,0,0,0
11/6/2025,UNVRDRCG6A,0,0,0,0,0
11/6/2025,UNVRHDCM6A,0,0,0,0,0
11/6/2025,UNVRHDPG6A,18,18,17,18,600
11/6/2025,UNVRZPCH6A,120,120,116,116,138100
11/6/2025,UNVRZPCM6A,127,127,124,124,44900
11/6/2025,URBN,139,140,138,139,61500
11/6/2025,UVCR,125,139,125,129,88267600
11/6/2025,VAST,144,144,141,141,433900
11/6/2025,VAST-W,12,14,12,13,5269600
11/6/2025,VERN,117,125,116,121,7200600
11/6/2025,VICI,635,635,625,630,57900
11/6/2025,VICO,184,187,182,186,427800
11/6/2025,VINS,153,156,152,156,1355500
11/6/2025,VISI,202,204,202,202,5973000
11/6/2025,VIVA,29,30,29,29,7781000
11/6/2025,VKTR,350,354,340,350,62959700
11/6/2025,VOKS,274,282,272,276,172300
11/6/2025,VRNA,86,88,85,87,193000
11/6/2025,VTNY,92,94,91,93,19728000
11/6/2025,WAPO,173,180,173,177,4549200
11/6/2025,WEGE,64,67,64,66,11640400
11/6/2025,WEHA,106,106,105,106,1044800
11/6/2025,WGSH,274,282,266,270,1471400
11/6/2025,WICO,0,0,0,0,0
11/6/2025,WIDI,40,42,39,42,4019200
11/6/2025,WIFI,3350,3440,3270,3360,123418200
11/6/2025,WIIM,1530,1545,1455,1475,16689900
11/6/2025,WIKA,0,0,0,0,0
11/6/2025,WINE,200,204,199,202,3109600
11/6/2025,WINR,39,40,38,38,5648000
11/6/2025,WINS,442,444,436,444,1706500
11/6/2025,WIRG,105,108,103,105,134531300
11/6/2025,WMPP,0,0,0,0,0
11/6/2025,WMUU,28,28,28,28,57163100
11/6/2025,WOMF,334,336,334,334,65000
11/6/2025,WOOD,444,525,432,505,8280400
11/6/2025,WOWS,79,80,77,79,21858200
11/6/2025,WSBP,23,23,22,23,31709500
11/6/2025,WSKT,0,0,0,0,0
11/6/2025,WTON,103,103,101,102,2962700
11/6/2025,XAQA,0,0,0,0,0
11/6/2025,XBES,0,0,0,0,0
11/6/2025,XBID,544,546,544,546,40500
11/6/2025,XBIG,0,0,0,0,0
11/6/2025,XBIN,614,614,614,614,40000
11/6/2025,XBLQ,0,0,0,0,0
11/6/2025,XBNI,0,0,0,0,0
11/6/2025,XBSK,465,467,465,467,83000
11/6/2025,XCEG,113,113,113,113,200
11/6/2025,XCID,60,60,57,59,299600
11/6/2025,XCIS,72,75,72,75,4600
11/6/2025,XCLQ,128,128,90,108,133600
11/6/2025,XDIF,657,657,454,486,13600
11/6/2025,XIFE,113,113,113,113,100
11/6/2025,XIHD,665,665,665,665,1500
11/6/2025,XIIC,0,0,0,0,0
11/6/2025,XIID,0,0,0,0,0
11/6/2025,XIIF,0,0,0,0,0
11/6/2025,XIIT,590,590,550,550,14900
11/6/2025,XIJI,690,690,690,690,200
11/6/2025,XILV,106,122,106,122,12800
11/6/2025,XIML,268,324,257,260,3100
11/6/2025,XIPB,184,203,184,196,2000
11/6/2025,XIPI,228,229,228,229,11100
11/6/2025,XISB,0,0,0,0,0
11/6/2025,XISC,810,810,695,810,4000
11/6/2025,XISI,0,0,0,0,0
11/6/2025,XISR,0,0,0,0,0
11/6/2025,XKID,1011,1011,1011,1011,100
11/6/2025,XKIV,613,613,613,613,40000
11/6/2025,XKMS,1192,1194,1192,1194,200000
11/6/2025,XMGB,0,0,0,0,0
11/6/2025,XMIG,226,226,226,226,200000
11/6/2025,XMLF,930,933,930,933,50000
11/6/2025,XMSK,0,0,0,0,0
11/6/2025,XNVE,0,0,0,0,0
11/6/2025,XPDV,644,648,644,648,400
11/6/2025,XPFT,0,0,0,0,0
11/6/2025,XPIN,0,0,0,0,0
11/6/2025,XPLQ,0,0,0,0,0
11/6/2025,XPSG,0,0,0,0,0
11/6/2025,XPTD,504,505,426,427,12400
11/6/2025,XSBC,0,0,0,0,0
11/6/2025,XSPI,0,0,0,0,0
11/6/2025,XSSI,88,88,85,87,36300
11/6/2025,XSSK,725,725,725,725,20000
11/6/2025,YELO,67,68,67,68,1381600
11/6/2025,YOII,99,100,98,100,2538900
11/6/2025,YPAS,472,515,472,515,40500
11/6/2025,YULE,2700,2700,2600,2700,46000
11/6/2025,YUPI,1675,1700,1660,1670,120100
11/6/2025,ZATA,71,72,67,68,75374300
11/6/2025,ZBRA,0,0,0,0,0
11/6/2025,ZINC,28,29,28,29,7479100
11/6/2025,ZONE,585,585,540,565,268300
11/6/2025,ZYRX,146,167,141,145,50159200
