<date>,<ticker>,<open>,<high>,<low>,<close>,<volume>
9/1/2025,IHSG,7620.099,7830.493,7547.564,7736.066,1750262638
9/1/2025,IDX30,0.000,0.000,0.000,0.000,0
9/1/2025,IDX80,0.000,0.000,0.000,0.000,0
9/1/2025,AADI,6775,7150,6700,7050,26888500
9/1/2025,AALI,7075,7200,6975,7150,2804600
9/1/2025,ABBA,41,42,41,42,821800
9/1/2025,ABDA,3400,3400,3400,3400,100
9/1/2025,ABMM,2860,2940,2810,2940,2232300
9/1/2025,ACES,446,454,432,444,64992700
9/1/2025,ACESBQCV5A,3,3,1,2,11170600
9/1/2025,ACESBQCX5B,0,0,0,0,0
9/1/2025,ACESBQCZ5A,22,23,21,22,9325300
9/1/2025,ACESDRCJ6A,15,15,15,15,70100
9/1/2025,ACESHDCZ5A,0,0,0,0,0
9/1/2025,ACESZPCJ6A,22,22,22,22,500000
9/1/2025,ACRO,80,86,78,83,14217200
9/1/2025,ACRO-W,12,14,10,12,35519700
9/1/2025,ACST,131,166,123,146,129673800
9/1/2025,ADCP,53,58,51,53,165561900
9/1/2025,ADES,13400,13725,13175,13550,84200
9/1/2025,ADHI,252,266,246,260,30334700
9/1/2025,ADMF,8950,8950,8775,8925,218000
9/1/2025,ADMG,147,149,142,145,1855200
9/1/2025,ADMR,970,995,945,990,28460000
9/1/2025,ADMRDRCJ6A,31,31,31,31,146100
9/1/2025,ADMRHDCJ6A,50,51,50,51,18000
9/1/2025,ADMRZPCH6A,49,50,49,49,794500
9/1/2025,ADRO,1705,1735,1670,1720,94527700
9/1/2025,ADROBQCU5A,3,4,2,3,2386400
9/1/2025,ADROBQCZ5A,18,19,18,19,6000
9/1/2025,ADRODRCJ6A,57,58,57,58,10000
9/1/2025,ADRODRCX5A,34,37,34,35,454100
9/1/2025,ADROHDCZ5A,55,55,55,55,14900
9/1/2025,ADROHDPH6A,135,135,131,132,140100
9/1/2025,ADROYUCZ5A,73,73,73,73,100
9/1/2025,ADROZPCF6A,28,28,28,28,89200
9/1/2025,AEGS,46,53,46,51,7033400
9/1/2025,AGAR,248,262,244,254,36200
9/1/2025,AGII,855,860,820,820,2251500
9/1/2025,AGRO,226,232,218,228,24790800
9/1/2025,AGRS,75,79,70,77,20292500
9/1/2025,AHAP,74,77,70,75,13863100
9/1/2025,AIMS,292,316,292,292,43500
9/1/2025,AISA,115,120,113,119,16358800
9/1/2025,AKKU,0,0,0,0,0
9/1/2025,AKPI,565,570,555,555,6100
9/1/2025,AKRA,1150,1200,1135,1190,25919200
9/1/2025,AKRABQCX5B,0,0,0,0,0
9/1/2025,AKRADRCX5A,31,32,31,31,5100
9/1/2025,AKRAHDCH6A,0,0,0,0,0
9/1/2025,AKRAZPCJ6A,0,0,0,0,0
9/1/2025,AKRAZPCX5A,56,56,55,56,1100
9/1/2025,AKSI,242,258,226,242,792800
9/1/2025,ALDO,486,500,482,492,213600
9/1/2025,ALII,530,550,525,535,2068200
9/1/2025,ALKA,326,332,300,304,58600
9/1/2025,ALMI,0,0,0,0,0
9/1/2025,ALTO,0,0,0,0,0
9/1/2025,AMAG,370,370,356,364,82900
9/1/2025,AMAN,112,122,112,117,3980400
9/1/2025,AMAR,200,210,198,210,2333300
9/1/2025,AMFG,3160,3180,3100,3150,125900
9/1/2025,AMIN,210,214,191,212,494500
9/1/2025,AMMN,7825,7975,7575,7850,24930900
9/1/2025,AMMNBQCZ5A,34,34,33,33,600
9/1/2025,AMMNDRCJ6A,64,67,64,67,1100
9/1/2025,AMMNHDCH6A,0,0,0,0,0
9/1/2025,AMMNZPCG6A,50,51,50,51,72000
9/1/2025,AMMS,184,185,165,183,5737600
9/1/2025,AMOR,478,478,472,476,91600
9/1/2025,AMRT,2170,2170,2070,2160,25737100
9/1/2025,AMRTBQCU5A,3,3,1,2,26416600
9/1/2025,AMRTDRCZ5A,0,0,0,0,0
9/1/2025,AMRTHDCJ6A,0,0,0,0,0
9/1/2025,AMRTZPCX5A,41,41,41,41,101800
9/1/2025,ANDI,35,35,35,35,19959600
9/1/2025,ANJT,1790,1800,1790,1795,3519600
9/1/2025,ANTM,2950,3280,2950,3200,545677100
9/1/2025,ANTMBQCU5A,326,330,322,322,7900
9/1/2025,ANTMBQCX5A,65,86,65,78,945800
9/1/2025,ANTMBQCZ5A,0,0,0,0,0
9/1/2025,ANTMDRCG6A,48,58,48,54,20106500
9/1/2025,ANTMDRCX5A,310,332,302,320,548500
9/1/2025,ANTMDRPU5A,0,0,0,0,0
9/1/2025,ANTMDRPU5B,0,0,0,0,0
9/1/2025,ANTMHDCH6A,0,0,0,0,0
9/1/2025,ANTMHDCH6B,134,146,134,139,506900
9/1/2025,ANTMHDCU5A,95,125,95,107,545500
9/1/2025,ANTMHDPH6A,86,86,80,80,10100
9/1/2025,ANTMZPCJ6A,72,88,72,82,3592200
9/1/2025,ANTMZPCX5A,204,228,197,216,29200
9/1/2025,APEX,113,117,107,117,32305500
9/1/2025,APIC,1140,1140,1095,1140,2112100
9/1/2025,APII,173,177,167,176,104500
9/1/2025,APLI,478,478,470,470,17400
9/1/2025,APLN,99,102,94,100,28588200
9/1/2025,ARCI,735,820,715,760,213093300
9/1/2025,AREA,500,550,480,500,4099700
9/1/2025,ARGO,1300,1300,1260,1275,43500
9/1/2025,ARII,256,262,246,248,183000
9/1/2025,ARKA,30,35,30,31,10104400
9/1/2025,ARKO,1220,1270,1205,1210,767800
9/1/2025,ARMY,0,0,0,0,0
9/1/2025,ARNA,560,570,555,565,2284700
9/1/2025,ARTA,3130,3210,3010,3140,4600
9/1/2025,ARTI,0,0,0,0,0
9/1/2025,ARTO,2140,2230,2070,2170,7953200
9/1/2025,ARTOBQCU5A,3,4,2,3,7506700
9/1/2025,ARTOBQCX5B,120,120,120,120,600
9/1/2025,ARTOBQCZ5A,27,27,26,27,2453500
9/1/2025,ARTODRCK6A,82,82,82,82,5900
9/1/2025,ARTODRCX5A,54,57,54,56,376200
9/1/2025,ARTOHDCZ5A,0,0,0,0,0
9/1/2025,ARTOZPCX5A,57,58,56,58,3500200
9/1/2025,ASBI,400,434,400,432,800
9/1/2025,ASDM,530,545,525,535,90200
9/1/2025,ASGR,1150,1155,1105,1140,2403500
9/1/2025,ASHA,29,33,28,33,67122800
9/1/2025,ASII,5200,5500,5200,5450,67904000
9/1/2025,ASIIBQCU5A,36,44,36,44,229400
9/1/2025,ASIIBQCZ5A,0,0,0,0,0
9/1/2025,ASIIDRCX5A,116,116,116,116,4400
9/1/2025,ASIIDRCX6A,0,0,0,0,0
9/1/2025,ASIIHDCZ5A,157,157,157,157,100
9/1/2025,ASIIZPCJ6A,106,109,106,109,61200
9/1/2025,ASJT,104,110,103,110,175500
9/1/2025,ASLC,110,120,103,110,254408300
9/1/2025,ASLI,0,0,0,0,0
9/1/2025,ASMI,23,26,23,26,10367900
9/1/2025,ASPI,370,440,370,430,1837400
9/1/2025,ASPR,92,99,85,94,22531900
9/1/2025,ASRI,165,172,158,169,90573100
9/1/2025,ASRM,280,280,276,278,33200
9/1/2025,ASSA,855,860,815,815,19522400
9/1/2025,ATAP,50,52,44,52,6081900
9/1/2025,ATIC,422,448,418,434,761900
9/1/2025,ATLA,64,75,60,65,746945600
9/1/2025,AUTO,2280,2400,2280,2370,3975000
9/1/2025,AUTOZPCJ6A,0,0,0,0,0
9/1/2025,AVIA,410,442,402,426,26837900
9/1/2025,AVIAZPCJ6A,16,22,16,20,722700
9/1/2025,AWAN,250,256,242,248,19473600
9/1/2025,AXIO,124,126,122,125,2114300
9/1/2025,AYAM,169,171,164,170,112687500
9/1/2025,AYLS,100,103,97,102,3098700
9/1/2025,BABP,56,58,53,56,32933900
9/1/2025,BABY,322,342,312,318,9833000
9/1/2025,BACA,131,135,128,135,5306100
9/1/2025,BAIK,100,105,96,103,4607300
9/1/2025,BAIK-W,9,11,9,10,27821400
9/1/2025,BAJA,115,121,106,120,2835000
9/1/2025,BALI,1555,1555,1455,1470,47700
9/1/2025,BANK,775,800,770,800,2300900
9/1/2025,BANK-W,0,0,0,0,0
9/1/2025,BAPA,53,57,53,54,5102500
9/1/2025,BAPI,18,20,18,20,35104500
9/1/2025,BATA,46,51,46,51,22200
9/1/2025,BATR,99,104,95,100,5831400
9/1/2025,BAUT,35,36,35,36,9922000
9/1/2025,BAYU,1305,1310,1225,1290,613400
9/1/2025,BBCA,7650,8050,7600,8000,421127500
9/1/2025,BBCABQCV5A,6,8,5,6,8455400
9/1/2025,BBCABQCX5A,18,18,18,18,400
9/1/2025,BBCADRCF6A,39,45,39,43,1613500
9/1/2025,BBCADRCX6A,3560,3720,3560,3680,1300
9/1/2025,BBCAHDCQ7A,61,64,61,63,1247000
9/1/2025,BBCAHDCU5A,10,10,10,10,4415500
9/1/2025,BBCAHDCV5A,45,47,45,47,4400
9/1/2025,BBCAZPCF6A,29,30,29,29,300200
9/1/2025,BBCAZPCH6A,84,85,84,85,61100
9/1/2025,BBHI,1510,1600,1485,1575,2611000
9/1/2025,BBKP,75,82,73,79,663805400
9/1/2025,BBLD,880,930,855,915,18100
9/1/2025,BBMD,2090,2140,2090,2140,2200
9/1/2025,BBNI,4170,4400,4150,4320,60513100
9/1/2025,BBNIBQCU5A,14,15,13,13,400
9/1/2025,BBNIBQCV5A,0,0,0,0,0
9/1/2025,BBNIDRCX6A,0,0,0,0,0
9/1/2025,BBNIDRCZ5A,0,0,0,0,0
9/1/2025,BBNIDRPU5A,8,8,6,7,10200
9/1/2025,BBNIHDCQ7A,0,0,0,0,0
9/1/2025,BBNIHDCU5A,0,0,0,0,0
9/1/2025,BBNIHDPU5A,143,143,143,143,700
9/1/2025,BBNIYUCV5A,56,56,56,56,100
9/1/2025,BBNIZPCH6A,103,103,103,103,100
9/1/2025,BBNIZPCX5A,59,59,59,59,100
9/1/2025,BBRI,3930,4010,3860,3980,234206100
9/1/2025,BBRIBQCU5A,14,14,13,13,2399800
9/1/2025,BBRIBQCZ5A,82,82,80,80,22000
9/1/2025,BBRIDRCX5A,147,150,147,149,353200
9/1/2025,BBRIDRCX6A,0,0,0,0,0
9/1/2025,BBRIHDCH6A,0,0,0,0,0
9/1/2025,BBRIHDCQ7A,0,0,0,0,0
9/1/2025,BBRIYUCV5A,112,112,112,112,100
9/1/2025,BBRIZPCH6A,93,95,93,95,800
9/1/2025,BBRIZPCX5A,0,0,0,0,0
9/1/2025,BBRM,85,86,78,84,12827900
9/1/2025,BBSI,4020,4020,3990,3990,1700
9/1/2025,BBSS,262,280,262,276,236200
9/1/2025,BBTN,1225,1290,1220,1280,29772100
9/1/2025,BBTNHDCZ5A,0,0,0,0,0
9/1/2025,BBTNYUCZ5A,74,74,74,74,700
9/1/2025,BBTNZPCG6A,0,0,0,0,0
9/1/2025,BBYB,300,332,300,326,96994800
9/1/2025,BCAP,70,70,64,67,68865300
9/1/2025,BCIC,0,0,0,0,0
9/1/2025,BCIP,91,91,86,88,4988800
9/1/2025,BDKR,148,152,143,151,18676100
9/1/2025,BDMN,2450,2500,2430,2490,1375800
9/1/2025,BEBS,0,0,0,0,0
9/1/2025,BEEF,286,298,278,296,15754400
9/1/2025,BEER,108,111,97,104,2487900
9/1/2025,BEKS,30,30,29,29,31543600
9/1/2025,BELI,368,368,364,366,230800
9/1/2025,BELL,54,56,52,54,22092900
9/1/2025,BESS,1000,1040,975,1030,98800
9/1/2025,BEST,120,126,114,122,59626300
9/1/2025,BFIN,740,800,720,780,12455400
9/1/2025,BFINDRCK6A,25,27,25,27,337700
9/1/2025,BGTG,107,116,104,113,99558400
9/1/2025,BHAT,885,885,845,870,1757400
9/1/2025,BHIT,34,35,34,35,12861800
9/1/2025,BIKA,0,0,0,0,0
9/1/2025,BIKE,870,870,785,865,4165200
9/1/2025,BIMA,65,67,65,65,211500
9/1/2025,BINA,4400,4400,4380,4400,3100
9/1/2025,BINO,114,120,108,119,1483100
9/1/2025,BIPI,82,85,77,83,181592100
9/1/2025,BIPP,42,46,42,46,118600
9/1/2025,BIRD,1755,1790,1730,1775,2561900
9/1/2025,BISI,880,880,865,880,67500
9/1/2025,BJBR,780,785,750,780,5498800
9/1/2025,BJTM,505,515,498,510,15842300
9/1/2025,BKDP,41,41,41,41,248000
9/1/2025,BKSL,130,135,126,132,313115000
9/1/2025,BKSW,66,68,63,66,8457100
9/1/2025,BLES,155,160,151,160,8398300
9/1/2025,BLOG,500,545,500,535,9840800
9/1/2025,BLTA,37,37,37,37,27921400
9/1/2025,BLTZ,1800,1800,1800,1800,200
9/1/2025,BLUE,306,314,302,310,421100
9/1/2025,BMAS,825,825,705,765,399400
9/1/2025,BMBL,33,37,32,34,52329100
9/1/2025,BMHS,185,190,181,187,2485600
9/1/2025,BMRI,4550,4670,4460,4600,320335300
9/1/2025,BMRIBQCU5A,2,2,2,2,102300
9/1/2025,BMRIBQCZ5A,41,43,40,40,4100
9/1/2025,BMRIDRCX5A,53,53,53,53,15000
9/1/2025,BMRIDRCX6A,2210,2280,2210,2220,11800
9/1/2025,BMRIHDCQ7A,86,90,86,90,1600
9/1/2025,BMRIHDCU5A,0,0,0,0,0
9/1/2025,BMRIHDPU5A,170,171,168,168,106300
9/1/2025,BMRIZPCH6A,58,60,57,59,7500
9/1/2025,BMRIZPCX5A,32,32,30,32,192400
9/1/2025,BMSR,260,260,252,254,11200
9/1/2025,BMTR,140,141,132,140,47975900
9/1/2025,BNBA,770,830,755,810,1910500
9/1/2025,BNBR,34,35,34,35,29845200
9/1/2025,BNGA,1690,1705,1660,1700,6619800
9/1/2025,BNGADRCK6A,66,66,66,66,3800
9/1/2025,BNGAZPCH6A,0,0,0,0,0
9/1/2025,BNII,208,210,202,210,1077400
9/1/2025,BNLI,3060,3170,3030,3130,142700
9/1/2025,BOAT,111,119,100,115,13568400
9/1/2025,BOBA,181,181,174,179,198200
9/1/2025,BOGA,540,575,535,575,532100
9/1/2025,BOLA,198,206,189,191,7119100
9/1/2025,BOLT,1070,1075,1070,1070,1700
9/1/2025,BOSS,0,0,0,0,0
9/1/2025,BPFI,320,340,300,340,45300
9/1/2025,BPII,580,585,575,575,191200
9/1/2025,BPTR,90,96,90,95,952100
9/1/2025,BRAM,5100,5125,5100,5125,900
9/1/2025,BREN,8650,9125,8600,8950,48145300
9/1/2025,BRIS,2600,2720,2600,2690,17070500
9/1/2025,BRISBQCZ5A,0,0,0,0,0
9/1/2025,BRISDRCJ6A,47,48,46,48,12100
9/1/2025,BRISHDCH6A,0,0,0,0,0
9/1/2025,BRISHDCZ5A,0,0,0,0,0
9/1/2025,BRISYUCV5A,67,67,66,66,200
9/1/2025,BRISZPCG6A,50,50,50,50,20000
9/1/2025,BRMS,460,496,454,476,1222100800
9/1/2025,BRMSBQCZ5A,0,0,0,0,0
9/1/2025,BRMSDRCJ6A,46,49,46,47,408300
9/1/2025,BRMSDRPX5A,23,23,20,20,326800
9/1/2025,BRMSHDCH6A,0,0,0,0,0
9/1/2025,BRMSHDCZ5A,170,176,170,176,299800
9/1/2025,BRMSYUCV5A,34,37,32,32,3300
9/1/2025,BRMSZPCG6A,76,78,72,72,317700
9/1/2025,BRNA,765,810,700,755,233900
9/1/2025,BRPT,2100,2150,2050,2130,139245100
9/1/2025,BRPTBQCV5A,0,0,0,0,0
9/1/2025,BRPTBQCX5B,54,60,54,59,457400
9/1/2025,BRPTBQCZ5A,0,0,0,0,0
9/1/2025,BRPTDRCF6A,184,184,169,169,2600
9/1/2025,BRPTDRCJ6A,93,93,84,86,495000
9/1/2025,BRPTDRCX5A,199,202,194,202,73000
9/1/2025,BRPTDRPV5A,10,10,9,9,1076200
9/1/2025,BRPTHDCH6A,0,0,0,0,0
9/1/2025,BRPTHDCH6B,0,0,0,0,0
9/1/2025,BRPTHDPG6A,282,282,282,282,400
9/1/2025,BRPTYUCZ5A,106,106,106,106,100
9/1/2025,BRPTZPCF6A,0,0,0,0,0
9/1/2025,BRPTZPCX5A,0,0,0,0,0
9/1/2025,BRRC,71,80,70,73,21704900
9/1/2025,BRRC-W,11,12,10,11,4207400
9/1/2025,BSBK,75,86,72,73,814920000
9/1/2025,BSDE,1020,1060,975,1045,77418600
9/1/2025,BSDEDRCJ6A,44,46,44,46,400000
9/1/2025,BSDEZPCH6A,0,0,0,0,0
9/1/2025,BSIM,880,900,845,870,54900
9/1/2025,BSML,101,105,98,103,28921400
9/1/2025,BSSR,3900,3960,3820,3930,1075700
9/1/2025,BSWD,1410,1410,1410,1410,200
9/1/2025,BTEK,15,15,15,15,559409500
9/1/2025,BTEL,0,0,0,0,0
9/1/2025,BTON,370,386,362,364,36800
9/1/2025,BTPN,2090,2120,2080,2120,21500
9/1/2025,BTPS,1435,1460,1380,1460,22348500
9/1/2025,BTPSDRCK6A,50,50,50,50,18100
9/1/2025,BTPSHDCJ6A,74,74,74,74,12900
9/1/2025,BTPSZPCH6A,0,0,0,0,0
9/1/2025,BUAH,1525,1525,1430,1455,388100
9/1/2025,BUDI,220,220,216,218,143700
9/1/2025,BUKA,170,173,166,168,227911600
9/1/2025,BUKABQCZ5B,20,21,19,21,4586700
9/1/2025,BUKADRCK6A,18,18,18,18,25000
9/1/2025,BUKAHDCZ5A,0,0,0,0,0
9/1/2025,BUKK,845,845,815,845,26600
9/1/2025,BULL,139,144,130,141,181001300
9/1/2025,BUMI,107,109,103,107,856336000
9/1/2025,BUVA,318,358,308,342,163509800
9/1/2025,BVIC,109,116,105,112,34530700
9/1/2025,BVIC-W,48,48,45,47,38000
9/1/2025,BWPT,0,0,0,0,0
9/1/2025,BYAN,18025,18050,17850,17925,39900
9/1/2025,CAKK,132,135,132,135,543000
9/1/2025,CAMP,208,208,191,208,7804400
9/1/2025,CANI,38,41,38,41,308300
9/1/2025,CARE,288,288,268,282,11190900
9/1/2025,CARS,130,146,123,139,238821800
9/1/2025,CASA,1135,1135,1085,1110,1330700
9/1/2025,CASH,112,112,104,104,10166900
9/1/2025,CASS,2650,2660,2490,2600,121800
9/1/2025,CBDK,6125,6425,6025,6250,10048700
9/1/2025,CBMF,0,0,0,0,0
9/1/2025,CBPE,191,198,187,194,232400
9/1/2025,CBRE,212,212,212,212,7353600
9/1/2025,CBUT,1470,1800,1340,1545,384300
9/1/2025,CCSI,322,400,322,378,1733500
9/1/2025,CDIA,1355,1465,1350,1430,122312600
9/1/2025,CEKA,2590,2620,2500,2600,36500
9/1/2025,CENT,108,117,106,115,11630000
9/1/2025,CFIN,310,316,300,312,3777400
9/1/2025,CGAS,122,129,117,128,14208300
9/1/2025,CHEK,194,200,189,197,16645100
9/1/2025,CHEM,89,94,84,90,11445100
9/1/2025,CHIP,1400,1400,1360,1370,76800
9/1/2025,CINT,158,158,152,155,376500
9/1/2025,CITA,4040,4050,3900,4040,342300
9/1/2025,CITY,95,100,89,100,2452400
9/1/2025,CLAY,1440,1450,1350,1450,92200
9/1/2025,CLEO,550,565,525,545,20002200
9/1/2025,CLPI,1230,1245,1200,1240,221400
9/1/2025,CMNP,1265,1370,1265,1370,657800
9/1/2025,CMNP-W,464,468,464,468,400
9/1/2025,CMNT,810,810,795,810,37107400
9/1/2025,CMPP,92,92,90,90,328500
9/1/2025,CMRY,4930,4940,4710,4860,6463800
9/1/2025,CMRYDRCK6A,0,0,0,0,0
9/1/2025,CMRYZPCJ6A,42,42,42,42,10000
9/1/2025,CNKO,91,98,91,98,95945200
9/1/2025,CNMA,129,133,125,131,44727200
9/1/2025,CNTB,0,0,0,0,0
9/1/2025,CNTX,0,0,0,0,0
9/1/2025,COAL,44,46,44,46,13786700
9/1/2025,COCO,474,575,474,575,10404100
9/1/2025,COIN,2150,2150,2150,2150,36579500
9/1/2025,COWL,0,0,0,0,0
9/1/2025,CPIN,4240,4340,4090,4300,7263900
9/1/2025,CPINDRCG6A,57,57,57,57,100
9/1/2025,CPINZPCJ6A,0,0,0,0,0
9/1/2025,CPRI,0,0,0,0,0
9/1/2025,CPRO,58,65,56,60,1103025200
9/1/2025,CRAB,236,236,230,232,2304100
9/1/2025,CRSN,109,118,106,112,2296300
9/1/2025,CSAP,288,288,278,282,557300
9/1/2025,CSIS,118,120,115,118,2525600
9/1/2025,CSMI,360,374,360,374,801100
9/1/2025,CSRA,845,860,765,820,6642100
9/1/2025,CTBN,5125,5125,5125,5125,300
9/1/2025,CTRA,980,1010,955,985,49419700
9/1/2025,CTRADRCJ6A,25,27,25,27,215500
9/1/2025,CTRAYUCZ5A,0,0,0,0,0
9/1/2025,CTRAZPCG6A,0,0,0,0,0
9/1/2025,CTTH,37,41,37,41,127600
9/1/2025,CUAN,1450,1535,1430,1505,169126600
9/1/2025,CYBR,1000,1000,935,950,15247300
9/1/2025,CYBR-W,525,575,525,575,11300
9/1/2025,DAAZ,3060,3060,3000,3010,434900
9/1/2025,DADA,33,33,33,33,7155500
9/1/2025,DART,160,165,158,164,58100
9/1/2025,DATA,0,0,0,0,0
9/1/2025,DAYA,1005,1020,995,1005,2700
9/1/2025,DCII,321500,340000,319600,322400,22900
9/1/2025,DEAL,0,0,0,0,0
9/1/2025,DEFI,390,474,390,474,83800
9/1/2025,DEPO,198,198,195,197,168100
9/1/2025,DEWA,216,224,212,218,359475100
9/1/2025,DEWI,110,111,103,107,70677200
9/1/2025,DFAM,83,84,75,81,5060300
9/1/2025,DGIK,90,95,87,93,4282100
9/1/2025,DGNS,140,168,139,146,39837100
9/1/2025,DGWG,454,454,414,416,14008600
9/1/2025,DIGI,36,36,34,34,1922100
9/1/2025,DILD,133,138,130,136,27648900
9/1/2025,DIVA,122,126,113,123,5836700
9/1/2025,DKFT,660,720,635,700,35760200
9/1/2025,DKHH,99,120,90,112,332365600
9/1/2025,DKHH-W,16,19,15,17,59642400
9/1/2025,DLTA,1985,1990,1960,1985,20800
9/1/2025,DMAS,136,137,133,137,72745600
9/1/2025,DMMX,330,330,290,324,2099800
9/1/2025,DMND,570,570,540,570,147700
9/1/2025,DNAR,111,116,106,114,4038500
9/1/2025,DNET,9700,9700,9300,9425,10100
9/1/2025,DOID,340,348,336,338,17056400
9/1/2025,DOOH,140,147,131,137,110490400
9/1/2025,DOSS,139,145,136,143,2170900
9/1/2025,DPNS,254,254,238,254,134400
9/1/2025,DPUM,59,70,59,63,20638800
9/1/2025,DRMA,995,995,945,990,2340200
9/1/2025,DSFI,74,79,68,76,10407200
9/1/2025,DSNG,1625,1625,1510,1555,37623400
9/1/2025,DSNGDRCK6A,76,76,76,76,1700
9/1/2025,DSSA,99200,99300,94525,98500,1459100
9/1/2025,DUCK,0,0,0,0,0
9/1/2025,DUTI,4180,4940,3560,4800,254000
9/1/2025,DVLA,1660,1670,1605,1665,38800
9/1/2025,DWGL,216,226,208,222,114100
9/1/2025,DYAN,80,85,75,85,11350600
9/1/2025,EAST,93,94,92,94,2477000
9/1/2025,ECII,180,185,177,185,742800
9/1/2025,EDGE,4180,4230,4080,4220,33500
9/1/2025,EKAD,182,186,180,185,315600
9/1/2025,ELIT,185,195,168,192,17096300
9/1/2025,ELPI,354,364,338,362,687900
9/1/2025,ELSA,486,488,462,484,36455900
9/1/2025,ELSADRCJ6A,0,0,0,0,0
9/1/2025,ELSAZPCG6A,0,0,0,0,0
9/1/2025,ELTY,22,22,22,22,323653500
9/1/2025,EMDE,96,97,93,95,2724500
9/1/2025,EMTK,1165,1250,1130,1250,149591000
9/1/2025,EMTKBQCZ5A,344,346,342,344,100000
9/1/2025,EMTKDRCK6A,62,63,60,60,17500
9/1/2025,EMTKHDCZ5A,254,254,250,250,28200
9/1/2025,EMTKYUCV5A,165,165,165,165,100
9/1/2025,EMTKZPCH6A,154,154,154,154,100
9/1/2025,ENAK,680,700,650,700,1409200
9/1/2025,ENRG,525,620,500,585,205543300
9/1/2025,ENRGBQCZ5A,23,25,22,25,11527400
9/1/2025,ENRGDRCJ6A,61,87,61,79,5568800
9/1/2025,ENRGHDCZ5A,199,204,199,204,700
9/1/2025,ENRGZPCG6A,0,0,0,0,0
9/1/2025,ENVY,0,0,0,0,0
9/1/2025,ENZO,37,38,36,38,343000
9/1/2025,EPAC,37,37,37,37,7165400
9/1/2025,EPMT,2340,2340,2250,2310,17800
9/1/2025,ERAA,430,444,414,436,57149700
9/1/2025,ERAABQCZ5A,0,0,0,0,0
9/1/2025,ERAADRCJ6A,10,11,10,11,70300
9/1/2025,ERAAHDCZ5A,29,35,29,35,56000
9/1/2025,ERAAZPCH6A,0,0,0,0,0
9/1/2025,ERAL,310,324,308,322,18701300
9/1/2025,ERTX,105,112,104,110,3320500
9/1/2025,ESIP,54,54,49,49,1527500
9/1/2025,ESSA,545,565,525,560,23558500
9/1/2025,ESSABQCZ5A,29,34,29,34,430000
9/1/2025,ESSAHDCH6A,47,47,47,47,100600
9/1/2025,ESSAYUCZ5A,33,33,33,33,100
9/1/2025,ESTA,60,63,58,62,1209500
9/1/2025,ESTI,49,49,48,48,1634900
9/1/2025,ETWA,0,0,0,0,0
9/1/2025,EURO,240,246,226,240,94900
9/1/2025,EXCL,2690,2770,2640,2720,12285400
9/1/2025,EXCLHDCJ6A,40,41,40,41,304000
9/1/2025,EXCLZPCF6A,73,79,73,79,200
9/1/2025,FAPA,5800,5800,5750,5775,5200
9/1/2025,FAST,330,348,322,330,5477000
9/1/2025,FASW,0,0,0,0,0
9/1/2025,FILM,3190,3330,3120,3150,7807800
9/1/2025,FIMP,0,0,0,0,0
9/1/2025,FIRE,78,80,75,78,18335900
9/1/2025,FISH,0,0,0,0,0
9/1/2025,FITT,340,340,312,326,1579700
9/1/2025,FLMC,195,195,193,195,2984800
9/1/2025,FMII,364,364,350,360,27300
9/1/2025,FOLK,86,88,70,77,12859100
9/1/2025,FOOD,107,121,107,121,64900
9/1/2025,FORE,510,535,505,520,8826600
9/1/2025,FORU,1150,1195,1125,1165,366300
9/1/2025,FPNI,194,195,189,191,1219400
9/1/2025,FUJI,420,442,398,442,125632800
9/1/2025,FUTR,200,220,200,220,87030700
9/1/2025,FWCT,148,150,145,149,2060700
9/1/2025,GAMA,0,0,0,0,0
9/1/2025,GDST,104,107,99,105,990000
9/1/2025,GDYR,1150,1195,1145,1145,10200
9/1/2025,GEMA,103,117,103,115,9313400
9/1/2025,GEMS,9100,9275,8950,9200,267700
9/1/2025,GGRM,8525,8525,8300,8300,1256400
9/1/2025,GGRMZPCG6A,0,0,0,0,0
9/1/2025,GGRP,216,234,204,220,3778800
9/1/2025,GHON,1610,1730,1600,1680,65400
9/1/2025,GIAA,66,67,66,67,50252400
9/1/2025,GJTL,1000,1010,965,1005,9300500
9/1/2025,GJTLZPCJ6A,21,21,21,21,400
9/1/2025,GLOB,51,53,51,53,24500
9/1/2025,GLVA,320,334,320,324,10400
9/1/2025,GMFI,54,58,54,58,7728700
9/1/2025,GMTD,2200,2280,2150,2220,3400
9/1/2025,GOLD,258,266,256,262,970900
9/1/2025,GOLF,218,226,216,224,4413700
9/1/2025,GOLL,0,0,0,0,0
9/1/2025,GOOD,374,374,368,368,273100
9/1/2025,GOTO,57,58,56,58,2405006300
9/1/2025,GOTOBQCZ5A,3,3,2,3,913800
9/1/2025,GOTODRCG6A,10,10,10,10,100
9/1/2025,GOTOM,0,0,0,0,0
9/1/2025,GOTOZPCH6A,25,25,25,25,200
9/1/2025,GPRA,145,148,138,146,73085600
9/1/2025,GPSO,290,302,252,252,18450100
9/1/2025,GRIA,87,87,80,87,539600
9/1/2025,GRPH,63,73,61,67,20713500
9/1/2025,GRPM,53,56,50,53,11295100
9/1/2025,GRPM-W,14,15,12,13,12460200
9/1/2025,GSMF,119,134,111,117,74551300
9/1/2025,GTBO,190,204,181,193,575000
9/1/2025,GTRA,138,143,136,138,2882300
9/1/2025,GTSI,80,108,76,100,755864200
9/1/2025,GULA,304,330,272,324,1880900
9/1/2025,GUNA,230,236,228,228,1142500
9/1/2025,GWSA,150,153,144,153,1779800
9/1/2025,GZCO,198,214,174,202,388110500
9/1/2025,HADE,26,26,26,26,4109300
9/1/2025,HAIS,185,193,185,192,4044800
9/1/2025,HAJJ,129,129,118,123,14906900
9/1/2025,HAJJ-W,20,21,17,18,25352200
9/1/2025,HALO,84,87,80,87,6249500
9/1/2025,HALO-W,14,15,12,13,18081600
9/1/2025,HATM,256,258,246,258,19434500
9/1/2025,HBAT,0,0,0,0,0
9/1/2025,HDFA,116,122,110,118,93300
9/1/2025,HDIT,54,54,54,54,14583600
9/1/2025,HEAL,1650,1650,1600,1600,11026000
9/1/2025,HEALBQCZ5A,33,33,33,33,350000
9/1/2025,HEALDRCJ6A,0,0,0,0,0
9/1/2025,HEALHDCH6A,0,0,0,0,0
9/1/2025,HEALYUCZ5A,64,64,64,64,100
9/1/2025,HEALZPCH6A,0,0,0,0,0
9/1/2025,HELI,246,260,246,256,405300
9/1/2025,HERO,390,390,380,388,53700
9/1/2025,HEXA,5475,5500,5250,5475,1247000
9/1/2025,HGII,147,148,141,147,6336400
9/1/2025,HILL,206,208,202,208,3398000
9/1/2025,HITS,0,0,0,0,0
9/1/2025,HKMU,0,0,0,0,0
9/1/2025,HMSP,515,525,510,525,26975300
9/1/2025,HOKI,74,81,71,79,62204600
9/1/2025,HOME,0,0,0,0,0
9/1/2025,HOMI,199,200,183,196,175300
9/1/2025,HOPE,0,0,0,0,0
9/1/2025,HOTL,0,0,0,0,0
9/1/2025,HRME,33,33,33,33,2809600
9/1/2025,HRTA,675,725,660,700,113153000
9/1/2025,HRUM,870,910,835,895,30394200
9/1/2025,HRUMZPCG6A,33,36,33,36,330300
9/1/2025,HUMI,165,196,154,180,1085946200
9/1/2025,HUMI-W,27,31,22,28,122050800
9/1/2025,HYGN,155,160,155,159,1287400
9/1/2025,IATA,56,56,56,56,6256400
9/1/2025,IATA-W,31,31,31,31,3000
9/1/2025,IBFN,33,33,30,30,1235900
9/1/2025,IBOS,40,42,38,41,19651300
9/1/2025,IBST,7350,7350,7350,7350,2500
9/1/2025,ICBP,8800,9275,8650,9200,5969700
9/1/2025,ICBPDRCX6A,3740,3910,3740,3910,2100
9/1/2025,ICBPHDCJ6A,0,0,0,0,0
9/1/2025,ICBPZPCX5A,24,26,24,26,26900
9/1/2025,ICON,48,48,48,48,1032400
9/1/2025,IDEA,99,106,98,101,21209300
9/1/2025,IDPR,242,252,236,246,423900
9/1/2025,IFII,238,242,222,238,1219100
9/1/2025,IFSH,750,780,735,780,3800
9/1/2025,IGAR,520,530,510,520,34000
9/1/2025,IIKP,0,0,0,0,0
9/1/2025,IKAI,18,18,18,18,47127100
9/1/2025,IKAN,122,153,114,139,73712200
9/1/2025,IKBI,585,610,550,595,1696300
9/1/2025,IKPM,196,242,192,228,6935500
9/1/2025,IMAS,1125,1180,1080,1160,1661500
9/1/2025,IMJS,228,244,218,238,24491100
9/1/2025,IMPC,1310,1310,1310,1310,30842200
9/1/2025,INAF,0,0,0,0,0
9/1/2025,INAI,153,155,149,155,177200
9/1/2025,INCF,33,36,33,36,2841000
9/1/2025,INCI,610,610,595,610,120400
9/1/2025,INCO,3600,3740,3530,3710,14127900
9/1/2025,INCOBQCV5A,27,31,26,30,717800
9/1/2025,INCODRCK6A,67,70,67,70,41600
9/1/2025,INCODRCX5A,77,87,77,87,150000
9/1/2025,INCODRPV5A,0,0,0,0,0
9/1/2025,INCOHDCJ6A,0,0,0,0,0
9/1/2025,INCOYUCZ5A,80,80,80,80,100
9/1/2025,INCOZPCX5A,0,0,0,0,0
9/1/2025,INDF,7100,7450,7075,7400,10597600
9/1/2025,INDFBQCV5A,41,41,32,32,200
9/1/2025,INDFDRCX6A,3750,3850,3750,3850,3300
9/1/2025,INDFHDCJ6A,30,31,30,31,423800
9/1/2025,INDO,218,246,210,230,14228000
9/1/2025,INDR,2740,2750,2620,2730,34700
9/1/2025,INDS,228,228,222,224,90200
9/1/2025,INDX,88,90,83,88,6123800
9/1/2025,INDY,1290,1310,1250,1295,17585600
9/1/2025,INDYHDCJ6A,65,67,65,67,35700
9/1/2025,INDYZPCG6A,0,0,0,0,0
9/1/2025,INET,220,236,216,226,164572500
9/1/2025,INET-W,148,148,105,134,18577400
9/1/2025,INKP,7300,7925,7150,7850,11529900
9/1/2025,INKPBQCX5A,0,0,0,0,0
9/1/2025,INKPDRCF6A,174,202,174,202,35500
9/1/2025,INKPZPCF6A,0,0,0,0,0
9/1/2025,INOV,97,100,93,98,1513400
9/1/2025,INPC,170,175,160,163,79196900
9/1/2025,INPP,775,775,750,775,15600
9/1/2025,INPS,109,109,108,108,165300
9/1/2025,INRU,750,750,715,740,36200
9/1/2025,INTA,22,22,22,22,3312800
9/1/2025,INTD,187,196,187,193,2017100
9/1/2025,INTP,6525,6900,6525,6775,2062800
9/1/2025,INTPZPCG6A,0,0,0,0,0
9/1/2025,IOTF,95,103,92,100,105757800
9/1/2025,IPAC,137,138,131,138,164100
9/1/2025,IPCC,1085,1085,1015,1070,5748300
9/1/2025,IPCM,286,294,278,290,2984600
9/1/2025,IPOL,135,139,134,138,72800
9/1/2025,IPPE,0,0,0,0,0
9/1/2025,IPTV,39,39,39,39,9857700
9/1/2025,IRRA,428,432,416,426,875100
9/1/2025,IRSX,0,0,0,0,0
9/1/2025,ISAP,28,28,26,28,73109500
9/1/2025,ISAP-W,13,16,12,15,92208500
9/1/2025,ISAT,2000,2020,1850,1995,24703800
9/1/2025,ISATBQCU5A,17,17,15,17,1600
9/1/2025,ISATDRCG6A,62,62,62,62,100
9/1/2025,ISATDRCX5A,0,0,0,0,0
9/1/2025,ISATHDCJ6A,26,26,26,26,1200
9/1/2025,ISATZPCF6A,0,0,0,0,0
9/1/2025,ISEA,84,84,72,81,4772400
9/1/2025,ISSP,398,412,384,408,9048000
9/1/2025,ITIC,220,222,214,222,430600
9/1/2025,ITMA,825,850,790,830,43374200
9/1/2025,ITMG,22000,22275,21900,22200,2715700
9/1/2025,ITMGHDCJ6A,153,153,153,153,1000
9/1/2025,ITMGZPCJ6A,0,0,0,0,0
9/1/2025,JARR,0,0,0,0,0
9/1/2025,JAST,102,106,93,102,9088900
9/1/2025,JATI,124,138,118,136,6875200
9/1/2025,JAWA,143,150,141,148,1531500
9/1/2025,JAYA,91,95,91,95,825400
9/1/2025,JECC,1190,1350,1105,1270,757300
9/1/2025,JGLE,17,17,17,17,127111000
9/1/2025,JIHD,685,705,650,685,1979800
9/1/2025,JKON,89,93,83,89,24490000
9/1/2025,JMAS,144,148,140,147,580300
9/1/2025,JPFA,1605,1645,1550,1620,17120600
9/1/2025,JPFABQCZ5A,0,0,0,0,0
9/1/2025,JPFADRCJ6A,36,36,36,36,100
9/1/2025,JPFAHDCZ5A,0,0,0,0,0
9/1/2025,JPFAZPCG6A,0,0,0,0,0
9/1/2025,JRPT,745,940,745,800,4668300
9/1/2025,JSKY,0,0,0,0,0
9/1/2025,JSMR,3250,3380,3200,3300,13447400
9/1/2025,JSMRDRCK6A,0,0,0,0,0
9/1/2025,JSMRHDCH6A,0,0,0,0,0
9/1/2025,JSMRZPCG6A,0,0,0,0,0
9/1/2025,JSPT,3910,4150,3510,4040,20000
9/1/2025,JTPE,312,318,302,318,4829300
9/1/2025,KAEF,488,494,480,492,1600400
9/1/2025,KAQI,66,85,65,70,345040200
9/1/2025,KARW,630,680,630,680,473700
9/1/2025,KAYU,0,0,0,0,0
9/1/2025,KBAG,39,39,39,39,11393400
9/1/2025,KBLI,374,376,370,376,310400
9/1/2025,KBLM,360,374,344,374,334000
9/1/2025,KBLV,181,210,173,195,109873400
9/1/2025,KBRI,0,0,0,0,0
9/1/2025,KDSI,468,474,450,452,16100
9/1/2025,KDTN,118,118,114,116,69000
9/1/2025,KEEN,790,815,765,805,8690900
9/1/2025,KEJU,580,610,575,605,1890500
9/1/2025,KETR,565,760,540,610,30693700
9/1/2025,KIAS,0,0,0,0,0
9/1/2025,KICI,127,135,122,132,1998400
9/1/2025,KIJA,200,206,196,204,25244300
9/1/2025,KING,200,204,199,202,356900
9/1/2025,KING-W,14,14,12,13,18221400
9/1/2025,KINO,1150,1150,1080,1120,30500
9/1/2025,KIOS,70,86,66,78,50665500
9/1/2025,KJEN,135,135,123,132,2769800
9/1/2025,KKES,37,40,37,40,5944300
9/1/2025,KKGI,326,326,316,326,3876900
9/1/2025,KLAS,131,132,128,132,3388200
9/1/2025,KLBF,1140,1195,1130,1175,163562600
9/1/2025,KLBFBQCV5A,6,8,6,7,3415900
9/1/2025,KLBFDRCG6A,19,19,19,19,248300
9/1/2025,KLBFZPCF6A,0,0,0,0,0
9/1/2025,KLBFZPCJ6A,0,0,0,0,0
9/1/2025,KLIN,193,200,175,189,3484000
9/1/2025,KMDS,620,660,595,630,812000
9/1/2025,KMTR,316,380,314,354,3713200
9/1/2025,KOBX,137,141,137,140,403100
9/1/2025,KOCI,60,61,57,58,10710800
9/1/2025,KOCI-W,14,14,10,12,32096400
9/1/2025,KOIN,70,70,70,70,231700
9/1/2025,KOKA,90,93,81,91,13386200
9/1/2025,KONI,0,0,0,0,0
9/1/2025,KOPI,320,342,310,334,223100
9/1/2025,KOTA,24,24,23,24,15054500
9/1/2025,KPIG,180,180,169,180,56112800
9/1/2025,KRAS,260,288,252,282,33037400
9/1/2025,KREN,18,18,18,18,41026600
9/1/2025,KRYA,204,222,191,208,29901900
9/1/2025,KSIX,234,234,222,232,558400
9/1/2025,KUAS,67,70,60,66,21115100
9/1/2025,LABA,0,0,0,0,0
9/1/2025,LABS,138,138,133,138,647200
9/1/2025,LAJU,59,63,56,61,38511800
9/1/2025,LAND,40,40,40,40,7990000
9/1/2025,LAPD,118,118,118,118,7401600
9/1/2025,LCGP,0,0,0,0,0
9/1/2025,LCKM,199,208,195,206,36200
9/1/2025,LEAD,71,81,71,77,26502700
9/1/2025,LFLO,238,248,238,248,46700
9/1/2025,LIFE,0,0,0,0,0
9/1/2025,LINK,3760,3760,3400,3400,99700
9/1/2025,LION,350,362,342,350,14000
9/1/2025,LIVE,173,174,165,167,1919300
9/1/2025,LMAS,0,0,0,0,0
9/1/2025,LMAX,81,84,79,83,7845300
9/1/2025,LMPI,140,140,136,139,138100
9/1/2025,LMSH,0,0,0,0,0
9/1/2025,LOPI,50,60,50,60,35103900
9/1/2025,LPCK,615,630,575,600,1922100
9/1/2025,LPGI,446,446,426,438,44900
9/1/2025,LPIN,390,416,390,414,449800
9/1/2025,LPKR,98,103,95,101,191174400
9/1/2025,LPLI,300,320,298,318,708200
9/1/2025,LPPF,1580,1585,1525,1585,2149500
9/1/2025,LPPS,82,86,78,81,12063500
9/1/2025,LRNA,175,177,166,172,910600
9/1/2025,LSIP,1315,1335,1275,1310,14620000
9/1/2025,LSIPDRCK6A,43,45,43,45,69300
9/1/2025,LSIPHDCJ6A,47,47,47,47,15600
9/1/2025,LSIPYUCZ5A,61,61,61,61,100
9/1/2025,LSIPZPCG6A,66,66,66,66,12500
9/1/2025,LTLS,840,855,835,855,132600
9/1/2025,LUCK,77,82,75,80,3524100
9/1/2025,LUCY,96,100,90,96,5028400
9/1/2025,MABA,0,0,0,0,0
9/1/2025,MAGP,0,0,0,0,0
9/1/2025,MAHA,133,135,130,132,6111500
9/1/2025,MAIN,625,650,605,645,3212600
9/1/2025,MANG,48,48,42,43,25502600
9/1/2025,MANG-W,29,29,27,29,351600
9/1/2025,MAPA,620,640,600,610,49094800
9/1/2025,MAPABQCZ5A,0,0,0,0,0
9/1/2025,MAPADRCJ6A,17,17,16,16,78100
9/1/2025,MAPAHDCZ5A,0,0,0,0,0
9/1/2025,MAPAZPCH6A,0,0,0,0,0
9/1/2025,MAPB,1450,1750,1450,1750,14500
9/1/2025,MAPI,1170,1205,1130,1190,20559300
9/1/2025,MAPIBQCV5A,4,6,4,5,346700
9/1/2025,MAPIDRCX5A,20,20,20,20,64000
9/1/2025,MAPIZPCJ6A,0,0,0,0,0
9/1/2025,MARI,30,30,29,30,8634700
9/1/2025,MARK,585,630,585,625,15207200
9/1/2025,MASA,0,0,0,0,0
9/1/2025,MASB,3210,3270,3210,3220,2300
9/1/2025,MAXI,52,53,52,53,17210400
9/1/2025,MAYA,200,234,196,228,42184900
9/1/2025,MBAP,1625,1625,1595,1615,381900
9/1/2025,MBMA,408,420,396,414,166160500
9/1/2025,MBMABQCX5A,14,16,14,15,6893700
9/1/2025,MBMADRCX5A,25,26,23,25,1847700
9/1/2025,MBMADRPX5A,24,24,23,23,1007100
9/1/2025,MBMAHDCH6A,62,62,61,61,3114300
9/1/2025,MBMAZPCX5A,49,50,49,50,104000
9/1/2025,MBSS,1350,1540,1350,1450,2042300
9/1/2025,MBTO,117,128,117,122,2121700
9/1/2025,MCAS,880,880,830,830,260300
9/1/2025,MCOL,3770,3820,3550,3820,54100
9/1/2025,MCOR,72,75,70,73,18224400
9/1/2025,MDIA,29,31,29,31,648000
9/1/2025,MDIY,1190,1190,1120,1140,655800
9/1/2025,MDKA,2390,2560,2330,2490,129396400
9/1/2025,MDKABQCV5A,107,131,107,119,151800
9/1/2025,MDKABQCX5B,39,48,39,45,702700
9/1/2025,MDKADRCK6A,86,89,82,82,3175900
9/1/2025,MDKADRCV5A,101,105,93,100,619400
9/1/2025,MDKADRPX5A,31,31,29,29,32200
9/1/2025,MDKAHDCU5A,195,195,183,191,110000
9/1/2025,MDKAHDCZ5A,152,155,148,148,2551800
9/1/2025,MDKAZPCF6A,80,80,80,80,18000
9/1/2025,MDKI,164,164,159,161,1039300
9/1/2025,MDLA,230,250,222,240,12182700
9/1/2025,MDLN,61,70,61,67,84783600
9/1/2025,MDRN,23,26,23,26,70347500
9/1/2025,MEDC,1135,1155,1100,1135,22935300
9/1/2025,MEDCBQCV5A,29,33,29,32,2542800
9/1/2025,MEDCBQCX5B,0,0,0,0,0
9/1/2025,MEDCBQCZ5A,0,0,0,0,0
9/1/2025,MEDCDRCG6A,26,27,26,27,25000
9/1/2025,MEDCDRPV5A,0,0,0,0,0
9/1/2025,MEDCHDCH6A,0,0,0,0,0
9/1/2025,MEDCZPCF6A,22,24,22,24,200
9/1/2025,MEDS,53,54,51,52,24031700
9/1/2025,MEGA,3330,3330,3250,3310,13100
9/1/2025,MEJA,75,82,72,82,24532500
9/1/2025,MEJA-W,28,42,24,39,157636400
9/1/2025,MENN,75,75,63,69,121059800
9/1/2025,MERI,232,238,220,234,14159100
9/1/2025,MERK,2780,2820,2780,2810,309700
9/1/2025,META,0,0,0,0,0
9/1/2025,MFIN,1075,1215,1005,1155,724900
9/1/2025,MFMI,0,0,0,0,0
9/1/2025,MGLV,0,0,0,0,0
9/1/2025,MGNA,36,40,36,40,1263100
9/1/2025,MGNA-W,23,23,23,23,65800
9/1/2025,MGRO,690,710,690,700,3432300
9/1/2025,MHKI,142,164,140,153,77081800
9/1/2025,MICE,490,490,484,484,284200
9/1/2025,MIDI,442,444,428,434,15591800
9/1/2025,MIKA,2180,2260,2110,2260,8073500
9/1/2025,MIKAZPCG6A,0,0,0,0,0
9/1/2025,MINA,166,189,165,180,341378700
9/1/2025,MINE,530,595,515,545,12798500
9/1/2025,MIRA,67,81,67,81,116620800
9/1/2025,MITI,240,262,230,258,7822200
9/1/2025,MKAP,356,360,354,360,440100
9/1/2025,MKNT,0,0,0,0,0
9/1/2025,MKPI,25400,25500,23675,24875,7400
9/1/2025,MKTR,102,110,89,108,6851800
9/1/2025,MKTR-W,10,11,9,10,13853900
9/1/2025,MLBI,5725,5950,5725,5900,99000
9/1/2025,MLIA,348,352,342,350,4749200
9/1/2025,MLPL,128,138,120,133,161398000
9/1/2025,MLPT,0,0,0,0,0
9/1/2025,MMIX,258,272,258,268,6133100
9/1/2025,MMLP,540,545,530,540,18696800
9/1/2025,MNCN,244,254,240,252,33061100
9/1/2025,MOLI,204,204,195,197,1527000
9/1/2025,MORA,450,458,424,456,165000
9/1/2025,MPIX,63,69,63,67,29614300
9/1/2025,MPIX-W,11,12,10,11,7978400
9/1/2025,MPMX,945,955,940,955,5770500
9/1/2025,MPOW,106,116,106,113,3658000
9/1/2025,MPPA,65,73,64,70,70084400
9/1/2025,MPRO,3970,4900,3970,4540,157200
9/1/2025,MPXL,119,122,108,120,6754700
9/1/2025,MRAT,226,228,216,228,1548900
9/1/2025,MREI,900,910,830,905,314700
9/1/2025,MSIE,40,43,36,36,29698100
9/1/2025,MSIN,488,530,462,510,65699500
9/1/2025,MSJA,308,308,298,306,160800
9/1/2025,MSKY,77,84,73,81,21152200
9/1/2025,MSTI,1575,1585,1500,1550,2844800
9/1/2025,MTDL,580,595,560,590,8274900
9/1/2025,MTEL,570,590,565,580,16689000
9/1/2025,MTELDRCK6A,0,0,0,0,0
9/1/2025,MTFN,15,17,15,17,335651500
9/1/2025,MTLA,444,444,422,434,93600
9/1/2025,MTMH,1065,1160,1065,1135,740400
9/1/2025,MTPS,46,46,44,44,673700
9/1/2025,MTRA,0,0,0,0,0
9/1/2025,MTSM,0,0,0,0,0
9/1/2025,MTWI,366,380,320,378,427800
9/1/2025,MUTU,90,90,85,88,5713500
9/1/2025,MYOH,1700,1700,1660,1680,26700
9/1/2025,MYOR,2090,2110,2030,2100,9044800
9/1/2025,MYORDRCK6A,0,0,0,0,0
9/1/2025,MYORZPCH6A,0,0,0,0,0
9/1/2025,MYTX,0,0,0,0,0
9/1/2025,NAIK,139,148,135,142,26263300
9/1/2025,NAIK-W,26,27,25,26,10437200
9/1/2025,NANO,52,57,47,57,110649200
9/1/2025,NASA,30,33,30,32,5342600
9/1/2025,NASI,80,86,79,86,7691000
9/1/2025,NATO,134,134,127,130,463700
9/1/2025,NAYZ,80,89,73,84,53950700
9/1/2025,NCKL,980,1020,940,1000,103785500
9/1/2025,NCKLDRCK6A,39,42,39,39,59100
9/1/2025,NCKLYUCZ5A,85,85,82,82,600
9/1/2025,NCKLZPCJ6A,56,58,56,56,176200
9/1/2025,NELY,340,346,334,338,848700
9/1/2025,NEST,250,260,246,258,9284100
9/1/2025,NETV,130,134,128,131,2648900
9/1/2025,NFCX,1790,1790,1760,1790,532400
9/1/2025,NICE,420,424,398,416,10184000
9/1/2025,NICK,1405,1405,1380,1405,8700
9/1/2025,NICL,995,1035,900,1035,13417800
9/1/2025,NIKL,222,232,220,230,1016700
9/1/2025,NINE,0,0,0,0,0
9/1/2025,NIRO,120,121,119,121,253700
9/1/2025,NISP,1350,1370,1325,1365,19419900
9/1/2025,NOBU,545,560,510,560,15098800
9/1/2025,NPGF,54,64,52,58,96402200
9/1/2025,NRCA,895,965,875,915,15752600
9/1/2025,NSSS,426,438,416,428,13447900
9/1/2025,NTBK,52,53,51,52,24642800
9/1/2025,NUSA,0,0,0,0,0
9/1/2025,NZIA,96,96,86,93,2113000
9/1/2025,OASA,230,252,218,244,180442900
9/1/2025,OBAT,440,446,420,446,4603100
9/1/2025,OBAT-W,94,94,79,88,3923300
9/1/2025,OBMD,298,310,292,300,6455100
9/1/2025,OCAP,0,0,0,0,0
9/1/2025,OILS,134,144,118,130,4754500
9/1/2025,OKAS,260,286,254,274,6759200
9/1/2025,OLIV,55,55,45,55,24458900
9/1/2025,OMED,185,188,181,186,785100
9/1/2025,OMRE,426,426,426,426,100
9/1/2025,OPMS,78,93,72,85,76082300
9/1/2025,PACK,2300,2550,2090,2400,21669500
9/1/2025,PADA,41,41,41,41,8387900
9/1/2025,PADI,72,72,71,72,32584000
9/1/2025,PALM,386,410,386,404,1341800
9/1/2025,PAMG,66,76,66,74,33128400
9/1/2025,PANI,14650,15475,14600,15425,18062800
9/1/2025,PANIBQCZ5A,74,75,74,75,675300
9/1/2025,PANIHDCJ6A,150,150,150,150,61300
9/1/2025,PANIHDCZ5A,208,210,196,210,1173100
9/1/2025,PANIZPCJ6A,86,91,85,88,14563600
9/1/2025,PANR,765,770,665,730,11207000
9/1/2025,PANS,1385,1390,1375,1390,432100
9/1/2025,PART,121,126,117,119,23271800
9/1/2025,PART-W,24,26,23,24,9925100
9/1/2025,PBID,480,484,476,482,867600
9/1/2025,PBRX,30,30,30,30,23864900
9/1/2025,PBSA,705,975,675,895,17869400
9/1/2025,PCAR,41,41,41,41,9778000
9/1/2025,PDES,480,480,480,480,1000
9/1/2025,PDPP,496,496,484,490,156600
9/1/2025,PEGE,109,112,108,112,968300
9/1/2025,PEHA,324,328,322,328,45900
9/1/2025,PEVE,442,452,428,448,379900
9/1/2025,PGAS,1700,1700,1640,1665,41944900
9/1/2025,PGASBQCU5A,0,0,0,0,0
9/1/2025,PGASBQCZ5A,0,0,0,0,0
9/1/2025,PGASDRCG6A,68,68,66,66,16300
9/1/2025,PGASZPCJ6A,0,0,0,0,0
9/1/2025,PGEO,1350,1450,1310,1415,80765200
9/1/2025,PGEOBQCX5B,0,0,0,0,0
9/1/2025,PGEODRCJ6A,46,46,41,42,181200
9/1/2025,PGEODRPV5A,26,26,25,25,20100
9/1/2025,PGEOHDCH6A,55,56,55,56,11500
9/1/2025,PGEOHDCH6B,68,68,68,68,100
9/1/2025,PGEOZPCJ6A,52,52,51,51,20000
9/1/2025,PGJO,0,0,0,0,0
9/1/2025,PGLI,164,200,146,175,2394400
9/1/2025,PGUN,3850,3850,3080,3850,1230600
9/1/2025,PICO,141,145,129,140,2579100
9/1/2025,PIPA,142,193,137,173,646646600
9/1/2025,PJAA,494,496,480,494,596700
9/1/2025,PKPK,575,625,550,585,654000
9/1/2025,PLAN,44,50,42,50,40338300
9/1/2025,PLAS,0,0,0,0,0
9/1/2025,PLIN,0,0,0,0,0
9/1/2025,PMJS,116,125,114,119,1938300
9/1/2025,PMMP,0,0,0,0,0
9/1/2025,PMUI,117,123,115,120,7051100
9/1/2025,PNBN,1135,1150,1115,1145,15441400
9/1/2025,PNBS,52,54,50,52,69616600
9/1/2025,PNGO,2350,2680,2190,2440,105100
9/1/2025,PNIN,850,855,830,835,3121500
9/1/2025,PNLF,250,258,244,256,211976400
9/1/2025,PNLFDRCJ6A,14,15,14,15,5986000
9/1/2025,PNLFHDCZ5A,0,0,0,0,0
9/1/2025,PNLFYUCV5A,0,0,0,0,0
9/1/2025,PNLFZPCH6A,41,41,41,41,25000
9/1/2025,PNSE,700,740,640,710,27700
9/1/2025,POLA,26,26,26,26,6763500
9/1/2025,POLI,740,810,740,810,200
9/1/2025,POLL,0,0,0,0,0
9/1/2025,POLU,6050,6375,5600,6250,31000
9/1/2025,POLY,24,24,24,24,745700
9/1/2025,POOL,0,0,0,0,0
9/1/2025,PORT,910,930,850,920,40700
9/1/2025,POSA,0,0,0,0,0
9/1/2025,POWR,690,705,685,700,12368500
9/1/2025,PPGL,100,103,100,103,529300
9/1/2025,PPRE,94,94,85,92,13704800
9/1/2025,PPRI,240,272,240,256,23158000
9/1/2025,PPRO,0,0,0,0,0
9/1/2025,PRAY,690,700,605,685,66200
9/1/2025,PRDA,2690,2690,2650,2670,618100
9/1/2025,PRIM,86,99,79,88,107728400
9/1/2025,PSAB,600,665,575,595,728055400
9/1/2025,PSAT,1300,1450,1300,1425,1702600
9/1/2025,PSDN,86,91,85,88,1518400
9/1/2025,PSGO,196,204,190,200,2280500
9/1/2025,PSKT,108,119,108,116,15774000
9/1/2025,PSSI,338,354,332,350,411200
9/1/2025,PTBA,2350,2410,2320,2400,20954100
9/1/2025,PTBABQCV5A,24,24,24,24,6000000
9/1/2025,PTBADRCG6A,25,26,25,26,39300
9/1/2025,PTBAYUCZ5A,91,91,91,91,100
9/1/2025,PTBAZPCH6A,0,0,0,0,0
9/1/2025,PTDU,0,0,0,0,0
9/1/2025,PTIS,388,400,370,394,184400
9/1/2025,PTMP,88,99,88,96,72969500
9/1/2025,PTMR,0,0,0,0,0
9/1/2025,PTPP,368,378,358,370,29408800
9/1/2025,PTPS,165,170,148,167,29366300
9/1/2025,PTPW,955,955,935,945,48200
9/1/2025,PTRO,3540,3800,3520,3700,76104800
9/1/2025,PTSN,350,380,318,354,2860200
9/1/2025,PTSP,970,995,965,985,33600
9/1/2025,PUDP,216,222,212,222,32200
9/1/2025,PURA,23,24,23,24,42098400
9/1/2025,PURE,0,0,0,0,0
9/1/2025,PURI,186,216,181,186,1802500
9/1/2025,PWON,362,366,354,354,187609000
9/1/2025,PWONHDCZ5A,0,0,0,0,0
9/1/2025,PWONZPCH6A,31,33,31,33,727700
9/1/2025,PYFA,535,595,535,595,27819300
9/1/2025,PYFA-W,99,99,98,99,930100
9/1/2025,PZZA,208,214,200,206,8265900
9/1/2025,R-ABFII,0,0,0,0,0
9/1/2025,R-LQ45X,983,1055,961,963,16800
9/1/2025,RAAM,272,274,250,268,12924300
9/1/2025,RAFI,0,0,0,0,0
9/1/2025,RAJA,2500,2660,2400,2580,31077900
9/1/2025,RALS,382,392,380,384,12029500
9/1/2025,RANC,408,420,400,416,16000
9/1/2025,RATU,5700,6075,5575,5850,10478400
9/1/2025,RBMS,38,38,37,37,986000
9/1/2025,RCCC,170,173,161,171,291200
9/1/2025,RDTX,12000,12200,11800,12200,1800
9/1/2025,REAL,41,41,41,41,2063900
9/1/2025,RELF,47,47,42,43,63355800
9/1/2025,RELI,645,645,590,625,63600
9/1/2025,RGAS,106,120,103,120,141674100
9/1/2025,RICY,49,49,49,49,8220200
9/1/2025,RIGS,760,765,740,760,181800
9/1/2025,RIMO,0,0,0,0,0
9/1/2025,RISE,1050,1055,1015,1020,632700
9/1/2025,RMKE,880,925,830,920,2878300
9/1/2025,RMKO,106,107,101,105,654500
9/1/2025,ROCK,468,570,468,570,22200
9/1/2025,RODA,42,45,42,45,143900
9/1/2025,RONY,0,0,0,0,0
9/1/2025,ROTI,795,795,780,795,432900
9/1/2025,RSCH,358,384,314,362,1702100
9/1/2025,RSGK,0,0,0,0,0
9/1/2025,RUIS,214,220,204,214,1391300
9/1/2025,RUNS,90,100,82,100,7214300
9/1/2025,SAFE,186,190,182,186,256200
9/1/2025,SAGE,32,38,32,38,22285500
9/1/2025,SAME,300,352,290,348,4351100
9/1/2025,SAMF,336,400,332,338,2822500
9/1/2025,SAPX,266,302,266,290,619100
9/1/2025,SATU,234,234,232,234,3274100
9/1/2025,SBAT,0,0,0,0,0
9/1/2025,SBMA,130,130,125,128,3903400
9/1/2025,SCCO,2270,2270,2180,2260,64300
9/1/2025,SCMA,304,336,298,322,420089500
9/1/2025,SCMABQCZ5A,134,153,134,139,71100
9/1/2025,SCMADRCK6A,103,112,97,105,1048700
9/1/2025,SCMAHDCZ5A,0,0,0,0,0
9/1/2025,SCMAZPCG6A,159,179,159,179,15300
9/1/2025,SCNP,175,179,169,175,10000
9/1/2025,SCPI,0,0,0,0,0
9/1/2025,SDMU,50,50,49,49,3251900
9/1/2025,SDPC,131,131,126,131,639500
9/1/2025,SDRA,300,300,290,298,230800
9/1/2025,SEMA,89,90,87,90,316500
9/1/2025,SFAN,1920,1920,1920,1920,52100
9/1/2025,SGER,320,324,302,314,93973400
9/1/2025,SGRO,4440,4440,4220,4300,3998700
9/1/2025,SHID,875,915,855,905,19200
9/1/2025,SHIP,4370,4480,4320,4350,35800
9/1/2025,SICO,111,123,110,119,6336800
9/1/2025,SIDO,490,520,488,515,45859700
9/1/2025,SIDODRCK6A,27,29,27,29,96600
9/1/2025,SILO,2180,2190,2100,2180,1326700
9/1/2025,SIMA,0,0,0,0,0
9/1/2025,SIMP,615,640,580,630,26658700
9/1/2025,SINI,3550,3600,3500,3600,13600
9/1/2025,SIPD,685,715,685,715,1300
9/1/2025,SKBM,354,354,320,348,206400
9/1/2025,SKLT,188,188,176,186,331900
9/1/2025,SKRN,372,404,372,400,524800
9/1/2025,SKYB,0,0,0,0,0
9/1/2025,SLIS,60,86,59,86,1100847800
9/1/2025,SLIS-W,11,16,10,16,95486800
9/1/2025,SMAR,5250,6000,5250,5800,456600
9/1/2025,SMBR,280,280,244,276,33640400
9/1/2025,SMCB,0,0,0,0,0
9/1/2025,SMDM,840,840,760,810,239200
9/1/2025,SMDR,328,334,316,324,70625000
9/1/2025,SMGA,95,104,95,102,46069200
9/1/2025,SMGR,2550,2770,2520,2720,16091300
9/1/2025,SMGRBQCU5A,3,3,1,3,10083100
9/1/2025,SMGRBQCX5B,56,63,56,63,660000
9/1/2025,SMGRBQCZ5A,0,0,0,0,0
9/1/2025,SMGRDRCV5A,0,0,0,0,0
9/1/2025,SMGRHDCZ5A,0,0,0,0,0
9/1/2025,SMGRZPCJ6A,0,0,0,0,0
9/1/2025,SMIL,476,492,458,486,380132100
9/1/2025,SMKL,161,164,157,164,158700
9/1/2025,SMKM,141,155,127,155,82622400
9/1/2025,SMLE,141,148,131,144,2337300
9/1/2025,SMMA,15600,15675,15000,15675,45500
9/1/2025,SMMT,1060,1060,985,1010,158200
9/1/2025,SMRA,428,454,420,444,85447400
9/1/2025,SMRADRCJ6A,33,33,30,32,39200
9/1/2025,SMRAHDCZ5A,0,0,0,0,0
9/1/2025,SMRAZPCH6A,0,0,0,0,0
9/1/2025,SMRU,0,0,0,0,0
9/1/2025,SMSM,1885,1920,1850,1900,532300
9/1/2025,SNLK,480,480,464,472,5695900
9/1/2025,SOCI,186,186,178,184,10562200
9/1/2025,SOFA,46,48,44,47,16853500
9/1/2025,SOHO,740,765,725,765,52100
9/1/2025,SOLA,145,156,142,149,107334500
9/1/2025,SONA,3700,4720,3680,4720,715200
9/1/2025,SOSS,670,815,670,815,1379500
9/1/2025,SOTS,258,262,242,252,77600
9/1/2025,SOUL,72,72,64,67,4183900
9/1/2025,SPMA,288,292,280,286,198200
9/1/2025,SPRE,89,89,76,80,4082100
9/1/2025,SPTO,665,675,650,675,1199400
9/1/2025,SQMI,0,0,0,0,0
9/1/2025,SRAJ,7450,9025,7425,8100,4373900
9/1/2025,SRIL,0,0,0,0,0
9/1/2025,SRSN,58,66,55,63,57843500
9/1/2025,SRTG,1810,1860,1780,1815,8946000
9/1/2025,SRTGDRCK6A,97,97,97,97,100
9/1/2025,SRTGZPCG6A,96,96,96,96,120000
9/1/2025,SSIA,2260,2310,2170,2250,28156000
9/1/2025,SSMS,1460,1485,1375,1450,9879800
9/1/2025,SSTM,260,300,228,262,148600
9/1/2025,STAA,950,995,930,980,12465300
9/1/2025,STAR,36,38,36,38,202300
9/1/2025,STRK,175,187,165,180,45008400
9/1/2025,STTP,10275,10275,10275,10275,200
9/1/2025,SUGI,0,0,0,0,0
9/1/2025,SULI,94,99,83,94,5097400
9/1/2025,SUNI,775,775,750,775,693500
9/1/2025,SUPR,0,0,0,0,0
9/1/2025,SURE,3010,3010,2880,2950,5100
9/1/2025,SURI,128,132,119,120,427400300
9/1/2025,SWAT,0,0,0,0,0
9/1/2025,SWID,85,94,81,89,16958300
9/1/2025,TALF,414,525,372,380,966200
9/1/2025,TAMA,28,31,28,31,951600
9/1/2025,TAMU,23,23,23,23,28874600
9/1/2025,TAPG,1355,1445,1315,1425,21862500
9/1/2025,TAPGDRCJ6A,0,0,0,0,0
9/1/2025,TAPGHDCH6A,0,0,0,0,0
9/1/2025,TAPGZPCH6A,0,0,0,0,0
9/1/2025,TARA,26,26,26,26,29261400
9/1/2025,TAXI,15,15,15,15,87721500
9/1/2025,TAYS,59,59,53,56,12088500
9/1/2025,TBIG,1905,1905,1845,1845,2452700
9/1/2025,TBLA,710,745,705,735,4534400
9/1/2025,TBMS,1015,1030,980,1015,50100
9/1/2025,TCID,2490,2500,2480,2500,30300
9/1/2025,TCPI,5725,5725,5425,5475,9810000
9/1/2025,TDPM,0,0,0,0,0
9/1/2025,TEBE,1715,1990,1650,1825,29426400
9/1/2025,TECH,0,0,0,0,0
9/1/2025,TELE,0,0,0,0,0
9/1/2025,TFAS,130,132,126,132,1352900
9/1/2025,TFCO,0,0,0,0,0
9/1/2025,TGKA,6000,6050,5800,5800,12500
9/1/2025,TGRA,0,0,0,0,0
9/1/2025,TGUK,0,0,0,0,0
9/1/2025,TIFA,408,408,392,402,29000
9/1/2025,TINS,995,1015,985,1000,17330500
9/1/2025,TIRA,1675,1675,1430,1650,168600
9/1/2025,TIRT,0,0,0,0,0
9/1/2025,TKIM,6800,7400,6700,7325,5442200
9/1/2025,TKIMHDCJ6A,77,79,73,77,166700
9/1/2025,TKIMZPCG6A,103,111,96,105,887100
9/1/2025,TLDN,615,700,615,690,2417000
9/1/2025,TLKM,3080,3110,2960,3110,130027900
9/1/2025,TLKMBQCV5A,86,86,86,86,200
9/1/2025,TLKMDRCJ6A,75,75,75,75,2800
9/1/2025,TLKMDRCX6A,0,0,0,0,0
9/1/2025,TLKMHDCJ6A,0,0,0,0,0
9/1/2025,TLKMHDCV5A,272,272,272,272,200
9/1/2025,TLKMZPCF6A,92,92,92,92,200
9/1/2025,TMAS,135,135,126,131,9513700
9/1/2025,TMPO,171,218,171,218,154372100
9/1/2025,TNCA,164,184,156,172,4717500
9/1/2025,TOBA,1195,1295,1195,1240,176986600
9/1/2025,TOOL,58,62,57,60,6478400
9/1/2025,TOPS,0,0,0,0,0
9/1/2025,TOSK,55,58,51,55,33539800
9/1/2025,TOTL,750,770,730,765,3750400
9/1/2025,TOTO,252,256,242,252,2174200
9/1/2025,TOWR,585,615,575,605,30977500
9/1/2025,TOYS,0,0,0,0,0
9/1/2025,TPIA,8075,8225,8000,8200,5859600
9/1/2025,TPMA,570,580,560,575,10890100
9/1/2025,TRAM,0,0,0,0,0
9/1/2025,TRGU,181,185,170,184,1456800
9/1/2025,TRIL,0,0,0,0,0
9/1/2025,TRIM,372,374,356,370,443900
9/1/2025,TRIN,90,98,85,93,7635100
9/1/2025,TRIN-W2,0,0,0,0,0
9/1/2025,TRIO,0,0,0,0,0
9/1/2025,TRIS,193,194,183,185,334100
9/1/2025,TRJA,135,138,132,135,420800
9/1/2025,TRON,93,94,89,91,6326000
9/1/2025,TRST,480,500,478,500,22800
9/1/2025,TRUE,50,50,44,49,34661200
9/1/2025,TRUK,170,208,170,197,2898000
9/1/2025,TRUS,468,468,452,458,23400
9/1/2025,TSPC,2210,2260,2190,2240,3011200
9/1/2025,TUGU,955,970,920,965,5740800
9/1/2025,TYRE,124,126,124,126,160300
9/1/2025,UANG,590,590,590,590,198400
9/1/2025,UCID,450,462,448,454,5115800
9/1/2025,UDNG,0,0,0,0,0
9/1/2025,UFOE,175,175,173,174,62600
9/1/2025,ULTJ,1250,1275,1215,1275,4977100
9/1/2025,UNIC,7975,8000,7775,7975,10800
9/1/2025,UNIQ,380,382,342,382,28547100
9/1/2025,UNIT,0,0,0,0,0
9/1/2025,UNSP,165,165,165,165,710700
9/1/2025,UNTD,76,80,74,79,7421900
9/1/2025,UNTR,24000,24800,23500,24475,4447100
9/1/2025,UNTRBQCV5A,0,0,0,0,0
9/1/2025,UNTRDRCG6A,129,132,129,129,9300
9/1/2025,UNTRZPCJ6A,131,131,131,131,7800
9/1/2025,UNVR,1650,1710,1645,1700,15262900
9/1/2025,UNVRBQCU5A,15,17,15,16,12449400
9/1/2025,UNVRBQCZ5A,0,0,0,0,0
9/1/2025,UNVRDRCG6A,42,42,42,42,100
9/1/2025,UNVRHDPG6A,0,0,0,0,0
9/1/2025,UNVRZPCH6A,0,0,0,0,0
9/1/2025,URBN,120,129,120,129,101300
9/1/2025,UVCR,75,76,71,73,3544000
9/1/2025,VAST,175,175,170,170,757700
9/1/2025,VAST-W,13,14,13,14,547900
9/1/2025,VERN,113,118,106,117,4836400
9/1/2025,VERN-W,5,6,4,6,89450200
9/1/2025,VICI,610,620,600,615,468900
9/1/2025,VICO,175,182,166,182,737400
9/1/2025,VINS,124,125,120,122,13000
9/1/2025,VISI,126,142,125,138,12398100
9/1/2025,VIVA,27,27,27,27,29359200
9/1/2025,VKTR,110,114,103,112,12377100
9/1/2025,VOKS,314,320,268,276,9820000
9/1/2025,VRNA,84,103,81,95,23577700
9/1/2025,VTNY,98,103,92,102,15207000
9/1/2025,WAPO,184,192,171,183,13129300
9/1/2025,WEGE,60,62,56,61,17430000
9/1/2025,WEHA,118,118,113,117,2894600
9/1/2025,WGSH,175,175,165,168,1325200
9/1/2025,WICO,0,0,0,0,0
9/1/2025,WIDI,42,42,36,42,73808400
9/1/2025,WIFI,2500,2630,2460,2530,245040000
9/1/2025,WIIM,800,805,755,795,1151600
9/1/2025,WIKA,0,0,0,0,0
9/1/2025,WINE,212,214,206,210,827400
9/1/2025,WINR,29,32,29,32,23794700
9/1/2025,WINS,396,402,394,400,5285600
9/1/2025,WIRG,167,181,166,172,1469038700
9/1/2025,WMPP,0,0,0,0,0
9/1/2025,WMUU,15,16,15,16,150283300
9/1/2025,WOMF,336,344,332,342,304800
9/1/2025,WOOD,348,354,336,342,5890000
9/1/2025,WOWS,90,122,78,122,432461200
9/1/2025,WSBP,29,29,26,26,154857500
9/1/2025,WSKT,0,0,0,0,0
9/1/2025,WTON,91,96,90,94,11674900
9/1/2025,XAQA,0,0,0,0,0
9/1/2025,XBES,0,0,0,0,0
9/1/2025,XBID,0,0,0,0,0
9/1/2025,XBIG,0,0,0,0,0
9/1/2025,XBIN,565,568,565,568,40400
9/1/2025,XBLQ,0,0,0,0,0
9/1/2025,XBNI,0,0,0,0,0
9/1/2025,XBSK,442,442,442,442,40000
9/1/2025,XCEG,106,107,106,107,1300
9/1/2025,XCID,70,76,70,74,15200
9/1/2025,XCIS,79,100,79,99,17300
9/1/2025,XCLQ,89,95,85,90,19200
9/1/2025,XDIF,439,439,439,439,2000
9/1/2025,XIFE,102,108,102,108,90300
9/1/2025,XIHD,655,655,619,621,1100
9/1/2025,XIIC,0,0,0,0,0
9/1/2025,XIID,0,0,0,0,0
9/1/2025,XIIF,467,467,461,463,1400
9/1/2025,XIIT,517,517,505,507,47200
9/1/2025,XIJI,604,610,604,610,10000
9/1/2025,XILV,113,141,113,124,52700
9/1/2025,XIML,241,318,241,250,229200
9/1/2025,XIPB,194,196,194,196,8400
9/1/2025,XIPI,218,219,218,219,25100
9/1/2025,XISB,0,0,0,0,0
9/1/2025,XISC,0,0,0,0,0
9/1/2025,XISI,0,0,0,0,0
9/1/2025,XISR,439,439,439,439,2500
9/1/2025,XKID,928,928,928,928,100
9/1/2025,XKIV,0,0,0,0,0
9/1/2025,XKMS,1114,1122,1111,1122,200300
9/1/2025,XMGB,1118,1118,1118,1118,20400
9/1/2025,XMIG,213,213,213,213,200
9/1/2025,XMLF,870,870,865,865,40200
9/1/2025,XMSK,377,382,377,382,1300
9/1/2025,XNVE,0,0,0,0,0
9/1/2025,XPDV,760,760,750,750,1600
9/1/2025,XPFT,0,0,0,0,0
9/1/2025,XPIN,643,643,625,633,151200
9/1/2025,XPLQ,460,650,460,518,15400
9/1/2025,XPSG,0,0,0,0,0
9/1/2025,XPTD,467,468,467,468,200
9/1/2025,XSBC,105,124,101,112,213700
9/1/2025,XSPI,0,0,0,0,0
9/1/2025,XSSI,79,80,77,79,189100
9/1/2025,XSSK,679,687,679,687,20300
9/1/2025,YELO,60,68,60,68,26570400
9/1/2025,YOII,92,96,85,94,2096100
9/1/2025,YPAS,354,354,354,354,100
9/1/2025,YULE,2690,2700,2690,2700,14700
9/1/2025,YUPI,1645,1645,1495,1580,201900
9/1/2025,ZATA,20,20,20,20,38408300
9/1/2025,ZBRA,0,0,0,0,0
9/1/2025,ZINC,20,20,20,20,28651600
9/1/2025,ZONE,735,740,730,740,175400
9/1/2025,ZYRX,141,151,131,144,4685100
