<date>,<ticker>,<open>,<high>,<low>,<close>,<volume>
7/28/2025,IHSG,7630.752,7669.446,7543.504,7614.768,280917962
7/28/2025,IDX30,0.000,0.000,0.000,0.000,0
7/28/2025,IDX80,0.000,0.000,0.000,0.000,0
7/28/2025,AADI,7025,7075,6975,7025,8951900
7/28/2025,AALI,6400,6500,6400,6500,657900
7/28/2025,ABBA,37,38,37,37,3367800
7/28/2025,ABDA,0,0,0,0,0
7/28/2025,ABMM,2980,3020,2980,3010,965300
7/28/2025,ACES,476,478,470,472,43282800
7/28/2025,ACESBQCV5A,3,3,2,3,3041900
7/28/2025,ACESBQCX5B,0,0,0,0,0
7/28/2025,ACESDRCJ6A,20,21,19,19,33600
7/28/2025,ACESDRCQ5A,2,2,1,1,1132200
7/28/2025,ACESHDCZ5A,55,55,55,55,25000
7/28/2025,ACRO,68,69,66,68,5240800
7/28/2025,ACRO-W,6,7,6,7,799800
7/28/2025,ACST,93,93,92,93,815100
7/28/2025,ADCP,50,50,50,50,69700
7/28/2025,ADES,12525,13600,12525,12775,107600
7/28/2025,ADHI,254,258,250,254,5440200
7/28/2025,ADMF,9100,9150,9050,9125,42000
7/28/2025,ADMG,126,127,123,127,311400
7/28/2025,ADMR,1170,1215,1150,1155,41380500
7/28/2025,ADMRDRCJ6A,54,56,54,54,3537800
7/28/2025,ADMRZPCH6A,79,79,78,79,67000
7/28/2025,ADRO,1925,1960,1920,1925,43988100
7/28/2025,ADROBQCU5A,31,31,30,30,15200
7/28/2025,ADROBQCZ5A,0,0,0,0,0
7/28/2025,ADRODRCJ6A,85,85,85,85,9800
7/28/2025,ADRODRCQ5A,3,3,2,2,96000
7/28/2025,ADRODRCQ5B,22,22,22,22,100
7/28/2025,ADRODRCX5A,60,60,54,54,320800
7/28/2025,ADROHDCQ5A,7,8,7,8,183700
7/28/2025,ADROHDCZ5A,91,91,91,91,5900
7/28/2025,ADROZPCF6A,45,45,45,45,1100
7/28/2025,AEGS,32,35,32,35,6743700
7/28/2025,AGAR,224,230,224,228,98000
7/28/2025,AGII,940,970,935,950,447300
7/28/2025,AGRO,218,218,210,214,23378100
7/28/2025,AGRS,64,66,64,65,3117400
7/28/2025,AHAP,63,63,61,62,6367400
7/28/2025,AIMS,384,384,376,378,89700
7/28/2025,AISA,147,149,126,135,59522100
7/28/2025,AKKU,0,0,0,0,0
7/28/2025,AKPI,600,600,590,595,5800
7/28/2025,AKRA,1250,1330,1240,1320,59236400
7/28/2025,AKRABQCX5B,60,62,60,62,1000000
7/28/2025,AKRADRCQ5A,10,12,10,11,2303600
7/28/2025,AKRADRCX5A,38,46,38,45,2494200
7/28/2025,AKRAHDCQ5A,25,25,24,24,15000
7/28/2025,AKRAZPCX5A,62,73,62,73,36100
7/28/2025,AKSI,262,262,258,262,152300
7/28/2025,ALDO,492,498,490,490,130100
7/28/2025,ALII,585,590,575,590,3766600
7/28/2025,ALKA,298,324,298,316,188000
7/28/2025,ALMI,0,0,0,0,0
7/28/2025,ALTO,0,0,0,0,0
7/28/2025,AMAG,356,360,354,356,35400
7/28/2025,AMAN,120,131,116,125,12462000
7/28/2025,AMAR,232,236,214,220,10885200
7/28/2025,AMFG,3500,3550,3500,3530,7100
7/28/2025,AMIN,160,210,155,210,6427400
7/28/2025,AMMN,8250,8350,8225,8300,21967000
7/28/2025,AMMNBQCZ5A,0,0,0,0,0
7/28/2025,AMMNDRCJ6A,81,81,81,81,9800
7/28/2025,AMMNZPCG6A,66,66,66,66,100
7/28/2025,AMMS,96,97,92,92,1861600
7/28/2025,AMMS-W,1,1,1,1,1774500
7/28/2025,AMOR,515,515,510,515,130400
7/28/2025,AMRT,2210,2250,2180,2210,26459700
7/28/2025,AMRTBQCU5A,13,14,13,14,26200
7/28/2025,AMRTDRCQ5A,3,3,1,3,1900
7/28/2025,AMRTDRCZ5A,0,0,0,0,0
7/28/2025,AMRTHDCQ5A,13,14,13,14,125100
7/28/2025,AMRTZPCX5A,0,0,0,0,0
7/28/2025,ANDI,18,18,17,17,3036900
7/28/2025,ANJT,1755,1765,1755,1760,394100
7/28/2025,ANTM,2970,3030,2950,2970,85126700
7/28/2025,ANTMBQCU5A,284,286,276,280,1600
7/28/2025,ANTMBQCX5A,78,80,78,79,5600
7/28/2025,ANTMBQCZ5A,0,0,0,0,0
7/28/2025,ANTMDRCG6A,66,66,51,52,132600
7/28/2025,ANTMDRCQ5A,258,262,256,256,41400
7/28/2025,ANTMDRCX5A,272,318,272,290,86200
7/28/2025,ANTMDRPU5A,49,51,49,51,200
7/28/2025,ANTMDRPU5B,28,28,27,27,140200
7/28/2025,ANTMHDCH6A,87,88,87,87,46700
7/28/2025,ANTMHDCQ5A,0,0,0,0,0
7/28/2025,ANTMHDCU5A,0,0,0,0,0
7/28/2025,ANTMYUCQ5A,340,340,340,340,100
7/28/2025,ANTMZPCX5A,192,192,192,192,44500
7/28/2025,APEX,118,121,116,118,7991700
7/28/2025,APIC,1175,1180,1160,1180,4693700
7/28/2025,APII,172,172,169,172,3400
7/28/2025,APLI,482,490,482,490,1200
7/28/2025,APLN,97,105,97,104,76726600
7/28/2025,ARCI,690,770,690,770,40786700
7/28/2025,AREA,436,440,424,428,961100
7/28/2025,ARGO,0,0,0,0,0
7/28/2025,ARII,280,282,270,280,153400
7/28/2025,ARKA,26,26,24,24,25755000
7/28/2025,ARKO,925,965,915,925,1119200
7/28/2025,ARMY,0,0,0,0,0
7/28/2025,ARNA,585,590,580,590,1482700
7/28/2025,ARTA,3940,3940,3480,3720,47100
7/28/2025,ARTI,0,0,0,0,0
7/28/2025,ARTO,1900,1910,1850,1870,8888600
7/28/2025,ARTOBQCU5A,7,7,7,7,900
7/28/2025,ARTOBQCX5B,0,0,0,0,0
7/28/2025,ARTOBQCZ5A,0,0,0,0,0
7/28/2025,ARTODRCQ5A,2,3,2,3,4032100
7/28/2025,ARTODRCX5A,41,41,41,41,500100
7/28/2025,ARTOHDCZ5A,0,0,0,0,0
7/28/2025,ARTOZPCX5A,41,41,40,40,841800
7/28/2025,ASBI,420,490,412,444,26300
7/28/2025,ASDM,530,545,520,535,372800
7/28/2025,ASGR,930,945,925,945,594600
7/28/2025,ASHA,17,17,16,16,799700
7/28/2025,ASII,5025,5100,4990,5100,59414600
7/28/2025,ASIIBQCU5A,0,0,0,0,0
7/28/2025,ASIIBQCZ5A,0,0,0,0,0
7/28/2025,ASIIDRCQ5A,0,0,0,0,0
7/28/2025,ASIIDRCQ5B,0,0,0,0,0
7/28/2025,ASIIDRCX5A,102,102,102,102,100
7/28/2025,ASIIDRCX6A,0,0,0,0,0
7/28/2025,ASIIDRPQ5A,12,12,12,12,100
7/28/2025,ASIIHDCZ5A,0,0,0,0,0
7/28/2025,ASJT,113,115,103,107,793700
7/28/2025,ASLC,66,67,65,66,7484100
7/28/2025,ASLI,50,50,50,50,363500
7/28/2025,ASMI,17,17,16,16,168900
7/28/2025,ASPI,340,340,306,306,680500
7/28/2025,ASPR,104,109,99,101,52679700
7/28/2025,ASRI,154,164,153,164,276708700
7/28/2025,ASRM,282,282,278,280,2500
7/28/2025,ASSA,905,915,885,915,6217100
7/28/2025,ATAP,27,27,27,27,80400
7/28/2025,ATIC,394,396,384,386,107500
7/28/2025,ATLA,50,50,50,50,191400
7/28/2025,AUTO,2140,2170,2130,2150,2041400
7/28/2025,AVIA,458,464,454,460,29242800
7/28/2025,AWAN,258,266,254,256,22299800
7/28/2025,AXIO,133,134,129,130,781400
7/28/2025,AYAM,162,164,161,163,115059200
7/28/2025,AYLS,105,107,104,105,2586300
7/28/2025,BABP,50,51,50,50,19013900
7/28/2025,BABY,308,360,300,348,10176900
7/28/2025,BACA,131,131,130,130,1831000
7/28/2025,BAIK,94,94,92,93,686600
7/28/2025,BAIK-W,7,8,7,7,176600
7/28/2025,BAJA,140,158,132,135,81629900
7/28/2025,BALI,1480,1480,1380,1380,273400
7/28/2025,BANK,815,830,810,825,6254600
7/28/2025,BANK-W,0,0,0,0,0
7/28/2025,BAPA,50,50,50,50,5000
7/28/2025,BAPI,8,9,8,8,1190500
7/28/2025,BATA,46,46,46,46,20000
7/28/2025,BATR,86,87,84,85,1007100
7/28/2025,BAUT,29,29,28,28,2624100
7/28/2025,BAYU,1270,1300,1260,1290,257400
7/28/2025,BBCA,8625,8625,8475,8500,99484300
7/28/2025,BBCABQCV5A,45,45,45,45,100
7/28/2025,BBCABQCX5A,0,0,0,0,0
7/28/2025,BBCADRCF6A,68,68,68,68,3000000
7/28/2025,BBCADRCQ5A,19,19,19,19,2400
7/28/2025,BBCADRCX6A,0,0,0,0,0
7/28/2025,BBCADRPQ5A,55,55,47,51,50300
7/28/2025,BBCAHDCQ5A,4,4,4,4,159900
7/28/2025,BBCAHDCU5A,0,0,0,0,0
7/28/2025,BBCAHDCV5A,0,0,0,0,0
7/28/2025,BBCAYUCQ5A,53,53,48,48,200
7/28/2025,BBCAZPCF6A,52,52,52,52,1000
7/28/2025,BBCAZPCH6A,0,0,0,0,0
7/28/2025,BBHI,1345,1420,1340,1400,6225300
7/28/2025,BBKP,64,66,63,64,222786700
7/28/2025,BBLD,900,900,855,885,194900
7/28/2025,BBMD,2190,2200,2140,2190,400
7/28/2025,BBNI,4110,4220,4090,4210,45451600
7/28/2025,BBNIBQCU5A,0,0,0,0,0
7/28/2025,BBNIBQCV5A,76,78,76,78,4100
7/28/2025,BBNIDRCQ5A,8,8,7,7,690900
7/28/2025,BBNIDRCX6A,0,0,0,0,0
7/28/2025,BBNIDRCZ5A,58,61,57,61,191200
7/28/2025,BBNIDRPU5A,27,27,27,27,100
7/28/2025,BBNIHDCQ5A,0,0,0,0,0
7/28/2025,BBNIHDCU5A,0,0,0,0,0
7/28/2025,BBNIHDPU5A,0,0,0,0,0
7/28/2025,BBNIYUCV5A,64,71,64,71,500
7/28/2025,BBNIZPCH6A,0,0,0,0,0
7/28/2025,BBNIZPCX5A,0,0,0,0,0
7/28/2025,BBRI,3940,3950,3920,3940,94898300
7/28/2025,BBRIBQCQ5A,10,10,10,10,7800
7/28/2025,BBRIBQCU5A,0,0,0,0,0
7/28/2025,BBRIBQCZ5A,0,0,0,0,0
7/28/2025,BBRIDRCQ5A,27,27,25,26,38000
7/28/2025,BBRIDRCX5A,164,167,164,167,200
7/28/2025,BBRIDRCX6A,0,0,0,0,0
7/28/2025,BBRIHDCH6A,139,141,139,141,1700
7/28/2025,BBRIHDCQ5A,0,0,0,0,0
7/28/2025,BBRIYUCV5A,151,155,151,155,200
7/28/2025,BBRIZPCH6A,102,102,102,102,200
7/28/2025,BBRIZPCX5A,0,0,0,0,0
7/28/2025,BBRM,76,77,75,76,290400
7/28/2025,BBSI,3990,4000,3910,4000,8200
7/28/2025,BBSS,290,300,280,288,150000
7/28/2025,BBTN,1195,1215,1180,1185,9530900
7/28/2025,BBTNHDCZ5A,0,0,0,0,0
7/28/2025,BBTNZPCG6A,47,47,47,47,2000
7/28/2025,BBYB,244,256,244,252,24767100
7/28/2025,BCAP,55,55,54,54,4283100
7/28/2025,BCIC,0,0,0,0,0
7/28/2025,BCIP,99,102,97,101,22746100
7/28/2025,BDKR,158,172,157,167,104361500
7/28/2025,BDMN,2430,2440,2420,2440,175300
7/28/2025,BEBS,0,0,0,0,0
7/28/2025,BEEF,256,286,248,282,54705900
7/28/2025,BEER,74,75,69,74,892000
7/28/2025,BEKS,24,24,24,24,10671700
7/28/2025,BELI,386,390,382,388,394300
7/28/2025,BELL,50,50,50,50,90700
7/28/2025,BESS,1120,1300,1055,1230,537300
7/28/2025,BEST,107,109,107,107,9372600
7/28/2025,BFIN,790,795,750,760,21897700
7/28/2025,BGTG,81,81,78,79,15944700
7/28/2025,BHAT,765,790,765,790,2907100
7/28/2025,BHIT,28,28,27,27,2301500
7/28/2025,BIKA,0,0,0,0,0
7/28/2025,BIKE,585,595,585,590,799300
7/28/2025,BIMA,44,44,44,44,24200
7/28/2025,BINA,4300,4330,4280,4330,120600
7/28/2025,BINO,109,112,109,110,335000
7/28/2025,BIPI,89,92,86,91,477040200
7/28/2025,BIPP,39,39,39,39,15900
7/28/2025,BIRD,1915,2020,1910,2000,4478700
7/28/2025,BISI,925,935,925,925,28600
7/28/2025,BJBR,815,820,810,820,2911300
7/28/2025,BJTM,494,496,492,496,2714700
7/28/2025,BKDP,34,34,33,33,68700
7/28/2025,BKSL,124,135,124,133,807109400
7/28/2025,BKSW,63,63,61,61,6242800
7/28/2025,BLES,173,173,169,170,7291000
7/28/2025,BLOG,555,570,545,550,9479800
7/28/2025,BLTA,20,20,20,20,1068500
7/28/2025,BLTZ,0,0,0,0,0
7/28/2025,BLUE,312,314,298,312,152200
7/28/2025,BMAS,0,0,0,0,0
7/28/2025,BMBL,18,19,18,19,11229700
7/28/2025,BMHS,196,196,194,195,1779800
7/28/2025,BMRI,4730,4750,4690,4700,112048900
7/28/2025,BMRIBQCU5A,17,17,12,12,4500
7/28/2025,BMRIBQCZ5A,79,79,78,78,120000
7/28/2025,BMRIDRCQ5A,3,3,3,3,15000
7/28/2025,BMRIDRCX5A,65,65,65,65,75000
7/28/2025,BMRIDRCX6A,0,0,0,0,0
7/28/2025,BMRIHDCQ5A,5,5,4,5,107700
7/28/2025,BMRIHDCU5A,0,0,0,0,0
7/28/2025,BMRIHDPU5A,0,0,0,0,0
7/28/2025,BMRIYUCQ5A,32,32,29,29,1200
7/28/2025,BMRIZPCH6A,0,0,0,0,0
7/28/2025,BMRIZPCX5A,43,43,43,43,100
7/28/2025,BMSR,248,256,244,252,54800
7/28/2025,BMTR,138,143,138,143,42975700
7/28/2025,BNBA,850,865,810,815,2621800
7/28/2025,BNBR,26,26,26,26,8139800
7/28/2025,BNGA,1740,1740,1720,1725,3435600
7/28/2025,BNGAZPCH6A,57,57,57,57,1000
7/28/2025,BNII,202,202,198,200,837700
7/28/2025,BNLI,3000,3150,3000,3120,842400
7/28/2025,BOAT,98,105,98,100,12261400
7/28/2025,BOBA,183,183,174,179,127000
7/28/2025,BOGA,580,595,575,590,602800
7/28/2025,BOLA,126,138,126,134,1957600
7/28/2025,BOLT,1240,1250,1225,1225,25300
7/28/2025,BOSS,0,0,0,0,0
7/28/2025,BPFI,344,344,324,340,16200
7/28/2025,BPII,585,590,585,590,117100
7/28/2025,BPTR,95,97,95,96,225900
7/28/2025,BRAM,5725,5725,5725,5725,500
7/28/2025,BREN,7650,7950,7625,7925,29391500
7/28/2025,BRIS,2890,2900,2840,2840,14054600
7/28/2025,BRISBQCZ5A,0,0,0,0,0
7/28/2025,BRISDRCJ6A,62,62,60,61,18000
7/28/2025,BRISHDCZ5A,142,142,142,142,17700
7/28/2025,BRISYUCV5A,105,105,101,101,13600
7/28/2025,BRISZPCG6A,67,67,65,65,4400
7/28/2025,BRMS,432,444,432,442,314980800
7/28/2025,BRMSBQCZ5A,68,69,68,69,5200
7/28/2025,BRMSDRCJ6A,42,43,42,43,241000
7/28/2025,BRMSHDCZ5A,159,159,159,159,100
7/28/2025,BRMSYUCV5A,33,35,33,35,300
7/28/2025,BRMSZPCG6A,65,68,65,68,77000
7/28/2025,BRNA,665,665,615,635,6300
7/28/2025,BRPT,2500,2530,2420,2470,182338000
7/28/2025,BRPTBQCQ5A,0,0,0,0,0
7/28/2025,BRPTBQCV5A,454,466,438,462,31800
7/28/2025,BRPTBQCX5B,124,125,124,125,5200
7/28/2025,BRPTBQCZ5A,0,0,0,0,0
7/28/2025,BRPTDRCF6A,222,226,216,222,18600
7/28/2025,BRPTDRCJ6A,124,129,122,126,115900
7/28/2025,BRPTDRCQ5A,280,280,270,280,251600
7/28/2025,BRPTDRCX5A,262,262,252,260,1672700
7/28/2025,BRPTDRPV5A,15,15,14,14,262800
7/28/2025,BRPTHDCH6A,197,204,197,200,8000
7/28/2025,BRPTHDCQ5A,310,310,304,304,2200
7/28/2025,BRPTZPCF6A,0,0,0,0,0
7/28/2025,BRPTZPCX5A,0,0,0,0,0
7/28/2025,BRRC,56,57,55,55,2417700
7/28/2025,BRRC-W,8,8,7,8,676800
7/28/2025,BSBK,50,52,50,51,31326600
7/28/2025,BSDE,850,865,840,855,28910800
7/28/2025,BSDEDRCJ6A,25,27,25,27,60400
7/28/2025,BSDEZPCH6A,37,39,37,38,288500
7/28/2025,BSIM,900,900,885,895,64300
7/28/2025,BSML,102,108,102,106,42882200
7/28/2025,BSSR,3940,3970,3930,3930,463100
7/28/2025,BSWD,0,0,0,0,0
7/28/2025,BTEK,5,6,5,6,26479100
7/28/2025,BTEL,0,0,0,0,0
7/28/2025,BTON,384,390,382,390,9100
7/28/2025,BTPN,2110,2140,2100,2100,21400
7/28/2025,BTPS,1540,1540,1495,1505,14096500
7/28/2025,BTPSZPCH6A,48,48,48,48,8600
7/28/2025,BUAH,1345,1490,1340,1410,260400
7/28/2025,BUDI,238,238,232,234,195100
7/28/2025,BUKA,144,147,141,143,355265400
7/28/2025,BUKABQCZ5B,15,15,15,15,600
7/28/2025,BUKAHDCZ5A,0,0,0,0,0
7/28/2025,BUKK,805,820,795,810,35900
7/28/2025,BULL,136,139,134,137,62314700
7/28/2025,BUMI,115,117,114,115,924079800
7/28/2025,BUVA,133,179,129,179,1170431900
7/28/2025,BVIC,86,89,86,87,1576200
7/28/2025,BVIC-W,48,48,48,48,100
7/28/2025,BWPT,98,103,95,101,235461100
7/28/2025,BYAN,19100,19100,18975,19025,10100
7/28/2025,CAKK,140,142,136,139,19200
7/28/2025,CAMP,210,214,210,212,2884600
7/28/2025,CANI,39,39,39,39,7200
7/28/2025,CARE,228,234,226,234,19041200
7/28/2025,CARS,80,80,75,78,8705500
7/28/2025,CASA,980,1025,975,1020,8108600
7/28/2025,CASH,63,63,58,60,506800
7/28/2025,CASS,2190,2190,2130,2140,117400
7/28/2025,CBDK,5950,6075,5950,6050,5565400
7/28/2025,CBMF,0,0,0,0,0
7/28/2025,CBPE,185,193,185,186,42900
7/28/2025,CBRE,71,71,70,70,14839700
7/28/2025,CBUT,1010,1010,980,1005,35600
7/28/2025,CCSI,320,336,290,326,642700
7/28/2025,CDIA,1830,1830,1830,1830,344633200
7/28/2025,CEKA,2810,2860,2650,2650,283500
7/28/2025,CENT,101,101,97,97,9774900
7/28/2025,CFIN,314,320,310,318,3220800
7/28/2025,CGAS,95,97,93,94,6369400
7/28/2025,CHEK,196,198,191,193,19043100
7/28/2025,CHEM,59,60,57,59,2419000
7/28/2025,CHIP,1325,1330,1305,1325,90300
7/28/2025,CINT,156,160,155,157,286400
7/28/2025,CITA,3970,3990,3930,3970,133600
7/28/2025,CITY,97,98,92,95,8737300
7/28/2025,CLAY,1000,1155,1000,1155,447000
7/28/2025,CLEO,580,590,575,590,7128500
7/28/2025,CLPI,1200,1210,1190,1190,103400
7/28/2025,CMNP,1320,1325,1310,1315,167800
7/28/2025,CMNP-W,448,448,400,434,1100
7/28/2025,CMNT,815,825,800,810,36350600
7/28/2025,CMPP,74,76,74,76,106400
7/28/2025,CMRY,4620,4810,4610,4750,1901500
7/28/2025,CNKO,29,31,29,31,17467600
7/28/2025,CNMA,152,162,145,145,226971600
7/28/2025,CNTB,0,0,0,0,0
7/28/2025,CNTX,0,0,0,0,0
7/28/2025,COAL,33,33,31,33,6318200
7/28/2025,COCO,260,304,258,280,52404900
7/28/2025,COIN,800,800,800,800,83267100
7/28/2025,COWL,0,0,0,0,0
7/28/2025,CPIN,5025,5025,4950,4970,2037000
7/28/2025,CPINDRCG6A,0,0,0,0,0
7/28/2025,CPINDRCQ5A,21,21,21,21,200
7/28/2025,CPINHDCQ5A,0,0,0,0,0
7/28/2025,CPRI,0,0,0,0,0
7/28/2025,CPRO,50,52,50,50,43376900
7/28/2025,CRAB,238,238,236,238,4177600
7/28/2025,CRSN,105,105,102,103,272500
7/28/2025,CSAP,270,270,260,264,285800
7/28/2025,CSIS,67,70,66,69,391200
7/28/2025,CSMI,436,482,430,456,13391000
7/28/2025,CSRA,730,755,730,745,1066200
7/28/2025,CTBN,8250,8250,8250,8250,1200
7/28/2025,CTRA,950,960,935,940,9729300
7/28/2025,CTRADRCJ6A,0,0,0,0,0
7/28/2025,CTRAZPCG6A,40,41,40,41,54800
7/28/2025,CTTH,27,27,27,27,208300
7/28/2025,CUAN,1545,1570,1520,1560,180645300
7/28/2025,CYBR,915,930,900,920,7607000
7/28/2025,CYBR-W,525,550,458,540,10300
7/28/2025,DAAZ,3830,3950,3830,3880,532500
7/28/2025,DADA,7,7,7,7,85252200
7/28/2025,DART,144,179,143,153,7039700
7/28/2025,DATA,1770,1870,1755,1865,9764600
7/28/2025,DAYA,890,905,870,895,34100
7/28/2025,DCII,0,0,0,0,0
7/28/2025,DEAL,0,0,0,0,0
7/28/2025,DEFI,0,0,0,0,0
7/28/2025,DEPO,204,204,200,202,138000
7/28/2025,DEWA,222,238,222,236,780460700
7/28/2025,DEWI,101,102,100,102,75098700
7/28/2025,DFAM,50,50,50,50,2100
7/28/2025,DGIK,93,95,91,92,6164900
7/28/2025,DGNS,157,160,153,158,21767600
7/28/2025,DGWG,404,422,404,420,12584500
7/28/2025,DIGI,19,20,19,20,419300
7/28/2025,DILD,130,135,130,135,23693500
7/28/2025,DIVA,111,114,110,112,3547900
7/28/2025,DKFT,600,610,585,590,32034800
7/28/2025,DKHH,63,63,63,63,9449300
7/28/2025,DKHH-W,12,12,12,12,5239500
7/28/2025,DLTA,2040,2040,2030,2040,11300
7/28/2025,DMAS,144,145,143,144,37265700
7/28/2025,DMMX,380,386,376,380,755600
7/28/2025,DMND,530,535,520,525,149400
7/28/2025,DNAR,118,119,116,116,4858400
7/28/2025,DNET,9400,9500,9100,9500,9500
7/28/2025,DOID,368,376,364,364,19880400
7/28/2025,DOOH,128,131,123,126,318479200
7/28/2025,DOSS,137,143,135,140,3591100
7/28/2025,DPNS,230,240,230,240,452200
7/28/2025,DPUM,50,50,50,50,100100
7/28/2025,DRMA,990,990,975,980,744600
7/28/2025,DSFI,55,56,54,55,338100
7/28/2025,DSNG,1070,1100,1050,1065,31431600
7/28/2025,DSSA,67150,68325,65900,65900,2644300
7/28/2025,DUCK,0,0,0,0,0
7/28/2025,DUTI,3480,3490,3480,3490,5900
7/28/2025,DVLA,1685,1695,1685,1695,12900
7/28/2025,DWGL,224,232,222,226,518200
7/28/2025,DYAN,91,91,86,88,7441700
7/28/2025,EAST,96,96,94,96,3580300
7/28/2025,ECII,196,198,174,191,1063600
7/28/2025,EDGE,4780,4900,4710,4780,77000
7/28/2025,EKAD,185,187,182,185,275400
7/28/2025,ELIT,178,189,173,186,34502900
7/28/2025,ELPI,344,352,332,332,401500
7/28/2025,ELSA,505,505,498,500,21425200
7/28/2025,ELSADRCJ6A,39,39,39,39,246300
7/28/2025,ELSAZPCG6A,39,39,38,38,316300
7/28/2025,ELTY,11,11,10,11,6324000
7/28/2025,EMDE,90,92,87,88,1762700
7/28/2025,EMTK,620,630,610,620,71474500
7/28/2025,EMTKBQCZ5A,0,0,0,0,0
7/28/2025,EMTKHDCZ5A,68,69,68,69,320000
7/28/2025,EMTKYUCV5A,44,44,43,43,18500
7/28/2025,EMTKZPCH6A,46,46,45,45,1096500
7/28/2025,ENAK,710,715,700,715,389100
7/28/2025,ENRG,530,555,525,535,196158300
7/28/2025,ENRGDRCJ6A,73,74,71,71,3553300
7/28/2025,ENRGHDCZ5A,191,206,187,191,4700
7/28/2025,ENRGZPCG6A,154,163,154,157,57600
7/28/2025,ENVY,0,0,0,0,0
7/28/2025,ENZO,31,33,28,33,3700
7/28/2025,EPAC,12,12,11,12,1225100
7/28/2025,EPMT,2320,2320,2310,2310,6000
7/28/2025,ERAA,515,520,510,510,18011600
7/28/2025,ERAABQCZ5A,0,0,0,0,0
7/28/2025,ERAADRCJ6A,0,0,0,0,0
7/28/2025,ERAAHDCZ5A,58,58,58,58,1000
7/28/2025,ERAAZPCH6A,33,33,32,32,2348100
7/28/2025,ERAL,394,396,386,386,11062700
7/28/2025,ERTX,103,106,103,103,2252100
7/28/2025,ESIP,31,31,30,30,242700
7/28/2025,ESSA,610,640,605,620,106341600
7/28/2025,ESSABQCZ5A,57,57,57,57,5000
7/28/2025,ESSAHDCH6A,60,62,60,60,161100
7/28/2025,ESTA,65,66,65,65,117200
7/28/2025,ESTI,35,35,35,35,69100
7/28/2025,ETWA,0,0,0,0,0
7/28/2025,EURO,196,197,190,194,2015500
7/28/2025,EXCL,2550,2560,2520,2520,2322400
7/28/2025,EXCLHDCQ5A,0,0,0,0,0
7/28/2025,EXCLZPCF6A,0,0,0,0,0
7/28/2025,FAPA,5600,5625,5600,5625,4600
7/28/2025,FAST,324,334,316,330,2721100
7/28/2025,FASW,0,0,0,0,0
7/28/2025,FILM,1640,1645,1610,1640,5430700
7/28/2025,FIMP,86,86,86,86,26900
7/28/2025,FIRE,77,78,76,77,4236900
7/28/2025,FISH,0,0,0,0,0
7/28/2025,FITT,180,180,163,169,5369800
7/28/2025,FLMC,50,51,48,49,277800
7/28/2025,FMII,338,348,338,342,222800
7/28/2025,FOLK,74,80,73,77,13157400
7/28/2025,FOOD,104,104,104,104,500
7/28/2025,FORE,670,680,635,670,32585000
7/28/2025,FORU,1260,1380,1255,1260,230100
7/28/2025,FPNI,196,196,194,196,82800
7/28/2025,FUJI,494,494,422,422,806700
7/28/2025,FUTR,53,55,52,52,31536200
7/28/2025,FWCT,132,137,132,132,483100
7/28/2025,GAMA,0,0,0,0,0
7/28/2025,GDST,110,115,108,114,13187200
7/28/2025,GDYR,1195,1195,1165,1165,22100
7/28/2025,GEMA,81,93,78,88,48531200
7/28/2025,GEMS,9425,9450,9400,9400,159000
7/28/2025,GGRM,9150,9350,9150,9250,305100
7/28/2025,GGRMZPCG6A,0,0,0,0,0
7/28/2025,GGRP,0,0,0,0,0
7/28/2025,GHON,1610,1650,1610,1620,84800
7/28/2025,GIAA,70,70,70,70,33776200
7/28/2025,GJTL,1120,1130,1110,1115,4095400
7/28/2025,GLOB,55,55,50,50,37500
7/28/2025,GLVA,334,334,328,330,9900
7/28/2025,GMFI,61,62,60,60,419800
7/28/2025,GMTD,2270,2340,2180,2210,7000
7/28/2025,GOLD,256,268,252,254,70300
7/28/2025,GOLF,204,204,202,204,1879400
7/28/2025,GOLL,0,0,0,0,0
7/28/2025,GOOD,364,364,358,362,291800
7/28/2025,GOTO,58,60,58,59,3567335000
7/28/2025,GOTOBQCZ5A,4,4,4,4,900
7/28/2025,GOTODRCG6A,11,11,11,11,81500
7/28/2025,GOTODRCQ5A,1,3,1,3,9300
7/28/2025,GOTOHDCQ5A,0,0,0,0,0
7/28/2025,GOTOM,0,0,0,0,0
7/28/2025,GOTOZPCH6A,28,28,28,28,1000
7/28/2025,GPRA,149,155,142,149,114196600
7/28/2025,GPSO,398,398,388,392,192800
7/28/2025,GRIA,88,90,87,90,4175500
7/28/2025,GRPH,50,50,50,50,136800
7/28/2025,GRPM,47,48,47,48,1444300
7/28/2025,GRPM-W,13,13,12,13,310500
7/28/2025,GSMF,53,54,52,53,39200
7/28/2025,GTBO,198,202,197,198,735200
7/28/2025,GTRA,149,156,149,156,1823500
7/28/2025,GTSI,39,40,39,40,1933800
7/28/2025,GULA,262,262,256,260,194900
7/28/2025,GUNA,266,268,260,260,238200
7/28/2025,GWSA,128,128,122,124,573500
7/28/2025,GZCO,110,110,107,107,17049500
7/28/2025,HADE,8,8,7,8,6227700
7/28/2025,HAIS,191,192,190,191,446600
7/28/2025,HAJJ,118,119,116,118,8450900
7/28/2025,HAJJ-W,15,15,13,15,8886700
7/28/2025,HALO,80,82,80,81,3356100
7/28/2025,HALO-W,9,9,7,8,3646400
7/28/2025,HATM,262,262,258,262,27978800
7/28/2025,HBAT,80,80,80,80,1704200
7/28/2025,HDFA,111,115,108,112,297900
7/28/2025,HDIT,18,18,18,18,1841100
7/28/2025,HEAL,1530,1560,1525,1540,3115600
7/28/2025,HEALDRCJ6A,0,0,0,0,0
7/28/2025,HEALHDCH6A,133,133,133,133,1100
7/28/2025,HEALZPCH6A,0,0,0,0,0
7/28/2025,HELI,254,258,252,258,539200
7/28/2025,HERO,410,410,406,408,2400
7/28/2025,HEXA,5425,5475,5400,5425,365900
7/28/2025,HGII,161,162,158,160,18132100
7/28/2025,HILL,252,254,232,234,98731000
7/28/2025,HITS,0,0,0,0,0
7/28/2025,HKMU,0,0,0,0,0
7/28/2025,HMSP,600,605,595,595,4282700
7/28/2025,HOKI,90,91,88,89,6568300
7/28/2025,HOME,0,0,0,0,0
7/28/2025,HOMI,204,204,200,202,21400
7/28/2025,HOPE,112,112,112,112,12790600
7/28/2025,HOTL,0,0,0,0,0
7/28/2025,HRME,22,22,21,21,369900
7/28/2025,HRTA,610,630,610,625,9609800
7/28/2025,HRUM,810,815,805,810,9569800
7/28/2025,HRUMZPCG6A,31,31,31,31,33700
7/28/2025,HUMI,61,61,59,59,43317600
7/28/2025,HUMI-W,8,9,7,9,65275400
7/28/2025,HYGN,146,146,143,145,1285900
7/28/2025,IATA,49,51,49,51,9921400
7/28/2025,IATA-W,33,33,33,33,39700
7/28/2025,IBFN,14,15,14,15,2743700
7/28/2025,IBOS,27,28,26,27,7072700
7/28/2025,IBST,0,0,0,0,0
7/28/2025,ICBP,10550,10575,10225,10225,5895900
7/28/2025,ICBPDRCQ5A,0,0,0,0,0
7/28/2025,ICBPDRCX6A,0,0,0,0,0
7/28/2025,ICBPHDCQ5A,0,0,0,0,0
7/28/2025,ICBPZPCX5A,64,64,63,63,2600000
7/28/2025,ICON,40,40,40,40,3200
7/28/2025,IDEA,53,54,51,54,1045600
7/28/2025,IDPR,206,218,206,214,1493300
7/28/2025,IFII,248,258,246,256,278500
7/28/2025,IFSH,810,810,735,760,97600
7/28/2025,IGAR,565,565,540,565,410400
7/28/2025,IIKP,0,0,0,0,0
7/28/2025,IKAI,9,9,8,9,1604300
7/28/2025,IKAN,63,64,62,62,6662900
7/28/2025,IKBI,442,540,442,505,2228800
7/28/2025,IKPM,198,199,195,196,474700
7/28/2025,IMAS,1000,1060,970,1025,5025100
7/28/2025,IMJS,230,262,224,254,101267800
7/28/2025,IMPC,444,490,420,420,54363500
7/28/2025,INAF,0,0,0,0,0
7/28/2025,INAI,159,161,157,160,181700
7/28/2025,INCF,23,23,23,23,34600
7/28/2025,INCI,605,615,595,600,62700
7/28/2025,INCO,3670,3760,3640,3720,12230900
7/28/2025,INCOBQCQ5A,0,0,0,0,0
7/28/2025,INCOBQCV5A,60,60,60,60,2500
7/28/2025,INCODRCQ5A,7,9,6,8,1439000
7/28/2025,INCODRCX5A,92,95,90,95,202700
7/28/2025,INCODRPV5A,44,44,44,44,2200
7/28/2025,INCOHDCQ5A,104,117,104,117,85100
7/28/2025,INCOZPCX5A,144,144,140,142,500400
7/28/2025,INDF,8475,8475,8350,8375,3305800
7/28/2025,INDFBQCV5A,0,0,0,0,0
7/28/2025,INDFDRCQ5A,34,34,34,34,100
7/28/2025,INDFDRCX6A,0,0,0,0,0
7/28/2025,INDFHDCQ5A,0,0,0,0,0
7/28/2025,INDO,197,202,195,195,5357400
7/28/2025,INDR,2490,2490,2460,2490,12200
7/28/2025,INDS,226,228,222,226,94200
7/28/2025,INDX,75,77,74,76,3111600
7/28/2025,INDY,1370,1390,1365,1390,5162800
7/28/2025,INDYZPCG6A,46,46,46,46,9300
7/28/2025,INET,302,308,288,302,203405400
7/28/2025,INET-W,210,212,200,204,13469500
7/28/2025,INKP,6100,6850,6100,6800,24092400
7/28/2025,INKPDRCF6A,129,154,129,152,6070200
7/28/2025,INKPDRCQ5A,11,21,11,20,47800
7/28/2025,INKPHDCQ5A,8,15,8,14,405200
7/28/2025,INKPZPCF6A,72,74,72,74,7700
7/28/2025,INOV,85,86,85,86,217300
7/28/2025,INPC,157,161,155,158,14696300
7/28/2025,INPP,780,800,765,800,2700
7/28/2025,INPS,128,128,125,126,835400
7/28/2025,INRU,830,830,795,800,105000
7/28/2025,INTA,13,13,12,12,198100
7/28/2025,INTD,189,198,185,192,2895800
7/28/2025,INTP,5275,5450,5200,5225,5040300
7/28/2025,INTPZPCG6A,38,38,38,38,79000
7/28/2025,IOTF,87,88,85,86,51211600
7/28/2025,IPAC,134,144,132,144,199700
7/28/2025,IPCC,1110,1145,1110,1135,2592300
7/28/2025,IPCM,284,290,284,286,614700
7/28/2025,IPOL,134,134,133,134,131500
7/28/2025,IPPE,0,0,0,0,0
7/28/2025,IPTV,25,26,25,26,5080800
7/28/2025,IRRA,410,416,402,410,1554900
7/28/2025,IRSX,57,57,57,57,11779500
7/28/2025,IRSX-W,5,8,5,6,245936100
7/28/2025,ISAP,12,12,11,11,6018900
7/28/2025,ISAP-W,3,4,3,3,2059900
7/28/2025,ISAT,2280,2320,2260,2280,9391400
7/28/2025,ISATBQCU5A,0,0,0,0,0
7/28/2025,ISATDRCG6A,97,97,97,97,100
7/28/2025,ISATDRCX5A,70,71,69,71,125400
7/28/2025,ISATHDCQ5A,147,147,147,147,100
7/28/2025,ISATZPCF6A,0,0,0,0,0
7/28/2025,ISEA,64,65,63,65,1355800
7/28/2025,ISSP,352,362,346,346,5607000
7/28/2025,ITIC,218,220,216,220,147500
7/28/2025,ITMA,785,815,775,785,24084700
7/28/2025,ITMG,23000,23300,22975,23250,1455200
7/28/2025,JARR,414,444,412,436,12529500
7/28/2025,JAST,63,64,61,63,3537700
7/28/2025,JATI,146,149,143,148,10433300
7/28/2025,JAWA,148,151,146,147,1086800
7/28/2025,JAYA,94,95,93,95,194900
7/28/2025,JECC,965,990,950,960,56500
7/28/2025,JGLE,8,8,7,7,9650200
7/28/2025,JIHD,630,630,610,620,871200
7/28/2025,JKON,77,78,76,76,2713900
7/28/2025,JMAS,134,134,132,133,130900
7/28/2025,JPFA,1630,1665,1620,1650,16384500
7/28/2025,JPFABQCZ5A,0,0,0,0,0
7/28/2025,JPFADRCJ6A,41,42,41,42,4800
7/28/2025,JPFAHDCZ5A,151,155,151,155,4700
7/28/2025,JPFAZPCG6A,83,86,83,85,10400
7/28/2025,JRPT,745,745,725,745,369800
7/28/2025,JSKY,0,0,0,0,0
7/28/2025,JSMR,3610,3670,3600,3650,7881900
7/28/2025,JSMRHDCH6A,0,0,0,0,0
7/28/2025,JSMRZPCG6A,50,50,50,50,200
7/28/2025,JSPT,4550,4550,4510,4510,4600
7/28/2025,JTPE,264,278,264,278,15134000
7/28/2025,KAEF,530,575,520,530,6193800
7/28/2025,KAQI,50,50,50,50,296400
7/28/2025,KARW,785,825,785,825,318900
7/28/2025,KAYU,0,0,0,0,0
7/28/2025,KBAG,29,29,28,29,910800
7/28/2025,KBLI,388,388,384,388,140800
7/28/2025,KBLM,338,400,332,378,2174100
7/28/2025,KBLV,56,63,54,59,12498500
7/28/2025,KBRI,0,0,0,0,0
7/28/2025,KDSI,474,476,472,476,2000
7/28/2025,KDTN,117,124,117,123,1800
7/28/2025,KEEN,805,810,795,800,2046400
7/28/2025,KEJU,600,690,600,620,2559500
7/28/2025,KETR,266,274,242,256,6585200
7/28/2025,KIAS,21,21,21,21,91700
7/28/2025,KICI,112,113,110,112,549500
7/28/2025,KIJA,189,191,187,190,83395000
7/28/2025,KING,220,220,212,218,307500
7/28/2025,KING-W,15,17,14,16,5906500
7/28/2025,KINO,1110,1110,1085,1090,10500
7/28/2025,KIOS,52,53,51,51,5764600
7/28/2025,KJEN,108,110,107,109,468600
7/28/2025,KKES,25,25,24,24,111600
7/28/2025,KKGI,358,364,350,360,8767000
7/28/2025,KLAS,143,144,141,142,4925700
7/28/2025,KLBF,1485,1500,1460,1475,16114600
7/28/2025,KLBFBQCV5A,0,0,0,0,0
7/28/2025,KLBFDRCG6A,50,50,50,50,100
7/28/2025,KLBFDRCQ5A,14,14,14,14,1800
7/28/2025,KLBFHDCQ5A,0,0,0,0,0
7/28/2025,KLBFZPCF6A,0,0,0,0,0
7/28/2025,KLIN,143,157,135,157,1261300
7/28/2025,KMDS,595,600,595,595,348900
7/28/2025,KMTR,258,272,256,260,624100
7/28/2025,KOBX,148,156,147,150,1729100
7/28/2025,KOCI,52,52,51,51,2012900
7/28/2025,KOCI-W,6,6,5,5,167100
7/28/2025,KOIN,65,65,64,64,800
7/28/2025,KOKA,82,94,82,87,92310600
7/28/2025,KONI,1235,1280,1235,1235,5100
7/28/2025,KOPI,370,370,364,368,160600
7/28/2025,KOTA,15,15,14,15,2230900
7/28/2025,KPIG,159,169,157,168,75391000
7/28/2025,KRAS,312,312,278,298,151260000
7/28/2025,KREN,9,9,9,9,10333400
7/28/2025,KRYA,234,258,234,254,36204600
7/28/2025,KSIX,198,204,198,202,228000
7/28/2025,KUAS,51,52,50,52,3687200
7/28/2025,LABA,0,0,0,0,0
7/28/2025,LABS,136,138,132,133,464800
7/28/2025,LAJU,50,50,50,50,45100
7/28/2025,LAND,22,22,21,22,751400
7/28/2025,LAPD,57,57,57,57,6308100
7/28/2025,LCGP,0,0,0,0,0
7/28/2025,LCKM,216,218,204,210,94200
7/28/2025,LEAD,75,76,72,73,7070100
7/28/2025,LFLO,230,242,220,236,445200
7/28/2025,LIFE,6800,7000,6750,6775,2900
7/28/2025,LINK,1715,1800,1715,1715,53100
7/28/2025,LION,376,382,374,376,13500
7/28/2025,LIVE,159,191,158,185,103981000
7/28/2025,LMAS,0,0,0,0,0
7/28/2025,LMAX,54,57,54,55,1380900
7/28/2025,LMPI,140,143,140,142,175100
7/28/2025,LMSH,0,0,0,0,0
7/28/2025,LOPI,41,41,40,40,1952700
7/28/2025,LPCK,500,505,494,505,1360000
7/28/2025,LPGI,406,448,406,438,234800
7/28/2025,LPIN,380,380,374,376,66100
7/28/2025,LPKR,85,87,84,87,18712300
7/28/2025,LPLI,288,288,278,284,11000
7/28/2025,LPPF,1760,1800,1760,1790,2053900
7/28/2025,LPPS,55,56,54,56,1383900
7/28/2025,LRNA,163,169,160,164,929400
7/28/2025,LSIP,1325,1325,1300,1305,10784400
7/28/2025,LSIPZPCG6A,71,71,71,71,600000
7/28/2025,LTLS,880,885,870,880,26400
7/28/2025,LUCK,65,66,64,66,419500
7/28/2025,LUCY,72,75,72,74,197400
7/28/2025,MABA,0,0,0,0,0
7/28/2025,MAGP,0,0,0,0,0
7/28/2025,MAHA,144,145,143,145,1934700
7/28/2025,MAIN,705,720,700,700,1775200
7/28/2025,MANG,31,32,31,31,1162400
7/28/2025,MANG-W,24,24,23,24,17100
7/28/2025,MAPA,635,655,635,645,9265300
7/28/2025,MAPADRCJ6A,22,23,21,22,759600
7/28/2025,MAPAHDCZ5A,0,0,0,0,0
7/28/2025,MAPAZPCH6A,42,42,42,42,10300
7/28/2025,MAPB,1925,1930,1825,1870,59000
7/28/2025,MAPI,1165,1170,1115,1125,11526600
7/28/2025,MAPIBQCV5A,0,0,0,0,0
7/28/2025,MAPIDRCQ5A,7,7,6,6,630000
7/28/2025,MAPIDRCX5A,35,35,21,25,19200
7/28/2025,MAPIHDCQ5A,0,0,0,0,0
7/28/2025,MARI,22,22,21,21,6552900
7/28/2025,MARK,670,675,660,670,19603500
7/28/2025,MASA,0,0,0,0,0
7/28/2025,MASB,3400,3400,3300,3350,800
7/28/2025,MAXI,50,52,50,52,1013600
7/28/2025,MAYA,186,187,184,187,1916800
7/28/2025,MBAP,1700,1740,1690,1725,117200
7/28/2025,MBMA,505,530,505,530,216383500
7/28/2025,MBMADRCQ5A,24,27,24,27,2922300
7/28/2025,MBMADRCX5A,54,57,53,57,729700
7/28/2025,MBMAHDCH6A,0,0,0,0,0
7/28/2025,MBMAHDCQ5A,10,13,10,13,20831700
7/28/2025,MBMAZPCX5A,96,100,96,100,4400
7/28/2025,MBSS,1750,1770,1720,1745,524700
7/28/2025,MBTO,92,113,86,98,83079100
7/28/2025,MCAS,1075,1080,1035,1065,59100
7/28/2025,MCOL,4030,4050,4020,4030,140100
7/28/2025,MCOR,65,67,65,66,2587200
7/28/2025,MDIA,22,22,22,22,172100
7/28/2025,MDIY,1240,1290,1235,1265,2718900
7/28/2025,MDKA,2360,2590,2360,2590,92617400
7/28/2025,MDKABQCV5A,139,151,139,151,500
7/28/2025,MDKABQCX5B,72,78,72,78,100300
7/28/2025,MDKADRCQ5A,35,47,1,47,426200
7/28/2025,MDKADRCV5A,101,114,101,113,1136200
7/28/2025,MDKAHDCU5A,0,0,0,0,0
7/28/2025,MDKAHDCZ5A,178,178,178,178,1500
7/28/2025,MDKAYUCQ5A,139,154,139,154,300
7/28/2025,MDKAZPCF6A,85,96,85,96,53200
7/28/2025,MDKI,160,160,153,160,800700
7/28/2025,MDLA,188,188,184,187,8716900
7/28/2025,MDLN,51,51,50,50,4211500
7/28/2025,MDRN,7,8,7,8,1429300
7/28/2025,MEDC,1270,1270,1250,1270,17238300
7/28/2025,MEDCBQCV5A,0,0,0,0,0
7/28/2025,MEDCBQCX5B,0,0,0,0,0
7/28/2025,MEDCBQCZ5A,0,0,0,0,0
7/28/2025,MEDCDRCG6A,41,41,40,41,513900
7/28/2025,MEDCDRCQ5A,40,40,40,40,125000
7/28/2025,MEDCDRPV5A,0,0,0,0,0
7/28/2025,MEDCHDCQ5A,0,0,0,0,0
7/28/2025,MEDCZPCF6A,0,0,0,0,0
7/28/2025,MEDS,50,50,50,50,49300
7/28/2025,MEGA,3320,3320,3270,3320,8600
7/28/2025,MEJA,54,54,54,54,2443000
7/28/2025,MEJA-W,5,5,5,5,12866000
7/28/2025,MENN,47,50,46,48,36909300
7/28/2025,MERI,352,354,306,314,72878500
7/28/2025,MERK,2930,2940,2900,2910,20300
7/28/2025,META,0,0,0,0,0
7/28/2025,MFIN,0,0,0,0,0
7/28/2025,MFMI,0,0,0,0,0
7/28/2025,MGLV,710,765,685,730,737400
7/28/2025,MGNA,32,32,32,32,173000
7/28/2025,MGNA-W,0,0,0,0,0
7/28/2025,MGRO,700,710,695,710,5344600
7/28/2025,MHKI,134,135,131,132,1319600
7/28/2025,MICE,476,476,472,472,5300
7/28/2025,MIDI,414,418,410,412,1880100
7/28/2025,MIKA,2470,2470,2410,2430,7649100
7/28/2025,MIKAZPCG6A,31,31,31,31,50000
7/28/2025,MINA,121,146,119,137,1533930900
7/28/2025,MINE,505,505,498,500,2526100
7/28/2025,MIRA,29,29,29,29,1251300
7/28/2025,MITI,187,187,183,184,778100
7/28/2025,MKAP,354,360,354,354,317100
7/28/2025,MKNT,0,0,0,0,0
7/28/2025,MKPI,22425,23175,22425,23125,9400
7/28/2025,MKTR,109,109,106,107,1737700
7/28/2025,MKTR-W,5,6,5,6,72800
7/28/2025,MLBI,6000,6100,5950,6000,94400
7/28/2025,MLIA,338,340,328,334,3174200
7/28/2025,MLPL,103,106,103,103,27821800
7/28/2025,MLPT,32100,32375,32075,32375,2000
7/28/2025,MMIX,230,246,230,234,13066000
7/28/2025,MMLP,560,565,545,545,23343600
7/28/2025,MNCN,256,262,252,258,32496900
7/28/2025,MOLI,202,202,199,200,20800
7/28/2025,MORA,380,382,378,382,78100
7/28/2025,MPIX,66,68,65,67,4363700
7/28/2025,MPIX-W,8,8,7,8,133500
7/28/2025,MPMX,975,980,970,975,2105400
7/28/2025,MPOW,122,122,118,118,5662600
7/28/2025,MPPA,58,60,58,58,21525900
7/28/2025,MPRO,2190,2220,2150,2200,149200
7/28/2025,MPXL,107,109,105,107,2059200
7/28/2025,MRAT,258,262,246,260,405600
7/28/2025,MREI,1030,1035,1010,1010,467200
7/28/2025,MSIE,27,27,25,25,5597300
7/28/2025,MSIN,494,505,488,496,65011800
7/28/2025,MSJA,302,304,300,302,681100
7/28/2025,MSKY,54,54,52,53,3975900
7/28/2025,MSTI,1495,1560,1495,1530,6135500
7/28/2025,MTDL,575,580,560,565,10308300
7/28/2025,MTEL,600,605,580,580,10016300
7/28/2025,MTFN,5,5,4,5,35455900
7/28/2025,MTLA,446,450,440,450,20900
7/28/2025,MTMH,925,935,890,915,185700
7/28/2025,MTPS,38,40,38,40,48300
7/28/2025,MTRA,0,0,0,0,0
7/28/2025,MTSM,0,0,0,0,0
7/28/2025,MTWI,314,324,312,314,748500
7/28/2025,MUTU,94,96,92,94,3677000
7/28/2025,MUTU-W,1,1,1,1,2213000
7/28/2025,MYOH,1715,1715,1695,1705,56000
7/28/2025,MYOR,2060,2170,2060,2130,18175100
7/28/2025,MYORZPCH6A,38,41,38,40,792000
7/28/2025,MYTX,0,0,0,0,0
7/28/2025,NAIK,162,162,158,160,6332100
7/28/2025,NAIK-W,29,30,28,28,6268300
7/28/2025,NANO,21,23,21,22,9622500
7/28/2025,NASA,17,17,17,17,308800
7/28/2025,NASI,84,85,83,85,2434800
7/28/2025,NATO,140,141,140,141,41400
7/28/2025,NAYZ,41,42,38,41,2422100
7/28/2025,NCKL,700,710,700,705,18474300
7/28/2025,NELY,374,376,370,374,638100
7/28/2025,NEST,298,306,298,302,3599000
7/28/2025,NETV,142,144,140,144,475700
7/28/2025,NFCX,1915,1920,1880,1880,66900
7/28/2025,NICE,458,464,446,446,7752900
7/28/2025,NICK,1585,1950,1365,1560,1284100
7/28/2025,NICL,1255,1270,1110,1140,147941000
7/28/2025,NIKL,234,238,226,234,790400
7/28/2025,NINE,92,92,92,92,14313800
7/28/2025,NIRO,122,122,120,120,54900
7/28/2025,NISP,1350,1355,1340,1350,3052900
7/28/2025,NOBU,560,565,545,555,11003700
7/28/2025,NPGF,51,58,50,53,35328200
7/28/2025,NRCA,0,0,0,0,0
7/28/2025,NSSS,382,388,378,382,3006300
7/28/2025,NTBK,50,50,50,50,19500
7/28/2025,NUSA,0,0,0,0,0
7/28/2025,NZIA,89,89,86,87,4164600
7/28/2025,OASA,206,234,200,216,160840800
7/28/2025,OBAT,382,404,382,398,3985100
7/28/2025,OBAT-W,52,56,52,55,2312600
7/28/2025,OBMD,198,198,194,195,108200
7/28/2025,OCAP,0,0,0,0,0
7/28/2025,OILS,103,106,102,104,326600
7/28/2025,OKAS,242,266,234,240,19469000
7/28/2025,OLIV,24,24,22,23,14915500
7/28/2025,OMED,175,182,174,176,5747500
7/28/2025,OMRE,418,418,418,418,3000
7/28/2025,OPMS,68,68,66,67,2030900
7/28/2025,PACK,4010,4200,3720,3730,8009300
7/28/2025,PADA,15,15,15,15,5235300
7/28/2025,PADI,32,33,32,33,5808400
7/28/2025,PALM,390,400,386,392,184200
7/28/2025,PAMG,76,82,73,77,183254600
7/28/2025,PANI,16025,16525,15875,15975,11617900
7/28/2025,PANIHDCZ5A,244,262,244,248,880300
7/28/2025,PANR,730,730,655,670,15524600
7/28/2025,PANS,1450,1450,1435,1445,247800
7/28/2025,PART,134,135,129,133,16705800
7/28/2025,PART-W,24,25,23,25,8055200
7/28/2025,PBID,500,505,492,498,1664100
7/28/2025,PBRX,20,20,20,20,14428100
7/28/2025,PBSA,372,374,368,372,2135500
7/28/2025,PCAR,27,27,27,27,120500
7/28/2025,PDES,452,452,450,450,3800
7/28/2025,PDPP,482,486,472,480,237900
7/28/2025,PEGE,115,120,114,116,2846200
7/28/2025,PEHA,316,384,310,338,2047700
7/28/2025,PEVE,386,388,374,382,398200
7/28/2025,PGAS,1605,1620,1605,1610,13013700
7/28/2025,PGASBQCU5A,0,0,0,0,0
7/28/2025,PGASBQCZ5A,0,0,0,0,0
7/28/2025,PGASDRCG6A,66,66,66,66,118500
7/28/2025,PGASDRCQ5A,23,23,23,23,1200
7/28/2025,PGASHDCQ5A,0,0,0,0,0
7/28/2025,PGASYUCQ5A,69,69,66,66,300
7/28/2025,PGEO,1630,1710,1630,1690,105682100
7/28/2025,PGEOBQCX5B,78,78,78,78,28900
7/28/2025,PGEODRCJ6A,69,70,69,69,190000
7/28/2025,PGEODRCQ5A,122,125,122,125,24400
7/28/2025,PGEODRPV5A,28,28,28,28,100
7/28/2025,PGEOHDCH6A,90,96,90,96,201600
7/28/2025,PGEOHDCQ5A,120,131,120,125,29600
7/28/2025,PGJO,0,0,0,0,0
7/28/2025,PGLI,138,146,137,141,824900
7/28/2025,PGUN,915,1140,915,1140,2050000
7/28/2025,PICO,127,134,126,129,1614200
7/28/2025,PIPA,59,63,59,63,9675600
7/28/2025,PJAA,486,486,478,484,314700
7/28/2025,PKPK,615,630,600,615,139700
7/28/2025,PLAN,41,42,39,40,874100
7/28/2025,PLAS,0,0,0,0,0
7/28/2025,PLIN,0,0,0,0,0
7/28/2025,PMJS,124,130,121,129,1261900
7/28/2025,PMMP,0,0,0,0,0
7/28/2025,PMUI,123,123,119,121,9571100
7/28/2025,PNBN,1140,1150,1135,1140,5806500
7/28/2025,PNBS,50,50,50,50,77100
7/28/2025,PNGO,1925,2170,1910,2060,79400
7/28/2025,PNIN,910,910,895,905,581300
7/28/2025,PNLF,260,266,260,262,48838200
7/28/2025,PNLFDRCJ6A,15,18,13,17,539200
7/28/2025,PNLFHDCZ5A,0,0,0,0,0
7/28/2025,PNLFYUCV5A,17,17,17,17,100
7/28/2025,PNLFZPCH6A,0,0,0,0,0
7/28/2025,PNSE,775,795,735,770,9100
7/28/2025,POLA,17,17,17,17,19400
7/28/2025,POLI,0,0,0,0,0
7/28/2025,POLL,0,0,0,0,0
7/28/2025,POLU,0,0,0,0,0
7/28/2025,POLY,19,19,18,18,233200
7/28/2025,POOL,0,0,0,0,0
7/28/2025,PORT,900,930,890,925,23500
7/28/2025,POSA,0,0,0,0,0
7/28/2025,POWR,690,690,680,690,1815300
7/28/2025,PPGL,99,99,98,99,84800
7/28/2025,PPRE,60,60,59,59,785500
7/28/2025,PPRI,139,139,130,132,984000
7/28/2025,PPRO,0,0,0,0,0
7/28/2025,PRAY,605,615,605,610,9000
7/28/2025,PRDA,2930,2950,2930,2950,524800
7/28/2025,PRIM,60,61,59,60,1237400
7/28/2025,PSAB,408,418,402,410,89867900
7/28/2025,PSAT,1870,1870,1795,1805,6207800
7/28/2025,PSDN,77,77,75,77,85700
7/28/2025,PSGO,185,187,183,187,494700
7/28/2025,PSKT,38,38,38,38,8917900
7/28/2025,PSSI,346,346,338,344,141200
7/28/2025,PTBA,2470,2470,2450,2460,5804000
7/28/2025,PTBABQCV5A,0,0,0,0,0
7/28/2025,PTBADRCG6A,33,34,33,34,2000
7/28/2025,PTBADRCQ5A,0,0,0,0,0
7/28/2025,PTBAHDCQ5A,0,0,0,0,0
7/28/2025,PTBAZPCH6A,0,0,0,0,0
7/28/2025,PTDU,0,0,0,0,0
7/28/2025,PTIS,368,368,346,354,32500
7/28/2025,PTMP,91,91,84,86,38928700
7/28/2025,PTMR,0,0,0,0,0
7/28/2025,PTPP,416,422,410,414,16646200
7/28/2025,PTPS,127,132,127,129,13132300
7/28/2025,PTPW,955,960,950,955,22600
7/28/2025,PTRO,3660,3970,3650,3920,133948800
7/28/2025,PTSN,220,220,216,220,323600
7/28/2025,PTSP,1050,1100,995,1015,166300
7/28/2025,PUDP,214,214,210,214,7500
7/28/2025,PURA,13,14,13,13,1335800
7/28/2025,PURE,0,0,0,0,0
7/28/2025,PURI,186,187,184,186,152400
7/28/2025,PWON,360,364,358,360,21545900
7/28/2025,PWONHDCZ5A,0,0,0,0,0
7/28/2025,PWONZPCH6A,0,0,0,0,0
7/28/2025,PYFA,438,476,434,450,98224900
7/28/2025,PYFA-W,96,103,94,99,2622900
7/28/2025,PZZA,162,164,155,163,873300
7/28/2025,R-ABFII,0,0,0,0,0
7/28/2025,R-LQ45X,979,987,979,986,18600
7/28/2025,RAAM,260,264,250,260,12175700
7/28/2025,RAFI,0,0,0,0,0
7/28/2025,RAJA,2340,2430,2340,2380,19559500
7/28/2025,RALS,404,408,402,408,4284500
7/28/2025,RANC,414,418,414,416,6300
7/28/2025,RATU,6950,7025,6775,6850,6665200
7/28/2025,RBMS,25,25,25,25,403100
7/28/2025,RCCC,105,112,105,105,1494300
7/28/2025,RDTX,12500,12500,12475,12500,2000
7/28/2025,REAL,48,48,45,45,4390500
7/28/2025,RELF,19,20,19,20,764000
7/28/2025,RELI,725,885,725,785,973900
7/28/2025,RGAS,132,133,112,115,94470100
7/28/2025,RICY,35,35,35,35,66600
7/28/2025,RIGS,785,800,785,790,47600
7/28/2025,RIMO,0,0,0,0,0
7/28/2025,RISE,1050,1050,1045,1050,522500
7/28/2025,RMKE,530,535,530,530,463600
7/28/2025,RMKO,102,103,99,99,445300
7/28/2025,ROCK,352,352,352,352,6800
7/28/2025,RODA,33,36,32,32,13100
7/28/2025,RONY,0,0,0,0,0
7/28/2025,ROTI,820,820,815,820,1790300
7/28/2025,RSCH,456,458,454,458,650700
7/28/2025,RSGK,0,0,0,0,0
7/28/2025,RUIS,186,189,185,187,566400
7/28/2025,RUNS,58,58,55,56,409200
7/28/2025,SAFE,216,224,212,216,751300
7/28/2025,SAGE,12,13,12,13,6202200
7/28/2025,SAME,250,262,250,254,2282200
7/28/2025,SAMF,334,336,332,332,108700
7/28/2025,SAPX,300,304,292,298,496300
7/28/2025,SATU,228,230,224,228,4497000
7/28/2025,SBAT,0,0,0,0,0
7/28/2025,SBMA,118,119,116,116,1014100
7/28/2025,SCCO,2190,2200,2160,2190,46000
7/28/2025,SCMA,190,202,185,195,569377900
7/28/2025,SCMABQCZ5A,42,49,38,43,1218700
7/28/2025,SCMAHDCZ5A,0,0,0,0,0
7/28/2025,SCMAZPCG6A,71,74,69,69,107000
7/28/2025,SCNP,156,200,155,176,7869700
7/28/2025,SCPI,0,0,0,0,0
7/28/2025,SDMU,40,40,38,39,543000
7/28/2025,SDPC,129,130,126,128,133900
7/28/2025,SDRA,298,300,296,298,695000
7/28/2025,SEMA,85,87,85,86,284300
7/28/2025,SFAN,1910,1925,1910,1915,106900
7/28/2025,SGER,360,364,350,354,101169200
7/28/2025,SGRO,2820,2940,2800,2900,1564200
7/28/2025,SHID,1005,1120,980,1050,306700
7/28/2025,SHIP,2900,3000,2850,2980,19900
7/28/2025,SICO,106,109,105,106,1494200
7/28/2025,SIDO,520,525,510,515,23672200
7/28/2025,SILO,2130,2140,2110,2130,966200
7/28/2025,SIMA,0,0,0,0,0
7/28/2025,SIMP,545,595,535,570,43347600
7/28/2025,SINI,3580,3580,3580,3580,7600
7/28/2025,SIPD,740,740,740,740,600
7/28/2025,SKBM,340,340,334,338,7900
7/28/2025,SKLT,190,192,188,188,89100
7/28/2025,SKRN,420,422,400,402,3908700
7/28/2025,SKYB,0,0,0,0,0
7/28/2025,SLIS,50,50,50,50,126800
7/28/2025,SLIS-W,7,7,6,7,185300
7/28/2025,SMAR,3630,3630,3580,3600,141800
7/28/2025,SMBR,300,304,294,296,27326600
7/28/2025,SMCB,0,0,0,0,0
7/28/2025,SMDM,835,835,800,820,387200
7/28/2025,SMDR,340,346,338,340,19484100
7/28/2025,SMGA,82,83,80,81,12936300
7/28/2025,SMGR,2460,2510,2460,2480,8960100
7/28/2025,SMGRBQCU5A,9,9,9,9,1182000
7/28/2025,SMGRBQCX5B,0,0,0,0,0
7/28/2025,SMGRBQCZ5A,0,0,0,0,0
7/28/2025,SMGRDRCQ5A,2,2,2,2,1000
7/28/2025,SMGRDRCV5A,65,65,41,41,300
7/28/2025,SMGRHDCZ5A,89,89,89,89,5100
7/28/2025,SMIL,288,306,286,306,169873000
7/28/2025,SMKL,160,164,160,163,557300
7/28/2025,SMKM,75,75,74,75,1753100
7/28/2025,SMLE,124,124,123,124,466000
7/28/2025,SMMA,27225,27225,21500,21500,181700
7/28/2025,SMMT,925,1085,900,1085,1107900
7/28/2025,SMRA,406,418,406,414,86299600
7/28/2025,SMRADRCJ6A,28,29,27,29,2133500
7/28/2025,SMRAHDCZ5A,132,135,132,135,125000
7/28/2025,SMRAZPCH6A,0,0,0,0,0
7/28/2025,SMRU,0,0,0,0,0
7/28/2025,SMSM,1925,1925,1900,1900,447800
7/28/2025,SNLK,510,515,496,500,6460400
7/28/2025,SOCI,179,183,178,181,5706800
7/28/2025,SOFA,43,47,43,47,9958900
7/28/2025,SOHO,690,690,680,680,10800
7/28/2025,SOLA,124,152,120,152,604011800
7/28/2025,SONA,3250,3290,3220,3240,9400
7/28/2025,SOSS,422,428,410,428,17800
7/28/2025,SOTS,282,282,258,260,33300
7/28/2025,SOUL,38,41,37,41,1539300
7/28/2025,SPMA,258,282,258,276,2167600
7/28/2025,SPRE,91,92,87,89,1523800
7/28/2025,SPTO,690,690,680,685,489100
7/28/2025,SQMI,0,0,0,0,0
7/28/2025,SRAJ,4500,4530,4450,4510,190500
7/28/2025,SRIL,0,0,0,0,0
7/28/2025,SRSN,51,51,50,50,1279500
7/28/2025,SRTG,1955,2000,1955,1965,5463500
7/28/2025,SRTGZPCG6A,118,118,117,118,225800
7/28/2025,SSIA,2620,2800,2620,2680,86824300
7/28/2025,SSMS,1315,1315,1275,1290,9460100
7/28/2025,SSTM,166,166,161,164,11900
7/28/2025,STAA,895,905,885,900,7786000
7/28/2025,STAR,31,31,30,30,62500
7/28/2025,STRK,104,105,99,101,77879900
7/28/2025,STTP,10525,10725,10525,10525,1300
7/28/2025,SUGI,0,0,0,0,0
7/28/2025,SULI,107,108,104,106,1349800
7/28/2025,SUNI,890,915,885,910,1848800
7/28/2025,SUPR,0,0,0,0,0
7/28/2025,SURE,2420,2660,2420,2520,14900
7/28/2025,SURI,119,122,116,119,29587600
7/28/2025,SWAT,0,0,0,0,0
7/28/2025,SWID,59,60,59,60,708200
7/28/2025,TALF,308,308,298,304,22100
7/28/2025,TAMA,28,28,27,27,53500
7/28/2025,TAMU,13,14,13,14,4098100
7/28/2025,TAPG,1350,1370,1300,1355,25052600
7/28/2025,TAPGDRCJ6A,62,62,55,55,2006400
7/28/2025,TAPGHDCH6A,150,150,150,150,300
7/28/2025,TAPGZPCH6A,75,75,72,72,301300
7/28/2025,TARA,9,9,9,9,2759400
7/28/2025,TAXI,6,6,6,6,3923000
7/28/2025,TAYS,50,50,50,50,102500
7/28/2025,TBIG,2000,2050,1940,2000,1573600
7/28/2025,TBLA,805,815,800,815,2902900
7/28/2025,TBMS,1020,1020,985,1005,38600
7/28/2025,TCID,2290,2390,2290,2300,2000
7/28/2025,TCPI,5850,6025,5800,6025,7757100
7/28/2025,TDPM,0,0,0,0,0
7/28/2025,TEBE,1075,1150,1055,1070,3007400
7/28/2025,TECH,0,0,0,0,0
7/28/2025,TELE,0,0,0,0,0
7/28/2025,TFAS,123,127,119,122,556200
7/28/2025,TFCO,0,0,0,0,0
7/28/2025,TGKA,6000,6000,5975,5975,1000
7/28/2025,TGRA,0,0,0,0,0
7/28/2025,TGUK,0,0,0,0,0
7/28/2025,TIFA,580,585,550,585,14700
7/28/2025,TINS,1060,1075,1050,1050,12462500
7/28/2025,TIRA,1770,1850,1745,1845,164800
7/28/2025,TIRT,0,0,0,0,0
7/28/2025,TKIM,5900,6250,5900,6150,6996700
7/28/2025,TKIMZPCG6A,70,80,70,78,997300
7/28/2025,TLDN,600,610,595,610,316700
7/28/2025,TLKM,2870,2870,2830,2860,40193800
7/28/2025,TLKMBQCQ5A,47,47,47,47,100
7/28/2025,TLKMBQCV5A,0,0,0,0,0
7/28/2025,TLKMDRCJ6A,62,67,62,67,423400
7/28/2025,TLKMDRCQ5A,38,38,38,38,100
7/28/2025,TLKMDRCQ5B,86,89,86,89,200
7/28/2025,TLKMDRCX6A,0,0,0,0,0
7/28/2025,TLKMHDCQ5A,0,0,0,0,0
7/28/2025,TLKMHDCV5A,0,0,0,0,0
7/28/2025,TLKMYUCQ5A,87,87,87,87,100
7/28/2025,TLKMZPCF6A,82,82,81,81,300
7/28/2025,TMAS,131,132,129,129,5558100
7/28/2025,TMPO,164,179,153,158,35352100
7/28/2025,TNCA,139,141,133,137,522400
7/28/2025,TOBA,1140,1180,1070,1070,272491000
7/28/2025,TOOL,51,51,50,50,236900
7/28/2025,TOPS,0,0,0,0,0
7/28/2025,TOSK,50,50,50,50,327100
7/28/2025,TOTL,720,720,710,710,1994900
7/28/2025,TOTO,234,234,230,232,1401800
7/28/2025,TOWR,670,680,655,675,53761500
7/28/2025,TOYS,0,0,0,0,0
7/28/2025,TPIA,9225,9425,9225,9425,9868300
7/28/2025,TPMA,605,615,605,610,2661600
7/28/2025,TRAM,0,0,0,0,0
7/28/2025,TRGU,192,192,187,189,138800
7/28/2025,TRIL,0,0,0,0,0
7/28/2025,TRIM,380,382,374,374,127000
7/28/2025,TRIN,103,104,101,102,712900
7/28/2025,TRIN-W2,0,0,0,0,0
7/28/2025,TRIO,0,0,0,0,0
7/28/2025,TRIS,174,180,171,172,19700
7/28/2025,TRJA,137,137,135,136,71800
7/28/2025,TRON,100,102,99,100,1411400
7/28/2025,TRST,500,500,500,500,200
7/28/2025,TRUE,20,20,20,20,1307500
7/28/2025,TRUK,155,155,150,153,962600
7/28/2025,TRUS,432,482,432,448,128900
7/28/2025,TSPC,2270,2270,2240,2260,1387700
7/28/2025,TUGU,1000,1005,990,1000,2438200
7/28/2025,TYRE,130,130,127,129,32200
7/28/2025,UANG,204,208,200,200,186400
7/28/2025,UCID,498,500,494,496,1424700
7/28/2025,UDNG,1400,1400,1290,1325,306800
7/28/2025,UFOE,167,180,167,179,168400
7/28/2025,ULTJ,1315,1345,1315,1330,6208300
7/28/2025,UNIC,7875,7900,7850,7850,1200
7/28/2025,UNIQ,388,392,368,378,30247700
7/28/2025,UNIT,0,0,0,0,0
7/28/2025,UNSP,129,133,128,128,416300
7/28/2025,UNTD,77,77,75,76,2764700
7/28/2025,UNTR,24250,24300,23950,24175,3839800
7/28/2025,UNTRBQCV5A,0,0,0,0,0
7/28/2025,UNTRDRCG6A,132,135,132,135,25800
7/28/2025,UNTRDRCQ5A,33,33,33,33,6000
7/28/2025,UNTRHDCQ5A,0,0,0,0,0
7/28/2025,UNVR,1545,1580,1545,1555,26625700
7/28/2025,UNVRBQCQ5A,8,9,7,8,3336900
7/28/2025,UNVRBQCU5A,0,0,0,0,0
7/28/2025,UNVRBQCZ5A,0,0,0,0,0
7/28/2025,UNVRDRCG6A,35,36,34,34,352900
7/28/2025,UNVRDRCQ5A,0,0,0,0,0
7/28/2025,UNVRHDCQ5A,0,0,0,0,0
7/28/2025,UNVRZPCH6A,40,40,40,40,20000
7/28/2025,URBN,130,134,130,134,18000
7/28/2025,UVCR,74,75,72,74,8923900
7/28/2025,VAST,193,210,191,208,10219700
7/28/2025,VAST-W,14,14,13,13,6744200
7/28/2025,VERN,163,165,147,151,3704400
7/28/2025,VERN-W,5,6,4,6,61185200
7/28/2025,VICI,635,635,630,635,391000
7/28/2025,VICO,163,165,161,164,243400
7/28/2025,VINS,114,115,112,113,82900
7/28/2025,VISI,140,142,139,141,875500
7/28/2025,VIVA,13,13,12,13,324400
7/28/2025,VKTR,84,85,83,85,9562800
7/28/2025,VOKS,193,193,188,188,223700
7/28/2025,VRNA,73,73,72,73,124800
7/28/2025,VTNY,88,96,87,94,15303100
7/28/2025,WAPO,142,146,140,144,1639400
7/28/2025,WEGE,53,53,52,53,3578400
7/28/2025,WEHA,111,112,106,109,1471300
7/28/2025,WGSH,168,168,160,160,925700
7/28/2025,WICO,0,0,0,0,0
7/28/2025,WIDI,19,20,18,19,1596700
7/28/2025,WIFI,2880,2900,2650,2670,242362100
7/28/2025,WIIM,830,835,815,830,1298200
7/28/2025,WIKA,0,0,0,0,0
7/28/2025,WINE,222,222,214,216,881500
7/28/2025,WINR,26,26,26,26,2640700
7/28/2025,WINS,374,374,370,372,2383600
7/28/2025,WIRG,112,114,106,108,329092300
7/28/2025,WMPP,0,0,0,0,0
7/28/2025,WMUU,11,11,11,11,13689500
7/28/2025,WOMF,358,358,348,348,126100
7/28/2025,WOOD,410,422,410,420,4138900
7/28/2025,WOWS,57,57,56,57,989100
7/28/2025,WSBP,13,13,12,13,861700
7/28/2025,WSKT,0,0,0,0,0
7/28/2025,WTON,91,92,90,91,2515900
7/28/2025,XAQA,0,0,0,0,0
7/28/2025,XBES,1064,1064,1064,1064,10000
7/28/2025,XBID,505,512,505,511,59600
7/28/2025,XBIG,0,0,0,0,0
7/28/2025,XBIN,573,573,573,573,40000
7/28/2025,XBLQ,0,0,0,0,0
7/28/2025,XBNI,0,0,0,0,0
7/28/2025,XBSK,439,439,439,439,40000
7/28/2025,XCEG,104,104,104,104,2800
7/28/2025,XCID,69,93,59,80,2075900
7/28/2025,XCIS,55,76,50,76,624500
7/28/2025,XCLQ,89,99,87,89,635100
7/28/2025,XDIF,0,0,0,0,0
7/28/2025,XIFE,110,110,110,110,200
7/28/2025,XIHD,650,650,625,626,7500
7/28/2025,XIIC,0,0,0,0,0
7/28/2025,XIID,0,0,0,0,0
7/28/2025,XIIF,468,468,468,468,1100
7/28/2025,XIIT,513,518,513,513,1600
7/28/2025,XIJI,615,620,615,620,6800
7/28/2025,XILV,120,120,120,120,100
7/28/2025,XIML,0,0,0,0,0
7/28/2025,XIPB,199,199,199,199,3600
7/28/2025,XIPI,230,230,219,219,90100
7/28/2025,XISB,0,0,0,0,0
7/28/2025,XISC,0,0,0,0,0
7/28/2025,XISI,0,0,0,0,0
7/28/2025,XISR,434,434,431,431,4600
7/28/2025,XKID,949,949,949,949,100
7/28/2025,XKIV,557,558,557,558,41100
7/28/2025,XKMS,1159,1161,1152,1159,100700
7/28/2025,XMGB,1106,1106,1105,1105,400
7/28/2025,XMIG,216,217,215,215,200100
7/28/2025,XMLF,886,886,885,885,41200
7/28/2025,XMSK,380,380,380,380,100
7/28/2025,XNVE,0,0,0,0,0
7/28/2025,XPDV,0,0,0,0,0
7/28/2025,XPFT,0,0,0,0,0
7/28/2025,XPIN,617,624,617,623,6100
7/28/2025,XPLQ,499,499,499,499,1000
7/28/2025,XPSG,0,0,0,0,0
7/28/2025,XPTD,435,436,435,436,1100
7/28/2025,XSBC,256,257,256,257,2000
7/28/2025,XSPI,812,812,812,812,100
7/28/2025,XSSI,49,75,49,75,3216300
7/28/2025,XSSK,683,683,683,683,20000
7/28/2025,YELO,23,25,23,24,7204500
7/28/2025,YOII,94,95,92,93,3749500
7/28/2025,YPAS,0,0,0,0,0
7/28/2025,YULE,2710,3240,2610,2700,4100
7/28/2025,YUPI,1740,1755,1720,1735,67600
7/28/2025,ZATA,9,9,9,9,3560200
7/28/2025,ZBRA,0,0,0,0,0
7/28/2025,ZINC,12,12,12,12,5100800
7/28/2025,ZONE,820,825,810,820,110800
7/28/2025,ZYRX,133,133,129,130,767500
