<date>,<ticker>,<open>,<high>,<low>,<close>,<volume>
7/4/2025,IHSG,6893.218,6916.674,6843.691,6865.192,168693287
7/4/2025,IDX30,0.000,0.000,0.000,0.000,0
7/4/2025,IDX80,0.000,0.000,0.000,0.000,0
7/4/2025,AADI,6925,7075,6900,7000,5259500
7/4/2025,AALI,5825,5825,5725,5775,98700
7/4/2025,ABBA,36,37,36,37,348800
7/4/2025,ABDA,0,0,0,0,0
7/4/2025,ABMM,2980,2990,2950,2960,345300
7/4/2025,ACES,488,492,482,486,13151700
7/4/2025,ACESBQCV5A,6,6,5,6,3800
7/4/2025,ACESDRCN5A,1,1,1,1,3009000
7/4/2025,ACESDRCQ5A,1,1,1,1,20100
7/4/2025,ACRO,62,62,60,61,1612900
7/4/2025,ACRO-W,7,7,6,7,1029200
7/4/2025,ACST,88,89,88,89,185500
7/4/2025,ADCP,50,50,50,50,36700
7/4/2025,ADES,11850,13475,11850,12000,342300
7/4/2025,ADHI,232,236,228,230,7304700
7/4/2025,ADMF,9000,9250,8950,9125,143300
7/4/2025,ADMG,113,116,113,114,54900
7/4/2025,ADMR,970,970,950,960,7592200
7/4/2025,ADRO,1760,1765,1730,1755,43978000
7/4/2025,ADROBQCN5A,12,12,12,12,151400
7/4/2025,ADROBQCU5A,29,29,28,28,138600
7/4/2025,ADROBQCZ5A,47,47,47,47,200
7/4/2025,ADRODRCN5A,3,3,3,3,100
7/4/2025,ADRODRCQ5A,3,4,3,3,2519600
7/4/2025,ADRODRCQ5B,21,21,20,20,500
7/4/2025,ADRODRCX5A,44,44,44,44,20500
7/4/2025,ADROHDCN5A,12,12,12,12,1300
7/4/2025,ADROHDCQ5A,0,0,0,0,0
7/4/2025,ADROZPCF6A,0,0,0,0,0
7/4/2025,AEGS,30,31,30,31,360200
7/4/2025,AGAR,230,234,226,228,35200
7/4/2025,AGII,985,990,965,980,341100
7/4/2025,AGRO,200,206,199,199,22556900
7/4/2025,AGRS,65,66,64,64,861400
7/4/2025,AHAP,67,68,65,66,2976400
7/4/2025,AIMS,316,316,314,314,2000
7/4/2025,AISA,141,143,137,138,2352900
7/4/2025,AKKU,0,0,0,0,0
7/4/2025,AKPI,590,610,590,605,20300
7/4/2025,AKRA,1180,1200,1170,1190,3302500
7/4/2025,AKRADRCN5A,35,35,33,34,6000
7/4/2025,AKRADRCQ5A,11,11,11,11,200
7/4/2025,AKRADRCX5A,33,33,33,33,3000
7/4/2025,AKRAHDCQ5A,0,0,0,0,0
7/4/2025,AKRAZPCX5A,0,0,0,0,0
7/4/2025,AKSI,284,284,266,270,1039400
7/4/2025,ALDO,490,494,490,492,7500
7/4/2025,ALII,620,625,615,620,3351100
7/4/2025,ALKA,300,304,290,304,27200
7/4/2025,ALMI,0,0,0,0,0
7/4/2025,ALTO,0,0,0,0,0
7/4/2025,AMAG,360,366,350,354,107700
7/4/2025,AMAN,101,102,101,102,419100
7/4/2025,AMAR,157,160,156,157,351500
7/4/2025,AMFG,3610,3610,3520,3520,39500
7/4/2025,AMIN,149,152,149,150,54600
7/4/2025,AMMN,8525,8625,8425,8500,18648300
7/4/2025,AMMNZPCG6A,77,77,77,77,13300
7/4/2025,AMMS,0,0,0,0,0
7/4/2025,AMMS-W,0,0,0,0,0
7/4/2025,AMOR,525,530,515,520,48600
7/4/2025,AMRT,2380,2390,2320,2330,17910800
7/4/2025,AMRTBQCU5A,0,0,0,0,0
7/4/2025,AMRTDRCN5A,0,0,0,0,0
7/4/2025,AMRTDRCQ5A,7,7,7,7,12500
7/4/2025,AMRTDRCZ5A,51,52,50,50,5500
7/4/2025,AMRTHDCQ5A,37,37,37,37,61000
7/4/2025,AMRTZPCX5A,0,0,0,0,0
7/4/2025,ANDI,17,17,16,17,275000
7/4/2025,ANJT,1735,1740,1730,1740,1233600
7/4/2025,ANTM,3120,3120,3000,3000,159485200
7/4/2025,ANTMBQCU5A,0,0,0,0,0
7/4/2025,ANTMBQCX5A,100,100,91,93,59300
7/4/2025,ANTMBQCZ5A,0,0,0,0,0
7/4/2025,ANTMDRCG6A,60,60,57,57,369600
7/4/2025,ANTMDRCN5A,226,226,212,212,1100
7/4/2025,ANTMDRCQ5A,268,268,262,262,18800
7/4/2025,ANTMDRCX5A,308,308,296,296,131800
7/4/2025,ANTMDRPU5A,61,62,61,62,21300
7/4/2025,ANTMDRPU5B,36,37,36,37,10300
7/4/2025,ANTMHDCQ5A,394,394,378,378,135000
7/4/2025,ANTMHDCU5A,191,191,171,171,7200
7/4/2025,ANTMYUCQ5A,354,354,344,344,200
7/4/2025,ANTMZPCX5A,210,212,206,210,29999500
7/4/2025,APEX,136,138,124,128,30010200
7/4/2025,APIC,1135,1145,1125,1140,4430800
7/4/2025,APII,168,170,168,170,1500
7/4/2025,APLI,496,498,484,494,1500
7/4/2025,APLN,90,91,89,89,2041100
7/4/2025,ARCI,605,610,580,590,30874100
7/4/2025,AREA,452,486,426,442,5029100
7/4/2025,ARGO,860,915,805,840,138900
7/4/2025,ARII,274,278,272,278,157700
7/4/2025,ARKA,19,20,19,20,516300
7/4/2025,ARKO,800,825,795,805,65700
7/4/2025,ARMY,0,0,0,0,0
7/4/2025,ARNA,590,590,585,590,551700
7/4/2025,ARTA,1850,1885,1850,1855,71400
7/4/2025,ARTI,0,0,0,0,0
7/4/2025,ARTO,1755,1775,1715,1720,1753200
7/4/2025,ARTOBQCU5A,14,14,14,14,26400
7/4/2025,ARTOBQCZ5A,0,0,0,0,0
7/4/2025,ARTODRCN5A,2,2,2,2,138600
7/4/2025,ARTODRCQ5A,4,4,4,4,38000
7/4/2025,ARTODRCX5A,36,38,35,36,22500
7/4/2025,ARTOZPCX5A,0,0,0,0,0
7/4/2025,ASBI,412,412,396,410,7000
7/4/2025,ASDM,615,635,605,615,1051500
7/4/2025,ASGR,890,900,875,880,1543900
7/4/2025,ASHA,18,18,18,18,1097900
7/4/2025,ASII,4600,4650,4570,4620,25298100
7/4/2025,ASIIBQCU5A,0,0,0,0,0
7/4/2025,ASIIBQCZ5A,0,0,0,0,0
7/4/2025,ASIIDRCQ5A,23,23,21,22,300
7/4/2025,ASIIDRCQ5B,20,20,20,20,1000000
7/4/2025,ASIIDRCX5A,83,83,81,81,200
7/4/2025,ASIIDRCX6A,2670,2670,2670,2670,700
7/4/2025,ASIIDRPQ5A,36,36,35,36,7400
7/4/2025,ASJT,105,108,105,107,172500
7/4/2025,ASLC,64,64,62,63,14063000
7/4/2025,ASLI,50,50,50,50,209100
7/4/2025,ASMI,16,16,16,16,110600
7/4/2025,ASPI,204,228,198,208,3365400
7/4/2025,ASRI,127,127,124,125,5260200
7/4/2025,ASRM,280,280,278,280,7300
7/4/2025,ASSA,740,750,715,750,9848100
7/4/2025,ATAP,29,29,29,29,1800
7/4/2025,ATIC,388,388,382,382,52200
7/4/2025,ATLA,50,50,50,50,37200
7/4/2025,AUTO,2050,2050,2030,2030,926800
7/4/2025,AVIA,442,446,436,442,2281600
7/4/2025,AWAN,272,272,252,256,20707100
7/4/2025,AXIO,133,133,128,130,1024200
7/4/2025,AYAM,162,163,160,163,37293900
7/4/2025,AYLS,102,103,100,102,2049100
7/4/2025,BABP,51,52,50,51,6011300
7/4/2025,BABY,302,310,302,306,8535800
7/4/2025,BACA,130,131,130,130,1083000
7/4/2025,BAIK,99,101,99,99,2016300
7/4/2025,BAIK-W,8,8,7,8,678600
7/4/2025,BAJA,132,153,126,144,72883600
7/4/2025,BALI,1695,1695,1610,1610,133600
7/4/2025,BANK,810,820,800,810,5876900
7/4/2025,BANK-W,420,420,420,420,100
7/4/2025,BAPA,50,50,50,50,17600
7/4/2025,BAPI,9,9,8,8,1273700
7/4/2025,BATA,50,50,50,50,1800
7/4/2025,BATR,80,81,79,79,1144700
7/4/2025,BAUT,25,25,25,25,1812800
7/4/2025,BAYU,1315,1345,1305,1315,173600
7/4/2025,BBCA,8650,8700,8550,8650,43593300
7/4/2025,BBCABQCV5A,88,88,85,85,3300
7/4/2025,BBCABQCX5A,0,0,0,0,0
7/4/2025,BBCADRCF6A,82,82,78,78,100300
7/4/2025,BBCADRCQ5A,44,44,41,41,300
7/4/2025,BBCADRCX6A,0,0,0,0,0
7/4/2025,BBCADRPQ5A,70,73,70,73,1600
7/4/2025,BBCAHDCQ5A,12,12,12,12,100
7/4/2025,BBCAHDCU5A,0,0,0,0,0
7/4/2025,BBCAHDCV5A,0,0,0,0,0
7/4/2025,BBCAYUCQ5A,72,72,72,72,100
7/4/2025,BBCAZPCF6A,0,0,0,0,0
7/4/2025,BBHI,790,860,780,850,3754500
7/4/2025,BBKP,60,61,58,59,49262800
7/4/2025,BBLD,785,785,685,760,3000
7/4/2025,BBMD,2050,2130,2040,2130,2200
7/4/2025,BBNI,3970,4010,3950,4000,30396500
7/4/2025,BBNIBQCU5A,0,0,0,0,0
7/4/2025,BBNIBQCV5A,0,0,0,0,0
7/4/2025,BBNIDRCQ5A,0,0,0,0,0
7/4/2025,BBNIDRCX6A,0,0,0,0,0
7/4/2025,BBNIDRCZ5A,55,56,55,56,76200
7/4/2025,BBNIDRPU5A,38,38,38,38,100
7/4/2025,BBNIHDCQ5A,0,0,0,0,0
7/4/2025,BBNIHDCU5A,0,0,0,0,0
7/4/2025,BBNIHDPU5A,0,0,0,0,0
7/4/2025,BBNIYUCV5A,67,68,67,68,200
7/4/2025,BBNIZPCX5A,0,0,0,0,0
7/4/2025,BBRI,3680,3710,3650,3670,91141200
7/4/2025,BBRIBQCQ5A,20,20,18,19,82600
7/4/2025,BBRIBQCU5A,0,0,0,0,0
7/4/2025,BBRIBQCZ5A,0,0,0,0,0
7/4/2025,BBRIDRCQ5A,31,31,28,30,746100
7/4/2025,BBRIDRCX5A,145,149,142,143,8000400
7/4/2025,BBRIDRCX6A,0,0,0,0,0
7/4/2025,BBRIDRPN5A,23,23,23,23,300
7/4/2025,BBRIHDCQ5A,0,0,0,0,0
7/4/2025,BBRIYUCV5A,141,144,141,144,200
7/4/2025,BBRIZPCX5A,76,76,76,76,1000
7/4/2025,BBRM,75,77,74,76,859700
7/4/2025,BBSI,4000,4040,4000,4040,5900
7/4/2025,BBSS,308,358,298,300,750800
7/4/2025,BBTN,1080,1100,1075,1085,6888200
7/4/2025,BBTNZPCG6A,0,0,0,0,0
7/4/2025,BBYB,216,222,216,220,11324200
7/4/2025,BCAP,55,55,54,54,25109800
7/4/2025,BCIC,0,0,0,0,0
7/4/2025,BCIP,105,107,101,103,10460400
7/4/2025,BDKR,156,176,156,174,135342200
7/4/2025,BDMN,2430,2440,2410,2420,547700
7/4/2025,BEBS,0,0,0,0,0
7/4/2025,BEEF,262,264,258,258,19302900
7/4/2025,BEER,74,75,72,75,347500
7/4/2025,BEKS,25,25,25,25,3845000
7/4/2025,BELI,400,400,392,400,1440900
7/4/2025,BELL,50,50,50,50,317700
7/4/2025,BESS,1130,1130,1100,1110,8400
7/4/2025,BEST,96,97,96,96,2983800
7/4/2025,BFIN,790,795,770,790,4162700
7/4/2025,BGTG,78,78,76,76,2388400
7/4/2025,BHAT,710,740,705,730,1463100
7/4/2025,BHIT,23,24,23,24,5769200
7/4/2025,BIKA,0,0,0,0,0
7/4/2025,BIKE,575,585,565,570,929200
7/4/2025,BIMA,45,45,45,45,3100
7/4/2025,BINA,4310,4370,4310,4370,21800
7/4/2025,BINO,108,108,105,107,303600
7/4/2025,BIPI,78,79,77,78,36395100
7/4/2025,BIPP,45,45,44,44,4500
7/4/2025,BIRD,1890,1890,1850,1850,935200
7/4/2025,BISI,935,945,935,945,12700
7/4/2025,BJBR,805,810,800,800,3118100
7/4/2025,BJTM,488,490,484,484,2568000
7/4/2025,BKDP,32,32,32,32,65100
7/4/2025,BKSL,127,131,123,131,288002900
7/4/2025,BKSW,60,60,58,59,161600
7/4/2025,BLES,175,177,173,177,2631100
7/4/2025,BLTA,20,20,20,20,528400
7/4/2025,BLTZ,0,0,0,0,0
7/4/2025,BLUE,346,348,338,346,835000
7/4/2025,BMAS,540,540,540,540,100
7/4/2025,BMBL,17,17,16,16,36400
7/4/2025,BMHS,199,202,197,198,2005100
7/4/2025,BMRI,4750,4790,4700,4740,104170500
7/4/2025,BMRIBQCN5A,0,0,0,0,0
7/4/2025,BMRIBQCU5A,0,0,0,0,0
7/4/2025,BMRIBQCZ5A,0,0,0,0,0
7/4/2025,BMRIDRCQ5A,10,11,9,10,398800
7/4/2025,BMRIDRCX5A,75,75,72,73,88200
7/4/2025,BMRIDRCX6A,0,0,0,0,0
7/4/2025,BMRIDRPN5A,31,31,31,31,1200
7/4/2025,BMRIHDCQ5A,9,9,9,9,10000
7/4/2025,BMRIHDCU5A,0,0,0,0,0
7/4/2025,BMRIHDPU5A,0,0,0,0,0
7/4/2025,BMRIYUCQ5A,45,46,45,46,200
7/4/2025,BMRIZPCX5A,50,50,48,48,201000
7/4/2025,BMSR,250,252,238,240,81100
7/4/2025,BMTR,129,129,127,127,67695600
7/4/2025,BNBA,860,875,820,840,184100
7/4/2025,BNBR,27,27,27,27,10729600
7/4/2025,BNGA,1675,1685,1665,1665,1751000
7/4/2025,BNII,197,198,196,197,340300
7/4/2025,BNLI,2630,2720,2570,2710,763900
7/4/2025,BOAT,99,100,98,98,1011700
7/4/2025,BOBA,176,200,175,188,400700
7/4/2025,BOGA,565,565,555,555,481200
7/4/2025,BOLA,95,96,94,94,48800
7/4/2025,BOLT,1280,1285,1275,1280,624100
7/4/2025,BOSS,0,0,0,0,0
7/4/2025,BPFI,332,334,328,334,17000
7/4/2025,BPII,590,595,590,595,165500
7/4/2025,BPTR,90,92,89,91,1275800
7/4/2025,BRAM,5675,5675,5675,5675,200
7/4/2025,BREN,5800,5825,5650,5700,4715800
7/4/2025,BRIS,2500,2580,2490,2550,35498500
7/4/2025,BRISYUCV5A,81,81,80,80,200
7/4/2025,BRISZPCG6A,51,51,50,50,200
7/4/2025,BRMS,396,410,388,404,661808500
7/4/2025,BRMSYUCV5A,31,32,30,32,4600
7/4/2025,BRMSZPCG6A,0,0,0,0,0
7/4/2025,BRNA,680,680,605,610,62000
7/4/2025,BRPT,1540,1585,1540,1550,88945700
7/4/2025,BRPTBQCQ5A,320,320,276,276,30200
7/4/2025,BRPTBQCV5A,0,0,0,0,0
7/4/2025,BRPTBQCZ5A,0,0,0,0,0
7/4/2025,BRPTDRCF6A,105,109,104,109,640200
7/4/2025,BRPTDRCN5A,127,137,127,134,138500
7/4/2025,BRPTDRCQ5A,130,133,127,130,31000
7/4/2025,BRPTDRCX5A,123,124,120,123,222600
7/4/2025,BRPTHDCN5A,458,458,458,458,100
7/4/2025,BRPTHDCQ5A,0,0,0,0,0
7/4/2025,BRPTZPCF6A,0,0,0,0,0
7/4/2025,BRPTZPCX5A,167,167,167,167,200
7/4/2025,BRRC,58,64,55,60,27847100
7/4/2025,BRRC-W,9,9,8,9,87300
7/4/2025,BSBK,50,50,50,50,162900
7/4/2025,BSDE,800,805,785,795,6080700
7/4/2025,BSIM,905,910,905,910,400
7/4/2025,BSML,85,86,83,85,11434000
7/4/2025,BSSR,3900,3920,3890,3910,360700
7/4/2025,BSWD,0,0,0,0,0
7/4/2025,BTEK,5,5,5,5,23953300
7/4/2025,BTEL,0,0,0,0,0
7/4/2025,BTON,410,410,368,388,27600
7/4/2025,BTPN,2150,2160,2130,2160,26800
7/4/2025,BTPS,1310,1340,1295,1310,4821300
7/4/2025,BUAH,1610,1640,1580,1605,76400
7/4/2025,BUDI,228,228,224,226,2500
7/4/2025,BUKA,120,126,120,125,195259900
7/4/2025,BUKK,810,820,810,820,1500
7/4/2025,BULL,134,136,129,130,262271000
7/4/2025,BUMI,113,115,110,113,840417200
7/4/2025,BUVA,76,77,75,76,14959500
7/4/2025,BVIC,87,87,85,86,598600
7/4/2025,BVIC-W,50,50,44,48,125800
7/4/2025,BWPT,61,61,60,61,3270500
7/4/2025,BYAN,19775,19800,19750,19750,20500
7/4/2025,CAKK,134,137,133,133,23300
7/4/2025,CAMP,212,214,208,212,3443200
7/4/2025,CANI,42,43,42,43,92200
7/4/2025,CARE,232,232,222,228,21513000
7/4/2025,CARS,81,83,81,83,808800
7/4/2025,CASA,920,930,915,930,5559500
7/4/2025,CASH,64,64,62,63,61000
7/4/2025,CASS,2000,2000,1990,1990,15200
7/4/2025,CBDK,5425,5500,5400,5425,1994400
7/4/2025,CBMF,0,0,0,0,0
7/4/2025,CBPE,184,188,184,188,83500
7/4/2025,CBRE,64,69,64,69,6895700
7/4/2025,CBUT,1055,1055,1040,1040,3600
7/4/2025,CCSI,336,348,322,334,75300
7/4/2025,CEKA,3060,3130,3040,3040,254800
7/4/2025,CENT,91,109,90,96,126506200
7/4/2025,CFIN,308,312,302,304,1477900
7/4/2025,CGAS,88,90,87,88,2390400
7/4/2025,CHEM,54,57,53,54,5339500
7/4/2025,CHIP,1280,1300,1270,1280,78900
7/4/2025,CINT,145,162,145,161,4048900
7/4/2025,CITA,3990,3990,3970,3990,44600
7/4/2025,CITY,87,89,86,86,742200
7/4/2025,CLAY,1065,1075,1065,1070,250500
7/4/2025,CLEO,600,600,580,585,9592600
7/4/2025,CLPI,1125,1130,1090,1110,299400
7/4/2025,CMNP,1305,1305,1295,1305,609000
7/4/2025,CMNP-W,366,368,324,356,3300
7/4/2025,CMNT,815,815,795,805,24275500
7/4/2025,CMPP,79,79,79,79,3300
7/4/2025,CMRY,4870,4890,4780,4850,1366400
7/4/2025,CNKO,32,34,32,34,16063000
7/4/2025,CNMA,160,160,154,154,14211300
7/4/2025,CNTB,0,0,0,0,0
7/4/2025,CNTX,0,0,0,0,0
7/4/2025,COAL,34,34,34,34,622500
7/4/2025,COCO,218,256,218,218,61289200
7/4/2025,COWL,0,0,0,0,0
7/4/2025,CPIN,4760,4760,4580,4580,2693600
7/4/2025,CPINDRCG6A,84,85,82,82,1000
7/4/2025,CPINDRCN5A,54,55,51,51,36700
7/4/2025,CPINDRCQ5A,22,22,21,21,5300
7/4/2025,CPINHDCQ5A,0,0,0,0,0
7/4/2025,CPRI,0,0,0,0,0
7/4/2025,CPRO,51,51,50,50,11877400
7/4/2025,CRAB,236,236,234,234,175600
7/4/2025,CRSN,105,105,102,103,92100
7/4/2025,CSAP,242,246,242,242,98800
7/4/2025,CSIS,77,77,74,74,482300
7/4/2025,CSMI,1420,1420,1220,1295,987700
7/4/2025,CSRA,680,680,670,670,83000
7/4/2025,CTBN,8400,8500,8400,8500,500
7/4/2025,CTRA,975,990,970,985,7619100
7/4/2025,CTRAZPCG6A,0,0,0,0,0
7/4/2025,CTTH,24,24,24,24,200
7/4/2025,CUAN,11950,11975,11400,11850,9933700
7/4/2025,CYBR,940,955,925,930,13368900
7/4/2025,CYBR-W,490,600,490,600,7400
7/4/2025,DAAZ,4000,4040,4000,4020,208500
7/4/2025,DADA,0,0,0,0,0
7/4/2025,DART,140,144,138,140,104200
7/4/2025,DATA,1255,1270,1230,1240,1872800
7/4/2025,DAYA,915,915,880,900,3800
7/4/2025,DCII,151950,152000,150550,150550,1900
7/4/2025,DEAL,0,0,0,0,0
7/4/2025,DEFI,0,0,0,0,0
7/4/2025,DEPO,208,208,204,206,24800
7/4/2025,DEWA,188,189,181,182,252163200
7/4/2025,DEWI,93,95,91,92,33184200
7/4/2025,DFAM,0,0,0,0,0
7/4/2025,DGIK,83,90,83,85,9505200
7/4/2025,DGNS,156,158,152,152,17366600
7/4/2025,DGWG,426,432,422,426,7112900
7/4/2025,DIGI,19,19,19,19,37400
7/4/2025,DILD,126,126,125,125,3541700
7/4/2025,DIVA,107,122,105,116,34130100
7/4/2025,DKFT,464,472,448,466,43988100
7/4/2025,DKHH,65,66,62,62,18869500
7/4/2025,DKHH-W,12,13,12,13,776700
7/4/2025,DLTA,2020,2050,2010,2050,36400
7/4/2025,DMAS,138,138,136,137,19802500
7/4/2025,DMMX,404,412,380,384,5555900
7/4/2025,DMND,505,505,494,496,506600
7/4/2025,DNAR,105,107,103,105,381400
7/4/2025,DNET,9150,9900,9125,9750,5700
7/4/2025,DOID,386,388,370,372,11683100
7/4/2025,DOOH,91,92,88,88,21507600
7/4/2025,DOSS,152,153,148,151,828400
7/4/2025,DPNS,232,232,226,232,101600
7/4/2025,DPUM,50,50,50,50,100200
7/4/2025,DRMA,960,970,960,960,173700
7/4/2025,DSFI,56,56,55,55,186900
7/4/2025,DSNG,795,795,780,790,11367200
7/4/2025,DSSA,54900,56175,54075,55600,1955000
7/4/2025,DUCK,0,0,0,0,0
7/4/2025,DUTI,3250,3500,3250,3500,2900
7/4/2025,DVLA,1615,1615,1590,1590,1900
7/4/2025,DWGL,216,220,212,214,85200
7/4/2025,DYAN,90,90,83,88,4489300
7/4/2025,EAST,97,98,96,96,259300
7/4/2025,ECII,181,182,177,180,223900
7/4/2025,EDGE,3780,3800,3780,3800,9200
7/4/2025,EKAD,182,183,178,179,253600
7/4/2025,ELIT,159,162,158,161,3523400
7/4/2025,ELPI,354,354,352,354,80400
7/4/2025,ELSA,472,472,460,464,12216400
7/4/2025,ELSAZPCG6A,33,33,32,32,202500
7/4/2025,ELTY,9,10,9,9,23296300
7/4/2025,EMDE,91,91,90,90,54900
7/4/2025,EMTK,478,478,470,472,15287000
7/4/2025,EMTKYUCV5A,26,26,26,26,100
7/4/2025,ENAK,710,710,695,700,141300
7/4/2025,ENRG,332,344,330,336,105676200
7/4/2025,ENRGZPCG6A,63,63,61,61,16600
7/4/2025,ENVY,0,0,0,0,0
7/4/2025,ENZO,33,33,33,33,21700
7/4/2025,EPAC,12,12,12,12,752000
7/4/2025,EPMT,2280,2280,2250,2260,7000
7/4/2025,ERAA,540,545,515,525,27046000
7/4/2025,ERAL,320,332,318,320,32534300
7/4/2025,ERTX,102,102,100,100,362300
7/4/2025,ESIP,29,29,27,27,218900
7/4/2025,ESSA,590,595,570,575,15814600
7/4/2025,ESTA,66,68,65,65,736700
7/4/2025,ESTI,36,36,35,35,56000
7/4/2025,ETWA,0,0,0,0,0
7/4/2025,EURO,151,156,149,150,83700
7/4/2025,EXCL,2310,2310,2250,2300,3760700
7/4/2025,EXCLHDCQ5A,66,67,66,67,200
7/4/2025,EXCLZPCF6A,0,0,0,0,0
7/4/2025,FAPA,5475,5500,5475,5500,5600
7/4/2025,FAST,328,346,314,346,28883600
7/4/2025,FASW,0,0,0,0,0
7/4/2025,FILM,2050,2100,2030,2070,3850900
7/4/2025,FIMP,0,0,0,0,0
7/4/2025,FIRE,77,78,76,76,3452900
7/4/2025,FISH,0,0,0,0,0
7/4/2025,FITT,0,0,0,0,0
7/4/2025,FLMC,49,49,47,47,67200
7/4/2025,FMII,336,336,332,334,13400
7/4/2025,FOLK,67,69,65,65,1056400
7/4/2025,FOOD,105,106,105,106,18000
7/4/2025,FORE,575,610,565,580,19622400
7/4/2025,FORU,1300,1335,1275,1320,120700
7/4/2025,FORZ,0,0,0,0,0
7/4/2025,FPNI,196,198,195,197,414500
7/4/2025,FUJI,412,464,412,426,39400
7/4/2025,FUTR,67,67,63,65,15528900
7/4/2025,FWCT,148,148,144,146,666000
7/4/2025,GAMA,0,0,0,0,0
7/4/2025,GDST,119,127,110,110,50684200
7/4/2025,GDYR,1125,1130,1105,1130,20400
7/4/2025,GEMA,97,98,96,98,601000
7/4/2025,GEMS,9000,9025,8950,8975,46800
7/4/2025,GGRM,9225,9350,9200,9325,1025600
7/4/2025,GGRMZPCG6A,0,0,0,0,0
7/4/2025,GGRP,0,0,0,0,0
7/4/2025,GHON,1575,1575,1555,1555,3800
7/4/2025,GIAA,72,72,72,72,44035400
7/4/2025,GJTL,1120,1120,1110,1120,5267100
7/4/2025,GLOB,55,55,55,55,26000
7/4/2025,GLVA,316,350,306,326,66000
7/4/2025,GMFI,60,60,60,60,879800
7/4/2025,GMTD,0,0,0,0,0
7/4/2025,GOLD,246,256,238,242,29700
7/4/2025,GOLF,224,226,220,224,1631200
7/4/2025,GOLL,0,0,0,0,0
7/4/2025,GOOD,360,360,358,360,10400
7/4/2025,GOTO,57,60,57,59,2412187900
7/4/2025,GOTOBQCZ5A,0,0,0,0,0
7/4/2025,GOTODRCG6A,12,12,12,12,666400
7/4/2025,GOTODRCN5A,3,3,3,3,1400
7/4/2025,GOTODRCQ5A,0,0,0,0,0
7/4/2025,GOTOHDCQ5A,0,0,0,0,0
7/4/2025,GOTOM,0,0,0,0,0
7/4/2025,GPRA,131,134,121,130,157286200
7/4/2025,GPSO,346,350,330,340,263000
7/4/2025,GRIA,83,90,80,90,2766400
7/4/2025,GRPH,50,50,50,50,145200
7/4/2025,GRPM,50,55,50,53,17992400
7/4/2025,GRPM-W,14,15,14,14,1667600
7/4/2025,GSMF,52,53,51,53,104000
7/4/2025,GTBO,166,212,164,212,34665300
7/4/2025,GTRA,142,142,133,134,1118400
7/4/2025,GTSI,40,40,39,39,182600
7/4/2025,GULA,256,258,250,256,357500
7/4/2025,GUNA,272,272,260,268,134800
7/4/2025,GWSA,123,124,123,123,8900
7/4/2025,GZCO,88,88,84,85,9745800
7/4/2025,HADE,8,8,8,8,893600
7/4/2025,HAIS,187,188,186,188,5185500
7/4/2025,HAJJ,126,127,118,120,14208200
7/4/2025,HAJJ-W,16,16,13,14,18718000
7/4/2025,HALO,74,83,72,76,59575300
7/4/2025,HALO-W,8,9,7,9,2322900
7/4/2025,HATM,298,298,274,288,16590500
7/4/2025,HBAT,66,71,64,68,1807400
7/4/2025,HDFA,100,106,100,106,11100
7/4/2025,HDIT,17,18,17,18,32900
7/4/2025,HDTX,0,0,0,0,0
7/4/2025,HEAL,1480,1485,1470,1480,11161600
7/4/2025,HELI,258,258,250,258,446600
7/4/2025,HERO,378,410,378,390,261900
7/4/2025,HEXA,4940,4960,4940,4960,168800
7/4/2025,HGII,160,160,157,160,3086200
7/4/2025,HILL,246,252,238,242,7254100
7/4/2025,HITS,0,0,0,0,0
7/4/2025,HKMU,0,0,0,0,0
7/4/2025,HMSP,615,620,605,615,11655800
7/4/2025,HOKI,95,98,93,95,20092700
7/4/2025,HOME,0,0,0,0,0
7/4/2025,HOMI,210,218,208,208,775500
7/4/2025,HOPE,57,57,57,57,649600
7/4/2025,HOTL,0,0,0,0,0
7/4/2025,HRME,25,25,25,25,4600
7/4/2025,HRTA,600,605,590,595,4579300
7/4/2025,HRUM,820,825,805,810,4393300
7/4/2025,HRUMZPCG6A,0,0,0,0,0
7/4/2025,HUMI,53,54,53,54,20899900
7/4/2025,HUMI-W,6,6,5,6,6213300
7/4/2025,HYGN,141,141,138,140,2299000
7/4/2025,IATA,50,50,50,50,3641400
7/4/2025,IATA-W,42,42,41,42,193200
7/4/2025,IBFN,13,13,13,13,25400
7/4/2025,IBOS,27,27,26,26,1391300
7/4/2025,IBST,0,0,0,0,0
7/4/2025,ICBP,10750,10800,10550,10650,1376400
7/4/2025,ICBPDRCQ5A,21,22,20,21,800
7/4/2025,ICBPDRCX6A,0,0,0,0,0
7/4/2025,ICBPHDCQ5A,0,0,0,0,0
7/4/2025,ICBPZPCX5A,80,80,80,80,100
7/4/2025,ICON,35,35,35,35,600
7/4/2025,IDEA,47,50,45,48,141600
7/4/2025,IDPR,194,200,188,193,201600
7/4/2025,IFII,242,248,242,248,48700
7/4/2025,IFSH,770,800,765,765,2900
7/4/2025,IGAR,580,590,580,590,600
7/4/2025,IIKP,0,0,0,0,0
7/4/2025,IKAI,8,8,7,8,1502000
7/4/2025,IKAN,68,68,65,66,12095300
7/4/2025,IKBI,386,396,378,390,30600
7/4/2025,IKPM,204,210,200,206,678100
7/4/2025,IMAS,880,880,830,840,378800
7/4/2025,IMJS,190,193,188,189,456100
7/4/2025,IMPC,300,300,296,300,20376300
7/4/2025,INAF,0,0,0,0,0
7/4/2025,INAI,158,162,155,162,1452700
7/4/2025,INCF,21,21,20,20,273900
7/4/2025,INCI,580,600,570,580,121500
7/4/2025,INCO,3500,3580,3470,3560,14179600
7/4/2025,INCOBQCQ5A,141,144,133,144,160000
7/4/2025,INCOBQCV5A,65,65,65,65,2100
7/4/2025,INCODRCN5A,42,45,40,45,500
7/4/2025,INCODRCQ5A,10,13,10,13,1144300
7/4/2025,INCODRCX5A,83,88,81,88,2200
7/4/2025,INCOHDCQ5A,0,0,0,0,0
7/4/2025,INCOZPCX5A,130,130,130,130,50000
7/4/2025,INDF,8125,8250,8050,8100,7561600
7/4/2025,INDFBQCV5A,152,156,152,156,500
7/4/2025,INDFDRCQ5A,38,38,36,36,200
7/4/2025,INDFDRCX6A,0,0,0,0,0
7/4/2025,INDFHDCQ5A,0,0,0,0,0
7/4/2025,INDO,184,190,180,185,3020700
7/4/2025,INDR,2120,2120,2050,2100,11300
7/4/2025,INDS,232,232,222,228,153900
7/4/2025,INDX,78,81,78,78,3479700
7/4/2025,INDY,1365,1365,1320,1330,5206700
7/4/2025,INDYZPCG6A,0,0,0,0,0
7/4/2025,INET,163,166,162,163,71068300
7/4/2025,INET-W,72,75,71,72,9293800
7/4/2025,INKP,5475,5525,5350,5375,2920500
7/4/2025,INKPDRCF6A,92,92,88,88,8200
7/4/2025,INKPDRCN5A,0,0,0,0,0
7/4/2025,INKPDRCQ5A,10,10,9,9,93000
7/4/2025,INKPHDCQ5A,7,7,7,7,127400
7/4/2025,INKPZPCF6A,0,0,0,0,0
7/4/2025,INOV,84,85,83,84,59000
7/4/2025,INPC,147,149,139,144,9082500
7/4/2025,INPP,790,800,790,800,2600
7/4/2025,INPS,182,191,152,152,37307300
7/4/2025,INRU,1025,1030,930,985,82600
7/4/2025,INTA,12,12,12,12,948400
7/4/2025,INTD,192,192,180,181,15600
7/4/2025,INTP,5400,5400,5225,5300,530200
7/4/2025,INTPZPCG6A,0,0,0,0,0
7/4/2025,IOTF,104,105,89,89,450664700
7/4/2025,IPAC,138,150,138,139,12900
7/4/2025,IPCC,1005,1010,990,995,878200
7/4/2025,IPCM,272,272,264,268,1710000
7/4/2025,IPOL,130,132,130,130,1700
7/4/2025,IPPE,0,0,0,0,0
7/4/2025,IPTV,25,25,25,25,9434900
7/4/2025,IRRA,412,422,400,418,1735000
7/4/2025,IRSX,27,27,27,27,1135100
7/4/2025,IRSX-W,1,1,1,1,937200
7/4/2025,ISAP,11,11,10,11,6467700
7/4/2025,ISAP-W,3,4,3,3,4342900
7/4/2025,ISAT,2110,2120,2080,2090,6765000
7/4/2025,ISATBQCU5A,0,0,0,0,0
7/4/2025,ISATDRCG6A,80,80,80,80,100
7/4/2025,ISATDRCX5A,57,58,57,58,3100
7/4/2025,ISATHDCQ5A,0,0,0,0,0
7/4/2025,ISATZPCF6A,0,0,0,0,0
7/4/2025,ISEA,66,66,64,65,1703600
7/4/2025,ISEA-W,0,0,0,0,0
7/4/2025,ISSP,318,326,318,324,5756800
7/4/2025,ITIC,218,218,212,218,106100
7/4/2025,ITMA,760,765,730,735,49967900
7/4/2025,ITMG,22100,22200,22050,22100,998800
7/4/2025,JARR,370,388,370,372,3383100
7/4/2025,JAST,58,58,56,57,3220700
7/4/2025,JATI,151,159,148,151,35408300
7/4/2025,JAWA,146,148,138,138,2701900
7/4/2025,JAYA,101,102,98,99,1034100
7/4/2025,JECC,815,820,800,815,6400
7/4/2025,JGLE,8,9,8,9,10155900
7/4/2025,JIHD,560,575,550,560,393100
7/4/2025,JKON,74,74,72,73,6741400
7/4/2025,JKSW,0,0,0,0,0
7/4/2025,JMAS,127,127,125,125,29300
7/4/2025,JPFA,1500,1500,1475,1480,13425900
7/4/2025,JPFAZPCG6A,0,0,0,0,0
7/4/2025,JRPT,705,710,705,710,217700
7/4/2025,JSKY,0,0,0,0,0
7/4/2025,JSMR,3580,3600,3570,3570,1008300
7/4/2025,JSMRZPCG6A,0,0,0,0,0
7/4/2025,JSPT,5250,5250,5025,5100,5100
7/4/2025,JTPE,244,246,242,244,4743500
7/4/2025,KAEF,0,0,0,0,0
7/4/2025,KAQI,50,50,50,50,168700
7/4/2025,KARW,815,820,815,820,141700
7/4/2025,KAYU,0,0,0,0,0
7/4/2025,KBAG,33,33,33,33,1963800
7/4/2025,KBLI,392,398,392,398,84800
7/4/2025,KBLM,296,298,296,296,38700
7/4/2025,KBLV,55,55,54,55,2142400
7/4/2025,KBRI,0,0,0,0,0
7/4/2025,KDSI,484,486,460,486,14500
7/4/2025,KDTN,126,126,126,126,100
7/4/2025,KEEN,780,790,770,790,7419100
7/4/2025,KEJU,570,590,565,570,253400
7/4/2025,KETR,196,199,193,196,311800
7/4/2025,KIAS,20,20,19,20,58200
7/4/2025,KICI,112,113,111,111,367800
7/4/2025,KIJA,181,182,176,180,62747500
7/4/2025,KING,206,214,204,206,1312900
7/4/2025,KING-W,16,18,16,17,2346900
7/4/2025,KINO,1070,1110,1050,1105,24800
7/4/2025,KIOS,50,50,50,50,22500
7/4/2025,KJEN,0,0,0,0,0
7/4/2025,KKES,25,25,25,25,240000
7/4/2025,KKGI,364,366,356,358,2954300
7/4/2025,KLAS,135,137,132,135,8212400
7/4/2025,KLBF,1560,1565,1515,1515,8125900
7/4/2025,KLBFBQCV5A,0,0,0,0,0
7/4/2025,KLBFDRCG6A,61,61,58,58,2000
7/4/2025,KLBFDRCN5A,58,58,56,56,200
7/4/2025,KLBFDRCQ5A,35,35,35,35,100
7/4/2025,KLBFHDCQ5A,0,0,0,0,0
7/4/2025,KLBFZPCF6A,0,0,0,0,0
7/4/2025,KLIN,150,154,143,150,355600
7/4/2025,KMDS,570,650,555,650,253700
7/4/2025,KMTR,258,280,252,268,106300
7/4/2025,KOBX,150,150,145,149,651300
7/4/2025,KOCI,50,50,50,50,47600
7/4/2025,KOCI-W,5,5,5,5,10900
7/4/2025,KOIN,0,0,0,0,0
7/4/2025,KOKA,68,68,66,66,285600
7/4/2025,KONI,1175,1250,1165,1200,4100
7/4/2025,KOPI,364,376,364,368,395300
7/4/2025,KOTA,19,19,18,18,2371100
7/4/2025,KPAL,0,0,0,0,0
7/4/2025,KPAS,0,0,0,0,0
7/4/2025,KPIG,178,179,174,174,62202400
7/4/2025,KRAH,0,0,0,0,0
7/4/2025,KRAS,272,320,264,314,552014900
7/4/2025,KREN,9,9,9,9,4117600
7/4/2025,KRYA,278,294,254,278,156269500
7/4/2025,KSIX,196,208,193,197,634600
7/4/2025,KUAS,51,51,50,51,37300
7/4/2025,LABA,234,240,220,234,98665800
7/4/2025,LABS,135,137,135,136,445900
7/4/2025,LAJU,50,50,50,50,49400
7/4/2025,LAND,22,22,21,21,993500
7/4/2025,LAPD,28,28,28,28,96900
7/4/2025,LCGP,0,0,0,0,0
7/4/2025,LCKM,212,220,200,218,56000
7/4/2025,LEAD,73,73,70,71,7554100
7/4/2025,LFLO,272,274,248,268,211700
7/4/2025,LIFE,6500,6975,6500,6750,2200
7/4/2025,LINK,0,0,0,0,0
7/4/2025,LION,380,386,380,380,32200
7/4/2025,LIVE,139,139,138,139,226300
7/4/2025,LMAS,0,0,0,0,0
7/4/2025,LMAX,43,45,41,42,1292000
7/4/2025,LMPI,142,145,140,140,308600
7/4/2025,LMSH,0,0,0,0,0
7/4/2025,LOPI,39,39,36,38,1346700
7/4/2025,LPCK,448,450,438,442,542300
7/4/2025,LPGI,460,490,436,456,736800
7/4/2025,LPIN,374,374,368,372,149000
7/4/2025,LPKR,82,83,80,81,8844400
7/4/2025,LPLI,278,292,278,282,249900
7/4/2025,LPPF,1685,1695,1670,1670,1140000
7/4/2025,LPPS,56,57,55,56,592200
7/4/2025,LRNA,139,144,132,132,105000
7/4/2025,LSIP,1305,1310,1255,1310,14583300
7/4/2025,LSIPZPCG6A,68,70,68,70,9769300
7/4/2025,LTLS,885,885,870,875,64500
7/4/2025,LUCK,68,69,67,68,243000
7/4/2025,LUCY,90,90,81,86,356600
7/4/2025,MABA,0,0,0,0,0
7/4/2025,MAGP,0,0,0,0,0
7/4/2025,MAHA,148,150,145,148,2061800
7/4/2025,MAIN,620,620,610,610,1080600
7/4/2025,MAMI,0,0,0,0,0
7/4/2025,MAMIP,0,0,0,0,0
7/4/2025,MANG,32,32,31,31,326200
7/4/2025,MANG-W,25,25,19,23,591200
7/4/2025,MAPA,720,740,720,730,11396100
7/4/2025,MAPB,1860,1905,1805,1900,25700
7/4/2025,MAPI,1235,1265,1205,1240,8495700
7/4/2025,MAPIBQCV5A,39,39,39,39,200
7/4/2025,MAPIDRCQ5A,22,26,22,26,400
7/4/2025,MAPIDRCX5A,33,36,32,34,2602700
7/4/2025,MAPIHDCQ5A,0,0,0,0,0
7/4/2025,MARI,27,27,26,26,16229800
7/4/2025,MARK,660,670,655,660,26180100
7/4/2025,MASA,0,0,0,0,0
7/4/2025,MASB,0,0,0,0,0
7/4/2025,MAXI,50,51,50,51,331400
7/4/2025,MAYA,182,184,180,181,837100
7/4/2025,MBAP,1655,1660,1600,1635,139000
7/4/2025,MBMA,460,474,450,468,433018100
7/4/2025,MBMADRCQ5A,8,21,8,20,19456200
7/4/2025,MBMADRCX5A,43,45,40,44,3875800
7/4/2025,MBMAHDCQ5A,9,10,8,10,17420400
7/4/2025,MBMAZPCX5A,79,79,71,78,71300
7/4/2025,MBSS,1385,1540,1370,1530,3454300
7/4/2025,MBTO,85,100,84,87,20660000
7/4/2025,MCAS,1190,1225,1190,1205,67300
7/4/2025,MCOL,4500,4550,4500,4550,1700
7/4/2025,MCOR,66,66,65,65,2667900
7/4/2025,MDIA,24,24,24,24,284000
7/4/2025,MDIY,1460,1510,1450,1450,140600
7/4/2025,MDKA,2090,2130,2020,2070,39795000
7/4/2025,MDKABQCN5A,94,94,94,94,100
7/4/2025,MDKABQCV5A,81,83,81,82,249800
7/4/2025,MDKADRCN5A,2,4,2,3,3931800
7/4/2025,MDKADRCQ5A,25,25,21,22,2684000
7/4/2025,MDKADRCV5A,70,70,62,64,80900
7/4/2025,MDKAHDCU5A,0,0,0,0,0
7/4/2025,MDKAYUCQ5A,84,84,84,84,100
7/4/2025,MDKAZPCF6A,0,0,0,0,0
7/4/2025,MDKI,157,158,155,157,21100
7/4/2025,MDLA,197,200,195,197,6130300
7/4/2025,MDLN,51,51,50,50,1241900
7/4/2025,MDRN,7,7,6,7,4536200
7/4/2025,MEDC,1260,1260,1230,1245,19134600
7/4/2025,MEDCBQCV5A,127,127,114,117,51200
7/4/2025,MEDCBQCZ5A,63,65,63,65,2700
7/4/2025,MEDCDRCG6A,43,43,42,43,23224600
7/4/2025,MEDCDRCN5A,7,7,5,7,1154800
7/4/2025,MEDCDRCQ5A,43,44,43,44,4348200
7/4/2025,MEDCHDCQ5A,0,0,0,0,0
7/4/2025,MEDCZPCF6A,0,0,0,0,0
7/4/2025,MEDS,50,50,50,50,3100
7/4/2025,MEGA,3270,3360,3230,3270,2100
7/4/2025,MEJA,0,0,0,0,0
7/4/2025,MEJA-W,0,0,0,0,0
7/4/2025,MENN,44,46,43,45,4697900
7/4/2025,MERK,3000,3050,2980,2990,9200
7/4/2025,META,0,0,0,0,0
7/4/2025,MFIN,3200,3210,3020,3050,87100
7/4/2025,MFMI,0,0,0,0,0
7/4/2025,MGLV,0,0,0,0,0
7/4/2025,MGNA,31,34,31,31,1049700
7/4/2025,MGNA-W,0,0,0,0,0
7/4/2025,MGRO,725,735,710,735,4804100
7/4/2025,MHKI,128,129,124,126,1183400
7/4/2025,MICE,480,480,458,478,16600
7/4/2025,MIDI,408,416,406,408,3968700
7/4/2025,MIKA,2670,2670,2580,2600,3675300
7/4/2025,MIKAZPCG6A,0,0,0,0,0
7/4/2025,MINA,118,120,111,114,138383200
7/4/2025,MINE,515,530,510,525,3691600
7/4/2025,MIRA,17,17,17,17,6396000
7/4/2025,MITI,190,190,185,185,2311800
7/4/2025,MKAP,320,322,320,320,73700
7/4/2025,MKNT,0,0,0,0,0
7/4/2025,MKPI,22325,22475,22325,22375,8100
7/4/2025,MKTR,110,110,106,106,90300
7/4/2025,MKTR-W,5,6,5,5,549900
7/4/2025,MLBI,5750,5800,5725,5800,81200
7/4/2025,MLIA,292,292,288,288,2624800
7/4/2025,MLPL,93,96,92,93,18028300
7/4/2025,MLPT,33950,34025,33900,33900,2000
7/4/2025,MMIX,202,206,200,204,2544800
7/4/2025,MMLP,510,515,498,500,1104500
7/4/2025,MNCN,250,250,244,246,31573800
7/4/2025,MOLI,187,194,187,191,183000
7/4/2025,MORA,422,426,416,424,41400
7/4/2025,MPIX,62,63,60,62,1238400
7/4/2025,MPIX-W,8,8,7,8,448400
7/4/2025,MPMX,965,970,955,960,1278600
7/4/2025,MPOW,120,123,118,120,1234000
7/4/2025,MPPA,52,52,51,51,2120400
7/4/2025,MPRO,2200,2200,2190,2200,4600
7/4/2025,MPXL,115,118,111,114,2197500
7/4/2025,MRAT,254,278,252,262,252100
7/4/2025,MREI,845,845,805,840,499200
7/4/2025,MSIE,23,24,21,22,2164500
7/4/2025,MSIN,525,530,500,510,42362700
7/4/2025,MSJA,302,304,298,302,25100
7/4/2025,MSKY,53,54,53,53,1238400
7/4/2025,MSTI,1300,1310,1295,1300,3432100
7/4/2025,MTDL,525,535,525,525,5465000
7/4/2025,MTEL,535,540,525,525,2129000
7/4/2025,MTFN,0,0,0,0,0
7/4/2025,MTLA,460,480,440,480,24600
7/4/2025,MTMH,865,870,865,870,2600
7/4/2025,MTPS,50,52,50,52,18018000
7/4/2025,MTRA,0,0,0,0,0
7/4/2025,MTSM,0,0,0,0,0
7/4/2025,MTWI,242,242,230,238,635400
7/4/2025,MUTU,100,100,97,98,1651900
7/4/2025,MUTU-W,2,2,1,2,1124300
7/4/2025,MYOH,1725,1745,1725,1745,11500
7/4/2025,MYOR,2160,2190,2130,2140,1605300
7/4/2025,MYRX,0,0,0,0,0
7/4/2025,MYRXP,0,0,0,0,0
7/4/2025,MYTX,0,0,0,0,0
7/4/2025,NAIK,180,197,173,179,103777600
7/4/2025,NAIK-W,37,40,34,36,38365500
7/4/2025,NANO,23,23,22,23,6654100
7/4/2025,NASA,15,15,15,15,74600
7/4/2025,NASI,92,93,88,92,18399200
7/4/2025,NATO,140,163,138,144,715300
7/4/2025,NAYZ,49,49,43,45,1850700
7/4/2025,NCKL,655,675,655,665,12089300
7/4/2025,NELY,378,378,370,372,322800
7/4/2025,NEST,314,318,312,314,4859900
7/4/2025,NETV,147,149,146,146,472300
7/4/2025,NFCX,1700,1750,1685,1740,34100
7/4/2025,NICE,366,370,342,370,5295500
7/4/2025,NICK,1290,1290,1160,1240,2600
7/4/2025,NICL,1005,1010,940,950,11354300
7/4/2025,NIKL,246,262,240,242,3284900
7/4/2025,NINE,86,86,77,86,85963800
7/4/2025,NIPS,0,0,0,0,0
7/4/2025,NIRO,120,125,120,123,21700
7/4/2025,NISP,1320,1335,1320,1330,2829100
7/4/2025,NOBU,620,630,600,600,11408900
7/4/2025,NPGF,36,36,36,36,1897600
7/4/2025,NRCA,312,316,312,316,124400
7/4/2025,NSSS,328,334,326,334,3847000
7/4/2025,NTBK,50,50,50,50,12600
7/4/2025,NUSA,0,0,0,0,0
7/4/2025,NZIA,87,89,86,88,5146100
7/4/2025,OASA,183,183,171,178,94353800
7/4/2025,OBAT,352,354,346,348,1267900
7/4/2025,OBAT-W,44,46,42,44,1549700
7/4/2025,OBMD,190,190,188,190,69200
7/4/2025,OCAP,0,0,0,0,0
7/4/2025,OILS,113,113,108,110,3572600
7/4/2025,OKAS,143,148,141,148,1611700
7/4/2025,OLIV,18,19,18,19,2719300
7/4/2025,OMED,180,180,178,180,680900
7/4/2025,OMRE,0,0,0,0,0
7/4/2025,OPMS,72,73,69,70,8265200
7/4/2025,PACK,3650,3650,3500,3540,6743700
7/4/2025,PADA,14,15,14,14,1322100
7/4/2025,PADI,39,39,38,38,716300
7/4/2025,PALM,342,350,330,346,205200
7/4/2025,PAMG,67,69,66,68,1766100
7/4/2025,PANI,11075,11225,11025,11125,2112100
7/4/2025,PANR,940,970,930,970,9831000
7/4/2025,PANS,1655,1660,1635,1655,805100
7/4/2025,PART,124,124,120,121,15224600
7/4/2025,PART-W,21,22,20,21,7283800
7/4/2025,PBID,496,498,494,496,154700
7/4/2025,PBRX,20,21,20,21,1293900
7/4/2025,PBSA,362,362,354,356,1149100
7/4/2025,PCAR,31,31,30,30,403200
7/4/2025,PDES,444,446,428,442,211800
7/4/2025,PDPP,525,525,520,525,13900
7/4/2025,PEGE,114,114,109,110,464100
7/4/2025,PEHA,332,332,318,320,13300
7/4/2025,PEVE,324,326,320,322,137700
7/4/2025,PGAS,1590,1605,1570,1605,17581800
7/4/2025,PGASBQCU5A,0,0,0,0,0
7/4/2025,PGASBQCZ5A,0,0,0,0,0
7/4/2025,PGASDRCG6A,65,67,65,67,200
7/4/2025,PGASDRCN5A,0,0,0,0,0
7/4/2025,PGASDRCQ5A,29,31,29,31,200
7/4/2025,PGASHDCQ5A,0,0,0,0,0
7/4/2025,PGASYUCQ5A,70,70,70,70,100
7/4/2025,PGEO,1465,1465,1400,1405,54728800
7/4/2025,PGEODRCN5A,69,73,62,62,1900900
7/4/2025,PGEODRCQ5A,88,88,81,81,232800
7/4/2025,PGEOHDCQ5A,84,84,84,84,25000
7/4/2025,PGJO,0,0,0,0,0
7/4/2025,PGLI,117,151,116,122,2549300
7/4/2025,PGUN,560,560,530,545,4100
7/4/2025,PICO,130,131,127,129,232300
7/4/2025,PIPA,69,69,68,69,11807500
7/4/2025,PJAA,480,480,474,476,29800
7/4/2025,PKPK,640,685,635,645,106900
7/4/2025,PLAN,40,40,37,40,208000
7/4/2025,PLAS,0,0,0,0,0
7/4/2025,PLIN,0,0,0,0,0
7/4/2025,PMJS,118,119,115,119,103100
7/4/2025,PMMP,0,0,0,0,0
7/4/2025,PNBN,1160,1165,1135,1145,13182500
7/4/2025,PNBS,50,50,50,50,64400
7/4/2025,PNGO,1750,1770,1750,1770,800
7/4/2025,PNIN,920,920,880,905,476900
7/4/2025,PNLF,254,260,252,254,69249400
7/4/2025,PNLFYUCV5A,17,17,17,17,100
7/4/2025,PNSE,890,890,815,840,89300
7/4/2025,POLA,15,15,15,15,137200
7/4/2025,POLI,0,0,0,0,0
7/4/2025,POLL,0,0,0,0,0
7/4/2025,POLU,0,0,0,0,0
7/4/2025,POLY,19,19,19,19,173600
7/4/2025,POOL,0,0,0,0,0
7/4/2025,PORT,855,870,850,855,41100
7/4/2025,POSA,0,0,0,0,0
7/4/2025,POWR,680,685,675,680,1365800
7/4/2025,PPGL,99,100,99,100,41100
7/4/2025,PPRE,58,59,57,58,606300
7/4/2025,PPRI,167,168,161,165,1517000
7/4/2025,PPRO,0,0,0,0,0
7/4/2025,PRAS,0,0,0,0,0
7/4/2025,PRAY,600,630,600,625,11700
7/4/2025,PRDA,2790,2790,2750,2780,523600
7/4/2025,PRIM,58,60,57,58,6528900
7/4/2025,PSAB,448,450,426,434,122875500
7/4/2025,PSDN,77,79,76,77,99500
7/4/2025,PSGO,165,166,160,166,306100
7/4/2025,PSKT,33,33,32,33,391400
7/4/2025,PSSI,340,340,336,340,118300
7/4/2025,PTBA,2430,2440,2420,2430,8575200
7/4/2025,PTBABQCV5A,0,0,0,0,0
7/4/2025,PTBADRCG6A,35,35,35,35,1700
7/4/2025,PTBADRCN5A,12,12,11,11,2700
7/4/2025,PTBADRCQ5A,23,23,23,23,2000
7/4/2025,PTBAHDCQ5A,0,0,0,0,0
7/4/2025,PTDU,0,0,0,0,0
7/4/2025,PTIS,380,386,380,384,1600
7/4/2025,PTMP,112,123,104,116,325584900
7/4/2025,PTMR,0,0,0,0,0
7/4/2025,PTPP,426,432,414,420,27108800
7/4/2025,PTPS,90,91,88,88,4935500
7/4/2025,PTPW,915,915,910,910,18000
7/4/2025,PTRO,2590,2640,2580,2600,11773400
7/4/2025,PTSN,204,206,202,204,42800
7/4/2025,PTSP,890,910,820,885,11800
7/4/2025,PUDP,220,224,210,212,25000
7/4/2025,PURA,13,14,13,14,4126500
7/4/2025,PURE,0,0,0,0,0
7/4/2025,PURI,186,246,179,180,7428500
7/4/2025,PWON,370,378,368,374,25140800
7/4/2025,PYFA,228,234,220,222,24984500
7/4/2025,PYFA-W,72,72,70,72,62900
7/4/2025,PZZA,160,173,158,158,7349300
7/4/2025,R-ABFII,0,0,0,0,0
7/4/2025,R-LQ45X,947,947,930,930,16900
7/4/2025,RAAM,286,292,282,284,10331200
7/4/2025,RAFI,0,0,0,0,0
7/4/2025,RAJA,2310,2360,2250,2290,10421900
7/4/2025,RALS,400,400,394,396,2230200
7/4/2025,RANC,418,420,402,420,4600
7/4/2025,RATU,6500,6600,6250,6375,4684500
7/4/2025,RBMS,25,25,23,23,6000
7/4/2025,RCCC,113,114,109,112,884100
7/4/2025,RDTX,0,0,0,0,0
7/4/2025,REAL,53,53,53,53,22160300
7/4/2025,RELF,19,19,18,19,394400
7/4/2025,RELI,500,500,442,446,2400
7/4/2025,RGAS,115,117,111,114,17355600
7/4/2025,RICY,38,38,38,38,2500
7/4/2025,RIGS,765,765,760,760,4900
7/4/2025,RIMO,0,0,0,0,0
7/4/2025,RISE,1050,1050,1045,1050,320200
7/4/2025,RMKE,505,520,505,510,688200
7/4/2025,RMKO,99,100,97,99,245800
7/4/2025,ROCK,228,228,228,228,10700
7/4/2025,RODA,32,32,32,32,48100
7/4/2025,RONY,0,0,0,0,0
7/4/2025,ROTI,820,820,810,820,61000
7/4/2025,RSCH,462,462,454,454,466900
7/4/2025,RSGK,0,0,0,0,0
7/4/2025,RUIS,208,208,197,197,3669800
7/4/2025,RUNS,51,51,49,51,243700
7/4/2025,SAFE,212,228,204,208,925900
7/4/2025,SAGE,13,13,13,13,699800
7/4/2025,SAME,248,252,248,250,509100
7/4/2025,SAMF,336,338,332,332,42600
7/4/2025,SAPX,346,394,322,322,7875100
7/4/2025,SATU,220,224,218,224,7127100
7/4/2025,SBAT,0,0,0,0,0
7/4/2025,SBMA,122,155,122,127,31099100
7/4/2025,SCCO,2050,2070,2050,2060,4900
7/4/2025,SCMA,149,151,148,148,39982700
7/4/2025,SCMAZPCG6A,0,0,0,0,0
7/4/2025,SCNP,159,171,155,155,67300
7/4/2025,SCPI,0,0,0,0,0
7/4/2025,SDMU,25,25,25,25,29700
7/4/2025,SDPC,126,127,125,125,135000
7/4/2025,SDRA,312,314,304,304,161400
7/4/2025,SEMA,84,86,83,84,194600
7/4/2025,SFAN,1910,1915,1910,1910,115200
7/4/2025,SGER,330,334,328,334,694500
7/4/2025,SGRO,2420,2420,2390,2420,175900
7/4/2025,SHID,705,860,695,860,227400
7/4/2025,SHIP,2960,3200,2950,3160,145900
7/4/2025,SICO,114,116,113,113,2637600
7/4/2025,SIDO,488,490,486,488,5373400
7/4/2025,SILO,2210,2210,2190,2200,408000
7/4/2025,SIMA,0,0,0,0,0
7/4/2025,SIMP,505,510,486,492,15646200
7/4/2025,SINI,3940,3940,3870,3870,6900
7/4/2025,SIPD,700,700,700,700,1600
7/4/2025,SKBM,350,350,336,336,28300
7/4/2025,SKLT,186,190,184,189,110900
7/4/2025,SKRN,434,434,430,430,39100
7/4/2025,SKYB,0,0,0,0,0
7/4/2025,SLIS,50,50,50,50,27100
7/4/2025,SLIS-W,7,8,7,8,95500
7/4/2025,SMAR,3500,3500,3410,3460,4900
7/4/2025,SMBR,320,338,308,310,165700300
7/4/2025,SMCB,0,0,0,0,0
7/4/2025,SMDM,995,995,915,935,247600
7/4/2025,SMDR,308,316,306,316,25074400
7/4/2025,SMGA,79,82,78,80,47429000
7/4/2025,SMGR,2690,2710,2640,2660,2790400
7/4/2025,SMGRBQCU5A,45,46,30,31,723500
7/4/2025,SMGRBQCZ5A,59,59,56,56,30000
7/4/2025,SMGRDRCN5A,3,3,3,3,100
7/4/2025,SMGRDRCQ5A,8,8,7,7,508400
7/4/2025,SMGRDRCV5A,59,59,56,58,400
7/4/2025,SMIL,212,212,208,210,37048500
7/4/2025,SMKL,156,165,155,161,470500
7/4/2025,SMKM,84,84,79,81,4162600
7/4/2025,SMLE,127,127,121,122,789600
7/4/2025,SMMA,15475,15500,15000,15500,600
7/4/2025,SMMT,890,890,835,845,23400
7/4/2025,SMRA,368,372,366,366,22869600
7/4/2025,SMRU,0,0,0,0,0
7/4/2025,SMSM,1900,1905,1885,1885,182100
7/4/2025,SNLK,560,560,545,545,7527800
7/4/2025,SOCI,169,170,167,169,1568200
7/4/2025,SOFA,60,60,57,58,4402600
7/4/2025,SOHO,680,730,680,700,4400
7/4/2025,SOLA,153,155,153,155,12466700
7/4/2025,SONA,3320,3470,3300,3390,9600
7/4/2025,SOSS,416,424,410,418,9400
7/4/2025,SOTS,270,270,268,268,3200
7/4/2025,SOUL,39,39,36,37,1155800
7/4/2025,SPMA,252,254,250,252,73700
7/4/2025,SPRE,91,93,86,88,1952200
7/4/2025,SPTO,655,660,655,655,288800
7/4/2025,SQMI,0,0,0,0,0
7/4/2025,SRAJ,3930,4210,3920,4200,1626200
7/4/2025,SRIL,0,0,0,0,0
7/4/2025,SRSN,50,50,50,50,124800
7/4/2025,SRTG,1605,1625,1580,1600,1962500
7/4/2025,SRTGZPCG6A,0,0,0,0,0
7/4/2025,SSIA,1780,1780,1700,1705,19345900
7/4/2025,SSMS,1300,1345,1265,1310,10719000
7/4/2025,SSTM,172,172,170,170,25900
7/4/2025,STAA,785,790,770,780,11526200
7/4/2025,STAR,29,31,29,30,116900
7/4/2025,STRK,83,85,79,79,45995800
7/4/2025,STTP,10475,10475,10300,10300,200
7/4/2025,SUGI,0,0,0,0,0
7/4/2025,SULI,112,112,110,111,1173500
7/4/2025,SUNI,800,800,785,795,267000
7/4/2025,SUPR,0,0,0,0,0
7/4/2025,SURE,2290,2360,2250,2250,2500
7/4/2025,SURI,81,88,78,85,59106800
7/4/2025,SWAT,0,0,0,0,0
7/4/2025,SWID,60,61,59,61,85000
7/4/2025,TALF,296,298,278,280,17500
7/4/2025,TAMA,24,24,23,23,146900
7/4/2025,TAMU,14,14,14,14,7422500
7/4/2025,TAPG,990,995,975,985,4617200
7/4/2025,TARA,10,10,9,10,1552200
7/4/2025,TAXI,6,6,6,6,19349500
7/4/2025,TAYS,50,50,50,50,2900
7/4/2025,TBIG,1985,2020,1975,2000,199500
7/4/2025,TBLA,790,790,760,760,3452300
7/4/2025,TBMS,825,830,820,830,21800
7/4/2025,TCID,2390,2390,2370,2380,2400
7/4/2025,TCPI,5400,5450,5350,5450,9092500
7/4/2025,TDPM,0,0,0,0,0
7/4/2025,TEBE,690,690,665,685,791500
7/4/2025,TECH,0,0,0,0,0
7/4/2025,TELE,0,0,0,0,0
7/4/2025,TFAS,138,142,135,140,153300
7/4/2025,TFCO,0,0,0,0,0
7/4/2025,TGKA,6000,6000,6000,6000,600
7/4/2025,TGRA,0,0,0,0,0
7/4/2025,TGUK,0,0,0,0,0
7/4/2025,TIFA,0,0,0,0,0
7/4/2025,TINS,1035,1050,1020,1020,5370100
7/4/2025,TIRA,1750,1795,1700,1730,18700
7/4/2025,TIRT,0,0,0,0,0
7/4/2025,TKIM,5475,5475,5350,5350,340800
7/4/2025,TKIMZPCG6A,0,0,0,0,0
7/4/2025,TLDN,575,575,565,575,297800
7/4/2025,TLKM,2710,2720,2620,2630,53587300
7/4/2025,TLKMBQCQ5A,0,0,0,0,0
7/4/2025,TLKMBQCV5A,0,0,0,0,0
7/4/2025,TLKMDRCQ5A,36,36,34,34,3100
7/4/2025,TLKMDRCQ5B,77,77,73,74,400
7/4/2025,TLKMDRCX6A,0,0,0,0,0
7/4/2025,TLKMHDCQ5A,0,0,0,0,0
7/4/2025,TLKMHDCV5A,0,0,0,0,0
7/4/2025,TLKMYUCQ5A,70,70,70,70,100
7/4/2025,TLKMZPCF6A,0,0,0,0,0
7/4/2025,TMAS,132,132,128,129,2474900
7/4/2025,TMPO,154,156,146,152,4657500
7/4/2025,TNCA,145,150,144,148,80300
7/4/2025,TOBA,770,865,770,820,277757900
7/4/2025,TOOL,50,50,50,50,2923800
7/4/2025,TOPS,0,0,0,0,0
7/4/2025,TOSK,50,50,50,50,65400
7/4/2025,TOTL,670,675,665,670,522500
7/4/2025,TOTO,228,228,226,226,396200
7/4/2025,TOWR,535,540,515,520,42712800
7/4/2025,TOYS,0,0,0,0,0
7/4/2025,TPIA,10025,10025,9800,9800,4563200
7/4/2025,TPMA,575,575,570,575,1473600
7/4/2025,TRAM,0,0,0,0,0
7/4/2025,TRGU,168,168,167,168,26400
7/4/2025,TRIL,0,0,0,0,0
7/4/2025,TRIM,350,350,350,350,100
7/4/2025,TRIN,102,121,100,103,13344500
7/4/2025,TRIN-W2,0,0,0,0,0
7/4/2025,TRIO,0,0,0,0,0
7/4/2025,TRIS,166,169,164,168,4500
7/4/2025,TRJA,138,144,134,137,914500
7/4/2025,TRON,99,99,96,99,347700
7/4/2025,TRST,496,496,496,496,68000
7/4/2025,TRUE,19,19,19,19,65100
7/4/2025,TRUK,137,144,137,138,2791500
7/4/2025,TRUS,450,450,426,446,41300
7/4/2025,TSPC,2320,2320,2300,2310,238800
7/4/2025,TUGU,950,955,945,950,339600
7/4/2025,TYRE,129,130,117,122,3072000
7/4/2025,UANG,214,222,200,216,688100
7/4/2025,UCID,500,505,500,500,91900
7/4/2025,UDNG,1475,1475,1475,1475,3272900
7/4/2025,UFOE,193,193,186,186,12000
7/4/2025,ULTJ,1325,1330,1305,1315,835100
7/4/2025,UNIC,7825,7825,7750,7775,600
7/4/2025,UNIQ,374,392,372,384,47586500
7/4/2025,UNIT,0,0,0,0,0
7/4/2025,UNSP,119,119,117,117,483200
7/4/2025,UNTD,79,80,75,76,8869700
7/4/2025,UNTR,21500,21550,21375,21550,1945200
7/4/2025,UNTRBQCV5A,0,0,0,0,0
7/4/2025,UNTRDRCG6A,96,96,95,95,20200
7/4/2025,UNTRDRCN5A,0,0,0,0,0
7/4/2025,UNTRDRCQ5A,25,25,25,25,200000
7/4/2025,UNTRHDCQ5A,0,0,0,0,0
7/4/2025,UNVR,1600,1605,1515,1545,38933100
7/4/2025,UNVRBQCQ5A,26,28,22,22,2388500
7/4/2025,UNVRBQCU5A,29,31,29,31,4000
7/4/2025,UNVRBQCZ5A,0,0,0,0,0
7/4/2025,UNVRDRCG6A,41,41,36,37,206400
7/4/2025,UNVRDRCN5A,18,18,15,17,16811300
7/4/2025,UNVRDRCQ5A,8,8,6,6,3726200
7/4/2025,UNVRHDCQ5A,0,0,0,0,0
7/4/2025,URBN,127,127,121,124,7500
7/4/2025,UVCR,79,79,76,78,2817100
7/4/2025,VAST,140,141,138,140,5875600
7/4/2025,VAST-W,14,14,13,14,390300
7/4/2025,VERN,120,122,118,121,330900
7/4/2025,VERN-W,3,4,3,4,50700
7/4/2025,VICI,640,645,635,640,277900
7/4/2025,VICO,145,145,144,144,50800
7/4/2025,VINS,113,115,113,115,40400
7/4/2025,VISI,137,148,137,139,64300
7/4/2025,VIVA,13,13,13,13,10696900
7/4/2025,VKTR,83,85,82,83,10727800
7/4/2025,VOKS,185,193,185,189,25500
7/4/2025,VRNA,72,73,71,71,407200
7/4/2025,VTNY,114,114,110,113,5585000
7/4/2025,WAPO,142,159,140,158,3703800
7/4/2025,WEGE,51,52,50,51,26150200
7/4/2025,WEHA,106,107,103,107,2546400
7/4/2025,WGSH,181,183,178,181,579800
7/4/2025,WICO,0,0,0,0,0
7/4/2025,WIDI,19,19,18,18,437000
7/4/2025,WIFI,1995,2010,1990,2000,12335800
7/4/2025,WIIM,810,815,795,795,884000
7/4/2025,WIKA,0,0,0,0,0
7/4/2025,WINE,224,230,222,228,24900
7/4/2025,WINR,26,27,26,26,1497800
7/4/2025,WINS,368,380,364,378,2114100
7/4/2025,WIRG,82,85,82,82,106472200
7/4/2025,WMPP,0,0,0,0,0
7/4/2025,WMUU,0,0,0,0,0
7/4/2025,WOMF,348,350,346,348,204100
7/4/2025,WOOD,364,374,364,368,478000
7/4/2025,WOWS,58,58,57,57,584000
7/4/2025,WSBP,13,14,13,14,3411600
7/4/2025,WSKT,0,0,0,0,0
7/4/2025,WTON,91,92,88,88,9084000
7/4/2025,XAQA,0,0,0,0,0
7/4/2025,XBES,997,997,997,997,10000
7/4/2025,XBID,488,488,486,486,40100
7/4/2025,XBIG,0,0,0,0,0
7/4/2025,XBIN,543,543,543,543,40000
7/4/2025,XBLQ,0,0,0,0,0
7/4/2025,XBNI,1002,1002,999,999,900
7/4/2025,XBSK,423,423,423,423,40000
7/4/2025,XCEG,99,99,99,99,1100
7/4/2025,XCID,60,60,58,58,1900
7/4/2025,XCIS,52,52,52,52,5300
7/4/2025,XCLQ,0,0,0,0,0
7/4/2025,XDIF,0,0,0,0,0
7/4/2025,XIFE,0,0,0,0,0
7/4/2025,XIHD,601,602,596,596,400
7/4/2025,XIIC,0,0,0,0,0
7/4/2025,XIID,0,0,0,0,0
7/4/2025,XIIF,446,446,445,446,10000
7/4/2025,XIIT,494,494,488,488,2800
7/4/2025,XIJI,577,577,577,577,600
7/4/2025,XILV,116,116,116,116,100
7/4/2025,XIML,0,0,0,0,0
7/4/2025,XIPB,199,199,199,199,100
7/4/2025,XIPI,210,210,209,209,44600
7/4/2025,XISB,0,0,0,0,0
7/4/2025,XISC,0,0,0,0,0
7/4/2025,XISI,318,318,318,318,1500
7/4/2025,XISR,0,0,0,0,0
7/4/2025,XKID,0,0,0,0,0
7/4/2025,XKIV,519,519,519,519,40000
7/4/2025,XKMS,1117,1122,1113,1122,200100
7/4/2025,XMGB,1091,1091,1091,1091,100
7/4/2025,XMIG,205,205,205,205,200000
7/4/2025,XMLF,843,843,843,843,40000
7/4/2025,XMSK,365,365,365,365,600
7/4/2025,XNVE,0,0,0,0,0
7/4/2025,XPDV,580,580,580,580,600
7/4/2025,XPFT,0,0,0,0,0
7/4/2025,XPIN,587,587,583,583,1300
7/4/2025,XPLQ,0,0,0,0,0
7/4/2025,XPSG,0,0,0,0,0
7/4/2025,XPTD,0,0,0,0,0
7/4/2025,XSBC,51,51,51,51,100
7/4/2025,XSPI,0,0,0,0,0
7/4/2025,XSSI,51,54,51,54,16500
7/4/2025,XSSK,658,658,658,658,20000
7/4/2025,YELO,18,18,18,18,1206200
7/4/2025,YOII,95,96,93,93,2845200
7/4/2025,YPAS,270,294,270,294,2100
7/4/2025,YULE,2900,2910,2820,2820,2100
7/4/2025,YUPI,2320,2420,2320,2330,1293400
7/4/2025,ZATA,9,10,9,10,2691700
7/4/2025,ZBRA,0,0,0,0,0
7/4/2025,ZINC,12,13,12,12,1057900
7/4/2025,ZONE,805,805,805,805,138000
7/4/2025,ZYRX,137,141,132,132,2075500
