<date>,<ticker>,<open>,<high>,<low>,<close>,<volume>
7/23/2025,IHSG,7378.231,7469.230,7344.648,7469.230,272796643
7/23/2025,IDX30,0.000,0.000,0.000,0.000,0
7/23/2025,IDX80,0.000,0.000,0.000,0.000,0
7/23/2025,AADI,7100,7200,7025,7175,29269800
7/23/2025,AALI,6275,6350,6250,6325,906200
7/23/2025,ABBA,37,37,37,37,2952000
7/23/2025,ABDA,0,0,0,0,0
7/23/2025,ABMM,3000,3050,2990,3040,663000
7/23/2025,ACES,472,478,470,474,37289000
7/23/2025,ACESBQCV5A,4,4,3,3,2192600
7/23/2025,ACESDRCJ6A,20,20,20,20,10500
7/23/2025,ACESDRCN5A,2,2,1,1,424900
7/23/2025,ACESDRCQ5A,1,2,1,2,74500
7/23/2025,ACESHDCZ5A,0,0,0,0,0
7/23/2025,ACRO,67,67,65,66,5873200
7/23/2025,ACRO-W,6,7,6,7,617300
7/23/2025,ACST,90,91,90,91,715600
7/23/2025,ADCP,50,50,50,50,53700
7/23/2025,ADES,12525,13075,12500,12700,17900
7/23/2025,ADHI,264,266,254,260,10173500
7/23/2025,ADMF,9150,9150,9050,9125,26000
7/23/2025,ADMG,118,122,118,120,78500
7/23/2025,ADMR,1105,1270,1100,1225,352087400
7/23/2025,ADMRDRCJ6A,52,65,50,58,1332200
7/23/2025,ADMRZPCH6A,75,90,75,84,484400
7/23/2025,ADRO,2010,2050,1970,2020,147267400
7/23/2025,ADROBQCU5A,39,39,37,39,655100
7/23/2025,ADROBQCZ5A,46,48,45,47,10600
7/23/2025,ADRODRCJ6A,92,98,92,98,148000
7/23/2025,ADRODRCN5A,1,2,1,2,54700
7/23/2025,ADRODRCQ5A,5,5,3,3,19715500
7/23/2025,ADRODRCQ5B,28,30,28,29,650200
7/23/2025,ADRODRCX5A,61,64,58,61,1877200
7/23/2025,ADROHDCQ5A,12,13,10,11,4426700
7/23/2025,ADROHDCZ5A,97,102,97,101,1936500
7/23/2025,ADROZPCF6A,50,50,50,50,5500
7/23/2025,AEGS,32,34,31,33,2712000
7/23/2025,AGAR,224,224,200,218,625200
7/23/2025,AGII,975,980,965,970,182500
7/23/2025,AGRO,204,208,202,206,8011900
7/23/2025,AGRS,63,63,62,63,2462100
7/23/2025,AHAP,64,65,63,63,8202400
7/23/2025,AIMS,384,390,380,386,1779000
7/23/2025,AISA,149,149,146,148,1728500
7/23/2025,AKKU,0,0,0,0,0
7/23/2025,AKPI,595,595,595,595,2600
7/23/2025,AKRA,1220,1260,1220,1260,20850200
7/23/2025,AKRADRCN5A,35,39,35,39,1200
7/23/2025,AKRADRCQ5A,8,10,8,9,633200
7/23/2025,AKRADRCX5A,38,42,36,42,597400
7/23/2025,AKRAHDCQ5A,0,0,0,0,0
7/23/2025,AKRAZPCX5A,62,65,62,65,150000
7/23/2025,AKSI,264,268,262,268,134700
7/23/2025,ALDO,525,535,480,492,1396300
7/23/2025,ALII,585,590,570,575,3692400
7/23/2025,ALKA,296,300,296,296,4800
7/23/2025,ALMI,0,0,0,0,0
7/23/2025,ALTO,0,0,0,0,0
7/23/2025,AMAG,362,362,352,354,72100
7/23/2025,AMAN,112,113,110,112,2675700
7/23/2025,AMAR,169,224,167,224,30778100
7/23/2025,AMFG,3500,3510,3500,3500,192300
7/23/2025,AMIN,158,186,150,156,2908700
7/23/2025,AMMN,7950,8100,7950,8050,30964500
7/23/2025,AMMNBQCZ5A,67,67,66,66,8000
7/23/2025,AMMNDRCJ6A,75,77,75,76,4500
7/23/2025,AMMNZPCG6A,61,63,61,63,5800
7/23/2025,AMMS,110,110,101,104,3218100
7/23/2025,AMMS-W,4,4,2,2,37686800
7/23/2025,AMOR,510,520,510,515,11800
7/23/2025,AMRT,2230,2250,2210,2250,18446000
7/23/2025,AMRTBQCU5A,18,18,16,16,101400
7/23/2025,AMRTDRCN5A,0,0,0,0,0
7/23/2025,AMRTDRCQ5A,0,0,0,0,0
7/23/2025,AMRTDRCZ5A,43,43,41,41,200
7/23/2025,AMRTHDCQ5A,0,0,0,0,0
7/23/2025,AMRTZPCX5A,0,0,0,0,0
7/23/2025,ANDI,18,18,18,18,10528700
7/23/2025,ANJT,1755,1765,1755,1755,1369400
7/23/2025,ANTM,3010,3040,2870,3040,195644700
7/23/2025,ANTMBQCU5A,0,0,0,0,0
7/23/2025,ANTMBQCX5A,81,81,81,81,200
7/23/2025,ANTMBQCZ5A,0,0,0,0,0
7/23/2025,ANTMDRCG6A,53,54,47,54,1920500
7/23/2025,ANTMDRCN5A,218,218,218,218,100
7/23/2025,ANTMDRCQ5A,258,266,252,266,163200
7/23/2025,ANTMDRCX5A,292,298,274,294,430000
7/23/2025,ANTMDRPU5A,55,55,53,53,3004500
7/23/2025,ANTMDRPU5B,33,33,30,30,2600
7/23/2025,ANTMHDCH6A,89,90,83,90,208600
7/23/2025,ANTMHDCQ5A,370,378,368,378,80900
7/23/2025,ANTMHDCU5A,146,146,140,140,800
7/23/2025,ANTMYUCQ5A,326,350,326,350,500
7/23/2025,ANTMZPCX5A,181,185,181,185,1900
7/23/2025,APEX,122,125,122,122,11552600
7/23/2025,APIC,1195,1215,1190,1200,4227300
7/23/2025,APII,173,174,170,170,27500
7/23/2025,APLI,482,498,478,492,5100
7/23/2025,APLN,94,96,93,96,11978400
7/23/2025,ARCI,0,0,0,0,0
7/23/2025,AREA,410,416,402,414,371600
7/23/2025,ARGO,1255,1550,1255,1550,297900
7/23/2025,ARII,278,292,268,286,165900
7/23/2025,ARKA,20,21,20,20,3482600
7/23/2025,ARKO,970,995,910,980,4196800
7/23/2025,ARMY,0,0,0,0,0
7/23/2025,ARNA,590,590,575,585,1778800
7/23/2025,ARTA,3270,4080,3040,3890,590700
7/23/2025,ARTI,0,0,0,0,0
7/23/2025,ARTO,1745,1780,1735,1765,2181500
7/23/2025,ARTOBQCU5A,0,0,0,0,0
7/23/2025,ARTOBQCZ5A,0,0,0,0,0
7/23/2025,ARTODRCN5A,1,3,1,2,432600
7/23/2025,ARTODRCQ5A,0,0,0,0,0
7/23/2025,ARTODRCX5A,37,37,36,36,32000
7/23/2025,ARTOHDCZ5A,0,0,0,0,0
7/23/2025,ARTOZPCX5A,0,0,0,0,0
7/23/2025,ASBI,426,426,416,422,10400
7/23/2025,ASDM,525,525,510,510,83200
7/23/2025,ASGR,885,900,885,900,568800
7/23/2025,ASHA,17,17,17,17,2895300
7/23/2025,ASII,4740,4950,4720,4950,94669900
7/23/2025,ASIIBQCU5A,51,51,51,51,600
7/23/2025,ASIIBQCZ5A,0,0,0,0,0
7/23/2025,ASIIDRCQ5A,20,20,20,20,2200
7/23/2025,ASIIDRCQ5B,17,20,17,20,75300
7/23/2025,ASIIDRCX5A,90,94,90,94,23400
7/23/2025,ASIIDRCX6A,2840,2920,2840,2920,600
7/23/2025,ASIIDRPQ5A,20,20,17,17,8900
7/23/2025,ASIIHDCZ5A,0,0,0,0,0
7/23/2025,ASJT,109,135,109,113,5499900
7/23/2025,ASLC,68,68,66,68,13828200
7/23/2025,ASLI,50,50,50,50,999700
7/23/2025,ASMI,18,18,17,17,249000
7/23/2025,ASPI,0,0,0,0,0
7/23/2025,ASPR,89,108,89,100,274378800
7/23/2025,ASRI,136,143,136,142,114714300
7/23/2025,ASRM,274,280,274,280,18000
7/23/2025,ASSA,890,895,845,880,7773700
7/23/2025,ATAP,27,28,27,28,23800
7/23/2025,ATIC,384,396,380,390,296500
7/23/2025,ATLA,50,50,50,50,1231800
7/23/2025,AUTO,2150,2170,2130,2150,2621700
7/23/2025,AVIA,462,464,458,462,30351200
7/23/2025,AWAN,262,262,256,258,22068800
7/23/2025,AXIO,132,132,128,131,1268600
7/23/2025,AYAM,161,163,159,161,89504000
7/23/2025,AYLS,112,115,106,107,28118900
7/23/2025,BABP,50,51,50,50,5430100
7/23/2025,BABY,244,252,228,250,12615700
7/23/2025,BACA,130,131,130,130,955900
7/23/2025,BAIK,94,95,93,93,964400
7/23/2025,BAIK-W,8,8,7,8,125100
7/23/2025,BAJA,124,124,120,121,969200
7/23/2025,BALI,1500,1650,1500,1595,32200
7/23/2025,BANK,810,825,800,820,6719400
7/23/2025,BANK-W,0,0,0,0,0
7/23/2025,BAPA,50,50,50,50,51000
7/23/2025,BAPI,8,9,8,9,903700
7/23/2025,BATA,50,50,50,50,400
7/23/2025,BATR,87,88,85,85,2472100
7/23/2025,BAUT,29,30,29,30,2371800
7/23/2025,BAYU,1300,1300,1265,1270,178900
7/23/2025,BBCA,8450,8500,8400,8425,70969500
7/23/2025,BBCABQCV5A,49,49,47,47,800
7/23/2025,BBCABQCX5A,95,95,53,53,400
7/23/2025,BBCADRCF6A,67,67,67,67,100
7/23/2025,BBCADRCQ5A,23,23,21,21,23100
7/23/2025,BBCADRCX6A,0,0,0,0,0
7/23/2025,BBCADRPQ5A,57,59,57,58,6500
7/23/2025,BBCAHDCQ5A,5,5,5,5,160000
7/23/2025,BBCAHDCU5A,0,0,0,0,0
7/23/2025,BBCAHDCV5A,0,0,0,0,0
7/23/2025,BBCAYUCQ5A,49,49,49,49,100
7/23/2025,BBCAZPCF6A,51,51,51,51,6200
7/23/2025,BBCAZPCH6A,0,0,0,0,0
7/23/2025,BBHI,1140,1230,1140,1200,3322100
7/23/2025,BBKP,62,63,62,63,58225800
7/23/2025,BBLD,820,855,810,855,79900
7/23/2025,BBMD,2180,2200,2130,2200,1400
7/23/2025,BBNI,4080,4100,4040,4100,23315700
7/23/2025,BBNIBQCU5A,0,0,0,0,0
7/23/2025,BBNIBQCV5A,71,71,70,70,3000
7/23/2025,BBNIDRCQ5A,0,0,0,0,0
7/23/2025,BBNIDRCX6A,0,0,0,0,0
7/23/2025,BBNIDRCZ5A,0,0,0,0,0
7/23/2025,BBNIDRPU5A,0,0,0,0,0
7/23/2025,BBNIHDCQ5A,0,0,0,0,0
7/23/2025,BBNIHDCU5A,0,0,0,0,0
7/23/2025,BBNIHDPU5A,0,0,0,0,0
7/23/2025,BBNIYUCV5A,63,63,63,63,16300
7/23/2025,BBNIZPCH6A,95,95,95,95,100
7/23/2025,BBNIZPCX5A,0,0,0,0,0
7/23/2025,BBRI,3840,3860,3790,3800,132305000
7/23/2025,BBRIBQCQ5A,10,10,10,10,110100
7/23/2025,BBRIBQCU5A,0,0,0,0,0
7/23/2025,BBRIBQCZ5A,0,0,0,0,0
7/23/2025,BBRIDRCQ5A,24,24,22,22,297100
7/23/2025,BBRIDRCX5A,155,155,152,152,200
7/23/2025,BBRIDRCX6A,0,0,0,0,0
7/23/2025,BBRIHDCH6A,134,135,134,135,7000
7/23/2025,BBRIHDCQ5A,0,0,0,0,0
7/23/2025,BBRIYUCV5A,0,0,0,0,0
7/23/2025,BBRIZPCH6A,0,0,0,0,0
7/23/2025,BBRIZPCX5A,0,0,0,0,0
7/23/2025,BBRM,76,77,75,77,307500
7/23/2025,BBSI,0,0,0,0,0
7/23/2025,BBSS,306,318,288,298,3206700
7/23/2025,BBTN,1180,1195,1165,1190,7971700
7/23/2025,BBTNHDCZ5A,107,108,107,108,584000
7/23/2025,BBTNZPCG6A,47,47,47,47,47600
7/23/2025,BBYB,246,256,242,256,34448000
7/23/2025,BCAP,56,59,55,55,51539900
7/23/2025,BCIC,0,0,0,0,0
7/23/2025,BCIP,99,104,98,102,34175300
7/23/2025,BDKR,158,158,152,155,18629200
7/23/2025,BDMN,2420,2420,2400,2420,1385100
7/23/2025,BEBS,0,0,0,0,0
7/23/2025,BEEF,264,272,258,260,13291900
7/23/2025,BEER,71,78,68,74,3197100
7/23/2025,BEKS,24,25,24,25,3916600
7/23/2025,BELI,388,388,380,382,898100
7/23/2025,BELL,50,50,50,50,112500
7/23/2025,BESS,1035,1060,995,1005,58000
7/23/2025,BEST,100,102,100,102,3656100
7/23/2025,BFIN,775,775,745,750,13974400
7/23/2025,BGTG,79,80,78,80,6544500
7/23/2025,BHAT,760,765,755,765,2660700
7/23/2025,BHIT,26,27,26,27,19313100
7/23/2025,BIKA,0,0,0,0,0
7/23/2025,BIKE,585,595,580,590,911100
7/23/2025,BIMA,44,44,44,44,3300
7/23/2025,BINA,4350,4350,4280,4320,63100
7/23/2025,BINO,112,112,110,111,594000
7/23/2025,BIPI,91,92,86,86,243211000
7/23/2025,BIPP,40,40,38,38,9100
7/23/2025,BIRD,1910,1920,1895,1920,818500
7/23/2025,BISI,920,920,915,920,33100
7/23/2025,BJBR,815,815,810,815,2793400
7/23/2025,BJTM,492,494,490,490,3862700
7/23/2025,BKDP,34,34,34,34,33300
7/23/2025,BKSL,118,124,115,124,497051400
7/23/2025,BKSW,63,64,61,64,5342000
7/23/2025,BLES,176,178,174,175,5407500
7/23/2025,BLOG,595,610,545,555,33940100
7/23/2025,BLTA,20,20,20,20,3742500
7/23/2025,BLTZ,0,0,0,0,0
7/23/2025,BLUE,310,312,308,310,33200
7/23/2025,BMAS,0,0,0,0,0
7/23/2025,BMBL,16,18,16,17,19846900
7/23/2025,BMHS,199,200,194,196,2463800
7/23/2025,BMRI,4660,4690,4660,4680,115298400
7/23/2025,BMRIBQCU5A,16,16,15,15,4000
7/23/2025,BMRIBQCZ5A,83,83,83,83,110900
7/23/2025,BMRIDRCQ5A,4,4,4,4,15000
7/23/2025,BMRIDRCX5A,65,65,65,65,71500
7/23/2025,BMRIDRCX6A,2350,2350,2350,2350,100
7/23/2025,BMRIHDCQ5A,0,0,0,0,0
7/23/2025,BMRIHDCU5A,0,0,0,0,0
7/23/2025,BMRIHDPU5A,0,0,0,0,0
7/23/2025,BMRIYUCQ5A,32,32,32,32,100
7/23/2025,BMRIZPCH6A,0,0,0,0,0
7/23/2025,BMRIZPCX5A,43,43,43,43,547500
7/23/2025,BMSR,250,250,242,248,70100
7/23/2025,BMTR,133,153,133,146,238107200
7/23/2025,BNBA,830,830,800,815,149200
7/23/2025,BNBR,27,27,26,27,7927900
7/23/2025,BNGA,1715,1715,1700,1705,2469600
7/23/2025,BNGAZPCH6A,52,52,52,52,400
7/23/2025,BNII,199,200,196,200,1426900
7/23/2025,BNLI,2810,2840,2800,2820,138900
7/23/2025,BOAT,99,100,97,98,2525600
7/23/2025,BOBA,178,188,175,183,298100
7/23/2025,BOGA,575,585,565,575,582800
7/23/2025,BOLA,130,130,124,127,525000
7/23/2025,BOLT,1230,1235,1225,1230,482100
7/23/2025,BOSS,0,0,0,0,0
7/23/2025,BPFI,324,338,324,336,2200
7/23/2025,BPII,605,610,585,585,277000
7/23/2025,BPTR,97,97,94,96,532000
7/23/2025,BRAM,5725,5750,5700,5750,800
7/23/2025,BREN,7925,8025,7550,7825,33058300
7/23/2025,BRIS,2720,2750,2720,2730,12419200
7/23/2025,BRISBQCZ5A,77,77,76,76,600
7/23/2025,BRISDRCJ6A,55,58,54,58,36100
7/23/2025,BRISHDCZ5A,0,0,0,0,0
7/23/2025,BRISYUCV5A,90,90,90,90,400
7/23/2025,BRISZPCG6A,0,0,0,0,0
7/23/2025,BRMS,444,450,432,442,602794700
7/23/2025,BRMSBQCZ5A,74,75,71,73,18400
7/23/2025,BRMSDRCJ6A,48,48,42,42,140400
7/23/2025,BRMSHDCZ5A,0,0,0,0,0
7/23/2025,BRMSYUCV5A,35,36,34,36,86400
7/23/2025,BRMSZPCG6A,69,69,65,66,206100
7/23/2025,BRNA,620,655,610,615,2700
7/23/2025,BRPT,2230,2230,2080,2210,234947000
7/23/2025,BRPTBQCQ5A,565,575,530,530,1200
7/23/2025,BRPTBQCV5A,352,356,328,330,1800
7/23/2025,BRPTBQCZ5A,0,0,0,0,0
7/23/2025,BRPTDRCF6A,182,185,175,182,887500
7/23/2025,BRPTDRCJ6A,101,101,95,99,7296000
7/23/2025,BRPTDRCN5A,346,356,346,354,4600
7/23/2025,BRPTDRCQ5A,230,232,228,232,300
7/23/2025,BRPTDRCX5A,216,220,206,214,27800
7/23/2025,BRPTDRPV5A,22,22,21,21,1110000
7/23/2025,BRPTHDCH6A,163,163,153,155,2900
7/23/2025,BRPTHDCQ5A,0,0,0,0,0
7/23/2025,BRPTZPCF6A,220,220,220,220,2000000
7/23/2025,BRPTZPCX5A,0,0,0,0,0
7/23/2025,BRRC,57,57,56,56,2819800
7/23/2025,BRRC-W,8,8,7,8,598900
7/23/2025,BSBK,50,51,50,51,22613600
7/23/2025,BSDE,800,830,795,825,16711700
7/23/2025,BSDEDRCJ6A,23,24,23,24,103500
7/23/2025,BSDEZPCH6A,0,0,0,0,0
7/23/2025,BSIM,900,900,855,860,18400
7/23/2025,BSML,101,107,100,103,39019500
7/23/2025,BSSR,3930,3990,3930,3990,393100
7/23/2025,BSWD,0,0,0,0,0
7/23/2025,BTEK,5,5,5,5,4187300
7/23/2025,BTEL,0,0,0,0,0
7/23/2025,BTON,392,392,390,390,900
7/23/2025,BTPN,2140,2140,2110,2120,4600
7/23/2025,BTPS,1525,1560,1500,1540,16918100
7/23/2025,BTPSZPCH6A,0,0,0,0,0
7/23/2025,BUAH,1450,1475,1380,1425,189700
7/23/2025,BUDI,234,240,232,238,12600
7/23/2025,BUKA,140,143,140,140,58445800
7/23/2025,BUKAHDCZ5A,0,0,0,0,0
7/23/2025,BUKK,810,810,795,795,67200
7/23/2025,BULL,134,145,132,141,301155900
7/23/2025,BUMI,120,123,118,119,1074547100
7/23/2025,BUVA,101,113,100,107,192821400
7/23/2025,BVIC,86,87,85,86,1854600
7/23/2025,BVIC-W,49,49,47,48,27900
7/23/2025,BWPT,97,104,87,91,534904000
7/23/2025,BYAN,19375,19375,19200,19200,26500
7/23/2025,CAKK,140,140,136,139,90500
7/23/2025,CAMP,212,212,206,206,2767200
7/23/2025,CANI,42,42,41,41,52600
7/23/2025,CARE,226,230,222,226,22579100
7/23/2025,CARS,82,82,79,82,9707700
7/23/2025,CASA,980,995,975,985,5185800
7/23/2025,CASH,58,63,58,63,1950900
7/23/2025,CASS,2130,2150,2110,2130,1047700
7/23/2025,CBDK,6000,6125,5900,6075,20320400
7/23/2025,CBMF,0,0,0,0,0
7/23/2025,CBPE,185,186,185,185,107800
7/23/2025,CBRE,66,68,66,67,3400300
7/23/2025,CBUT,1030,1030,1020,1020,2500
7/23/2025,CCSI,328,334,318,326,237300
7/23/2025,CDIA,0,0,0,0,0
7/23/2025,CEKA,2770,2780,2750,2780,48900
7/23/2025,CENT,102,104,99,102,3303100
7/23/2025,CFIN,310,316,306,310,2021500
7/23/2025,CGAS,92,93,91,92,3025500
7/23/2025,CHEK,195,197,189,193,26714300
7/23/2025,CHEM,63,63,59,60,13982500
7/23/2025,CHIP,1325,1325,1315,1320,69200
7/23/2025,CINT,156,156,154,154,185200
7/23/2025,CITA,3950,4040,3890,3960,330600
7/23/2025,CITY,95,99,93,98,9266500
7/23/2025,CLAY,715,715,670,680,140300
7/23/2025,CLEO,585,600,580,580,10754400
7/23/2025,CLPI,1240,1240,1200,1220,177100
7/23/2025,CMNP,1320,1325,1305,1320,127600
7/23/2025,CMNP-W,324,400,324,400,400
7/23/2025,CMNT,815,825,805,815,27881000
7/23/2025,CMPP,73,75,72,75,191800
7/23/2025,CMRY,4600,4700,4510,4700,1413300
7/23/2025,CNKO,30,30,29,30,4733700
7/23/2025,CNMA,145,157,145,151,105384300
7/23/2025,CNTB,0,0,0,0,0
7/23/2025,CNTX,0,0,0,0,0
7/23/2025,COAL,34,34,34,34,520100
7/23/2025,COCO,264,294,248,254,127372800
7/23/2025,COIN,0,0,0,0,0
7/23/2025,COWL,0,0,0,0,0
7/23/2025,CPIN,4980,5025,4920,5025,3156300
7/23/2025,CPINDRCG6A,96,98,96,97,300
7/23/2025,CPINDRCN5A,67,67,67,67,100
7/23/2025,CPINDRCQ5A,22,25,22,25,200
7/23/2025,CPINHDCQ5A,0,0,0,0,0
7/23/2025,CPRI,0,0,0,0,0
7/23/2025,CPRO,52,52,51,51,22514500
7/23/2025,CRAB,236,240,234,240,318400
7/23/2025,CRSN,103,103,101,103,413600
7/23/2025,CSAP,242,254,240,252,489700
7/23/2025,CSIS,69,70,67,69,553900
7/23/2025,CSMI,454,460,400,460,8870300
7/23/2025,CSRA,730,745,710,710,261500
7/23/2025,CTBN,0,0,0,0,0
7/23/2025,CTRA,940,960,940,945,8892400
7/23/2025,CTRADRCJ6A,25,25,25,25,8100
7/23/2025,CTRAZPCG6A,41,42,41,41,3900
7/23/2025,CTTH,25,25,25,25,1900
7/23/2025,CUAN,1575,1585,1505,1555,156030200
7/23/2025,CYBR,925,960,900,950,13978500
7/23/2025,CYBR-W,535,555,535,535,1600
7/23/2025,DAAZ,4000,4000,3900,3940,549700
7/23/2025,DADA,8,8,7,7,24760600
7/23/2025,DART,143,143,141,143,24400
7/23/2025,DATA,1830,1840,1645,1730,20513800
7/23/2025,DAYA,890,910,890,900,13400
7/23/2025,DCII,288950,346725,288950,346725,68000
7/23/2025,DEAL,0,0,0,0,0
7/23/2025,DEFI,0,0,0,0,0
7/23/2025,DEPO,202,202,200,202,41400
7/23/2025,DEWA,206,224,202,222,620339900
7/23/2025,DEWI,101,102,99,102,67054900
7/23/2025,DFAM,50,50,50,50,1100
7/23/2025,DGIK,90,94,89,91,8470400
7/23/2025,DGNS,158,160,154,156,431600
7/23/2025,DGWG,426,428,420,420,8621700
7/23/2025,DIGI,20,20,20,20,76800
7/23/2025,DILD,127,131,127,129,21998600
7/23/2025,DIVA,113,115,109,113,6585000
7/23/2025,DKFT,620,660,605,660,74479900
7/23/2025,DKHH,56,56,55,55,14969400
7/23/2025,DKHH-W,11,11,10,11,5381600
7/23/2025,DLTA,2020,2030,2010,2020,65800
7/23/2025,DMAS,151,151,146,146,67870800
7/23/2025,DMMX,382,386,374,384,1654600
7/23/2025,DMND,515,535,505,525,182300
7/23/2025,DNAR,117,121,115,119,10634100
7/23/2025,DNET,9175,9175,9000,9100,11500
7/23/2025,DOID,410,418,392,396,57561700
7/23/2025,DOOH,127,130,119,122,232990000
7/23/2025,DOSS,137,140,135,138,1027900
7/23/2025,DPNS,228,230,220,224,29000
7/23/2025,DPUM,50,50,50,50,100000
7/23/2025,DRMA,955,955,945,945,1738500
7/23/2025,DSFI,56,56,55,55,647900
7/23/2025,DSNG,1065,1130,1060,1060,31460600
7/23/2025,DSSA,65500,67675,64775,65500,2633800
7/23/2025,DUCK,0,0,0,0,0
7/23/2025,DUTI,3480,3490,3480,3490,14700
7/23/2025,DVLA,1690,1700,1690,1690,9900
7/23/2025,DWGL,214,224,214,222,272400
7/23/2025,DYAN,90,91,88,90,678200
7/23/2025,EAST,98,101,95,96,22232600
7/23/2025,ECII,192,202,190,197,2626400
7/23/2025,EDGE,4790,4960,4550,4640,367600
7/23/2025,EKAD,185,185,183,185,127000
7/23/2025,ELIT,187,188,179,182,12796000
7/23/2025,ELPI,352,352,350,352,32700
7/23/2025,ELSA,492,498,492,496,20451800
7/23/2025,ELSADRCJ6A,39,39,39,39,100
7/23/2025,ELSAZPCG6A,37,37,37,37,22200
7/23/2025,ELTY,10,11,10,10,4018400
7/23/2025,EMDE,93,93,92,93,68600
7/23/2025,EMTK,620,620,585,610,41119800
7/23/2025,EMTKBQCZ5A,92,92,89,89,600
7/23/2025,EMTKHDCZ5A,64,65,64,65,150000
7/23/2025,EMTKYUCV5A,42,42,41,42,600
7/23/2025,EMTKZPCH6A,0,0,0,0,0
7/23/2025,ENAK,715,715,700,715,351700
7/23/2025,ENRG,482,492,472,486,106846000
7/23/2025,ENRGDRCJ6A,58,60,58,60,161200
7/23/2025,ENRGHDCZ5A,157,157,157,157,100
7/23/2025,ENRGZPCG6A,129,133,126,130,112300
7/23/2025,ENVY,0,0,0,0,0
7/23/2025,ENZO,28,33,28,32,2500
7/23/2025,EPAC,11,12,11,12,1223000
7/23/2025,EPMT,2280,2350,2270,2310,48600
7/23/2025,ERAA,520,525,505,515,32792600
7/23/2025,ERAABQCZ5A,60,60,60,60,1000
7/23/2025,ERAADRCJ6A,18,20,18,20,56000
7/23/2025,ERAAHDCZ5A,0,0,0,0,0
7/23/2025,ERAAZPCH6A,0,0,0,0,0
7/23/2025,ERAL,404,408,390,392,26608000
7/23/2025,ERTX,106,106,103,105,2057500
7/23/2025,ESIP,34,35,34,35,828700
7/23/2025,ESSA,580,585,565,570,33147700
7/23/2025,ESSABQCZ5A,56,56,55,55,800
7/23/2025,ESSAHDCH6A,53,53,53,53,3100
7/23/2025,ESTA,67,67,65,66,505500
7/23/2025,ESTI,34,34,34,34,22800
7/23/2025,ETWA,0,0,0,0,0
7/23/2025,EURO,180,192,176,190,54033100
7/23/2025,EXCL,2580,2600,2510,2580,4746000
7/23/2025,EXCLHDCQ5A,0,0,0,0,0
7/23/2025,EXCLZPCF6A,0,0,0,0,0
7/23/2025,FAPA,5575,5600,5550,5575,11000
7/23/2025,FAST,328,330,316,320,2059100
7/23/2025,FASW,0,0,0,0,0
7/23/2025,FILM,1525,1590,1430,1590,22159900
7/23/2025,FIMP,60,66,60,66,118500
7/23/2025,FIRE,76,82,76,78,16258800
7/23/2025,FISH,0,0,0,0,0
7/23/2025,FITT,214,214,214,214,4872600
7/23/2025,FLMC,48,50,46,47,751700
7/23/2025,FMII,328,338,318,318,194200
7/23/2025,FOLK,75,75,72,74,1695300
7/23/2025,FOOD,102,102,102,102,1400
7/23/2025,FORE,635,665,605,620,26330400
7/23/2025,FORU,1260,1260,1220,1250,96900
7/23/2025,FPNI,195,196,194,195,603400
7/23/2025,FUJI,380,386,370,386,35800
7/23/2025,FUTR,54,55,52,54,16200300
7/23/2025,FWCT,136,137,134,136,498900
7/23/2025,GAMA,0,0,0,0,0
7/23/2025,GDST,105,106,104,105,558200
7/23/2025,GDYR,1200,1200,1180,1180,3000
7/23/2025,GEMA,84,85,83,85,636900
7/23/2025,GEMS,9300,9375,9275,9350,118500
7/23/2025,GGRM,9500,9500,9200,9350,586200
7/23/2025,GGRMZPCG6A,50,50,50,50,200
7/23/2025,GGRP,0,0,0,0,0
7/23/2025,GHON,1630,1640,1590,1610,34300
7/23/2025,GIAA,70,70,70,70,61175700
7/23/2025,GJTL,1130,1180,1130,1135,17478100
7/23/2025,GLOB,51,56,47,56,59900
7/23/2025,GLVA,338,338,326,332,3700
7/23/2025,GMFI,60,61,60,60,1880400
7/23/2025,GMTD,2260,2260,2150,2150,1100
7/23/2025,GOLD,248,260,248,250,128100
7/23/2025,GOLF,212,216,210,216,1200800
7/23/2025,GOLL,0,0,0,0,0
7/23/2025,GOOD,360,362,356,362,237600
7/23/2025,GOTO,58,60,58,60,3746275900
7/23/2025,GOTOBQCZ5A,0,0,0,0,0
7/23/2025,GOTODRCG6A,10,12,10,12,5200
7/23/2025,GOTODRCN5A,0,0,0,0,0
7/23/2025,GOTODRCQ5A,0,0,0,0,0
7/23/2025,GOTOHDCQ5A,0,0,0,0,0
7/23/2025,GOTOM,0,0,0,0,0
7/23/2025,GOTOZPCH6A,28,28,28,28,100
7/23/2025,GPRA,136,142,132,141,142047800
7/23/2025,GPSO,392,394,376,376,998300
7/23/2025,GRIA,83,88,81,85,7933900
7/23/2025,GRPH,50,50,50,50,47500
7/23/2025,GRPM,47,49,47,48,1179600
7/23/2025,GRPM-W,13,14,12,13,1599600
7/23/2025,GSMF,53,53,52,53,45000
7/23/2025,GTBO,202,214,193,197,2246600
7/23/2025,GTRA,143,154,143,150,3458400
7/23/2025,GTSI,39,40,39,40,107400
7/23/2025,GULA,260,260,254,256,358600
7/23/2025,GUNA,264,266,258,260,51000
7/23/2025,GWSA,124,126,123,123,187000
7/23/2025,GZCO,109,110,104,105,38239200
7/23/2025,HADE,8,8,7,8,2144800
7/23/2025,HAIS,190,193,190,192,1001900
7/23/2025,HAJJ,120,120,116,119,6750700
7/23/2025,HAJJ-W,15,15,14,15,7538200
7/23/2025,HALO,81,82,79,80,6546300
7/23/2025,HALO-W,8,9,8,8,2587400
7/23/2025,HATM,260,264,258,260,24118800
7/23/2025,HBAT,65,70,64,68,2376300
7/23/2025,HDFA,107,107,104,105,46100
7/23/2025,HDIT,18,18,17,17,1209100
7/23/2025,HEAL,1680,1685,1620,1645,46863800
7/23/2025,HEALDRCJ6A,57,57,55,57,20700
7/23/2025,HEALHDCH6A,152,152,145,145,20000
7/23/2025,HEALZPCH6A,0,0,0,0,0
7/23/2025,HELI,256,258,250,258,523000
7/23/2025,HERO,404,418,402,410,9200
7/23/2025,HEXA,5425,5450,5375,5425,463100
7/23/2025,HGII,157,158,156,157,5223200
7/23/2025,HILL,228,230,224,226,3782400
7/23/2025,HITS,0,0,0,0,0
7/23/2025,HKMU,0,0,0,0,0
7/23/2025,HMSP,605,610,600,610,5345700
7/23/2025,HOKI,87,89,87,88,4742800
7/23/2025,HOME,0,0,0,0,0
7/23/2025,HOMI,206,206,204,204,5000
7/23/2025,HOPE,85,85,85,85,12947200
7/23/2025,HOTL,0,0,0,0,0
7/23/2025,HRME,22,22,22,22,1223800
7/23/2025,HRTA,640,650,625,635,11558300
7/23/2025,HRUM,840,850,820,840,16956100
7/23/2025,HRUMZPCG6A,34,35,33,35,253300
7/23/2025,HUMI,61,61,58,59,53418000
7/23/2025,HUMI-W,7,7,6,7,19306300
7/23/2025,HYGN,146,150,145,147,1136600
7/23/2025,IATA,49,49,48,49,1535400
7/23/2025,IATA-W,31,31,28,31,67700
7/23/2025,IBFN,16,16,16,16,554200
7/23/2025,IBOS,27,27,26,26,695300
7/23/2025,IBST,0,0,0,0,0
7/23/2025,ICBP,10475,10475,10300,10450,3234000
7/23/2025,ICBPDRCQ5A,11,11,11,11,34500
7/23/2025,ICBPDRCX6A,0,0,0,0,0
7/23/2025,ICBPHDCQ5A,0,0,0,0,0
7/23/2025,ICBPZPCX5A,0,0,0,0,0
7/23/2025,ICON,39,39,39,39,10400
7/23/2025,IDEA,51,54,48,53,523400
7/23/2025,IDPR,199,202,192,202,139300
7/23/2025,IFII,244,254,244,246,43900
7/23/2025,IFSH,790,795,790,795,1500
7/23/2025,IGAR,575,575,570,570,200
7/23/2025,IIKP,0,0,0,0,0
7/23/2025,IKAI,8,9,8,9,2478300
7/23/2025,IKAN,63,64,60,62,17900900
7/23/2025,IKBI,408,410,404,406,95300
7/23/2025,IKPM,200,200,194,200,405500
7/23/2025,IMAS,895,1100,890,1100,20226900
7/23/2025,IMJS,195,252,195,252,200740500
7/23/2025,IMPC,360,382,356,380,41942600
7/23/2025,INAF,0,0,0,0,0
7/23/2025,INAI,159,161,157,160,796500
7/23/2025,INCF,23,23,21,23,624700
7/23/2025,INCI,595,600,590,600,112600
7/23/2025,INCO,3680,3700,3570,3690,8159000
7/23/2025,INCOBQCQ5A,134,134,134,134,3000
7/23/2025,INCOBQCV5A,60,60,55,55,30500
7/23/2025,INCODRCN5A,47,47,44,45,23000
7/23/2025,INCODRCQ5A,8,9,6,7,5869100
7/23/2025,INCODRCX5A,85,90,85,88,222500
7/23/2025,INCODRPV5A,48,48,47,47,200
7/23/2025,INCOHDCQ5A,107,110,102,106,84300
7/23/2025,INCOZPCX5A,0,0,0,0,0
7/23/2025,INDF,8300,8350,8200,8350,4557000
7/23/2025,INDFBQCV5A,0,0,0,0,0
7/23/2025,INDFDRCQ5A,0,0,0,0,0
7/23/2025,INDFDRCX6A,0,0,0,0,0
7/23/2025,INDFHDCQ5A,0,0,0,0,0
7/23/2025,INDO,195,200,194,196,5418800
7/23/2025,INDR,2780,2780,2500,2580,151400
7/23/2025,INDS,224,226,222,226,254100
7/23/2025,INDX,74,74,72,73,2737100
7/23/2025,INDY,1370,1410,1370,1395,12119500
7/23/2025,INDYZPCG6A,48,48,48,48,4700
7/23/2025,INET,298,322,284,294,554681900
7/23/2025,INET-W,200,218,193,204,40678200
7/23/2025,INKP,5750,6275,5700,6275,17856800
7/23/2025,INKPDRCF6A,104,124,104,124,3058500
7/23/2025,INKPDRCN5A,0,0,0,0,0
7/23/2025,INKPDRCQ5A,9,13,9,13,200200
7/23/2025,INKPHDCQ5A,0,0,0,0,0
7/23/2025,INKPZPCF6A,60,67,60,67,200
7/23/2025,INOV,84,91,83,85,1528900
7/23/2025,INPC,156,180,155,179,101877700
7/23/2025,INPP,800,800,795,800,5500
7/23/2025,INPS,127,129,125,125,2222100
7/23/2025,INRU,845,885,825,835,25500
7/23/2025,INTA,12,13,12,13,2088200
7/23/2025,INTD,182,192,180,185,178600
7/23/2025,INTP,5125,5225,5075,5225,1105900
7/23/2025,INTPZPCG6A,37,37,37,37,177900
7/23/2025,IOTF,89,89,85,87,110433700
7/23/2025,IPAC,143,143,140,142,1400
7/23/2025,IPCC,1100,1165,1100,1145,4902300
7/23/2025,IPCM,284,286,280,284,783300
7/23/2025,IPOL,134,134,129,132,495900
7/23/2025,IPPE,0,0,0,0,0
7/23/2025,IPTV,26,26,25,25,6626300
7/23/2025,IRRA,418,418,408,416,1491100
7/23/2025,IRSX,42,44,42,44,22612300
7/23/2025,IRSX-W,1,1,1,1,26074000
7/23/2025,ISAP,12,12,11,12,15578900
7/23/2025,ISAP-W,4,4,3,4,383300
7/23/2025,ISAT,2470,2480,2280,2310,15163600
7/23/2025,ISATBQCU5A,76,76,73,76,263800
7/23/2025,ISATDRCG6A,122,122,98,98,1024700
7/23/2025,ISATDRCX5A,85,85,70,70,455400
7/23/2025,ISATHDCQ5A,0,0,0,0,0
7/23/2025,ISATZPCF6A,0,0,0,0,0
7/23/2025,ISEA,63,65,63,63,2843200
7/23/2025,ISSP,342,354,342,350,4048400
7/23/2025,ITIC,216,218,214,218,201500
7/23/2025,ITMA,765,775,735,770,39105500
7/23/2025,ITMG,22975,23075,22725,22925,1586300
7/23/2025,JARR,430,434,408,422,5616100
7/23/2025,JAST,61,64,60,63,4174100
7/23/2025,JATI,161,167,140,147,33653900
7/23/2025,JAWA,153,154,149,149,2425400
7/23/2025,JAYA,94,96,94,94,387300
7/23/2025,JECC,980,1100,910,1015,766200
7/23/2025,JGLE,8,8,8,8,2921100
7/23/2025,JIHD,595,675,580,655,5304500
7/23/2025,JKON,76,77,76,76,3454100
7/23/2025,JMAS,135,135,130,135,16471200
7/23/2025,JPFA,1720,1720,1660,1670,25023300
7/23/2025,JPFABQCZ5A,93,96,93,96,600
7/23/2025,JPFADRCJ6A,45,47,44,44,64100
7/23/2025,JPFAHDCZ5A,161,166,161,166,1100
7/23/2025,JPFAZPCG6A,0,0,0,0,0
7/23/2025,JRPT,755,755,735,750,1547700
7/23/2025,JSKY,0,0,0,0,0
7/23/2025,JSMR,3580,3600,3560,3600,2707800
7/23/2025,JSMRHDCH6A,0,0,0,0,0
7/23/2025,JSMRZPCG6A,49,49,49,49,1000
7/23/2025,JSPT,4510,4590,4500,4500,4700
7/23/2025,JTPE,264,268,264,266,5042700
7/23/2025,KAEF,550,550,520,540,3235300
7/23/2025,KAQI,50,50,50,50,370800
7/23/2025,KARW,810,810,810,810,448900
7/23/2025,KAYU,0,0,0,0,0
7/23/2025,KBAG,30,30,30,30,977300
7/23/2025,KBLI,388,390,388,390,61800
7/23/2025,KBLM,330,330,320,324,132400
7/23/2025,KBLV,55,58,55,57,6166900
7/23/2025,KBRI,0,0,0,0,0
7/23/2025,KDSI,474,480,470,470,700
7/23/2025,KDTN,120,123,118,123,31500
7/23/2025,KEEN,815,840,805,830,5154000
7/23/2025,KEJU,585,585,570,580,102900
7/23/2025,KETR,232,236,214,226,2654200
7/23/2025,KIAS,21,22,21,22,374300
7/23/2025,KICI,113,113,111,112,44800
7/23/2025,KIJA,186,187,182,186,98994000
7/23/2025,KING,218,226,218,224,1069400
7/23/2025,KING-W,18,19,17,18,18486600
7/23/2025,KINO,1100,1100,1095,1100,1500
7/23/2025,KIOS,50,50,50,50,171600
7/23/2025,KJEN,109,114,108,110,856000
7/23/2025,KKES,24,24,24,24,104300
7/23/2025,KKGI,370,376,370,372,1944300
7/23/2025,KLAS,139,144,138,140,20455700
7/23/2025,KLBF,1475,1495,1445,1495,12421000
7/23/2025,KLBFBQCV5A,0,0,0,0,0
7/23/2025,KLBFDRCG6A,48,52,48,52,2800
7/23/2025,KLBFDRCN5A,45,45,44,44,200
7/23/2025,KLBFDRCQ5A,15,17,15,17,17300
7/23/2025,KLBFHDCQ5A,0,0,0,0,0
7/23/2025,KLBFZPCF6A,0,0,0,0,0
7/23/2025,KLIN,122,129,121,127,265700
7/23/2025,KMDS,575,590,565,585,614600
7/23/2025,KMTR,264,270,256,260,667800
7/23/2025,KOBX,149,151,148,149,392800
7/23/2025,KOCI,52,52,50,51,1417500
7/23/2025,KOCI-W,6,6,5,5,420600
7/23/2025,KOIN,68,68,68,68,9300
7/23/2025,KOKA,70,93,69,93,290742500
7/23/2025,KONI,1280,1280,1220,1245,22900
7/23/2025,KOPI,374,374,362,366,536200
7/23/2025,KOTA,17,17,16,16,8596800
7/23/2025,KPIG,164,164,152,158,97553400
7/23/2025,KRAS,322,322,310,310,56323400
7/23/2025,KREN,10,10,9,9,20946800
7/23/2025,KRYA,262,266,256,262,11525200
7/23/2025,KSIX,202,204,197,198,272900
7/23/2025,KUAS,50,51,50,50,289600
7/23/2025,LABA,0,0,0,0,0
7/23/2025,LABS,136,138,132,132,1125000
7/23/2025,LAJU,50,50,50,50,53300
7/23/2025,LAND,21,22,21,21,702800
7/23/2025,LAPD,44,44,44,44,47392500
7/23/2025,LCGP,0,0,0,0,0
7/23/2025,LCKM,216,228,210,216,47200
7/23/2025,LEAD,71,74,70,73,22198800
7/23/2025,LFLO,272,272,232,232,133800
7/23/2025,LIFE,6475,6850,6375,6375,3900
7/23/2025,LINK,1680,1680,1670,1670,500
7/23/2025,LION,378,382,376,376,8500
7/23/2025,LIVE,152,156,150,153,6119600
7/23/2025,LMAS,0,0,0,0,0
7/23/2025,LMAX,53,54,50,50,4974100
7/23/2025,LMPI,142,143,139,141,341600
7/23/2025,LMSH,0,0,0,0,0
7/23/2025,LOPI,41,42,39,41,4192200
7/23/2025,LPCK,492,496,484,496,472400
7/23/2025,LPGI,398,410,392,402,22500
7/23/2025,LPIN,372,378,372,376,191700
7/23/2025,LPKR,83,85,83,84,27414400
7/23/2025,LPLI,280,284,280,280,130300
7/23/2025,LPPF,1750,1780,1725,1780,3480400
7/23/2025,LPPS,56,57,55,57,228400
7/23/2025,LRNA,137,147,137,143,426800
7/23/2025,LSIP,1315,1340,1290,1300,13628000
7/23/2025,LSIPZPCG6A,0,0,0,0,0
7/23/2025,LTLS,900,900,845,875,128900
7/23/2025,LUCK,66,66,65,65,380000
7/23/2025,LUCY,73,74,72,73,203900
7/23/2025,MABA,0,0,0,0,0
7/23/2025,MAGP,0,0,0,0,0
7/23/2025,MAHA,144,145,141,144,3442400
7/23/2025,MAIN,690,690,675,675,3703100
7/23/2025,MANG,31,31,30,31,1790400
7/23/2025,MANG-W,24,24,23,24,60200
7/23/2025,MAPA,635,655,625,650,29965700
7/23/2025,MAPADRCJ6A,21,23,21,23,8700
7/23/2025,MAPAHDCZ5A,0,0,0,0,0
7/23/2025,MAPAZPCH6A,42,43,41,43,1502700
7/23/2025,MAPB,1945,1995,1820,1970,29200
7/23/2025,MAPI,1110,1165,1110,1155,29448300
7/23/2025,MAPIBQCV5A,13,13,13,13,421400
7/23/2025,MAPIDRCQ5A,6,9,6,9,1999300
7/23/2025,MAPIDRCX5A,24,25,23,24,297900
7/23/2025,MAPIHDCQ5A,0,0,0,0,0
7/23/2025,MARI,21,22,21,22,9020100
7/23/2025,MARK,660,670,655,665,25443800
7/23/2025,MASA,0,0,0,0,0
7/23/2025,MASB,3390,3390,3300,3300,3100
7/23/2025,MAXI,50,50,50,50,326200
7/23/2025,MAYA,181,183,179,179,3936000
7/23/2025,MBAP,1685,1700,1680,1700,60500
7/23/2025,MBMA,525,540,510,520,222157900
7/23/2025,MBMADRCQ5A,27,30,24,26,12056000
7/23/2025,MBMADRCX5A,56,60,53,56,2423100
7/23/2025,MBMAHDCH6A,104,105,104,105,17000
7/23/2025,MBMAHDCQ5A,12,14,11,12,22465600
7/23/2025,MBMAZPCX5A,0,0,0,0,0
7/23/2025,MBSS,1785,1785,1680,1720,2528000
7/23/2025,MBTO,85,86,84,84,404600
7/23/2025,MCAS,1085,1085,1060,1065,37700
7/23/2025,MCOL,4030,4040,4020,4040,7000
7/23/2025,MCOR,65,66,64,65,10700800
7/23/2025,MDIA,22,22,22,22,171300
7/23/2025,MDIY,1285,1350,1235,1250,1182800
7/23/2025,MDKA,2380,2470,2360,2440,62701100
7/23/2025,MDKABQCV5A,125,132,119,119,112000
7/23/2025,MDKADRCN5A,1,3,1,3,2699800
7/23/2025,MDKADRCQ5A,33,40,33,37,403300
7/23/2025,MDKADRCV5A,100,100,92,95,232700
7/23/2025,MDKAHDCU5A,224,226,218,218,300
7/23/2025,MDKAHDCZ5A,0,0,0,0,0
7/23/2025,MDKAYUCQ5A,131,131,131,131,100
7/23/2025,MDKAZPCF6A,87,89,82,82,17600
7/23/2025,MDKI,159,161,157,161,88800
7/23/2025,MDLA,188,188,182,187,3827400
7/23/2025,MDLN,51,51,50,51,8652200
7/23/2025,MDRN,7,7,7,7,1822300
7/23/2025,MEDC,1255,1270,1225,1270,55683300
7/23/2025,MEDCBQCV5A,0,0,0,0,0
7/23/2025,MEDCBQCZ5A,43,46,43,46,3400
7/23/2025,MEDCDRCG6A,39,43,39,42,97900
7/23/2025,MEDCDRCN5A,1,3,1,3,3420200
7/23/2025,MEDCDRCQ5A,39,41,37,41,826000
7/23/2025,MEDCDRPV5A,40,40,39,39,1500
7/23/2025,MEDCHDCQ5A,83,83,83,83,2000000
7/23/2025,MEDCZPCF6A,40,41,40,41,4413600
7/23/2025,MEDS,50,50,50,50,16000
7/23/2025,MEGA,3250,3340,3250,3340,11800
7/23/2025,MEJA,0,0,0,0,0
7/23/2025,MEJA-W,0,0,0,0,0
7/23/2025,MENN,46,48,46,46,9793200
7/23/2025,MERI,350,350,350,350,5942900
7/23/2025,MERK,2930,2960,2910,2920,33500
7/23/2025,META,0,0,0,0,0
7/23/2025,MFIN,0,0,0,0,0
7/23/2025,MFMI,0,0,0,0,0
7/23/2025,MGLV,645,695,645,695,1247000
7/23/2025,MGNA,32,32,31,31,525100
7/23/2025,MGNA-W,0,0,0,0,0
7/23/2025,MGRO,695,715,680,715,5786100
7/23/2025,MHKI,131,135,127,128,1616900
7/23/2025,MICE,476,480,464,464,6700
7/23/2025,MIDI,422,422,412,416,1602500
7/23/2025,MIKA,2440,2470,2420,2450,3623400
7/23/2025,MIKAZPCG6A,0,0,0,0,0
7/23/2025,MINA,103,111,99,107,466182400
7/23/2025,MINE,520,520,500,500,4535200
7/23/2025,MIRA,41,41,38,38,11087400
7/23/2025,MITI,200,210,183,186,21781700
7/23/2025,MKAP,330,340,330,340,328800
7/23/2025,MKNT,0,0,0,0,0
7/23/2025,MKPI,22300,23200,21775,22325,9200
7/23/2025,MKTR,105,106,103,106,605300
7/23/2025,MKTR-W,5,6,5,6,44500
7/23/2025,MLBI,6025,6550,6025,6475,1695600
7/23/2025,MLIA,336,342,336,340,5080400
7/23/2025,MLPL,109,110,106,110,57560600
7/23/2025,MLPT,32200,32350,31950,32350,7600
7/23/2025,MMIX,208,256,200,232,67316400
7/23/2025,MMLP,585,595,565,570,73915700
7/23/2025,MNCN,256,272,256,266,55790600
7/23/2025,MOLI,198,198,194,198,106200
7/23/2025,MORA,386,392,374,390,857900
7/23/2025,MPIX,64,64,61,63,2905100
7/23/2025,MPIX-W,8,8,7,8,13700
7/23/2025,MPMX,975,980,970,975,4203000
7/23/2025,MPOW,117,120,115,116,1119300
7/23/2025,MPPA,62,63,60,61,29743300
7/23/2025,MPRO,2180,2200,2180,2200,117000
7/23/2025,MPXL,116,116,106,111,6569500
7/23/2025,MRAT,254,262,250,250,72800
7/23/2025,MREI,1045,1055,1000,1035,307800
7/23/2025,MSIE,24,27,24,27,3597900
7/23/2025,MSIN,500,520,496,505,67882400
7/23/2025,MSJA,296,300,296,300,631000
7/23/2025,MSKY,53,57,52,54,43485500
7/23/2025,MSTI,1520,1535,1480,1495,3817300
7/23/2025,MTDL,565,565,550,555,15983400
7/23/2025,MTEL,625,625,605,610,4950800
7/23/2025,MTFN,5,5,4,5,9769100
7/23/2025,MTLA,450,450,442,444,8500
7/23/2025,MTMH,865,920,865,890,387100
7/23/2025,MTPS,42,42,42,42,21500
7/23/2025,MTRA,0,0,0,0,0
7/23/2025,MTSM,0,0,0,0,0
7/23/2025,MTWI,328,328,290,322,7217700
7/23/2025,MUTU,92,92,90,91,686500
7/23/2025,MUTU-W,1,1,1,1,432600
7/23/2025,MYOH,1720,1720,1705,1720,21900
7/23/2025,MYOR,2010,2020,1995,2010,6913000
7/23/2025,MYORZPCH6A,0,0,0,0,0
7/23/2025,MYTX,0,0,0,0,0
7/23/2025,NAIK,160,162,158,159,8651000
7/23/2025,NAIK-W,30,31,29,29,6956700
7/23/2025,NANO,24,24,22,22,9676900
7/23/2025,NASA,16,16,16,16,209900
7/23/2025,NASI,83,89,83,86,9040600
7/23/2025,NATO,140,146,138,140,270800
7/23/2025,NAYZ,40,41,39,39,1581500
7/23/2025,NCKL,690,720,685,715,89234200
7/23/2025,NELY,370,376,370,372,2009900
7/23/2025,NEST,296,300,294,294,3521900
7/23/2025,NETV,143,144,141,144,962400
7/23/2025,NFCX,1905,1980,1900,1950,264000
7/23/2025,NICE,476,476,450,462,10360300
7/23/2025,NICK,1180,1180,1100,1100,16900
7/23/2025,NICL,1100,1100,1045,1075,17822000
7/23/2025,NIKL,236,240,228,238,591300
7/23/2025,NINE,67,72,66,70,26944800
7/23/2025,NIRO,120,125,120,122,24300
7/23/2025,NISP,1340,1350,1335,1350,2269300
7/23/2025,NOBU,560,560,550,555,5063700
7/23/2025,NPGF,50,50,50,50,279600
7/23/2025,NRCA,0,0,0,0,0
7/23/2025,NSSS,358,384,354,384,4068500
7/23/2025,NTBK,50,50,50,50,3100
7/23/2025,NUSA,0,0,0,0,0
7/23/2025,NZIA,86,92,84,89,4671300
7/23/2025,OASA,191,194,182,191,79347200
7/23/2025,OBAT,390,394,382,394,2736400
7/23/2025,OBAT-W,54,56,53,55,1654200
7/23/2025,OBMD,196,208,195,208,1843900
7/23/2025,OCAP,0,0,0,0,0
7/23/2025,OILS,104,107,103,104,470000
7/23/2025,OKAS,300,302,260,274,10256400
7/23/2025,OLIV,23,24,22,23,3742000
7/23/2025,OMED,175,176,170,175,3699100
7/23/2025,OMRE,0,0,0,0,0
7/23/2025,OPMS,69,70,68,69,2484400
7/23/2025,PACK,3750,3750,3560,3660,5180100
7/23/2025,PADA,14,14,14,14,3141500
7/23/2025,PADI,37,37,35,35,4286000
7/23/2025,PALM,410,412,396,396,1426400
7/23/2025,PAMG,96,117,82,84,1717320900
7/23/2025,PANI,14975,16700,14475,16700,45078400
7/23/2025,PANIHDCZ5A,218,268,212,266,2739800
7/23/2025,PANR,1100,1115,1000,1000,9018600
7/23/2025,PANS,1430,1440,1415,1435,170800
7/23/2025,PART,132,134,127,128,35447900
7/23/2025,PART-W,23,24,22,23,8908100
7/23/2025,PBID,505,505,500,505,450400
7/23/2025,PBRX,20,20,20,20,12148400
7/23/2025,PBSA,374,374,368,372,556400
7/23/2025,PCAR,27,28,27,27,2499100
7/23/2025,PDES,448,448,448,448,100
7/23/2025,PDPP,490,492,482,492,471800
7/23/2025,PEGE,114,119,114,114,2490700
7/23/2025,PEHA,320,330,316,324,26800
7/23/2025,PEVE,346,360,346,358,221800
7/23/2025,PGAS,1620,1625,1600,1610,21059600
7/23/2025,PGASBQCU5A,0,0,0,0,0
7/23/2025,PGASBQCZ5A,0,0,0,0,0
7/23/2025,PGASDRCG6A,65,65,65,65,30000
7/23/2025,PGASDRCN5A,32,32,32,32,100
7/23/2025,PGASDRCQ5A,24,24,24,24,100
7/23/2025,PGASHDCQ5A,0,0,0,0,0
7/23/2025,PGASYUCQ5A,69,69,69,69,100
7/23/2025,PGEO,1585,1635,1555,1635,94755800
7/23/2025,PGEODRCJ6A,61,66,59,65,8351500
7/23/2025,PGEODRCN5A,110,112,105,112,2200
7/23/2025,PGEODRCQ5A,112,118,105,116,177600
7/23/2025,PGEODRPV5A,33,33,32,32,226400
7/23/2025,PGEOHDCH6A,80,88,80,88,148000
7/23/2025,PGEOHDCQ5A,108,116,106,115,52000
7/23/2025,PGJO,0,0,0,0,0
7/23/2025,PGLI,131,138,130,131,366300
7/23/2025,PGUN,625,700,570,670,578900
7/23/2025,PICO,127,128,126,128,205500
7/23/2025,PIPA,68,68,64,64,12671700
7/23/2025,PJAA,484,488,482,486,145200
7/23/2025,PKPK,630,645,625,625,116800
7/23/2025,PLAN,40,41,39,39,664000
7/23/2025,PLAS,0,0,0,0,0
7/23/2025,PLIN,0,0,0,0,0
7/23/2025,PMJS,120,123,118,122,144400
7/23/2025,PMMP,0,0,0,0,0
7/23/2025,PMUI,124,124,121,124,8663000
7/23/2025,PNBN,1145,1165,1125,1140,14425100
7/23/2025,PNBS,50,50,50,50,86900
7/23/2025,PNGO,1920,1920,1905,1915,4300
7/23/2025,PNIN,885,910,885,905,193700
7/23/2025,PNLF,260,272,258,266,191107000
7/23/2025,PNLFDRCJ6A,17,19,17,18,2027800
7/23/2025,PNLFHDCZ5A,0,0,0,0,0
7/23/2025,PNLFYUCV5A,18,18,18,18,100
7/23/2025,PNLFZPCH6A,0,0,0,0,0
7/23/2025,PNSE,800,800,745,760,64800
7/23/2025,POLA,16,16,16,16,306800
7/23/2025,POLI,0,0,0,0,0
7/23/2025,POLL,0,0,0,0,0
7/23/2025,POLU,0,0,0,0,0
7/23/2025,POLY,19,19,19,19,6700
7/23/2025,POOL,0,0,0,0,0
7/23/2025,PORT,920,920,850,900,59500
7/23/2025,POSA,0,0,0,0,0
7/23/2025,POWR,690,690,680,690,1715500
7/23/2025,PPGL,99,99,98,98,120400
7/23/2025,PPRE,61,62,59,61,4366500
7/23/2025,PPRI,145,145,139,144,714600
7/23/2025,PPRO,0,0,0,0,0
7/23/2025,PRAY,620,620,605,610,3800
7/23/2025,PRDA,2880,2930,2880,2930,692100
7/23/2025,PRIM,61,61,60,61,1909300
7/23/2025,PSAB,444,450,436,442,107148100
7/23/2025,PSAT,1945,2060,1865,1950,15149000
7/23/2025,PSDN,75,77,75,77,182700
7/23/2025,PSGO,179,182,174,176,488900
7/23/2025,PSKT,38,39,38,39,1436600
7/23/2025,PSSI,344,352,344,350,368900
7/23/2025,PTBA,2430,2450,2420,2440,8733700
7/23/2025,PTBABQCV5A,0,0,0,0,0
7/23/2025,PTBADRCG6A,0,0,0,0,0
7/23/2025,PTBADRCN5A,0,0,0,0,0
7/23/2025,PTBADRCQ5A,0,0,0,0,0
7/23/2025,PTBAHDCQ5A,0,0,0,0,0
7/23/2025,PTBAZPCH6A,0,0,0,0,0
7/23/2025,PTDU,0,0,0,0,0
7/23/2025,PTIS,360,368,356,362,9300
7/23/2025,PTMP,93,95,91,93,15290500
7/23/2025,PTMR,0,0,0,0,0
7/23/2025,PTPP,416,420,414,418,11030900
7/23/2025,PTPS,130,137,128,132,37066100
7/23/2025,PTPW,945,945,945,945,28500
7/23/2025,PTRO,3800,3850,3570,3780,103953100
7/23/2025,PTSN,216,224,214,214,454600
7/23/2025,PTSP,1020,1045,975,1040,91900
7/23/2025,PUDP,210,214,210,214,3800
7/23/2025,PURA,13,14,13,14,498100
7/23/2025,PURE,0,0,0,0,0
7/23/2025,PURI,185,191,185,186,810000
7/23/2025,PWON,352,364,352,360,73690300
7/23/2025,PWONHDCZ5A,0,0,0,0,0
7/23/2025,PWONZPCH6A,0,0,0,0,0
7/23/2025,PYFA,436,505,414,450,312936900
7/23/2025,PYFA-W,99,115,96,100,13684500
7/23/2025,PZZA,160,166,160,164,1734200
7/23/2025,R-ABFII,0,0,0,0,0
7/23/2025,R-LQ45X,962,962,960,960,106900
7/23/2025,RAAM,264,272,260,270,13218400
7/23/2025,RAFI,0,0,0,0,0
7/23/2025,RAJA,2500,2520,2340,2360,45751100
7/23/2025,RALS,408,408,402,406,4572500
7/23/2025,RANC,412,420,406,420,21200
7/23/2025,RATU,7050,7100,6675,6800,9973000
7/23/2025,RBMS,24,24,24,24,18600
7/23/2025,RCCC,107,108,105,105,232900
7/23/2025,RDTX,12125,12200,12125,12200,500
7/23/2025,REAL,46,46,43,43,8963700
7/23/2025,RELF,20,21,19,20,6125100
7/23/2025,RELI,0,0,0,0,0
7/23/2025,RGAS,132,133,129,129,18079000
7/23/2025,RICY,36,36,35,36,2100
7/23/2025,RIGS,795,800,790,790,8300
7/23/2025,RIMO,0,0,0,0,0
7/23/2025,RISE,1045,1050,1045,1050,661500
7/23/2025,RMKE,505,545,505,535,2778600
7/23/2025,RMKO,99,103,98,101,1084400
7/23/2025,ROCK,266,266,266,266,200
7/23/2025,RODA,36,36,34,35,70200
7/23/2025,RONY,0,0,0,0,0
7/23/2025,ROTI,835,835,820,820,2656600
7/23/2025,RSCH,456,458,452,456,2761000
7/23/2025,RSGK,0,0,0,0,0
7/23/2025,RUIS,186,189,184,187,2048500
7/23/2025,RUNS,61,67,61,67,1321500
7/23/2025,SAFE,206,236,200,210,3399000
7/23/2025,SAGE,12,13,12,13,873500
7/23/2025,SAME,258,258,246,248,2144500
7/23/2025,SAMF,332,338,332,336,81100
7/23/2025,SAPX,304,306,298,304,209900
7/23/2025,SATU,234,236,230,234,5340500
7/23/2025,SBAT,0,0,0,0,0
7/23/2025,SBMA,115,118,115,117,986600
7/23/2025,SCCO,2210,2210,2160,2190,19300
7/23/2025,SCMA,184,188,181,183,75691400
7/23/2025,SCMABQCZ5A,39,39,38,38,7500
7/23/2025,SCMAHDCZ5A,0,0,0,0,0
7/23/2025,SCMAZPCG6A,63,63,62,62,7700
7/23/2025,SCNP,154,157,153,155,11400
7/23/2025,SCPI,0,0,0,0,0
7/23/2025,SDMU,36,36,36,36,2385000
7/23/2025,SDPC,130,130,126,127,427000
7/23/2025,SDRA,296,298,294,298,104700
7/23/2025,SEMA,84,86,84,86,861900
7/23/2025,SFAN,1930,1930,1925,1925,104300
7/23/2025,SGER,340,346,330,344,154188600
7/23/2025,SGRO,2770,2800,2770,2780,991300
7/23/2025,SHID,0,0,0,0,0
7/23/2025,SHIP,2970,2980,2930,2940,190000
7/23/2025,SICO,110,112,109,109,1390800
7/23/2025,SIDO,530,530,520,520,18313500
7/23/2025,SILO,2150,2160,2130,2130,375100
7/23/2025,SIMA,0,0,0,0,0
7/23/2025,SIMP,535,545,535,535,7525800
7/23/2025,SINI,3700,3700,3500,3690,38100
7/23/2025,SIPD,715,715,715,715,1600
7/23/2025,SKBM,344,354,330,340,89600
7/23/2025,SKLT,193,193,185,192,58900
7/23/2025,SKRN,430,442,430,440,225200
7/23/2025,SKYB,0,0,0,0,0
7/23/2025,SLIS,50,50,50,50,1213100
7/23/2025,SLIS-W,7,7,7,7,15400
7/23/2025,SMAR,3640,3650,3540,3570,45400
7/23/2025,SMBR,284,316,276,310,166628300
7/23/2025,SMCB,0,0,0,0,0
7/23/2025,SMDM,820,825,810,810,95700
7/23/2025,SMDR,350,368,344,364,121552500
7/23/2025,SMGA,87,88,83,83,59321600
7/23/2025,SMGR,2440,2490,2390,2470,14640100
7/23/2025,SMGRBQCU5A,9,27,9,27,2725500
7/23/2025,SMGRBQCZ5A,0,0,0,0,0
7/23/2025,SMGRDRCN5A,0,0,0,0,0
7/23/2025,SMGRDRCQ5A,0,0,0,0,0
7/23/2025,SMGRDRCV5A,39,41,39,40,652100
7/23/2025,SMGRHDCZ5A,0,0,0,0,0
7/23/2025,SMIL,280,284,272,284,100354400
7/23/2025,SMKL,158,158,154,158,133600
7/23/2025,SMKM,67,72,67,72,10293200
7/23/2025,SMLE,125,127,124,127,814300
7/23/2025,SMMA,0,0,0,0,0
7/23/2025,SMMT,880,880,855,855,43200
7/23/2025,SMRA,388,400,384,396,50161900
7/23/2025,SMRADRCJ6A,25,25,25,25,4100
7/23/2025,SMRAHDCZ5A,0,0,0,0,0
7/23/2025,SMRAZPCH6A,46,49,46,48,72100
7/23/2025,SMRU,0,0,0,0,0
7/23/2025,SMSM,1920,1920,1900,1905,293500
7/23/2025,SNLK,515,520,505,515,8418000
7/23/2025,SOCI,171,174,170,172,3711800
7/23/2025,SOFA,45,45,43,45,2894200
7/23/2025,SOHO,685,700,675,690,4300
7/23/2025,SOLA,125,125,118,119,40876500
7/23/2025,SONA,3350,3360,3220,3250,11300
7/23/2025,SOSS,442,442,418,428,13600
7/23/2025,SOTS,276,280,270,272,19900
7/23/2025,SOUL,36,38,35,37,2591000
7/23/2025,SPMA,260,262,254,260,336300
7/23/2025,SPRE,94,94,85,89,1987900
7/23/2025,SPTO,665,670,660,665,347700
7/23/2025,SQMI,0,0,0,0,0
7/23/2025,SRAJ,4450,4510,4440,4500,18200
7/23/2025,SRIL,0,0,0,0,0
7/23/2025,SRSN,51,51,50,51,2076600
7/23/2025,SRTG,1985,2080,1985,2020,18056900
7/23/2025,SRTGZPCG6A,127,132,123,125,672800
7/23/2025,SSIA,2610,2730,2530,2560,52367700
7/23/2025,SSMS,1425,1425,1365,1385,8642400
7/23/2025,SSTM,165,169,162,165,32900
7/23/2025,STAA,855,860,840,855,11677700
7/23/2025,STAR,29,29,29,29,63700
7/23/2025,STRK,86,98,85,95,85362100
7/23/2025,STTP,10750,10775,10700,10750,900
7/23/2025,SUGI,0,0,0,0,0
7/23/2025,SULI,114,114,109,110,1297600
7/23/2025,SUNI,850,905,845,885,1136300
7/23/2025,SUPR,0,0,0,0,0
7/23/2025,SURE,2480,2480,2380,2450,3600
7/23/2025,SURI,116,120,110,118,86387500
7/23/2025,SWAT,0,0,0,0,0
7/23/2025,SWID,60,60,59,60,156000
7/23/2025,TALF,310,312,294,306,2300
7/23/2025,TAMA,28,28,28,28,52300
7/23/2025,TAMU,15,15,14,14,2206100
7/23/2025,TAPG,1335,1345,1305,1310,11476300
7/23/2025,TAPGDRCJ6A,55,55,52,54,239200
7/23/2025,TAPGHDCH6A,152,152,148,148,3500
7/23/2025,TAPGZPCH6A,0,0,0,0,0
7/23/2025,TARA,9,10,9,10,2112100
7/23/2025,TAXI,7,7,6,6,11664000
7/23/2025,TAYS,50,50,50,50,8500
7/23/2025,TBIG,1980,2000,1965,1970,92300
7/23/2025,TBLA,815,815,800,810,1351600
7/23/2025,TBMS,1050,1060,1000,1040,45000
7/23/2025,TCID,2250,2460,2250,2320,3300
7/23/2025,TCPI,5700,5750,5525,5750,4437200
7/23/2025,TDPM,0,0,0,0,0
7/23/2025,TEBE,1220,1305,1140,1185,14081300
7/23/2025,TECH,0,0,0,0,0
7/23/2025,TELE,0,0,0,0,0
7/23/2025,TFAS,131,133,125,130,599400
7/23/2025,TFCO,0,0,0,0,0
7/23/2025,TGKA,6025,6025,6000,6000,2700
7/23/2025,TGRA,0,0,0,0,0
7/23/2025,TGUK,0,0,0,0,0
7/23/2025,TIFA,650,650,540,570,29200
7/23/2025,TINS,1060,1075,1045,1060,13689900
7/23/2025,TIRA,1790,1810,1740,1800,31100
7/23/2025,TIRT,0,0,0,0,0
7/23/2025,TKIM,5600,5975,5525,5975,4121700
7/23/2025,TKIMZPCG6A,66,70,66,70,7574400
7/23/2025,TLDN,600,610,600,610,481700
7/23/2025,TLKM,2870,2870,2840,2850,86077600
7/23/2025,TLKMBQCQ5A,0,0,0,0,0
7/23/2025,TLKMBQCV5A,0,0,0,0,0
7/23/2025,TLKMDRCJ6A,67,68,67,68,5696600
7/23/2025,TLKMDRCQ5A,42,42,40,40,200
7/23/2025,TLKMDRCQ5B,93,93,90,90,200
7/23/2025,TLKMDRCX6A,1735,1735,1725,1725,128000
7/23/2025,TLKMHDCQ5A,0,0,0,0,0
7/23/2025,TLKMHDCV5A,0,0,0,0,0
7/23/2025,TLKMYUCQ5A,0,0,0,0,0
7/23/2025,TLKMZPCF6A,0,0,0,0,0
7/23/2025,TMAS,129,133,127,132,5854000
7/23/2025,TMPO,164,184,164,173,24398200
7/23/2025,TNCA,142,145,131,138,1573500
7/23/2025,TOBA,1035,1060,980,1055,267167100
7/23/2025,TOOL,50,51,50,51,1060400
7/23/2025,TOPS,0,0,0,0,0
7/23/2025,TOSK,50,50,50,50,60500
7/23/2025,TOTL,690,720,690,715,2673200
7/23/2025,TOTO,232,234,230,232,455800
7/23/2025,TOWR,650,675,640,675,127006300
7/23/2025,TOYS,0,0,0,0,0
7/23/2025,TPIA,8825,9050,8750,9050,16296700
7/23/2025,TPMA,610,615,600,605,6182200
7/23/2025,TRAM,0,0,0,0,0
7/23/2025,TRGU,188,189,179,189,322000
7/23/2025,TRIL,0,0,0,0,0
7/23/2025,TRIM,388,388,370,374,442200
7/23/2025,TRIN,102,108,102,102,448900
7/23/2025,TRIN-W2,2,2,2,2,2400
7/23/2025,TRIO,0,0,0,0,0
7/23/2025,TRIS,175,178,173,175,87700
7/23/2025,TRJA,137,140,134,137,2477900
7/23/2025,TRON,100,100,98,100,463400
7/23/2025,TRST,478,500,474,500,21600
7/23/2025,TRUE,18,18,18,18,23500
7/23/2025,TRUK,154,165,151,153,13824600
7/23/2025,TRUS,460,460,450,456,20900
7/23/2025,TSPC,2250,2280,2250,2260,469000
7/23/2025,TUGU,975,975,960,970,2094700
7/23/2025,TYRE,128,135,126,128,159200
7/23/2025,UANG,204,206,202,204,93100
7/23/2025,UCID,500,505,494,498,2215800
7/23/2025,UDNG,1290,1415,1290,1415,1631700
7/23/2025,UFOE,174,174,165,168,116400
7/23/2025,ULTJ,1300,1300,1290,1300,4481300
7/23/2025,UNIC,7975,8000,7875,7875,900
7/23/2025,UNIQ,382,386,370,380,32831700
7/23/2025,UNIT,0,0,0,0,0
7/23/2025,UNSP,123,130,123,130,3131300
7/23/2025,UNTD,78,78,76,78,6686200
7/23/2025,UNTR,23175,24000,23100,24000,10111100
7/23/2025,UNTRBQCV5A,0,0,0,0,0
7/23/2025,UNTRDRCG6A,125,130,125,130,9000
7/23/2025,UNTRDRCN5A,5,5,5,5,60000
7/23/2025,UNTRDRCQ5A,32,36,32,36,131400
7/23/2025,UNTRHDCQ5A,0,0,0,0,0
7/23/2025,UNVR,1580,1590,1535,1570,15743800
7/23/2025,UNVRBQCQ5A,10,11,8,9,56200
7/23/2025,UNVRBQCU5A,25,26,25,26,800
7/23/2025,UNVRBQCZ5A,0,0,0,0,0
7/23/2025,UNVRDRCG6A,37,37,35,35,500100
7/23/2025,UNVRDRCN5A,0,0,0,0,0
7/23/2025,UNVRDRCQ5A,4,4,3,3,3881000
7/23/2025,UNVRHDCQ5A,0,0,0,0,0
7/23/2025,UNVRZPCH6A,0,0,0,0,0
7/23/2025,URBN,131,135,129,135,63400
7/23/2025,UVCR,75,75,73,74,1603300
7/23/2025,VAST,185,191,181,191,7503000
7/23/2025,VAST-W,13,14,13,14,145000
7/23/2025,VERN,118,133,115,119,12058800
7/23/2025,VERN-W,3,4,3,4,6824800
7/23/2025,VICI,630,635,625,630,219700
7/23/2025,VICO,158,163,154,160,3323000
7/23/2025,VINS,112,115,112,113,159200
7/23/2025,VISI,142,146,137,146,2074600
7/23/2025,VIVA,13,13,12,12,1205400
7/23/2025,VKTR,86,88,85,86,19170200
7/23/2025,VOKS,194,194,189,191,18800
7/23/2025,VRNA,73,73,72,73,7100
7/23/2025,VTNY,113,117,111,116,15328100
7/23/2025,WAPO,148,150,146,150,1160700
7/23/2025,WEGE,54,56,52,54,7204900
7/23/2025,WEHA,118,118,115,115,1545900
7/23/2025,WGSH,171,172,167,169,694800
7/23/2025,WICO,0,0,0,0,0
7/23/2025,WIDI,20,20,19,20,9929500
7/23/2025,WIFI,2810,2870,2600,2760,281437000
7/23/2025,WIIM,840,855,835,840,1785200
7/23/2025,WIKA,0,0,0,0,0
7/23/2025,WINE,228,240,220,224,919300
7/23/2025,WINR,25,26,25,26,797200
7/23/2025,WINS,372,380,372,376,708400
7/23/2025,WIRG,116,134,115,125,2384968700
7/23/2025,WMPP,0,0,0,0,0
7/23/2025,WMUU,12,12,11,11,28834600
7/23/2025,WOMF,352,358,352,358,518600
7/23/2025,WOOD,416,418,402,408,4186100
7/23/2025,WOWS,56,56,56,56,467000
7/23/2025,WSBP,13,13,13,13,3396100
7/23/2025,WSKT,0,0,0,0,0
7/23/2025,WTON,95,96,92,93,4953200
7/23/2025,XAQA,0,0,0,0,0
7/23/2025,XBES,1033,1033,1033,1033,12000
7/23/2025,XBID,503,503,503,503,40000
7/23/2025,XBIG,0,0,0,0,0
7/23/2025,XBIN,564,564,564,564,40000
7/23/2025,XBLQ,475,475,475,475,400
7/23/2025,XBNI,0,0,0,0,0
7/23/2025,XBSK,433,433,433,433,40000
7/23/2025,XCEG,103,103,103,103,500
7/23/2025,XCID,60,60,59,59,5900
7/23/2025,XCIS,47,51,47,51,2100
7/23/2025,XCLQ,0,0,0,0,0
7/23/2025,XDIF,0,0,0,0,0
7/23/2025,XIFE,0,0,0,0,0
7/23/2025,XIHD,618,618,614,614,5400
7/23/2025,XIIC,0,0,0,0,0
7/23/2025,XIID,484,484,484,484,1000
7/23/2025,XIIF,459,459,459,459,1000
7/23/2025,XIIT,507,507,506,506,16100
7/23/2025,XIJI,600,605,600,602,19600
7/23/2025,XILV,0,0,0,0,0
7/23/2025,XIML,0,0,0,0,0
7/23/2025,XIPB,198,198,198,198,200
7/23/2025,XIPI,217,217,217,217,100
7/23/2025,XISB,0,0,0,0,0
7/23/2025,XISC,0,0,0,0,0
7/23/2025,XISI,340,340,340,340,200
7/23/2025,XISR,435,435,428,428,200
7/23/2025,XKID,0,0,0,0,0
7/23/2025,XKIV,548,551,548,551,40100
7/23/2025,XKMS,1132,1138,1129,1138,200100
7/23/2025,XMGB,1105,1105,1105,1105,400
7/23/2025,XMIG,212,212,211,211,200100
7/23/2025,XMLF,869,869,869,869,40000
7/23/2025,XMSK,373,373,373,373,100
7/23/2025,XNVE,0,0,0,0,0
7/23/2025,XPDV,0,0,0,0,0
7/23/2025,XPFT,0,0,0,0,0
7/23/2025,XPIN,610,610,607,607,16500
7/23/2025,XPLQ,488,488,487,487,2200
7/23/2025,XPSG,0,0,0,0,0
7/23/2025,XPTD,428,428,428,428,200
7/23/2025,XSBC,114,114,114,114,71600
7/23/2025,XSPI,0,0,0,0,0
7/23/2025,XSSI,50,51,50,51,21300
7/23/2025,XSSK,673,673,673,673,20000
7/23/2025,YELO,22,22,19,21,5733700
7/23/2025,YOII,95,95,93,94,2671800
7/23/2025,YPAS,0,0,0,0,0
7/23/2025,YULE,2710,2710,2690,2690,300
7/23/2025,YUPI,1785,1785,1700,1735,123100
7/23/2025,ZATA,9,9,9,9,5528900
7/23/2025,ZBRA,0,0,0,0,0
7/23/2025,ZINC,12,12,12,12,2983600
7/23/2025,ZONE,815,820,810,815,170700
7/23/2025,ZYRX,132,132,129,130,534500
