<date>,<ticker>,<open>,<high>,<low>,<close>,<volume>
7/8/2025,IHSG,6892.341,6916.833,6885.282,6904.392,730812095
7/8/2025,IDX30,0.000,0.000,0.000,0.000,0
7/8/2025,IDX80,0.000,0.000,0.000,0.000,0
7/8/2025,AADI,6950,7000,6875,6900,2946700
7/8/2025,AALI,5800,5800,5700,5750,369400
7/8/2025,ABBA,37,37,36,37,284700
7/8/2025,ABDA,0,0,0,0,0
7/8/2025,ABMM,3000,3030,2990,3010,756300
7/8/2025,ACES,486,488,480,486,18022600
7/8/2025,ACESBQCV5A,4,5,4,5,213000
7/8/2025,ACESDRCN5A,2,2,1,1,89100
7/8/2025,ACESDRCQ5A,1,2,1,2,67000
7/8/2025,ACRO,60,61,60,61,887200
7/8/2025,ACRO-W,6,7,6,7,407200
7/8/2025,ACST,88,88,88,88,1822000
7/8/2025,ADCP,50,50,50,50,45200
7/8/2025,ADES,12475,12600,11750,12075,109100
7/8/2025,ADHI,234,240,230,232,13189700
7/8/2025,ADMF,9075,9075,8975,9050,14200
7/8/2025,ADMG,115,118,113,114,109900
7/8/2025,ADMR,935,960,935,950,7144100
7/8/2025,ADMRZPCH6A,51,51,51,51,2600
7/8/2025,ADRO,1740,1790,1740,1745,58165700
7/8/2025,ADROBQCN5A,8,9,8,8,290500
7/8/2025,ADROBQCU5A,27,29,27,27,700
7/8/2025,ADROBQCZ5A,47,47,45,47,500
7/8/2025,ADRODRCN5A,3,3,3,3,5000
7/8/2025,ADRODRCQ5A,2,3,2,3,8326600
7/8/2025,ADRODRCQ5B,19,21,19,19,427100
7/8/2025,ADRODRCX5A,44,46,44,44,171800
7/8/2025,ADROHDCN5A,0,0,0,0,0
7/8/2025,ADROHDCQ5A,0,0,0,0,0
7/8/2025,ADROZPCF6A,0,0,0,0,0
7/8/2025,AEGS,33,33,30,32,2862900
7/8/2025,AGAR,236,236,228,228,32700
7/8/2025,AGII,985,990,980,985,489100
7/8/2025,AGRO,199,202,198,202,24692600
7/8/2025,AGRS,64,65,63,65,293900
7/8/2025,AHAP,65,65,63,65,823000
7/8/2025,AIMS,298,298,296,296,22800
7/8/2025,AISA,137,142,137,140,1545900
7/8/2025,AKKU,0,0,0,0,0
7/8/2025,AKPI,585,595,585,595,2600
7/8/2025,AKRA,1175,1190,1160,1160,12607700
7/8/2025,AKRADRCN5A,33,33,32,32,200
7/8/2025,AKRADRCQ5A,0,0,0,0,0
7/8/2025,AKRADRCX5A,33,33,32,32,4800
7/8/2025,AKRAHDCQ5A,0,0,0,0,0
7/8/2025,AKRAZPCX5A,55,55,55,55,3000
7/8/2025,AKSI,274,276,268,274,267900
7/8/2025,ALDO,490,494,490,492,7900
7/8/2025,ALII,630,635,625,635,3328500
7/8/2025,ALKA,300,308,296,296,14000
7/8/2025,ALMI,0,0,0,0,0
7/8/2025,ALTO,0,0,0,0,0
7/8/2025,AMAG,356,356,340,346,319900
7/8/2025,AMAN,102,102,100,100,561600
7/8/2025,AMAR,156,158,156,158,848100
7/8/2025,AMFG,3540,3560,3520,3560,15600
7/8/2025,AMIN,146,149,146,146,68000
7/8/2025,AMMN,8400,8525,8300,8350,21432400
7/8/2025,AMMNZPCG6A,0,0,0,0,0
7/8/2025,AMMS,0,0,0,0,0
7/8/2025,AMMS-W,0,0,0,0,0
7/8/2025,AMOR,510,515,505,515,8700
7/8/2025,AMRT,2410,2440,2330,2370,27189700
7/8/2025,AMRTBQCU5A,44,45,43,45,300
7/8/2025,AMRTDRCN5A,1,1,1,1,37100
7/8/2025,AMRTDRCQ5A,6,6,6,6,149700
7/8/2025,AMRTDRCZ5A,53,53,51,51,400
7/8/2025,AMRTHDCQ5A,39,39,35,37,45900
7/8/2025,AMRTZPCX5A,0,0,0,0,0
7/8/2025,ANDI,18,18,17,17,198000
7/8/2025,ANJT,1760,1760,1750,1755,1207800
7/8/2025,ANTM,2950,2990,2900,2930,114484400
7/8/2025,ANTMBQCU5A,282,282,282,282,1900
7/8/2025,ANTMBQCX5A,85,86,82,83,216500
7/8/2025,ANTMBQCZ5A,0,0,0,0,0
7/8/2025,ANTMDRCG6A,54,54,51,51,271400
7/8/2025,ANTMDRCN5A,200,200,195,196,700
7/8/2025,ANTMDRCQ5A,254,256,248,248,4200
7/8/2025,ANTMDRCX5A,284,286,278,278,30500
7/8/2025,ANTMDRPU5A,61,63,61,63,300
7/8/2025,ANTMDRPU5B,36,38,36,37,1200
7/8/2025,ANTMHDCQ5A,0,0,0,0,0
7/8/2025,ANTMHDCU5A,154,157,148,148,1000
7/8/2025,ANTMYUCQ5A,332,332,324,324,400
7/8/2025,ANTMZPCX5A,193,193,187,187,13100
7/8/2025,APEX,126,135,126,130,35545500
7/8/2025,APIC,1155,1160,1140,1140,4789200
7/8/2025,APII,168,200,168,178,359200
7/8/2025,APLI,488,492,468,470,2900
7/8/2025,APLN,89,90,88,89,1069500
7/8/2025,ARCI,570,600,570,580,26217700
7/8/2025,AREA,442,448,410,416,1627800
7/8/2025,ARGO,835,835,730,800,18300
7/8/2025,ARII,274,274,266,268,16200
7/8/2025,ARKA,19,20,19,20,294500
7/8/2025,ARKO,795,810,795,805,40700
7/8/2025,ARMY,0,0,0,0,0
7/8/2025,ARNA,590,590,580,590,874000
7/8/2025,ARTA,1905,2390,1905,2390,152000
7/8/2025,ARTI,0,0,0,0,0
7/8/2025,ARTO,1735,1735,1685,1695,2612300
7/8/2025,ARTOBQCU5A,12,12,11,11,200
7/8/2025,ARTOBQCZ5A,29,29,28,28,21600
7/8/2025,ARTODRCN5A,1,2,1,2,27400
7/8/2025,ARTODRCQ5A,0,0,0,0,0
7/8/2025,ARTODRCX5A,35,35,34,34,35300
7/8/2025,ARTOZPCX5A,0,0,0,0,0
7/8/2025,ASBI,410,410,402,402,5700
7/8/2025,ASDM,555,560,525,525,778400
7/8/2025,ASGR,880,895,875,895,643500
7/8/2025,ASHA,18,18,17,17,1110300
7/8/2025,ASII,4670,4670,4620,4660,21173700
7/8/2025,ASIIBQCU5A,55,55,53,53,400
7/8/2025,ASIIBQCZ5A,0,0,0,0,0
7/8/2025,ASIIDRCQ5A,21,21,21,21,102600
7/8/2025,ASIIDRCQ5B,0,0,0,0,0
7/8/2025,ASIIDRCX5A,81,82,81,82,200
7/8/2025,ASIIDRCX6A,2700,2700,2700,2700,100
7/8/2025,ASIIDRPQ5A,33,33,33,33,15200
7/8/2025,ASJT,108,123,104,108,637400
7/8/2025,ASLC,64,64,63,63,636100
7/8/2025,ASLI,50,50,50,50,203800
7/8/2025,ASMI,15,15,15,15,401600
7/8/2025,ASPI,206,212,206,210,159800
7/8/2025,ASPR,151,166,135,164,1438963700
7/8/2025,ASRI,126,126,124,124,6206900
7/8/2025,ASRM,278,282,274,274,90100
7/8/2025,ASSA,745,755,730,750,6713900
7/8/2025,ATAP,28,29,28,29,4000
7/8/2025,ATIC,382,386,378,386,127400
7/8/2025,ATLA,50,50,50,50,772300
7/8/2025,AUTO,2030,2050,2030,2040,990300
7/8/2025,AVIA,434,440,430,440,9941800
7/8/2025,AWAN,250,274,242,270,23031000
7/8/2025,AXIO,133,134,128,129,497000
7/8/2025,AYAM,164,166,161,165,158157700
7/8/2025,AYLS,103,103,101,101,2365200
7/8/2025,BABP,50,51,50,50,5413100
7/8/2025,BABY,304,310,300,302,8630600
7/8/2025,BACA,131,131,130,130,1368600
7/8/2025,BAIK,99,100,97,99,2821300
7/8/2025,BAIK-W,7,8,7,7,777200
7/8/2025,BAJA,140,141,134,141,7548400
7/8/2025,BALI,1610,1610,1505,1505,329100
7/8/2025,BANK,810,820,800,805,6251900
7/8/2025,BANK-W,0,0,0,0,0
7/8/2025,BAPA,50,50,50,50,292200
7/8/2025,BAPI,9,9,9,9,2300500
7/8/2025,BATA,50,50,50,50,111100
7/8/2025,BATR,79,80,79,80,937100
7/8/2025,BAUT,24,24,24,24,1477300
7/8/2025,BAYU,1320,1320,1205,1270,256200
7/8/2025,BBCA,8550,8600,8425,8500,215611000
7/8/2025,BBCABQCV5A,0,0,0,0,0
7/8/2025,BBCABQCX5A,65,65,63,63,110400
7/8/2025,BBCADRCF6A,74,76,73,74,117300
7/8/2025,BBCADRCQ5A,38,38,35,35,121800
7/8/2025,BBCADRCX6A,4360,4360,4300,4300,800
7/8/2025,BBCADRPQ5A,69,72,69,72,23600
7/8/2025,BBCAHDCQ5A,0,0,0,0,0
7/8/2025,BBCAHDCU5A,0,0,0,0,0
7/8/2025,BBCAHDCV5A,0,0,0,0,0
7/8/2025,BBCAYUCQ5A,63,63,63,63,100
7/8/2025,BBCAZPCF6A,55,55,55,55,80000
7/8/2025,BBCAZPCH6A,122,122,117,117,12400
7/8/2025,BBHI,850,875,850,875,1573600
7/8/2025,BBKP,59,59,58,58,19726600
7/8/2025,BBLD,770,775,670,735,1700
7/8/2025,BBMD,2070,2120,2070,2120,1300
7/8/2025,BBNI,3980,4020,3950,3970,27867600
7/8/2025,BBNIBQCU5A,35,35,33,33,145200
7/8/2025,BBNIBQCV5A,0,0,0,0,0
7/8/2025,BBNIDRCQ5A,11,11,11,11,65600
7/8/2025,BBNIDRCX6A,0,0,0,0,0
7/8/2025,BBNIDRCZ5A,53,55,53,53,300
7/8/2025,BBNIDRPU5A,37,38,37,38,200
7/8/2025,BBNIHDCQ5A,0,0,0,0,0
7/8/2025,BBNIHDCU5A,0,0,0,0,0
7/8/2025,BBNIHDPU5A,0,0,0,0,0
7/8/2025,BBNIYUCV5A,68,68,65,65,200
7/8/2025,BBNIZPCH6A,0,0,0,0,0
7/8/2025,BBNIZPCX5A,56,56,56,56,3000000
7/8/2025,BBRI,3690,3700,3650,3670,115551200
7/8/2025,BBRIBQCQ5A,19,19,17,17,114700
7/8/2025,BBRIBQCU5A,45,46,45,45,400
7/8/2025,BBRIBQCZ5A,0,0,0,0,0
7/8/2025,BBRIDRCQ5A,28,28,27,27,1044800
7/8/2025,BBRIDRCX5A,146,146,141,141,4030200
7/8/2025,BBRIDRCX6A,0,0,0,0,0
7/8/2025,BBRIDRPN5A,0,0,0,0,0
7/8/2025,BBRIHDCQ5A,0,0,0,0,0
7/8/2025,BBRIYUCV5A,139,139,139,139,100
7/8/2025,BBRIZPCH6A,0,0,0,0,0
7/8/2025,BBRIZPCX5A,0,0,0,0,0
7/8/2025,BBRM,75,77,74,77,2713700
7/8/2025,BBSI,4030,4070,3780,4070,21700
7/8/2025,BBSS,294,314,294,300,46300
7/8/2025,BBTN,1085,1090,1070,1080,11473700
7/8/2025,BBTNZPCG6A,0,0,0,0,0
7/8/2025,BBYB,218,226,218,224,16097700
7/8/2025,BCAP,54,55,53,55,38353700
7/8/2025,BCIC,0,0,0,0,0
7/8/2025,BCIP,102,106,101,103,13850600
7/8/2025,BDKR,163,168,160,163,26248400
7/8/2025,BDMN,2420,2430,2400,2410,1425600
7/8/2025,BEBS,0,0,0,0,0
7/8/2025,BEEF,284,284,274,274,9960300
7/8/2025,BEER,73,75,71,72,490400
7/8/2025,BEKS,25,25,25,25,3166500
7/8/2025,BELI,398,400,392,400,1694500
7/8/2025,BELL,50,50,50,50,164900
7/8/2025,BESS,1145,1160,1095,1100,5200
7/8/2025,BEST,96,96,94,95,10032000
7/8/2025,BFIN,800,800,770,775,5708200
7/8/2025,BGTG,75,77,75,77,2760100
7/8/2025,BHAT,735,745,720,720,1656900
7/8/2025,BHIT,24,25,24,25,4359900
7/8/2025,BIKA,0,0,0,0,0
7/8/2025,BIKE,565,570,560,565,955100
7/8/2025,BIMA,41,41,41,41,30100
7/8/2025,BINA,4380,4380,4370,4370,20500
7/8/2025,BINO,107,107,104,105,250700
7/8/2025,BIPI,79,79,78,78,6009600
7/8/2025,BIPP,40,40,40,40,19300
7/8/2025,BIRD,1805,1835,1780,1825,1274000
7/8/2025,BISI,960,960,955,960,16500
7/8/2025,BJBR,800,805,800,800,2061300
7/8/2025,BJTM,486,490,484,488,5933600
7/8/2025,BKDP,32,32,32,32,5000
7/8/2025,BKSL,129,133,129,132,148407900
7/8/2025,BKSW,60,61,59,60,824400
7/8/2025,BLES,180,180,172,176,1178000
7/8/2025,BLTA,20,20,20,20,605400
7/8/2025,BLTZ,0,0,0,0,0
7/8/2025,BLUE,314,348,314,320,1060900
7/8/2025,BMAS,515,515,515,515,22700
7/8/2025,BMBL,17,17,16,17,369500
7/8/2025,BMHS,198,200,196,198,1883500
7/8/2025,BMRI,4710,4750,4700,4720,132853800
7/8/2025,BMRIBQCN5A,17,17,16,16,136000
7/8/2025,BMRIBQCU5A,31,31,30,30,200
7/8/2025,BMRIBQCZ5A,0,0,0,0,0
7/8/2025,BMRIDRCQ5A,9,9,8,9,125200
7/8/2025,BMRIDRCX5A,70,71,70,71,2400
7/8/2025,BMRIDRCX6A,2430,2430,2430,2430,200
7/8/2025,BMRIDRPN5A,0,0,0,0,0
7/8/2025,BMRIHDCQ5A,0,0,0,0,0
7/8/2025,BMRIHDCU5A,0,0,0,0,0
7/8/2025,BMRIHDPU5A,0,0,0,0,0
7/8/2025,BMRIYUCQ5A,42,42,42,42,100
7/8/2025,BMRIZPCH6A,0,0,0,0,0
7/8/2025,BMRIZPCX5A,48,48,48,48,200000
7/8/2025,BMSR,258,258,242,242,39800
7/8/2025,BMTR,127,128,124,125,52047200
7/8/2025,BNBA,850,865,815,865,1082100
7/8/2025,BNBR,27,27,27,27,4964000
7/8/2025,BNGA,1665,1680,1660,1675,2290400
7/8/2025,BNGAZPCH6A,50,51,50,51,10000
7/8/2025,BNII,197,197,195,196,335200
7/8/2025,BNLI,2700,2800,2650,2770,407400
7/8/2025,BOAT,99,102,97,99,2201900
7/8/2025,BOBA,178,179,173,178,14900
7/8/2025,BOGA,560,570,555,555,481800
7/8/2025,BOLA,96,96,95,95,97400
7/8/2025,BOLT,1285,1285,1220,1220,1346300
7/8/2025,BOSS,0,0,0,0,0
7/8/2025,BPFI,334,336,334,334,61000
7/8/2025,BPII,590,595,580,585,194900
7/8/2025,BPTR,91,92,89,89,611400
7/8/2025,BRAM,5675,5725,5675,5725,300
7/8/2025,BREN,5850,6050,5775,6000,11718100
7/8/2025,BRIS,2550,2600,2540,2600,14182200
7/8/2025,BRISYUCV5A,83,83,83,83,100
7/8/2025,BRISZPCG6A,52,52,52,52,21600
7/8/2025,BRMS,398,416,398,408,663086600
7/8/2025,BRMSYUCV5A,31,34,31,32,550300
7/8/2025,BRMSZPCG6A,59,60,58,58,19100
7/8/2025,BRNA,630,630,600,615,20900
7/8/2025,BRPT,1670,1725,1640,1685,301451900
7/8/2025,BRPTBQCQ5A,340,340,340,340,30000
7/8/2025,BRPTBQCV5A,188,200,179,198,207600
7/8/2025,BRPTBQCZ5A,454,454,454,454,25000
7/8/2025,BRPTDRCF6A,120,124,116,120,421800
7/8/2025,BRPTDRCN5A,159,176,159,165,148900
7/8/2025,BRPTDRCQ5A,147,154,145,148,314300
7/8/2025,BRPTDRCX5A,137,142,136,139,169700
7/8/2025,BRPTDRPV5A,40,40,40,40,3000
7/8/2025,BRPTHDCN5A,0,0,0,0,0
7/8/2025,BRPTHDCQ5A,144,156,144,156,1331100
7/8/2025,BRPTZPCF6A,136,140,136,140,125500
7/8/2025,BRPTZPCX5A,189,194,189,194,68200
7/8/2025,BRRC,60,60,58,58,6684700
7/8/2025,BRRC-W,9,9,8,9,338100
7/8/2025,BSBK,50,50,50,50,210100
7/8/2025,BSDE,800,800,780,780,7293000
7/8/2025,BSDEZPCH6A,0,0,0,0,0
7/8/2025,BSIM,900,910,880,910,1500
7/8/2025,BSML,90,93,89,93,32766700
7/8/2025,BSSR,3910,3910,3880,3890,389300
7/8/2025,BSWD,0,0,0,0,0
7/8/2025,BTEK,5,5,4,5,43041800
7/8/2025,BTEL,0,0,0,0,0
7/8/2025,BTON,384,396,360,380,25500
7/8/2025,BTPN,2120,2140,2100,2120,48300
7/8/2025,BTPS,1390,1395,1335,1335,11837700
7/8/2025,BTPSZPCH6A,40,40,40,40,5000
7/8/2025,BUAH,1625,1630,1600,1610,71400
7/8/2025,BUDI,228,230,224,230,198000
7/8/2025,BUKA,125,126,123,124,62505900
7/8/2025,BUKK,805,805,795,795,8000
7/8/2025,BULL,131,134,128,132,352324200
7/8/2025,BUMI,113,117,112,116,835692100
7/8/2025,BUVA,76,81,73,81,85853200
7/8/2025,BVIC,94,94,87,87,10633500
7/8/2025,BVIC-W,51,51,47,48,33600
7/8/2025,BWPT,61,61,59,60,5021600
7/8/2025,BYAN,19800,19975,19600,19975,12000
7/8/2025,CAKK,134,137,134,134,27100
7/8/2025,CAMP,210,212,210,210,3645000
7/8/2025,CANI,0,0,0,0,0
7/8/2025,CARE,232,240,228,236,21572300
7/8/2025,CARS,82,84,82,82,370200
7/8/2025,CASA,950,955,930,940,3391500
7/8/2025,CASH,60,62,58,61,191600
7/8/2025,CASS,2060,2140,2040,2140,41500
7/8/2025,CBDK,5575,5800,5525,5700,5276000
7/8/2025,CBMF,0,0,0,0,0
7/8/2025,CBPE,186,191,186,190,127900
7/8/2025,CBRE,67,67,62,66,23689200
7/8/2025,CBUT,1040,1045,1040,1045,4400
7/8/2025,CCSI,340,342,310,326,43600
7/8/2025,CEKA,2850,2880,2710,2740,166000
7/8/2025,CENT,99,111,99,107,85958500
7/8/2025,CFIN,308,312,306,308,1471200
7/8/2025,CGAS,87,89,87,87,3242500
7/8/2025,CHEM,55,55,54,55,426300
7/8/2025,CHIP,1290,1295,1275,1295,78100
7/8/2025,CINT,159,160,155,156,389800
7/8/2025,CITA,3920,3960,3900,3950,73200
7/8/2025,CITY,84,89,83,86,1022600
7/8/2025,CLAY,1045,1055,930,1015,126500
7/8/2025,CLEO,615,615,590,590,10626900
7/8/2025,CLPI,1115,1140,1110,1135,108300
7/8/2025,CMNP,1300,1310,1300,1300,129500
7/8/2025,CMNP-W,354,354,354,354,4100
7/8/2025,CMNT,815,815,795,810,21850900
7/8/2025,CMPP,79,79,78,78,67600
7/8/2025,CMRY,4730,4790,4700,4700,3375900
7/8/2025,CNKO,33,33,32,32,10653800
7/8/2025,CNMA,152,159,152,156,24984300
7/8/2025,CNTB,0,0,0,0,0
7/8/2025,CNTX,0,0,0,0,0
7/8/2025,COAL,34,34,33,34,281600
7/8/2025,COCO,242,260,226,236,19545100
7/8/2025,COWL,0,0,0,0,0
7/8/2025,CPIN,4720,4740,4670,4710,4266200
7/8/2025,CPINDRCG6A,0,0,0,0,0
7/8/2025,CPINDRCN5A,57,57,56,56,400
7/8/2025,CPINDRCQ5A,0,0,0,0,0
7/8/2025,CPINHDCQ5A,31,31,31,31,30000
7/8/2025,CPRI,0,0,0,0,0
7/8/2025,CPRO,50,51,50,50,70480200
7/8/2025,CRAB,234,234,232,234,197600
7/8/2025,CRSN,103,107,101,106,299800
7/8/2025,CSAP,242,244,238,240,22400
7/8/2025,CSIS,73,74,71,72,297600
7/8/2025,CSMI,1105,1165,940,960,981000
7/8/2025,CSRA,655,665,630,630,626000
7/8/2025,CTBN,8500,8525,8500,8525,1000
7/8/2025,CTRA,980,980,960,960,7980000
7/8/2025,CTRAZPCG6A,45,45,45,45,500
7/8/2025,CTTH,25,25,25,25,600
7/8/2025,CUAN,12350,13000,12225,12950,27413300
7/8/2025,CYBR,960,975,930,930,15650600
7/8/2025,CYBR-W,555,555,505,540,6800
7/8/2025,DAAZ,4030,4030,3990,4000,471200
7/8/2025,DADA,7,7,7,7,12308000
7/8/2025,DART,141,142,140,141,51200
7/8/2025,DATA,1235,1330,1235,1290,3546300
7/8/2025,DAYA,910,910,885,910,6700
7/8/2025,DCII,150700,150700,150675,150675,1200
7/8/2025,DEAL,0,0,0,0,0
7/8/2025,DEFI,0,0,0,0,0
7/8/2025,DEPO,206,206,199,202,279700
7/8/2025,DEWA,185,188,183,186,292617700
7/8/2025,DEWI,92,93,91,92,17478800
7/8/2025,DFAM,50,50,50,50,100
7/8/2025,DGIK,85,86,85,86,1740800
7/8/2025,DGNS,151,152,149,150,457800
7/8/2025,DGWG,424,434,418,420,10831700
7/8/2025,DIGI,18,19,18,19,457400
7/8/2025,DILD,125,125,118,123,16558400
7/8/2025,DIVA,112,116,108,113,8592300
7/8/2025,DKFT,452,510,446,505,142157800
7/8/2025,DKHH,0,0,0,0,0
7/8/2025,DKHH-W,0,0,0,0,0
7/8/2025,DLTA,2050,2050,2030,2030,16500
7/8/2025,DMAS,138,138,136,137,18253400
7/8/2025,DMMX,380,380,370,376,1288300
7/8/2025,DMND,492,498,488,498,368900
7/8/2025,DNAR,107,107,105,106,162900
7/8/2025,DNET,9325,9325,9325,9325,300
7/8/2025,DOID,360,384,356,368,41704700
7/8/2025,DOOH,88,96,86,94,251510600
7/8/2025,DOSS,152,159,152,156,590300
7/8/2025,DPNS,230,230,220,224,205900
7/8/2025,DPUM,50,50,50,50,100200
7/8/2025,DRMA,965,965,955,960,318900
7/8/2025,DSFI,56,56,54,55,1180400
7/8/2025,DSNG,770,790,760,790,27178600
7/8/2025,DSSA,56000,58175,55775,57000,3976300
7/8/2025,DUCK,0,0,0,0,0
7/8/2025,DUTI,3500,3500,3500,3500,100
7/8/2025,DVLA,1605,1605,1575,1585,4600
7/8/2025,DWGL,222,222,214,220,379900
7/8/2025,DYAN,88,91,85,88,3052900
7/8/2025,EAST,98,98,96,97,145000
7/8/2025,ECII,186,188,182,185,1287100
7/8/2025,EDGE,3840,3930,3840,3920,17400
7/8/2025,EKAD,180,180,175,178,524200
7/8/2025,ELIT,161,170,159,163,10447100
7/8/2025,ELPI,352,352,350,350,143600
7/8/2025,ELSA,476,480,472,478,28359700
7/8/2025,ELSAZPCG6A,36,36,34,34,120000
7/8/2025,ELTY,10,10,10,10,118051300
7/8/2025,EMDE,91,91,89,91,97000
7/8/2025,EMTK,474,480,474,478,10508900
7/8/2025,EMTKYUCV5A,25,25,25,25,100
7/8/2025,EMTKZPCH6A,0,0,0,0,0
7/8/2025,ENAK,680,700,665,700,254000
7/8/2025,ENRG,344,370,344,354,368143700
7/8/2025,ENRGZPCG6A,68,76,68,68,849800
7/8/2025,ENVY,0,0,0,0,0
7/8/2025,ENZO,33,33,33,33,2300
7/8/2025,EPAC,12,12,12,12,291600
7/8/2025,EPMT,2250,2300,2250,2280,61300
7/8/2025,ERAA,530,535,515,520,49509900
7/8/2025,ERAAZPCH6A,0,0,0,0,0
7/8/2025,ERAL,316,360,314,346,97280500
7/8/2025,ERTX,100,101,97,99,449900
7/8/2025,ESIP,28,28,27,28,46000
7/8/2025,ESSA,570,585,570,580,17389000
7/8/2025,ESTA,66,68,65,66,365900
7/8/2025,ESTI,35,35,35,35,9300
7/8/2025,ETWA,0,0,0,0,0
7/8/2025,EURO,152,155,148,149,246400
7/8/2025,EXCL,2300,2300,2260,2260,1789400
7/8/2025,EXCLHDCQ5A,0,0,0,0,0
7/8/2025,EXCLZPCF6A,52,52,52,52,300
7/8/2025,FAPA,5450,5475,5425,5425,11900
7/8/2025,FAST,362,364,334,342,9875900
7/8/2025,FASW,0,0,0,0,0
7/8/2025,FILM,2210,2250,2120,2140,6191300
7/8/2025,FIMP,91,91,83,90,600
7/8/2025,FIRE,77,77,76,76,2553400
7/8/2025,FISH,0,0,0,0,0
7/8/2025,FITT,0,0,0,0,0
7/8/2025,FLMC,50,50,47,49,888700
7/8/2025,FMII,346,346,334,344,2500
7/8/2025,FOLK,65,66,65,66,349900
7/8/2025,FOOD,104,105,104,105,12200
7/8/2025,FORE,560,650,560,630,71542600
7/8/2025,FORU,1290,1305,1250,1250,155400
7/8/2025,FORZ,0,0,0,0,0
7/8/2025,FPNI,196,198,194,196,2040300
7/8/2025,FUJI,424,456,422,436,2543700
7/8/2025,FUTR,60,60,56,59,9969400
7/8/2025,FWCT,146,146,144,145,525500
7/8/2025,GAMA,0,0,0,0,0
7/8/2025,GDST,109,110,106,106,3166400
7/8/2025,GDYR,1125,1145,1120,1120,400
7/8/2025,GEMA,93,95,93,93,512300
7/8/2025,GEMS,8975,9025,8975,8975,47300
7/8/2025,GGRM,8875,9000,8850,8925,329100
7/8/2025,GGRMZPCG6A,0,0,0,0,0
7/8/2025,GGRP,0,0,0,0,0
7/8/2025,GHON,1535,1570,1535,1560,3200
7/8/2025,GIAA,72,72,70,70,43851800
7/8/2025,GJTL,1065,1065,1045,1050,7174900
7/8/2025,GLOB,50,50,46,46,4100
7/8/2025,GLVA,318,328,300,306,27900
7/8/2025,GMFI,62,62,57,57,352700
7/8/2025,GMTD,0,0,0,0,0
7/8/2025,GOLD,244,248,240,240,1500
7/8/2025,GOLF,226,228,224,228,2058100
7/8/2025,GOLL,0,0,0,0,0
7/8/2025,GOOD,356,358,356,358,84800
7/8/2025,GOTO,60,60,58,60,1498231100
7/8/2025,GOTOBQCZ5A,7,7,7,7,1547300
7/8/2025,GOTODRCG6A,12,15,12,15,75000
7/8/2025,GOTODRCN5A,3,3,3,3,100
7/8/2025,GOTODRCQ5A,5,5,5,5,100
7/8/2025,GOTOHDCQ5A,0,0,0,0,0
7/8/2025,GOTOM,0,0,0,0,0
7/8/2025,GOTOZPCH6A,28,28,28,28,50000
7/8/2025,GPRA,126,131,123,127,198591700
7/8/2025,GPSO,342,352,338,340,352000
7/8/2025,GRIA,99,101,87,89,18515300
7/8/2025,GRPH,50,50,50,50,170300
7/8/2025,GRPM,51,51,50,51,1662800
7/8/2025,GRPM-W,14,15,14,15,5122800
7/8/2025,GSMF,52,53,51,53,202700
7/8/2025,GTBO,232,232,204,204,8010200
7/8/2025,GTRA,134,142,134,139,1087100
7/8/2025,GTSI,40,40,40,40,1145300
7/8/2025,GULA,264,264,258,258,115000
7/8/2025,GUNA,272,276,266,274,279500
7/8/2025,GWSA,121,121,121,121,25100
7/8/2025,GZCO,86,87,85,86,4994300
7/8/2025,HADE,8,8,7,8,292200
7/8/2025,HAIS,186,188,185,186,748200
7/8/2025,HAJJ,117,121,109,120,12238900
7/8/2025,HAJJ-W,14,14,12,14,16109900
7/8/2025,HALO,76,76,73,75,5725700
7/8/2025,HALO-W,8,9,7,8,433200
7/8/2025,HATM,278,282,274,278,25375200
7/8/2025,HBAT,68,72,68,70,1223500
7/8/2025,HDFA,107,107,104,104,8400
7/8/2025,HDIT,18,18,17,18,386200
7/8/2025,HDTX,0,0,0,0,0
7/8/2025,HEAL,1480,1490,1465,1475,13197800
7/8/2025,HEALZPCH6A,0,0,0,0,0
7/8/2025,HELI,250,260,246,252,2635400
7/8/2025,HERO,398,398,384,392,18600
7/8/2025,HEXA,4970,4970,4950,4960,143600
7/8/2025,HGII,160,160,157,160,5220300
7/8/2025,HILL,248,248,232,232,5490400
7/8/2025,HITS,0,0,0,0,0
7/8/2025,HKMU,0,0,0,0,0
7/8/2025,HMSP,610,615,605,610,2980200
7/8/2025,HOKI,94,94,91,92,12641500
7/8/2025,HOME,0,0,0,0,0
7/8/2025,HOMI,212,216,206,206,803000
7/8/2025,HOPE,57,58,57,58,201300
7/8/2025,HOTL,0,0,0,0,0
7/8/2025,HRME,24,24,23,23,535700
7/8/2025,HRTA,585,610,585,595,5050400
7/8/2025,HRUM,800,815,795,795,4997800
7/8/2025,HRUMZPCG6A,0,0,0,0,0
7/8/2025,HUMI,53,54,52,53,16362900
7/8/2025,HUMI-W,6,6,5,5,3316800
7/8/2025,HYGN,142,145,141,144,932400
7/8/2025,IATA,50,50,50,50,3399800
7/8/2025,IATA-W,29,42,29,38,30600
7/8/2025,IBFN,13,13,13,13,78000
7/8/2025,IBOS,27,27,25,27,767200
7/8/2025,IBST,4850,4850,4850,4850,300
7/8/2025,ICBP,10450,10550,10325,10500,7659400
7/8/2025,ICBPDRCQ5A,17,17,17,17,100
7/8/2025,ICBPDRCX6A,0,0,0,0,0
7/8/2025,ICBPHDCQ5A,0,0,0,0,0
7/8/2025,ICBPZPCX5A,76,76,76,76,100
7/8/2025,ICON,38,38,38,38,2200
7/8/2025,IDEA,47,49,46,47,189300
7/8/2025,IDPR,206,206,193,197,114400
7/8/2025,IFII,244,248,242,244,98400
7/8/2025,IFSH,770,770,745,750,2900
7/8/2025,IGAR,575,585,575,585,300
7/8/2025,IIKP,0,0,0,0,0
7/8/2025,IKAI,7,8,7,8,975900
7/8/2025,IKAN,66,69,64,66,16421400
7/8/2025,IKBI,386,394,386,390,25800
7/8/2025,IKPM,200,206,196,206,96200
7/8/2025,IMAS,835,840,825,835,327700
7/8/2025,IMJS,190,194,188,189,3082200
7/8/2025,IMPC,308,310,296,300,21813900
7/8/2025,INAF,0,0,0,0,0
7/8/2025,INAI,180,188,155,156,13428800
7/8/2025,INCF,22,23,22,23,693700
7/8/2025,INCI,580,580,575,575,63600
7/8/2025,INCO,3410,3420,3310,3320,7802900
7/8/2025,INCOBQCQ5A,102,102,102,102,200
7/8/2025,INCOBQCV5A,53,53,50,51,3000
7/8/2025,INCODRCN5A,32,32,28,28,61300
7/8/2025,INCODRCQ5A,6,7,5,6,3107700
7/8/2025,INCODRCX5A,73,75,72,72,3700
7/8/2025,INCODRPV5A,59,61,59,61,193300
7/8/2025,INCOHDCQ5A,86,86,80,80,105100
7/8/2025,INCOZPCX5A,0,0,0,0,0
7/8/2025,INDF,8050,8100,7975,8025,4585500
7/8/2025,INDFBQCV5A,136,136,136,136,500
7/8/2025,INDFDRCQ5A,0,0,0,0,0
7/8/2025,INDFDRCX6A,0,0,0,0,0
7/8/2025,INDFHDCQ5A,0,0,0,0,0
7/8/2025,INDO,196,196,185,189,5647100
7/8/2025,INDR,2060,2240,2010,2010,85700
7/8/2025,INDS,222,256,218,234,414500
7/8/2025,INDX,77,80,77,78,1493600
7/8/2025,INDY,1335,1350,1320,1330,3742700
7/8/2025,INDYZPCG6A,0,0,0,0,0
7/8/2025,INET,163,193,162,190,598719700
7/8/2025,INET-W,73,96,72,94,85348600
7/8/2025,INKP,5375,5475,5375,5450,3090800
7/8/2025,INKPDRCF6A,90,91,89,90,1500200
7/8/2025,INKPDRCN5A,0,0,0,0,0
7/8/2025,INKPDRCQ5A,0,0,0,0,0
7/8/2025,INKPHDCQ5A,6,6,6,6,127400
7/8/2025,INKPZPCF6A,0,0,0,0,0
7/8/2025,INOV,85,85,85,85,2300
7/8/2025,INPC,146,151,145,149,7034000
7/8/2025,INPP,800,800,770,800,39500
7/8/2025,INPS,130,140,124,128,9865100
7/8/2025,INRU,985,985,900,920,39700
7/8/2025,INTA,12,12,12,12,12300
7/8/2025,INTD,179,181,179,180,3300
7/8/2025,INTP,5275,5550,5250,5475,1673400
7/8/2025,INTPZPCG6A,0,0,0,0,0
7/8/2025,IOTF,65,66,65,65,327241800
7/8/2025,IPAC,142,142,132,138,13300
7/8/2025,IPCC,1005,1010,1000,1000,1127400
7/8/2025,IPCM,268,270,266,266,605500
7/8/2025,IPOL,139,139,133,134,592000
7/8/2025,IPPE,0,0,0,0,0
7/8/2025,IPTV,25,25,25,25,5238000
7/8/2025,IRRA,420,426,416,416,1025800
7/8/2025,IRSX,30,31,30,31,7976600
7/8/2025,IRSX-W,1,1,1,1,358900
7/8/2025,ISAP,11,11,10,11,2731100
7/8/2025,ISAP-W,3,4,3,4,4714100
7/8/2025,ISAT,2100,2120,2080,2110,7519700
7/8/2025,ISATBQCU5A,69,69,68,68,200
7/8/2025,ISATDRCG6A,80,80,79,80,57000
7/8/2025,ISATDRCX5A,58,58,58,58,1300
7/8/2025,ISATHDCQ5A,0,0,0,0,0
7/8/2025,ISATZPCF6A,0,0,0,0,0
7/8/2025,ISEA,65,67,64,66,1994400
7/8/2025,ISSP,314,322,312,318,2199200
7/8/2025,ITIC,216,238,214,222,890200
7/8/2025,ITMA,720,780,710,725,92629700
7/8/2025,ITMG,22100,22100,22025,22025,1107200
7/8/2025,JARR,386,390,382,386,4390200
7/8/2025,JAST,57,57,55,56,2405300
7/8/2025,JATI,145,149,135,141,24915600
7/8/2025,JAWA,141,153,139,148,15161200
7/8/2025,JAYA,95,95,92,94,2067200
7/8/2025,JECC,810,815,795,805,19800
7/8/2025,JGLE,8,9,8,9,44250900
7/8/2025,JIHD,580,640,565,615,1912800
7/8/2025,JKON,74,74,73,74,920200
7/8/2025,JKSW,0,0,0,0,0
7/8/2025,JMAS,126,128,125,127,143300
7/8/2025,JPFA,1500,1570,1485,1560,58037600
7/8/2025,JPFAZPCG6A,0,0,0,0,0
7/8/2025,JRPT,705,710,705,710,267500
7/8/2025,JSKY,0,0,0,0,0
7/8/2025,JSMR,3590,3620,3570,3600,1957700
7/8/2025,JSMRZPCG6A,0,0,0,0,0
7/8/2025,JSPT,4840,4840,4720,4780,25100
7/8/2025,JTPE,242,244,242,244,4094700
7/8/2025,KAEF,0,0,0,0,0
7/8/2025,KAQI,50,50,50,50,193800
7/8/2025,KARW,880,910,880,910,131000
7/8/2025,KAYU,0,0,0,0,0
7/8/2025,KBAG,33,34,33,34,3844400
7/8/2025,KBLI,396,396,392,394,239000
7/8/2025,KBLM,294,296,294,296,14100
7/8/2025,KBLV,54,55,53,54,1556900
7/8/2025,KBRI,0,0,0,0,0
7/8/2025,KDSI,488,488,466,484,44200
7/8/2025,KDTN,125,125,123,124,1200
7/8/2025,KEEN,780,820,775,820,8365400
7/8/2025,KEJU,575,585,570,580,87200
7/8/2025,KETR,199,199,195,199,154600
7/8/2025,KIAS,19,20,19,20,64100
7/8/2025,KICI,110,114,110,113,117700
7/8/2025,KIJA,180,180,177,180,87147700
7/8/2025,KING,208,214,206,206,927500
7/8/2025,KING-W,17,18,16,18,1091100
7/8/2025,KINO,1070,1080,1050,1055,50000
7/8/2025,KIOS,50,50,50,50,3400
7/8/2025,KJEN,0,0,0,0,0
7/8/2025,KKES,24,25,24,24,125200
7/8/2025,KKGI,356,358,352,352,1839900
7/8/2025,KLAS,136,139,135,139,12905500
7/8/2025,KLBF,1490,1500,1470,1500,17530400
7/8/2025,KLBFBQCV5A,92,92,92,92,300
7/8/2025,KLBFDRCG6A,55,55,52,54,500
7/8/2025,KLBFDRCN5A,51,51,47,50,300
7/8/2025,KLBFDRCQ5A,27,27,27,27,100
7/8/2025,KLBFHDCQ5A,0,0,0,0,0
7/8/2025,KLBFZPCF6A,0,0,0,0,0
7/8/2025,KLIN,149,149,141,142,132900
7/8/2025,KMDS,580,585,560,575,286100
7/8/2025,KMTR,268,270,256,266,124000
7/8/2025,KOBX,149,151,146,150,366400
7/8/2025,KOCI,50,50,50,50,67500
7/8/2025,KOCI-W,6,6,5,5,18600
7/8/2025,KOIN,70,70,70,70,138500
7/8/2025,KOKA,65,71,65,67,11212800
7/8/2025,KONI,1200,1200,1200,1200,3700
7/8/2025,KOPI,364,368,362,362,270400
7/8/2025,KOTA,18,19,18,19,10981800
7/8/2025,KPAL,0,0,0,0,0
7/8/2025,KPAS,0,0,0,0,0
7/8/2025,KPIG,178,180,176,179,83133900
7/8/2025,KRAH,0,0,0,0,0
7/8/2025,KRAS,0,0,0,0,0
7/8/2025,KREN,9,9,9,9,1532700
7/8/2025,KRYA,270,304,250,288,209885600
7/8/2025,KSIX,195,199,193,198,180500
7/8/2025,KUAS,50,51,50,50,51900
7/8/2025,LABA,274,324,262,308,398575800
7/8/2025,LABS,138,142,138,142,1184500
7/8/2025,LAJU,50,50,50,50,420300
7/8/2025,LAND,20,21,20,21,736500
7/8/2025,LAPD,27,29,27,29,2095900
7/8/2025,LCGP,0,0,0,0,0
7/8/2025,LCKM,212,212,208,210,6700
7/8/2025,LEAD,72,75,71,72,13196600
7/8/2025,LFLO,252,288,236,288,188600
7/8/2025,LIFE,6750,7000,6750,6750,700
7/8/2025,LINK,1550,1550,1550,1550,39200
7/8/2025,LION,388,388,380,386,5500
7/8/2025,LIVE,138,139,137,138,138900
7/8/2025,LMAS,0,0,0,0,0
7/8/2025,LMAX,45,49,44,47,3579900
7/8/2025,LMPI,140,141,139,140,120800
7/8/2025,LMSH,0,0,0,0,0
7/8/2025,LOPI,38,39,35,37,1745700
7/8/2025,LPCK,430,440,430,438,675900
7/8/2025,LPGI,442,454,400,406,2115100
7/8/2025,LPIN,370,372,366,370,32100
7/8/2025,LPKR,81,82,81,82,5198600
7/8/2025,LPLI,280,280,270,272,348000
7/8/2025,LPPF,1680,1715,1680,1700,1618400
7/8/2025,LPPS,56,56,54,56,1010300
7/8/2025,LRNA,134,135,131,133,62200
7/8/2025,LSIP,1260,1265,1245,1250,5699800
7/8/2025,LSIPZPCG6A,67,67,66,66,603000
7/8/2025,LTLS,880,880,875,875,13400
7/8/2025,LUCK,67,67,65,67,525600
7/8/2025,LUCY,79,79,75,78,110800
7/8/2025,MABA,0,0,0,0,0
7/8/2025,MAGP,0,0,0,0,0
7/8/2025,MAHA,147,148,141,143,3557900
7/8/2025,MAIN,610,630,605,625,2234000
7/8/2025,MAMI,0,0,0,0,0
7/8/2025,MAMIP,0,0,0,0,0
7/8/2025,MANG,32,33,30,32,6332400
7/8/2025,MANG-W,24,26,23,24,56600
7/8/2025,MAPA,775,790,700,710,52565100
7/8/2025,MAPAZPCH6A,61,62,52,52,5762700
7/8/2025,MAPB,1920,1975,1780,1850,60600
7/8/2025,MAPI,1250,1250,1200,1230,11331500
7/8/2025,MAPIBQCV5A,39,39,38,38,200
7/8/2025,MAPIDRCQ5A,21,23,20,23,1080100
7/8/2025,MAPIDRCX5A,33,33,31,33,78700
7/8/2025,MAPIHDCQ5A,19,19,19,19,60000
7/8/2025,MARI,25,25,25,25,7950900
7/8/2025,MARK,680,695,660,665,21697500
7/8/2025,MASA,0,0,0,0,0
7/8/2025,MASB,3500,3530,3270,3320,3400
7/8/2025,MAXI,50,51,50,50,99200
7/8/2025,MAYA,181,182,180,180,646800
7/8/2025,MBAP,1625,1750,1620,1640,38500
7/8/2025,MBMA,466,474,446,448,254386500
7/8/2025,MBMADRCQ5A,19,19,14,14,9144900
7/8/2025,MBMADRCX5A,44,44,38,38,623700
7/8/2025,MBMAHDCQ5A,9,9,8,8,1581900
7/8/2025,MBMAZPCX5A,0,0,0,0,0
7/8/2025,MBSS,1485,1495,1445,1490,1366500
7/8/2025,MBTO,88,88,83,84,2046000
7/8/2025,MCAS,1190,1250,1180,1190,2400
7/8/2025,MCOL,4510,4510,4410,4450,13500
7/8/2025,MCOR,66,67,64,66,6672800
7/8/2025,MDIA,27,28,27,27,3531500
7/8/2025,MDIY,1420,1475,1385,1415,584100
7/8/2025,MDKA,2060,2120,2060,2080,28242400
7/8/2025,MDKABQCN5A,0,0,0,0,0
7/8/2025,MDKABQCV5A,87,87,87,87,100
7/8/2025,MDKADRCN5A,2,3,2,3,300
7/8/2025,MDKADRCQ5A,22,24,22,23,851000
7/8/2025,MDKADRCV5A,65,69,64,66,3528200
7/8/2025,MDKAHDCU5A,0,0,0,0,0
7/8/2025,MDKAYUCQ5A,0,0,0,0,0
7/8/2025,MDKAZPCF6A,62,62,62,62,1000
7/8/2025,MDKI,157,158,155,155,89500
7/8/2025,MDLA,196,198,192,198,3619400
7/8/2025,MDLN,51,51,50,51,918200
7/8/2025,MDRN,7,7,6,7,773800
7/8/2025,MEDC,1235,1260,1235,1240,27526900
7/8/2025,MEDCBQCV5A,99,102,99,102,4300
7/8/2025,MEDCBQCZ5A,54,55,53,55,20800
7/8/2025,MEDCDRCG6A,43,46,41,46,34300
7/8/2025,MEDCDRCN5A,5,6,4,4,32539900
7/8/2025,MEDCDRCQ5A,43,45,42,42,604400
7/8/2025,MEDCDRPV5A,44,44,44,44,100
7/8/2025,MEDCHDCQ5A,94,94,94,94,50100
7/8/2025,MEDCZPCF6A,41,43,41,43,400
7/8/2025,MEDS,50,50,50,50,3300
7/8/2025,MEGA,3180,3280,3000,3270,11100
7/8/2025,MEJA,0,0,0,0,0
7/8/2025,MEJA-W,0,0,0,0,0
7/8/2025,MENN,44,45,43,45,6014400
7/8/2025,MERK,3010,3010,2980,2990,7700
7/8/2025,META,0,0,0,0,0
7/8/2025,MFIN,2780,2780,2300,2300,118400
7/8/2025,MFMI,0,0,0,0,0
7/8/2025,MGLV,0,0,0,0,0
7/8/2025,MGNA,30,30,30,30,1300
7/8/2025,MGNA-W,0,0,0,0,0
7/8/2025,MGRO,720,725,700,705,5565500
7/8/2025,MHKI,127,129,126,129,1061700
7/8/2025,MICE,472,480,468,480,322100
7/8/2025,MIDI,418,418,410,410,2813100
7/8/2025,MIKA,2550,2550,2460,2500,9675600
7/8/2025,MIKAZPCG6A,34,34,34,34,4000
7/8/2025,MINA,121,125,116,118,176487300
7/8/2025,MINE,525,525,510,510,3097400
7/8/2025,MIRA,19,19,19,19,465000
7/8/2025,MITI,193,195,183,186,1608200
7/8/2025,MKAP,322,328,322,328,58500
7/8/2025,MKNT,0,0,0,0,0
7/8/2025,MKPI,22425,22425,22250,22425,8000
7/8/2025,MKTR,110,110,107,107,112300
7/8/2025,MKTR-W,5,6,4,6,858300
7/8/2025,MLBI,5750,5750,5675,5700,112600
7/8/2025,MLIA,290,290,286,288,3132600
7/8/2025,MLPL,94,98,93,94,35240400
7/8/2025,MLPT,33050,33100,31000,31925,15500
7/8/2025,MMIX,202,206,200,202,5954100
7/8/2025,MMLP,510,515,500,500,3401200
7/8/2025,MNCN,244,244,238,240,33790400
7/8/2025,MOLI,191,196,190,190,64700
7/8/2025,MORA,426,430,422,424,10800
7/8/2025,MPIX,61,62,60,62,1464500
7/8/2025,MPIX-W,7,8,7,8,36600
7/8/2025,MPMX,955,970,955,960,2598300
7/8/2025,MPOW,123,125,117,119,6467900
7/8/2025,MPPA,53,55,53,54,32227500
7/8/2025,MPRO,2180,2200,2160,2200,13100
7/8/2025,MPXL,112,116,111,114,2564600
7/8/2025,MRAT,258,264,258,260,17600
7/8/2025,MREI,820,990,820,925,626900
7/8/2025,MSIE,24,25,22,22,2468200
7/8/2025,MSIN,515,530,500,530,93921000
7/8/2025,MSJA,302,304,302,304,30400
7/8/2025,MSKY,53,53,52,53,997800
7/8/2025,MSTI,1300,1310,1285,1300,2382600
7/8/2025,MTDL,550,550,535,535,5467800
7/8/2025,MTEL,520,540,520,540,8134800
7/8/2025,MTFN,5,5,5,5,177869800
7/8/2025,MTLA,460,480,460,480,70700
7/8/2025,MTMH,870,875,855,860,88100
7/8/2025,MTPS,47,50,47,50,500100
7/8/2025,MTRA,0,0,0,0,0
7/8/2025,MTSM,0,0,0,0,0
7/8/2025,MTWI,236,250,226,234,908300
7/8/2025,MUTU,99,99,95,96,1792700
7/8/2025,MUTU-W,1,2,1,2,38840700
7/8/2025,MYOH,1710,1800,1650,1715,239800
7/8/2025,MYOR,2140,2150,2110,2110,2140700
7/8/2025,MYORZPCH6A,0,0,0,0,0
7/8/2025,MYRX,0,0,0,0,0
7/8/2025,MYRXP,0,0,0,0,0
7/8/2025,MYTX,0,0,0,0,0
7/8/2025,NAIK,182,182,173,176,17412600
7/8/2025,NAIK-W,37,37,35,36,6119800
7/8/2025,NANO,23,24,22,23,7056700
7/8/2025,NASA,15,15,14,15,51700
7/8/2025,NASI,91,93,89,91,7543900
7/8/2025,NATO,143,143,140,140,200
7/8/2025,NAYZ,44,44,40,41,5253400
7/8/2025,NCKL,660,660,650,655,12940700
7/8/2025,NELY,370,370,364,366,434800
7/8/2025,NEST,312,314,302,306,3761300
7/8/2025,NETV,145,146,141,143,527500
7/8/2025,NFCX,1740,1790,1740,1755,40800
7/8/2025,NICE,370,462,370,462,40647000
7/8/2025,NICK,1355,1355,1255,1320,6500
7/8/2025,NICL,945,950,920,930,7354300
7/8/2025,NIKL,234,242,232,236,468400
7/8/2025,NINE,78,85,71,85,34248800
7/8/2025,NIPS,0,0,0,0,0
7/8/2025,NIRO,121,125,120,124,17200
7/8/2025,NISP,1330,1345,1325,1335,2339900
7/8/2025,NOBU,585,595,565,580,10213300
7/8/2025,NPGF,40,40,37,37,3442000
7/8/2025,NRCA,314,318,312,314,33700
7/8/2025,NSSS,348,350,342,346,1577400
7/8/2025,NTBK,50,50,50,50,1400
7/8/2025,NUSA,0,0,0,0,0
7/8/2025,NZIA,87,90,86,88,3748100
7/8/2025,OASA,172,183,172,177,78238100
7/8/2025,OBAT,338,350,338,348,2961500
7/8/2025,OBAT-W,42,47,42,46,1050700
7/8/2025,OBMD,192,194,192,193,65800
7/8/2025,OCAP,0,0,0,0,0
7/8/2025,OILS,108,109,104,106,1618300
7/8/2025,OKAS,149,149,145,145,1915800
7/8/2025,OLIV,19,20,19,20,343700
7/8/2025,OMED,172,174,170,172,983600
7/8/2025,OMRE,0,0,0,0,0
7/8/2025,OPMS,71,73,70,70,3242100
7/8/2025,PACK,3590,3590,3240,3240,5509600
7/8/2025,PADA,14,14,13,13,1038700
7/8/2025,PADI,37,37,34,34,830900
7/8/2025,PALM,346,354,336,354,162700
7/8/2025,PAMG,69,69,67,67,1211100
7/8/2025,PANI,11450,12300,11400,12200,16337100
7/8/2025,PANR,990,1000,970,1000,8184900
7/8/2025,PANS,1665,1670,1645,1645,2420300
7/8/2025,PART,120,120,116,117,7031200
7/8/2025,PART-W,19,21,19,20,3360600
7/8/2025,PBID,498,500,494,496,314200
7/8/2025,PBRX,20,21,20,21,1403400
7/8/2025,PBSA,354,356,346,352,1464400
7/8/2025,PCAR,28,28,27,27,1259500
7/8/2025,PDES,442,446,438,438,84800
7/8/2025,PDPP,525,530,500,510,337900
7/8/2025,PEGE,111,111,108,110,149500
7/8/2025,PEHA,322,322,316,320,30500
7/8/2025,PEVE,318,330,308,328,255600
7/8/2025,PGAS,1580,1585,1570,1575,12986200
7/8/2025,PGASBQCU5A,0,0,0,0,0
7/8/2025,PGASBQCZ5A,66,66,65,65,200
7/8/2025,PGASDRCG6A,0,0,0,0,0
7/8/2025,PGASDRCN5A,37,37,37,37,100
7/8/2025,PGASDRCQ5A,28,28,28,28,100
7/8/2025,PGASHDCQ5A,0,0,0,0,0
7/8/2025,PGASYUCQ5A,0,0,0,0,0
7/8/2025,PGEO,1435,1500,1435,1465,128388700
7/8/2025,PGEODRCN5A,70,81,68,73,8426100
7/8/2025,PGEODRCQ5A,86,95,86,89,976200
7/8/2025,PGEODRPV5A,43,43,42,42,1200
7/8/2025,PGEOHDCQ5A,87,94,87,91,51200
7/8/2025,PGJO,0,0,0,0,0
7/8/2025,PGLI,120,124,118,121,64000
7/8/2025,PGUN,530,555,525,545,14100
7/8/2025,PICO,129,138,128,130,3648700
7/8/2025,PIPA,68,68,68,68,15644600
7/8/2025,PJAA,482,484,476,476,82100
7/8/2025,PKPK,635,670,635,655,19400
7/8/2025,PLAN,39,40,38,40,51300
7/8/2025,PLAS,0,0,0,0,0
7/8/2025,PLIN,0,0,0,0,0
7/8/2025,PMJS,118,132,115,132,2495800
7/8/2025,PMMP,0,0,0,0,0
7/8/2025,PNBN,1135,1140,1120,1130,15209400
7/8/2025,PNBS,50,50,50,50,102900
7/8/2025,PNGO,1750,1795,1750,1795,2600
7/8/2025,PNIN,920,925,910,915,458000
7/8/2025,PNLF,252,260,252,252,103896000
7/8/2025,PNLFYUCV5A,0,0,0,0,0
7/8/2025,PNLFZPCH6A,0,0,0,0,0
7/8/2025,PNSE,860,860,810,820,99600
7/8/2025,POLA,15,16,15,16,76500
7/8/2025,POLI,0,0,0,0,0
7/8/2025,POLL,0,0,0,0,0
7/8/2025,POLU,0,0,0,0,0
7/8/2025,POLY,19,19,19,19,60000
7/8/2025,POOL,0,0,0,0,0
7/8/2025,PORT,850,875,850,870,52300
7/8/2025,POSA,0,0,0,0,0
7/8/2025,POWR,685,685,680,685,550300
7/8/2025,PPGL,99,100,99,100,21400
7/8/2025,PPRE,59,60,58,58,1171400
7/8/2025,PPRI,162,166,162,165,306200
7/8/2025,PPRO,0,0,0,0,0
7/8/2025,PRAS,0,0,0,0,0
7/8/2025,PRAY,605,605,605,605,18800
7/8/2025,PRDA,2770,2780,2750,2770,390000
7/8/2025,PRIM,60,62,59,61,6001800
7/8/2025,PSAB,436,450,434,436,88038300
7/8/2025,PSAT,1125,1125,1125,1125,363400
7/8/2025,PSDN,76,78,76,77,105700
7/8/2025,PSGO,165,167,162,165,58500
7/8/2025,PSKT,34,34,33,33,178700
7/8/2025,PSSI,340,348,340,346,74900
7/8/2025,PTBA,2440,2440,2400,2400,15150600
7/8/2025,PTBABQCV5A,47,47,45,45,400
7/8/2025,PTBADRCG6A,34,34,34,34,44400
7/8/2025,PTBADRCN5A,9,9,9,9,10400
7/8/2025,PTBADRCQ5A,23,23,22,22,35100
7/8/2025,PTBAHDCQ5A,0,0,0,0,0
7/8/2025,PTBAZPCH6A,0,0,0,0,0
7/8/2025,PTDU,0,0,0,0,0
7/8/2025,PTIS,370,376,370,376,3000
7/8/2025,PTMP,117,120,112,113,86619000
7/8/2025,PTMR,0,0,0,0,0
7/8/2025,PTPP,418,428,418,420,12560600
7/8/2025,PTPS,88,89,85,86,7566100
7/8/2025,PTPW,905,915,900,915,30300
7/8/2025,PTRO,2720,2880,2710,2830,49758100
7/8/2025,PTSN,206,206,202,204,100800
7/8/2025,PTSP,865,895,830,895,31100
7/8/2025,PUDP,212,220,210,210,12100
7/8/2025,PURA,14,14,14,14,160800
7/8/2025,PURE,0,0,0,0,0
7/8/2025,PURI,187,190,185,187,209400
7/8/2025,PWON,366,366,356,356,43591300
7/8/2025,PWONZPCH6A,0,0,0,0,0
7/8/2025,PYFA,230,230,220,226,15127500
7/8/2025,PYFA-W,70,72,69,70,174500
7/8/2025,PZZA,161,163,158,159,413700
7/8/2025,R-ABFII,0,0,0,0,0
7/8/2025,R-LQ45X,938,941,937,937,10100
7/8/2025,RAAM,284,284,276,278,10712500
7/8/2025,RAFI,0,0,0,0,0
7/8/2025,RAJA,2550,2590,2460,2480,31976600
7/8/2025,RALS,394,396,390,396,2344500
7/8/2025,RANC,418,418,418,418,700
7/8/2025,RATU,7100,7225,6925,7150,9437700
7/8/2025,RBMS,25,25,25,25,205300
7/8/2025,RCCC,111,113,110,110,244700
7/8/2025,RDTX,0,0,0,0,0
7/8/2025,REAL,50,50,48,48,4254400
7/8/2025,RELF,19,19,18,19,627700
7/8/2025,RELI,454,456,448,450,1400
7/8/2025,RGAS,120,123,117,120,28982300
7/8/2025,RICY,38,38,38,38,1300
7/8/2025,RIGS,775,815,760,770,18200
7/8/2025,RIMO,0,0,0,0,0
7/8/2025,RISE,1045,1050,1045,1050,460600
7/8/2025,RMKE,505,510,500,510,267100
7/8/2025,RMKO,97,103,97,100,809500
7/8/2025,ROCK,0,0,0,0,0
7/8/2025,RODA,35,35,33,33,488400
7/8/2025,RONY,0,0,0,0,0
7/8/2025,ROTI,820,820,810,820,790400
7/8/2025,RSCH,448,454,448,450,1013700
7/8/2025,RSGK,0,0,0,0,0
7/8/2025,RUIS,197,202,194,194,1759400
7/8/2025,RUNS,49,51,49,49,132800
7/8/2025,SAFE,216,216,206,210,82600
7/8/2025,SAGE,12,12,11,12,3668700
7/8/2025,SAME,252,254,248,250,566200
7/8/2025,SAMF,332,334,332,334,104100
7/8/2025,SAPX,314,358,314,332,1587300
7/8/2025,SATU,238,248,222,232,7305700
7/8/2025,SBAT,0,0,0,0,0
7/8/2025,SBMA,127,127,119,120,2111400
7/8/2025,SCCO,2060,2060,2050,2060,4100
7/8/2025,SCMA,150,151,148,149,42633800
7/8/2025,SCMAZPCG6A,42,43,42,42,4200
7/8/2025,SCNP,153,154,153,154,1700
7/8/2025,SCPI,0,0,0,0,0
7/8/2025,SDMU,25,25,25,25,3500
7/8/2025,SDPC,127,132,125,130,549600
7/8/2025,SDRA,302,304,300,300,624000
7/8/2025,SEMA,86,87,84,86,235000
7/8/2025,SFAN,1910,1910,1905,1905,105000
7/8/2025,SGER,332,334,330,334,873900
7/8/2025,SGRO,2430,2500,2410,2480,357400
7/8/2025,SHID,1200,1300,1150,1195,1789400
7/8/2025,SHIP,3100,3500,3100,3330,184400
7/8/2025,SICO,108,112,105,108,2745100
7/8/2025,SIDO,490,492,486,490,7564900
7/8/2025,SILO,2200,2230,2200,2200,628400
7/8/2025,SIMA,0,0,0,0,0
7/8/2025,SIMP,498,505,496,500,8540800
7/8/2025,SINI,4050,4050,3800,3800,36300
7/8/2025,SIPD,700,705,700,705,2800
7/8/2025,SKBM,330,358,330,340,23200
7/8/2025,SKLT,189,192,186,187,221800
7/8/2025,SKRN,436,436,424,428,25500
7/8/2025,SKYB,0,0,0,0,0
7/8/2025,SLIS,50,50,50,50,69500
7/8/2025,SLIS-W,7,7,7,7,7700
7/8/2025,SMAR,3450,3510,3420,3460,6700
7/8/2025,SMBR,320,324,310,316,23976400
7/8/2025,SMCB,0,0,0,0,0
7/8/2025,SMDM,915,940,875,895,263900
7/8/2025,SMDR,322,324,314,316,26057100
7/8/2025,SMGA,78,81,78,80,49281700
7/8/2025,SMGR,2680,2680,2650,2680,2481100
7/8/2025,SMGRBQCU5A,29,30,29,30,451100
7/8/2025,SMGRBQCZ5A,56,56,56,56,30000
7/8/2025,SMGRDRCN5A,2,2,2,2,165000
7/8/2025,SMGRDRCQ5A,6,6,6,6,100
7/8/2025,SMGRDRCV5A,57,59,57,57,300
7/8/2025,SMIL,210,212,206,210,31339000
7/8/2025,SMKL,157,157,155,156,93700
7/8/2025,SMKM,76,79,75,77,2471500
7/8/2025,SMLE,122,123,120,121,964600
7/8/2025,SMMA,16225,16225,15875,15875,200
7/8/2025,SMMT,835,870,835,840,9100
7/8/2025,SMRA,368,370,364,366,19825700
7/8/2025,SMRAZPCH6A,0,0,0,0,0
7/8/2025,SMRU,0,0,0,0,0
7/8/2025,SMSM,1930,1935,1920,1925,1242800
7/8/2025,SNLK,550,550,540,550,6878500
7/8/2025,SOCI,167,170,167,170,1406700
7/8/2025,SOFA,54,56,50,50,16068000
7/8/2025,SOHO,685,685,680,680,109600
7/8/2025,SOLA,156,159,138,138,64035000
7/8/2025,SONA,3300,3380,3180,3270,13200
7/8/2025,SOSS,406,438,404,432,4000
7/8/2025,SOTS,280,288,280,280,67400
7/8/2025,SOUL,36,37,35,37,439100
7/8/2025,SPMA,254,254,252,254,47500
7/8/2025,SPRE,85,85,78,80,2929700
7/8/2025,SPTO,655,660,650,655,158300
7/8/2025,SQMI,0,0,0,0,0
7/8/2025,SRAJ,4130,4220,4130,4210,933300
7/8/2025,SRIL,0,0,0,0,0
7/8/2025,SRSN,50,50,50,50,58500
7/8/2025,SRTG,1650,1650,1600,1620,2743500
7/8/2025,SRTGZPCG6A,80,80,80,80,600
7/8/2025,SSIA,1700,1735,1665,1700,22376900
7/8/2025,SSMS,1355,1405,1330,1400,9268400
7/8/2025,SSTM,168,172,163,172,13000
7/8/2025,STAA,785,790,770,770,13613000
7/8/2025,STAR,27,29,27,27,137900
7/8/2025,STRK,80,80,77,78,17579500
7/8/2025,STTP,10300,10300,10300,10300,700
7/8/2025,SUGI,0,0,0,0,0
7/8/2025,SULI,109,112,106,109,4599200
7/8/2025,SUNI,795,800,775,780,571000
7/8/2025,SUPR,0,0,0,0,0
7/8/2025,SURE,2250,2360,2250,2360,50500
7/8/2025,SURI,80,82,76,79,111925300
7/8/2025,SWAT,0,0,0,0,0
7/8/2025,SWID,60,61,59,60,133100
7/8/2025,TALF,296,296,280,290,2800
7/8/2025,TAMA,23,24,23,24,7700
7/8/2025,TAMU,14,14,13,13,4307700
7/8/2025,TAPG,975,1010,975,1010,13138900
7/8/2025,TAPGZPCH6A,0,0,0,0,0
7/8/2025,TARA,9,10,9,10,2013000
7/8/2025,TAXI,6,7,6,7,7873800
7/8/2025,TAYS,50,50,50,50,33300
7/8/2025,TBIG,2030,2150,2000,2000,532200
7/8/2025,TBLA,765,775,760,765,3034000
7/8/2025,TBMS,825,830,810,820,27000
7/8/2025,TCID,2390,2390,2260,2300,1700
7/8/2025,TCPI,5475,5475,5300,5425,9419600
7/8/2025,TDPM,0,0,0,0,0
7/8/2025,TEBE,675,690,660,665,1924700
7/8/2025,TECH,0,0,0,0,0
7/8/2025,TELE,0,0,0,0,0
7/8/2025,TFAS,134,142,134,139,356600
7/8/2025,TFCO,0,0,0,0,0
7/8/2025,TGKA,0,0,0,0,0
7/8/2025,TGRA,0,0,0,0,0
7/8/2025,TGUK,0,0,0,0,0
7/8/2025,TIFA,0,0,0,0,0
7/8/2025,TINS,1015,1030,1015,1015,7022900
7/8/2025,TIRA,1715,1775,1715,1775,15900
7/8/2025,TIRT,0,0,0,0,0
7/8/2025,TKIM,5375,5475,5325,5375,519000
7/8/2025,TKIMZPCG6A,57,58,56,57,2061600
7/8/2025,TLDN,570,570,555,565,308400
7/8/2025,TLKM,2680,2700,2640,2650,45926000
7/8/2025,TLKMBQCQ5A,62,62,59,59,400
7/8/2025,TLKMBQCV5A,0,0,0,0,0
7/8/2025,TLKMDRCQ5A,36,36,33,33,8700
7/8/2025,TLKMDRCQ5B,78,78,74,74,300
7/8/2025,TLKMDRCX6A,1560,1560,1555,1555,1000000
7/8/2025,TLKMHDCQ5A,0,0,0,0,0
7/8/2025,TLKMHDCV5A,0,0,0,0,0
7/8/2025,TLKMYUCQ5A,0,0,0,0,0
7/8/2025,TLKMZPCF6A,0,0,0,0,0
7/8/2025,TMAS,127,129,126,127,1288700
7/8/2025,TMPO,148,162,147,150,5382300
7/8/2025,TNCA,146,147,142,145,324800
7/8/2025,TOBA,830,840,805,805,76928100
7/8/2025,TOOL,50,51,50,50,3178100
7/8/2025,TOPS,0,0,0,0,0
7/8/2025,TOSK,50,50,50,50,116400
7/8/2025,TOTL,675,685,670,675,406500
7/8/2025,TOTO,224,226,224,226,44700
7/8/2025,TOWR,520,560,515,535,77274300
7/8/2025,TOYS,0,0,0,0,0
7/8/2025,TPIA,9800,10275,9800,10175,20166100
7/8/2025,TPMA,570,580,570,575,4568400
7/8/2025,TRAM,0,0,0,0,0
7/8/2025,TRGU,167,170,150,170,588300
7/8/2025,TRIL,0,0,0,0,0
7/8/2025,TRIM,332,348,330,344,108500
7/8/2025,TRIN,104,107,102,105,353700
7/8/2025,TRIN-W2,0,0,0,0,0
7/8/2025,TRIO,0,0,0,0,0
7/8/2025,TRIS,162,175,158,175,124300
7/8/2025,TRJA,175,186,136,139,18185400
7/8/2025,TRON,97,99,95,98,373400
7/8/2025,TRST,492,492,472,474,26900
7/8/2025,TRUE,18,18,18,18,6300
7/8/2025,TRUK,135,136,133,134,662000
7/8/2025,TRUS,432,444,432,432,9100
7/8/2025,TSPC,2300,2310,2290,2300,889200
7/8/2025,TUGU,945,950,940,940,580800
7/8/2025,TYRE,123,131,120,124,1301500
7/8/2025,UANG,218,218,206,210,750800
7/8/2025,UCID,500,505,498,500,2300500
7/8/2025,UDNG,1200,1200,1200,1200,101500
7/8/2025,UFOE,182,191,180,183,50000
7/8/2025,ULTJ,1300,1315,1300,1310,1675100
7/8/2025,UNIC,7825,7875,7825,7825,800
7/8/2025,UNIQ,386,390,382,382,11668600
7/8/2025,UNIT,0,0,0,0,0
7/8/2025,UNSP,123,123,121,121,34200
7/8/2025,UNTD,76,76,75,76,6560800
7/8/2025,UNTR,21450,21600,21400,21600,2482100
7/8/2025,UNTRBQCV5A,0,0,0,0,0
7/8/2025,UNTRDRCG6A,96,96,96,96,100
7/8/2025,UNTRDRCN5A,0,0,0,0,0
7/8/2025,UNTRDRCQ5A,24,24,24,24,200
7/8/2025,UNTRHDCQ5A,21,21,21,21,200
7/8/2025,UNVR,1560,1560,1515,1520,18964100
7/8/2025,UNVRBQCQ5A,23,24,20,20,3156300
7/8/2025,UNVRBQCU5A,29,30,29,30,200
7/8/2025,UNVRBQCZ5A,0,0,0,0,0
7/8/2025,UNVRDRCG6A,36,36,34,34,215500
7/8/2025,UNVRDRCN5A,15,15,13,13,284300
7/8/2025,UNVRDRCQ5A,5,5,5,5,149200
7/8/2025,UNVRHDCQ5A,174,174,174,174,100
7/8/2025,UNVRZPCH6A,0,0,0,0,0
7/8/2025,URBN,125,154,124,125,6989900
7/8/2025,UVCR,77,77,74,76,3472200
7/8/2025,VAST,140,142,138,139,5726400
7/8/2025,VAST-W,14,14,13,13,72300
7/8/2025,VERN,118,121,118,119,516400
7/8/2025,VERN-W,3,4,3,4,7698700
7/8/2025,VICI,645,650,635,650,393400
7/8/2025,VICO,195,204,168,168,10502700
7/8/2025,VINS,130,131,111,111,5993000
7/8/2025,VISI,142,145,141,141,23800
7/8/2025,VIVA,12,13,12,12,1846600
7/8/2025,VKTR,81,83,80,82,17339400
7/8/2025,VOKS,192,195,188,195,35000
7/8/2025,VRNA,72,73,71,73,117200
7/8/2025,VTNY,111,112,108,109,6545200
7/8/2025,WAPO,149,149,145,147,997200
7/8/2025,WEGE,50,50,50,50,1189900
7/8/2025,WEHA,108,114,108,112,5352100
7/8/2025,WGSH,174,177,164,165,1769700
7/8/2025,WICO,0,0,0,0,0
7/8/2025,WIDI,18,19,18,18,1154200
7/8/2025,WIFI,2020,2040,2010,2020,20525100
7/8/2025,WIIM,785,815,785,805,1255600
7/8/2025,WIKA,0,0,0,0,0
7/8/2025,WINE,246,274,228,232,5834400
7/8/2025,WINR,27,27,26,26,262200
7/8/2025,WINS,362,382,362,370,3699200
7/8/2025,WIRG,80,92,79,89,491220300
7/8/2025,WMPP,0,0,0,0,0
7/8/2025,WMUU,0,0,0,0,0
7/8/2025,WOMF,344,348,344,346,2000
7/8/2025,WOOD,360,400,360,378,6099200
7/8/2025,WOWS,56,56,54,55,1345000
7/8/2025,WSBP,14,14,13,14,591600
7/8/2025,WSKT,0,0,0,0,0
7/8/2025,WTON,90,92,89,90,8740800
7/8/2025,XAQA,0,0,0,0,0
7/8/2025,XBES,1005,1005,1005,1005,10000
7/8/2025,XBID,485,485,485,485,40000
7/8/2025,XBIG,0,0,0,0,0
7/8/2025,XBIN,543,543,543,543,40000
7/8/2025,XBLQ,0,0,0,0,0
7/8/2025,XBNI,999,999,999,999,400
7/8/2025,XBSK,421,421,421,421,40000
7/8/2025,XCEG,100,100,100,100,100
7/8/2025,XCID,59,59,59,59,9800
7/8/2025,XCIS,0,0,0,0,0
7/8/2025,XCLQ,83,83,83,83,100
7/8/2025,XDIF,0,0,0,0,0
7/8/2025,XIFE,0,0,0,0,0
7/8/2025,XIHD,594,596,594,596,300
7/8/2025,XIIC,0,0,0,0,0
7/8/2025,XIID,469,469,469,469,200
7/8/2025,XIIF,447,447,445,445,3000
7/8/2025,XIIT,492,492,488,488,81100
7/8/2025,XIJI,0,0,0,0,0
7/8/2025,XILV,0,0,0,0,0
7/8/2025,XIML,0,0,0,0,0
7/8/2025,XIPB,197,197,197,197,200
7/8/2025,XIPI,209,210,207,207,40400
7/8/2025,XISB,0,0,0,0,0
7/8/2025,XISC,0,0,0,0,0
7/8/2025,XISI,0,0,0,0,0
7/8/2025,XISR,0,0,0,0,0
7/8/2025,XKID,898,898,898,898,100
7/8/2025,XKIV,521,521,520,520,40100
7/8/2025,XKMS,1124,1124,1119,1119,200000
7/8/2025,XMGB,1096,1096,1096,1096,1100
7/8/2025,XMIG,206,207,205,205,200100
7/8/2025,XMLF,845,845,841,841,41200
7/8/2025,XMSK,363,363,363,363,1000
7/8/2025,XNVE,0,0,0,0,0
7/8/2025,XPDV,574,574,574,574,1900
7/8/2025,XPFT,0,0,0,0,0
7/8/2025,XPIN,590,590,587,587,200
7/8/2025,XPLQ,0,0,0,0,0
7/8/2025,XPSG,0,0,0,0,0
7/8/2025,XPTD,420,420,420,420,100
7/8/2025,XSBC,45,45,45,45,1700
7/8/2025,XSPI,0,0,0,0,0
7/8/2025,XSSI,53,54,53,54,2500
7/8/2025,XSSK,655,655,655,655,20000
7/8/2025,YELO,19,19,19,19,366400
7/8/2025,YOII,93,97,93,95,2651700
7/8/2025,YPAS,0,0,0,0,0
7/8/2025,YULE,2550,2660,2550,2660,300
7/8/2025,YUPI,2030,2040,1945,1955,222200
7/8/2025,ZATA,9,10,9,10,3400300
7/8/2025,ZBRA,0,0,0,0,0
7/8/2025,ZINC,12,13,12,13,3369500
7/8/2025,ZONE,810,810,800,810,125800
7/8/2025,ZYRX,135,136,129,130,1099000
