<date>,<ticker>,<open>,<high>,<low>,<close>,<volume>
11/11/2025,IHSG,8437.960,8443.690,8338.400,8366.515,69186655000
11/11/2025,AADI,8725,8800,8650,8700,6614000
11/11/2025,AADIDRCN6A,112,115,110,114,394300
11/11/2025,AADIHDCK6A,117,118,115,118,415400
11/11/2025,AADIYUCK6A,348,352,348,352,3300
11/11/2025,AALI,7750,7800,7725,7800,1057100
11/11/2025,ABBA,62,62,56,58,3813600
11/11/2025,ABDA,0,0,0,0,0
11/11/2025,ABMM,3010,3050,3000,3010,1392100
11/11/2025,ACES,452,452,438,438,76955500
11/11/2025,ACESBQCG6A,13,13,12,12,71400
11/11/2025,ACESBQCK6A,0,0,0,0,0
11/11/2025,ACESBQCX5B,2,3,2,3,6426300
11/11/2025,ACESBQCZ5A,9,9,9,9,41200
11/11/2025,ACESDRCJ6A,12,12,10,11,1425400
11/11/2025,ACESHDCN6A,0,0,0,0,0
11/11/2025,ACESHDCZ5A,0,0,0,0,0
11/11/2025,ACESZPCJ6A,18,18,18,18,8000
11/11/2025,ACRO,87,89,87,87,4765000
11/11/2025,ACRO-W,7,7,6,7,5426700
11/11/2025,ACST,131,131,129,130,2449700
11/11/2025,ADCP,54,55,53,55,13447600
11/11/2025,ADES,15200,15250,14250,14800,126300
11/11/2025,ADHI,266,268,262,264,10325200
11/11/2025,ADMF,8850,8875,8800,8825,56800
11/11/2025,ADMG,162,164,157,160,2020600
11/11/2025,ADMR,1385,1480,1380,1430,102910000
11/11/2025,ADMRDRCJ6A,71,81,69,73,10423000
11/11/2025,ADMRHDCJ6A,106,124,105,113,212800
11/11/2025,ADMRZPCH6A,105,105,98,98,5800
11/11/2025,ADRO,1960,1975,1925,1950,130750300
11/11/2025,ADROBQCG6A,0,0,0,0,0
11/11/2025,ADROBQCJ6A,64,64,64,64,100
11/11/2025,ADROBQCN6A,70,70,70,70,100
11/11/2025,ADROBQCZ5A,6,6,5,5,1822100
11/11/2025,ADRODRCJ6A,65,66,63,64,215500
11/11/2025,ADRODRCX5A,45,47,43,45,104400
11/11/2025,ADROHDCN6A,82,82,80,81,11500
11/11/2025,ADROHDCZ5A,53,54,50,52,2102100
11/11/2025,ADROHDPH6A,71,73,70,70,29200
11/11/2025,ADROYUCZ5A,0,0,0,0,0
11/11/2025,ADROZPCF6A,27,27,27,27,503700
11/11/2025,ADROZPCK6A,60,63,60,62,1700
11/11/2025,AEGS,92,92,77,92,47535100
11/11/2025,AGAR,238,244,238,244,45100
11/11/2025,AGII,1350,1475,1315,1440,3710200
11/11/2025,AGRO,228,230,226,228,8141300
11/11/2025,AGRS,73,74,71,73,5756800
11/11/2025,AHAP,90,92,88,90,31370900
11/11/2025,AIMS,392,398,384,390,1628100
11/11/2025,AISA,143,145,140,142,12137600
11/11/2025,AKKU,36,41,36,41,1137200
11/11/2025,AKPI,585,590,580,585,49300
11/11/2025,AKRA,1220,1240,1210,1225,13260000
11/11/2025,AKRABQCX5B,0,0,0,0,0
11/11/2025,AKRADRCX5A,20,21,20,21,587900
11/11/2025,AKRAHDCH6A,52,52,52,52,100
11/11/2025,AKRAZPCJ6A,42,42,42,42,100300
11/11/2025,AKRAZPCM6A,37,37,37,37,300
11/11/2025,AKRAZPCX5A,50,50,50,50,129500
11/11/2025,AKSI,378,416,376,400,1318800
11/11/2025,ALDO,525,530,525,525,11200
11/11/2025,ALII,650,770,625,700,32974000
11/11/2025,ALKA,362,362,354,360,2900
11/11/2025,ALMI,0,0,0,0,0
11/11/2025,ALTO,0,0,0,0,0
11/11/2025,AMAG,380,382,376,380,134900
11/11/2025,AMAN,152,158,151,157,4264200
11/11/2025,AMAR,226,246,224,238,2504800
11/11/2025,AMFG,3530,3540,3490,3540,14400
11/11/2025,AMIN,260,262,252,262,187600
11/11/2025,AMMN,7125,7125,6975,7025,16325400
11/11/2025,AMMNBQCZ5A,7,7,5,6,2536200
11/11/2025,AMMNDRCJ6A,39,39,37,38,31200
11/11/2025,AMMNHDCH6A,59,59,58,59,31100
11/11/2025,AMMNZPCG6A,21,21,21,21,100
11/11/2025,AMMS,0,0,0,0,0
11/11/2025,AMOR,442,444,426,436,754300
11/11/2025,AMRT,1895,1895,1855,1855,59392900
11/11/2025,AMRTBQCF6A,0,0,0,0,0
11/11/2025,AMRTBQCH6A,17,17,16,16,622000
11/11/2025,AMRTBQCJ6A,0,0,0,0,0
11/11/2025,AMRTDRCZ5A,11,11,11,11,55700
11/11/2025,AMRTHDCJ6A,9,9,7,8,12851600
11/11/2025,AMRTZPCK6A,15,15,14,14,4345000
11/11/2025,AMRTZPCX5A,0,0,0,0,0
11/11/2025,ANDI,24,24,23,24,8365500
11/11/2025,ANJT,2150,2170,2100,2120,696300
11/11/2025,ANTM,2940,2960,2880,2880,102211800
11/11/2025,ANTMBQCG6A,0,0,0,0,0
11/11/2025,ANTMBQCJ6A,0,0,0,0,0
11/11/2025,ANTMBQCN6A,73,73,72,72,2000
11/11/2025,ANTMBQCX5A,11,11,7,7,3018800
11/11/2025,ANTMBQCZ5A,0,0,0,0,0
11/11/2025,ANTMDRCG6A,28,28,26,26,201700
11/11/2025,ANTMDRCG6B,34,34,32,32,678200
11/11/2025,ANTMDRCX5A,0,0,0,0,0
11/11/2025,ANTMDRPZ5A,30,31,30,31,5200
11/11/2025,ANTMHDCH6A,56,57,55,55,42100
11/11/2025,ANTMHDCH6B,93,93,93,93,1000
11/11/2025,ANTMHDPH6A,67,69,67,69,500
11/11/2025,ANTMZPCJ6A,53,53,50,50,8901500
11/11/2025,ANTMZPCK6A,21,21,20,20,284800
11/11/2025,ANTMZPCX5A,138,138,138,138,1500
11/11/2025,APEX,132,148,130,141,212957300
11/11/2025,APIC,1155,1160,1125,1140,4808600
11/11/2025,APII,192,192,190,190,136600
11/11/2025,APLI,454,456,400,446,110000
11/11/2025,APLN,98,100,97,99,14518800
11/11/2025,ARCI,1310,1330,1255,1285,182857500
11/11/2025,AREA,525,535,515,535,1119700
11/11/2025,ARGO,1090,1150,1090,1130,37000
11/11/2025,ARII,266,278,266,274,694900
11/11/2025,ARKA,28,30,28,30,2573700
11/11/2025,ARKO,1625,1630,1595,1620,199500
11/11/2025,ARMY,0,0,0,0,0
11/11/2025,ARNA,550,560,550,555,2910900
11/11/2025,ARTA,3120,3170,3070,3160,1500
11/11/2025,ARTI,0,0,0,0,0
11/11/2025,ARTO,2200,2210,2080,2090,11601600
11/11/2025,ARTOBQCG6A,0,0,0,0,0
11/11/2025,ARTOBQCJ6A,0,0,0,0,0
11/11/2025,ARTOBQCN6A,0,0,0,0,0
11/11/2025,ARTOBQCX5B,55,55,55,55,3100
11/11/2025,ARTOBQCZ5A,10,10,8,8,8094300
11/11/2025,ARTODRCK6A,64,64,63,63,63800
11/11/2025,ARTODRCX5A,42,42,42,42,100000
11/11/2025,ARTOHDCN6A,58,58,58,58,1800
11/11/2025,ARTOHDCZ5A,88,88,88,88,100
11/11/2025,ARTOZPCK6A,42,42,38,39,165500
11/11/2025,ARTOZPCX5A,0,0,0,0,0
11/11/2025,ASBI,482,500,472,486,189400
11/11/2025,ASDM,620,620,595,615,38400
11/11/2025,ASGR,1220,1280,1220,1245,1753100
11/11/2025,ASHA,48,48,48,48,2116300
11/11/2025,ASII,6550,6600,6450,6525,43529600
11/11/2025,ASIIBQCZ5A,162,170,162,170,200
11/11/2025,ASIIDRCX5A,194,194,194,194,1000
11/11/2025,ASIIDRCX6A,4420,4420,4420,4420,2000
11/11/2025,ASIIHDCZ5A,210,220,210,220,21400
11/11/2025,ASIIZPCJ6A,0,0,0,0,0
11/11/2025,ASIIZPCM6A,43,44,43,44,52000
11/11/2025,ASJT,129,136,127,132,1039300
11/11/2025,ASLC,85,87,84,85,61556800
11/11/2025,ASLI,189,206,179,196,68610000
11/11/2025,ASMI,26,26,25,25,1582700
11/11/2025,ASPI,700,750,660,710,1507500
11/11/2025,ASPR,99,100,98,100,1951300
11/11/2025,ASRI,165,167,163,164,13277100
11/11/2025,ASRM,352,352,342,348,171300
11/11/2025,ASSA,1080,1115,1055,1115,17499000
11/11/2025,ATAP,92,92,92,92,1286700
11/11/2025,ATIC,720,720,685,705,1297100
11/11/2025,ATLA,65,71,64,68,368531700
11/11/2025,AUTO,2660,2700,2650,2690,2763500
11/11/2025,AUTODRCV6A,0,0,0,0,0
11/11/2025,AUTOHDCN6A,46,46,46,46,152500
11/11/2025,AUTOZPCJ6A,0,0,0,0,0
11/11/2025,AVIA,466,466,456,462,33731700
11/11/2025,AVIADRCV6A,74,74,74,74,5200
11/11/2025,AVIAHDCN6A,43,44,43,44,2593100
11/11/2025,AVIAZPCJ6A,22,22,21,21,628900
11/11/2025,AWAN,246,260,242,254,24704100
11/11/2025,AXIO,134,136,131,135,3673500
11/11/2025,AYAM,181,183,178,182,121342000
11/11/2025,AYLS,0,0,0,0,0
11/11/2025,BABP,56,56,54,55,10648700
11/11/2025,BABY,332,336,312,324,18174200
11/11/2025,BACA,144,144,140,140,708800
11/11/2025,BAIK,101,102,100,100,500000
11/11/2025,BAIK-W,9,9,8,9,1530700
11/11/2025,BAJA,162,163,156,156,3880700
11/11/2025,BALI,1160,1185,1155,1185,12200
11/11/2025,BANK,860,865,840,855,4628200
11/11/2025,BANK-W,0,0,0,0,0
11/11/2025,BAPA,82,82,77,78,15272900
11/11/2025,BAPI,26,26,26,26,11781000
11/11/2025,BATA,66,66,63,63,309200
11/11/2025,BATR,109,110,108,109,559500
11/11/2025,BAUT,43,44,43,44,7594000
11/11/2025,BAYU,1330,1335,1330,1335,88200
11/11/2025,BBCA,8575,8600,8400,8400,130897600
11/11/2025,BBCABQCG6A,75,76,74,74,240600
11/11/2025,BBCABQCJ6A,0,0,0,0,0
11/11/2025,BBCABQCN6A,51,52,50,50,29564800
11/11/2025,BBCABQCX5A,3,3,2,3,3639200
11/11/2025,BBCADRCF6A,34,34,28,29,6305900
11/11/2025,BBCADRCX6A,3960,3960,3920,3920,1800
11/11/2025,BBCAHDCN6A,50,50,50,50,100000
11/11/2025,BBCAHDCQ7A,71,71,67,67,602100
11/11/2025,BBCAYUCK6A,0,0,0,0,0
11/11/2025,BBCAZPCF6A,21,22,19,19,5409600
11/11/2025,BBCAZPCH6A,0,0,0,0,0
11/11/2025,BBCAZPCN6A,63,63,60,61,316800
11/11/2025,BBHI,1475,1490,1465,1480,792000
11/11/2025,BBKP,66,68,66,68,109752300
11/11/2025,BBLD,900,900,875,900,4200
11/11/2025,BBMD,2030,2090,2030,2040,1600
11/11/2025,BBNI,4450,4450,4370,4420,48792200
11/11/2025,BBNIBQCG6A,0,0,0,0,0
11/11/2025,BBNIBQCJ6A,61,61,59,59,7300
11/11/2025,BBNIBQCN6A,0,0,0,0,0
11/11/2025,BBNIDRCX6A,2400,2400,2400,2400,1000
11/11/2025,BBNIDRCZ5A,43,43,42,42,200
11/11/2025,BBNIDRPZ5A,0,0,0,0,0
11/11/2025,BBNIHDCQ7A,87,88,86,86,90500
11/11/2025,BBNIZPCH6A,94,94,92,92,8000
11/11/2025,BBNIZPCX5A,0,0,0,0,0
11/11/2025,BBRI,3940,3960,3860,3890,179000200
11/11/2025,BBRIBQCG6A,42,42,40,40,6800
11/11/2025,BBRIBQCJ6A,45,45,45,45,10000
11/11/2025,BBRIBQCN6A,52,52,52,52,47600
11/11/2025,BBRIBQCZ5A,19,19,18,18,158900
11/11/2025,BBRIDRCG6A,73,73,71,71,150000
11/11/2025,BBRIDRCN6A,93,93,93,93,100
11/11/2025,BBRIDRCX5A,0,0,0,0,0
11/11/2025,BBRIDRCX6A,2150,2150,2120,2120,700
11/11/2025,BBRIDRPZ5A,0,0,0,0,0
11/11/2025,BBRIHDCH6A,0,0,0,0,0
11/11/2025,BBRIHDCQ7A,82,82,78,78,5096600
11/11/2025,BBRIZPCH6A,75,75,69,69,5290500
11/11/2025,BBRIZPCN6A,62,62,62,62,100
11/11/2025,BBRIZPCX5A,0,0,0,0,0
11/11/2025,BBRM,85,86,84,86,3514600
11/11/2025,BBSI,4000,4010,3990,3990,5100
11/11/2025,BBSS,360,390,342,382,226900
11/11/2025,BBTN,1225,1225,1195,1200,33661200
11/11/2025,BBTNDRCV6A,60,60,57,58,1041200
11/11/2025,BBTNHDCN6A,50,50,49,49,6000
11/11/2025,BBTNHDCZ5A,0,0,0,0,0
11/11/2025,BBTNYUCZ5A,0,0,0,0,0
11/11/2025,BBTNZPCG6A,32,32,32,32,14700
11/11/2025,BBYB,384,384,372,376,66491000
11/11/2025,BCAP,56,56,55,55,17978000
11/11/2025,BCIC,181,181,150,150,3765600
11/11/2025,BCIP,110,113,100,112,51476100
11/11/2025,BDKR,179,181,173,176,17687600
11/11/2025,BDMN,2540,2540,2510,2530,804300
11/11/2025,BEBS,0,0,0,0,0
11/11/2025,BEEF,525,620,510,615,51203400
11/11/2025,BEER,132,142,131,132,12468000
11/11/2025,BEKS,31,31,30,30,50945600
11/11/2025,BELI,450,456,432,450,6129200
11/11/2025,BELL,66,66,63,64,11327800
11/11/2025,BESS,1555,1565,1495,1525,33300
11/11/2025,BEST,104,106,103,105,8730100
11/11/2025,BFIN,785,785,755,765,19192500
11/11/2025,BFINDRCK6A,0,0,0,0,0
11/11/2025,BFINHDCM6A,31,31,31,31,1000
11/11/2025,BFINZPCM6A,18,18,18,18,220000
11/11/2025,BGTG,115,115,112,114,19955100
11/11/2025,BHAT,1050,1055,1025,1050,2029600
11/11/2025,BHIT,34,34,33,33,9690000
11/11/2025,BIKA,0,0,0,0,0
11/11/2025,BIKE,845,850,815,825,6195900
11/11/2025,BIMA,77,77,77,77,29900
11/11/2025,BINA,4400,4480,4360,4480,16300
11/11/2025,BINO,130,137,126,129,2177000
11/11/2025,BIPI,81,86,79,83,610201600
11/11/2025,BIPP,44,44,44,44,106700
11/11/2025,BIRD,1760,1765,1750,1750,2634000
11/11/2025,BISI,910,910,890,905,149100
11/11/2025,BJBR,810,815,800,810,2033500
11/11/2025,BJTM,545,545,540,545,7190100
11/11/2025,BKDP,40,40,38,39,114800
11/11/2025,BKSL,123,127,120,126,345690100
11/11/2025,BKSW,64,65,63,63,3083000
11/11/2025,BLES,160,160,158,159,4126300
11/11/2025,BLOG,488,490,476,476,5635300
11/11/2025,BLTA,29,31,29,31,9164300
11/11/2025,BLTZ,0,0,0,0,0
11/11/2025,BLUE,3750,4050,2910,3400,5486000
11/11/2025,BMAS,690,715,660,700,82400
11/11/2025,BMBL,49,50,45,45,23089800
11/11/2025,BMHS,156,157,152,154,2896100
11/11/2025,BMRI,4740,4750,4610,4680,168794500
11/11/2025,BMRIBQCG6A,0,0,0,0,0
11/11/2025,BMRIBQCJ6A,0,0,0,0,0
11/11/2025,BMRIBQCZ5A,9,9,6,7,13073700
11/11/2025,BMRIDRCG6A,104,104,93,97,1280400
11/11/2025,BMRIDRCX5A,0,0,0,0,0
11/11/2025,BMRIDRCX6A,2210,2210,2140,2140,2500
11/11/2025,BMRIHDCQ7A,85,85,81,82,45200
11/11/2025,BMRIYUCK6A,0,0,0,0,0
11/11/2025,BMRIZPCH6A,50,50,48,48,103300
11/11/2025,BMRIZPCX5A,11,11,11,11,9900
11/11/2025,BMSR,306,312,302,310,96700
11/11/2025,BMTR,143,144,142,143,47437000
11/11/2025,BNBA,610,620,605,610,225900
11/11/2025,BNBR,42,45,42,45,41124400
11/11/2025,BNGA,1745,1745,1735,1740,1984700
11/11/2025,BNGADRCK6A,0,0,0,0,0
11/11/2025,BNGAHDCN6A,66,66,66,66,5000
11/11/2025,BNGAZPCH6A,0,0,0,0,0
11/11/2025,BNII,208,208,202,204,2613100
11/11/2025,BNLI,5275,5300,5200,5275,87500
11/11/2025,BOAT,129,136,129,132,16456600
11/11/2025,BOBA,200,200,193,194,1123200
11/11/2025,BOGA,500,510,496,505,2480800
11/11/2025,BOLA,172,173,169,169,991400
11/11/2025,BOLT,1120,1120,1115,1115,6500
11/11/2025,BOSS,0,0,0,0,0
11/11/2025,BPFI,318,324,314,316,49800
11/11/2025,BPII,540,540,535,535,123100
11/11/2025,BPTR,95,95,91,95,381100
11/11/2025,BRAM,5050,5075,5000,5000,2800
11/11/2025,BREN,10325,10350,9900,10025,39156400
11/11/2025,BRIS,2510,2520,2470,2500,14559300
11/11/2025,BRISBQCZ5A,16,16,15,15,760300
11/11/2025,BRISDRCJ6A,31,31,31,31,10000
11/11/2025,BRISHDCH6A,0,0,0,0,0
11/11/2025,BRISHDCZ5A,0,0,0,0,0
11/11/2025,BRISZPCG6A,28,28,28,28,600
11/11/2025,BRMS,985,1015,970,995,1096090300
11/11/2025,BRMSBQCZ5A,286,286,270,270,13000
11/11/2025,BRMSDRCG6A,45,51,44,47,46692100
11/11/2025,BRMSDRCJ6A,175,186,175,178,272100
11/11/2025,BRMSDRPX5A,0,0,0,0,0
11/11/2025,BRMSHDCH6A,294,294,294,294,96000
11/11/2025,BRMSHDCZ5A,0,0,0,0,0
11/11/2025,BRMSZPCG6A,0,0,0,0,0
11/11/2025,BRMSZPCN6A,45,50,45,47,1076100
11/11/2025,BRNA,720,720,700,705,4600
11/11/2025,BRPT,3590,3600,3500,3530,58774500
11/11/2025,BRPTBQCF6A,55,55,53,53,4789400
11/11/2025,BRPTBQCH6A,73,75,72,73,25966700
11/11/2025,BRPTBQCK6A,83,83,80,80,4872800
11/11/2025,BRPTBQCX5B,234,236,224,224,35600
11/11/2025,BRPTBQCZ5A,0,0,0,0,0
11/11/2025,BRPTDRCF6A,362,362,362,362,100000
11/11/2025,BRPTDRCJ6A,212,212,208,208,135000
11/11/2025,BRPTDRCX5A,0,0,0,0,0
11/11/2025,BRPTHDCH6A,0,0,0,0,0
11/11/2025,BRPTHDCH6B,0,0,0,0,0
11/11/2025,BRPTHDPG6A,66,67,65,67,814100
11/11/2025,BRPTYUCZ5A,0,0,0,0,0
11/11/2025,BRPTZPCF6A,0,0,0,0,0
11/11/2025,BRPTZPCK6A,79,79,77,79,1012000
11/11/2025,BRPTZPCN6A,85,87,84,84,257200
11/11/2025,BRPTZPCX5A,0,0,0,0,0
11/11/2025,BRRC,138,139,130,131,28570300
11/11/2025,BRRC-W,16,18,16,16,10320200
11/11/2025,BSBK,76,77,72,74,86210200
11/11/2025,BSDE,980,990,965,975,8294500
11/11/2025,BSDEBQCK6A,0,0,0,0,0
11/11/2025,BSDEDRCG6A,0,0,0,0,0
11/11/2025,BSDEDRCJ6A,32,32,31,31,40000
11/11/2025,BSDEHDCM6A,0,0,0,0,0
11/11/2025,BSDEZPCH6A,0,0,0,0,0
11/11/2025,BSDEZPCN6A,0,0,0,0,0
11/11/2025,BSIM,885,885,875,875,7000
11/11/2025,BSML,200,210,200,206,26485500
11/11/2025,BSSR,4200,4210,4150,4190,1973700
11/11/2025,BSWD,1000,1000,1000,1000,100
11/11/2025,BTEK,17,17,17,17,29848000
11/11/2025,BTEL,0,0,0,0,0
11/11/2025,BTON,396,396,380,396,19800
11/11/2025,BTPN,2190,2190,2120,2130,44500
11/11/2025,BTPS,1380,1390,1355,1365,6017300
11/11/2025,BTPSDRCK6A,0,0,0,0,0
11/11/2025,BTPSHDCJ6A,0,0,0,0,0
11/11/2025,BTPSZPCH6A,0,0,0,0,0
11/11/2025,BUAH,700,700,685,690,1185700
11/11/2025,BUDI,212,226,212,222,1248300
11/11/2025,BUKA,166,169,165,168,125625200
11/11/2025,BUKABQCZ5B,10,11,10,10,1805000
11/11/2025,BUKADRCK6A,14,15,14,15,1886200
11/11/2025,BUKAHDCN6A,31,31,31,31,800
11/11/2025,BUKAHDCZ5A,0,0,0,0,0
11/11/2025,BUKAZPCM6A,35,36,34,36,3532400
11/11/2025,BUKK,990,990,970,990,27600
11/11/2025,BULL,210,220,202,210,489933200
11/11/2025,BUMI,151,202,150,198,28600582500
11/11/2025,BUVA,925,935,895,905,105910700
11/11/2025,BUVA-R,0,0,0,0,0
11/11/2025,BVIC,106,106,102,103,6926600
11/11/2025,BVIC-W,19,21,18,19,53400
11/11/2025,BWPT,144,150,141,147,253284200
11/11/2025,BYAN,18025,18075,17900,18000,45000
11/11/2025,CAKK,180,180,174,178,808000
11/11/2025,CAMP,216,218,214,216,1001600
11/11/2025,CANI,45,45,45,45,223600
11/11/2025,CARE,340,348,302,318,20314500
11/11/2025,CARS,131,134,129,132,14452100
11/11/2025,CASA,1100,1100,1045,1080,1944700
11/11/2025,CASH,130,135,119,121,3711100
11/11/2025,CASS,2890,2890,2790,2790,66400
11/11/2025,CBDK,6250,6350,6200,6275,3424200
11/11/2025,CBMF,0,0,0,0,0
11/11/2025,CBPE,272,278,270,270,256800
11/11/2025,CBRE,1220,1230,1160,1180,63170900
11/11/2025,CBUT,1300,1300,1285,1285,25500
11/11/2025,CCSI,354,360,344,350,245600
11/11/2025,CDIA,1960,1965,1880,1890,237996900
11/11/2025,CEKA,2480,2490,2480,2490,3600
11/11/2025,CENT,139,140,136,136,10584300
11/11/2025,CFIN,320,322,316,320,1071900
11/11/2025,CGAS,159,162,155,160,14412300
11/11/2025,CHEK,181,184,180,183,7566700
11/11/2025,CHEM,129,129,113,114,79124300
11/11/2025,CHIP,1370,1385,1360,1365,161400
11/11/2025,CINT,202,212,188,188,3419400
11/11/2025,CITA,4650,4660,4530,4620,501100
11/11/2025,CITY,170,176,161,166,5515100
11/11/2025,CLAY,2840,2850,2750,2800,57000
11/11/2025,CLEO,525,525,510,510,6337600
11/11/2025,CLPI,1430,1455,1430,1455,54500
11/11/2025,CMNP,1365,1370,1335,1345,358900
11/11/2025,CMNP-W,322,358,300,338,81900
11/11/2025,CMNT,770,770,755,760,19268000
11/11/2025,CMPP,92,92,92,92,688700
11/11/2025,CMRY,5975,6075,5825,6000,2783500
11/11/2025,CMRYDRCK6A,0,0,0,0,0
11/11/2025,CMRYHDCN6A,94,94,94,94,14200
11/11/2025,CMRYZPCJ6A,0,0,0,0,0
11/11/2025,CNKO,59,61,59,60,25345700
11/11/2025,CNMA,115,117,114,117,32658500
11/11/2025,CNTB,0,0,0,0,0
11/11/2025,CNTX,0,0,0,0,0
11/11/2025,COAL,59,60,59,59,9666400
11/11/2025,COCO,434,436,412,418,113431200
11/11/2025,COIN,3420,3440,3150,3200,57693200
11/11/2025,COWL,0,0,0,0,0
11/11/2025,CPIN,4700,4750,4680,4700,8813600
11/11/2025,CPINDRCG6A,60,60,58,58,6500
11/11/2025,CPINHDCN6A,63,63,63,63,3000
11/11/2025,CPINZPCJ6A,36,36,36,36,41500
11/11/2025,CPINZPCN6A,0,0,0,0,0
11/11/2025,CPRI,0,0,0,0,0
11/11/2025,CPRO,63,64,62,63,169829100
11/11/2025,CRAB,292,294,282,284,4281400
11/11/2025,CRSN,125,125,120,121,3872500
11/11/2025,CSAP,332,332,324,330,225300
11/11/2025,CSIS,230,238,202,212,14384700
11/11/2025,CSMI,244,258,234,254,25263800
11/11/2025,CSRA,835,835,805,820,4429500
11/11/2025,CTBN,5300,5300,5300,5300,2600
11/11/2025,CTRA,895,895,875,880,34296700
11/11/2025,CTRADRCJ6A,12,12,12,12,13547900
11/11/2025,CTRAHDCK6A,0,0,0,0,0
11/11/2025,CTRAYUCZ5A,26,26,25,25,10500
11/11/2025,CTRAZPCG6A,19,19,19,19,100
11/11/2025,CTTH,88,88,83,87,3274400
11/11/2025,CUAN,2280,2290,2180,2200,110626300
11/11/2025,CYBR,1410,1415,1350,1375,14110100
11/11/2025,CYBR-W,940,965,940,955,19200
11/11/2025,DAAZ,2390,2390,2280,2300,982200
11/11/2025,DADA,50,50,50,50,3167300
11/11/2025,DART,162,220,162,220,29316000
11/11/2025,DATA,4770,4820,4620,4640,3239400
11/11/2025,DAYA,1450,1590,1380,1470,214500
11/11/2025,DCII,261850,262350,261850,262000,1700
11/11/2025,DEAL,0,0,0,0,0
11/11/2025,DEFI,0,0,0,0,0
11/11/2025,DEPO,272,280,262,268,1315200
11/11/2025,DEWA,402,488,402,446,5426419900
11/11/2025,DEWI,140,144,128,139,74688500
11/11/2025,DFAM,93,102,86,88,46736800
11/11/2025,DGIK,97,98,95,97,2523400
11/11/2025,DGNS,145,145,142,145,3048700
11/11/2025,DGWG,404,404,386,394,7965900
11/11/2025,DIGI,32,35,32,35,2301700
11/11/2025,DILD,131,131,129,130,10422100
11/11/2025,DIVA,190,190,185,186,1184900
11/11/2025,DKFT,770,860,770,850,111057700
11/11/2025,DKHH,92,93,89,90,10546100
11/11/2025,DKHH-W,17,18,17,18,5530600
11/11/2025,DLTA,2100,2100,2040,2080,36500
11/11/2025,DMAS,133,133,132,133,30638000
11/11/2025,DMMX,376,380,370,372,4479100
11/11/2025,DMND,620,630,615,620,191100
11/11/2025,DNAR,123,131,120,131,12612300
11/11/2025,DNET,8975,9050,8975,8975,2600
11/11/2025,DOID,344,344,336,342,6629200
11/11/2025,DOOH,168,177,157,159,526624200
11/11/2025,DOSS,155,158,154,156,2615700
11/11/2025,DPNS,0,0,0,0,0
11/11/2025,DPUM,66,66,64,66,2170700
11/11/2025,DRMA,1025,1030,1020,1020,583200
11/11/2025,DSFI,92,93,88,89,16712500
11/11/2025,DSNG,1700,1705,1650,1680,25343400
11/11/2025,DSNGDRCK6A,0,0,0,0,0
11/11/2025,DSNGHDCK6A,89,90,86,88,45000
11/11/2025,DSNGZPCM6A,46,46,45,46,16300
11/11/2025,DSSA,88300,89000,86025,87250,2494300
11/11/2025,DUCK,0,0,0,0,0
11/11/2025,DUTI,4290,4400,4290,4400,4300
11/11/2025,DVLA,1650,1660,1645,1660,75800
11/11/2025,DWGL,350,350,334,338,7452100
11/11/2025,DYAN,88,88,86,87,854800
11/11/2025,EAST,94,94,93,94,2189800
11/11/2025,ECII,181,181,178,180,109400
11/11/2025,EDGE,4360,4390,4300,4340,13900
11/11/2025,EKAD,185,190,181,188,141900
11/11/2025,ELIT,188,204,182,184,77427900
11/11/2025,ELPI,725,775,695,740,2234400
11/11/2025,ELSA,515,520,510,510,17048300
11/11/2025,ELSADRCG6A,0,0,0,0,0
11/11/2025,ELSADRCJ6A,0,0,0,0,0
11/11/2025,ELSAHDCK6A,37,37,36,36,2354700
11/11/2025,ELSAZPCG6A,30,30,30,30,47800
11/11/2025,ELSAZPCN6A,23,23,23,23,5400
11/11/2025,ELTY,21,22,21,22,124089600
11/11/2025,EMAS,4110,4160,4040,4080,16906300
11/11/2025,EMDE,96,98,94,97,2022600
11/11/2025,EMTK,1305,1305,1265,1270,91967700
11/11/2025,EMTKBQCH6A,35,35,29,30,877300
11/11/2025,EMTKBQCZ5A,378,378,378,378,20000
11/11/2025,EMTKDRCK6A,58,58,56,56,208700
11/11/2025,EMTKHDCK6A,75,76,73,73,75400
11/11/2025,EMTKHDCZ5A,0,0,0,0,0
11/11/2025,EMTKZPCH6A,163,163,158,158,924100
11/11/2025,EMTKZPCM6A,49,49,47,47,1492500
11/11/2025,ENAK,700,700,685,685,498000
11/11/2025,ENRG,915,1010,910,940,334556100
11/11/2025,ENRGBQCZ5A,83,91,76,76,30900
11/11/2025,ENRGDRCG6A,33,39,30,30,43919600
11/11/2025,ENRGDRCJ6A,172,178,172,175,1115200
11/11/2025,ENRGHDCK6A,85,100,85,89,982800
11/11/2025,ENRGHDCZ5A,498,540,498,540,26100
11/11/2025,ENRGZPCG6A,402,402,402,402,14000
11/11/2025,ENRGZPCK6A,51,55,49,49,101100
11/11/2025,ENVY,0,0,0,0,0
11/11/2025,ENZO,41,43,41,43,107800
11/11/2025,EPAC,24,24,24,24,2272900
11/11/2025,EPMT,2340,2350,2330,2340,5700
11/11/2025,ERAA,428,450,424,448,152003200
11/11/2025,ERAABQCZ5A,5,8,5,6,5515000
11/11/2025,ERAADRCJ6A,8,9,7,9,64558000
11/11/2025,ERAAHDCN6A,0,0,0,0,0
11/11/2025,ERAAHDCZ5A,12,12,12,12,5000
11/11/2025,ERAAZPCH6A,17,18,17,17,23000
11/11/2025,ERAL,288,292,284,292,10521800
11/11/2025,ERTX,176,176,173,173,845900
11/11/2025,ESIP,109,109,106,106,6343300
11/11/2025,ESSA,675,690,660,670,54563400
11/11/2025,ESSABQCZ5A,33,37,33,36,1260000
11/11/2025,ESSADRCN6A,37,39,37,38,309100
11/11/2025,ESSAHDCH6A,54,54,53,53,7000
11/11/2025,ESSAYUCZ5A,32,32,32,32,10000
11/11/2025,ESSAZPCK6A,18,21,18,20,583000
11/11/2025,ESTA,232,236,216,224,9585500
11/11/2025,ESTI,143,143,137,143,2653000
11/11/2025,ETWA,0,0,0,0,0
11/11/2025,EURO,314,314,300,302,382300
11/11/2025,EXCL,2750,2760,2670,2750,7659600
11/11/2025,EXCLHDCJ6A,31,31,28,29,2175000
11/11/2025,EXCLZPCF6A,0,0,0,0,0
11/11/2025,EXCLZPCM6A,0,0,0,0,0
11/11/2025,EXCLZPCN6A,36,36,36,36,1900
11/11/2025,FAPA,6150,6200,6000,6000,26100
11/11/2025,FAST,595,600,565,585,21521700
11/11/2025,FASW,0,0,0,0,0
11/11/2025,FILM,5775,5850,5650,5700,7616700
11/11/2025,FIMP,0,0,0,0,0
11/11/2025,FIRE,107,112,91,97,273573400
11/11/2025,FISH,1720,1780,1630,1740,177900
11/11/2025,FITT,920,930,800,820,1920200
11/11/2025,FLMC,220,250,218,238,9458000
11/11/2025,FMII,358,358,314,352,67300
11/11/2025,FOLK,316,392,312,324,24310500
11/11/2025,FOOD,0,0,0,0,0
11/11/2025,FORE,505,515,505,510,7010700
11/11/2025,FORU,1140,1145,1110,1120,121000
11/11/2025,FPNI,630,640,570,640,90071000
11/11/2025,FUJI,700,705,695,700,866200
11/11/2025,FUTR,735,740,705,720,67818000
11/11/2025,FWCT,154,154,149,152,8235600
11/11/2025,GAMA,0,0,0,0,0
11/11/2025,GDST,117,117,114,116,1992000
11/11/2025,GDYR,1110,1120,1110,1110,12500
11/11/2025,GEMA,95,95,92,92,10013400
11/11/2025,GEMS,9175,9200,8975,9075,184600
11/11/2025,GGRM,16325,16325,15600,15925,3005100
11/11/2025,GGRMZPCG6A,197,197,176,179,3260800
11/11/2025,GGRP,206,212,200,210,20100300
11/11/2025,GHON,1710,1710,1690,1705,1100
11/11/2025,GIAA,110,110,106,106,66566500
11/11/2025,GJTL,1090,1090,1060,1065,9156000
11/11/2025,GJTLZPCJ6A,27,27,21,23,10583300
11/11/2025,GLOB,0,0,0,0,0
11/11/2025,GLVA,510,575,436,450,7960100
11/11/2025,GMFI,83,85,81,81,10146200
11/11/2025,GMTD,2780,3280,2460,3040,227400
11/11/2025,GOLD,330,332,302,322,516200
11/11/2025,GOLF,202,204,200,202,488300
11/11/2025,GOLL,0,0,0,0,0
11/11/2025,GOOD,368,456,368,394,14261000
11/11/2025,GOTO,68,70,65,67,10123937400
11/11/2025,GOTOBQCJ6A,10,11,9,10,7322100
11/11/2025,GOTOBQCQ6A,12,13,10,12,68104000
11/11/2025,GOTOBQCZ5A,3,4,3,4,7213400
11/11/2025,GOTODRCG6A,10,11,9,10,21378000
11/11/2025,GOTOHDCK6A,22,23,20,22,2683500
11/11/2025,GOTOM,0,0,0,0,0
11/11/2025,GOTOZPCH6A,27,27,27,27,1000000
11/11/2025,GOTOZPCK6A,16,17,14,17,450600
11/11/2025,GPRA,129,130,126,130,12553900
11/11/2025,GPSO,820,825,755,780,5642200
11/11/2025,GRIA,98,101,98,99,1945700
11/11/2025,GRPH,64,65,63,64,2443300
11/11/2025,GRPM,60,61,60,61,1118500
11/11/2025,GRPM-W,15,16,15,16,178200
11/11/2025,GSMF,101,103,94,95,9299800
11/11/2025,GTBO,210,216,206,210,246900
11/11/2025,GTRA,314,320,310,312,2367700
11/11/2025,GTSI,124,125,120,121,142689100
11/11/2025,GULA,384,434,376,392,4083400
11/11/2025,GUNA,292,292,284,286,665600
11/11/2025,GWSA,148,148,145,146,121000
11/11/2025,GZCO,280,308,278,296,363098800
11/11/2025,HADE,26,26,26,26,1804400
11/11/2025,HAIS,208,210,204,208,2606900
11/11/2025,HAJJ,116,118,115,118,11188900
11/11/2025,HAJJ-W,14,17,14,16,6283100
11/11/2025,HALO,110,116,107,111,260777600
11/11/2025,HALO-W,14,15,13,15,7080100
11/11/2025,HATM,280,284,278,284,27317700
11/11/2025,HBAT,238,244,218,236,1659500
11/11/2025,HDFA,179,182,166,170,5137300
11/11/2025,HDIT,57,57,57,57,4920600
11/11/2025,HEAL,1440,1455,1420,1440,7470900
11/11/2025,HEALBQCZ5A,7,8,7,7,77200
11/11/2025,HEALDRCJ6A,24,24,23,24,263900
11/11/2025,HEALHDCH6A,0,0,0,0,0
11/11/2025,HEALYUCZ5A,16,17,16,16,15400
11/11/2025,HEALZPCH6A,0,0,0,0,0
11/11/2025,HEALZPCN6A,0,0,0,0,0
11/11/2025,HELI,246,248,240,248,336400
11/11/2025,HERO,535,550,530,535,123200
11/11/2025,HEXA,4660,4660,4640,4660,115700
11/11/2025,HGII,161,161,159,161,10877200
11/11/2025,HILL,160,163,156,158,1699900
11/11/2025,HITS,0,0,0,0,0
11/11/2025,HKMU,0,0,0,0,0
11/11/2025,HMSP,855,860,815,830,131585500
11/11/2025,HOKI,75,76,74,75,40321200
11/11/2025,HOME,0,0,0,0,0
11/11/2025,HOMI,440,440,420,426,2433400
11/11/2025,HOPE,121,124,115,118,15996500
11/11/2025,HOTL,0,0,0,0,0
11/11/2025,HRME,41,41,41,41,1133300
11/11/2025,HRTA,1445,1470,1355,1365,79520700
11/11/2025,HRUM,1080,1080,1050,1070,11273700
11/11/2025,HRUMDRCN6A,38,38,36,36,485900
11/11/2025,HRUMHDCK6A,43,44,42,44,42100
11/11/2025,HRUMZPCG6A,0,0,0,0,0
11/11/2025,HRUMZPCM6A,30,31,30,31,132500
11/11/2025,HUMI,127,128,124,125,34101400
11/11/2025,HUMI-W,20,21,19,20,11253900
11/11/2025,HYGN,171,172,165,172,569000
11/11/2025,IATA,70,71,70,71,7610300
11/11/2025,IBFN,44,44,43,43,234400
11/11/2025,IBOS,54,59,53,53,8534800
11/11/2025,IBST,5050,5075,5050,5075,600
11/11/2025,ICBP,8725,8725,8525,8550,9738300
11/11/2025,ICBPDRCX6A,3190,3190,3190,3190,200
11/11/2025,ICBPHDCJ6A,22,22,20,20,1541000
11/11/2025,ICBPZPCX5A,2,3,2,3,2015400
11/11/2025,ICON,48,48,47,48,147400
11/11/2025,IDEA,71,72,63,66,18273200
11/11/2025,IDPR,338,374,320,330,1671900
11/11/2025,IFII,230,230,226,230,157100
11/11/2025,IFSH,815,815,785,805,33400
11/11/2025,IGAR,505,505,496,505,31200
11/11/2025,IIKP,0,0,0,0,0
11/11/2025,IKAI,16,16,16,16,9764600
11/11/2025,IKAN,116,116,113,114,13388400
11/11/2025,IKBI,545,555,535,540,87000
11/11/2025,IKPM,242,242,234,236,1174500
11/11/2025,IMAS,1160,1175,1130,1160,749400
11/11/2025,IMJS,266,268,246,248,25280800
11/11/2025,IMPC,2870,2970,2820,2850,42534400
11/11/2025,INAF,0,0,0,0,0
11/11/2025,INAI,151,154,150,151,440600
11/11/2025,INCF,47,48,47,48,316900
11/11/2025,INCI,680,680,655,670,64100
11/11/2025,INCO,4520,4550,4360,4400,7423100
11/11/2025,INCOBQCF6A,0,0,0,0,0
11/11/2025,INCOBQCJ6A,0,0,0,0,0
11/11/2025,INCOBQCN6A,0,0,0,0,0
11/11/2025,INCODRCG6A,0,0,0,0,0
11/11/2025,INCODRCK6A,0,0,0,0,0
11/11/2025,INCODRCX5A,134,135,132,132,12500
11/11/2025,INCOHDCJ6A,0,0,0,0,0
11/11/2025,INCOYUCZ5A,0,0,0,0,0
11/11/2025,INCOZPCK6A,53,53,52,52,200
11/11/2025,INCOZPCN6A,0,0,0,0,0
11/11/2025,INCOZPCX5A,0,0,0,0,0
11/11/2025,INDF,7150,7150,7025,7050,4661800
11/11/2025,INDFDRCX6A,0,0,0,0,0
11/11/2025,INDFHDCJ6A,14,14,14,14,5000
11/11/2025,INDO,224,230,222,228,7283200
11/11/2025,INDR,2940,3000,2770,2900,329300
11/11/2025,INDS,228,228,224,226,275300
11/11/2025,INDX,187,197,174,187,52566400
11/11/2025,INDY,2100,2140,2050,2070,44087400
11/11/2025,INDYDRCN6A,89,96,89,94,1679500
11/11/2025,INDYHDCJ6A,206,210,198,198,3603900
11/11/2025,INDYHDCN6A,54,54,54,54,21000
11/11/2025,INDYZPCG6A,106,106,102,102,516700
11/11/2025,INDYZPCN6A,37,37,37,37,27700
11/11/2025,INET,412,486,410,422,2440722300
11/11/2025,INET-W,314,372,310,326,24570400
11/11/2025,INKP,7475,7550,7450,7525,2969400
11/11/2025,INKPBQCX5A,22,22,21,21,305700
11/11/2025,INKPDRCF6A,0,0,0,0,0
11/11/2025,INKPDRCG6A,56,56,55,55,1518100
11/11/2025,INKPHDCK6A,0,0,0,0,0
11/11/2025,INKPZPCF6A,0,0,0,0,0
11/11/2025,INKPZPCK6A,0,0,0,0,0
11/11/2025,INOV,146,147,138,143,11122000
11/11/2025,INPC,157,158,153,156,6373500
11/11/2025,INPP,690,700,675,700,34900
11/11/2025,INPS,175,175,168,168,292200
11/11/2025,INRU,715,740,690,690,56100
11/11/2025,INTA,39,40,39,40,1370100
11/11/2025,INTD,222,224,210,216,625600
11/11/2025,INTP,6850,6850,6550,6700,831000
11/11/2025,INTPDRCN6A,0,0,0,0,0
11/11/2025,INTPHDCM6A,0,0,0,0,0
11/11/2025,INTPZPCG6A,0,0,0,0,0
11/11/2025,INTPZPCM6A,0,0,0,0,0
11/11/2025,IOTF,88,88,86,86,24740600
11/11/2025,IPAC,240,240,222,230,633300
11/11/2025,IPCC,1190,1195,1170,1190,1640700
11/11/2025,IPCM,328,328,326,326,1706400
11/11/2025,IPOL,130,131,127,129,2272700
11/11/2025,IPPE,0,0,0,0,0
11/11/2025,IPTV,40,40,40,40,6036700
11/11/2025,IRRA,458,458,450,454,948700
11/11/2025,IRSX,222,230,222,230,15757700
11/11/2025,ISAP,35,37,32,32,111399800
11/11/2025,ISAP-W,19,19,16,16,56008200
11/11/2025,ISAT,2100,2220,2060,2220,28870000
11/11/2025,ISATBQCF6A,28,35,28,34,1928100
11/11/2025,ISATBQCJ6A,60,60,59,59,200
11/11/2025,ISATDRCG6A,48,58,48,58,2548600
11/11/2025,ISATDRCX5A,45,54,43,54,879300
11/11/2025,ISATHDCJ6A,21,27,19,27,39657300
11/11/2025,ISATZPCF6A,30,34,29,34,16900
11/11/2025,ISEA,101,103,91,95,88637300
11/11/2025,ISSP,418,450,412,420,3233500
11/11/2025,ITIC,460,462,438,440,5745900
11/11/2025,ITMA,1320,1345,1270,1340,11570300
11/11/2025,ITMG,23350,23350,23025,23200,2277900
11/11/2025,ITMGDRCV6A,152,152,147,147,28000
11/11/2025,ITMGHDCJ6A,142,143,141,141,311000
11/11/2025,ITMGZPCJ6A,61,61,60,60,10400
11/11/2025,JARR,3620,3620,3370,3410,15642700
11/11/2025,JAST,92,92,90,91,7760500
11/11/2025,JATI,127,127,120,122,9782700
11/11/2025,JAWA,166,175,161,167,21528000
11/11/2025,JAYA,109,119,108,114,29541000
11/11/2025,JECC,1105,1110,1085,1090,79900
11/11/2025,JGLE,20,22,20,22,94237200
11/11/2025,JIHD,605,610,595,600,1910700
11/11/2025,JKON,86,87,84,86,4310000
11/11/2025,JMAS,154,156,149,152,854700
11/11/2025,JPFA,2330,2380,2320,2360,33808600
11/11/2025,JPFABQCZ5A,179,179,170,171,94600
11/11/2025,JPFADRCJ6A,108,109,106,109,21800
11/11/2025,JPFAHDCN6A,0,0,0,0,0
11/11/2025,JPFAHDCZ5A,0,0,0,0,0
11/11/2025,JPFAZPCG6A,175,179,175,179,3000000
11/11/2025,JPFAZPCN6A,23,25,23,23,1144400
11/11/2025,JRPT,870,880,870,875,232400
11/11/2025,JSKY,0,0,0,0,0
11/11/2025,JSMR,3580,3580,3530,3550,2230500
11/11/2025,JSMRDRCK6A,65,65,60,60,38300
11/11/2025,JSMRHDCH6A,0,0,0,0,0
11/11/2025,JSMRZPCG6A,0,0,0,0,0
11/11/2025,JSPT,3450,3460,3370,3420,22900
11/11/2025,JTPE,368,376,368,376,2935400
11/11/2025,KAEF,595,600,575,600,1087000
11/11/2025,KAQI,71,71,69,69,25123400
11/11/2025,KARW,505,505,500,500,384300
11/11/2025,KAYU,0,0,0,0,0
11/11/2025,KBAG,41,42,41,42,1421900
11/11/2025,KBLI,334,348,334,346,525900
11/11/2025,KBLM,358,364,354,362,85200
11/11/2025,KBLV,172,174,157,159,92539700
11/11/2025,KBRI,0,0,0,0,0
11/11/2025,KDSI,466,470,464,466,25500
11/11/2025,KDTN,236,238,204,230,18491500
11/11/2025,KEEN,1030,1060,1030,1035,9400300
11/11/2025,KEJU,730,735,700,705,1716500
11/11/2025,KETR,444,444,418,422,12284900
11/11/2025,KIAS,0,0,0,0,0
11/11/2025,KICI,250,304,246,256,9104500
11/11/2025,KIJA,190,190,185,188,27733500
11/11/2025,KING,208,210,208,210,19600
11/11/2025,KING-W,11,12,11,11,1525500
11/11/2025,KINO,1305,1350,1305,1335,63600
11/11/2025,KIOS,79,79,76,76,11348900
11/11/2025,KJEN,187,199,175,199,5089400
11/11/2025,KKES,30,30,30,30,2370800
11/11/2025,KKGI,326,326,322,324,3444000
11/11/2025,KLAS,129,132,128,130,12382900
11/11/2025,KLBF,1290,1290,1250,1285,51423600
11/11/2025,KLBFBQCF6A,0,0,0,0,0
11/11/2025,KLBFBQCJ6A,0,0,0,0,0
11/11/2025,KLBFDRCG6A,16,16,15,16,145400
11/11/2025,KLBFHDCK6A,0,0,0,0,0
11/11/2025,KLBFZPCF6A,0,0,0,0,0
11/11/2025,KLBFZPCJ6A,0,0,0,0,0
11/11/2025,KLIN,169,172,164,168,235800
11/11/2025,KMDS,715,715,650,680,842300
11/11/2025,KMTR,274,282,274,276,652500
11/11/2025,KOBX,172,242,170,242,164268200
11/11/2025,KOCI,83,87,81,81,9894700
11/11/2025,KOCI-W,14,14,13,14,2738600
11/11/2025,KOIN,71,71,69,69,279900
11/11/2025,KOKA,370,370,370,370,9021800
11/11/2025,KONI,3070,3070,3070,3070,15000
11/11/2025,KOPI,324,326,318,320,984500
11/11/2025,KOTA,35,36,35,36,3885600
11/11/2025,KPIG,147,147,143,143,70117400
11/11/2025,KRAS,356,396,350,382,136484300
11/11/2025,KREN,17,17,16,16,84306400
11/11/2025,KRYA,189,189,184,187,7301400
11/11/2025,KSIX,364,364,342,348,575400
11/11/2025,KUAS,67,68,66,67,1843400
11/11/2025,LABA,242,242,224,230,31322600
11/11/2025,LABS,142,144,142,144,1166100
11/11/2025,LAJU,71,71,69,69,12956200
11/11/2025,LAND,35,35,34,34,478500
11/11/2025,LAPD,182,186,182,186,7720600
11/11/2025,LCGP,0,0,0,0,0
11/11/2025,LCKM,220,272,220,224,2892600
11/11/2025,LEAD,77,78,76,78,30695300
11/11/2025,LFLO,510,560,466,550,146600
11/11/2025,LIFE,8550,8550,8050,8425,5400
11/11/2025,LINK,3180,3200,3090,3120,23700
11/11/2025,LION,418,418,406,414,83500
11/11/2025,LIVE,214,230,195,200,14975300
11/11/2025,LMAS,0,0,0,0,0
11/11/2025,LMAX,84,85,81,85,1471900
11/11/2025,LMPI,149,150,147,150,467200
11/11/2025,LMSH,0,0,0,0,0
11/11/2025,LOPI,87,87,85,86,1853400
11/11/2025,LPCK,590,600,570,600,557700
11/11/2025,LPGI,755,775,740,770,127300
11/11/2025,LPIN,456,458,454,458,321700
11/11/2025,LPKR,88,90,87,89,79219000
11/11/2025,LPLI,490,490,472,476,938800
11/11/2025,LPPF,1750,1760,1700,1735,2031000
11/11/2025,LPPS,120,121,113,115,10871600
11/11/2025,LRNA,183,184,178,180,1800000
11/11/2025,LSIP,1390,1400,1370,1380,6843000
11/11/2025,LSIPDRCK6A,0,0,0,0,0
11/11/2025,LSIPHDCJ6A,0,0,0,0,0
11/11/2025,LSIPYUCZ5A,0,0,0,0,0
11/11/2025,LSIPZPCG6A,0,0,0,0,0
11/11/2025,LTLS,865,870,855,870,139900
11/11/2025,LUCK,114,114,109,110,10354600
11/11/2025,LUCY,105,109,97,102,531700
11/11/2025,MABA,0,0,0,0,0
11/11/2025,MAGP,0,0,0,0,0
11/11/2025,MAHA,141,145,139,142,7696200
11/11/2025,MAIN,815,815,800,815,1599800
11/11/2025,MANG,52,54,52,53,7238900
11/11/2025,MANG-W,20,21,19,20,6156000
11/11/2025,MAPA,785,790,765,770,27754100
11/11/2025,MAPABQCZ5A,27,27,24,25,71000
11/11/2025,MAPADRCJ6A,25,28,25,27,239600
11/11/2025,MAPAHDCZ5A,0,0,0,0,0
11/11/2025,MAPAZPCH6A,47,47,47,47,100
11/11/2025,MAPB,1625,1655,1625,1655,3700
11/11/2025,MAPI,1420,1420,1325,1350,33732900
11/11/2025,MAPIBQCK6A,0,0,0,0,0
11/11/2025,MAPIDRCX5A,17,17,11,13,8178400
11/11/2025,MAPIHDCK6A,91,91,89,91,140200
11/11/2025,MAPIZPCJ6A,0,0,0,0,0
11/11/2025,MARI,32,33,32,32,3504400
11/11/2025,MARK,700,710,690,690,7964600
11/11/2025,MASB,3230,3330,3230,3330,4200
11/11/2025,MAXI,55,56,54,55,6433400
11/11/2025,MAYA,232,236,230,230,3600200
11/11/2025,MBAP,1600,1610,1595,1600,87300
11/11/2025,MBMA,695,750,670,680,1017299700
11/11/2025,MBMABQCX5A,72,90,56,67,3867700
11/11/2025,MBMADRCG6A,39,48,31,32,66781300
11/11/2025,MBMADRCX5A,100,115,100,100,70600
11/11/2025,MBMADRPX5A,0,0,0,0,0
11/11/2025,MBMAHDCH6A,130,147,121,121,683000
11/11/2025,MBMAHDCN6A,109,123,102,102,30867500
11/11/2025,MBMAYUCK6A,0,0,0,0,0
11/11/2025,MBMAZPCK6A,47,50,43,43,1891000
11/11/2025,MBMAZPCN6A,36,40,34,34,3838200
11/11/2025,MBMAZPCX5A,184,184,179,181,13400
11/11/2025,MBSS,1415,1415,1355,1385,934900
11/11/2025,MBTO,195,198,190,191,3776600
11/11/2025,MCAS,805,815,795,800,213400
11/11/2025,MCOL,3850,3850,3810,3810,11400
11/11/2025,MCOR,74,74,73,73,2278800
11/11/2025,MDIA,33,34,32,34,1861900
11/11/2025,MDIY,1045,1055,1045,1050,1079200
11/11/2025,MDKA,2550,2570,2470,2500,82735200
11/11/2025,MDKABQCX5B,10,13,9,10,51393400
11/11/2025,MDKADRCG6A,75,77,70,70,1746000
11/11/2025,MDKADRCK6A,75,75,72,72,238500
11/11/2025,MDKADRPX5A,0,0,0,0,0
11/11/2025,MDKAHDCN6A,79,79,73,73,248300
11/11/2025,MDKAHDCZ5A,107,110,107,107,29800
11/11/2025,MDKAHDPH6A,0,0,0,0,0
11/11/2025,MDKAHDPJ6A,0,0,0,0,0
11/11/2025,MDKAYUCK6A,148,148,148,148,100
11/11/2025,MDKAZPCF6A,67,67,64,64,5570000
11/11/2025,MDKI,206,208,198,206,3328100
11/11/2025,MDLA,244,248,238,242,5833400
11/11/2025,MDLN,60,61,57,59,14372000
11/11/2025,MDRN,39,39,38,38,12282600
11/11/2025,MEDC,1305,1305,1260,1275,67075200
11/11/2025,MEDCBQCX5B,9,12,5,12,44302900
11/11/2025,MEDCBQCZ5A,13,13,12,12,3008300
11/11/2025,MEDCDRCG6A,29,29,29,29,40000
11/11/2025,MEDCHDCH6A,85,85,83,83,351800
11/11/2025,MEDCZPCF6A,27,27,27,27,22000
11/11/2025,MEDS,64,64,61,62,14540100
11/11/2025,MEGA,3300,3300,3280,3290,3800
11/11/2025,MEJA,132,132,132,132,4347400
11/11/2025,MEJA-W,40,43,40,42,12733000
11/11/2025,MENN,0,0,0,0,0
11/11/2025,MERI,212,214,210,212,2292800
11/11/2025,MERK,3110,3120,3100,3110,41800
11/11/2025,META,0,0,0,0,0
11/11/2025,MFMI,0,0,0,0,0
11/11/2025,MGLV,940,1025,935,1025,2459700
11/11/2025,MGNA,81,98,81,98,4170200
11/11/2025,MGNA-W,80,80,79,79,121600
11/11/2025,MGRO,770,790,755,775,11480500
11/11/2025,MHKI,252,268,250,266,43810300
11/11/2025,MICE,635,645,615,615,241200
11/11/2025,MIDI,406,408,404,408,6826200
11/11/2025,MIKA,2540,2610,2530,2590,7129100
11/11/2025,MIKADRCV6A,0,0,0,0,0
11/11/2025,MIKAHDCN6A,43,43,43,43,4300
11/11/2025,MIKAZPCG6A,0,0,0,0,0
11/11/2025,MINA,184,185,179,181,84940200
11/11/2025,MINE,490,496,490,490,3763600
11/11/2025,MIRA,33,33,33,33,5373800
11/11/2025,MITI,308,334,306,318,28241200
11/11/2025,MKAP,346,346,340,340,135100
11/11/2025,MKNT,0,0,0,0,0
11/11/2025,MKPI,24350,24350,24200,24350,6100
11/11/2025,MKTR,145,149,142,144,1273600
11/11/2025,MLBI,5800,5825,5775,5800,144000
11/11/2025,MLIA,340,342,336,340,3129600
11/11/2025,MLPL,139,148,134,139,600007300
11/11/2025,MLPT,79500,79500,76000,76675,10900
11/11/2025,MMIX,234,234,224,228,5621100
11/11/2025,MMLP,560,565,560,565,3442600
11/11/2025,MNCN,264,264,258,260,35445100
11/11/2025,MNCNDRCN6A,0,0,0,0,0
11/11/2025,MNCNHDCM6A,24,24,24,24,1800
11/11/2025,MNCNZPCM6A,11,11,11,11,9000
11/11/2025,MOLI,340,412,320,360,88541300
11/11/2025,MORA,3250,3250,3250,3250,772800
11/11/2025,MPIX,67,69,65,67,4153900
11/11/2025,MPIX-W,9,10,8,10,5019800
11/11/2025,MPMX,970,975,965,965,3233900
11/11/2025,MPOW,118,118,116,117,2768800
11/11/2025,MPPA,62,66,61,63,118236700
11/11/2025,MPRO,7000,8000,7000,7500,98200
11/11/2025,MPXL,234,242,230,236,1189100
11/11/2025,MRAT,390,392,378,382,839000
11/11/2025,MREI,990,990,975,985,121800
11/11/2025,MSIE,49,51,48,50,2733400
11/11/2025,MSIN,505,505,498,500,26121900
11/11/2025,MSJA,294,294,290,290,3690200
11/11/2025,MSKY,81,83,80,81,5442600
11/11/2025,MSTI,1430,1450,1420,1450,3048700
11/11/2025,MTDL,600,605,600,600,1832000
11/11/2025,MTEL,560,565,555,560,3777400
11/11/2025,MTELDRCK6A,0,0,0,0,0
11/11/2025,MTELHDCM6A,0,0,0,0,0
11/11/2025,MTELZPCM6A,13,13,13,13,3100
11/11/2025,MTFN,19,19,19,19,67993200
11/11/2025,MTLA,440,440,428,438,85100
11/11/2025,MTMH,1190,1190,1150,1150,8400
11/11/2025,MTPS,0,0,0,0,0
11/11/2025,MTRA,0,0,0,0,0
11/11/2025,MTSM,0,0,0,0,0
11/11/2025,MTWI,350,350,346,348,33000
11/11/2025,MUTU,108,120,106,120,19731200
11/11/2025,MYOH,1570,1590,1545,1555,105800
11/11/2025,MYOR,2060,2070,2030,2050,13501900
11/11/2025,MYORDRCK6A,46,47,46,47,240400
11/11/2025,MYORHDCM6A,0,0,0,0,0
11/11/2025,MYORZPCH6A,25,25,25,25,800000
11/11/2025,MYTX,0,0,0,0,0
11/11/2025,NAIK,121,122,120,120,4236000
11/11/2025,NAIK-W,19,19,17,18,5059000
11/11/2025,NANO,54,59,53,59,42959200
11/11/2025,NASA,32,32,29,31,6733400
11/11/2025,NASI,103,103,100,102,2995600
11/11/2025,NATO,148,148,144,146,53800
11/11/2025,NAYZ,156,157,140,140,7698300
11/11/2025,NCKL,1115,1120,1075,1095,54364100
11/11/2025,NCKLBQCM6A,0,0,0,0,0
11/11/2025,NCKLDRCK6A,43,43,41,42,4002700
11/11/2025,NCKLHDCK6A,59,59,58,58,135200
11/11/2025,NCKLYUCZ5A,0,0,0,0,0
11/11/2025,NCKLZPCJ6A,64,64,64,64,2008300
11/11/2025,NCKLZPCM6A,29,29,27,29,24900
11/11/2025,NELY,344,348,342,346,387300
11/11/2025,NEST,364,364,346,354,9039400
11/11/2025,NETV,108,108,104,105,8690700
11/11/2025,NFCX,1810,1820,1790,1790,452300
11/11/2025,NICE,420,420,410,416,1767900
11/11/2025,NICK,1175,1195,1170,1170,10900
11/11/2025,NICL,1000,1005,975,980,3311100
11/11/2025,NIKL,372,378,362,368,2377100
11/11/2025,NINE,0,0,0,0,0
11/11/2025,NIRO,0,0,0,0,0
11/11/2025,NISP,1370,1380,1365,1370,2054800
11/11/2025,NOBU,510,515,500,505,4143200
11/11/2025,NPGF,62,62,60,60,7505700
11/11/2025,NRCA,1020,1020,910,920,51727200
11/11/2025,NSSS,500,505,496,505,4878000
11/11/2025,NTBK,166,180,151,164,229542500
11/11/2025,NUSA,0,0,0,0,0
11/11/2025,NZIA,110,111,108,110,902100
11/11/2025,OASA,230,238,220,228,124760600
11/11/2025,OBAT,430,434,420,432,687000
11/11/2025,OBAT-W,87,90,85,85,466600
11/11/2025,OBMD,246,254,230,246,2287500
11/11/2025,OCAP,0,0,0,0,0
11/11/2025,OILS,210,212,206,208,1777100
11/11/2025,OKAS,142,145,140,143,7342900
11/11/2025,OLIV,130,133,122,123,69554200
11/11/2025,OMED,199,199,197,199,1352100
11/11/2025,OMRE,0,0,0,0,0
11/11/2025,OPMS,108,109,104,105,7720600
11/11/2025,PACK,2820,2920,2790,2800,4980700
11/11/2025,PADA,102,110,102,108,30214100
11/11/2025,PADI,74,74,70,70,19586800
11/11/2025,PALM,382,388,380,380,2346900
11/11/2025,PAMG,68,68,66,67,3906800
11/11/2025,PANI,14400,14425,14100,14300,6825300
11/11/2025,PANIBQCZ5A,20,22,19,21,1183600
11/11/2025,PANIDRCG6A,64,67,62,64,101300
11/11/2025,PANIHDCJ6A,98,102,95,98,22905600
11/11/2025,PANIHDCN6A,83,86,83,85,358100
11/11/2025,PANIHDCZ5A,127,127,122,123,532100
11/11/2025,PANIZPCJ6A,61,62,58,60,2917700
11/11/2025,PANIZPCN6A,111,112,107,112,102000
11/11/2025,PANR,660,665,655,655,240000
11/11/2025,PANS,1450,1465,1445,1455,68500
11/11/2025,PART,130,130,125,128,40471300
11/11/2025,PART-W,18,19,17,18,15074400
11/11/2025,PBID,490,490,488,490,238900
11/11/2025,PBRX,41,41,38,38,17953000
11/11/2025,PBSA,955,990,955,990,2608600
11/11/2025,PCAR,34,36,34,36,1248600
11/11/2025,PDES,605,615,600,610,110800
11/11/2025,PDPP,404,404,388,392,526100
11/11/2025,PEGE,125,126,123,126,1416700
11/11/2025,PEHA,328,328,322,328,37600
11/11/2025,PEVE,500,515,498,515,189600
11/11/2025,PGAS,1735,1755,1735,1755,21122800
11/11/2025,PGASBQCZ5A,0,0,0,0,0
11/11/2025,PGASDRCG6A,0,0,0,0,0
11/11/2025,PGASDRCG6B,79,79,79,79,3500
11/11/2025,PGASHDCK6A,63,63,63,63,500
11/11/2025,PGASZPCJ6A,0,0,0,0,0
11/11/2025,PGEO,1270,1270,1240,1245,31489500
11/11/2025,PGEOBQCF6A,23,23,23,23,200
11/11/2025,PGEOBQCJ6A,0,0,0,0,0
11/11/2025,PGEOBQCX5B,3,3,2,3,3984900
11/11/2025,PGEODRCJ6A,22,22,21,21,126900
11/11/2025,PGEOHDCH6A,25,25,24,24,200
11/11/2025,PGEOHDCH6B,0,0,0,0,0
11/11/2025,PGEOHDPH6A,130,130,130,130,200
11/11/2025,PGEOYUCK6A,0,0,0,0,0
11/11/2025,PGEOZPCJ6A,0,0,0,0,0
11/11/2025,PGEOZPCM6A,0,0,0,0,0
11/11/2025,PGJO,1000,1045,910,1045,581500
11/11/2025,PGLI,416,436,372,400,10532100
11/11/2025,PGUN,12975,12975,12050,12375,110200
11/11/2025,PICO,252,278,248,266,17986300
11/11/2025,PIPA,330,332,306,312,124757600
11/11/2025,PJAA,525,530,520,525,72200
11/11/2025,PJHB,690,800,680,800,270179400
11/11/2025,PJHB-W,350,406,324,380,98099900
11/11/2025,PKPK,605,620,600,610,425800
11/11/2025,PLAN,49,50,47,48,3447200
11/11/2025,PLAS,0,0,0,0,0
11/11/2025,PLIN,0,0,0,0,0
11/11/2025,PMJS,118,118,116,118,94800
11/11/2025,PMMP,0,0,0,0,0
11/11/2025,PMUI,147,149,144,148,4954500
11/11/2025,PNBN,1025,1025,1010,1025,4194200
11/11/2025,PNBS,57,57,55,55,22990300
11/11/2025,PNGO,3090,3100,3050,3050,16100
11/11/2025,PNIN,790,800,780,785,436000
11/11/2025,PNLF,236,238,234,236,66544100
11/11/2025,PNLFBQCM6A,16,17,16,16,130400
11/11/2025,PNLFDRCJ6A,9,10,9,10,184800
11/11/2025,PNLFHDCZ5A,0,0,0,0,0
11/11/2025,PNLFZPCH6A,0,0,0,0,0
11/11/2025,PNSE,720,755,700,735,82100
11/11/2025,POLA,38,38,35,35,1127700
11/11/2025,POLI,760,760,760,760,300
11/11/2025,POLL,0,0,0,0,0
11/11/2025,POLU,24000,24000,23000,23025,9900
11/11/2025,POLY,26,26,24,26,884300
11/11/2025,POOL,0,0,0,0,0
11/11/2025,PORT,1240,1240,1190,1220,54500
11/11/2025,POSA,0,0,0,0,0
11/11/2025,POWR,705,710,700,705,3333100
11/11/2025,PPGL,138,140,132,133,4036500
11/11/2025,PPRE,124,126,118,119,40767300
11/11/2025,PPRI,330,342,326,336,6543000
11/11/2025,PPRO,0,0,0,0,0
11/11/2025,PRAY,850,855,820,850,30900
11/11/2025,PRDA,2540,2540,2490,2490,741500
11/11/2025,PRIM,80,81,78,80,4986100
11/11/2025,PSAB,610,610,580,585,105093000
11/11/2025,PSAT,1350,1355,1340,1345,331400
11/11/2025,PSDN,105,106,103,104,1728500
11/11/2025,PSGO,220,222,216,220,477400
11/11/2025,PSKT,139,139,136,136,4945100
11/11/2025,PSSI,342,344,340,340,297800
11/11/2025,PTBA,2390,2400,2370,2390,7638300
11/11/2025,PTBADRCG6A,16,16,16,16,2600000
11/11/2025,PTBAHDCM6A,0,0,0,0,0
11/11/2025,PTBAYUCZ5A,0,0,0,0,0
11/11/2025,PTBAZPCH6A,0,0,0,0,0
11/11/2025,PTDU,18,18,18,18,315500
11/11/2025,PTIS,398,398,388,388,32700
11/11/2025,PTMP,88,90,85,86,12677200
11/11/2025,PTMR,0,0,0,0,0
11/11/2025,PTPP,378,380,374,378,6800300
11/11/2025,PTPS,200,204,199,204,12663300
11/11/2025,PTPW,955,960,955,960,15800
11/11/2025,PTRO,8800,8875,8500,8700,40530800
11/11/2025,PTRODRCG6A,320,320,296,308,3162800
11/11/2025,PTROHDCK6A,510,520,500,510,83100
11/11/2025,PTROHDCN6A,103,104,98,101,3449300
11/11/2025,PTROYUCK6A,490,490,480,486,2800
11/11/2025,PTROZPCK6A,262,262,250,256,100100
11/11/2025,PTROZPCN6A,131,131,123,128,1199500
11/11/2025,PTSN,378,384,376,380,1457000
11/11/2025,PTSP,1180,1200,1105,1130,113600
11/11/2025,PUDP,755,925,725,730,3011200
11/11/2025,PURA,27,28,27,28,2204600
11/11/2025,PURE,0,0,0,0,0
11/11/2025,PURI,740,740,740,740,2039100
11/11/2025,PWON,368,370,362,366,25881800
11/11/2025,PWONDRCN6A,0,0,0,0,0
11/11/2025,PWONHDCZ5A,0,0,0,0,0
11/11/2025,PWONZPCH6A,26,26,26,26,10400
11/11/2025,PYFA,510,605,505,560,234684100
11/11/2025,PYFA-W,116,132,116,119,3947000
11/11/2025,PZZA,226,230,220,228,1648800
11/11/2025,RAAM,254,254,242,242,8997400
11/11/2025,R-ABFII,0,0,0,0,0
11/11/2025,RAFI,39,40,38,40,5152900
11/11/2025,RAJA,5000,5200,4800,5000,91790200
11/11/2025,RAJADRCG6A,258,278,236,258,3786600
11/11/2025,RAJAHDCK6A,246,260,230,246,24256900
11/11/2025,RAJAZPCK6A,123,130,112,122,52202800
11/11/2025,RALS,446,450,434,440,8073300
11/11/2025,RANC,835,960,835,915,1210600
11/11/2025,RATU,9300,9550,8875,9300,26976000
11/11/2025,RBMS,34,34,34,34,410600
11/11/2025,RCCC,184,185,179,182,3684200
11/11/2025,RDTX,12225,12450,12225,12400,400
11/11/2025,REAL,72,75,70,70,158296600
11/11/2025,RELF,44,45,42,44,6119800
11/11/2025,RELI,635,635,625,630,19100
11/11/2025,RGAS,100,101,98,99,4842100
11/11/2025,RICY,56,56,55,55,840000
11/11/2025,RIGS,795,795,775,780,185800
11/11/2025,RIMO,0,0,0,0,0
11/11/2025,RISE,9900,10000,8900,10000,1401700
11/11/2025,R-LQ45X,1030,1031,1023,1031,3300
11/11/2025,RMKE,2610,2660,2580,2610,8506900
11/11/2025,RMKO,220,220,204,210,4379700
11/11/2025,ROCK,470,470,426,460,54800
11/11/2025,RODA,47,47,43,43,55700
11/11/2025,RONY,3310,3590,3310,3590,21600
11/11/2025,ROTI,805,805,795,800,248400
11/11/2025,RSCH,374,380,370,380,303500
11/11/2025,RSGK,0,0,0,0,0
11/11/2025,RUIS,194,196,192,194,1365600
11/11/2025,RUNS,101,104,98,99,560300
11/11/2025,SAFE,258,286,252,256,4788600
11/11/2025,SAGE,34,34,32,32,2724600
11/11/2025,SAME,312,322,302,320,6729300
11/11/2025,SAMF,314,314,310,312,79000
11/11/2025,SAPX,308,312,304,308,315200
11/11/2025,SATU,266,268,256,260,4090000
11/11/2025,SBAT,0,0,0,0,0
11/11/2025,SBMA,132,133,129,130,1870500
11/11/2025,SCCO,2430,2430,2380,2400,9000
11/11/2025,SCMA,384,384,362,366,96290300
11/11/2025,SCMABQCZ5A,0,0,0,0,0
11/11/2025,SCMADRCG6A,25,25,20,20,4343600
11/11/2025,SCMADRCK6A,131,131,120,121,206400
11/11/2025,SCMAHDCK6A,56,56,53,53,8700
11/11/2025,SCMAHDCZ5A,382,382,382,382,200300
11/11/2025,SCMAYUCK6A,94,94,89,89,20000
11/11/2025,SCMAZPCG6A,218,218,208,208,1300
11/11/2025,SCMAZPCM6A,57,57,52,52,253200
11/11/2025,SCNP,161,165,158,160,1117000
11/11/2025,SCPI,0,0,0,0,0
11/11/2025,SDMU,61,64,59,59,1641300
11/11/2025,SDPC,139,143,137,137,522200
11/11/2025,SDRA,296,296,290,294,287900
11/11/2025,SEMA,103,104,101,103,1053400
11/11/2025,SFAN,1925,1930,1920,1920,97800
11/11/2025,SGER,496,496,478,490,81954000
11/11/2025,SGRO,6000,6050,5800,5850,1557800
11/11/2025,SHID,870,880,870,875,3100
11/11/2025,SHIP,5150,5300,5000,5250,41400
11/11/2025,SICO,132,133,131,131,2135600
11/11/2025,SIDO,550,555,545,555,34881600
11/11/2025,SIDODRCK6A,0,0,0,0,0
11/11/2025,SIDOHDCN6A,33,34,33,34,3203000
11/11/2025,SIDOZPCM6A,18,18,18,18,293200
11/11/2025,SILO,2360,2470,2350,2380,4674800
11/11/2025,SIMA,0,0,0,0,0
11/11/2025,SIMP,640,650,635,640,10237000
11/11/2025,SINI,7175,7175,6975,6975,287900
11/11/2025,SIPD,700,700,700,700,8400
11/11/2025,SKBM,505,505,484,490,114000
11/11/2025,SKLT,214,214,206,214,488700
11/11/2025,SKRN,760,775,745,750,1751400
11/11/2025,SKYB,0,0,0,0,0
11/11/2025,SLIS,80,81,78,80,21361500
11/11/2025,SLIS-W,14,15,13,14,3512600
11/11/2025,SMAR,5150,5175,5050,5075,146600
11/11/2025,SMBR,294,304,290,292,36945400
11/11/2025,SMCB,0,0,0,0,0
11/11/2025,SMDM,810,825,810,820,139600
11/11/2025,SMDR,308,310,302,304,21843100
11/11/2025,SMGA,112,112,106,109,58232800
11/11/2025,SMGR,2790,2800,2670,2690,8884000
11/11/2025,SMGRBQCX5B,19,21,16,18,1593100
11/11/2025,SMGRBQCZ5A,7,7,5,5,3963800
11/11/2025,SMGRDRCG6A,38,38,36,36,67300
11/11/2025,SMGRHDCZ5A,51,51,51,51,100
11/11/2025,SMGRZPCJ6A,0,0,0,0,0
11/11/2025,SMIL,472,474,460,470,132373800
11/11/2025,SMKL,186,188,170,171,3102300
11/11/2025,SMKM,158,158,152,154,19357300
11/11/2025,SMLE,298,302,294,302,2058700
11/11/2025,SMMA,13500,13500,13075,13075,8400
11/11/2025,SMMT,1705,1705,1580,1670,565900
11/11/2025,SMRA,396,398,392,394,26117200
11/11/2025,SMRADRCG6A,0,0,0,0,0
11/11/2025,SMRADRCJ6A,0,0,0,0,0
11/11/2025,SMRAHDCZ5A,0,0,0,0,0
11/11/2025,SMRAZPCH6A,35,35,35,35,100
11/11/2025,SMRU,0,0,0,0,0
11/11/2025,SMSM,1880,1880,1840,1860,2392300
11/11/2025,SNLK,406,414,404,406,9008000
11/11/2025,SOCI,212,212,206,208,6696600
11/11/2025,SOFA,274,286,264,276,10356200
11/11/2025,SOHO,0,0,0,0,0
11/11/2025,SOLA,135,135,132,133,4848000
11/11/2025,SONA,2580,2580,2460,2510,105800
11/11/2025,SOSS,845,870,845,870,42000
11/11/2025,SOTS,334,334,320,326,36900
11/11/2025,SOUL,81,82,78,82,1273500
11/11/2025,SPMA,274,284,274,282,3174800
11/11/2025,SPRE,132,132,119,119,12822400
11/11/2025,SPTO,675,675,665,670,655900
11/11/2025,SQMI,0,0,0,0,0
11/11/2025,SRAJ,11550,11825,11500,11800,132600
11/11/2025,SRIL,0,0,0,0,0
11/11/2025,SRSN,66,69,65,66,31707800
11/11/2025,SRTG,1680,1695,1650,1670,7841800
11/11/2025,SRTGDRCK6A,0,0,0,0,0
11/11/2025,SRTGHDCK6A,59,63,59,62,2427700
11/11/2025,SRTGZPCG6A,57,57,57,57,9600
11/11/2025,SRTGZPCK6A,30,30,28,28,300000
11/11/2025,SSIA,1715,1720,1640,1655,33692600
11/11/2025,SSMS,1640,1640,1590,1600,7270200
11/11/2025,SSTM,0,0,0,0,0
11/11/2025,STAA,1425,1425,1380,1405,21221700
11/11/2025,STAR,76,79,76,79,247300
11/11/2025,STRK,175,186,174,182,88736400
11/11/2025,STTP,10125,10150,9950,9950,8000
11/11/2025,SUGI,0,0,0,0,0
11/11/2025,SULI,135,139,130,130,1391100
11/11/2025,SUNI,805,805,790,800,453000
11/11/2025,SUPR,0,0,0,0,0
11/11/2025,SURE,2750,2750,2720,2730,6000
11/11/2025,SURI,102,103,100,100,15218600
11/11/2025,SWAT,0,0,0,0,0
11/11/2025,SWID,93,95,91,92,4071700
11/11/2025,TALF,620,635,535,535,1361100
11/11/2025,TAMA,30,30,30,30,6129700
11/11/2025,TAMU,29,29,29,29,17194100
11/11/2025,TAPG,1725,1730,1700,1710,11083200
11/11/2025,TAPGDRCG6A,0,0,0,0,0
11/11/2025,TAPGDRCJ6A,112,112,112,112,100
11/11/2025,TAPGHDCH6A,0,0,0,0,0
11/11/2025,TAPGZPCH6A,0,0,0,0,0
11/11/2025,TAPGZPCM6A,40,41,40,40,25600
11/11/2025,TARA,26,28,26,27,4003700
11/11/2025,TAXI,17,17,17,17,86556800
11/11/2025,TAYS,82,83,79,81,24302200
11/11/2025,TBIG,2210,2220,2160,2220,302300
11/11/2025,TBLA,745,745,725,730,7378200
11/11/2025,TBMS,1370,1370,1350,1370,24100
11/11/2025,TCID,3330,3330,3100,3120,11300
11/11/2025,TCPI,7975,7975,7325,7550,6896200
11/11/2025,TDPM,0,0,0,0,0
11/11/2025,TEBE,2370,2370,2230,2290,8970400
11/11/2025,TECH,0,0,0,0,0
11/11/2025,TELE,0,0,0,0,0
11/11/2025,TFAS,242,246,236,238,1473100
11/11/2025,TFCO,0,0,0,0,0
11/11/2025,TGKA,5300,5400,5275,5275,6600
11/11/2025,TGRA,0,0,0,0,0
11/11/2025,TGUK,0,0,0,0,0
11/11/2025,TIFA,412,432,404,416,21100
11/11/2025,TINS,3120,3180,3000,3020,65928200
11/11/2025,TIRA,1520,1525,1360,1405,477200
11/11/2025,TIRT,0,0,0,0,0
11/11/2025,TKIM,6950,6975,6850,6900,1190500
11/11/2025,TKIMDRCN6A,76,76,76,76,300100
11/11/2025,TKIMHDCJ6A,0,0,0,0,0
11/11/2025,TKIMZPCG6A,78,79,78,79,176400
11/11/2025,TKIMZPCK6A,0,0,0,0,0
11/11/2025,TLDN,730,735,710,720,1049700
11/11/2025,TLKM,3500,3530,3470,3520,63130300
11/11/2025,TLKMBQCG6A,0,0,0,0,0
11/11/2025,TLKMBQCJ6A,67,67,67,67,200
11/11/2025,TLKMDRCJ6A,93,93,91,91,600
11/11/2025,TLKMDRCX6A,0,0,0,0,0
11/11/2025,TLKMHDCJ6A,74,74,74,74,26300
11/11/2025,TLKMYUCK6A,0,0,0,0,0
11/11/2025,TLKMZPCF6A,117,117,117,117,25700
11/11/2025,TLKMZPCM6A,59,59,59,59,3400
11/11/2025,TMAS,130,131,129,130,2857400
11/11/2025,TMPO,170,170,160,166,3508800
11/11/2025,TNCA,240,240,234,240,590200
11/11/2025,TOBA,860,920,840,905,313111200
11/11/2025,TOOL,66,66,64,65,10879300
11/11/2025,TOPS,0,0,0,0,0
11/11/2025,TOSK,78,80,77,78,83937400
11/11/2025,TOTL,920,925,905,920,2026500
11/11/2025,TOTO,292,292,288,292,1034100
11/11/2025,TOWR,575,575,555,565,40527900
11/11/2025,TOWRDRCN6A,20,20,19,19,81000
11/11/2025,TOWRHDCK6A,31,31,25,26,210700
11/11/2025,TOYS,0,0,0,0,0
11/11/2025,TPIA,7050,7075,6950,7050,8503500
11/11/2025,TPMA,580,585,575,585,2916300
11/11/2025,TRAM,0,0,0,0,0
11/11/2025,TRGU,186,197,184,194,629900
11/11/2025,TRIL,0,0,0,0,0
11/11/2025,TRIM,675,695,630,630,2276600
11/11/2025,TRIN,400,486,398,440,25670500
11/11/2025,TRIN-W2,352,394,352,394,17500
11/11/2025,TRIO,0,0,0,0,0
11/11/2025,TRIS,199,218,192,198,6263700
11/11/2025,TRJA,157,161,152,157,853700
11/11/2025,TRON,74,79,73,78,28870200
11/11/2025,TRST,478,478,468,472,74800
11/11/2025,TRUE,116,116,108,108,28647500
11/11/2025,TRUK,368,370,350,352,1318200
11/11/2025,TRUS,432,446,430,436,22600
11/11/2025,TSPC,2870,2960,2840,2920,1585700
11/11/2025,TUGU,1020,1030,1015,1020,2477500
11/11/2025,TYRE,126,130,126,129,634200
11/11/2025,UANG,3380,3380,3380,3380,3035400
11/11/2025,UCID,442,446,438,444,1959200
11/11/2025,UDNG,4320,4690,4060,4510,1850900
11/11/2025,UFOE,186,186,180,182,1217200
11/11/2025,ULTJ,1510,1515,1440,1475,4620700
11/11/2025,UNIC,9625,9900,9225,9450,118000
11/11/2025,UNIQ,366,394,362,384,60423600
11/11/2025,UNIT,0,0,0,0,0
11/11/2025,UNSP,176,178,176,176,1773100
11/11/2025,UNTD,97,97,92,92,25488500
11/11/2025,UNTR,27975,28000,27775,27950,1783100
11/11/2025,UNTRDRCG6A,184,184,184,184,500
11/11/2025,UNTRHDCM6A,183,184,183,184,30000
11/11/2025,UNTRZPCJ6A,0,0,0,0,0
11/11/2025,UNVR,2560,2570,2460,2490,47905800
11/11/2025,UNVRBQCG6A,52,52,51,51,1300
11/11/2025,UNVRBQCK6A,0,0,0,0,0
11/11/2025,UNVRBQCZ5A,0,0,0,0,0
11/11/2025,UNVRDRCG6A,124,124,118,118,564600
11/11/2025,UNVRHDCM6A,0,0,0,0,0
11/11/2025,UNVRHDPG6A,18,19,17,19,152900
11/11/2025,UNVRZPCH6A,105,106,102,104,1073400
11/11/2025,UNVRZPCM6A,114,114,114,114,200000
11/11/2025,URBN,191,226,173,182,36520800
11/11/2025,UVCR,122,123,116,118,38700600
11/11/2025,VAST,144,146,138,142,598600
11/11/2025,VAST-W,13,13,12,13,212200
11/11/2025,VERN,119,120,117,118,753400
11/11/2025,VICI,630,630,625,630,72400
11/11/2025,VICO,184,187,184,184,250700
11/11/2025,VINS,156,158,153,154,344500
11/11/2025,VISI,202,208,191,202,12599700
11/11/2025,VIVA,28,29,28,29,8917700
11/11/2025,VKTR,362,438,362,430,222611500
11/11/2025,VOKS,280,280,266,272,113000
11/11/2025,VRNA,85,90,83,85,611400
11/11/2025,VTNY,93,94,92,93,17376600
11/11/2025,WAPO,187,187,181,185,5450900
11/11/2025,WEGE,66,67,64,65,13047900
11/11/2025,WEHA,106,107,104,106,730100
11/11/2025,WGSH,274,280,268,270,1339500
11/11/2025,WICO,0,0,0,0,0
11/11/2025,WIDI,41,45,41,44,12827400
11/11/2025,WIFI,3540,3590,3430,3440,87736100
11/11/2025,WIIM,1455,1475,1365,1425,12085200
11/11/2025,WIKA,0,0,0,0,0
11/11/2025,WINE,200,200,196,198,2578900
11/11/2025,WINR,38,38,38,38,15500900
11/11/2025,WINS,436,436,428,428,3273900
11/11/2025,WIRG,118,118,110,112,326007000
11/11/2025,WMPP,0,0,0,0,0
11/11/2025,WMUU,26,28,26,28,105468600
11/11/2025,WOMF,334,336,332,334,49400
11/11/2025,WOOD,440,446,432,436,5965100
11/11/2025,WOWS,76,77,74,76,25254600
11/11/2025,WSBP,22,22,22,22,69438900
11/11/2025,WSKT,0,0,0,0,0
11/11/2025,WTON,101,102,99,101,7158000
11/11/2025,XAQA,0,0,0,0,0
11/11/2025,XBES,0,0,0,0,0
11/11/2025,XBID,543,543,542,542,40900
11/11/2025,XBIG,0,0,0,0,0
11/11/2025,XBIN,609,609,609,609,40000
11/11/2025,XBLQ,0,0,0,0,0
11/11/2025,XBNI,0,0,0,0,0
11/11/2025,XBSK,464,464,464,464,40000
11/11/2025,XCEG,112,112,112,112,100
11/11/2025,XCID,57,58,56,58,342000
11/11/2025,XCIS,83,86,76,85,27200
11/11/2025,XCLQ,99,108,92,94,114700
11/11/2025,XDIF,535,555,478,479,5100
11/11/2025,XIFE,99,115,99,115,10300
11/11/2025,XIHD,698,698,666,666,20300
11/11/2025,XIIC,0,0,0,0,0
11/11/2025,XIID,533,533,522,522,5600
11/11/2025,XIIF,0,0,0,0,0
11/11/2025,XIIT,555,555,549,549,25900
11/11/2025,XIJI,690,694,690,690,6900
11/11/2025,XILV,135,135,121,128,5600
11/11/2025,XIML,280,280,280,280,100
11/11/2025,XIPB,204,245,196,196,7300
11/11/2025,XIPI,0,0,0,0,0
11/11/2025,XISB,0,0,0,0,0
11/11/2025,XISC,835,960,720,870,4600
11/11/2025,XISI,0,0,0,0,0
11/11/2025,XISR,455,455,455,455,400
11/11/2025,XKID,1004,1004,1004,1004,100
11/11/2025,XKIV,617,617,617,617,40000
11/11/2025,XKMS,1173,1178,1170,1178,200100
11/11/2025,XMGB,0,0,0,0,0
11/11/2025,XMIG,222,222,222,222,200000
11/11/2025,XMLF,926,926,921,924,41800
11/11/2025,XMSK,405,405,402,402,5200
11/11/2025,XNVE,0,0,0,0,0
11/11/2025,XPDV,575,795,575,730,14600
11/11/2025,XPFT,0,0,0,0,0
11/11/2025,XPIN,670,670,670,670,100
11/11/2025,XPLQ,540,540,470,470,1600
11/11/2025,XPSG,415,515,354,417,41300
11/11/2025,XPTD,0,0,0,0,0
11/11/2025,XSBC,108,108,107,107,10600
11/11/2025,XSPI,0,0,0,0,0
11/11/2025,XSSI,88,88,86,86,36400
11/11/2025,XSSK,720,720,720,720,20000
11/11/2025,YELO,73,73,71,71,11253300
11/11/2025,YOII,103,103,101,102,2302300
11/11/2025,YPAS,500,520,500,520,16600
11/11/2025,YULE,2660,2700,2610,2700,29300
11/11/2025,YUPI,1680,1700,1670,1680,34400
11/11/2025,ZATA,69,77,68,69,266826500
11/11/2025,ZBRA,0,0,0,0,0
11/11/2025,ZINC,30,30,30,30,12009600
11/11/2025,ZONE,545,560,540,555,16700
11/11/2025,ZYRX,155,156,153,154,2513600
