<date>,<ticker>,<open>,<high>,<low>,<close>,<volume>
11/4/2025,IHSG,8275.950,8317.080,8225.910,8241.911,27095252100
11/4/2025,AADI,8375,8450,8250,8275,8102200
11/4/2025,AADIDRCN6A,105,105,100,100,1227700
11/4/2025,AADIHDCK6A,109,109,102,104,356000
11/4/2025,AADIYUCK6A,338,338,338,338,7700
11/4/2025,AALI,7800,7800,7700,7725,1479700
11/4/2025,ABBA,62,62,58,58,2325400
11/4/2025,ABDA,2700,2700,2700,2700,200
11/4/2025,ABMM,3000,3020,2970,2980,1614900
11/4/2025,ACES,444,448,440,440,41163400
11/4/2025,ACESBQCX5B,4,4,2,3,3726600
11/4/2025,ACESBQCZ5A,12,12,12,12,30664100
11/4/2025,ACESDRCJ6A,11,12,11,11,209400
11/4/2025,ACESHDCZ5A,0,0,0,0,0
11/4/2025,ACESZPCJ6A,19,19,19,19,111500
11/4/2025,ACRO,89,90,87,87,4389500
11/4/2025,ACRO-W,8,8,7,8,1626100
11/4/2025,ACST,136,136,131,131,3681500
11/4/2025,ADCP,54,55,53,54,18206000
11/4/2025,ADES,15850,16000,15500,15800,30000
11/4/2025,ADHI,266,272,264,268,18951300
11/4/2025,ADMF,8950,8975,8875,8900,42800
11/4/2025,ADMG,148,156,147,151,2259300
11/4/2025,ADMR,1380,1395,1340,1390,47752300
11/4/2025,ADMRDRCJ6A,69,69,64,64,1121100
11/4/2025,ADMRHDCJ6A,105,105,101,102,251400
11/4/2025,ADMRZPCH6A,93,93,87,88,60700
11/4/2025,ADRO,1940,1955,1885,1905,97432000
11/4/2025,ADROBQCG6A,74,74,74,74,100
11/4/2025,ADROBQCZ5A,8,9,7,8,1594300
11/4/2025,ADRODRCJ6A,65,65,61,62,160300
11/4/2025,ADRODRCX5A,45,45,43,44,16800
11/4/2025,ADROHDCZ5A,54,54,50,50,129600
11/4/2025,ADROHDPH6A,76,80,75,80,52000
11/4/2025,ADROYUCZ5A,0,0,0,0,0
11/4/2025,ADROZPCF6A,0,0,0,0,0
11/4/2025,ADROZPCK6A,62,62,58,59,348000
11/4/2025,AEGS,69,74,63,63,141701100
11/4/2025,AGAR,238,258,234,240,240800
11/4/2025,AGII,1200,1215,1050,1100,5331500
11/4/2025,AGRO,230,232,224,224,16522700
11/4/2025,AGRS,70,71,69,70,6345700
11/4/2025,AHAP,90,90,87,87,13953200
11/4/2025,AIMS,390,392,376,390,703400
11/4/2025,AISA,144,148,143,146,8061100
11/4/2025,AKKU,48,48,48,48,15741600
11/4/2025,AKPI,590,590,580,580,13800
11/4/2025,AKRA,1255,1270,1240,1270,30699300
11/4/2025,AKRABQCX5B,19,19,18,19,50100
11/4/2025,AKRADRCX5A,25,30,25,30,183300
11/4/2025,AKRAHDCH6A,0,0,0,0,0
11/4/2025,AKRAZPCJ6A,0,0,0,0,0
11/4/2025,AKRAZPCM6A,39,39,38,38,600
11/4/2025,AKRAZPCX5A,0,0,0,0,0
11/4/2025,AKSI,392,394,368,382,580300
11/4/2025,ALDO,515,530,515,525,1001900
11/4/2025,ALII,550,565,550,555,10990600
11/4/2025,ALKA,366,366,344,362,58400
11/4/2025,ALMI,0,0,0,0,0
11/4/2025,ALTO,0,0,0,0,0
11/4/2025,AMAG,378,382,372,380,354900
11/4/2025,AMAN,141,167,141,153,22130400
11/4/2025,AMAR,228,232,220,226,786500
11/4/2025,AMFG,3640,3640,3510,3600,35500
11/4/2025,AMIN,266,266,256,258,196200
11/4/2025,AMMN,7025,7100,6925,6950,20620100
11/4/2025,AMMNBQCZ5A,8,8,7,8,227800
11/4/2025,AMMNDRCJ6A,39,40,38,38,506500
11/4/2025,AMMNHDCH6A,0,0,0,0,0
11/4/2025,AMMNZPCG6A,23,23,22,23,622200
11/4/2025,AMMS,0,0,0,0,0
11/4/2025,AMOR,418,418,416,418,83500
11/4/2025,AMRT,1925,1955,1890,1900,85938300
11/4/2025,AMRTBQCH6A,20,20,20,20,25000
11/4/2025,AMRTDRCZ5A,15,15,13,13,4894500
11/4/2025,AMRTHDCJ6A,10,11,8,9,23995500
11/4/2025,AMRTZPCK6A,17,17,15,15,98000
11/4/2025,AMRTZPCX5A,15,15,14,14,200
11/4/2025,ANDI,25,25,24,24,4910900
11/4/2025,ANJT,2190,2190,2100,2140,751200
11/4/2025,ANTM,3110,3110,2960,2960,173682100
11/4/2025,ANTMBQCX5A,18,18,16,17,94100
11/4/2025,ANTMBQCZ5A,0,0,0,0,0
11/4/2025,ANTMDRCG6A,35,36,31,32,381300
11/4/2025,ANTMDRCG6B,47,48,41,44,54700
11/4/2025,ANTMDRCX5A,0,0,0,0,0
11/4/2025,ANTMDRPZ5A,27,27,27,27,800
11/4/2025,ANTMHDCH6A,67,67,63,63,82300
11/4/2025,ANTMHDCH6B,109,109,109,109,300200
11/4/2025,ANTMHDPH6A,63,68,63,68,210900
11/4/2025,ANTMZPCJ6A,63,64,57,57,303300
11/4/2025,ANTMZPCK6A,26,26,22,23,120200
11/4/2025,ANTMZPCX5A,157,157,154,154,3006200
11/4/2025,APEX,135,138,132,133,24581900
11/4/2025,APIC,1140,1140,1125,1140,3836800
11/4/2025,APII,193,193,190,190,767900
11/4/2025,APLI,458,464,444,458,22100
11/4/2025,APLN,99,99,98,98,2356000
11/4/2025,ARCI,1195,1205,1135,1160,80985500
11/4/2025,AREA,555,560,550,555,1239300
11/4/2025,ARGO,1115,1200,1020,1020,655400
11/4/2025,ARII,282,286,270,272,598200
11/4/2025,ARKA,28,28,28,28,1577600
11/4/2025,ARKO,1605,1625,1590,1590,181800
11/4/2025,ARMY,0,0,0,0,0
11/4/2025,ARNA,550,555,545,550,2516700
11/4/2025,ARTA,3250,3250,3080,3220,1000
11/4/2025,ARTI,0,0,0,0,0
11/4/2025,ARTO,2200,2250,2110,2130,17238100
11/4/2025,ARTOBQCX5B,76,76,76,76,100
11/4/2025,ARTOBQCZ5A,10,10,7,8,5970700
11/4/2025,ARTODRCK6A,67,67,66,66,1011600
11/4/2025,ARTODRCX5A,49,49,49,49,500000
11/4/2025,ARTOHDCN6A,58,58,57,57,200
11/4/2025,ARTOHDCZ5A,0,0,0,0,0
11/4/2025,ARTOZPCK6A,47,47,44,44,2819700
11/4/2025,ARTOZPCX5A,0,0,0,0,0
11/4/2025,ASBI,488,494,460,474,30500
11/4/2025,ASDM,600,600,585,590,277900
11/4/2025,ASGR,1215,1215,1185,1195,395100
11/4/2025,ASHA,45,45,45,45,3560100
11/4/2025,ASII,6300,6375,6250,6300,62249200
11/4/2025,ASIIBQCZ5A,140,149,140,147,1800
11/4/2025,ASIIDRCX5A,0,0,0,0,0
11/4/2025,ASIIDRCX6A,0,0,0,0,0
11/4/2025,ASIIHDCZ5A,0,0,0,0,0
11/4/2025,ASIIZPCJ6A,153,153,153,153,7000
11/4/2025,ASIIZPCM6A,41,42,40,40,76700
11/4/2025,ASJT,129,129,125,126,343900
11/4/2025,ASLC,100,101,90,91,233257900
11/4/2025,ASLI,192,192,165,169,107105600
11/4/2025,ASMI,25,25,25,25,611400
11/4/2025,ASPI,890,890,775,775,437500
11/4/2025,ASPR,100,102,99,99,2611700
11/4/2025,ASRI,166,167,163,163,16502500
11/4/2025,ASRM,344,350,342,344,38900
11/4/2025,ASSA,1120,1135,1070,1110,9067100
11/4/2025,ATAP,88,88,84,84,389400
11/4/2025,ATIC,690,780,660,780,12071100
11/4/2025,ATLA,65,66,63,64,60369600
11/4/2025,AUTO,2670,2700,2610,2660,4415800
11/4/2025,AUTODRCV6A,83,83,78,78,5400
11/4/2025,AUTOHDCN6A,47,47,44,45,6900
11/4/2025,AUTOZPCJ6A,40,40,40,40,100
11/4/2025,AVIA,416,424,416,420,37574800
11/4/2025,AVIADRCV6A,60,60,59,60,174000
11/4/2025,AVIAHDCN6A,32,32,32,32,100100
11/4/2025,AVIAZPCJ6A,14,15,14,14,278400
11/4/2025,AWAN,240,240,228,234,17016300
11/4/2025,AXIO,125,125,123,124,650900
11/4/2025,AYAM,178,181,176,178,149232600
11/4/2025,AYLS,0,0,0,0,0
11/4/2025,BABP,54,54,52,54,6102100
11/4/2025,BABY,492,535,480,480,19092700
11/4/2025,BACA,139,140,138,139,376600
11/4/2025,BAIK,99,101,98,99,509000
11/4/2025,BAIK-W,8,9,8,9,361400
11/4/2025,BAJA,161,165,155,156,12339200
11/4/2025,BALI,1250,1250,1210,1245,8200
11/4/2025,BANK,885,895,875,880,3300400
11/4/2025,BANK-W,0,0,0,0,0
11/4/2025,BAPA,66,77,65,70,69530000
11/4/2025,BAPI,21,21,21,21,3722600
11/4/2025,BATA,68,73,68,73,2093700
11/4/2025,BATR,108,110,107,107,810100
11/4/2025,BAUT,40,40,39,39,1719400
11/4/2025,BAYU,1335,1345,1330,1345,92200
11/4/2025,BBCA,8650,8700,8625,8650,155231500
11/4/2025,BBCABQCG6A,88,88,86,87,7320200
11/4/2025,BBCABQCX5A,4,4,3,3,12079400
11/4/2025,BBCADRCF6A,38,39,37,37,8869400
11/4/2025,BBCADRCX6A,0,0,0,0,0
11/4/2025,BBCAHDCQ7A,76,78,76,76,256900
11/4/2025,BBCAYUCK6A,208,212,208,212,2900
11/4/2025,BBCAZPCF6A,25,26,24,26,3128400
11/4/2025,BBCAZPCH6A,92,92,90,91,67200
11/4/2025,BBCAZPCN6A,67,68,66,67,723700
11/4/2025,BBHI,1495,1495,1475,1480,428200
11/4/2025,BBKP,67,67,66,67,150981700
11/4/2025,BBLD,895,915,895,910,4700
11/4/2025,BBMD,2090,2090,2090,2090,100
11/4/2025,BBNI,4430,4510,4430,4450,73342900
11/4/2025,BBNIBQCG6A,75,75,75,75,200
11/4/2025,BBNIDRCX6A,2500,2520,2500,2520,200
11/4/2025,BBNIDRCZ5A,48,50,48,50,50100
11/4/2025,BBNIDRPZ5A,36,36,35,36,24000
11/4/2025,BBNIHDCQ7A,92,93,91,92,7300
11/4/2025,BBNIZPCH6A,100,101,99,100,15500
11/4/2025,BBNIZPCX5A,0,0,0,0,0
11/4/2025,BBRI,4030,4050,3970,3970,241154700
11/4/2025,BBRIBQCJ6A,51,51,51,51,24800
11/4/2025,BBRIBQCZ5A,33,33,32,32,54500
11/4/2025,BBRIDRCG6A,89,89,86,86,41000
11/4/2025,BBRIDRCN6A,0,0,0,0,0
11/4/2025,BBRIDRCX5A,0,0,0,0,0
11/4/2025,BBRIDRCX6A,2270,2270,2270,2270,1000
11/4/2025,BBRIDRPZ5A,0,0,0,0,0
11/4/2025,BBRIHDCH6A,105,105,105,105,5000
11/4/2025,BBRIHDCQ7A,89,91,86,86,101000
11/4/2025,BBRIZPCH6A,83,83,79,80,409400
11/4/2025,BBRIZPCN6A,71,71,67,68,75100
11/4/2025,BBRIZPCX5A,52,52,52,52,100
11/4/2025,BBRM,89,89,86,86,4112400
11/4/2025,BBSI,3990,4090,3940,4000,6700
11/4/2025,BBSS,348,358,342,350,244000
11/4/2025,BBTN,1215,1225,1205,1215,39577400
11/4/2025,BBTNDRCV6A,0,0,0,0,0
11/4/2025,BBTNHDCZ5A,71,71,71,71,100
11/4/2025,BBTNYUCZ5A,51,53,51,53,72000
11/4/2025,BBTNZPCG6A,35,36,35,36,100100
11/4/2025,BBYB,402,412,398,406,158723000
11/4/2025,BCAP,55,56,54,56,20552900
11/4/2025,BCIC,142,142,141,141,262700
11/4/2025,BCIP,113,120,112,118,51463100
11/4/2025,BDKR,171,173,167,169,14914100
11/4/2025,BDMN,2550,2570,2530,2540,1649900
11/4/2025,BEBS,0,0,0,0,0
11/4/2025,BEEF,530,545,490,500,17955000
11/4/2025,BEER,126,129,124,125,1647900
11/4/2025,BEKS,27,27,27,27,7992700
11/4/2025,BELI,380,404,380,398,1833100
11/4/2025,BELL,65,67,64,65,15803100
11/4/2025,BESS,1600,1600,1555,1560,21200
11/4/2025,BEST,111,112,108,109,21458400
11/4/2025,BFIN,795,800,785,785,20724400
11/4/2025,BFINDRCK6A,0,0,0,0,0
11/4/2025,BFINHDCM6A,0,0,0,0,0
11/4/2025,BFINZPCM6A,0,0,0,0,0
11/4/2025,BGTG,115,115,111,111,19186400
11/4/2025,BHAT,990,1000,990,990,2122300
11/4/2025,BHIT,32,33,32,32,4737300
11/4/2025,BIKA,0,0,0,0,0
11/4/2025,BIKE,925,930,910,915,4871400
11/4/2025,BIMA,75,75,75,75,34700
11/4/2025,BINA,4500,4510,4500,4510,5600
11/4/2025,BINO,128,129,127,128,684600
11/4/2025,BIPI,81,82,80,81,295137000
11/4/2025,BIPP,44,44,43,43,245500
11/4/2025,BIRD,1790,1790,1750,1750,4129900
11/4/2025,BISI,920,925,910,915,277500
11/4/2025,BJBR,810,815,800,810,3390100
11/4/2025,BJTM,545,550,545,545,8267000
11/4/2025,BKDP,39,39,38,38,703400
11/4/2025,BKSL,117,117,113,114,147699800
11/4/2025,BKSW,64,64,62,63,4703900
11/4/2025,BLES,163,165,160,160,4593600
11/4/2025,BLOG,505,505,496,500,1546600
11/4/2025,BLTA,30,30,30,30,2164700
11/4/2025,BLTZ,0,0,0,0,0
11/4/2025,BLUE,1965,1965,1965,1965,60900
11/4/2025,BMAS,680,725,665,665,42100
11/4/2025,BMBL,44,44,43,44,2316100
11/4/2025,BMHS,159,159,155,156,1081700
11/4/2025,BMRI,4760,4790,4720,4730,136412400
11/4/2025,BMRIBQCJ6A,0,0,0,0,0
11/4/2025,BMRIBQCZ5A,12,12,10,10,23288200
11/4/2025,BMRIDRCG6A,111,111,110,110,20300
11/4/2025,BMRIDRCX5A,32,32,31,31,200
11/4/2025,BMRIDRCX6A,2270,2270,2270,2270,100
11/4/2025,BMRIHDCQ7A,90,90,88,89,12200
11/4/2025,BMRIYUCK6A,137,137,137,137,100
11/4/2025,BMRIZPCH6A,54,54,52,52,195600
11/4/2025,BMRIZPCX5A,16,16,16,16,602600
11/4/2025,BMSR,314,314,308,314,90700
11/4/2025,BMTR,140,144,140,142,26098300
11/4/2025,BNBA,620,620,610,615,45600
11/4/2025,BNBR,40,40,40,40,4264900
11/4/2025,BNGA,1750,1755,1730,1730,3500500
11/4/2025,BNGADRCK6A,0,0,0,0,0
11/4/2025,BNGAZPCH6A,0,0,0,0,0
11/4/2025,BNII,206,206,202,202,828000
11/4/2025,BNLI,5300,5300,5250,5250,21900
11/4/2025,BOAT,122,122,119,121,2416900
11/4/2025,BOBA,208,210,195,202,299400
11/4/2025,BOGA,492,492,486,490,1112500
11/4/2025,BOLA,182,193,179,180,1537500
11/4/2025,BOLT,1120,1130,1115,1130,17000
11/4/2025,BOSS,0,0,0,0,0
11/4/2025,BPFI,328,336,316,322,32300
11/4/2025,BPII,555,560,550,550,164100
11/4/2025,BPTR,91,93,89,92,176100
11/4/2025,BRAM,5025,5075,5000,5050,2300
11/4/2025,BREN,9400,9750,9175,9225,55631300
11/4/2025,BRIS,2540,2560,2510,2510,14220900
11/4/2025,BRISBQCZ5A,0,0,0,0,0
11/4/2025,BRISDRCJ6A,0,0,0,0,0
11/4/2025,BRISHDCH6A,42,42,42,42,1200
11/4/2025,BRISHDCZ5A,0,0,0,0,0
11/4/2025,BRISZPCG6A,32,32,31,31,20100
11/4/2025,BRMS,960,975,910,930,777323100
11/4/2025,BRMSBQCZ5A,244,250,228,228,228100
11/4/2025,BRMSDRCG6A,47,47,39,41,17245100
11/4/2025,BRMSDRCJ6A,176,176,159,165,2451000
11/4/2025,BRMSDRPX5A,1,2,1,1,36196100
11/4/2025,BRMSHDCH6A,0,0,0,0,0
11/4/2025,BRMSHDCZ5A,0,0,0,0,0
11/4/2025,BRMSZPCG6A,274,276,258,268,115300
11/4/2025,BRMSZPCN6A,46,46,41,41,170900
11/4/2025,BRNA,725,755,695,700,192800
11/4/2025,BRPT,3670,3730,3500,3500,166746500
11/4/2025,BRPTBQCX5B,266,290,232,290,79000
11/4/2025,BRPTBQCZ5A,1370,1370,1370,1370,100
11/4/2025,BRPTDRCF6A,392,392,364,364,201700
11/4/2025,BRPTDRCJ6A,232,232,212,212,186600
11/4/2025,BRPTDRCX5A,458,458,438,438,1400
11/4/2025,BRPTHDCH6A,0,0,0,0,0
11/4/2025,BRPTHDCH6B,0,0,0,0,0
11/4/2025,BRPTHDPG6A,68,73,63,73,268600
11/4/2025,BRPTYUCZ5A,0,0,0,0,0
11/4/2025,BRPTZPCF6A,476,476,476,476,700
11/4/2025,BRPTZPCK6A,84,85,78,79,540300
11/4/2025,BRPTZPCN6A,92,95,86,87,2569300
11/4/2025,BRPTZPCX5A,590,590,590,590,500
11/4/2025,BRRC,135,153,131,144,399846200
11/4/2025,BRRC-W,20,24,18,20,146888700
11/4/2025,BSBK,70,71,68,69,32016900
11/4/2025,BSDE,965,970,955,955,10389500
11/4/2025,BSDEBQCK6A,0,0,0,0,0
11/4/2025,BSDEDRCG6A,0,0,0,0,0
11/4/2025,BSDEDRCJ6A,0,0,0,0,0
11/4/2025,BSDEHDCM6A,30,30,30,30,9300
11/4/2025,BSDEZPCH6A,43,43,43,43,10300
11/4/2025,BSDEZPCN6A,30,30,29,29,41300
11/4/2025,BSIM,890,905,875,880,14100
11/4/2025,BSML,186,187,172,185,37983500
11/4/2025,BSSR,3970,4150,3970,4100,3800800
11/4/2025,BSWD,0,0,0,0,0
11/4/2025,BTEK,12,12,12,12,191070200
11/4/2025,BTEL,0,0,0,0,0
11/4/2025,BTON,386,390,380,388,9400
11/4/2025,BTPN,2220,2290,2130,2130,50300
11/4/2025,BTPS,1390,1390,1360,1370,4579400
11/4/2025,BTPSDRCK6A,0,0,0,0,0
11/4/2025,BTPSHDCJ6A,0,0,0,0,0
11/4/2025,BTPSZPCH6A,0,0,0,0,0
11/4/2025,BUAH,730,730,710,710,1434600
11/4/2025,BUDI,228,228,220,224,501600
11/4/2025,BUKA,169,170,166,167,85572100
11/4/2025,BUKABQCZ5B,12,12,12,12,31444900
11/4/2025,BUKADRCK6A,16,16,14,16,1277800
11/4/2025,BUKAHDCZ5A,0,0,0,0,0
11/4/2025,BUKAZPCM6A,36,36,36,36,58600
11/4/2025,BUKK,980,1000,960,975,93900
11/4/2025,BULL,218,228,206,214,202561800
11/4/2025,BUMI,141,146,139,140,2482810900
11/4/2025,BUVA,785,815,715,750,229953900
11/4/2025,BVIC,100,101,98,98,6565000
11/4/2025,BVIC-W,17,21,15,18,248300
11/4/2025,BWPT,144,146,138,140,184576300
11/4/2025,BYAN,18150,18150,17950,18050,16100
11/4/2025,CAKK,179,181,176,177,257300
11/4/2025,CAMP,220,222,218,220,3052600
11/4/2025,CANI,43,44,42,42,135200
11/4/2025,CARE,324,334,322,326,24967500
11/4/2025,CARS,136,137,132,133,7474500
11/4/2025,CASA,1090,1110,1090,1095,4616500
11/4/2025,CASH,94,102,92,102,4967600
11/4/2025,CASS,2820,2840,2740,2830,150100
11/4/2025,CBDK,6275,6275,6100,6150,2871900
11/4/2025,CBMF,0,0,0,0,0
11/4/2025,CBPE,272,280,258,268,447800
11/4/2025,CBRE,1260,1265,1110,1170,134899400
11/4/2025,CBUT,1320,1335,1295,1320,29100
11/4/2025,CCSI,360,360,344,354,426500
11/4/2025,CDIA,1855,1870,1770,1785,145128700
11/4/2025,CEKA,2500,2510,2500,2510,7300
11/4/2025,CENT,135,138,133,133,9904300
11/4/2025,CFIN,320,320,314,318,1800700
11/4/2025,CGAS,144,155,143,149,22504800
11/4/2025,CHEK,187,188,184,187,5861500
11/4/2025,CHEM,89,101,89,96,78428200
11/4/2025,CHIP,1320,1365,1305,1355,172000
11/4/2025,CINT,155,206,155,206,22190400
11/4/2025,CITA,4790,4880,4700,4800,361300
11/4/2025,CITY,163,208,157,181,60202500
11/4/2025,CLAY,2790,2810,2660,2800,138000
11/4/2025,CLEO,530,535,515,515,8299000
11/4/2025,CLPI,1450,1450,1435,1440,300700
11/4/2025,CMNP,1430,1460,1380,1415,1334600
11/4/2025,CMNP-W,440,440,332,338,61400
11/4/2025,CMNT,770,770,760,770,28401500
11/4/2025,CMPP,97,97,95,95,124100
11/4/2025,CMRY,5500,5700,5400,5525,11455600
11/4/2025,CMRYDRCK6A,0,0,0,0,0
11/4/2025,CMRYHDCN6A,0,0,0,0,0
11/4/2025,CMRYZPCJ6A,57,57,57,57,500
11/4/2025,CNKO,79,79,68,68,33085400
11/4/2025,CNMA,120,121,118,119,38200400
11/4/2025,CNTB,0,0,0,0,0
11/4/2025,CNTX,0,0,0,0,0
11/4/2025,COAL,57,57,56,56,3437200
11/4/2025,COCO,414,428,398,406,123832800
11/4/2025,COIN,2500,2720,2430,2510,62030100
11/4/2025,COWL,0,0,0,0,0
11/4/2025,CPIN,4780,4820,4720,4730,9822600
11/4/2025,CPINDRCG6A,63,64,63,64,8300
11/4/2025,CPINHDCN6A,69,69,68,68,17100
11/4/2025,CPINZPCJ6A,39,40,39,40,4100
11/4/2025,CPINZPCN6A,50,50,50,50,10000
11/4/2025,CPRI,0,0,0,0,0
11/4/2025,CPRO,62,63,60,61,156277400
11/4/2025,CRAB,286,292,284,290,2309500
11/4/2025,CRSN,110,111,107,110,430800
11/4/2025,CSAP,322,326,322,324,144400
11/4/2025,CSIS,244,252,238,242,8479800
11/4/2025,CSMI,272,276,256,256,17689200
11/4/2025,CSRA,850,860,830,840,1153700
11/4/2025,CTBN,5000,5025,5000,5025,200
11/4/2025,CTRA,895,905,890,890,16822800
11/4/2025,CTRADRCJ6A,13,13,13,13,1000000
11/4/2025,CTRAHDCK6A,0,0,0,0,0
11/4/2025,CTRAYUCZ5A,35,35,29,29,3600
11/4/2025,CTRAZPCG6A,0,0,0,0,0
11/4/2025,CTTH,87,87,85,85,2335300
11/4/2025,CUAN,2100,2160,2000,2050,142416900
11/4/2025,CYBR,1380,1430,1375,1420,14629000
11/4/2025,CYBR-W,1000,1350,975,990,455000
11/4/2025,DAAZ,2630,2640,2530,2540,442700
11/4/2025,DADA,50,50,50,50,5367600
11/4/2025,DART,166,167,163,165,77400
11/4/2025,DATA,5300,5300,5025,5075,7357500
11/4/2025,DAYA,1265,1290,1235,1270,16100
11/4/2025,DCII,260400,260700,260400,260525,1700
11/4/2025,DEAL,0,0,0,0,0
11/4/2025,DEFI,0,0,0,0,0
11/4/2025,DEPO,272,276,266,270,175900
11/4/2025,DEWA,336,340,320,334,359227000
11/4/2025,DEWI,116,118,114,116,38820200
11/4/2025,DFAM,75,76,72,73,3443000
11/4/2025,DGIK,97,98,95,96,3214500
11/4/2025,DGNS,147,147,142,143,576500
11/4/2025,DGWG,416,418,412,414,7596300
11/4/2025,DIGI,33,34,33,33,2491800
11/4/2025,DILD,132,132,129,130,12154800
11/4/2025,DIVA,204,208,189,192,6188400
11/4/2025,DKFT,740,745,725,735,11190800
11/4/2025,DKHH,86,86,84,84,6136100
11/4/2025,DKHH-W,16,17,16,17,3535800
11/4/2025,DLTA,2120,2120,2080,2110,139700
11/4/2025,DMAS,133,134,132,133,32078300
11/4/2025,DMMX,390,398,376,388,5005600
11/4/2025,DMND,625,625,600,615,223400
11/4/2025,DNAR,120,121,117,120,1207600
11/4/2025,DNET,8850,9000,8850,9000,13700
11/4/2025,DOID,342,342,334,336,3130600
11/4/2025,DOOH,139,142,135,136,105041900
11/4/2025,DOSS,149,152,146,148,2235200
11/4/2025,DPNS,0,0,0,0,0
11/4/2025,DPUM,61,64,58,60,3719000
11/4/2025,DRMA,1065,1070,1035,1050,902100
11/4/2025,DSFI,84,85,83,84,1077100
11/4/2025,DSNG,1785,1835,1710,1770,30516700
11/4/2025,DSNGDRCK6A,0,0,0,0,0
11/4/2025,DSNGHDCK6A,104,104,104,104,10000
11/4/2025,DSNGZPCM6A,0,0,0,0,0
11/4/2025,DSSA,87500,92375,86750,92000,2758600
11/4/2025,DUCK,0,0,0,0,0
11/4/2025,DUTI,4310,4310,4310,4310,100
11/4/2025,DVLA,1660,1660,1650,1655,64900
11/4/2025,DWGL,398,426,370,386,56896900
11/4/2025,DYAN,90,91,88,90,4800200
11/4/2025,EAST,92,94,92,93,1300100
11/4/2025,ECII,181,183,179,179,264200
11/4/2025,EDGE,4330,4400,4250,4290,30100
11/4/2025,EKAD,184,186,184,185,508600
11/4/2025,ELIT,181,182,178,179,4666300
11/4/2025,ELPI,525,535,515,530,2602100
11/4/2025,ELSA,535,575,530,535,241585200
11/4/2025,ELSADRCG6A,31,37,31,33,1838800
11/4/2025,ELSADRCJ6A,43,43,38,39,57300
11/4/2025,ELSAHDCK6A,43,52,42,43,1094600
11/4/2025,ELSAZPCG6A,37,44,34,34,486300
11/4/2025,ELSAZPCN6A,27,28,26,26,129700
11/4/2025,ELTY,19,20,19,19,41165000
11/4/2025,EMAS,4100,4130,4040,4040,8508000
11/4/2025,EMDE,96,96,93,94,1278500
11/4/2025,EMTK,1200,1200,1160,1165,81420300
11/4/2025,EMTKBQCH6A,25,25,24,25,68300
11/4/2025,EMTKBQCZ5A,332,332,332,332,500
11/4/2025,EMTKDRCK6A,50,51,48,51,394900
11/4/2025,EMTKHDCK6A,64,65,60,60,155200
11/4/2025,EMTKHDCZ5A,232,232,226,226,400
11/4/2025,EMTKZPCH6A,144,144,139,139,273200
11/4/2025,EMTKZPCM6A,41,42,40,41,1201500
11/4/2025,ENAK,700,700,690,700,2452000
11/4/2025,ENRG,890,890,820,850,163149400
11/4/2025,ENRGBQCZ5A,55,55,55,55,400
11/4/2025,ENRGDRCG6A,26,27,20,27,6527100
11/4/2025,ENRGDRCJ6A,150,150,140,143,175000
11/4/2025,ENRGHDCK6A,77,77,72,72,19800
11/4/2025,ENRGHDCZ5A,0,0,0,0,0
11/4/2025,ENRGZPCG6A,0,0,0,0,0
11/4/2025,ENRGZPCK6A,0,0,0,0,0
11/4/2025,ENVY,0,0,0,0,0
11/4/2025,ENZO,39,40,39,40,526500
11/4/2025,EPAC,21,21,20,21,1979500
11/4/2025,EPMT,2350,2350,2330,2350,26300
11/4/2025,ERAA,420,426,420,420,30760400
11/4/2025,ERAABQCZ5A,6,6,6,6,94700
11/4/2025,ERAADRCJ6A,7,8,7,7,15010000
11/4/2025,ERAAHDCZ5A,0,0,0,0,0
11/4/2025,ERAAZPCH6A,15,16,15,16,2496600
11/4/2025,ERAL,288,292,284,290,8133300
11/4/2025,ERTX,171,173,167,169,658000
11/4/2025,ESIP,124,124,108,114,6902100
11/4/2025,ESSA,635,640,615,615,23638000
11/4/2025,ESSABQCZ5A,26,27,26,26,40000
11/4/2025,ESSADRCN6A,0,0,0,0,0
11/4/2025,ESSAHDCH6A,48,48,46,46,2200
11/4/2025,ESSAYUCZ5A,27,27,26,26,664500
11/4/2025,ESSAZPCK6A,18,18,16,16,142500
11/4/2025,ESTA,222,226,210,218,11027400
11/4/2025,ESTI,131,131,125,127,682300
11/4/2025,ETWA,0,0,0,0,0
11/4/2025,EURO,340,362,340,358,55400
11/4/2025,EXCL,2700,2760,2700,2730,24451800
11/4/2025,EXCLHDCJ6A,30,32,30,32,557000
11/4/2025,EXCLZPCF6A,63,64,61,64,202700
11/4/2025,EXCLZPCM6A,33,33,33,33,400
11/4/2025,EXCLZPCN6A,36,38,36,38,35400
11/4/2025,FAPA,6200,6200,6150,6175,8800
11/4/2025,FAST,690,730,640,650,33176100
11/4/2025,FASW,0,0,0,0,0
11/4/2025,FILM,5800,5950,5550,5775,8229200
11/4/2025,FIMP,0,0,0,0,0
11/4/2025,FIRE,83,85,81,82,5525500
11/4/2025,FISH,1900,1930,1800,1850,86200
11/4/2025,FITT,1025,1100,995,1050,885300
11/4/2025,FLMC,206,208,193,196,4102500
11/4/2025,FMII,360,366,354,358,7400
11/4/2025,FOLK,280,290,272,282,3964800
11/4/2025,FOOD,376,376,374,374,1130300
11/4/2025,FORE,515,520,510,510,3566400
11/4/2025,FORU,1240,1260,1155,1190,312800
11/4/2025,FPNI,320,320,310,320,30411700
11/4/2025,FUJI,740,745,710,720,930600
11/4/2025,FUTR,705,715,680,690,44943600
11/4/2025,FWCT,145,145,140,144,8111900
11/4/2025,GAMA,0,0,0,0,0
11/4/2025,GDST,116,121,114,119,7067900
11/4/2025,GDYR,1110,1125,1105,1120,212600
11/4/2025,GEMA,88,90,86,87,3907300
11/4/2025,GEMS,9050,9075,9000,9025,52000
11/4/2025,GGRM,16725,17825,16300,17650,7179400
11/4/2025,GGRMZPCG6A,199,232,195,232,7787600
11/4/2025,GGRP,206,208,204,206,255600
11/4/2025,GHON,1705,1705,1685,1700,3200
11/4/2025,GIAA,117,117,115,115,65950300
11/4/2025,GJTL,1050,1050,1030,1035,4321500
11/4/2025,GJTLZPCJ6A,22,22,20,21,1348900
11/4/2025,GLOB,0,0,0,0,0
11/4/2025,GLVA,360,366,348,348,60700
11/4/2025,GMFI,86,86,86,86,16675800
11/4/2025,GMTD,2230,2260,2200,2230,2900
11/4/2025,GOLD,300,314,294,296,109300
11/4/2025,GOLF,204,206,198,200,2036500
11/4/2025,GOLL,0,0,0,0,0
11/4/2025,GOOD,368,368,362,364,278100
11/4/2025,GOTO,59,60,57,57,2872514200
11/4/2025,GOTOBQCJ6A,9,9,7,7,418300
11/4/2025,GOTOBQCZ5A,4,4,2,3,10126500
11/4/2025,GOTODRCG6A,7,8,6,7,3167200
11/4/2025,GOTOHDCK6A,16,16,15,15,83000
11/4/2025,GOTOM,0,0,0,0,0
11/4/2025,GOTOZPCH6A,22,22,22,22,92700
11/4/2025,GOTOZPCK6A,12,12,12,12,21500
11/4/2025,GPRA,131,136,130,131,15616400
11/4/2025,GPSO,815,865,790,825,6196700
11/4/2025,GRIA,102,103,99,101,4101600
11/4/2025,GRPH,64,65,63,63,4631600
11/4/2025,GRPM,61,63,60,62,861600
11/4/2025,GRPM-W,15,16,14,16,7098600
11/4/2025,GSMF,99,124,93,96,145896100
11/4/2025,GTBO,210,220,202,206,255500
11/4/2025,GTRA,296,350,296,350,32277800
11/4/2025,GTSI,127,129,122,123,89323800
11/4/2025,GULA,420,420,400,400,1209600
11/4/2025,GUNA,272,276,268,272,1240800
11/4/2025,GWSA,149,152,141,145,334600
11/4/2025,GZCO,282,288,274,278,49746400
11/4/2025,HADE,24,24,22,22,2346600
11/4/2025,HAIS,214,216,210,210,3244000
11/4/2025,HAJJ,120,122,117,119,11921900
11/4/2025,HAJJ-W,16,18,15,16,8191200
11/4/2025,HALO,113,134,103,104,277326500
11/4/2025,HALO-W,14,16,13,15,35081900
11/4/2025,HATM,274,276,272,274,30426500
11/4/2025,HBAT,200,210,183,197,2369500
11/4/2025,HDFA,152,198,145,151,19601000
11/4/2025,HDIT,47,50,47,47,4108800
11/4/2025,HEAL,1505,1515,1475,1515,9089100
11/4/2025,HEALBQCZ5A,13,13,12,13,17911300
11/4/2025,HEALDRCJ6A,0,0,0,0,0
11/4/2025,HEALHDCH6A,0,0,0,0,0
11/4/2025,HEALYUCZ5A,0,0,0,0,0
11/4/2025,HEALZPCH6A,0,0,0,0,0
11/4/2025,HEALZPCN6A,37,37,37,37,20000
11/4/2025,HELI,240,246,240,246,460600
11/4/2025,HERO,570,570,540,545,116100
11/4/2025,HEXA,4670,4670,4650,4670,133600
11/4/2025,HGII,159,159,156,159,7435400
11/4/2025,HILL,167,167,161,161,1454300
11/4/2025,HITS,0,0,0,0,0
11/4/2025,HKMU,0,0,0,0,0
11/4/2025,HMSP,875,925,865,910,326566100
11/4/2025,HOKI,75,76,74,75,46583000
11/4/2025,HOME,0,0,0,0,0
11/4/2025,HOMI,442,448,410,448,2895200
11/4/2025,HOPE,120,125,116,122,19506100
11/4/2025,HOTL,0,0,0,0,0
11/4/2025,HRME,40,40,39,39,88800
11/4/2025,HRTA,1255,1260,1195,1215,27518700
11/4/2025,HRUM,1110,1120,1075,1080,26464800
11/4/2025,HRUMDRCN6A,41,41,40,40,5189900
11/4/2025,HRUMHDCK6A,50,50,48,48,1183100
11/4/2025,HRUMZPCG6A,58,58,57,57,91700
11/4/2025,HRUMZPCM6A,35,35,32,32,117300
11/4/2025,HUMI,123,124,118,120,51139400
11/4/2025,HUMI-W,20,20,19,20,6984700
11/4/2025,HYGN,174,175,170,173,399400
11/4/2025,IATA,71,72,71,72,7997900
11/4/2025,IBFN,51,51,47,51,833800
11/4/2025,IBOS,66,67,55,55,98378400
11/4/2025,IBST,5050,5050,5050,5050,400
11/4/2025,ICBP,8500,8600,8475,8475,14071000
11/4/2025,ICBPDRCX6A,3210,3210,3150,3150,4000
11/4/2025,ICBPHDCJ6A,21,22,21,21,502200
11/4/2025,ICBPZPCX5A,3,4,2,2,1180400
11/4/2025,ICON,48,48,47,47,101400
11/4/2025,IDEA,68,71,66,67,1602500
11/4/2025,IDPR,320,320,298,302,866300
11/4/2025,IFII,230,230,226,228,305300
11/4/2025,IFSH,790,865,790,800,102300
11/4/2025,IGAR,505,505,500,505,16900
11/4/2025,IIKP,0,0,0,0,0
11/4/2025,IKAI,14,15,14,14,31940700
11/4/2025,IKAN,112,123,110,121,27988500
11/4/2025,IKBI,545,550,530,530,163700
11/4/2025,IKPM,224,230,220,228,1639000
11/4/2025,IMAS,1180,1185,1155,1165,409800
11/4/2025,IMJS,232,232,226,228,5978300
11/4/2025,IMPC,2300,2780,2300,2710,155543200
11/4/2025,INAF,0,0,0,0,0
11/4/2025,INAI,155,156,135,153,553500
11/4/2025,INCF,47,47,47,47,204900
11/4/2025,INCI,645,680,630,670,644100
11/4/2025,INCO,4560,4620,4520,4600,5774000
11/4/2025,INCOBQCF6A,0,0,0,0,0
11/4/2025,INCOBQCJ6A,64,64,64,64,1000
11/4/2025,INCODRCG6A,0,0,0,0,0
11/4/2025,INCODRCK6A,0,0,0,0,0
11/4/2025,INCODRCX5A,143,143,143,143,8900
11/4/2025,INCOHDCJ6A,0,0,0,0,0
11/4/2025,INCOYUCZ5A,0,0,0,0,0
11/4/2025,INCOZPCK6A,0,0,0,0,0
11/4/2025,INCOZPCN6A,94,94,93,93,105000
11/4/2025,INCOZPCX5A,0,0,0,0,0
11/4/2025,INDF,7200,7250,7050,7075,18602600
11/4/2025,INDFDRCX6A,3590,3590,3460,3460,4400
11/4/2025,INDFHDCJ6A,18,18,15,17,415500
11/4/2025,INDO,228,230,224,228,7123400
11/4/2025,INDR,3150,3150,3000,3140,44300
11/4/2025,INDS,226,226,224,226,217400
11/4/2025,INDX,160,176,156,158,31467600
11/4/2025,INDY,1975,1980,1885,1895,27904400
11/4/2025,INDYDRCN6A,82,82,74,74,422100
11/4/2025,INDYHDCJ6A,0,0,0,0,0
11/4/2025,INDYZPCG6A,90,90,85,85,322600
11/4/2025,INDYZPCN6A,33,33,33,33,18500
11/4/2025,INET,284,292,280,288,211981500
11/4/2025,INET-W,190,197,188,193,2862900
11/4/2025,INKP,7525,7575,7400,7450,3332800
11/4/2025,INKPBQCX5A,0,0,0,0,0
11/4/2025,INKPDRCF6A,158,158,158,158,7000
11/4/2025,INKPDRCG6A,61,61,61,61,16500
11/4/2025,INKPHDCK6A,0,0,0,0,0
11/4/2025,INKPZPCF6A,0,0,0,0,0
11/4/2025,INKPZPCK6A,30,31,30,31,121400
11/4/2025,INOV,141,170,136,157,176875900
11/4/2025,INPC,154,155,150,151,5467200
11/4/2025,INPP,680,685,620,685,50100
11/4/2025,INPS,145,177,145,176,2960100
11/4/2025,INRU,715,820,705,705,353700
11/4/2025,INTA,40,40,38,39,655900
11/4/2025,INTD,222,224,206,212,280900
11/4/2025,INTP,6400,6400,6175,6225,2098000
11/4/2025,INTPDRCN6A,59,59,59,59,100
11/4/2025,INTPHDCM6A,55,55,51,51,1600
11/4/2025,INTPZPCG6A,0,0,0,0,0
11/4/2025,INTPZPCM6A,0,0,0,0,0
11/4/2025,IOTF,86,87,85,87,21670000
11/4/2025,IPAC,320,346,288,288,2829400
11/4/2025,IPCC,1195,1200,1180,1185,949400
11/4/2025,IPCM,330,330,326,326,2829900
11/4/2025,IPOL,138,139,135,138,178400
11/4/2025,IPPE,0,0,0,0,0
11/4/2025,IPTV,40,40,40,40,5361100
11/4/2025,IRRA,450,454,444,446,885700
11/4/2025,IRSX,208,208,200,200,8989700
11/4/2025,ISAP,31,32,29,30,32296100
11/4/2025,ISAP-W,15,15,13,13,25399500
11/4/2025,ISAT,1930,1945,1890,1925,9730500
11/4/2025,ISATBQCJ6A,0,0,0,0,0
11/4/2025,ISATDRCG6A,36,37,33,34,4673100
11/4/2025,ISATDRCX5A,0,0,0,0,0
11/4/2025,ISATHDCJ6A,14,15,12,13,9311700
11/4/2025,ISATZPCF6A,0,0,0,0,0
11/4/2025,ISEA,85,85,81,82,3907700
11/4/2025,ISSP,432,434,422,426,1161000
11/4/2025,ITIC,442,494,436,488,41704900
11/4/2025,ITMA,1190,1285,1185,1195,15734900
11/4/2025,ITMG,23025,23375,23025,23200,1140500
11/4/2025,ITMGDRCV6A,154,154,149,154,95500
11/4/2025,ITMGHDCJ6A,144,148,144,147,31800
11/4/2025,ITMGZPCJ6A,65,65,62,62,71300
11/4/2025,JARR,3740,3790,3590,3630,11494300
11/4/2025,JAST,96,102,94,95,41224600
11/4/2025,JATI,131,140,118,122,74062600
11/4/2025,JAWA,159,164,156,159,4197000
11/4/2025,JAYA,107,107,101,105,4485400
11/4/2025,JECC,1135,1190,1120,1140,116000
11/4/2025,JGLE,17,18,17,18,30268300
11/4/2025,JIHD,595,595,560,580,539800
11/4/2025,JKON,85,87,83,85,8472100
11/4/2025,JMAS,157,158,150,153,1740000
11/4/2025,JPFA,2460,2510,2410,2430,37817500
11/4/2025,JPFABQCZ5A,0,0,0,0,0
11/4/2025,JPFADRCJ6A,126,126,119,121,315600
11/4/2025,JPFAHDCZ5A,0,0,0,0,0
11/4/2025,JPFAZPCG6A,192,192,191,191,97000
11/4/2025,JPFAZPCN6A,30,30,27,28,606400
11/4/2025,JRPT,860,865,855,860,767100
11/4/2025,JSKY,0,0,0,0,0
11/4/2025,JSMR,3580,3600,3500,3500,9140500
11/4/2025,JSMRDRCK6A,61,61,60,60,1165800
11/4/2025,JSMRHDCH6A,0,0,0,0,0
11/4/2025,JSMRZPCG6A,37,37,37,37,400
11/4/2025,JSPT,3510,3510,3400,3420,16400
11/4/2025,JTPE,370,374,366,374,858900
11/4/2025,KAEF,600,610,585,590,2032700
11/4/2025,KAQI,65,78,65,77,500048800
11/4/2025,KARW,505,510,505,510,195000
11/4/2025,KAYU,0,0,0,0,0
11/4/2025,KBAG,42,42,42,42,1200000
11/4/2025,KBLI,336,338,330,336,306600
11/4/2025,KBLM,356,360,348,354,59300
11/4/2025,KBLV,182,186,154,154,159261400
11/4/2025,KBRI,0,0,0,0,0
11/4/2025,KDSI,470,476,464,476,23100
11/4/2025,KDTN,182,185,154,158,22561300
11/4/2025,KEEN,995,1010,990,995,6801500
11/4/2025,KEJU,760,760,730,745,638400
11/4/2025,KETR,430,442,398,408,24013300
11/4/2025,KIAS,0,0,0,0,0
11/4/2025,KICI,290,320,262,306,29964100
11/4/2025,KIJA,192,193,189,192,26332400
11/4/2025,KING,204,206,202,202,4600
11/4/2025,KING-W,12,13,11,12,11764000
11/4/2025,KINO,1290,1290,1185,1280,66300
11/4/2025,KIOS,84,88,78,79,79989800
11/4/2025,KJEN,191,194,185,186,1189500
11/4/2025,KKES,26,28,26,27,883000
11/4/2025,KKGI,326,330,320,322,7903800
11/4/2025,KLAS,128,130,127,128,3639900
11/4/2025,KLBF,1240,1260,1200,1225,82252800
11/4/2025,KLBFBQCJ6A,0,0,0,0,0
11/4/2025,KLBFDRCG6A,16,16,13,13,463800
11/4/2025,KLBFHDCK6A,60,60,60,60,500
11/4/2025,KLBFZPCF6A,16,16,16,16,14000
11/4/2025,KLBFZPCJ6A,0,0,0,0,0
11/4/2025,KLIN,178,180,178,179,162600
11/4/2025,KMDS,705,720,695,715,236500
11/4/2025,KMTR,274,278,270,274,308300
11/4/2025,KOBX,164,172,159,165,7056000
11/4/2025,KOCI,83,84,81,83,2233300
11/4/2025,KOCI-W,15,15,14,14,1807400
11/4/2025,KOIN,69,72,69,72,26200
11/4/2025,KOKA,0,0,0,0,0
11/4/2025,KONI,0,0,0,0,0
11/4/2025,KOPI,338,340,326,332,2072100
11/4/2025,KOTA,36,36,34,34,66997800
11/4/2025,KPIG,147,149,146,147,103731000
11/4/2025,KRAS,334,348,332,336,32706100
11/4/2025,KREN,15,15,15,15,19055600
11/4/2025,KRYA,186,186,172,178,12574600
11/4/2025,KSIX,328,356,324,338,3053000
11/4/2025,KUAS,67,72,65,65,13148100
11/4/2025,LABA,218,244,216,220,49175700
11/4/2025,LABS,142,144,141,144,1119700
11/4/2025,LAJU,69,70,67,68,13293800
11/4/2025,LAND,33,33,32,32,808900
11/4/2025,LAPD,210,210,202,204,2611700
11/4/2025,LCGP,0,0,0,0,0
11/4/2025,LCKM,210,210,206,206,7100
11/4/2025,LEAD,79,82,78,80,40881200
11/4/2025,LFLO,575,575,525,570,12000
11/4/2025,LIFE,8525,8550,8500,8550,2000
11/4/2025,LINK,3010,3050,2950,3000,52000
11/4/2025,LION,424,424,406,408,169400
11/4/2025,LIVE,190,206,187,190,13807000
11/4/2025,LMAS,0,0,0,0,0
11/4/2025,LMAX,85,85,79,80,2844800
11/4/2025,LMPI,148,148,144,146,240200
11/4/2025,LMSH,0,0,0,0,0
11/4/2025,LOPI,90,91,84,87,4289900
11/4/2025,LPCK,610,615,600,600,318100
11/4/2025,LPGI,775,775,720,765,74200
11/4/2025,LPIN,456,464,452,454,642200
11/4/2025,LPKR,89,90,87,87,54330000
11/4/2025,LPLI,545,550,484,520,860300
11/4/2025,LPPF,1705,1725,1695,1710,2819500
11/4/2025,LPPS,118,118,110,114,5064600
11/4/2025,LRNA,180,187,175,178,1404800
11/4/2025,LSIP,1420,1435,1405,1420,15712300
11/4/2025,LSIPDRCK6A,0,0,0,0,0
11/4/2025,LSIPHDCJ6A,0,0,0,0,0
11/4/2025,LSIPYUCZ5A,59,59,59,59,100
11/4/2025,LSIPZPCG6A,0,0,0,0,0
11/4/2025,LTLS,870,870,860,865,69000
11/4/2025,LUCK,106,130,103,106,141725600
11/4/2025,LUCY,108,110,103,103,396600
11/4/2025,MABA,0,0,0,0,0
11/4/2025,MAGP,0,0,0,0,0
11/4/2025,MAHA,140,140,139,140,2223900
11/4/2025,MAIN,865,865,830,855,3128100
11/4/2025,MANG,57,58,56,57,3442100
11/4/2025,MANG-W,20,22,20,22,5287600
11/4/2025,MAPA,750,780,720,765,92229500
11/4/2025,MAPABQCZ5A,25,29,24,27,79200
11/4/2025,MAPADRCJ6A,27,28,23,27,1973400
11/4/2025,MAPAHDCZ5A,33,33,33,33,100
11/4/2025,MAPAZPCH6A,44,48,44,48,36400
11/4/2025,MAPB,1575,1615,1575,1615,5500
11/4/2025,MAPI,1310,1330,1285,1320,18798800
11/4/2025,MAPIDRCX5A,14,14,12,14,2434600
11/4/2025,MAPIHDCK6A,0,0,0,0,0
11/4/2025,MAPIZPCJ6A,58,58,58,58,95300
11/4/2025,MARI,34,34,33,33,5879700
11/4/2025,MARK,700,705,680,690,13935600
11/4/2025,MASB,3220,3230,3220,3230,200
11/4/2025,MAXI,55,56,54,55,13213500
11/4/2025,MAYA,242,242,234,238,2872800
11/4/2025,MBAP,1605,1615,1600,1600,73000
11/4/2025,MBMA,640,645,615,630,104956000
11/4/2025,MBMABQCX5A,48,48,42,42,2134900
11/4/2025,MBMADRCG6A,27,29,25,26,16107300
11/4/2025,MBMADRCX5A,0,0,0,0,0
11/4/2025,MBMADRPX5A,2,2,1,1,12341400
11/4/2025,MBMAHDCH6A,0,0,0,0,0
11/4/2025,MBMAHDCN6A,0,0,0,0,0
11/4/2025,MBMAYUCK6A,0,0,0,0,0
11/4/2025,MBMAZPCK6A,38,38,38,38,206600
11/4/2025,MBMAZPCN6A,30,30,28,29,77000
11/4/2025,MBMAZPCX5A,0,0,0,0,0
11/4/2025,MBSS,1500,1500,1430,1430,1083800
11/4/2025,MBTO,202,218,188,190,12354100
11/4/2025,MCAS,800,805,780,800,503300
11/4/2025,MCOL,3820,3850,3750,3830,12300
11/4/2025,MCOR,74,75,72,73,5105900
11/4/2025,MDIA,33,33,32,33,879400
11/4/2025,MDIY,1095,1100,1090,1090,1585400
11/4/2025,MDKA,2420,2450,2380,2420,41737400
11/4/2025,MDKABQCX5B,12,13,10,12,38051500
11/4/2025,MDKADRCG6A,67,68,64,66,445200
11/4/2025,MDKADRCK6A,0,0,0,0,0
11/4/2025,MDKADRPX5A,6,6,6,6,900
11/4/2025,MDKAHDCN6A,72,72,72,72,100
11/4/2025,MDKAHDCZ5A,94,94,94,94,35300
11/4/2025,MDKAHDPH6A,100,100,100,100,2500
11/4/2025,MDKAHDPJ6A,52,52,52,52,6000
11/4/2025,MDKAYUCK6A,0,0,0,0,0
11/4/2025,MDKAZPCF6A,57,57,57,57,2500
11/4/2025,MDKI,190,194,188,188,661600
11/4/2025,MDLA,238,242,234,234,3462600
11/4/2025,MDLN,57,58,56,57,16785700
11/4/2025,MDRN,49,49,45,45,19653200
11/4/2025,MEDC,1345,1385,1345,1380,52743400
11/4/2025,MEDCBQCX5B,13,17,13,16,28925200
11/4/2025,MEDCBQCZ5A,20,20,20,20,500
11/4/2025,MEDCDRCG6A,35,37,35,36,75800
11/4/2025,MEDCHDCH6A,94,94,93,93,2300
11/4/2025,MEDCZPCF6A,36,36,33,34,400
11/4/2025,MEDS,65,66,61,62,26207600
11/4/2025,MEGA,3300,3330,3300,3320,10000
11/4/2025,MEJA,0,0,0,0,0
11/4/2025,MEJA-W,0,0,0,0,0
11/4/2025,MENN,0,0,0,0,0
11/4/2025,MERI,214,218,214,214,1688300
11/4/2025,MERK,3110,3110,2960,3030,109000
11/4/2025,META,0,0,0,0,0
11/4/2025,MFMI,0,0,0,0,0
11/4/2025,MGLV,645,650,625,650,934100
11/4/2025,MGNA,69,72,69,72,2720500
11/4/2025,MGNA-W,42,42,42,42,1700
11/4/2025,MGRO,765,785,760,770,6899900
11/4/2025,MHKI,244,256,242,244,29412700
11/4/2025,MICE,650,660,610,630,363800
11/4/2025,MIDI,404,412,400,410,11285800
11/4/2025,MIKA,2630,2660,2580,2640,4225700
11/4/2025,MIKADRCV6A,0,0,0,0,0
11/4/2025,MIKAHDCN6A,0,0,0,0,0
11/4/2025,MIKAZPCG6A,0,0,0,0,0
11/4/2025,MINA,181,184,176,177,89358400
11/4/2025,MINE,498,500,486,488,4693800
11/4/2025,MIRA,30,30,30,30,3990300
11/4/2025,MITI,308,308,302,308,788200
11/4/2025,MKAP,346,348,344,348,74400
11/4/2025,MKNT,0,0,0,0,0
11/4/2025,MKPI,24800,24800,24675,24700,7000
11/4/2025,MKTR,150,150,146,148,958100
11/4/2025,MLBI,5875,5975,5875,5950,15700
11/4/2025,MLIA,342,344,340,344,3105900
11/4/2025,MLPL,136,137,128,130,123914800
11/4/2025,MLPT,80800,80800,79250,79400,16300
11/4/2025,MMIX,258,278,254,260,10230600
11/4/2025,MMLP,560,560,555,560,2364800
11/4/2025,MNCN,266,266,262,266,24343200
11/4/2025,MNCNDRCN6A,0,0,0,0,0
11/4/2025,MNCNHDCM6A,0,0,0,0,0
11/4/2025,MNCNZPCM6A,12,12,11,12,49900
11/4/2025,MOLI,306,310,296,298,2112100
11/4/2025,MORA,1790,1790,1790,1790,361600
11/4/2025,MPIX,65,70,64,69,16696800
11/4/2025,MPIX-W,9,10,9,10,2647900
11/4/2025,MPMX,970,975,960,970,5555500
11/4/2025,MPOW,115,117,114,114,3072900
11/4/2025,MPPA,63,63,61,61,26179200
11/4/2025,MPRO,6575,7025,6500,7025,82500
11/4/2025,MPXL,246,260,232,232,6359300
11/4/2025,MRAT,386,470,382,398,5099200
11/4/2025,MREI,975,990,950,990,218600
11/4/2025,MSIE,52,55,51,54,11032700
11/4/2025,MSIN,505,520,500,505,29885900
11/4/2025,MSJA,292,298,290,292,5400000
11/4/2025,MSKY,80,81,78,80,4005800
11/4/2025,MSTI,1445,1450,1400,1405,3364900
11/4/2025,MTDL,610,620,600,610,3958900
11/4/2025,MTEL,560,560,550,555,12657500
11/4/2025,MTELDRCK6A,14,14,14,14,5900
11/4/2025,MTELHDCM6A,0,0,0,0,0
11/4/2025,MTELZPCM6A,13,13,13,13,8500
11/4/2025,MTFN,13,14,13,14,55006400
11/4/2025,MTLA,434,434,428,432,53200
11/4/2025,MTMH,1150,1150,1140,1140,21000
11/4/2025,MTPS,89,89,81,81,1710800
11/4/2025,MTRA,0,0,0,0,0
11/4/2025,MTSM,0,0,0,0,0
11/4/2025,MTWI,344,356,344,356,87400
11/4/2025,MUTU,108,113,106,112,8873000
11/4/2025,MYOH,1615,1615,1580,1585,8300
11/4/2025,MYOR,2190,2210,2120,2160,15204000
11/4/2025,MYORDRCK6A,61,61,54,54,3094900
11/4/2025,MYORHDCM6A,0,0,0,0,0
11/4/2025,MYORZPCH6A,0,0,0,0,0
11/4/2025,MYTX,0,0,0,0,0
11/4/2025,NAIK,119,119,115,116,10706400
11/4/2025,NAIK-W,20,20,18,19,3776100
11/4/2025,NANO,55,57,54,56,10191900
11/4/2025,NASA,34,35,33,33,3424800
11/4/2025,NASI,101,107,100,104,17246700
11/4/2025,NATO,150,150,147,148,143800
11/4/2025,NAYZ,175,176,159,170,8408200
11/4/2025,NCKL,1200,1205,1140,1155,111749100
11/4/2025,NCKLBQCM6A,44,44,40,42,12000
11/4/2025,NCKLDRCK6A,53,53,47,47,1713800
11/4/2025,NCKLHDCK6A,73,75,68,69,2168000
11/4/2025,NCKLYUCZ5A,107,109,107,109,231000
11/4/2025,NCKLZPCJ6A,77,99,72,99,25900
11/4/2025,NCKLZPCM6A,38,38,33,33,109900
11/4/2025,NELY,346,348,342,346,323500
11/4/2025,NEST,376,390,358,358,12088900
11/4/2025,NETV,106,107,104,106,1045800
11/4/2025,NFCX,1800,1800,1750,1775,175700
11/4/2025,NICE,404,408,402,402,3011500
11/4/2025,NICK,1255,1330,1215,1220,10400
11/4/2025,NICL,965,990,965,985,2899900
11/4/2025,NIKL,350,358,326,334,2978200
11/4/2025,NINE,0,0,0,0,0
11/4/2025,NIRO,274,278,272,278,592300
11/4/2025,NISP,1390,1390,1365,1365,3965500
11/4/2025,NOBU,510,520,505,510,2282300
11/4/2025,NPGF,60,64,59,60,40186200
11/4/2025,NRCA,735,745,670,690,8345100
11/4/2025,NSSS,515,515,496,498,3451500
11/4/2025,NTBK,113,119,110,115,45990700
11/4/2025,NUSA,0,0,0,0,0
11/4/2025,NZIA,110,115,109,111,5558100
11/4/2025,OASA,206,218,202,208,306558900
11/4/2025,OBAT,434,436,422,430,6536500
11/4/2025,OBAT-W,87,87,69,81,1273100
11/4/2025,OBMD,252,254,246,250,159600
11/4/2025,OCAP,0,0,0,0,0
11/4/2025,OILS,204,208,198,202,4232000
11/4/2025,OKAS,148,149,142,142,3256800
11/4/2025,OLIV,104,106,95,106,22158300
11/4/2025,OMED,197,199,196,198,1618300
11/4/2025,OMRE,0,0,0,0,0
11/4/2025,OPMS,100,102,98,98,3970700
11/4/2025,PACK,2690,2810,2630,2690,6209800
11/4/2025,PADA,98,98,97,97,10036900
11/4/2025,PADI,79,79,75,78,12184800
11/4/2025,PALM,394,400,392,394,738200
11/4/2025,PAMG,66,72,66,67,36836500
11/4/2025,PANI,14050,14075,13900,14025,3513900
11/4/2025,PANIBQCZ5A,23,23,22,22,1379700
11/4/2025,PANIDRCG6A,66,66,63,64,63200
11/4/2025,PANIHDCJ6A,97,97,95,97,21255800
11/4/2025,PANIHDCN6A,0,0,0,0,0
11/4/2025,PANIHDCZ5A,0,0,0,0,0
11/4/2025,PANIZPCJ6A,60,60,58,59,990700
11/4/2025,PANIZPCN6A,106,106,105,105,11500
11/4/2025,PANR,710,710,680,685,4764400
11/4/2025,PANS,1455,1475,1435,1450,525100
11/4/2025,PART,132,152,123,148,315866600
11/4/2025,PART-W,20,23,17,23,84149600
11/4/2025,PBID,492,494,490,494,261900
11/4/2025,PBRX,35,35,34,34,5359900
11/4/2025,PBSA,920,935,920,930,918100
11/4/2025,PCAR,35,35,34,34,1618200
11/4/2025,PDES,660,660,625,645,806700
11/4/2025,PDPP,418,440,400,404,539000
11/4/2025,PEGE,124,126,121,125,1318800
11/4/2025,PEHA,324,330,324,330,94000
11/4/2025,PEVE,505,505,500,505,172200
11/4/2025,PGAS,1760,1770,1735,1740,27654400
11/4/2025,PGASBQCZ5A,39,39,38,38,300
11/4/2025,PGASDRCG6A,0,0,0,0,0
11/4/2025,PGASDRCG6B,0,0,0,0,0
11/4/2025,PGASHDCK6A,67,67,66,66,30000
11/4/2025,PGASZPCJ6A,42,42,42,42,25000
11/4/2025,PGEO,1300,1305,1255,1255,40056300
11/4/2025,PGEOBQCX5B,3,3,2,3,6274500
11/4/2025,PGEODRCJ6A,25,25,23,23,36400
11/4/2025,PGEOHDCH6A,0,0,0,0,0
11/4/2025,PGEOHDCH6B,0,0,0,0,0
11/4/2025,PGEOHDPH6A,129,131,129,131,1000
11/4/2025,PGEOYUCK6A,0,0,0,0,0
11/4/2025,PGEOZPCJ6A,0,0,0,0,0
11/4/2025,PGEOZPCM6A,0,0,0,0,0
11/4/2025,PGJO,1025,1050,975,1040,665800
11/4/2025,PGLI,494,494,494,494,6048500
11/4/2025,PGUN,14025,14150,13400,13525,111000
11/4/2025,PICO,228,228,222,226,1073500
11/4/2025,PIPA,304,308,284,288,79472000
11/4/2025,PJAA,520,525,510,520,121200
11/4/2025,PKPK,590,635,575,615,3450900
11/4/2025,PLAN,50,50,47,48,7681100
11/4/2025,PLAS,0,0,0,0,0
11/4/2025,PLIN,0,0,0,0,0
11/4/2025,PMJS,119,119,116,116,100600
11/4/2025,PMMP,0,0,0,0,0
11/4/2025,PMUI,152,152,144,144,18795300
11/4/2025,PNBN,1045,1050,1020,1025,7932300
11/4/2025,PNBS,52,53,51,52,10647600
11/4/2025,PNGO,3030,3050,3030,3050,14100
11/4/2025,PNIN,805,810,790,800,1834300
11/4/2025,PNLF,244,246,236,238,52532600
11/4/2025,PNLFBQCM6A,18,18,18,18,16414800
11/4/2025,PNLFDRCJ6A,10,10,10,10,577500
11/4/2025,PNLFHDCZ5A,0,0,0,0,0
11/4/2025,PNLFZPCH6A,0,0,0,0,0
11/4/2025,PNSE,710,730,700,720,14900
11/4/2025,POLA,37,38,37,38,2025200
11/4/2025,POLI,0,0,0,0,0
11/4/2025,POLL,0,0,0,0,0
11/4/2025,POLU,28500,29150,23425,23800,52500
11/4/2025,POLY,28,28,28,28,1551500
11/4/2025,POOL,0,0,0,0,0
11/4/2025,PORT,1235,1240,1210,1235,25200
11/4/2025,POSA,0,0,0,0,0
11/4/2025,POWR,700,710,695,695,8794200
11/4/2025,PPGL,130,138,125,125,1424100
11/4/2025,PPRE,121,132,120,121,102404700
11/4/2025,PPRI,350,352,340,340,5365900
11/4/2025,PPRO,0,0,0,0,0
11/4/2025,PRAY,825,830,790,815,84600
11/4/2025,PRDA,2570,2580,2530,2550,38200
11/4/2025,PRIM,77,77,76,76,3228400
11/4/2025,PSAB,575,580,550,560,63126100
11/4/2025,PSAT,1355,1355,1345,1355,457300
11/4/2025,PSDN,104,105,100,105,3603500
11/4/2025,PSGO,222,228,220,222,774600
11/4/2025,PSKT,136,136,133,133,5053900
11/4/2025,PSSI,348,352,344,350,203500
11/4/2025,PTBA,2400,2400,2380,2400,10187200
11/4/2025,PTBADRCG6A,16,16,16,16,10000
11/4/2025,PTBAHDCM6A,0,0,0,0,0
11/4/2025,PTBAYUCZ5A,0,0,0,0,0
11/4/2025,PTBAZPCH6A,0,0,0,0,0
11/4/2025,PTDU,0,0,0,0,0
11/4/2025,PTIS,402,408,394,406,26200
11/4/2025,PTMP,86,87,82,82,30160000
11/4/2025,PTMR,0,0,0,0,0
11/4/2025,PTPP,382,386,378,380,7447800
11/4/2025,PTPS,202,204,195,197,18763500
11/4/2025,PTPW,970,975,965,965,19700
11/4/2025,PTRO,7400,7750,7200,7300,139908200
11/4/2025,PTRODRCG6A,210,234,195,197,1102300
11/4/2025,PTROHDCK6A,398,420,372,380,9180100
11/4/2025,PTROYUCK6A,388,394,380,384,9452000
11/4/2025,PTROZPCK6A,195,212,190,195,736600
11/4/2025,PTROZPCN6A,97,106,93,100,1699100
11/4/2025,PTSN,392,396,370,370,2691500
11/4/2025,PTSP,925,1155,905,1155,612600
11/4/2025,PUDP,755,780,695,695,698900
11/4/2025,PURA,26,26,26,26,1355300
11/4/2025,PURE,0,0,0,0,0
11/4/2025,PURI,0,0,0,0,0
11/4/2025,PWON,376,380,370,370,40789800
11/4/2025,PWONDRCN6A,30,30,30,30,3500
11/4/2025,PWONHDCZ5A,53,53,51,51,3700
11/4/2025,PWONZPCH6A,0,0,0,0,0
11/4/2025,PYFA,515,515,500,500,22750800
11/4/2025,PYFA-W,115,120,113,116,892800
11/4/2025,PZZA,232,244,230,238,3240200
11/4/2025,R-ABFII,0,0,0,0,0
11/4/2025,R-LQ45X,1050,1050,1027,1027,14500
11/4/2025,RAAM,256,256,246,248,10285200
11/4/2025,RAFI,39,39,39,39,40925600
11/4/2025,RAJA,4120,4270,4080,4170,49112400
11/4/2025,RAJADRCG6A,166,182,166,172,5127200
11/4/2025,RAJAHDCK6A,181,181,170,173,257700
11/4/2025,RAJAZPCK6A,88,92,85,87,776700
11/4/2025,RALS,432,438,430,432,7127600
11/4/2025,RANC,970,990,860,950,1808900
11/4/2025,RATU,8200,8325,8025,8100,14559300
11/4/2025,RBMS,36,36,34,34,1072100
11/4/2025,RCCC,206,210,193,199,258600
11/4/2025,RDTX,12025,12100,12000,12100,1600
11/4/2025,REAL,75,76,71,71,71582100
11/4/2025,RELF,44,44,42,42,5482600
11/4/2025,RELI,625,665,625,660,80300
11/4/2025,RGAS,97,97,95,96,2201300
11/4/2025,RICY,57,61,57,58,83800
11/4/2025,RIGS,790,795,775,790,17500
11/4/2025,RIMO,0,0,0,0,0
11/4/2025,RISE,8350,9300,8350,8350,4573600
11/4/2025,RMKE,2660,2740,2620,2700,7724000
11/4/2025,RMKO,216,218,202,210,2979700
11/4/2025,ROCK,540,540,496,496,2500
11/4/2025,RODA,44,46,40,46,174300
11/4/2025,RONY,3690,3690,3370,3660,11400
11/4/2025,ROTI,805,810,795,800,275900
11/4/2025,RSCH,384,392,382,384,10848600
11/4/2025,RSGK,0,0,0,0,0
11/4/2025,RUIS,194,200,191,197,645600
11/4/2025,RUNS,105,105,98,98,959200
11/4/2025,SAFE,191,194,183,184,2024000
11/4/2025,SAGE,33,33,33,33,17093200
11/4/2025,SAME,300,302,294,296,1581400
11/4/2025,SAMF,318,318,312,314,207500
11/4/2025,SAPX,326,326,306,310,740100
11/4/2025,SATU,254,254,252,252,2872100
11/4/2025,SBAT,0,0,0,0,0
11/4/2025,SBMA,131,132,129,129,905000
11/4/2025,SCCO,2440,2470,2380,2400,51800
11/4/2025,SCMA,368,372,352,362,114309700
11/4/2025,SCMABQCZ5A,0,0,0,0,0
11/4/2025,SCMADRCG6A,24,24,20,21,4985200
11/4/2025,SCMADRCK6A,121,123,115,115,22400
11/4/2025,SCMAHDCK6A,53,54,50,50,2975000
11/4/2025,SCMAHDCZ5A,366,366,354,358,553200
11/4/2025,SCMAYUCK6A,92,92,91,91,40000
11/4/2025,SCMAZPCG6A,212,212,210,210,2900
11/4/2025,SCMAZPCM6A,54,54,50,50,525500
11/4/2025,SCNP,158,212,157,176,37095700
11/4/2025,SCPI,0,0,0,0,0
11/4/2025,SDMU,63,63,61,63,729800
11/4/2025,SDPC,139,139,135,135,351400
11/4/2025,SDRA,284,286,282,282,134600
11/4/2025,SEMA,102,104,102,102,1118100
11/4/2025,SFAN,1925,1930,1915,1915,78400
11/4/2025,SGER,540,555,510,535,53606200
11/4/2025,SGRO,5075,5175,5025,5075,1166900
11/4/2025,SHID,880,885,850,855,12000
11/4/2025,SHIP,5225,5450,5225,5375,14200
11/4/2025,SICO,141,143,136,136,16611600
11/4/2025,SIDO,575,585,575,575,19491600
11/4/2025,SIDODRCK6A,33,33,33,33,25600
11/4/2025,SIDOHDCN6A,34,34,34,34,200
11/4/2025,SIDOZPCM6A,0,0,0,0,0
11/4/2025,SILO,2110,2140,2020,2120,2451700
11/4/2025,SIMA,0,0,0,0,0
11/4/2025,SIMP,655,655,635,635,12625600
11/4/2025,SINI,7200,7200,5900,5900,1155300
11/4/2025,SIPD,710,710,710,710,6900
11/4/2025,SKBM,535,560,482,505,444900
11/4/2025,SKLT,232,236,218,222,1983000
11/4/2025,SKRN,745,850,745,805,5673700
11/4/2025,SKYB,0,0,0,0,0
11/4/2025,SLIS,83,83,79,80,18770300
11/4/2025,SLIS-W,16,16,12,14,16246300
11/4/2025,SMAR,5200,5250,5175,5200,76900
11/4/2025,SMBR,288,290,282,286,8246900
11/4/2025,SMCB,0,0,0,0,0
11/4/2025,SMDM,825,850,815,830,114200
11/4/2025,SMDR,320,320,316,316,11686000
11/4/2025,SMGA,138,138,128,128,128754200
11/4/2025,SMGR,2800,2820,2740,2770,8576000
11/4/2025,SMGRBQCX5B,32,32,27,27,4528100
11/4/2025,SMGRBQCZ5A,9,9,7,8,22895500
11/4/2025,SMGRDRCG6A,45,46,43,46,1000
11/4/2025,SMGRHDCZ5A,0,0,0,0,0
11/4/2025,SMGRZPCJ6A,0,0,0,0,0
11/4/2025,SMIL,426,438,412,438,188283900
11/4/2025,SMKL,165,165,164,164,11500
11/4/2025,SMKM,165,165,152,158,12346300
11/4/2025,SMLE,310,316,306,312,3244200
11/4/2025,SMMA,13000,13025,12850,13000,21000
11/4/2025,SMMT,1710,1745,1620,1665,319700
11/4/2025,SMRA,402,404,396,398,28015000
11/4/2025,SMRADRCG6A,0,0,0,0,0
11/4/2025,SMRADRCJ6A,19,19,19,19,42400
11/4/2025,SMRAHDCZ5A,0,0,0,0,0
11/4/2025,SMRAZPCH6A,0,0,0,0,0
11/4/2025,SMRU,0,0,0,0,0
11/4/2025,SMSM,1940,1945,1915,1915,1497700
11/4/2025,SNLK,408,410,402,410,9483100
11/4/2025,SOCI,218,218,212,216,4184200
11/4/2025,SOFA,332,332,276,292,47374500
11/4/2025,SOHO,0,0,0,0,0
11/4/2025,SOLA,132,135,131,131,6139100
11/4/2025,SONA,2710,2840,2700,2750,86500
11/4/2025,SOSS,995,995,905,930,26100
11/4/2025,SOTS,334,340,316,326,209200
11/4/2025,SOUL,77,79,76,78,513400
11/4/2025,SPMA,374,380,368,368,1774600
11/4/2025,SPRE,110,119,110,119,9991900
11/4/2025,SPTO,650,660,650,655,618400
11/4/2025,SQMI,0,0,0,0,0
11/4/2025,SRAJ,11475,12000,11475,12000,1672800
11/4/2025,SRIL,0,0,0,0,0
11/4/2025,SRSN,64,64,62,64,8502200
11/4/2025,SRTG,1735,1750,1690,1690,3540200
11/4/2025,SRTGDRCK6A,72,72,67,67,700
11/4/2025,SRTGHDCK6A,68,68,68,68,93200
11/4/2025,SRTGZPCG6A,0,0,0,0,0
11/4/2025,SRTGZPCK6A,32,32,31,31,2150200
11/4/2025,SSIA,1585,1620,1555,1570,22381600
11/4/2025,SSMS,1625,1635,1605,1605,7003500
11/4/2025,SSTM,0,0,0,0,0
11/4/2025,STAA,1420,1465,1405,1420,22268400
11/4/2025,STAR,71,75,71,71,77200
11/4/2025,STRK,169,182,160,164,51880200
11/4/2025,STTP,10400,10500,10250,10250,6800
11/4/2025,SUGI,0,0,0,0,0
11/4/2025,SULI,141,141,134,136,839900
11/4/2025,SUNI,795,795,790,795,282300
11/4/2025,SUPR,0,0,0,0,0
11/4/2025,SURE,2600,2680,2600,2670,1900
11/4/2025,SURI,99,101,98,98,8355800
11/4/2025,SWAT,0,0,0,0,0
11/4/2025,SWID,92,93,87,88,2227000
11/4/2025,TALF,458,570,454,488,4928200
11/4/2025,TAMA,34,34,34,34,297900
11/4/2025,TAMU,30,30,30,30,17032400
11/4/2025,TAPG,1880,1900,1870,1870,10893200
11/4/2025,TAPGDRCG6A,52,55,52,53,520000
11/4/2025,TAPGDRCJ6A,132,132,132,132,20000
11/4/2025,TAPGHDCH6A,0,0,0,0,0
11/4/2025,TAPGZPCH6A,154,154,154,154,10400
11/4/2025,TAPGZPCM6A,48,50,48,49,3300
11/4/2025,TARA,26,26,25,25,1053300
11/4/2025,TAXI,12,13,12,13,97992900
11/4/2025,TAYS,75,75,72,72,4818800
11/4/2025,TBIG,2240,2250,2110,2140,2613000
11/4/2025,TBLA,755,765,745,755,2865200
11/4/2025,TBMS,1370,1400,1340,1360,83700
11/4/2025,TCID,3050,3170,3050,3100,14300
11/4/2025,TCPI,7975,8100,7925,8100,6608600
11/4/2025,TDPM,0,0,0,0,0
11/4/2025,TEBE,2340,2400,2180,2230,8616000
11/4/2025,TECH,0,0,0,0,0
11/4/2025,TELE,0,0,0,0,0
11/4/2025,TFAS,256,260,238,244,1814300
11/4/2025,TFCO,0,0,0,0,0
11/4/2025,TGKA,5300,5300,5300,5300,1600
11/4/2025,TGRA,0,0,0,0,0
11/4/2025,TGUK,0,0,0,0,0
11/4/2025,TIFA,412,412,402,402,19800
11/4/2025,TINS,2500,2540,2350,2440,71791200
11/4/2025,TIRA,1515,1515,1360,1420,156600
11/4/2025,TIRT,0,0,0,0,0
11/4/2025,TKIM,7100,7100,6975,7000,1030900
11/4/2025,TKIMDRCN6A,0,0,0,0,0
11/4/2025,TKIMHDCJ6A,0,0,0,0,0
11/4/2025,TKIMZPCG6A,86,86,86,86,100000
11/4/2025,TKIMZPCK6A,0,0,0,0,0
11/4/2025,TLDN,730,735,710,735,1452900
11/4/2025,TLKM,3360,3590,3360,3500,227450800
11/4/2025,TLKMBQCG6A,63,73,63,69,1163700
11/4/2025,TLKMBQCJ6A,0,0,0,0,0
11/4/2025,TLKMDRCJ6A,85,97,85,95,767700
11/4/2025,TLKMDRCX6A,2250,2340,2250,2340,2000
11/4/2025,TLKMHDCJ6A,65,83,65,77,225400
11/4/2025,TLKMYUCK6A,125,140,125,137,24900
11/4/2025,TLKMZPCF6A,109,123,109,123,10400
11/4/2025,TLKMZPCM6A,56,63,56,63,80400
11/4/2025,TMAS,129,131,128,131,4488000
11/4/2025,TMPO,169,171,166,169,2176200
11/4/2025,TNCA,248,254,238,240,1763200
11/4/2025,TOBA,785,865,785,830,369967000
11/4/2025,TOOL,60,77,59,70,564203800
11/4/2025,TOPS,0,0,0,0,0
11/4/2025,TOSK,76,83,76,79,322519700
11/4/2025,TOTL,915,920,900,910,2254100
11/4/2025,TOTO,288,290,282,286,1805200
11/4/2025,TOWR,555,555,535,540,16115100
11/4/2025,TOWRDRCN6A,18,18,18,18,177700
11/4/2025,TOWRHDCK6A,0,0,0,0,0
11/4/2025,TOYS,0,0,0,0,0
11/4/2025,TPIA,7200,7250,7000,7000,8309100
11/4/2025,TPMA,585,585,580,580,5037500
11/4/2025,TRAM,0,0,0,0,0
11/4/2025,TRGU,188,188,180,181,346700
11/4/2025,TRIL,0,0,0,0,0
11/4/2025,TRIM,535,545,535,535,3572500
11/4/2025,TRIN,418,432,400,410,6076200
11/4/2025,TRIN-W2,60,60,60,60,100
11/4/2025,TRIO,0,0,0,0,0
11/4/2025,TRIS,182,182,179,180,367900
11/4/2025,TRJA,155,157,152,155,333100
11/4/2025,TRON,76,76,70,73,24761500
11/4/2025,TRST,476,484,472,476,23800
11/4/2025,TRUE,0,0,0,0,0
11/4/2025,TRUK,350,360,304,304,7919900
11/4/2025,TRUS,430,434,414,434,31000
11/4/2025,TSPC,3040,3050,2930,2970,2278400
11/4/2025,TUGU,1040,1050,1030,1030,3107400
11/4/2025,TYRE,127,129,124,128,68200
11/4/2025,UANG,2030,2060,1840,1910,2895900
11/4/2025,UCID,436,446,434,444,3058600
11/4/2025,UDNG,3190,3480,3180,3480,814200
11/4/2025,UFOE,186,191,184,186,1551900
11/4/2025,ULTJ,1535,1570,1500,1560,6421600
11/4/2025,UNIC,8850,9000,8575,8875,11400
11/4/2025,UNIQ,352,358,348,350,12284300
11/4/2025,UNIT,0,0,0,0,0
11/4/2025,UNSP,173,173,171,172,474600
11/4/2025,UNTD,85,86,83,85,11791600
11/4/2025,UNTR,27250,27400,26800,27200,6373900
11/4/2025,UNTRDRCG6A,175,175,175,175,6100
11/4/2025,UNTRHDCM6A,177,177,165,172,72700
11/4/2025,UNTRZPCJ6A,165,165,164,164,20700
11/4/2025,UNVR,2700,2750,2600,2690,57648100
11/4/2025,UNVRBQCZ5A,0,0,0,0,0
11/4/2025,UNVRDRCG6A,137,153,137,144,178900
11/4/2025,UNVRHDCM6A,0,0,0,0,0
11/4/2025,UNVRHDPG6A,16,18,15,18,1205100
11/4/2025,UNVRZPCH6A,127,127,121,121,21400
11/4/2025,UNVRZPCM6A,138,138,128,128,85100
11/4/2025,URBN,139,143,137,142,58400
11/4/2025,UVCR,99,133,93,121,713815500
11/4/2025,VAST,150,151,147,147,133000
11/4/2025,VAST-W,13,13,12,13,39800
11/4/2025,VERN,117,119,116,118,1155800
11/4/2025,VICI,635,640,590,635,700700
11/4/2025,VICO,184,185,180,182,685600
11/4/2025,VINS,153,161,148,150,3249600
11/4/2025,VISI,200,202,198,200,8758500
11/4/2025,VIVA,29,29,29,29,1634100
11/4/2025,VKTR,360,362,336,354,70939300
11/4/2025,VOKS,298,298,270,280,912700
11/4/2025,VRNA,86,87,84,86,157800
11/4/2025,VTNY,93,93,90,91,12391100
11/4/2025,WAPO,180,181,174,175,4309700
11/4/2025,WEGE,65,68,64,66,21938800
11/4/2025,WEHA,105,106,104,105,1188800
11/4/2025,WGSH,280,288,260,278,2204200
11/4/2025,WICO,0,0,0,0,0
11/4/2025,WIDI,41,43,41,42,9538400
11/4/2025,WIFI,3160,3300,3150,3190,108923300
11/4/2025,WIIM,1445,1570,1415,1560,43213300
11/4/2025,WIKA,0,0,0,0,0
11/4/2025,WINE,202,210,199,202,4081200
11/4/2025,WINR,44,44,38,38,20029900
11/4/2025,WINS,448,454,434,436,4217000
11/4/2025,WIRG,106,106,102,103,225228600
11/4/2025,WMPP,0,0,0,0,0
11/4/2025,WMUU,28,29,28,29,30467700
11/4/2025,WOMF,334,334,330,334,179600
11/4/2025,WOOD,460,460,446,446,2288700
11/4/2025,WOWS,81,87,79,80,163194800
11/4/2025,WSBP,23,24,23,23,21281400
11/4/2025,WSKT,0,0,0,0,0
11/4/2025,WTON,103,105,101,104,18688000
11/4/2025,XAQA,0,0,0,0,0
11/4/2025,XBES,0,0,0,0,0
11/4/2025,XBID,546,546,543,543,40600
11/4/2025,XBIG,0,0,0,0,0
11/4/2025,XBIN,612,612,612,612,40000
11/4/2025,XBLQ,502,502,502,502,100
11/4/2025,XBNI,0,0,0,0,0
11/4/2025,XBSK,465,465,465,465,40000
11/4/2025,XCEG,112,112,111,111,10300
11/4/2025,XCID,59,60,57,59,236700
11/4/2025,XCIS,79,86,79,84,60800
11/4/2025,XCLQ,128,128,90,95,79200
11/4/2025,XDIF,655,655,464,625,45300
11/4/2025,XIFE,115,115,115,115,300
11/4/2025,XIHD,672,673,670,670,1700
11/4/2025,XIIC,0,0,0,0,0
11/4/2025,XIID,0,0,0,0,0
11/4/2025,XIIF,0,0,0,0,0
11/4/2025,XIIT,546,550,546,548,45000
11/4/2025,XIJI,688,688,677,677,1800
11/4/2025,XILV,106,124,106,124,3400
11/4/2025,XIML,266,266,224,224,1000
11/4/2025,XIPB,218,248,185,196,34200
11/4/2025,XIPI,229,229,229,229,1200
11/4/2025,XISB,0,0,0,0,0
11/4/2025,XISC,920,1090,818,818,50300
11/4/2025,XISI,353,353,353,353,100
11/4/2025,XISR,470,470,470,470,200
11/4/2025,XKID,1005,1005,1005,1005,100
11/4/2025,XKIV,617,617,610,610,40100
11/4/2025,XKMS,1183,1183,1183,1183,100
11/4/2025,XMGB,1137,1137,1137,1137,100
11/4/2025,XMIG,227,227,227,227,100
11/4/2025,XMLF,930,930,925,925,44100
11/4/2025,XMSK,405,405,404,404,200
11/4/2025,XNVE,0,0,0,0,0
11/4/2025,XPDV,555,805,555,640,42000
11/4/2025,XPFT,586,586,586,586,100
11/4/2025,XPIN,674,675,674,675,12800
11/4/2025,XPLQ,0,0,0,0,0
11/4/2025,XPSG,0,0,0,0,0
11/4/2025,XPTD,502,502,500,501,3100
11/4/2025,XSBC,108,108,107,107,20300
11/4/2025,XSPI,0,0,0,0,0
11/4/2025,XSSI,87,87,85,86,26600
11/4/2025,XSSK,727,727,721,721,20100
11/4/2025,YELO,67,69,67,69,10932700
11/4/2025,YOII,101,101,99,101,2661800
11/4/2025,YPAS,472,472,472,472,4800
11/4/2025,YULE,2690,2700,2600,2700,21400
11/4/2025,YUPI,1705,1710,1685,1695,75600
11/4/2025,ZATA,67,68,64,65,39543900
11/4/2025,ZBRA,0,0,0,0,0
11/4/2025,ZINC,32,32,30,30,14832900
11/4/2025,ZONE,580,585,570,585,12100
11/4/2025,ZYRX,143,144,141,142,240800
