<date>,<ticker>,<open>,<high>,<low>,<close>,<volume>
10/2/2025,IHSG,8070.430,8109.440,8059.050,8071.081,41318758500
10/2/2025,AADI,7500,7750,7400,7600,21899900
10/2/2025,AADIDRCN6A,85,89,83,85,1685900
10/2/2025,AADIHDCK6A,85,90,84,87,103400
10/2/2025,AADIYUCK6A,282,294,282,294,70400
10/2/2025,AALI,8000,8050,7825,7950,2052900
10/2/2025,ABBA,62,62,62,62,10342600
10/2/2025,ABDA,2970,2970,2970,2970,200
10/2/2025,ABMM,2880,2880,2850,2870,720700
10/2/2025,ACES,424,428,420,422,34412500
10/2/2025,ACESBQCV5A,8,8,6,8,5510200
10/2/2025,ACESBQCX5B,7,8,6,7,1533100
10/2/2025,ACESBQCZ5A,16,16,16,16,42400
10/2/2025,ACESDRCJ6A,11,12,11,11,1406000
10/2/2025,ACESHDCZ5A,0,0,0,0,0
10/2/2025,ACESZPCJ6A,17,17,17,17,2500
10/2/2025,ACRO,84,87,82,85,8701000
10/2/2025,ACRO-W,14,14,13,13,4823700
10/2/2025,ACST,149,156,146,147,15165100
10/2/2025,ADCP,60,61,59,60,28522100
10/2/2025,ADES,13575,13800,13400,13600,92500
10/2/2025,ADHI,282,286,276,280,15688000
10/2/2025,ADMF,9000,9000,8725,8825,236400
10/2/2025,ADMG,141,141,138,139,244300
10/2/2025,ADMR,1070,1140,1060,1090,117844000
10/2/2025,ADMRDRCJ6A,36,42,36,38,3040700
10/2/2025,ADMRHDCJ6A,0,0,0,0,0
10/2/2025,ADMRZPCH6A,62,62,57,57,65400
10/2/2025,ADRO,1675,1705,1670,1670,49443100
10/2/2025,ADROBQCG6A,0,0,0,0,0
10/2/2025,ADROBQCZ5A,14,14,13,13,1291800
10/2/2025,ADRODRCJ6A,48,48,48,48,70100
10/2/2025,ADRODRCX5A,30,30,28,28,462100
10/2/2025,ADROHDCZ5A,41,41,41,41,600
10/2/2025,ADROHDPH6A,123,124,123,124,202600
10/2/2025,ADROYUCZ5A,0,0,0,0,0
10/2/2025,ADROZPCF6A,21,21,21,21,3900
10/2/2025,ADROZPCK6A,45,48,45,45,151700
10/2/2025,AEGS,51,51,47,47,28112100
10/2/2025,AGAR,244,248,238,242,127000
10/2/2025,AGII,880,1100,880,1000,26295800
10/2/2025,AGRO,258,272,252,254,177226000
10/2/2025,AGRS,77,80,77,78,13659100
10/2/2025,AHAP,85,92,82,84,96760200
10/2/2025,AIMS,402,406,402,406,584600
10/2/2025,AISA,143,144,140,142,7685600
10/2/2025,AKKU,0,0,0,0,0
10/2/2025,AKPI,570,580,565,570,12600
10/2/2025,AKRA,1140,1155,1115,1115,29380300
10/2/2025,AKRABQCX5B,28,28,22,22,3900
10/2/2025,AKRADRCX5A,21,21,20,20,100100
10/2/2025,AKRAHDCH6A,48,48,48,48,43700
10/2/2025,AKRAZPCJ6A,39,39,39,39,120200
10/2/2025,AKRAZPCX5A,0,0,0,0,0
10/2/2025,AKSI,328,336,316,320,813300
10/2/2025,ALDO,492,494,492,494,24700
10/2/2025,ALII,570,670,535,565,20585200
10/2/2025,ALKA,334,340,332,336,130000
10/2/2025,ALMI,0,0,0,0,0
10/2/2025,ALTO,0,0,0,0,0
10/2/2025,AMAG,360,368,354,362,118800
10/2/2025,AMAN,162,164,150,153,6907000
10/2/2025,AMAR,210,216,210,214,3821500
10/2/2025,AMFG,3380,3470,3380,3470,42700
10/2/2025,AMIN,240,242,232,234,261800
10/2/2025,AMMN,6925,7050,6825,6825,26745600
10/2/2025,AMMNBQCZ5A,16,17,14,15,6099600
10/2/2025,AMMNDRCJ6A,45,45,42,42,98200
10/2/2025,AMMNHDCH6A,67,67,67,67,1200
10/2/2025,AMMNZPCG6A,28,28,27,27,3700
10/2/2025,AMMS,230,246,230,236,5681800
10/2/2025,AMOR,458,460,454,454,79100
10/2/2025,AMRT,1875,1970,1850,1940,65203000
10/2/2025,AMRTDRCZ5A,18,21,18,19,3013100
10/2/2025,AMRTHDCJ6A,11,14,11,13,12325000
10/2/2025,AMRTZPCK6A,17,20,17,20,363600
10/2/2025,AMRTZPCX5A,21,24,21,24,65800
10/2/2025,ANDI,31,31,28,29,16660100
10/2/2025,ANJT,2090,2200,2040,2190,2054000
10/2/2025,ANTM,3190,3200,3100,3110,133099000
10/2/2025,ANTMBQCX5A,57,58,51,52,183600
10/2/2025,ANTMBQCZ5A,0,0,0,0,0
10/2/2025,ANTMDRCG6A,48,48,44,44,989100
10/2/2025,ANTMDRCX5A,308,308,308,308,1500
10/2/2025,ANTMDRPZ5A,37,40,37,40,74300
10/2/2025,ANTMHDCH6A,0,0,0,0,0
10/2/2025,ANTMHDCH6B,131,131,131,131,1000
10/2/2025,ANTMHDPH6A,0,0,0,0,0
10/2/2025,ANTMZPCJ6A,77,77,72,72,20600
10/2/2025,ANTMZPCK6A,32,32,29,30,744100
10/2/2025,ANTMZPCX5A,206,206,204,204,59100
10/2/2025,APEX,131,138,127,129,171526400
10/2/2025,APIC,1165,1170,1155,1170,4910500
10/2/2025,APII,184,185,179,180,249900
10/2/2025,APLI,480,480,430,462,64300
10/2/2025,APLN,103,105,102,102,11038100
10/2/2025,ARCI,1010,1010,950,960,162412100
10/2/2025,AREA,615,615,550,570,1712800
10/2/2025,ARGO,1170,1190,1150,1150,37800
10/2/2025,ARII,290,296,284,292,496700
10/2/2025,ARKA,36,36,36,36,5479000
10/2/2025,ARKO,1630,1655,1545,1605,791100
10/2/2025,ARMY,0,0,0,0,0
10/2/2025,ARNA,535,540,530,540,1046700
10/2/2025,ARTA,3110,3140,2700,2700,900
10/2/2025,ARTI,0,0,0,0,0
10/2/2025,ARTO,2190,2340,2170,2200,41722900
10/2/2025,ARTOBQCX5B,100,122,100,106,6539100
10/2/2025,ARTOBQCZ5A,15,21,15,17,7915900
10/2/2025,ARTODRCK6A,80,87,73,75,1964600
10/2/2025,ARTODRCX5A,57,62,53,53,1798600
10/2/2025,ARTOHDCZ5A,122,122,122,122,200
10/2/2025,ARTOZPCK6A,53,56,49,49,155600
10/2/2025,ARTOZPCX5A,0,0,0,0,0
10/2/2025,ASBI,444,460,444,456,12300
10/2/2025,ASDM,555,555,535,540,37200
10/2/2025,ASGR,1155,1155,1125,1130,567700
10/2/2025,ASHA,81,81,76,76,34533300
10/2/2025,ASII,5750,5750,5625,5700,29346300
10/2/2025,ASIIBQCZ5A,108,108,108,108,32300
10/2/2025,ASIIDRCX5A,0,0,0,0,0
10/2/2025,ASIIDRCX6A,0,0,0,0,0
10/2/2025,ASIIHDCZ5A,0,0,0,0,0
10/2/2025,ASIIZPCJ6A,117,117,117,117,100
10/2/2025,ASJT,126,132,118,125,3846800
10/2/2025,ASLC,86,93,84,90,127848500
10/2/2025,ASLI,121,121,90,121,602052000
10/2/2025,ASMI,35,35,34,34,5897700
10/2/2025,ASPI,720,720,690,690,526400
10/2/2025,ASPR,100,104,100,101,8906400
10/2/2025,ASRI,180,183,174,176,54788300
10/2/2025,ASRM,388,418,360,368,1874100
10/2/2025,ASSA,845,860,835,840,2845600
10/2/2025,ATAP,64,64,61,62,853800
10/2/2025,ATIC,426,436,420,432,396200
10/2/2025,ATLA,91,94,81,85,1303722800
10/2/2025,AUTO,2310,2340,2300,2340,1828000
10/2/2025,AUTODRCV6A,56,56,55,55,12000
10/2/2025,AUTOZPCJ6A,30,30,30,30,1000
10/2/2025,AVIA,406,408,402,406,5291400
10/2/2025,AVIADRCV6A,60,60,59,59,73200
10/2/2025,AVIAZPCJ6A,15,15,15,15,32700
10/2/2025,AWAN,248,248,230,236,19786600
10/2/2025,AXIO,131,132,128,130,454500
10/2/2025,AYAM,174,183,174,181,127564600
10/2/2025,AYLS,118,120,114,115,9430600
10/2/2025,BABP,57,59,57,58,18616200
10/2/2025,BABY,304,318,300,306,11321000
10/2/2025,BACA,145,170,145,155,38474300
10/2/2025,BAIK,113,115,109,115,2675700
10/2/2025,BAIK-W,15,15,13,14,13121000
10/2/2025,BAJA,174,179,163,165,27433600
10/2/2025,BALI,1310,1310,1270,1270,18000
10/2/2025,BANK,805,815,800,805,5984400
10/2/2025,BANK-W,0,0,0,0,0
10/2/2025,BAPA,80,82,79,81,4388600
10/2/2025,BAPI,29,29,27,27,22073700
10/2/2025,BATA,57,57,57,57,1601700
10/2/2025,BATR,103,109,102,107,6177400
10/2/2025,BAUT,50,50,49,49,10102000
10/2/2025,BAYU,1315,1315,1300,1310,73400
10/2/2025,BBCA,7500,7600,7500,7500,126952400
10/2/2025,BBCABQCG6A,0,0,0,0,0
10/2/2025,BBCABQCV5A,16,19,13,13,13094800
10/2/2025,BBCABQCX5A,16,18,15,16,6036400
10/2/2025,BBCADRCF6A,27,27,26,26,17300
10/2/2025,BBCADRCX6A,3310,3310,3310,3310,1500
10/2/2025,BBCAHDCQ7A,46,46,46,46,25100
10/2/2025,BBCAHDCV5A,11,11,10,11,2171600
10/2/2025,BBCAYUCK6A,168,168,164,164,22600
10/2/2025,BBCAZPCF6A,16,17,15,17,13894600
10/2/2025,BBCAZPCH6A,62,63,62,62,450600
10/2/2025,BBHI,1555,1640,1505,1525,4822500
10/2/2025,BBKP,76,81,75,78,489667400
10/2/2025,BBLD,910,915,910,915,31000
10/2/2025,BBMD,2060,2080,2040,2080,2500
10/2/2025,BBNI,4050,4100,4040,4040,34730200
10/2/2025,BBNIBQCG6A,66,67,65,65,44300
10/2/2025,BBNIBQCV5A,12,13,10,11,7412400
10/2/2025,BBNIDRCX6A,0,0,0,0,0
10/2/2025,BBNIDRCZ5A,41,41,40,40,1010100
10/2/2025,BBNIDRPZ5A,0,0,0,0,0
10/2/2025,BBNIHDCQ7A,73,73,73,73,100
10/2/2025,BBNIYUCV5A,0,0,0,0,0
10/2/2025,BBNIZPCH6A,0,0,0,0,0
10/2/2025,BBNIZPCX5A,35,35,35,35,17100
10/2/2025,BBRI,3760,3790,3710,3710,379620000
10/2/2025,BBRIBQCJ6A,50,50,47,47,4000
10/2/2025,BBRIBQCZ5A,42,42,40,40,65600
10/2/2025,BBRIDRCN6A,97,98,94,95,760300
10/2/2025,BBRIDRCX5A,96,98,95,95,15300
10/2/2025,BBRIDRCX6A,2070,2070,2030,2040,5600
10/2/2025,BBRIDRPZ5A,61,61,60,60,26600
10/2/2025,BBRIHDCH6A,0,0,0,0,0
10/2/2025,BBRIHDCQ7A,76,76,76,76,1000
10/2/2025,BBRIYUCV5A,42,42,39,39,17700
10/2/2025,BBRIZPCH6A,74,74,72,72,3007200
10/2/2025,BBRIZPCX5A,0,0,0,0,0
10/2/2025,BBRM,86,86,84,84,4630100
10/2/2025,BBSI,4670,4670,4320,4460,153100
10/2/2025,BBSS,340,342,330,342,354200
10/2/2025,BBTN,1265,1285,1250,1265,23851100
10/2/2025,BBTNDRCV6A,77,77,74,74,113600
10/2/2025,BBTNHDCZ5A,101,102,101,102,877800
10/2/2025,BBTNYUCZ5A,69,69,69,69,2500
10/2/2025,BBTNZPCG6A,47,48,47,48,2300
10/2/2025,BBYB,372,430,372,420,756550200
10/2/2025,BCAP,67,68,66,67,33872000
10/2/2025,BCIC,0,0,0,0,0
10/2/2025,BCIP,120,124,119,124,33250600
10/2/2025,BDKR,166,167,163,165,19767500
10/2/2025,BDMN,2390,2400,2360,2380,748400
10/2/2025,BEBS,0,0,0,0,0
10/2/2025,BEEF,0,0,0,0,0
10/2/2025,BEER,110,123,108,117,16372100
10/2/2025,BEKS,28,29,28,29,51468600
10/2/2025,BELI,372,374,368,372,179900
10/2/2025,BELL,70,71,67,67,39778800
10/2/2025,BESS,1090,1090,1050,1070,268300
10/2/2025,BEST,112,122,112,117,51545900
10/2/2025,BFIN,765,770,750,760,13782300
10/2/2025,BFINDRCK6A,24,24,24,24,500
10/2/2025,BGTG,115,122,112,114,132561400
10/2/2025,BHAT,870,885,870,870,1940800
10/2/2025,BHIT,37,37,37,37,9715400
10/2/2025,BIKA,0,0,0,0,0
10/2/2025,BIKE,1015,1045,1015,1025,11366500
10/2/2025,BIMA,80,80,80,80,96400
10/2/2025,BINA,4500,4680,4450,4500,15200
10/2/2025,BINO,127,127,125,127,453100
10/2/2025,BIPI,103,105,97,101,677735200
10/2/2025,BIPP,44,45,44,44,808200
10/2/2025,BIRD,1775,1785,1755,1770,1334900
10/2/2025,BISI,880,880,875,875,88900
10/2/2025,BJBR,765,770,760,765,2714700
10/2/2025,BJTM,510,515,510,515,4814000
10/2/2025,BKDP,46,46,44,44,207500
10/2/2025,BKSL,148,149,143,144,211538300
10/2/2025,BKSW,66,72,65,66,53083000
10/2/2025,BLES,180,180,170,174,9484300
10/2/2025,BLOG,520,520,505,515,3084500
10/2/2025,BLTA,34,34,33,33,7656000
10/2/2025,BLTZ,0,0,0,0,0
10/2/2025,BLUE,0,0,0,0,0
10/2/2025,BMAS,780,780,775,775,12400
10/2/2025,BMBL,56,60,51,60,22938400
10/2/2025,BMHS,167,168,165,166,3921700
10/2/2025,BMRI,4410,4440,4360,4360,93387400
10/2/2025,BMRIBQCJ6A,0,0,0,0,0
10/2/2025,BMRIBQCZ5A,19,19,18,18,997200
10/2/2025,BMRIDRCX5A,34,34,34,34,100
10/2/2025,BMRIDRCX6A,2010,2010,2010,2010,1000
10/2/2025,BMRIHDCQ7A,0,0,0,0,0
10/2/2025,BMRIYUCK6A,113,113,113,113,300
10/2/2025,BMRIZPCH6A,47,47,46,46,5843800
10/2/2025,BMRIZPCX5A,19,19,18,18,200
10/2/2025,BMSR,316,320,306,306,143900
10/2/2025,BMTR,158,160,156,158,37844800
10/2/2025,BNBA,725,825,725,800,2666100
10/2/2025,BNBR,52,52,51,51,30740900
10/2/2025,BNGA,1685,1685,1665,1680,4834100
10/2/2025,BNGADRCK6A,0,0,0,0,0
10/2/2025,BNGAZPCH6A,0,0,0,0,0
10/2/2025,BNII,210,212,206,210,1751900
10/2/2025,BNLI,5500,6500,5500,5850,997100
10/2/2025,BOAT,129,135,127,132,8732700
10/2/2025,BOBA,190,190,178,184,97500
10/2/2025,BOGA,500,500,498,500,29900
10/2/2025,BOLA,180,183,175,178,1138200
10/2/2025,BOLT,1090,1090,1075,1075,8400
10/2/2025,BOSS,0,0,0,0,0
10/2/2025,BPFI,318,320,318,320,3200
10/2/2025,BPII,540,545,540,540,121300
10/2/2025,BPTR,97,99,95,98,869900
10/2/2025,BRAM,0,0,0,0,0
10/2/2025,BREN,9175,9275,9025,9175,23891800
10/2/2025,BRIS,2600,2620,2600,2600,7999600
10/2/2025,BRISBQCZ5A,0,0,0,0,0
10/2/2025,BRISDRCJ6A,39,39,39,39,100
10/2/2025,BRISHDCH6A,0,0,0,0,0
10/2/2025,BRISHDCZ5A,0,0,0,0,0
10/2/2025,BRISYUCV5A,0,0,0,0,0
10/2/2025,BRISZPCG6A,0,0,0,0,0
10/2/2025,BRMS,945,975,920,955,829264300
10/2/2025,BRMSBQCZ5A,240,256,240,256,24900
10/2/2025,BRMSDRCJ6A,174,179,164,175,1432700
10/2/2025,BRMSDRPX5A,7,7,4,5,19767700
10/2/2025,BRMSHDCH6A,276,284,274,280,4200
10/2/2025,BRMSHDCZ5A,0,0,0,0,0
10/2/2025,BRMSYUCV5A,158,174,158,166,571400
10/2/2025,BRMSZPCG6A,268,286,268,280,92100
10/2/2025,BRNA,680,705,680,705,11900
10/2/2025,BRPT,3800,3870,3760,3850,90607500
10/2/2025,BRPTBQCV5A,0,0,0,0,0
10/2/2025,BRPTBQCX5B,318,320,318,320,29900
10/2/2025,BRPTBQCZ5A,0,0,0,0,0
10/2/2025,BRPTDRCF6A,412,412,404,404,2000000
10/2/2025,BRPTDRCJ6A,256,256,256,256,526000
10/2/2025,BRPTDRCX5A,0,0,0,0,0
10/2/2025,BRPTDRPV5A,2,3,1,1,100700900
10/2/2025,BRPTHDCH6A,376,376,376,376,1100
10/2/2025,BRPTHDCH6B,0,0,0,0,0
10/2/2025,BRPTHDPG6A,89,89,89,89,2500
10/2/2025,BRPTYUCZ5A,0,0,0,0,0
10/2/2025,BRPTZPCF6A,0,0,0,0,0
10/2/2025,BRPTZPCK6A,94,94,91,94,123900
10/2/2025,BRPTZPCX5A,0,0,0,0,0
10/2/2025,BRRC,76,76,74,74,5218400
10/2/2025,BRRC-W,14,15,14,15,366100
10/2/2025,BSBK,93,95,89,90,348294500
10/2/2025,BSDE,1050,1075,1030,1035,16986600
10/2/2025,BSDEDRCJ6A,0,0,0,0,0
10/2/2025,BSDEZPCH6A,59,63,59,60,160100
10/2/2025,BSIM,880,905,865,875,34600
10/2/2025,BSML,120,127,117,124,58229100
10/2/2025,BSSR,3910,3910,3890,3910,393200
10/2/2025,BSWD,1315,1315,1315,1315,200
10/2/2025,BTEK,26,26,26,26,275583600
10/2/2025,BTEL,0,0,0,0,0
10/2/2025,BTON,384,388,380,388,25500
10/2/2025,BTPN,2080,2090,2060,2070,16000
10/2/2025,BTPS,1420,1440,1400,1405,5134500
10/2/2025,BTPSDRCK6A,47,47,45,45,502200
10/2/2025,BTPSHDCJ6A,0,0,0,0,0
10/2/2025,BTPSZPCH6A,37,37,37,37,50000
10/2/2025,BUAH,1420,1435,1385,1405,301900
10/2/2025,BUDI,212,214,210,210,82700
10/2/2025,BUKA,181,183,172,174,571051100
10/2/2025,BUKABQCZ5B,20,20,17,19,7714600
10/2/2025,BUKADRCK6A,20,20,18,18,4344200
10/2/2025,BUKAHDCZ5A,126,126,125,125,200100
10/2/2025,BUKK,1020,1020,980,1000,27400
10/2/2025,BULL,189,192,182,189,328957700
10/2/2025,BUMI,163,167,156,163,5836304600
10/2/2025,BUVA,545,625,535,600,435036500
10/2/2025,BVIC,110,113,109,111,9045000
10/2/2025,BVIC-W,45,45,44,45,7300
10/2/2025,BWPT,137,138,133,137,86565600
10/2/2025,BYAN,18300,18300,18025,18200,9300
10/2/2025,CAKK,181,184,174,183,1134800
10/2/2025,CAMP,216,216,210,212,1766000
10/2/2025,CANI,51,51,47,47,590200
10/2/2025,CARE,290,302,286,300,21569400
10/2/2025,CARS,140,144,136,142,68497600
10/2/2025,CASA,1125,1140,1120,1130,4110500
10/2/2025,CASH,160,169,156,169,3775700
10/2/2025,CASS,2600,2600,2550,2590,15600
10/2/2025,CBDK,6550,6825,6500,6800,12576500
10/2/2025,CBMF,0,0,0,0,0
10/2/2025,CBPE,294,320,282,288,12319700
10/2/2025,CBRE,735,805,735,805,54768600
10/2/2025,CBUT,1480,1480,1385,1440,52100
10/2/2025,CCSI,348,354,330,344,384800
10/2/2025,CDIA,1705,1740,1655,1710,253137700
10/2/2025,CEKA,2630,2650,2610,2610,8300
10/2/2025,CENT,121,125,119,122,13364600
10/2/2025,CFIN,316,318,314,316,1261400
10/2/2025,CGAS,150,151,145,150,9481200
10/2/2025,CHEK,181,183,179,180,14812600
10/2/2025,CHEM,97,112,96,107,177779200
10/2/2025,CHIP,1400,1405,1385,1400,113000
10/2/2025,CINT,162,168,157,159,439700
10/2/2025,CITA,4040,4040,3990,4010,210700
10/2/2025,CITY,118,121,113,117,1601400
10/2/2025,CLAY,0,0,0,0,0
10/2/2025,CLEO,520,530,520,525,8573500
10/2/2025,CLPI,1280,1280,1265,1280,7100
10/2/2025,CMNP,1290,1300,1290,1295,296500
10/2/2025,CMNP-W,356,358,310,310,500
10/2/2025,CMNT,810,810,795,805,21126700
10/2/2025,CMPP,98,98,97,97,234400
10/2/2025,CMRY,4480,4520,4360,4470,2138000
10/2/2025,CMRYDRCK6A,0,0,0,0,0
10/2/2025,CMRYZPCJ6A,0,0,0,0,0
10/2/2025,CNKO,96,97,96,97,25539100
10/2/2025,CNMA,120,123,119,119,51761700
10/2/2025,CNTB,0,0,0,0,0
10/2/2025,CNTX,0,0,0,0,0
10/2/2025,COAL,64,64,61,62,19631800
10/2/2025,COCO,478,478,438,450,21027300
10/2/2025,COIN,3510,3740,3450,3660,78168900
10/2/2025,COWL,0,0,0,0,0
10/2/2025,CPIN,4680,4720,4660,4680,2016100
10/2/2025,CPINDRCG6A,68,68,68,68,1000000
10/2/2025,CPINZPCJ6A,0,0,0,0,0
10/2/2025,CPRI,0,0,0,0,0
10/2/2025,CPRO,75,77,73,73,584015800
10/2/2025,CRAB,254,258,242,244,6507900
10/2/2025,CRSN,116,116,111,113,486000
10/2/2025,CSAP,326,326,318,322,608400
10/2/2025,CSIS,232,240,212,212,8847600
10/2/2025,CSMI,458,478,428,454,21360900
10/2/2025,CSRA,815,825,805,820,12226500
10/2/2025,CTBN,5100,5100,5100,5100,400
10/2/2025,CTRA,910,925,890,890,32345300
10/2/2025,CTRADRCJ6A,16,16,15,15,604300
10/2/2025,CTRAHDCK6A,0,0,0,0,0
10/2/2025,CTRAYUCZ5A,37,37,35,35,49900
10/2/2025,CTRAZPCG6A,1,27,1,26,300900
10/2/2025,CTTH,41,41,41,41,2605000
10/2/2025,CUAN,1630,1630,1605,1610,48573900
10/2/2025,CYBR,1170,1195,1150,1170,17474200
10/2/2025,CYBR-W,680,695,645,665,616600
10/2/2025,DAAZ,2970,3000,2890,2920,347800
10/2/2025,DADA,147,150,147,150,179848000
10/2/2025,DART,175,175,168,170,226100
10/2/2025,DATA,3580,4200,3350,3780,11613600
10/2/2025,DAYA,1015,1045,985,1030,70000
10/2/2025,DCII,289000,301000,279975,284900,4300
10/2/2025,DEAL,0,0,0,0,0
10/2/2025,DEFI,240,252,210,210,349900
10/2/2025,DEPO,322,384,300,344,4719300
10/2/2025,DEWA,298,340,288,334,1508918500
10/2/2025,DEWI,113,116,112,116,63749600
10/2/2025,DFAM,87,87,84,85,2302600
10/2/2025,DGIK,95,96,94,95,2696500
10/2/2025,DGNS,143,143,140,142,727900
10/2/2025,DGWG,408,410,404,406,7495800
10/2/2025,DIGI,40,40,40,40,1541700
10/2/2025,DILD,138,139,136,137,12123400
10/2/2025,DIVA,138,184,138,184,87754100
10/2/2025,DKFT,730,750,725,735,32996700
10/2/2025,DKHH,98,101,98,99,6714000
10/2/2025,DKHH-W,21,22,20,21,11381600
10/2/2025,DLTA,1995,1995,1980,1990,63500
10/2/2025,DMAS,137,138,136,137,22036800
10/2/2025,DMMX,378,466,376,426,18428800
10/2/2025,DMND,595,625,580,600,742700
10/2/2025,DNAR,123,124,120,121,2846200
10/2/2025,DNET,9150,9150,9100,9150,9700
10/2/2025,DOID,360,368,360,364,7882900
10/2/2025,DOOH,173,180,170,179,120269200
10/2/2025,DOSS,163,167,159,161,1651200
10/2/2025,DPNS,326,326,312,314,45700
10/2/2025,DPUM,69,69,66,68,1045500
10/2/2025,DRMA,1020,1040,1020,1025,848600
10/2/2025,DSFI,87,87,84,85,9061600
10/2/2025,DSNG,1600,1675,1545,1665,24965800
10/2/2025,DSNGDRCK6A,79,81,79,81,14000
10/2/2025,DSNGHDCK6A,86,98,86,98,4100
10/2/2025,DSSA,105500,105500,103500,104900,1032000
10/2/2025,DUCK,0,0,0,0,0
10/2/2025,DUTI,4400,4420,4400,4420,10800
10/2/2025,DVLA,1625,1640,1625,1630,5900
10/2/2025,DWGL,665,665,665,665,17586900
10/2/2025,DYAN,90,91,88,88,3930200
10/2/2025,EAST,93,94,93,93,1572800
10/2/2025,ECII,198,200,196,200,423800
10/2/2025,EDGE,4290,4290,4120,4290,39100
10/2/2025,EKAD,184,185,183,183,98200
10/2/2025,ELIT,188,194,188,190,8613000
10/2/2025,ELPI,354,358,352,354,187200
10/2/2025,ELSA,490,494,486,486,11277800
10/2/2025,ELSADRCJ6A,32,32,32,32,25000
10/2/2025,ELSAHDCK6A,36,36,36,36,44500
10/2/2025,ELSAZPCG6A,0,0,0,0,0
10/2/2025,ELTY,28,28,26,26,116528700
10/2/2025,EMAS,4010,4950,4010,4660,370782400
10/2/2025,EMDE,99,100,97,97,2306300
10/2/2025,EMTK,1650,1700,1490,1540,609757800
10/2/2025,EMTKBQCZ5A,555,555,555,555,2000
10/2/2025,EMTKDRCK6A,160,160,70,89,14528700
10/2/2025,EMTKHDCK6A,185,185,120,131,2130200
10/2/2025,EMTKHDCZ5A,0,0,0,0,0
10/2/2025,EMTKYUCV5A,238,246,230,236,1600
10/2/2025,EMTKZPCH6A,260,262,208,216,424100
10/2/2025,ENAK,695,695,680,695,253900
10/2/2025,ENRG,955,970,915,955,138550700
10/2/2025,ENRGBQCZ5A,85,90,83,86,227600
10/2/2025,ENRGDRCJ6A,177,177,177,177,1000
10/2/2025,ENRGHDCK6A,94,98,93,98,378300
10/2/2025,ENRGHDCZ5A,500,500,500,500,10000
10/2/2025,ENRGZPCG6A,0,0,0,0,0
10/2/2025,ENRGZPCK6A,55,55,50,53,494400
10/2/2025,ENVY,0,0,0,0,0
10/2/2025,ENZO,33,36,33,36,1772200
10/2/2025,EPAC,32,32,30,30,11838300
10/2/2025,EPMT,2240,2280,2240,2250,26100
10/2/2025,ERAA,424,428,410,424,85909600
10/2/2025,ERAABQCZ5A,0,0,0,0,0
10/2/2025,ERAADRCJ6A,9,10,8,9,86667400
10/2/2025,ERAAHDCZ5A,0,0,0,0,0
10/2/2025,ERAAZPCH6A,0,0,0,0,0
10/2/2025,ERAL,324,330,318,324,7946000
10/2/2025,ERTX,168,184,151,158,11800300
10/2/2025,ESIP,96,96,90,94,14508700
10/2/2025,ESSA,745,750,715,720,63340800
10/2/2025,ESSABQCZ5A,67,70,67,67,286800
10/2/2025,ESSADRCN6A,52,52,49,49,46000
10/2/2025,ESSAHDCH6A,69,69,67,67,10000
10/2/2025,ESSAYUCZ5A,56,56,52,53,153400
10/2/2025,ESSAZPCK6A,27,27,25,25,141100
10/2/2025,ESTA,170,170,135,162,72876100
10/2/2025,ESTI,95,95,87,89,6333500
10/2/2025,ETWA,0,0,0,0,0
10/2/2025,EURO,304,318,302,306,67200
10/2/2025,EXCL,2610,2640,2490,2510,16314900
10/2/2025,EXCLHDCJ6A,31,31,25,26,402300
10/2/2025,EXCLZPCF6A,59,59,59,59,900
10/2/2025,FAPA,6075,6100,6075,6100,20700
10/2/2025,FAST,0,0,0,0,0
10/2/2025,FASW,0,0,0,0,0
10/2/2025,FILM,5775,6275,5775,6275,2738300
10/2/2025,FIMP,0,0,0,0,0
10/2/2025,FIRE,97,101,96,100,21416200
10/2/2025,FISH,2570,3060,2570,2920,276700
10/2/2025,FITT,0,0,0,0,0
10/2/2025,FLMC,195,214,195,214,9561700
10/2/2025,FMII,358,370,358,358,800
10/2/2025,FOLK,118,120,113,115,2706800
10/2/2025,FOOD,206,206,206,206,537500
10/2/2025,FORE,510,510,500,505,3851600
10/2/2025,FORU,1170,1175,1100,1120,527700
10/2/2025,FPNI,192,193,190,191,702400
10/2/2025,FUJI,715,725,620,620,6153000
10/2/2025,FUTR,0,0,0,0,0
10/2/2025,FWCT,171,171,158,164,7368300
10/2/2025,GAMA,0,0,0,0,0
10/2/2025,GDST,116,117,109,114,9774000
10/2/2025,GDYR,1170,1210,1165,1180,19100
10/2/2025,GEMA,115,116,110,116,8897500
10/2/2025,GEMS,8900,8950,8850,8875,147400
10/2/2025,GGRM,13375,13525,13000,13150,2702800
10/2/2025,GGRMZPCG6A,125,130,115,121,5355900
10/2/2025,GGRP,240,240,234,234,332500
10/2/2025,GHON,1665,1675,1655,1655,13500
10/2/2025,GIAA,83,83,82,82,51523700
10/2/2025,GJTL,1010,1010,1000,1010,2420200
10/2/2025,GJTLZPCJ6A,21,21,21,21,4600
10/2/2025,GLOB,98,98,98,98,53700
10/2/2025,GLVA,334,334,320,324,31900
10/2/2025,GMFI,78,79,78,78,5460000
10/2/2025,GMTD,2120,2180,2050,2150,30400
10/2/2025,GOLD,264,266,260,264,71900
10/2/2025,GOLF,216,216,212,214,1911000
10/2/2025,GOLL,0,0,0,0,0
10/2/2025,GOOD,370,370,360,370,146700
10/2/2025,GOTO,55,55,54,54,1790087100
10/2/2025,GOTOBQCJ6A,7,8,7,8,3538500
10/2/2025,GOTOBQCZ5A,5,5,4,5,7319300
10/2/2025,GOTODRCG6A,8,8,7,7,9658200
10/2/2025,GOTOHDCK6A,14,14,13,14,148300
10/2/2025,GOTOM,0,0,0,0,0
10/2/2025,GOTOZPCH6A,0,0,0,0,0
10/2/2025,GOTOZPCK6A,0,0,0,0,0
10/2/2025,GPRA,131,132,118,126,131352900
10/2/2025,GPSO,0,0,0,0,0
10/2/2025,GRIA,118,118,113,117,4859700
10/2/2025,GRPH,72,73,70,70,11862400
10/2/2025,GRPM,64,64,62,62,4123300
10/2/2025,GRPM-W,23,23,21,22,8266800
10/2/2025,GSMF,98,99,97,98,4051600
10/2/2025,GTBO,218,226,208,214,2878000
10/2/2025,GTRA,284,286,250,250,10966100
10/2/2025,GTSI,96,119,93,110,1602371100
10/2/2025,GULA,358,358,344,354,2478500
10/2/2025,GUNA,238,238,234,234,1517800
10/2/2025,GWSA,155,155,153,154,256400
10/2/2025,GZCO,234,236,226,228,67725700
10/2/2025,HADE,29,29,29,29,8297300
10/2/2025,HAIS,197,197,192,192,1932600
10/2/2025,HAJJ,128,132,127,128,12019000
10/2/2025,HAJJ-W,23,24,22,23,9798200
10/2/2025,HALO,108,116,106,110,109899100
10/2/2025,HALO-W,20,21,19,19,24099900
10/2/2025,HATM,244,254,244,248,26032700
10/2/2025,HBAT,408,408,342,350,4086000
10/2/2025,HDFA,149,172,142,152,6920600
10/2/2025,HDIT,59,59,59,59,12756400
10/2/2025,HEAL,1680,1680,1645,1655,4868300
10/2/2025,HEALBQCZ5A,44,44,44,44,100
10/2/2025,HEALDRCJ6A,48,48,48,48,19600
10/2/2025,HEALHDCH6A,0,0,0,0,0
10/2/2025,HEALYUCZ5A,0,0,0,0,0
10/2/2025,HEALZPCH6A,0,0,0,0,0
10/2/2025,HELI,236,242,234,240,49100
10/2/2025,HERO,715,715,630,650,617400
10/2/2025,HEXA,4740,4740,4700,4720,263500
10/2/2025,HGII,164,164,159,162,11035700
10/2/2025,HILL,206,224,202,206,4554900
10/2/2025,HITS,0,0,0,0,0
10/2/2025,HKMU,0,0,0,0,0
10/2/2025,HMSP,805,820,795,800,72996700
10/2/2025,HOKI,91,92,86,87,206552600
10/2/2025,HOME,0,0,0,0,0
10/2/2025,HOMI,252,252,244,252,10807100
10/2/2025,HOPE,165,168,164,166,4566300
10/2/2025,HOTL,0,0,0,0,0
10/2/2025,HRME,48,49,46,49,1501200
10/2/2025,HRTA,945,965,930,955,19793200
10/2/2025,HRUM,1245,1270,1215,1240,84647500
10/2/2025,HRUMDRCN6A,66,68,65,67,66000
10/2/2025,HRUMHDCK6A,127,127,80,87,2109800
10/2/2025,HRUMZPCG6A,84,85,84,85,2200
10/2/2025,HUMI,132,140,128,135,227601100
10/2/2025,HUMI-W,24,27,23,25,49022500
10/2/2025,HYGN,163,166,161,165,1157100
10/2/2025,IATA,74,74,70,70,27222300
10/2/2025,IATA-W,27,27,27,27,1100
10/2/2025,IBFN,73,73,73,73,1134400
10/2/2025,IBOS,73,75,68,70,32009400
10/2/2025,IBST,0,0,0,0,0
10/2/2025,ICBP,9425,9625,9400,9500,2820900
10/2/2025,ICBPDRCX6A,0,0,0,0,0
10/2/2025,ICBPHDCJ6A,51,51,51,51,100
10/2/2025,ICBPZPCX5A,23,23,23,23,68000
10/2/2025,ICON,54,54,51,53,181800
10/2/2025,IDEA,89,90,81,81,48263900
10/2/2025,IDPR,0,0,0,0,0
10/2/2025,IFII,236,236,230,230,42500
10/2/2025,IFSH,785,830,785,800,7600
10/2/2025,IGAR,515,530,510,525,31800
10/2/2025,IIKP,0,0,0,0,0
10/2/2025,IKAI,28,28,27,27,21831000
10/2/2025,IKAN,136,139,133,135,11681800
10/2/2025,IKBI,530,540,530,530,158100
10/2/2025,IKPM,226,244,220,230,1116900
10/2/2025,IMAS,1250,1260,1220,1235,676200
10/2/2025,IMJS,242,256,242,250,15226300
10/2/2025,IMPC,2360,2560,2240,2270,52251300
10/2/2025,INAF,0,0,0,0,0
10/2/2025,INAI,158,158,155,156,89000
10/2/2025,INCF,46,47,46,47,6942900
10/2/2025,INCI,605,610,605,605,52400
10/2/2025,INCO,4270,4380,4170,4370,10932400
10/2/2025,INCOBQCF6A,0,0,0,0,0
10/2/2025,INCOBQCV5A,44,59,40,58,428800
10/2/2025,INCODRCK6A,95,95,95,95,3300
10/2/2025,INCODRCX5A,115,115,115,115,200
10/2/2025,INCODRPV5A,1,3,1,1,73245200
10/2/2025,INCOHDCJ6A,106,108,106,108,200
10/2/2025,INCOYUCZ5A,0,0,0,0,0
10/2/2025,INCOZPCK6A,55,58,54,57,64300
10/2/2025,INCOZPCX5A,183,183,180,180,32500
10/2/2025,INDF,7125,7150,7000,7025,9613900
10/2/2025,INDFBQCV5A,9,9,6,6,25052200
10/2/2025,INDFDRCX6A,3470,3470,3470,3470,700
10/2/2025,INDFHDCJ6A,20,20,20,20,32400
10/2/2025,INDO,242,244,240,242,4049400
10/2/2025,INDR,3240,3250,3110,3250,12700
10/2/2025,INDS,226,234,226,228,724500
10/2/2025,INDX,0,0,0,0,0
10/2/2025,INDY,2400,2420,2340,2360,21485400
10/2/2025,INDYDRCN6A,143,143,142,143,2100
10/2/2025,INDYHDCJ6A,274,274,274,274,1510100
10/2/2025,INDYZPCG6A,137,138,137,138,271600
10/2/2025,INET,282,302,280,294,511619400
10/2/2025,INET-W,180,202,180,192,37343100
10/2/2025,INKP,7425,7475,7350,7400,3341700
10/2/2025,INKPBQCX5A,0,0,0,0,0
10/2/2025,INKPDRCF6A,0,0,0,0,0
10/2/2025,INKPDRCG6A,75,75,72,73,8800
10/2/2025,INKPHDCK6A,117,117,117,117,800
10/2/2025,INKPZPCF6A,0,0,0,0,0
10/2/2025,INKPZPCK6A,33,33,32,32,35100
10/2/2025,INOV,100,100,92,94,6069600
10/2/2025,INPC,162,172,162,163,29885800
10/2/2025,INPP,720,740,720,740,135600
10/2/2025,INPS,182,182,167,170,1436600
10/2/2025,INRU,760,760,730,755,15100
10/2/2025,INTA,39,39,39,39,5035500
10/2/2025,INTD,195,199,194,197,22100
10/2/2025,INTP,6525,6650,6450,6525,2702900
10/2/2025,INTPDRCN6A,73,75,72,74,900
10/2/2025,INTPZPCG6A,57,57,57,57,4100
10/2/2025,IOTF,93,98,92,95,95255100
10/2/2025,IPAC,0,0,0,0,0
10/2/2025,IPCC,1060,1065,1040,1050,1532300
10/2/2025,IPCM,306,310,306,306,1734600
10/2/2025,IPOL,140,141,137,139,23100
10/2/2025,IPPE,0,0,0,0,0
10/2/2025,IPTV,40,40,40,40,12334900
10/2/2025,IRRA,450,450,432,434,1182000
10/2/2025,IRSX,288,288,280,280,14922400
10/2/2025,ISAP,50,50,45,47,246462200
10/2/2025,ISAP-W,24,24,21,23,106051700
10/2/2025,ISAT,1710,1735,1675,1695,15759800
10/2/2025,ISATBQCJ6A,0,0,0,0,0
10/2/2025,ISATDRCG6A,0,0,0,0,0
10/2/2025,ISATDRCX5A,23,23,21,21,87900
10/2/2025,ISATHDCJ6A,10,11,9,10,2549100
10/2/2025,ISATZPCF6A,0,0,0,0,0
10/2/2025,ISEA,92,93,90,92,3372600
10/2/2025,ISSP,448,448,432,432,2759000
10/2/2025,ITIC,0,0,0,0,0
10/2/2025,ITMA,1100,1130,1020,1090,2240900
10/2/2025,ITMG,22525,22625,22525,22600,733300
10/2/2025,ITMGDRCV6A,157,157,156,156,1000
10/2/2025,ITMGHDCJ6A,149,149,149,149,700
10/2/2025,ITMGZPCJ6A,0,0,0,0,0
10/2/2025,JARR,0,0,0,0,0
10/2/2025,JAST,99,100,97,98,2148700
10/2/2025,JATI,127,127,122,126,2493900
10/2/2025,JAWA,149,149,146,148,590400
10/2/2025,JAYA,102,103,101,102,626600
10/2/2025,JECC,1045,1045,1020,1025,22000
10/2/2025,JGLE,27,27,25,25,55043400
10/2/2025,JIHD,675,685,660,660,1524900
10/2/2025,JKON,94,94,90,90,19274200
10/2/2025,JMAS,139,142,130,142,759200
10/2/2025,JPFA,2070,2100,2030,2100,26085600
10/2/2025,JPFABQCZ5A,0,0,0,0,0
10/2/2025,JPFADRCJ6A,79,81,78,80,22700
10/2/2025,JPFAHDCZ5A,0,0,0,0,0
10/2/2025,JPFAZPCG6A,138,138,138,138,1000000
10/2/2025,JRPT,855,875,845,860,180100
10/2/2025,JSKY,0,0,0,0,0
10/2/2025,JSMR,3470,3480,3450,3460,1637700
10/2/2025,JSMRDRCK6A,0,0,0,0,0
10/2/2025,JSMRHDCH6A,0,0,0,0,0
10/2/2025,JSMRZPCG6A,0,0,0,0,0
10/2/2025,JSPT,3690,3740,3600,3670,11500
10/2/2025,JTPE,330,332,328,330,236100
10/2/2025,KAEF,545,555,540,550,1560600
10/2/2025,KAQI,79,80,74,75,56761500
10/2/2025,KARW,525,550,525,525,592700
10/2/2025,KAYU,0,0,0,0,0
10/2/2025,KBAG,49,49,47,49,3757100
10/2/2025,KBLI,368,368,358,362,123700
10/2/2025,KBLM,378,378,372,374,48000
10/2/2025,KBLV,0,0,0,0,0
10/2/2025,KBRI,0,0,0,0,0
10/2/2025,KDSI,454,464,446,446,52000
10/2/2025,KDTN,121,122,120,120,123400
10/2/2025,KEEN,960,1000,940,950,4580500
10/2/2025,KEJU,625,635,620,620,887700
10/2/2025,KETR,545,615,530,580,16384800
10/2/2025,KIAS,0,0,0,0,0
10/2/2025,KICI,159,159,146,152,516800
10/2/2025,KIJA,187,189,185,188,126435900
10/2/2025,KING,206,210,204,206,1030600
10/2/2025,KING-W,16,16,15,16,5311200
10/2/2025,KINO,1190,1195,1155,1175,30800
10/2/2025,KIOS,96,109,92,96,101407800
10/2/2025,KJEN,276,276,244,244,29951100
10/2/2025,KKES,39,39,37,38,3362700
10/2/2025,KKGI,322,338,320,332,10434600
10/2/2025,KLAS,137,139,135,135,8261800
10/2/2025,KLBF,1115,1130,1090,1100,52394800
10/2/2025,KLBFBQCJ6A,36,36,36,36,8100
10/2/2025,KLBFBQCV5A,12,14,9,11,5683800
10/2/2025,KLBFDRCG6A,12,13,12,12,66100
10/2/2025,KLBFHDCK6A,51,53,51,52,1500
10/2/2025,KLBFZPCF6A,14,14,14,14,7600
10/2/2025,KLBFZPCJ6A,0,0,0,0,0
10/2/2025,KLIN,182,189,174,182,726800
10/2/2025,KMDS,630,640,630,630,59700
10/2/2025,KMTR,292,306,292,292,408000
10/2/2025,KOBX,144,146,142,143,340400
10/2/2025,KOCI,86,86,81,82,6632700
10/2/2025,KOCI-W,20,21,19,20,3998600
10/2/2025,KOIN,76,76,76,76,8700
10/2/2025,KOKA,330,378,264,314,133211500
10/2/2025,KONI,1910,1910,1795,1810,28900
10/2/2025,KOPI,342,342,328,334,95600
10/2/2025,KOTA,30,30,28,28,33963100
10/2/2025,KPIG,176,176,171,174,48008200
10/2/2025,KRAS,362,364,334,338,77411700
10/2/2025,KREN,23,23,22,22,77510700
10/2/2025,KRYA,204,206,198,200,13119300
10/2/2025,KSIX,270,274,266,272,801500
10/2/2025,KUAS,71,74,71,73,7705500
10/2/2025,LABA,0,0,0,0,0
10/2/2025,LABS,142,142,137,142,789900
10/2/2025,LAJU,77,94,75,86,1231864300
10/2/2025,LAND,46,46,46,46,1122400
10/2/2025,LAPD,240,242,240,242,19311000
10/2/2025,LCGP,0,0,0,0,0
10/2/2025,LCKM,228,230,198,224,401500
10/2/2025,LEAD,83,93,83,87,222907200
10/2/2025,LFLO,312,320,282,316,2489300
10/2/2025,LIFE,9500,9500,9175,9250,5400
10/2/2025,LINK,3260,3620,3260,3260,58700
10/2/2025,LION,655,800,545,800,8737000
10/2/2025,LIVE,181,194,177,181,18436100
10/2/2025,LMAS,0,0,0,0,0
10/2/2025,LMAX,87,93,81,92,10673300
10/2/2025,LMPI,144,144,143,143,143700
10/2/2025,LMSH,0,0,0,0,0
10/2/2025,LOPI,88,88,81,81,11498900
10/2/2025,LPCK,680,685,650,665,906700
10/2/2025,LPGI,494,610,490,610,2125700
10/2/2025,LPIN,480,486,476,478,371800
10/2/2025,LPKR,103,106,102,102,221645600
10/2/2025,LPLI,0,0,0,0,0
10/2/2025,LPPF,1620,1620,1595,1605,1183400
10/2/2025,LPPS,173,195,169,182,115210400
10/2/2025,LRNA,184,187,181,185,33900
10/2/2025,LSIP,1350,1365,1310,1330,7041200
10/2/2025,LSIPDRCK6A,0,0,0,0,0
10/2/2025,LSIPHDCJ6A,0,0,0,0,0
10/2/2025,LSIPYUCZ5A,53,53,53,53,100
10/2/2025,LSIPZPCG6A,0,0,0,0,0
10/2/2025,LTLS,840,850,830,840,80700
10/2/2025,LUCK,115,117,108,109,3886400
10/2/2025,LUCY,92,102,91,102,4288100
10/2/2025,MABA,0,0,0,0,0
10/2/2025,MAGP,0,0,0,0,0
10/2/2025,MAHA,152,154,151,152,3829000
10/2/2025,MAIN,735,755,735,735,1741900
10/2/2025,MANG,85,90,76,77,15677900
10/2/2025,MANG-W,31,33,30,31,19159600
10/2/2025,MAPA,560,560,540,545,20003800
10/2/2025,MAPABQCZ5A,11,11,9,10,299300
10/2/2025,MAPADRCJ6A,10,11,10,10,5138500
10/2/2025,MAPAHDCZ5A,0,0,0,0,0
10/2/2025,MAPAZPCH6A,0,0,0,0,0
10/2/2025,MAPB,1670,1670,1525,1525,17400
10/2/2025,MAPI,1140,1175,1140,1160,31273900
10/2/2025,MAPIBQCV5A,8,9,6,6,13735400
10/2/2025,MAPIDRCX5A,11,13,11,12,7501400
10/2/2025,MAPIHDCK6A,0,0,0,0,0
10/2/2025,MAPIZPCJ6A,45,45,43,43,61600
10/2/2025,MARI,40,40,39,39,4158200
10/2/2025,MARK,635,650,635,645,7938800
10/2/2025,MASA,0,0,0,0,0
10/2/2025,MASB,0,0,0,0,0
10/2/2025,MAXI,60,61,58,59,45625600
10/2/2025,MAYA,280,298,278,286,16491500
10/2/2025,MBAP,1620,1640,1610,1620,48400
10/2/2025,MBMA,635,705,625,650,1014473000
10/2/2025,MBMABQCX5A,60,87,60,66,3149600
10/2/2025,MBMADRCG6A,46,57,42,44,2650300
10/2/2025,MBMADRCX5A,90,102,84,84,1964500
10/2/2025,MBMADRPX5A,7,7,5,7,12267800
10/2/2025,MBMAHDCH6A,130,140,127,127,66500
10/2/2025,MBMAYUCK6A,158,158,150,150,50200
10/2/2025,MBMAZPCK6A,39,46,39,41,4795400
10/2/2025,MBMAZPCX5A,146,175,146,151,90600
10/2/2025,MBSS,1390,1410,1355,1355,2880200
10/2/2025,MBTO,138,139,135,136,718600
10/2/2025,MCAS,825,990,825,990,6794200
10/2/2025,MCOL,3790,3790,3700,3730,25300
10/2/2025,MCOR,77,78,76,77,5627700
10/2/2025,MDIA,39,39,38,39,5546100
10/2/2025,MDIY,1095,1115,1095,1100,674100
10/2/2025,MDKA,2060,2160,2050,2120,138153500
10/2/2025,MDKABQCV5A,45,52,43,47,156300
10/2/2025,MDKABQCX5B,14,17,14,16,1904400
10/2/2025,MDKADRCK6A,49,53,49,50,86300
10/2/2025,MDKADRCV5A,46,53,45,49,4083100
10/2/2025,MDKADRPX5A,0,0,0,0,0
10/2/2025,MDKAHDCZ5A,83,87,83,87,121600
10/2/2025,MDKAHDPH6A,0,0,0,0,0
10/2/2025,MDKAYUCK6A,122,127,122,125,26100
10/2/2025,MDKAZPCF6A,46,48,44,46,6910900
10/2/2025,MDKI,190,193,185,188,1850300
10/2/2025,MDLA,228,228,224,226,4507300
10/2/2025,MDLN,69,71,68,69,41153200
10/2/2025,MDRN,48,48,45,45,48591000
10/2/2025,MEDC,1400,1420,1385,1420,32257500
10/2/2025,MEDCBQCV5A,62,62,62,62,300
10/2/2025,MEDCBQCX5B,0,0,0,0,0
10/2/2025,MEDCBQCZ5A,0,0,0,0,0
10/2/2025,MEDCDRCG6A,45,46,44,44,99900
10/2/2025,MEDCDRPV5A,4,4,3,3,9790500
10/2/2025,MEDCHDCH6A,0,0,0,0,0
10/2/2025,MEDCZPCF6A,46,46,46,46,100
10/2/2025,MEDS,71,75,67,71,65100600
10/2/2025,MEGA,3260,3400,3200,3390,7800
10/2/2025,MEJA,0,0,0,0,0
10/2/2025,MEJA-W,0,0,0,0,0
10/2/2025,MENN,58,58,52,54,59690500
10/2/2025,MERI,228,266,224,260,93262000
10/2/2025,MERK,2830,2830,2810,2820,6300
10/2/2025,META,0,0,0,0,0
10/2/2025,MFMI,0,0,0,0,0
10/2/2025,MGLV,530,575,478,505,2715300
10/2/2025,MGNA,40,40,40,40,596200
10/2/2025,MGNA-W,0,0,0,0,0
10/2/2025,MGRO,780,785,765,785,5354300
10/2/2025,MHKI,192,208,192,204,49724000
10/2/2025,MICE,496,496,488,492,43800
10/2/2025,MIDI,414,422,414,420,1791900
10/2/2025,MIKA,2440,2460,2430,2440,3321700
10/2/2025,MIKADRCV6A,57,57,56,56,200
10/2/2025,MIKAZPCG6A,26,26,26,26,50000
10/2/2025,MINA,174,180,170,173,299069600
10/2/2025,MINE,560,565,545,545,4096900
10/2/2025,MIRA,53,55,53,55,7883400
10/2/2025,MITI,332,338,326,330,6465300
10/2/2025,MKAP,350,350,346,346,305000
10/2/2025,MKNT,0,0,0,0,0
10/2/2025,MKPI,25300,25375,25300,25350,6300
10/2/2025,MKTR,139,146,137,143,2098600
10/2/2025,MKTR-W,13,13,10,11,25307500
10/2/2025,MLBI,5800,5900,5800,5825,14900
10/2/2025,MLIA,348,350,344,346,3016400
10/2/2025,MLPL,238,252,230,230,432566100
10/2/2025,MLPT,148500,163000,148500,163000,5400
10/2/2025,MMIX,434,460,424,444,5841200
10/2/2025,MMLP,565,565,550,560,29822200
10/2/2025,MNCN,290,292,280,282,36571900
10/2/2025,MNCNDRCN6A,42,42,32,32,202300
10/2/2025,MOLI,222,222,216,218,666700
10/2/2025,MORA,444,446,436,436,159500
10/2/2025,MPIX,73,78,73,74,36696700
10/2/2025,MPIX-W,16,17,16,17,421300
10/2/2025,MPMX,930,935,930,935,1748800
10/2/2025,MPOW,116,118,115,115,1404600
10/2/2025,MPPA,82,86,81,82,157107400
10/2/2025,MPRO,5300,5350,5300,5350,82600
10/2/2025,MPXL,194,216,182,195,39030900
10/2/2025,MRAT,298,302,284,290,2070300
10/2/2025,MREI,915,920,900,900,279700
10/2/2025,MSIE,76,76,69,70,13652700
10/2/2025,MSIN,540,560,530,555,21497400
10/2/2025,MSJA,300,306,300,304,2876100
10/2/2025,MSKY,95,103,94,100,69077000
10/2/2025,MSTI,1595,1635,1570,1595,3359100
10/2/2025,MTDL,610,630,605,620,5286300
10/2/2025,MTEL,605,610,595,595,4233500
10/2/2025,MTELDRCK6A,23,23,19,20,14700
10/2/2025,MTFN,28,28,26,26,145027500
10/2/2025,MTLA,436,436,420,434,639000
10/2/2025,MTMH,1320,1330,1300,1320,25200
10/2/2025,MTPS,47,47,46,46,6338000
10/2/2025,MTRA,0,0,0,0,0
10/2/2025,MTSM,0,0,0,0,0
10/2/2025,MTWI,356,356,350,350,161800
10/2/2025,MUTU,116,127,111,118,57971300
10/2/2025,MYOH,1690,1695,1670,1690,15100
10/2/2025,MYOR,2090,2170,2080,2160,14913300
10/2/2025,MYORDRCK6A,63,63,63,63,5000
10/2/2025,MYORZPCH6A,33,33,33,33,125000
10/2/2025,MYTX,0,0,0,0,0
10/2/2025,NAIK,137,137,133,134,11887800
10/2/2025,NAIK-W,25,25,24,24,3817500
10/2/2025,NANO,64,70,61,70,108880500
10/2/2025,NASA,49,49,45,45,2748200
10/2/2025,NASI,138,138,130,132,8802200
10/2/2025,NATO,149,149,143,143,304800
10/2/2025,NAYZ,189,190,181,190,5156800
10/2/2025,NCKL,1170,1180,1135,1140,36577400
10/2/2025,NCKLDRCK6A,52,52,52,52,1000
10/2/2025,NCKLHDCK6A,78,78,72,72,208800
10/2/2025,NCKLYUCZ5A,0,0,0,0,0
10/2/2025,NCKLZPCJ6A,74,74,74,74,1000
10/2/2025,NELY,372,380,368,376,1852400
10/2/2025,NEST,264,268,258,266,6352900
10/2/2025,NETV,130,130,127,128,547600
10/2/2025,NFCX,1705,1940,1675,1735,614900
10/2/2025,NICE,440,448,436,442,11113600
10/2/2025,NICK,1210,1235,1130,1170,17000
10/2/2025,NICL,1080,1115,1070,1090,11841400
10/2/2025,NIKL,242,250,238,240,12893100
10/2/2025,NINE,0,0,0,0,0
10/2/2025,NIRO,122,127,122,125,153000
10/2/2025,NISP,1345,1365,1340,1345,4665200
10/2/2025,NOBU,570,615,570,590,39216000
10/2/2025,NPGF,64,64,60,62,25261600
10/2/2025,NRCA,905,950,895,910,12546700
10/2/2025,NSSS,510,535,496,520,13044000
10/2/2025,NTBK,60,61,59,60,14026100
10/2/2025,NUSA,0,0,0,0,0
10/2/2025,NZIA,117,119,113,116,5303000
10/2/2025,OASA,246,246,236,240,26603300
10/2/2025,OBAT,446,462,442,454,1619900
10/2/2025,OBAT-W,98,105,98,101,1438300
10/2/2025,OBMD,252,258,244,254,1294100
10/2/2025,OCAP,0,0,0,0,0
10/2/2025,OILS,268,286,242,256,24863900
10/2/2025,OKAS,175,176,172,173,7983300
10/2/2025,OLIV,0,0,0,0,0
10/2/2025,OMED,199,200,190,198,458200
10/2/2025,OMRE,0,0,0,0,0
10/2/2025,OPMS,143,150,126,143,43272600
10/2/2025,PACK,1875,1990,1875,1940,4884600
10/2/2025,PADA,111,111,91,100,44148400
10/2/2025,PADI,89,89,87,87,49032800
10/2/2025,PALM,380,398,378,384,1966700
10/2/2025,PAMG,75,76,74,75,4661700
10/2/2025,PANI,14050,14825,14050,14650,16871100
10/2/2025,PANIBQCZ5A,44,51,44,49,3659800
10/2/2025,PANIDRCG6A,84,94,84,92,4553900
10/2/2025,PANIHDCJ6A,115,120,114,120,44200
10/2/2025,PANIHDCZ5A,159,170,158,170,2044100
10/2/2025,PANIZPCJ6A,74,81,69,80,10537400
10/2/2025,PANR,715,725,700,720,2232800
10/2/2025,PANS,1395,1395,1385,1390,92800
10/2/2025,PART,104,104,101,103,14282600
10/2/2025,PART-W,20,20,18,20,3611900
10/2/2025,PBID,488,490,484,486,377400
10/2/2025,PBRX,37,37,35,35,31888800
10/2/2025,PBSA,975,975,870,885,4408600
10/2/2025,PCAR,40,40,38,38,9768400
10/2/2025,PDES,630,640,590,620,3668800
10/2/2025,PDPP,480,486,476,480,169500
10/2/2025,PEGE,115,124,114,124,10479500
10/2/2025,PEHA,324,330,320,328,180300
10/2/2025,PEVE,486,545,460,496,4023700
10/2/2025,PGAS,1680,1680,1630,1635,37127300
10/2/2025,PGASBQCZ5A,0,0,0,0,0
10/2/2025,PGASDRCG6A,0,0,0,0,0
10/2/2025,PGASHDCK6A,0,0,0,0,0
10/2/2025,PGASZPCJ6A,0,0,0,0,0
10/2/2025,PGEO,1375,1400,1345,1355,32193200
10/2/2025,PGEOBQCX5B,16,16,13,14,10775400
10/2/2025,PGEODRCJ6A,35,35,33,33,12032400
10/2/2025,PGEODRPV5A,9,10,9,9,173900
10/2/2025,PGEOHDCH6A,43,43,43,43,7500
10/2/2025,PGEOHDCH6B,52,52,52,52,7600
10/2/2025,PGEOHDPH6A,0,0,0,0,0
10/2/2025,PGEOYUCK6A,86,86,84,85,7900
10/2/2025,PGEOZPCJ6A,0,0,0,0,0
10/2/2025,PGJO,785,870,730,825,1074300
10/2/2025,PGLI,226,274,218,248,2925600
10/2/2025,PGUN,0,0,0,0,0
10/2/2025,PICO,314,334,292,300,7115300
10/2/2025,PIPA,354,402,344,402,247290300
10/2/2025,PJAA,675,680,615,630,4979100
10/2/2025,PKPK,590,600,565,590,346800
10/2/2025,PLAN,59,63,57,60,12991200
10/2/2025,PLAS,0,0,0,0,0
10/2/2025,PLIN,0,0,0,0,0
10/2/2025,PMJS,120,120,118,120,74500
10/2/2025,PMMP,0,0,0,0,0
10/2/2025,PMUI,135,135,129,130,6255500
10/2/2025,PNBN,1055,1070,1045,1055,29417300
10/2/2025,PNBS,53,56,53,55,110390600
10/2/2025,PNGO,2430,2460,2400,2430,6000
10/2/2025,PNIN,810,815,800,805,278600
10/2/2025,PNLF,242,250,242,244,102734400
10/2/2025,PNLFDRCJ6A,12,12,12,12,500
10/2/2025,PNLFHDCZ5A,39,39,39,39,100
10/2/2025,PNLFYUCV5A,7,7,5,6,4335500
10/2/2025,PNLFZPCH6A,35,35,34,34,200
10/2/2025,PNSE,775,800,730,740,511400
10/2/2025,POLA,45,46,45,45,11973900
10/2/2025,POLI,770,770,750,750,1200
10/2/2025,POLL,0,0,0,0,0
10/2/2025,POLU,14075,14075,14075,14075,6200
10/2/2025,POLY,36,36,33,35,2725500
10/2/2025,POOL,0,0,0,0,0
10/2/2025,PORT,970,975,970,975,1100
10/2/2025,POSA,0,0,0,0,0
10/2/2025,POWR,705,710,695,700,3687800
10/2/2025,PPGL,115,115,107,107,1833300
10/2/2025,PPRE,96,96,93,95,7613800
10/2/2025,PPRI,376,426,376,394,55667100
10/2/2025,PPRO,0,0,0,0,0
10/2/2025,PRAY,745,745,680,720,16400
10/2/2025,PRDA,2580,2650,2520,2590,354400
10/2/2025,PRIM,89,96,88,94,61842100
10/2/2025,PSAB,575,580,560,570,73118600
10/2/2025,PSAT,1350,1435,1335,1400,1925100
10/2/2025,PSDN,109,112,108,111,4905700
10/2/2025,PSGO,212,216,208,214,1119400
10/2/2025,PSKT,114,120,114,120,50355000
10/2/2025,PSSI,350,350,340,346,368500
10/2/2025,PTBA,2330,2340,2310,2310,12049700
10/2/2025,PTBABQCV5A,11,11,10,10,13830200
10/2/2025,PTBADRCG6A,19,19,19,19,641700
10/2/2025,PTBAYUCZ5A,0,0,0,0,0
10/2/2025,PTBAZPCH6A,0,0,0,0,0
10/2/2025,PTDU,0,0,0,0,0
10/2/2025,PTIS,412,412,400,408,23500
10/2/2025,PTMP,93,105,92,95,123092400
10/2/2025,PTMR,0,0,0,0,0
10/2/2025,PTPP,402,410,400,404,12449400
10/2/2025,PTPS,176,179,161,175,30733100
10/2/2025,PTPW,940,950,940,945,26500
10/2/2025,PTRO,6650,6950,6500,6750,40690300
10/2/2025,PTRODRCG6A,202,210,177,202,233300
10/2/2025,PTROHDCK6A,336,354,320,344,1494700
10/2/2025,PTROYUCK6A,340,356,328,350,9500
10/2/2025,PTROZPCK6A,159,180,159,178,6932700
10/2/2025,PTSN,422,494,422,468,12749300
10/2/2025,PTSP,945,945,915,945,36700
10/2/2025,PUDP,0,0,0,0,0
10/2/2025,PURA,33,33,31,31,10474700
10/2/2025,PURE,0,0,0,0,0
10/2/2025,PURI,191,198,189,193,208400
10/2/2025,PWON,366,372,366,372,62169300
10/2/2025,PWONDRCN6A,36,36,32,33,43700
10/2/2025,PWONHDCZ5A,0,0,0,0,0
10/2/2025,PWONZPCH6A,0,0,0,0,0
10/2/2025,PYFA,645,665,615,630,59726600
10/2/2025,PYFA-W,141,142,134,135,702900
10/2/2025,PZZA,278,280,270,274,1702100
10/2/2025,RAAM,300,306,298,300,14289000
10/2/2025,R-ABFII,0,0,0,0,0
10/2/2025,RAFI,0,0,0,0,0
10/2/2025,RAJA,3000,3290,2960,3260,137009600
10/2/2025,RAJADRCG6A,93,118,85,118,5669500
10/2/2025,RAJAHDCK6A,96,116,95,113,3563300
10/2/2025,RAJAZPCK6A,53,61,47,58,1225600
10/2/2025,RALS,402,404,400,404,3837100
10/2/2025,RANC,0,0,0,0,0
10/2/2025,RATU,6000,6125,5975,6050,3967200
10/2/2025,RBMS,43,43,43,43,593900
10/2/2025,RCCC,224,224,212,218,1762200
10/2/2025,RDTX,12350,12475,12275,12275,900
10/2/2025,REAL,81,82,77,80,62603800
10/2/2025,RELF,60,60,53,55,40788200
10/2/2025,RELI,675,675,620,650,107500
10/2/2025,RGAS,103,104,100,102,5025000
10/2/2025,RICY,69,69,68,68,184600
10/2/2025,RIGS,840,845,815,835,84000
10/2/2025,RIMO,0,0,0,0,0
10/2/2025,RISE,0,0,0,0,0
10/2/2025,R-LQ45X,968,968,963,963,1700
10/2/2025,RMKE,1805,1860,1780,1810,13369900
10/2/2025,RMKO,216,220,194,202,28841900
10/2/2025,ROCK,670,670,610,610,800
10/2/2025,RODA,49,49,45,45,416700
10/2/2025,RONY,4450,4450,4000,4000,346400
10/2/2025,ROTI,790,795,790,795,257700
10/2/2025,RSCH,368,368,356,360,1168800
10/2/2025,RSGK,0,0,0,0,0
10/2/2025,RUIS,200,200,193,193,1257300
10/2/2025,RUNS,120,128,119,123,359800
10/2/2025,SAFE,198,199,191,192,768800
10/2/2025,SAGE,39,40,39,40,5526500
10/2/2025,SAME,330,336,312,320,8436400
10/2/2025,SAMF,318,320,316,320,81600
10/2/2025,SAPX,302,308,302,306,287300
10/2/2025,SATU,248,248,246,246,2869800
10/2/2025,SBAT,0,0,0,0,0
10/2/2025,SBMA,136,139,132,138,4850800
10/2/2025,SCCO,2340,2370,2310,2340,47500
10/2/2025,SCMA,398,402,372,394,518693500
10/2/2025,SCMABQCZ5A,0,0,0,0,0
10/2/2025,SCMADRCK6A,153,153,136,147,1336900
10/2/2025,SCMAHDCK6A,68,68,59,64,952000
10/2/2025,SCMAHDCZ5A,0,0,0,0,0
10/2/2025,SCMAYUCK6A,97,106,97,106,21400
10/2/2025,SCMAZPCG6A,0,0,0,0,0
10/2/2025,SCNP,190,190,182,184,193400
10/2/2025,SCPI,0,0,0,0,0
10/2/2025,SDMU,76,76,73,73,958600
10/2/2025,SDPC,141,143,137,139,1262200
10/2/2025,SDRA,288,292,286,290,33400
10/2/2025,SEMA,102,103,97,100,1210300
10/2/2025,SFAN,1920,1930,1920,1925,67600
10/2/2025,SGER,330,340,326,334,238237700
10/2/2025,SGRO,4750,4820,4580,4710,3961900
10/2/2025,SHID,890,890,830,885,26200
10/2/2025,SHIP,6000,6700,5800,6500,259000
10/2/2025,SICO,140,143,136,138,12972200
10/2/2025,SIDO,525,530,525,525,8535300
10/2/2025,SIDODRCK6A,28,28,28,28,16200
10/2/2025,SILO,2020,2030,1995,2010,2569700
10/2/2025,SIMA,0,0,0,0,0
10/2/2025,SIMP,635,640,630,630,8026200
10/2/2025,SINI,3990,4000,3990,4000,70100
10/2/2025,SIPD,700,730,700,720,1400
10/2/2025,SKBM,530,540,515,520,117000
10/2/2025,SKLT,212,212,199,210,1254100
10/2/2025,SKRN,500,590,478,530,3017700
10/2/2025,SKYB,0,0,0,0,0
10/2/2025,SLIS,92,94,89,89,26987300
10/2/2025,SLIS-W,19,20,19,19,2322700
10/2/2025,SMAR,5250,5350,5250,5250,110200
10/2/2025,SMBR,294,296,284,286,27964400
10/2/2025,SMCB,0,0,0,0,0
10/2/2025,SMDM,850,885,835,865,416700
10/2/2025,SMDR,316,316,310,312,13561100
10/2/2025,SMGA,100,101,98,99,18372000
10/2/2025,SMGR,2800,2820,2730,2730,15208600
10/2/2025,SMGRBQCX5B,0,0,0,0,0
10/2/2025,SMGRBQCZ5A,21,21,20,20,123700
10/2/2025,SMGRDRCV5A,0,0,0,0,0
10/2/2025,SMGRHDCZ5A,0,0,0,0,0
10/2/2025,SMGRZPCJ6A,55,55,55,55,171600
10/2/2025,SMIL,755,790,720,720,424270900
10/2/2025,SMKL,169,171,162,170,124000
10/2/2025,SMKM,196,206,178,180,47478900
10/2/2025,SMLE,0,0,0,0,0
10/2/2025,SMMA,14850,15225,14700,15225,58300
10/2/2025,SMMT,1210,1270,1160,1190,1984000
10/2/2025,SMRA,426,428,420,422,25951500
10/2/2025,SMRADRCJ6A,26,27,26,27,5004400
10/2/2025,SMRAHDCZ5A,0,0,0,0,0
10/2/2025,SMRAZPCH6A,0,0,0,0,0
10/2/2025,SMRU,0,0,0,0,0
10/2/2025,SMSM,1850,1855,1835,1835,780800
10/2/2025,SNLK,432,442,430,436,8970500
10/2/2025,SOCI,202,206,199,204,8248300
10/2/2025,SOFA,160,162,160,162,19395100
10/2/2025,SOHO,795,800,775,795,27900
10/2/2025,SOLA,133,134,131,131,7909400
10/2/2025,SONA,4360,4360,4050,4080,98000
10/2/2025,SOSS,890,890,805,855,202000
10/2/2025,SOTS,376,390,372,378,67100
10/2/2025,SOUL,81,88,79,84,10411800
10/2/2025,SPMA,330,336,328,334,1806700
10/2/2025,SPRE,103,116,103,116,21569300
10/2/2025,SPTO,655,665,655,660,547700
10/2/2025,SQMI,0,0,0,0,0
10/2/2025,SRAJ,0,0,0,0,0
10/2/2025,SRIL,0,0,0,0,0
10/2/2025,SRSN,69,73,68,71,53397900
10/2/2025,SRTG,1745,1790,1740,1740,5520400
10/2/2025,SRTGDRCK6A,0,0,0,0,0
10/2/2025,SRTGHDCK6A,0,0,0,0,0
10/2/2025,SRTGZPCG6A,77,77,77,77,200
10/2/2025,SRTGZPCK6A,38,38,38,38,4600
10/2/2025,SSIA,1755,1940,1745,1890,158363000
10/2/2025,SSMS,1635,1680,1610,1680,8472700
10/2/2025,SSTM,280,286,272,284,25400
10/2/2025,STAA,1100,1105,1065,1065,14503300
10/2/2025,STAR,76,76,75,75,144600
10/2/2025,STRK,212,214,204,204,18986300
10/2/2025,STTP,10350,10350,10175,10175,200
10/2/2025,SUGI,0,0,0,0,0
10/2/2025,SULI,117,152,115,152,78671100
10/2/2025,SUNI,840,850,820,840,833200
10/2/2025,SUPR,0,0,0,0,0
10/2/2025,SURE,2960,3050,2880,2960,35200
10/2/2025,SURI,117,119,116,117,12987400
10/2/2025,SWAT,0,0,0,0,0
10/2/2025,SWID,94,94,91,92,852700
10/2/2025,TALF,482,498,460,494,44800
10/2/2025,TAMA,42,46,42,46,6044800
10/2/2025,TAMU,32,35,32,34,17893100
10/2/2025,TAPG,1725,1740,1705,1735,7040300
10/2/2025,TAPGDRCJ6A,111,111,111,111,1100
10/2/2025,TAPGHDCH6A,0,0,0,0,0
10/2/2025,TAPGZPCH6A,130,130,130,130,200
10/2/2025,TARA,37,37,36,36,5577100
10/2/2025,TAXI,21,21,21,21,134244900
10/2/2025,TAYS,81,86,78,79,43001000
10/2/2025,TBIG,1800,1820,1770,1785,3713600
10/2/2025,TBLA,740,745,730,740,1887000
10/2/2025,TBMS,1200,1210,1105,1190,184100
10/2/2025,TCID,3350,3350,3250,3320,17400
10/2/2025,TCPI,5975,6075,5900,6050,7122200
10/2/2025,TDPM,0,0,0,0,0
10/2/2025,TEBE,0,0,0,0,0
10/2/2025,TECH,0,0,0,0,0
10/2/2025,TELE,0,0,0,0,0
10/2/2025,TFAS,280,280,238,280,51676900
10/2/2025,TFCO,0,0,0,0,0
10/2/2025,TGKA,5550,5550,5425,5500,3700
10/2/2025,TGRA,0,0,0,0,0
10/2/2025,TGUK,0,0,0,0,0
10/2/2025,TIFA,436,442,408,412,100600
10/2/2025,TINS,2000,2000,1850,1915,203276300
10/2/2025,TIRA,1650,1660,1550,1645,212300
10/2/2025,TIRT,0,0,0,0,0
10/2/2025,TKIM,7100,7100,6850,6950,866900
10/2/2025,TKIMDRCN6A,89,89,85,85,6200
10/2/2025,TKIMHDCJ6A,0,0,0,0,0
10/2/2025,TKIMZPCG6A,92,92,92,92,200
10/2/2025,TKIMZPCK6A,0,0,0,0,0
10/2/2025,TLDN,695,695,680,685,1639700
10/2/2025,TLKM,3070,3200,3060,3130,113431700
10/2/2025,TLKMBQCG6A,56,56,56,56,400
10/2/2025,TLKMBQCV5A,0,0,0,0,0
10/2/2025,TLKMDRCJ6A,77,78,74,74,104200
10/2/2025,TLKMDRCX6A,2020,2020,2020,2020,100
10/2/2025,TLKMHDCJ6A,56,56,50,51,40100
10/2/2025,TLKMHDCV5A,0,0,0,0,0
10/2/2025,TLKMYUCK6A,115,115,115,115,1800
10/2/2025,TLKMZPCF6A,0,0,0,0,0
10/2/2025,TMAS,130,133,129,132,2515000
10/2/2025,TMPO,163,172,163,164,6741200
10/2/2025,TNCA,172,228,172,228,83088800
10/2/2025,TOBA,1270,1270,1235,1240,39769300
10/2/2025,TOOL,71,71,69,70,5162500
10/2/2025,TOPS,0,0,0,0,0
10/2/2025,TOSK,96,99,85,85,336297500
10/2/2025,TOTL,840,840,805,805,4102700
10/2/2025,TOTO,262,264,260,262,662700
10/2/2025,TOWR,580,580,565,565,20544000
10/2/2025,TOWRDRCN6A,27,27,23,23,615200
10/2/2025,TOWRHDCK6A,31,31,31,31,6500
10/2/2025,TOYS,0,0,0,0,0
10/2/2025,TPIA,7700,7725,7575,7575,8012000
10/2/2025,TPMA,580,585,575,585,2698400
10/2/2025,TRAM,0,0,0,0,0
10/2/2025,TRGU,174,175,171,175,250300
10/2/2025,TRIL,0,0,0,0,0
10/2/2025,TRIM,462,494,448,488,6398300
10/2/2025,TRIN,108,108,104,106,1843500
10/2/2025,TRIN-W2,0,0,0,0,0
10/2/2025,TRIO,0,0,0,0,0
10/2/2025,TRIS,236,236,202,202,6322900
10/2/2025,TRJA,153,163,152,160,1541800
10/2/2025,TRON,89,90,88,89,3149800
10/2/2025,TRST,484,488,484,488,15200
10/2/2025,TRUE,65,67,65,65,9040100
10/2/2025,TRUK,308,308,308,308,1354900
10/2/2025,TRUS,446,448,430,444,29300
10/2/2025,TSPC,2350,2350,2320,2350,364200
10/2/2025,TUGU,1050,1050,1025,1040,3331300
10/2/2025,TYRE,127,129,125,127,262500
10/2/2025,UANG,4750,4750,4750,4750,1482000
10/2/2025,UCID,478,478,468,468,4356600
10/2/2025,UDNG,1400,1400,1260,1260,851700
10/2/2025,UFOE,248,308,222,222,104174600
10/2/2025,ULTJ,1280,1285,1275,1275,1718700
10/2/2025,UNIC,8900,9000,8800,8900,11700
10/2/2025,UNIQ,374,378,370,370,44094500
10/2/2025,UNIT,0,0,0,0,0
10/2/2025,UNSP,170,171,162,167,2084500
10/2/2025,UNTD,85,85,82,83,18184900
10/2/2025,UNTR,26275,26325,26075,26150,1119100
10/2/2025,UNTRBQCV5A,92,93,92,93,18500
10/2/2025,UNTRDRCG6A,0,0,0,0,0
10/2/2025,UNTRZPCJ6A,0,0,0,0,0
10/2/2025,UNVR,1785,1860,1765,1790,24568600
10/2/2025,UNVRBQCZ5A,80,80,69,69,25600
10/2/2025,UNVRDRCG6A,43,50,43,43,530000
10/2/2025,UNVRHDPG6A,0,0,0,0,0
10/2/2025,UNVRZPCH6A,50,55,48,55,205200
10/2/2025,URBN,141,142,136,142,86200
10/2/2025,UVCR,75,78,74,75,15311700
10/2/2025,VAST,176,177,163,168,3365400
10/2/2025,VAST-W,15,16,15,16,1004700
10/2/2025,VERN,143,153,140,149,16167700
10/2/2025,VERN-W,3,4,1,2,104661700
10/2/2025,VICI,650,655,640,645,256500
10/2/2025,VICO,189,189,186,189,227000
10/2/2025,VINS,144,145,140,142,26300
10/2/2025,VISI,160,162,155,157,3775800
10/2/2025,VIVA,33,33,32,32,16055600
10/2/2025,VKTR,228,256,226,252,110757900
10/2/2025,VOKS,304,330,300,318,783400
10/2/2025,VRNA,89,90,88,90,400900
10/2/2025,VTNY,97,98,90,92,29653800
10/2/2025,WAPO,168,168,164,166,589500
10/2/2025,WEGE,72,72,71,71,9701500
10/2/2025,WEHA,116,116,115,115,630700
10/2/2025,WGSH,232,250,210,242,6166200
10/2/2025,WICO,0,0,0,0,0
10/2/2025,WIDI,56,58,54,54,14530400
10/2/2025,WIFI,2730,2880,2720,2850,130287100
10/2/2025,WIIM,1270,1305,1255,1270,17567200
10/2/2025,WIKA,0,0,0,0,0
10/2/2025,WINE,210,212,206,212,4005600
10/2/2025,WINR,43,45,43,43,10775500
10/2/2025,WINS,424,428,420,422,773200
10/2/2025,WIRG,132,137,128,130,494616300
10/2/2025,WMPP,0,0,0,0,0
10/2/2025,WMUU,32,32,30,32,122868000
10/2/2025,WOMF,340,340,332,338,189600
10/2/2025,WOOD,500,615,500,615,80301200
10/2/2025,WOWS,85,86,84,84,18940300
10/2/2025,WSBP,25,26,25,26,103896300
10/2/2025,WSKT,0,0,0,0,0
10/2/2025,WTON,102,103,100,101,3979300
10/2/2025,XAQA,0,0,0,0,0
10/2/2025,XBES,0,0,0,0,0
10/2/2025,XBID,506,506,506,506,40000
10/2/2025,XBIG,0,0,0,0,0
10/2/2025,XBIN,576,576,576,576,40000
10/2/2025,XBLQ,0,0,0,0,0
10/2/2025,XBNI,0,0,0,0,0
10/2/2025,XBSK,435,435,435,435,40000
10/2/2025,XCEG,106,106,106,106,200
10/2/2025,XCID,64,65,62,65,120700
10/2/2025,XCIS,82,82,73,79,7200
10/2/2025,XCLQ,85,88,85,88,9100
10/2/2025,XDIF,459,459,459,459,100
10/2/2025,XIFE,108,108,108,108,300
10/2/2025,XIHD,622,622,610,610,1800
10/2/2025,XIIC,0,0,0,0,0
10/2/2025,XIID,0,0,0,0,0
10/2/2025,XIIF,448,448,447,447,48000
10/2/2025,XIIT,511,515,509,514,9300
10/2/2025,XIJI,645,657,645,657,2700
10/2/2025,XILV,127,127,114,115,122800
10/2/2025,XIML,232,236,230,235,2300
10/2/2025,XIPB,310,310,213,213,5200
10/2/2025,XIPI,0,0,0,0,0
10/2/2025,XISB,0,0,0,0,0
10/2/2025,XISC,0,0,0,0,0
10/2/2025,XISI,0,0,0,0,0
10/2/2025,XISR,0,0,0,0,0
10/2/2025,XKID,0,0,0,0,0
10/2/2025,XKIV,597,597,593,593,40200
10/2/2025,XKMS,1114,1114,1110,1113,200000
10/2/2025,XMGB,0,0,0,0,0
10/2/2025,XMIG,217,217,216,216,200100
10/2/2025,XMLF,863,863,863,863,40000
10/2/2025,XMSK,379,379,379,379,100
10/2/2025,XNVE,0,0,0,0,0
10/2/2025,XPDV,600,600,525,525,200
10/2/2025,XPFT,0,0,0,0,0
10/2/2025,XPIN,647,647,647,647,2000
10/2/2025,XPLQ,515,515,515,515,100
10/2/2025,XPSG,0,0,0,0,0
10/2/2025,XPTD,465,465,464,464,1100
10/2/2025,XSBC,100,100,98,98,27000
10/2/2025,XSPI,0,0,0,0,0
10/2/2025,XSSI,85,85,80,84,67200
10/2/2025,XSSK,678,678,678,678,20000
10/2/2025,YELO,66,66,60,60,12595000
10/2/2025,YOII,104,110,104,106,3282200
10/2/2025,YPAS,426,426,426,426,7300
10/2/2025,YULE,2680,2690,2600,2690,5800
10/2/2025,YUPI,1950,1950,1850,1850,95600
10/2/2025,ZATA,83,88,80,83,235313700
10/2/2025,ZBRA,0,0,0,0,0
10/2/2025,ZINC,32,35,32,35,22194800
10/2/2025,ZONE,695,695,595,650,170300
10/2/2025,ZYRX,154,155,151,152,1677500
