<date>,<ticker>,<open>,<high>,<low>,<close>,<volume>
8/20/2025,IHSG,7874.896,7952.342,7862.939,7943.825,2635661475
8/20/2025,IDX30,0.000,0.000,0.000,0.000,0
8/20/2025,IDX80,0.000,0.000,0.000,0.000,0
8/20/2025,AADI,6925,6950,6825,6850,7760100
8/20/2025,AALI,7400,7550,7350,7400,3897900
8/20/2025,ABBA,38,39,38,38,2449200
8/20/2025,ABDA,3400,3400,3400,3400,100
8/20/2025,ABMM,2980,2990,2960,2970,619800
8/20/2025,ACES,458,464,454,456,67306800
8/20/2025,ACESBQCV5A,3,3,2,2,77200
8/20/2025,ACESBQCX5B,0,0,0,0,0
8/20/2025,ACESBQCZ5A,32,33,31,31,169200
8/20/2025,ACESDRCJ6A,17,17,17,17,119900
8/20/2025,ACESHDCZ5A,0,0,0,0,0
8/20/2025,ACESZPCJ6A,0,0,0,0,0
8/20/2025,ACRO,74,75,72,74,9258900
8/20/2025,ACRO-W,8,8,6,8,4563400
8/20/2025,ACST,90,121,90,121,100768200
8/20/2025,ADCP,51,51,50,50,35192500
8/20/2025,ADES,13625,14250,13575,13725,35500
8/20/2025,ADHI,282,288,276,284,35431200
8/20/2025,ADMF,9075,9150,9075,9150,107500
8/20/2025,ADMG,125,140,120,134,1604400
8/20/2025,ADMR,1020,1060,1010,1050,29662400
8/20/2025,ADMRDRCJ6A,37,38,37,37,343100
8/20/2025,ADMRZPCH6A,54,60,54,57,368800
8/20/2025,ADRO,1800,1815,1800,1810,39415400
8/20/2025,ADROBQCU5A,10,10,10,10,330000
8/20/2025,ADROBQCZ5A,24,25,24,24,2483100
8/20/2025,ADRODRCJ6A,68,68,67,67,89300
8/20/2025,ADRODRCX5A,42,42,42,42,25000
8/20/2025,ADROHDCQ5A,2,2,1,1,408500
8/20/2025,ADROHDCZ5A,0,0,0,0,0
8/20/2025,ADROYUCZ5A,0,0,0,0,0
8/20/2025,ADROZPCF6A,0,0,0,0,0
8/20/2025,AEGS,50,51,49,49,2690600
8/20/2025,AGAR,250,290,222,234,1941300
8/20/2025,AGII,900,900,895,900,330100
8/20/2025,AGRO,232,248,232,244,64006500
8/20/2025,AGRS,69,73,69,73,13315200
8/20/2025,AHAP,72,81,72,75,75409400
8/20/2025,AIMS,320,338,320,334,16000
8/20/2025,AISA,123,125,121,124,5088500
8/20/2025,AKKU,0,0,0,0,0
8/20/2025,AKPI,590,590,580,580,25600
8/20/2025,AKRA,1215,1235,1195,1230,43491000
8/20/2025,AKRABQCX5B,48,48,48,48,800
8/20/2025,AKRADRCX5A,36,36,35,35,600
8/20/2025,AKRAHDCH6A,63,64,63,64,48200
8/20/2025,AKRAHDCQ5A,0,0,0,0,0
8/20/2025,AKRAZPCJ6A,0,0,0,0,0
8/20/2025,AKRAZPCX5A,60,62,60,62,721500
8/20/2025,AKSI,262,262,252,254,258300
8/20/2025,ALDO,494,498,490,496,252700
8/20/2025,ALII,575,575,550,565,3902600
8/20/2025,ALKA,320,330,310,312,52800
8/20/2025,ALMI,0,0,0,0,0
8/20/2025,ALTO,0,0,0,0,0
8/20/2025,AMAG,358,420,356,370,549900
8/20/2025,AMAN,120,126,117,119,6072400
8/20/2025,AMAR,210,216,208,216,2330000
8/20/2025,AMFG,3060,3060,2950,3030,637200
8/20/2025,AMIN,184,186,178,186,346500
8/20/2025,AMMN,8500,8675,8450,8500,68117900
8/20/2025,AMMNBQCZ5A,55,55,54,55,361500
8/20/2025,AMMNDRCJ6A,82,82,82,82,528600
8/20/2025,AMMNHDCH6A,0,0,0,0,0
8/20/2025,AMMNZPCG6A,0,0,0,0,0
8/20/2025,AMMS,159,159,144,144,15935400
8/20/2025,AMOR,525,525,480,488,442000
8/20/2025,AMRT,2210,2370,2210,2360,40462200
8/20/2025,AMRTBQCU5A,7,10,6,10,1941900
8/20/2025,AMRTDRCZ5A,39,47,38,45,45186000
8/20/2025,AMRTHDCJ6A,37,39,37,39,217600
8/20/2025,AMRTHDCQ5A,3,3,3,3,385600
8/20/2025,AMRTZPCX5A,56,56,56,56,100000
8/20/2025,ANDI,23,23,23,23,40556200
8/20/2025,ANJT,1750,1760,1745,1760,1506300
8/20/2025,ANTM,2810,2840,2790,2840,67288600
8/20/2025,ANTMBQCU5A,0,0,0,0,0
8/20/2025,ANTMBQCX5A,53,54,53,54,14600
8/20/2025,ANTMBQCZ5A,0,0,0,0,0
8/20/2025,ANTMDRCG6A,41,41,40,40,3000
8/20/2025,ANTMDRCX5A,256,262,256,260,102900
8/20/2025,ANTMDRPU5A,0,0,0,0,0
8/20/2025,ANTMDRPU5B,0,0,0,0,0
8/20/2025,ANTMHDCH6A,75,75,73,73,15100
8/20/2025,ANTMHDCH6B,0,0,0,0,0
8/20/2025,ANTMHDCQ5A,0,0,0,0,0
8/20/2025,ANTMHDCU5A,0,0,0,0,0
8/20/2025,ANTMYUCQ5A,0,0,0,0,0
8/20/2025,ANTMZPCJ6A,59,61,58,61,514200
8/20/2025,ANTMZPCX5A,160,160,159,159,20000
8/20/2025,APEX,125,127,124,126,21035800
8/20/2025,APIC,1155,1155,1130,1155,5423700
8/20/2025,APII,178,178,173,174,22800
8/20/2025,APLI,494,494,478,484,12600
8/20/2025,APLN,106,116,104,113,166872000
8/20/2025,ARCI,650,685,635,670,27275000
8/20/2025,AREA,476,478,440,444,1385100
8/20/2025,ARGO,1725,1900,1465,1590,682500
8/20/2025,ARII,270,276,260,270,463100
8/20/2025,ARKA,34,34,31,31,15201400
8/20/2025,ARKO,1320,1400,1225,1395,5299900
8/20/2025,ARMY,0,0,0,0,0
8/20/2025,ARNA,570,580,570,580,1807500
8/20/2025,ARTA,3250,3250,3000,3220,11300
8/20/2025,ARTI,0,0,0,0,0
8/20/2025,ARTO,2180,2290,2170,2270,26249400
8/20/2025,ARTOBQCU5A,10,10,7,8,16882900
8/20/2025,ARTOBQCX5B,134,140,134,135,1600000
8/20/2025,ARTOBQCZ5A,29,33,29,33,9000
8/20/2025,ARTODRCX5A,59,65,58,62,6199300
8/20/2025,ARTOHDCZ5A,137,137,137,137,62000
8/20/2025,ARTOZPCX5A,0,0,0,0,0
8/20/2025,ASBI,472,500,432,452,57600
8/20/2025,ASDM,535,550,530,550,306900
8/20/2025,ASGR,1080,1080,1060,1070,963900
8/20/2025,ASHA,23,25,23,25,49114400
8/20/2025,ASII,5525,5550,5450,5525,74517000
8/20/2025,ASIIBQCU5A,66,68,62,63,66000
8/20/2025,ASIIBQCZ5A,0,0,0,0,0
8/20/2025,ASIIDRCQ5B,0,0,0,0,0
8/20/2025,ASIIDRCX5A,131,131,131,131,2200
8/20/2025,ASIIDRCX6A,3520,3520,3470,3470,300
8/20/2025,ASIIHDCZ5A,170,170,166,166,200
8/20/2025,ASIIZPCJ6A,0,0,0,0,0
8/20/2025,ASJT,108,108,104,105,365100
8/20/2025,ASLC,91,114,89,100,2207062500
8/20/2025,ASLI,0,0,0,0,0
8/20/2025,ASMI,18,20,18,20,6655200
8/20/2025,ASPI,368,430,364,398,9075900
8/20/2025,ASPR,96,98,96,98,7507500
8/20/2025,ASRI,168,186,167,185,447385900
8/20/2025,ASRM,282,282,278,278,41800
8/20/2025,ASSA,925,930,910,930,5197900
8/20/2025,ATAP,34,34,34,34,86400
8/20/2025,ATIC,400,406,396,396,543700
8/20/2025,ATLA,50,51,50,50,28202800
8/20/2025,AUTO,2330,2330,2300,2310,3629800
8/20/2025,AUTOZPCJ6A,34,34,33,33,18900
8/20/2025,AVIA,424,428,422,422,17780000
8/20/2025,AVIAZPCJ6A,20,20,20,20,1020100
8/20/2025,AWAN,264,270,256,262,19656400
8/20/2025,AXIO,125,126,124,126,566000
8/20/2025,AYAM,172,174,169,174,163095500
8/20/2025,AYLS,107,112,107,108,18381600
8/20/2025,BABP,52,55,51,53,99005700
8/20/2025,BABY,344,360,340,356,8439600
8/20/2025,BACA,131,134,130,134,3490100
8/20/2025,BAIK,122,131,109,120,93733900
8/20/2025,BAIK-W,9,9,8,9,6330100
8/20/2025,BAJA,134,136,130,131,3873300
8/20/2025,BALI,1460,1490,1415,1420,56600
8/20/2025,BANK,830,835,815,830,7167800
8/20/2025,BANK-W,0,0,0,0,0
8/20/2025,BAPA,51,68,50,57,44629600
8/20/2025,BAPI,13,13,13,13,15893800
8/20/2025,BATA,50,50,46,46,20200
8/20/2025,BATR,100,112,98,100,46415700
8/20/2025,BAUT,30,33,30,33,24322600
8/20/2025,BAYU,1295,1315,1285,1295,211100
8/20/2025,BBCA,8375,8600,8350,8525,202260200
8/20/2025,BBCABQCV5A,17,18,13,18,784400
8/20/2025,BBCABQCX5A,34,34,33,33,120000
8/20/2025,BBCADRCF6A,62,63,58,63,8441400
8/20/2025,BBCADRCX6A,4140,4140,4140,4140,600
8/20/2025,BBCAHDCQ5A,2,2,1,2,1161400
8/20/2025,BBCAHDCQ7A,78,78,78,78,4800
8/20/2025,BBCAHDCU5A,0,0,0,0,0
8/20/2025,BBCAHDCV5A,0,0,0,0,0
8/20/2025,BBCAYUCQ5A,0,0,0,0,0
8/20/2025,BBCAZPCF6A,42,46,42,46,128400
8/20/2025,BBCAZPCH6A,104,107,104,107,200
8/20/2025,BBHI,1590,1590,1535,1545,1563400
8/20/2025,BBKP,61,63,61,61,153819500
8/20/2025,BBLD,1090,1120,1000,1095,728900
8/20/2025,BBMD,2110,2120,2080,2110,13700
8/20/2025,BBNI,4290,4450,4290,4430,52897600
8/20/2025,BBNIBQCU5A,27,27,23,23,37100
8/20/2025,BBNIBQCV5A,0,0,0,0,0
8/20/2025,BBNIDRCX6A,2480,2480,2480,2480,100
8/20/2025,BBNIDRCZ5A,66,68,66,68,278800
8/20/2025,BBNIDRPU5A,13,13,13,13,5600
8/20/2025,BBNIHDCQ7A,0,0,0,0,0
8/20/2025,BBNIHDCU5A,96,104,96,104,2000000
8/20/2025,BBNIHDPU5A,0,0,0,0,0
8/20/2025,BBNIYUCV5A,71,71,71,71,100
8/20/2025,BBNIZPCH6A,0,0,0,0,0
8/20/2025,BBNIZPCX5A,0,0,0,0,0
8/20/2025,BBRI,4050,4150,4050,4150,173260400
8/20/2025,BBRIBQCQ5A,2,2,1,2,1324300
8/20/2025,BBRIBQCU5A,33,33,33,33,1200
8/20/2025,BBRIBQCZ5A,0,0,0,0,0
8/20/2025,BBRIDRCX5A,169,183,169,182,2497300
8/20/2025,BBRIDRCX6A,2430,2430,2430,2430,100
8/20/2025,BBRIHDCH6A,142,143,142,143,16400
8/20/2025,BBRIHDCQ5A,5,5,5,5,216100
8/20/2025,BBRIHDCQ7A,105,107,103,107,53200
8/20/2025,BBRIYUCV5A,148,148,147,147,200
8/20/2025,BBRIZPCH6A,110,110,110,110,28000
8/20/2025,BBRIZPCX5A,0,0,0,0,0
8/20/2025,BBRM,76,78,76,78,1357100
8/20/2025,BBSI,4000,4010,3880,4010,18600
8/20/2025,BBSS,260,286,242,260,640900
8/20/2025,BBTN,1280,1330,1255,1320,48467200
8/20/2025,BBTNHDCZ5A,0,0,0,0,0
8/20/2025,BBTNYUCZ5A,0,0,0,0,0
8/20/2025,BBTNZPCG6A,56,56,50,50,29226100
8/20/2025,BBYB,326,356,324,354,227817500
8/20/2025,BCAP,63,65,62,65,68780400
8/20/2025,BCIC,0,0,0,0,0
8/20/2025,BCIP,95,100,93,100,34921000
8/20/2025,BDKR,159,162,151,153,20393600
8/20/2025,BDMN,2530,2550,2520,2540,470300
8/20/2025,BEBS,0,0,0,0,0
8/20/2025,BEEF,294,298,286,298,5822200
8/20/2025,BEER,135,135,118,123,41210800
8/20/2025,BEKS,24,25,24,25,13422200
8/20/2025,BELI,376,376,372,372,455100
8/20/2025,BELL,56,57,54,55,16039900
8/20/2025,BESS,1005,1045,1005,1025,36800
8/20/2025,BEST,103,111,103,110,50400700
8/20/2025,BFIN,880,880,855,860,2958500
8/20/2025,BGTG,93,111,92,108,328391600
8/20/2025,BHAT,875,885,875,880,1888500
8/20/2025,BHIT,29,30,29,30,14680300
8/20/2025,BIKA,0,0,0,0,0
8/20/2025,BIKE,825,865,825,850,4202500
8/20/2025,BIMA,51,51,50,51,72100
8/20/2025,BINA,4320,4400,4320,4390,9800
8/20/2025,BINO,121,140,119,125,16793100
8/20/2025,BIPI,90,90,87,87,310858200
8/20/2025,BIPP,41,41,40,40,26200
8/20/2025,BIRD,1870,1900,1865,1890,715800
8/20/2025,BISI,870,895,870,880,376000
8/20/2025,BJBR,790,800,790,800,2977500
8/20/2025,BJTM,515,525,515,520,9507100
8/20/2025,BKDP,36,36,35,35,243400
8/20/2025,BKSL,150,158,149,156,833276800
8/20/2025,BKSW,63,66,62,64,32155700
8/20/2025,BLES,156,159,155,157,2996800
8/20/2025,BLOG,500,515,500,505,3596100
8/20/2025,BLTA,21,21,21,21,9537100
8/20/2025,BLTZ,1800,1800,1800,1800,700
8/20/2025,BLUE,314,314,312,312,63500
8/20/2025,BMAS,730,730,720,725,325600
8/20/2025,BMBL,31,33,28,30,25937600
8/20/2025,BMHS,192,192,189,190,1389300
8/20/2025,BMRI,4790,4950,4780,4950,144622900
8/20/2025,BMRIBQCU5A,3,4,3,4,1244600
8/20/2025,BMRIBQCZ5A,69,69,69,69,150000
8/20/2025,BMRIDRCX5A,71,71,71,71,18000
8/20/2025,BMRIDRCX6A,2490,2550,2490,2550,200
8/20/2025,BMRIHDCQ5A,2,2,2,2,9900
8/20/2025,BMRIHDCQ7A,0,0,0,0,0
8/20/2025,BMRIHDCU5A,0,0,0,0,0
8/20/2025,BMRIHDPU5A,0,0,0,0,0
8/20/2025,BMRIYUCQ5A,0,0,0,0,0
8/20/2025,BMRIZPCH6A,71,75,71,74,15100
8/20/2025,BMRIZPCX5A,44,46,43,46,1700800
8/20/2025,BMSR,252,256,250,252,89000
8/20/2025,BMTR,140,141,137,140,38001600
8/20/2025,BNBA,815,820,805,815,189700
8/20/2025,BNBR,44,44,44,44,30121000
8/20/2025,BNGA,1740,1740,1720,1740,2841600
8/20/2025,BNGAZPCH6A,0,0,0,0,0
8/20/2025,BNII,212,214,210,212,757700
8/20/2025,BNLI,3100,3130,3020,3120,173800
8/20/2025,BOAT,109,109,106,107,3154600
8/20/2025,BOBA,192,192,187,191,104900
8/20/2025,BOGA,575,590,575,585,502900
8/20/2025,BOLA,188,191,186,189,1926900
8/20/2025,BOLT,1065,1070,1065,1065,5100
8/20/2025,BOSS,0,0,0,0,0
8/20/2025,BPFI,336,344,320,336,38400
8/20/2025,BPII,580,580,575,575,226900
8/20/2025,BPTR,99,101,97,99,716200
8/20/2025,BRAM,5250,5250,5150,5225,1400
8/20/2025,BREN,8600,8750,8550,8600,15708700
8/20/2025,BRIS,2750,2820,2750,2790,18380500
8/20/2025,BRISBQCZ5A,0,0,0,0,0
8/20/2025,BRISDRCJ6A,52,56,52,56,132000
8/20/2025,BRISHDCH6A,0,0,0,0,0
8/20/2025,BRISHDCZ5A,0,0,0,0,0
8/20/2025,BRISYUCV5A,0,0,0,0,0
8/20/2025,BRISZPCG6A,0,0,0,0,0
8/20/2025,BRMS,456,484,452,480,1265422400
8/20/2025,BRMSBQCZ5A,57,63,56,63,13678400
8/20/2025,BRMSDRCJ6A,45,50,45,50,2123600
8/20/2025,BRMSDRPX5A,0,0,0,0,0
8/20/2025,BRMSHDCH6A,86,91,86,89,248400
8/20/2025,BRMSHDCZ5A,176,176,172,172,5400
8/20/2025,BRMSYUCV5A,33,38,33,37,188400
8/20/2025,BRMSZPCG6A,70,77,70,75,1379500
8/20/2025,BRNA,780,785,755,780,118500
8/20/2025,BRPT,2210,2360,2210,2350,132123900
8/20/2025,BRPTBQCQ5A,0,0,0,0,0
8/20/2025,BRPTBQCV5A,374,376,370,372,30200
8/20/2025,BRPTBQCX5B,77,90,77,90,2200
8/20/2025,BRPTBQCZ5A,0,0,0,0,0
8/20/2025,BRPTDRCF6A,190,202,190,202,220700
8/20/2025,BRPTDRCJ6A,98,110,98,110,460000
8/20/2025,BRPTDRCX5A,222,236,222,236,103300
8/20/2025,BRPTDRPV5A,11,11,11,11,58100
8/20/2025,BRPTHDCH6A,0,0,0,0,0
8/20/2025,BRPTHDCH6B,0,0,0,0,0
8/20/2025,BRPTHDCQ5A,0,0,0,0,0
8/20/2025,BRPTHDPG6A,0,0,0,0,0
8/20/2025,BRPTYUCZ5A,0,0,0,0,0
8/20/2025,BRPTZPCF6A,0,0,0,0,0
8/20/2025,BRPTZPCX5A,320,320,320,320,300
8/20/2025,BRRC,84,84,81,83,15672700
8/20/2025,BRRC-W,10,10,9,10,380100
8/20/2025,BSBK,52,53,51,52,20453100
8/20/2025,BSDE,925,995,920,990,77620300
8/20/2025,BSDEDRCJ6A,34,39,34,39,88077600
8/20/2025,BSDEZPCH6A,51,52,51,52,7500000
8/20/2025,BSIM,880,940,845,880,210300
8/20/2025,BSML,103,105,101,102,50436000
8/20/2025,BSSR,3900,3910,3890,3900,259800
8/20/2025,BSWD,0,0,0,0,0
8/20/2025,BTEK,7,7,7,7,358663300
8/20/2025,BTEL,0,0,0,0,0
8/20/2025,BTON,388,390,376,390,3400
8/20/2025,BTPN,2080,2120,2070,2110,24300
8/20/2025,BTPS,1485,1490,1440,1465,13433100
8/20/2025,BTPSZPCH6A,45,45,44,44,686400
8/20/2025,BUAH,1325,1325,1290,1325,65900
8/20/2025,BUDI,218,224,218,224,59300
8/20/2025,BUKA,179,179,172,175,203705600
8/20/2025,BUKABQCZ5B,23,23,22,23,2057800
8/20/2025,BUKAHDCZ5A,0,0,0,0,0
8/20/2025,BUKK,825,825,820,825,8300
8/20/2025,BULL,161,165,153,154,250182100
8/20/2025,BUMI,113,116,112,114,1763086500
8/20/2025,BUVA,300,320,300,320,69797500
8/20/2025,BVIC,94,101,93,98,51251600
8/20/2025,BVIC-W,46,49,46,49,168600
8/20/2025,BWPT,134,172,129,155,3075137200
8/20/2025,BYAN,18275,18350,18250,18275,25500
8/20/2025,CAKK,130,134,128,133,1036900
8/20/2025,CAMP,210,212,208,210,3189900
8/20/2025,CANI,41,42,41,42,397500
8/20/2025,CARE,290,290,280,290,15668500
8/20/2025,CARS,108,122,106,119,260691900
8/20/2025,CASA,1100,1125,1100,1115,4094800
8/20/2025,CASH,70,75,68,75,2635300
8/20/2025,CASS,2320,2320,2250,2290,28600
8/20/2025,CBDK,6050,6125,5950,6075,7077500
8/20/2025,CBMF,0,0,0,0,0
8/20/2025,CBPE,183,185,180,181,76800
8/20/2025,CBRE,0,0,0,0,0
8/20/2025,CBUT,1200,1260,1200,1235,46600
8/20/2025,CCSI,336,336,320,326,461600
8/20/2025,CDIA,1520,1535,1500,1505,147406500
8/20/2025,CEKA,2620,2650,2600,2600,87600
8/20/2025,CENT,101,135,99,135,301037500
8/20/2025,CFIN,322,328,322,328,5165400
8/20/2025,CGAS,121,133,121,128,85612700
8/20/2025,CHEK,214,228,204,208,94042100
8/20/2025,CHEM,106,107,100,104,31152500
8/20/2025,CHIP,1335,1385,1335,1370,101700
8/20/2025,CINT,160,160,157,159,252400
8/20/2025,CITA,4160,4270,4140,4150,651800
8/20/2025,CITY,115,115,111,112,7819500
8/20/2025,CLAY,1370,1375,1255,1285,130900
8/20/2025,CLEO,595,595,580,585,10396100
8/20/2025,CLPI,1250,1260,1240,1255,205400
8/20/2025,CMNP,1325,1385,1320,1380,833900
8/20/2025,CMNP-W,0,0,0,0,0
8/20/2025,CMNT,815,820,805,815,33303500
8/20/2025,CMPP,80,83,80,83,158100
8/20/2025,CMRY,4970,4970,4810,4930,950300
8/20/2025,CMRYZPCJ6A,43,43,43,43,20000
8/20/2025,CNKO,127,127,105,108,441213700
8/20/2025,CNMA,138,140,135,138,38285100
8/20/2025,CNTB,0,0,0,0,0
8/20/2025,CNTX,0,0,0,0,0
8/20/2025,COAL,39,42,39,42,11209700
8/20/2025,COCO,0,0,0,0,0
8/20/2025,COIN,1545,1555,1500,1520,34330400
8/20/2025,COWL,0,0,0,0,0
8/20/2025,CPIN,4560,4570,4500,4510,8112900
8/20/2025,CPINDRCG6A,70,70,69,69,7100
8/20/2025,CPINHDCQ5A,0,0,0,0,0
8/20/2025,CPINZPCJ6A,42,42,42,42,16800
8/20/2025,CPRI,0,0,0,0,0
8/20/2025,CPRO,51,52,51,51,26014700
8/20/2025,CRAB,238,242,238,240,4758600
8/20/2025,CRSN,120,122,115,115,2261300
8/20/2025,CSAP,312,348,300,314,4429100
8/20/2025,CSIS,122,134,114,122,26375900
8/20/2025,CSMI,0,0,0,0,0
8/20/2025,CSRA,770,830,765,810,6119200
8/20/2025,CTBN,5100,5400,5100,5400,2900
8/20/2025,CTRA,1040,1085,1040,1055,60089600
8/20/2025,CTRADRCJ6A,35,35,33,33,328100
8/20/2025,CTRAYUCZ5A,82,82,82,82,100
8/20/2025,CTRAZPCG6A,0,0,0,0,0
8/20/2025,CTTH,27,28,27,28,499300
8/20/2025,CUAN,1570,1625,1560,1615,219455300
8/20/2025,CYBR,1025,1050,1020,1030,19501800
8/20/2025,CYBR-W,590,610,575,610,37000
8/20/2025,DAAZ,3380,3390,3350,3360,235200
8/20/2025,DADA,18,18,18,18,1991900
8/20/2025,DART,165,169,162,165,264900
8/20/2025,DATA,2000,2360,1940,2360,31390500
8/20/2025,DAYA,1015,1100,1000,1020,118200
8/20/2025,DCII,344900,359000,330900,348550,7800
8/20/2025,DEAL,0,0,0,0,0
8/20/2025,DEFI,730,730,725,725,143500
8/20/2025,DEPO,200,202,198,200,582200
8/20/2025,DEWA,226,244,222,236,1037956400
8/20/2025,DEWI,103,105,103,105,81052100
8/20/2025,DFAM,54,54,53,54,249900
8/20/2025,DGIK,103,105,100,104,13446100
8/20/2025,DGNS,152,157,149,152,26796600
8/20/2025,DGWG,432,432,422,430,10805400
8/20/2025,DIGI,26,27,26,26,2215100
8/20/2025,DILD,136,144,135,142,82571500
8/20/2025,DIVA,111,115,108,113,6648100
8/20/2025,DKFT,810,815,690,690,193074200
8/20/2025,DKHH,121,121,110,113,70531600
8/20/2025,DKHH-W,17,18,16,17,11407600
8/20/2025,DLTA,1995,1995,1985,1985,67100
8/20/2025,DMAS,139,141,139,141,48393500
8/20/2025,DMMX,336,338,328,336,2252700
8/20/2025,DMND,590,595,575,585,112800
8/20/2025,DNAR,119,125,118,125,10537600
8/20/2025,DNET,9350,9350,9000,9325,18900
8/20/2025,DOID,358,358,350,352,7918800
8/20/2025,DOOH,163,165,158,160,166234800
8/20/2025,DOSS,134,138,134,135,403700
8/20/2025,DPNS,248,258,242,254,65800
8/20/2025,DPUM,64,64,60,63,16218700
8/20/2025,DRMA,960,975,960,975,1357800
8/20/2025,DSFI,83,86,82,84,16692100
8/20/2025,DSNG,1595,1660,1565,1625,50706900
8/20/2025,DSSA,95000,95000,90050,92350,11053600
8/20/2025,DUCK,0,0,0,0,0
8/20/2025,DUTI,3080,3190,3000,3190,79800
8/20/2025,DVLA,1660,1675,1645,1670,8600
8/20/2025,DWGL,214,222,214,220,402800
8/20/2025,DYAN,86,89,85,88,6466200
8/20/2025,EAST,95,95,94,95,996700
8/20/2025,ECII,183,193,181,184,852900
8/20/2025,EDGE,4400,4400,4300,4380,23400
8/20/2025,EKAD,185,187,184,186,180200
8/20/2025,ELIT,196,197,191,193,9303800
8/20/2025,ELPI,312,318,310,316,709300
8/20/2025,ELSA,505,510,498,500,31736400
8/20/2025,ELSADRCJ6A,0,0,0,0,0
8/20/2025,ELSAZPCG6A,38,38,36,36,585000
8/20/2025,ELTY,15,15,15,15,32138500
8/20/2025,EMDE,106,107,99,101,11004900
8/20/2025,EMTK,1085,1090,1020,1085,142933500
8/20/2025,EMTKBQCZ5A,258,280,258,280,64400
8/20/2025,EMTKHDCZ5A,200,202,200,202,32800
8/20/2025,EMTKYUCV5A,127,128,127,128,20000
8/20/2025,EMTKZPCH6A,125,125,118,119,314600
8/20/2025,ENAK,715,715,700,710,661300
8/20/2025,ENRG,605,605,570,580,141478900
8/20/2025,ENRGBQCZ5A,30,31,30,31,160200
8/20/2025,ENRGDRCJ6A,83,86,77,78,1396100
8/20/2025,ENRGHDCZ5A,218,218,218,218,1500
8/20/2025,ENRGZPCG6A,184,184,176,176,1599600
8/20/2025,ENVY,0,0,0,0,0
8/20/2025,ENZO,37,38,37,38,143700
8/20/2025,EPAC,20,20,20,20,3898500
8/20/2025,EPMT,2290,2310,2280,2310,65300
8/20/2025,ERAA,464,464,456,458,49365000
8/20/2025,ERAABQCZ5A,0,0,0,0,0
8/20/2025,ERAADRCJ6A,13,13,13,13,5000
8/20/2025,ERAAHDCZ5A,0,0,0,0,0
8/20/2025,ERAAZPCH6A,0,0,0,0,0
8/20/2025,ERAL,326,370,326,350,25983200
8/20/2025,ERTX,107,109,105,108,2559200
8/20/2025,ESIP,37,37,36,36,802900
8/20/2025,ESSA,585,590,580,590,20721500
8/20/2025,ESSABQCZ5A,0,0,0,0,0
8/20/2025,ESSAHDCH6A,51,52,51,52,11000
8/20/2025,ESSAYUCZ5A,40,40,40,40,800
8/20/2025,ESTA,66,67,64,66,2708900
8/20/2025,ESTI,44,46,44,46,129700
8/20/2025,ETWA,0,0,0,0,0
8/20/2025,EURO,250,250,242,250,14064400
8/20/2025,EXCL,2950,3010,2910,2950,35763100
8/20/2025,EXCLHDCJ6A,0,0,0,0,0
8/20/2025,EXCLHDCQ5A,0,0,0,0,0
8/20/2025,EXCLZPCF6A,103,106,103,106,30400
8/20/2025,FAPA,5725,5775,5700,5775,13100
8/20/2025,FAST,318,318,310,316,2264800
8/20/2025,FASW,0,0,0,0,0
8/20/2025,FILM,3740,3830,3680,3800,13350100
8/20/2025,FIMP,0,0,0,0,0
8/20/2025,FIRE,75,77,74,76,6901800
8/20/2025,FISH,0,0,0,0,0
8/20/2025,FITT,242,244,224,240,3792500
8/20/2025,FLMC,102,102,102,102,243200
8/20/2025,FMII,380,388,368,370,83400
8/20/2025,FOLK,80,80,79,80,1025400
8/20/2025,FOOD,104,104,104,104,116900
8/20/2025,FORE,575,585,570,580,4265100
8/20/2025,FORU,1240,1255,1185,1250,580900
8/20/2025,FPNI,187,191,187,189,646200
8/20/2025,FUJI,430,480,430,436,670800
8/20/2025,FUTR,0,0,0,0,0
8/20/2025,FWCT,152,158,152,155,1866100
8/20/2025,GAMA,0,0,0,0,0
8/20/2025,GDST,111,112,108,109,5001800
8/20/2025,GDYR,1175,1175,1125,1140,1700
8/20/2025,GEMA,125,128,122,123,21486800
8/20/2025,GEMS,9350,9350,9250,9275,106500
8/20/2025,GGRM,9000,9000,8850,8925,581300
8/20/2025,GGRMZPCG6A,0,0,0,0,0
8/20/2025,GGRP,254,254,254,254,1482500
8/20/2025,GHON,1590,1605,1580,1595,23300
8/20/2025,GIAA,71,71,71,71,19940800
8/20/2025,GJTL,1025,1045,1025,1040,2455000
8/20/2025,GJTLZPCJ6A,0,0,0,0,0
8/20/2025,GLOB,50,50,50,50,15700
8/20/2025,GLVA,334,334,332,332,14000
8/20/2025,GMFI,61,61,61,61,942500
8/20/2025,GMTD,2310,2310,2190,2200,4300
8/20/2025,GOLD,258,264,256,262,296200
8/20/2025,GOLF,214,214,210,214,957000
8/20/2025,GOLL,0,0,0,0,0
8/20/2025,GOOD,386,386,380,384,152900
8/20/2025,GOTO,61,61,60,61,1633624900
8/20/2025,GOTOBQCZ5A,3,3,3,3,40500
8/20/2025,GOTODRCG6A,11,11,11,11,1000
8/20/2025,GOTOHDCQ5A,0,0,0,0,0
8/20/2025,GOTOM,0,0,0,0,0
8/20/2025,GOTOZPCH6A,0,0,0,0,0
8/20/2025,GPRA,155,156,152,154,96745400
8/20/2025,GPSO,360,366,332,334,11244700
8/20/2025,GRIA,95,95,92,93,473500
8/20/2025,GRPH,80,83,78,79,25621400
8/20/2025,GRPM,54,54,51,53,4023600
8/20/2025,GRPM-W,13,14,12,14,3341600
8/20/2025,GSMF,85,96,80,87,64804700
8/20/2025,GTBO,182,182,178,182,518400
8/20/2025,GTRA,141,147,140,145,496600
8/20/2025,GTSI,56,56,53,53,35853200
8/20/2025,GULA,260,262,256,260,1184200
8/20/2025,GUNA,240,244,240,242,1435900
8/20/2025,GWSA,154,154,150,152,1243600
8/20/2025,GZCO,116,145,115,141,799376600
8/20/2025,HADE,15,15,15,15,2206200
8/20/2025,HAIS,190,190,188,190,2387200
8/20/2025,HAJJ,112,112,110,112,4260800
8/20/2025,HAJJ-W,12,12,11,12,609300
8/20/2025,HALO,82,89,81,84,59481600
8/20/2025,HALO-W,10,10,9,9,3806900
8/20/2025,HATM,266,266,262,264,27568600
8/20/2025,HBAT,103,113,103,113,2435700
8/20/2025,HDFA,117,118,115,117,95300
8/20/2025,HDIT,42,42,40,40,8782800
8/20/2025,HEAL,1750,1775,1750,1750,6946500
8/20/2025,HEALBQCZ5A,51,51,50,50,160200
8/20/2025,HEALDRCJ6A,65,66,64,64,111700
8/20/2025,HEALHDCH6A,0,0,0,0,0
8/20/2025,HEALYUCZ5A,92,92,92,92,100
8/20/2025,HEALZPCH6A,0,0,0,0,0
8/20/2025,HELI,250,254,250,252,383300
8/20/2025,HERO,376,382,376,380,346900
8/20/2025,HEXA,5500,5550,5500,5525,312600
8/20/2025,HGII,148,148,145,147,6974400
8/20/2025,HILL,206,206,200,206,10479300
8/20/2025,HITS,0,0,0,0,0
8/20/2025,HKMU,0,0,0,0,0
8/20/2025,HMSP,555,560,535,535,24672400
8/20/2025,HOKI,89,89,86,88,22248800
8/20/2025,HOME,0,0,0,0,0
8/20/2025,HOMI,204,204,192,197,55300
8/20/2025,HOPE,0,0,0,0,0
8/20/2025,HOTL,0,0,0,0,0
8/20/2025,HRME,39,39,39,39,642900
8/20/2025,HRTA,670,680,650,660,21118300
8/20/2025,HRUM,860,880,860,865,12735500
8/20/2025,HRUMZPCG6A,35,36,35,36,5000100
8/20/2025,HUMI,72,73,70,71,79873700
8/20/2025,HUMI-W,13,13,12,12,36419100
8/20/2025,HYGN,156,163,156,162,4538100
8/20/2025,IATA,56,56,56,56,11662600
8/20/2025,IATA-W,27,27,27,27,75800
8/20/2025,IBFN,18,19,18,19,789000
8/20/2025,IBOS,40,40,37,40,21155100
8/20/2025,IBST,5200,5200,5200,5200,1000
8/20/2025,ICBP,9775,9825,9600,9650,5730000
8/20/2025,ICBPDRCX6A,4300,4320,4300,4320,1600
8/20/2025,ICBPHDCJ6A,0,0,0,0,0
8/20/2025,ICBPHDCQ5A,0,0,0,0,0
8/20/2025,ICBPZPCX5A,41,41,41,41,100
8/20/2025,ICON,39,39,39,39,398900
8/20/2025,IDEA,96,100,90,90,1939000
8/20/2025,IDPR,250,260,230,256,1241900
8/20/2025,IFII,222,226,220,226,151200
8/20/2025,IFSH,755,760,755,760,1600
8/20/2025,IGAR,545,550,530,550,301600
8/20/2025,IIKP,0,0,0,0,0
8/20/2025,IKAI,12,12,12,12,27583400
8/20/2025,IKAN,168,169,150,160,55052700
8/20/2025,IKBI,510,520,476,500,285600
8/20/2025,IKPM,194,196,193,195,477500
8/20/2025,IMAS,1150,1195,1120,1140,3500600
8/20/2025,IMJS,310,312,264,266,133014100
8/20/2025,IMPC,0,0,0,0,0
8/20/2025,INAF,0,0,0,0,0
8/20/2025,INAI,158,159,156,158,96700
8/20/2025,INCF,33,33,33,33,4946500
8/20/2025,INCI,660,660,600,625,847000
8/20/2025,INCO,3700,3780,3700,3740,8762800
8/20/2025,INCOBQCQ5A,0,0,0,0,0
8/20/2025,INCOBQCV5A,41,43,41,41,221500
8/20/2025,INCODRCX5A,0,0,0,0,0
8/20/2025,INCODRPV5A,0,0,0,0,0
8/20/2025,INCOHDCQ5A,73,73,70,71,32400
8/20/2025,INCOYUCZ5A,0,0,0,0,0
8/20/2025,INCOZPCX5A,0,0,0,0,0
8/20/2025,INDF,7925,8000,7900,7975,5064200
8/20/2025,INDFBQCV5A,0,0,0,0,0
8/20/2025,INDFDRCX6A,0,0,0,0,0
8/20/2025,INDFHDCJ6A,44,44,44,44,100
8/20/2025,INDFHDCQ5A,0,0,0,0,0
8/20/2025,INDO,199,212,198,208,10909800
8/20/2025,INDR,2650,2650,2500,2630,24900
8/20/2025,INDS,222,228,222,228,169300
8/20/2025,INDX,94,94,91,91,4580100
8/20/2025,INDY,1340,1350,1325,1345,4834900
8/20/2025,INDYZPCG6A,41,41,41,41,10000
8/20/2025,INET,260,270,254,268,176383200
8/20/2025,INET-W,161,174,158,169,37708200
8/20/2025,INKP,8050,8150,7925,7975,7487900
8/20/2025,INKPBQCX5A,82,83,78,78,32800
8/20/2025,INKPDRCF6A,208,222,208,216,600
8/20/2025,INKPHDCQ5A,21,21,20,20,200
8/20/2025,INKPZPCF6A,0,0,0,0,0
8/20/2025,INOV,90,91,89,89,139900
8/20/2025,INPC,157,184,155,173,153050600
8/20/2025,INPP,865,865,770,795,301400
8/20/2025,INPS,116,119,116,119,173700
8/20/2025,INRU,845,920,810,860,220800
8/20/2025,INTA,16,17,16,17,5134800
8/20/2025,INTD,189,193,188,188,98000
8/20/2025,INTP,6350,6500,6300,6475,2978500
8/20/2025,INTPZPCG6A,0,0,0,0,0
8/20/2025,IOTF,113,122,107,111,807724500
8/20/2025,IPAC,141,148,127,141,32400
8/20/2025,IPCC,1100,1105,1080,1085,1876400
8/20/2025,IPCM,296,298,294,296,1290700
8/20/2025,IPOL,138,139,135,139,150000
8/20/2025,IPPE,0,0,0,0,0
8/20/2025,IPTV,34,34,34,34,21111500
8/20/2025,IRRA,434,434,426,432,1279900
8/20/2025,IRSX,0,0,0,0,0
8/20/2025,ISAP,16,16,15,16,83930000
8/20/2025,ISAP-W,5,5,4,5,6999700
8/20/2025,ISAT,2200,2220,2200,2210,7219700
8/20/2025,ISATBQCU5A,47,47,45,45,6000
8/20/2025,ISATDRCG6A,0,0,0,0,0
8/20/2025,ISATDRCX5A,0,0,0,0,0
8/20/2025,ISATHDCJ6A,40,40,40,40,22700
8/20/2025,ISATHDCQ5A,0,0,0,0,0
8/20/2025,ISATZPCF6A,0,0,0,0,0
8/20/2025,ISEA,82,88,82,83,12750400
8/20/2025,ISSP,390,398,388,390,3664700
8/20/2025,ITIC,216,218,212,216,199100
8/20/2025,ITMA,800,820,770,810,36683200
8/20/2025,ITMG,22275,22350,22100,22275,1804800
8/20/2025,ITMGZPCJ6A,68,68,68,68,112700
8/20/2025,JARR,805,1005,790,1005,142809800
8/20/2025,JAST,106,121,105,109,87120800
8/20/2025,JATI,146,147,143,143,11178300
8/20/2025,JAWA,146,164,146,153,24338700
8/20/2025,JAYA,96,97,95,96,513300
8/20/2025,JECC,850,850,835,845,12400
8/20/2025,JGLE,12,12,12,12,40265700
8/20/2025,JIHD,675,740,665,710,8125700
8/20/2025,JKON,93,110,92,108,404166400
8/20/2025,JMAS,148,150,144,146,1947100
8/20/2025,JPFA,1550,1590,1550,1570,37502000
8/20/2025,JPFABQCZ5A,0,0,0,0,0
8/20/2025,JPFADRCJ6A,33,33,31,32,241400
8/20/2025,JPFAHDCZ5A,0,0,0,0,0
8/20/2025,JPFAZPCG6A,0,0,0,0,0
8/20/2025,JRPT,750,750,745,750,914800
8/20/2025,JSKY,0,0,0,0,0
8/20/2025,JSMR,3500,3520,3430,3450,15448500
8/20/2025,JSMRHDCH6A,121,121,116,116,67300
8/20/2025,JSMRZPCG6A,42,42,41,41,669500
8/20/2025,JSPT,4240,4240,4160,4170,16800
8/20/2025,JTPE,308,312,300,306,10377400
8/20/2025,KAEF,525,525,505,520,1100600
8/20/2025,KAQI,77,78,70,74,68190800
8/20/2025,KARW,880,920,880,920,936500
8/20/2025,KAYU,0,0,0,0,0
8/20/2025,KBAG,32,34,32,34,1547000
8/20/2025,KBLI,372,384,372,376,285600
8/20/2025,KBLM,350,422,350,396,6524500
8/20/2025,KBLV,178,236,178,187,750890300
8/20/2025,KBRI,0,0,0,0,0
8/20/2025,KDSI,470,470,458,470,37200
8/20/2025,KDTN,120,121,120,121,12800
8/20/2025,KEEN,825,850,815,815,8427100
8/20/2025,KEJU,680,690,650,670,2792400
8/20/2025,KETR,276,328,272,306,19456800
8/20/2025,KIAS,0,0,0,0,0
8/20/2025,KICI,117,120,116,117,606200
8/20/2025,KIJA,208,216,204,210,203369000
8/20/2025,KING,206,208,204,206,597500
8/20/2025,KING-W,10,10,9,10,4406200
8/20/2025,KINO,1100,1100,1085,1090,8700
8/20/2025,KIOS,82,94,81,85,156848200
8/20/2025,KJEN,121,123,116,116,3210900
8/20/2025,KKES,32,32,30,30,912300
8/20/2025,KKGI,332,338,328,332,4449100
8/20/2025,KLAS,145,147,143,146,12107600
8/20/2025,KLBF,1365,1405,1350,1400,61840200
8/20/2025,KLBFBQCV5A,39,40,39,40,47400
8/20/2025,KLBFDRCG6A,37,37,37,37,100
8/20/2025,KLBFHDCQ5A,2,3,2,3,469400
8/20/2025,KLBFZPCF6A,0,0,0,0,0
8/20/2025,KLBFZPCJ6A,0,0,0,0,0
8/20/2025,KLIN,188,191,180,185,1285000
8/20/2025,KMDS,635,650,635,650,300900
8/20/2025,KMTR,272,274,268,270,568500
8/20/2025,KOBX,140,142,139,140,414600
8/20/2025,KOCI,59,60,57,59,8974600
8/20/2025,KOCI-W,8,9,8,9,3341500
8/20/2025,KOIN,70,70,70,70,15500
8/20/2025,KOKA,99,100,96,100,9198900
8/20/2025,KONI,1250,1255,1200,1230,5100
8/20/2025,KOPI,348,354,346,354,365800
8/20/2025,KOTA,19,20,19,20,27107500
8/20/2025,KPIG,193,196,191,193,75345300
8/20/2025,KRAS,298,300,282,288,85554000
8/20/2025,KREN,14,14,14,14,4189300
8/20/2025,KRYA,244,244,234,236,12963800
8/20/2025,KSIX,210,218,210,218,278100
8/20/2025,KUAS,69,73,68,71,35164600
8/20/2025,LABA,0,0,0,0,0
8/20/2025,LABS,141,142,139,141,467500
8/20/2025,LAJU,53,60,53,56,112085300
8/20/2025,LAND,28,28,28,28,5245300
8/20/2025,LAPD,89,97,89,97,15859000
8/20/2025,LCGP,0,0,0,0,0
8/20/2025,LCKM,214,220,208,214,24700
8/20/2025,LEAD,74,82,73,78,71137400
8/20/2025,LFLO,250,250,240,242,14600
8/20/2025,LIFE,0,0,0,0,0
8/20/2025,LINK,2810,2810,2810,2810,216500
8/20/2025,LION,372,372,350,370,22300
8/20/2025,LIVE,182,184,181,182,5075000
8/20/2025,LMAS,0,0,0,0,0
8/20/2025,LMAX,79,85,79,85,13165600
8/20/2025,LMPI,139,140,138,140,158300
8/20/2025,LMSH,0,0,0,0,0
8/20/2025,LOPI,57,57,54,54,5484500
8/20/2025,LPCK,510,635,505,635,23858700
8/20/2025,LPGI,430,450,422,438,355400
8/20/2025,LPIN,400,416,398,406,1287000
8/20/2025,LPKR,90,101,90,99,329178000
8/20/2025,LPLI,298,350,296,300,2613300
8/20/2025,LPPF,1585,1585,1570,1575,2439700
8/20/2025,LPPS,85,86,79,81,48789900
8/20/2025,LRNA,167,179,167,170,119000
8/20/2025,LSIP,1405,1475,1375,1465,66558100
8/20/2025,LSIPYUCZ5A,88,91,88,90,2250100
8/20/2025,LSIPZPCG6A,81,95,81,93,1204900
8/20/2025,LTLS,845,860,840,840,344200
8/20/2025,LUCK,86,87,83,86,5552600
8/20/2025,LUCY,74,75,73,75,393800
8/20/2025,MABA,0,0,0,0,0
8/20/2025,MAGP,0,0,0,0,0
8/20/2025,MAHA,139,150,138,144,30144000
8/20/2025,MAIN,635,655,635,640,2256900
8/20/2025,MANG,38,39,37,39,5455800
8/20/2025,MANG-W,26,28,26,28,307500
8/20/2025,MAPA,665,670,645,655,23795900
8/20/2025,MAPABQCZ5A,29,29,28,28,160200
8/20/2025,MAPADRCJ6A,21,21,21,21,26000
8/20/2025,MAPAHDCZ5A,0,0,0,0,0
8/20/2025,MAPAZPCH6A,0,0,0,0,0
8/20/2025,MAPB,1840,1860,1725,1815,6100
8/20/2025,MAPI,1320,1350,1260,1315,47327300
8/20/2025,MAPIBQCV5A,14,14,11,14,1801200
8/20/2025,MAPIDRCQ5A,4,4,3,3,887100
8/20/2025,MAPIDRCX5A,31,32,29,31,1298200
8/20/2025,MAPIHDCQ5A,0,0,0,0,0
8/20/2025,MAPIZPCJ6A,65,65,63,63,1441700
8/20/2025,MARI,21,23,21,23,34293100
8/20/2025,MARK,660,685,660,670,25983000
8/20/2025,MASA,0,0,0,0,0
8/20/2025,MASB,3230,3360,3220,3340,1400
8/20/2025,MAXI,51,52,50,50,28116000
8/20/2025,MAYA,254,270,222,228,145778400
8/20/2025,MBAP,1655,1655,1640,1645,95600
8/20/2025,MBMA,416,440,412,434,256596400
8/20/2025,MBMABQCX5A,17,22,17,21,1048300
8/20/2025,MBMADRCQ5A,2,2,1,1,11247100
8/20/2025,MBMADRCX5A,27,31,27,30,2220100
8/20/2025,MBMADRPX5A,25,25,24,24,789100
8/20/2025,MBMAHDCH6A,67,67,67,67,12000
8/20/2025,MBMAHDCQ5A,2,2,1,1,23303600
8/20/2025,MBMAZPCX5A,51,58,51,58,1625500
8/20/2025,MBSS,1380,1430,1370,1425,1456600
8/20/2025,MBTO,109,113,108,110,1373700
8/20/2025,MCAS,950,960,935,940,46100
8/20/2025,MCOL,3920,3950,3910,3940,31000
8/20/2025,MCOR,73,77,72,75,25329500
8/20/2025,MDIA,37,37,33,33,2273700
8/20/2025,MDIY,1265,1270,1245,1250,415800
8/20/2025,MDKA,2290,2350,2280,2320,32846800
8/20/2025,MDKABQCV5A,95,98,95,97,12400
8/20/2025,MDKABQCX5B,0,0,0,0,0
8/20/2025,MDKADRCV5A,83,83,83,83,100
8/20/2025,MDKADRPX5A,0,0,0,0,0
8/20/2025,MDKAHDCU5A,0,0,0,0,0
8/20/2025,MDKAHDCZ5A,0,0,0,0,0
8/20/2025,MDKAYUCQ5A,0,0,0,0,0
8/20/2025,MDKAZPCF6A,71,73,71,73,575800
8/20/2025,MDKI,161,163,161,161,235100
8/20/2025,MDLA,204,212,204,210,9567500
8/20/2025,MDLN,61,72,61,67,359506200
8/20/2025,MDRN,15,15,15,15,4688800
8/20/2025,MEDC,1205,1220,1185,1185,35246500
8/20/2025,MEDCBQCV5A,47,49,47,47,18000
8/20/2025,MEDCBQCX5B,0,0,0,0,0
8/20/2025,MEDCBQCZ5A,0,0,0,0,0
8/20/2025,MEDCDRCG6A,34,34,32,32,48100
8/20/2025,MEDCDRPV5A,33,33,33,33,100
8/20/2025,MEDCHDCH6A,0,0,0,0,0
8/20/2025,MEDCHDCQ5A,31,31,31,31,2700
8/20/2025,MEDCZPCF6A,0,0,0,0,0
8/20/2025,MEDS,51,51,50,50,20660000
8/20/2025,MEGA,3300,3330,3300,3320,6900
8/20/2025,MEJA,61,61,61,61,4168100
8/20/2025,MEJA-W,9,10,9,9,20727100
8/20/2025,MENN,46,46,45,46,6388000
8/20/2025,MERI,274,274,268,270,4965100
8/20/2025,MERK,2800,2810,2790,2800,6400
8/20/2025,META,0,0,0,0,0
8/20/2025,MFIN,1450,1500,1405,1500,3158000
8/20/2025,MFMI,0,0,0,0,0
8/20/2025,MGLV,970,1060,970,1050,749000
8/20/2025,MGNA,37,37,37,37,35300
8/20/2025,MGNA-W,17,17,17,17,1400
8/20/2025,MGRO,710,715,705,715,4697300
8/20/2025,MHKI,125,127,124,126,764600
8/20/2025,MICE,498,500,488,492,63500
8/20/2025,MIDI,464,472,458,468,7213100
8/20/2025,MIKA,2420,2430,2400,2420,4730500
8/20/2025,MIKAZPCG6A,0,0,0,0,0
8/20/2025,MINA,174,199,174,189,196587600
8/20/2025,MINE,700,740,565,600,86310000
8/20/2025,MIRA,44,44,44,44,1774900
8/20/2025,MITI,181,183,179,181,426900
8/20/2025,MKAP,360,372,352,356,1368700
8/20/2025,MKNT,0,0,0,0,0
8/20/2025,MKPI,25575,25575,24850,25500,7500
8/20/2025,MKTR,106,110,105,107,5122300
8/20/2025,MKTR-W,8,8,7,7,1151700
8/20/2025,MLBI,6000,6000,5925,5950,193100
8/20/2025,MLIA,338,340,334,336,3914900
8/20/2025,MLPL,154,159,135,141,804291000
8/20/2025,MLPT,72525,77900,70500,70500,249000
8/20/2025,MMIX,260,262,256,262,6043300
8/20/2025,MMLP,555,555,550,555,8719500
8/20/2025,MNCN,250,254,248,254,27027000
8/20/2025,MOLI,208,208,202,208,458900
8/20/2025,MORA,422,446,410,424,1205900
8/20/2025,MPIX,64,66,60,64,115546000
8/20/2025,MPIX-W,8,8,7,8,4058300
8/20/2025,MPMX,960,965,960,965,2166800
8/20/2025,MPOW,122,123,120,122,2626500
8/20/2025,MPPA,78,80,71,74,218406400
8/20/2025,MPRO,3300,3320,3150,3300,537200
8/20/2025,MPXL,108,109,106,108,1865600
8/20/2025,MRAT,254,256,246,248,1336300
8/20/2025,MREI,970,1000,945,1000,465900
8/20/2025,MSIE,31,32,30,32,2799000
8/20/2025,MSIN,496,496,486,494,22979400
8/20/2025,MSJA,308,316,302,314,2268500
8/20/2025,MSKY,75,84,74,79,62591500
8/20/2025,MSTI,1640,1640,1620,1635,2161200
8/20/2025,MTDL,585,600,580,585,18295800
8/20/2025,MTEL,640,645,620,625,18330400
8/20/2025,MTFN,11,11,11,11,8648700
8/20/2025,MTLA,450,450,440,446,49700
8/20/2025,MTMH,920,920,900,910,280200
8/20/2025,MTPS,47,49,46,49,1283000
8/20/2025,MTRA,0,0,0,0,0
8/20/2025,MTSM,0,0,0,0,0
8/20/2025,MTWI,392,404,342,404,3761600
8/20/2025,MUTU,91,91,90,91,431900
8/20/2025,MYOH,1695,1705,1685,1705,82500
8/20/2025,MYOR,2170,2230,2150,2210,6768300
8/20/2025,MYORZPCH6A,41,41,41,41,200000
8/20/2025,MYTX,0,0,0,0,0
8/20/2025,NAIK,180,193,161,164,821052100
8/20/2025,NAIK-W,34,38,26,29,126430400
8/20/2025,NANO,27,29,26,29,45247100
8/20/2025,NASA,22,22,22,22,4585800
8/20/2025,NASI,90,92,87,87,6076600
8/20/2025,NATO,141,150,140,141,655500
8/20/2025,NAYZ,50,53,50,53,9817400
8/20/2025,NCKL,990,1000,970,1000,40516500
8/20/2025,NCKLYUCZ5A,79,79,79,79,100
8/20/2025,NCKLZPCJ6A,56,57,54,56,387400
8/20/2025,NELY,346,354,342,350,1069200
8/20/2025,NEST,290,290,280,286,2601300
8/20/2025,NETV,139,145,136,137,5467800
8/20/2025,NFCX,1890,1900,1845,1845,134900
8/20/2025,NICE,426,426,412,418,5007100
8/20/2025,NICK,1240,1400,1200,1245,26400
8/20/2025,NICL,1065,1105,1055,1075,13149700
8/20/2025,NIKL,240,242,234,234,963600
8/20/2025,NINE,188,198,186,198,30186400
8/20/2025,NIRO,134,134,120,121,1430400
8/20/2025,NISP,1385,1410,1385,1405,6533700
8/20/2025,NOBU,545,560,535,555,6323000
8/20/2025,NPGF,50,51,50,50,4567300
8/20/2025,NRCA,755,870,755,845,23055600
8/20/2025,NSSS,416,424,414,420,8730400
8/20/2025,NTBK,52,53,50,51,48745900
8/20/2025,NUSA,0,0,0,0,0
8/20/2025,NZIA,102,107,100,103,1918500
8/20/2025,OASA,206,218,194,206,218917500
8/20/2025,OBAT,432,440,424,434,6548400
8/20/2025,OBAT-W,81,83,76,80,2395200
8/20/2025,OBMD,196,210,194,198,1681900
8/20/2025,OCAP,0,0,0,0,0
8/20/2025,OILS,138,141,136,138,3348100
8/20/2025,OKAS,244,244,230,232,5644200
8/20/2025,OLIV,26,28,25,28,10553200
8/20/2025,OMED,190,190,183,186,1353700
8/20/2025,OMRE,428,450,426,426,4300
8/20/2025,OPMS,80,82,78,79,4782200
8/20/2025,PACK,4000,4400,3640,3640,27557400
8/20/2025,PADA,34,34,30,30,34404900
8/20/2025,PADI,89,89,82,82,54238400
8/20/2025,PALM,366,398,358,374,1903500
8/20/2025,PAMG,80,80,78,79,19883900
8/20/2025,PANI,15950,16150,15875,15950,9424900
8/20/2025,PANIBQCZ5A,106,107,106,107,160200
8/20/2025,PANIHDCZ5A,238,238,234,234,261500
8/20/2025,PANIZPCJ6A,99,105,98,100,13165600
8/20/2025,PANR,855,860,830,855,15148300
8/20/2025,PANS,1405,1410,1395,1400,119100
8/20/2025,PART,132,134,127,130,26645100
8/20/2025,PART-W,29,29,28,28,3039300
8/20/2025,PBID,484,484,480,480,650400
8/20/2025,PBRX,26,26,25,26,14116800
8/20/2025,PBSA,496,600,494,560,10911900
8/20/2025,PCAR,30,31,29,31,2192700
8/20/2025,PDES,496,496,492,492,60700
8/20/2025,PDPP,498,505,482,505,229200
8/20/2025,PEGE,113,114,111,113,767000
8/20/2025,PEHA,336,336,318,332,282700
8/20/2025,PEVE,424,448,424,448,190900
8/20/2025,PGAS,1665,1695,1660,1690,35098500
8/20/2025,PGASBQCU5A,0,0,0,0,0
8/20/2025,PGASBQCZ5A,0,0,0,0,0
8/20/2025,PGASDRCG6A,68,68,68,68,100
8/20/2025,PGASHDCQ5A,0,0,0,0,0
8/20/2025,PGASYUCQ5A,0,0,0,0,0
8/20/2025,PGASZPCJ6A,0,0,0,0,0
8/20/2025,PGEO,1465,1465,1400,1415,143532100
8/20/2025,PGEOBQCX5B,36,36,36,36,200
8/20/2025,PGEODRCJ6A,46,47,43,47,6093800
8/20/2025,PGEODRPV5A,31,31,30,30,2700
8/20/2025,PGEOHDCH6A,61,61,58,58,19600
8/20/2025,PGEOHDCH6B,67,67,67,67,201000
8/20/2025,PGEOHDCQ5A,88,88,88,88,8000
8/20/2025,PGEOZPCJ6A,58,58,54,54,533500
8/20/2025,PGJO,0,0,0,0,0
8/20/2025,PGLI,172,172,163,163,164800
8/20/2025,PGUN,1275,1275,1155,1275,374100
8/20/2025,PICO,134,134,132,132,394600
8/20/2025,PIPA,100,100,93,93,14224500
8/20/2025,PJAA,482,484,478,478,257600
8/20/2025,PKPK,600,600,560,595,451600
8/20/2025,PLAN,47,50,45,46,1718100
8/20/2025,PLAS,0,0,0,0,0
8/20/2025,PLIN,0,0,0,0,0
8/20/2025,PMJS,116,120,115,117,454500
8/20/2025,PMMP,0,0,0,0,0
8/20/2025,PMUI,120,123,120,122,4662900
8/20/2025,PNBN,1135,1150,1135,1150,6925200
8/20/2025,PNBS,50,51,50,50,14350100
8/20/2025,PNGO,2460,2540,2460,2470,49400
8/20/2025,PNIN,915,920,900,905,182600
8/20/2025,PNLF,260,264,256,260,68960500
8/20/2025,PNLFDRCJ6A,16,17,15,17,270300
8/20/2025,PNLFHDCZ5A,0,0,0,0,0
8/20/2025,PNLFYUCV5A,13,13,13,13,300
8/20/2025,PNLFZPCH6A,42,43,42,43,701000
8/20/2025,PNSE,775,785,725,755,62400
8/20/2025,POLA,25,25,25,25,3231000
8/20/2025,POLI,760,760,760,760,200
8/20/2025,POLL,0,0,0,0,0
8/20/2025,POLU,7775,7775,7400,7400,22600
8/20/2025,POLY,17,17,17,17,151700
8/20/2025,POOL,0,0,0,0,0
8/20/2025,PORT,950,970,935,940,10600
8/20/2025,POSA,0,0,0,0,0
8/20/2025,POWR,695,705,690,700,5275600
8/20/2025,PPGL,103,103,100,101,220900
8/20/2025,PPRE,106,106,99,100,39511100
8/20/2025,PPRI,226,268,222,250,122047700
8/20/2025,PPRO,0,0,0,0,0
8/20/2025,PRAY,615,620,615,620,4000
8/20/2025,PRDA,2790,2790,2760,2790,89600
8/20/2025,PRIM,65,70,64,67,24053400
8/20/2025,PSAB,446,446,432,442,142119200
8/20/2025,PSAT,1610,1610,1550,1550,1225100
8/20/2025,PSDN,85,89,85,87,1459400
8/20/2025,PSGO,202,224,199,210,11451300
8/20/2025,PSKT,92,92,92,92,57157500
8/20/2025,PSSI,342,348,338,346,1231000
8/20/2025,PTBA,2420,2430,2400,2430,10212100
8/20/2025,PTBABQCV5A,29,30,29,30,11000
8/20/2025,PTBADRCG6A,0,0,0,0,0
8/20/2025,PTBAHDCQ5A,0,0,0,0,0
8/20/2025,PTBAYUCZ5A,0,0,0,0,0
8/20/2025,PTBAZPCH6A,0,0,0,0,0
8/20/2025,PTDU,0,0,0,0,0
8/20/2025,PTIS,398,404,390,390,14500
8/20/2025,PTMP,109,109,103,104,21565100
8/20/2025,PTMR,0,0,0,0,0
8/20/2025,PTPP,392,402,392,402,18280700
8/20/2025,PTPS,166,212,166,186,382016300
8/20/2025,PTPW,975,975,975,975,14900
8/20/2025,PTRO,4060,4190,3990,4100,99941800
8/20/2025,PTSN,272,280,266,272,1934500
8/20/2025,PTSP,1015,1015,965,980,14600
8/20/2025,PUDP,212,220,212,218,31100
8/20/2025,PURA,19,19,19,19,4322800
8/20/2025,PURE,0,0,0,0,0
8/20/2025,PURI,182,232,180,189,8538200
8/20/2025,PWON,376,390,376,388,96403000
8/20/2025,PWONHDCZ5A,0,0,0,0,0
8/20/2025,PWONZPCH6A,40,41,40,41,120000
8/20/2025,PYFA,0,0,0,0,0
8/20/2025,PYFA-W,0,0,0,0,0
8/20/2025,PZZA,212,238,204,216,21840000
8/20/2025,R-ABFII,0,0,0,0,0
8/20/2025,R-LQ45X,1020,1020,995,1013,138500
8/20/2025,RAAM,282,286,276,282,11641300
8/20/2025,RAFI,0,0,0,0,0
8/20/2025,RAJA,2950,2980,2880,2880,26928900
8/20/2025,RALS,390,394,390,392,5521000
8/20/2025,RANC,414,414,414,414,6700
8/20/2025,RATU,7000,7100,6950,7000,6283500
8/20/2025,RBMS,29,29,28,28,1195800
8/20/2025,RCCC,172,187,163,186,1446700
8/20/2025,RDTX,12325,12325,12025,12050,2000
8/20/2025,REAL,42,42,41,41,3627100
8/20/2025,RELF,36,39,36,39,6371000
8/20/2025,RELI,545,560,530,540,58700
8/20/2025,RGAS,113,116,111,114,38961100
8/20/2025,RICY,37,39,37,39,349000
8/20/2025,RIGS,750,765,725,765,75700
8/20/2025,RIMO,0,0,0,0,0
8/20/2025,RISE,1055,1055,1050,1055,712300
8/20/2025,RMKE,730,790,725,790,7904100
8/20/2025,RMKO,110,114,106,109,3607900
8/20/2025,ROCK,0,0,0,0,0
8/20/2025,RODA,39,39,39,39,190000
8/20/2025,RONY,0,0,0,0,0
8/20/2025,ROTI,810,810,805,810,646400
8/20/2025,RSCH,386,386,376,380,3657100
8/20/2025,RSGK,0,0,0,0,0
8/20/2025,RUIS,240,256,230,252,13620200
8/20/2025,RUNS,66,66,64,65,1185800
8/20/2025,SAFE,196,202,195,196,573000
8/20/2025,SAGE,24,24,24,24,4075000
8/20/2025,SAME,374,406,360,362,39976900
8/20/2025,SAMF,336,340,334,338,137300
8/20/2025,SAPX,300,372,300,372,18933500
8/20/2025,SATU,232,238,232,236,5193300
8/20/2025,SBAT,0,0,0,0,0
8/20/2025,SBMA,123,124,121,121,1605200
8/20/2025,SCCO,2290,2310,2220,2220,103800
8/20/2025,SCMA,286,288,270,282,398140000
8/20/2025,SCMABQCZ5A,102,111,100,111,212700
8/20/2025,SCMAHDCZ5A,268,268,268,268,2200
8/20/2025,SCMAZPCG6A,134,136,131,132,4061800
8/20/2025,SCNP,183,190,173,175,31800
8/20/2025,SCPI,0,0,0,0,0
8/20/2025,SDMU,44,44,43,43,364600
8/20/2025,SDPC,129,131,128,130,159500
8/20/2025,SDRA,290,292,288,292,500700
8/20/2025,SEMA,91,93,91,93,1167500
8/20/2025,SFAN,1915,1915,1905,1915,104700
8/20/2025,SGER,328,332,322,332,126092400
8/20/2025,SGRO,4090,4500,4040,4500,15141700
8/20/2025,SHID,935,990,860,905,161400
8/20/2025,SHIP,4290,4460,4170,4250,68200
8/20/2025,SICO,114,119,114,115,6475900
8/20/2025,SIDO,535,540,530,535,26396300
8/20/2025,SILO,2230,2240,2140,2170,2003000
8/20/2025,SIMA,0,0,0,0,0
8/20/2025,SIMP,665,695,650,670,83113600
8/20/2025,SINI,3700,3700,3640,3640,8400
8/20/2025,SIPD,705,715,705,715,400
8/20/2025,SKBM,358,368,358,358,33400
8/20/2025,SKLT,187,193,187,189,272400
8/20/2025,SKRN,402,404,400,400,178300
8/20/2025,SKYB,0,0,0,0,0
8/20/2025,SLIS,68,78,67,73,247256400
8/20/2025,SLIS-W,9,10,8,10,8872400
8/20/2025,SMAR,4410,4950,4410,4850,956400
8/20/2025,SMBR,300,318,296,310,70456200
8/20/2025,SMCB,0,0,0,0,0
8/20/2025,SMDM,885,900,850,885,601600
8/20/2025,SMDR,334,342,332,334,32380700
8/20/2025,SMGA,105,111,103,107,67450200
8/20/2025,SMGR,2720,2820,2700,2820,18553600
8/20/2025,SMGRBQCU5A,6,9,6,9,3474900
8/20/2025,SMGRBQCX5B,79,79,79,79,350000
8/20/2025,SMGRBQCZ5A,0,0,0,0,0
8/20/2025,SMGRDRCV5A,55,61,54,61,444400
8/20/2025,SMGRHDCZ5A,0,0,0,0,0
8/20/2025,SMGRZPCJ6A,61,62,61,62,105500
8/20/2025,SMIL,398,400,392,396,168640500
8/20/2025,SMKL,161,163,159,162,38400
8/20/2025,SMKM,84,86,83,86,7301100
8/20/2025,SMLE,170,173,158,161,11299000
8/20/2025,SMMA,16100,16250,15100,15900,45400
8/20/2025,SMMT,1015,1015,970,995,168400
8/20/2025,SMRA,446,470,442,468,145704600
8/20/2025,SMRADRCJ6A,35,38,35,38,3173900
8/20/2025,SMRAHDCZ5A,162,162,162,162,2000000
8/20/2025,SMRAZPCH6A,0,0,0,0,0
8/20/2025,SMRU,0,0,0,0,0
8/20/2025,SMSM,1945,2020,1945,2010,1441600
8/20/2025,SNLK,510,515,494,510,9159000
8/20/2025,SOCI,176,181,176,179,2207200
8/20/2025,SOFA,48,49,47,47,10545400
8/20/2025,SOHO,730,740,725,725,31700
8/20/2025,SOLA,179,181,174,177,117405900
8/20/2025,SONA,3920,3990,3740,3790,65700
8/20/2025,SOSS,575,675,565,675,165500
8/20/2025,SOTS,262,266,258,266,7900
8/20/2025,SOUL,80,86,74,86,5361600
8/20/2025,SPMA,296,302,292,298,953600
8/20/2025,SPRE,90,90,87,89,1079300
8/20/2025,SPTO,655,665,655,665,592200
8/20/2025,SQMI,0,0,0,0,0
8/20/2025,SRAJ,6200,6300,6000,6200,2499600
8/20/2025,SRIL,0,0,0,0,0
8/20/2025,SRSN,54,58,53,58,26431700
8/20/2025,SRTG,1850,1860,1830,1855,6342800
8/20/2025,SRTGZPCG6A,0,0,0,0,0
8/20/2025,SSIA,2370,2510,2360,2490,41487900
8/20/2025,SSMS,1495,1555,1435,1500,16044200
8/20/2025,SSTM,189,190,183,186,112600
8/20/2025,STAA,1015,1070,1015,1060,18102000
8/20/2025,STAR,41,41,41,41,219200
8/20/2025,STRK,128,136,125,132,21174200
8/20/2025,STTP,10300,10400,10275,10275,6200
8/20/2025,SUGI,0,0,0,0,0
8/20/2025,SULI,108,111,105,110,5065800
8/20/2025,SUNI,760,765,755,760,275700
8/20/2025,SUPR,0,0,0,0,0
8/20/2025,SURE,3160,3160,3010,3110,22300
8/20/2025,SURI,121,132,111,124,707245700
8/20/2025,SWAT,0,0,0,0,0
8/20/2025,SWID,109,109,103,106,10571200
8/20/2025,TALF,304,312,286,298,76600
8/20/2025,TAMA,30,30,29,29,466900
8/20/2025,TAMU,20,20,20,20,12788600
8/20/2025,TAPG,1545,1585,1535,1575,41645900
8/20/2025,TAPGDRCJ6A,88,91,87,90,188600
8/20/2025,TAPGHDCH6A,0,0,0,0,0
8/20/2025,TAPGZPCH6A,110,111,110,111,255200
8/20/2025,TARA,15,15,15,15,1931400
8/20/2025,TAXI,11,11,11,11,145482300
8/20/2025,TAYS,52,70,52,70,229988500
8/20/2025,TBIG,1945,1945,1920,1920,188500
8/20/2025,TBLA,775,805,770,795,13629400
8/20/2025,TBMS,1055,1075,1050,1065,85600
8/20/2025,TCID,2480,2500,2410,2420,4600
8/20/2025,TCPI,6025,6025,5875,5925,8533900
8/20/2025,TDPM,0,0,0,0,0
8/20/2025,TEBE,1090,1300,1060,1170,16434400
8/20/2025,TECH,0,0,0,0,0
8/20/2025,TELE,0,0,0,0,0
8/20/2025,TFAS,132,136,127,132,322200
8/20/2025,TFCO,0,0,0,0,0
8/20/2025,TGKA,5950,5950,5950,5950,300
8/20/2025,TGRA,0,0,0,0,0
8/20/2025,TGUK,0,0,0,0,0
8/20/2025,TIFA,412,420,404,406,59200
8/20/2025,TINS,1015,1030,1010,1020,9904900
8/20/2025,TIRA,1960,2010,1760,1945,57300
8/20/2025,TIRT,0,0,0,0,0
8/20/2025,TKIM,7400,7600,7250,7275,2569100
8/20/2025,TKIMZPCG6A,122,122,112,112,485700
8/20/2025,TLDN,675,705,665,700,6039800
8/20/2025,TLKM,3220,3290,3220,3220,80084600
8/20/2025,TLKMBQCQ5A,0,0,0,0,0
8/20/2025,TLKMBQCV5A,0,0,0,0,0
8/20/2025,TLKMDRCJ6A,91,91,88,88,24713600
8/20/2025,TLKMDRCQ5B,0,0,0,0,0
8/20/2025,TLKMDRCX6A,0,0,0,0,0
8/20/2025,TLKMHDCJ6A,69,71,69,71,37800
8/20/2025,TLKMHDCQ5A,0,0,0,0,0
8/20/2025,TLKMHDCV5A,0,0,0,0,0
8/20/2025,TLKMYUCQ5A,0,0,0,0,0
8/20/2025,TLKMZPCF6A,113,113,113,113,100
8/20/2025,TMAS,141,143,138,140,13147600
8/20/2025,TMPO,148,149,146,147,712900
8/20/2025,TNCA,190,208,189,195,11678100
8/20/2025,TOBA,1020,1035,980,995,67145000
8/20/2025,TOOL,52,55,51,52,14981200
8/20/2025,TOPS,0,0,0,0,0
8/20/2025,TOSK,58,60,56,57,50077400
8/20/2025,TOTL,725,740,715,735,2483000
8/20/2025,TOTO,242,250,242,250,1386800
8/20/2025,TOWR,620,630,610,625,25742800
8/20/2025,TOYS,0,0,0,0,0
8/20/2025,TPIA,9175,9175,8825,8900,7552100
8/20/2025,TPMA,585,590,580,585,4802100
8/20/2025,TRAM,0,0,0,0,0
8/20/2025,TRGU,191,195,191,193,135200
8/20/2025,TRIL,0,0,0,0,0
8/20/2025,TRIM,356,358,352,356,140400
8/20/2025,TRIN,100,105,99,104,4901800
8/20/2025,TRIN-W2,3,3,3,3,100
8/20/2025,TRIO,0,0,0,0,0
8/20/2025,TRIS,187,187,183,184,35200
8/20/2025,TRJA,137,141,137,139,400900
8/20/2025,TRON,105,107,100,103,3421200
8/20/2025,TRST,480,480,480,480,22200
8/20/2025,TRUE,26,26,26,26,4398400
8/20/2025,TRUK,172,190,168,170,2826200
8/20/2025,TRUS,486,488,458,474,51600
8/20/2025,TSPC,2280,2300,2260,2290,2079400
8/20/2025,TUGU,970,980,965,970,1822900
8/20/2025,TYRE,129,129,126,128,318300
8/20/2025,UANG,615,660,600,660,4194900
8/20/2025,UCID,472,478,466,472,2707600
8/20/2025,UDNG,1955,2120,1955,2120,349200
8/20/2025,UFOE,177,182,175,182,312400
8/20/2025,ULTJ,1275,1280,1265,1270,2596600
8/20/2025,UNIC,7975,8000,7925,7925,1200
8/20/2025,UNIQ,402,412,402,404,40088000
8/20/2025,UNIT,0,0,0,0,0
8/20/2025,UNSP,137,141,137,141,1730100
8/20/2025,UNTD,80,83,80,82,6450200
8/20/2025,UNTR,23700,24400,23675,24400,2607800
8/20/2025,UNTRBQCV5A,0,0,0,0,0
8/20/2025,UNTRDRCG6A,130,130,130,130,100
8/20/2025,UNTRHDCQ5A,0,0,0,0,0
8/20/2025,UNTRZPCJ6A,0,0,0,0,0
8/20/2025,UNVR,1830,1840,1785,1805,21223900
8/20/2025,UNVRBQCQ5A,9,9,3,4,9624500
8/20/2025,UNVRBQCU5A,0,0,0,0,0
8/20/2025,UNVRBQCZ5A,0,0,0,0,0
8/20/2025,UNVRDRCG6A,53,53,51,51,510100
8/20/2025,UNVRHDCQ5A,0,0,0,0,0
8/20/2025,UNVRHDPG6A,0,0,0,0,0
8/20/2025,UNVRZPCH6A,0,0,0,0,0
8/20/2025,URBN,133,135,130,134,40100
8/20/2025,UVCR,71,72,67,71,4918700
8/20/2025,VAST,167,171,166,168,6513200
8/20/2025,VAST-W,13,14,13,14,3317700
8/20/2025,VERN,150,152,141,148,4728700
8/20/2025,VERN-W,5,6,4,6,10481700
8/20/2025,VICI,625,630,620,625,520900
8/20/2025,VICO,177,182,174,177,1224300
8/20/2025,VINS,120,123,119,122,109300
8/20/2025,VISI,135,136,133,134,3987100
8/20/2025,VIVA,19,19,19,19,6853600
8/20/2025,VKTR,97,99,94,95,21651200
8/20/2025,VOKS,196,198,194,198,15800
8/20/2025,VRNA,79,79,76,78,332800
8/20/2025,VTNY,95,98,93,97,26524700
8/20/2025,WAPO,143,144,142,144,561000
8/20/2025,WEGE,62,65,60,62,45288400
8/20/2025,WEHA,118,118,116,118,905100
8/20/2025,WGSH,170,170,158,159,3296200
8/20/2025,WICO,0,0,0,0,0
8/20/2025,WIDI,23,23,22,22,15496300
8/20/2025,WIFI,2750,2790,2720,2760,54871900
8/20/2025,WIIM,805,820,805,815,1365700
8/20/2025,WIKA,0,0,0,0,0
8/20/2025,WINE,210,212,206,210,1903800
8/20/2025,WINR,27,27,27,27,9450300
8/20/2025,WINS,408,412,404,410,3870000
8/20/2025,WIRG,188,189,178,178,999074100
8/20/2025,WMPP,0,0,0,0,0
8/20/2025,WMUU,15,15,14,14,29406100
8/20/2025,WOMF,342,342,338,338,177900
8/20/2025,WOOD,396,396,380,384,6596900
8/20/2025,WOWS,80,80,80,80,25979100
8/20/2025,WSBP,17,17,17,17,21219900
8/20/2025,WSKT,0,0,0,0,0
8/20/2025,WTON,97,99,97,98,9381100
8/20/2025,XAQA,0,0,0,0,0
8/20/2025,XBES,1095,1097,1095,1097,10100
8/20/2025,XBID,521,526,521,526,41000
8/20/2025,XBIG,0,0,0,0,0
8/20/2025,XBIN,590,599,590,599,40100
8/20/2025,XBLQ,496,496,496,496,200
8/20/2025,XBNI,0,0,0,0,0
8/20/2025,XBSK,458,458,458,458,40000
8/20/2025,XCEG,110,110,109,109,2100
8/20/2025,XCID,74,99,66,78,1349300
8/20/2025,XCIS,111,111,101,109,44300
8/20/2025,XCLQ,120,125,102,102,523900
8/20/2025,XDIF,464,464,464,464,100
8/20/2025,XIFE,106,118,91,108,2700
8/20/2025,XIHD,634,640,634,635,400
8/20/2025,XIIC,0,0,0,0,0
8/20/2025,XIID,497,497,497,497,100
8/20/2025,XIIF,0,0,0,0,0
8/20/2025,XIIT,520,527,444,527,6500
8/20/2025,XIJI,629,635,629,630,4000
8/20/2025,XILV,135,135,122,122,14300
8/20/2025,XIML,232,265,232,262,22800
8/20/2025,XIPB,205,205,205,205,300
8/20/2025,XIPI,224,224,224,224,200
8/20/2025,XISB,0,0,0,0,0
8/20/2025,XISC,773,773,773,773,200
8/20/2025,XISI,0,0,0,0,0
8/20/2025,XISR,454,454,448,448,22900
8/20/2025,XKID,976,976,976,976,100
8/20/2025,XKIV,579,585,579,585,41000
8/20/2025,XKMS,1168,1189,1167,1189,201400
8/20/2025,XMGB,1111,1111,1111,1111,400
8/20/2025,XMIG,222,222,222,222,100
8/20/2025,XMLF,911,911,911,911,40000
8/20/2025,XMSK,391,394,391,394,400
8/20/2025,XNVE,0,0,0,0,0
8/20/2025,XPDV,600,614,526,614,8100
8/20/2025,XPFT,0,0,0,0,0
8/20/2025,XPIN,653,660,653,660,800
8/20/2025,XPLQ,970,970,662,665,34400
8/20/2025,XPSG,0,0,0,0,0
8/20/2025,XPTD,476,595,476,595,8000
8/20/2025,XSBC,280,308,244,251,111300
8/20/2025,XSPI,0,0,0,0,0
8/20/2025,XSSI,125,125,107,118,264900
8/20/2025,XSSK,712,712,712,712,20000
8/20/2025,YELO,49,49,49,49,11760600
8/20/2025,YOII,96,98,94,95,5794200
8/20/2025,YPAS,0,0,0,0,0
8/20/2025,YULE,2700,2700,2700,2700,53200
8/20/2025,YUPI,1695,1710,1680,1685,68100
8/20/2025,ZATA,14,14,14,14,13735500
8/20/2025,ZBRA,0,0,0,0,0
8/20/2025,ZINC,16,16,16,16,58108600
8/20/2025,ZONE,745,745,730,745,106000
8/20/2025,ZYRX,164,165,157,160,6333600
