<date>,<ticker>,<open>,<high>,<low>,<close>,<volume>
9/10/2025,IHSG,7682.420,7726.380,7661.280,7699.007,28192588000
9/10/2025,IDX30,0.000,0.000,0.000,0.000,0
9/10/2025,IDX80,0.000,0.000,0.000,0.000,0
9/10/2025,AADI,7100,7125,6975,7000,4826800
9/10/2025,AADIHDCK6A,76,76,75,75,562000
9/10/2025,AALI,7425,7475,7250,7275,1470700
9/10/2025,ABBA,43,43,43,43,1143100
9/10/2025,ABDA,3060,3060,3060,3060,2900
9/10/2025,ABMM,2910,2910,2850,2880,1453200
9/10/2025,ACES,424,438,424,430,57305200
9/10/2025,ACESBQCV5A,1,2,1,1,273900
9/10/2025,ACESBQCX5B,0,0,0,0,0
9/10/2025,ACESBQCZ5A,19,20,19,20,200
9/10/2025,ACESDRCJ6A,14,14,13,13,240700
9/10/2025,ACESHDCZ5A,0,0,0,0,0
9/10/2025,ACESZPCJ6A,0,0,0,0,0
9/10/2025,ACRO,80,89,80,84,46672100
9/10/2025,ACRO-W,10,15,10,11,653219300
9/10/2025,ACST,135,139,131,135,5741200
9/10/2025,ADCP,58,64,58,59,137891500
9/10/2025,ADES,14000,14000,13550,13575,30700
9/10/2025,ADHI,278,280,270,272,11699600
9/10/2025,ADMF,8900,8950,8900,8950,25600
9/10/2025,ADMG,144,146,143,146,340700
9/10/2025,ADMR,990,1015,990,1000,7367000
9/10/2025,ADMRDRCJ6A,31,32,31,32,20200
9/10/2025,ADMRHDCJ6A,51,52,51,52,8000
9/10/2025,ADMRZPCH6A,48,50,48,50,67900
9/10/2025,ADRO,1690,1715,1685,1685,59712400
9/10/2025,ADROBQCU5A,2,2,1,2,2181900
9/10/2025,ADROBQCZ5A,15,15,15,15,20100
9/10/2025,ADRODRCJ6A,55,55,55,55,18500
9/10/2025,ADRODRCX5A,33,34,32,32,385400
9/10/2025,ADROHDCZ5A,0,0,0,0,0
9/10/2025,ADROHDPH6A,0,0,0,0,0
9/10/2025,ADROYUCZ5A,0,0,0,0,0
9/10/2025,ADROZPCF6A,0,0,0,0,0
9/10/2025,AEGS,39,40,37,39,24366400
9/10/2025,AGAR,250,258,246,250,34100
9/10/2025,AGII,775,780,755,770,772700
9/10/2025,AGRO,228,268,226,246,292323500
9/10/2025,AGRS,74,79,73,75,23982300
9/10/2025,AHAP,75,78,75,75,5890300
9/10/2025,AIMS,314,314,310,310,17700
9/10/2025,AISA,120,122,119,120,1799700
9/10/2025,AKKU,0,0,0,0,0
9/10/2025,AKPI,570,570,555,555,35000
9/10/2025,AKRA,1220,1235,1200,1230,9468200
9/10/2025,AKRABQCX5B,0,0,0,0,0
9/10/2025,AKRADRCX5A,0,0,0,0,0
9/10/2025,AKRAHDCH6A,0,0,0,0,0
9/10/2025,AKRAZPCJ6A,0,0,0,0,0
9/10/2025,AKRAZPCX5A,0,0,0,0,0
9/10/2025,AKSI,232,240,232,236,27500
9/10/2025,ALDO,492,500,492,496,256600
9/10/2025,ALII,555,560,535,535,2847900
9/10/2025,ALKA,318,320,314,314,6400
9/10/2025,ALMI,0,0,0,0,0
9/10/2025,ALTO,0,0,0,0,0
9/10/2025,AMAG,362,370,362,364,16900
9/10/2025,AMAN,118,123,118,120,2611500
9/10/2025,AMAR,206,212,206,210,535500
9/10/2025,AMFG,3290,3330,3290,3320,18900
9/10/2025,AMIN,250,274,234,246,18909100
9/10/2025,AMMN,7750,7925,7650,7850,25743900
9/10/2025,AMMNBQCZ5A,33,35,33,33,177600
9/10/2025,AMMNDRCJ6A,0,0,0,0,0
9/10/2025,AMMNHDCH6A,0,0,0,0,0
9/10/2025,AMMNZPCG6A,0,0,0,0,0
9/10/2025,AMMS,212,256,212,256,5850000
9/10/2025,AMOR,470,470,466,466,102900
9/10/2025,AMRT,2040,2130,2010,2130,55805700
9/10/2025,AMRTBQCU5A,2,2,1,2,264300
9/10/2025,AMRTDRCZ5A,26,32,26,32,4213900
9/10/2025,AMRTHDCJ6A,0,0,0,0,0
9/10/2025,AMRTZPCX5A,0,0,0,0,0
9/10/2025,ANDI,32,33,32,33,22143000
9/10/2025,ANJT,1795,1800,1795,1800,440700
9/10/2025,ANTM,3580,3600,3470,3510,192404800
9/10/2025,ANTMBQCU5A,0,0,0,0,0
9/10/2025,ANTMBQCX5A,109,109,103,105,741800
9/10/2025,ANTMBQCZ5A,0,0,0,0,0
9/10/2025,ANTMDRCG6A,76,76,68,69,1529000
9/10/2025,ANTMDRCX5A,384,384,374,378,80900
9/10/2025,ANTMDRPU5A,0,0,0,0,0
9/10/2025,ANTMDRPU5B,0,0,0,0,0
9/10/2025,ANTMHDCH6A,115,115,115,115,50000
9/10/2025,ANTMHDCH6B,0,0,0,0,0
9/10/2025,ANTMHDCU5A,166,172,151,151,122500
9/10/2025,ANTMHDPH6A,61,64,61,63,1123600
9/10/2025,ANTMZPCJ6A,105,107,103,103,202100
9/10/2025,ANTMZPCX5A,0,0,0,0,0
9/10/2025,APEX,124,125,119,121,18672000
9/10/2025,APIC,1125,1160,1115,1135,7711200
9/10/2025,APII,180,183,180,180,89300
9/10/2025,APLI,470,470,468,470,8400
9/10/2025,APLN,102,104,102,103,8456400
9/10/2025,ARCI,925,925,880,900,74967100
9/10/2025,AREA,505,525,496,505,2646300
9/10/2025,ARGO,1275,1310,1270,1305,15900
9/10/2025,ARII,260,262,256,256,38400
9/10/2025,ARKA,36,37,36,37,10936200
9/10/2025,ARKO,1210,1300,1210,1300,322600
9/10/2025,ARMY,0,0,0,0,0
9/10/2025,ARNA,560,560,550,560,346100
9/10/2025,ARTA,3220,3220,3170,3210,1000
9/10/2025,ARTI,0,0,0,0,0
9/10/2025,ARTO,1980,2130,1980,2110,11171200
9/10/2025,ARTOBQCU5A,2,3,1,1,55635000
9/10/2025,ARTOBQCX5B,96,105,96,102,847400
9/10/2025,ARTOBQCZ5A,18,21,18,20,295800
9/10/2025,ARTODRCK6A,63,74,63,74,102800
9/10/2025,ARTODRCX5A,45,50,45,50,98900
9/10/2025,ARTOHDCZ5A,0,0,0,0,0
9/10/2025,ARTOZPCX5A,46,46,46,46,704100
9/10/2025,ASBI,462,462,434,436,11300
9/10/2025,ASDM,530,565,530,535,80000
9/10/2025,ASGR,1220,1265,1220,1250,1403200
9/10/2025,ASHA,46,46,46,46,4735800
9/10/2025,ASII,5525,5525,5400,5475,22968400
9/10/2025,ASIIBQCU5A,28,29,25,26,100200
9/10/2025,ASIIBQCZ5A,0,0,0,0,0
9/10/2025,ASIIDRCX5A,0,0,0,0,0
9/10/2025,ASIIDRCX6A,0,0,0,0,0
9/10/2025,ASIIHDCZ5A,0,0,0,0,0
9/10/2025,ASIIZPCJ6A,0,0,0,0,0
9/10/2025,ASJT,110,113,108,110,87400
9/10/2025,ASLC,101,102,97,99,54810500
9/10/2025,ASLI,0,0,0,0,0
9/10/2025,ASMI,37,37,37,37,2378700
9/10/2025,ASPI,500,510,490,505,1280900
9/10/2025,ASPR,94,95,92,92,10443700
9/10/2025,ASRI,170,170,167,170,9680600
9/10/2025,ASRM,272,278,272,276,31200
9/10/2025,ASSA,910,910,885,900,9814500
9/10/2025,ATAP,48,48,45,45,684900
9/10/2025,ATIC,442,450,434,436,176000
9/10/2025,ATLA,64,67,62,64,138007300
9/10/2025,AUTO,2430,2430,2350,2350,2465600
9/10/2025,AUTOZPCJ6A,34,34,34,34,7600
9/10/2025,AVIA,426,432,424,426,6999800
9/10/2025,AVIAZPCJ6A,0,0,0,0,0
9/10/2025,AWAN,250,254,246,252,16972500
9/10/2025,AXIO,126,129,125,128,433300
9/10/2025,AYAM,172,175,171,175,89259000
9/10/2025,AYLS,100,102,100,102,446900
9/10/2025,BABP,59,61,58,59,21562200
9/10/2025,BABY,304,320,300,318,8149800
9/10/2025,BACA,135,138,133,136,1839500
9/10/2025,BAIK,97,102,96,98,3576900
9/10/2025,BAIK-W,11,12,10,10,14159700
9/10/2025,BAJA,120,120,118,119,193700
9/10/2025,BALI,1340,1340,1320,1330,15900
9/10/2025,BANK,800,805,785,800,4208100
9/10/2025,BANK-W,0,0,0,0,0
9/10/2025,BAPA,87,93,82,88,46920600
9/10/2025,BAPI,29,29,29,29,5413000
9/10/2025,BATA,52,56,52,56,333300
9/10/2025,BATR,114,117,108,110,6744300
9/10/2025,BAUT,36,37,36,37,10388400
9/10/2025,BAYU,1250,1330,1250,1305,95300
9/10/2025,BBCA,7550,7800,7550,7800,247204000
9/10/2025,BBCABQCV5A,3,3,3,3,3971900
9/10/2025,BBCABQCX5A,10,10,10,10,20300
9/10/2025,BBCADRCF6A,35,37,34,36,1246300
9/10/2025,BBCADRCX6A,3510,3510,3510,3510,51100
9/10/2025,BBCAHDCQ7A,53,55,53,55,345000
9/10/2025,BBCAHDCU5A,2,2,2,2,1049900
9/10/2025,BBCAHDCV5A,0,0,0,0,0
9/10/2025,BBCAZPCF6A,24,24,23,23,120000
9/10/2025,BBCAZPCH6A,75,75,75,75,100
9/10/2025,BBHI,1465,1505,1465,1480,888100
9/10/2025,BBKP,74,78,74,75,250008000
9/10/2025,BBLD,935,935,915,915,24400
9/10/2025,BBMD,2110,2110,2110,2110,1300
9/10/2025,BBNI,4100,4140,4080,4100,65337900
9/10/2025,BBNIBQCU5A,20,20,1,1,331700
9/10/2025,BBNIBQCV5A,0,0,0,0,0
9/10/2025,BBNIDRCX6A,0,0,0,0,0
9/10/2025,BBNIDRCZ5A,49,49,48,48,9000000
9/10/2025,BBNIDRPU5A,0,0,0,0,0
9/10/2025,BBNIHDCQ7A,0,0,0,0,0
9/10/2025,BBNIHDCU5A,12,12,11,12,1351400
9/10/2025,BBNIHDPU5A,0,0,0,0,0
9/10/2025,BBNIYUCV5A,37,37,37,37,100
9/10/2025,BBNIZPCH6A,0,0,0,0,0
9/10/2025,BBNIZPCX5A,46,46,45,45,15000
9/10/2025,BBRI,3820,3890,3820,3880,118789700
9/10/2025,BBRIBQCU5A,3,4,3,4,217900
9/10/2025,BBRIBQCZ5A,0,0,0,0,0
9/10/2025,BBRIDRCX5A,123,130,123,127,123000
9/10/2025,BBRIDRCX6A,2180,2180,2180,2180,100
9/10/2025,BBRIHDCH6A,0,0,0,0,0
9/10/2025,BBRIHDCQ7A,0,0,0,0,0
9/10/2025,BBRIYUCV5A,91,91,88,88,200
9/10/2025,BBRIZPCH6A,0,0,0,0,0
9/10/2025,BBRIZPCX5A,0,0,0,0,0
9/10/2025,BBRM,86,91,86,88,22567500
9/10/2025,BBSI,4030,4070,3990,4070,35100
9/10/2025,BBSS,270,304,258,302,974200
9/10/2025,BBTN,1205,1290,1205,1275,30236700
9/10/2025,BBTNHDCZ5A,102,109,102,109,8000
9/10/2025,BBTNYUCZ5A,72,72,72,72,100
9/10/2025,BBTNZPCG6A,0,0,0,0,0
9/10/2025,BBYB,320,340,316,330,163045300
9/10/2025,BCAP,69,72,68,70,78437300
9/10/2025,BCIC,0,0,0,0,0
9/10/2025,BCIP,98,101,96,98,35521700
9/10/2025,BDKR,155,156,152,153,13934200
9/10/2025,BDMN,2510,2530,2500,2500,665800
9/10/2025,BEBS,0,0,0,0,0
9/10/2025,BEEF,332,342,326,326,15879600
9/10/2025,BEER,104,107,98,105,1430700
9/10/2025,BEKS,26,26,25,25,177350800
9/10/2025,BELI,356,358,352,352,130100
9/10/2025,BELL,62,71,60,68,169253700
9/10/2025,BESS,1040,1105,1040,1095,215800
9/10/2025,BEST,114,118,112,118,20069900
9/10/2025,BFIN,750,760,750,750,4746700
9/10/2025,BFINDRCK6A,0,0,0,0,0
9/10/2025,BGTG,105,112,101,106,99396400
9/10/2025,BHAT,885,900,880,900,2188300
9/10/2025,BHIT,34,34,34,34,9731400
9/10/2025,BIKA,0,0,0,0,0
9/10/2025,BIKE,1025,1060,1025,1035,9888900
9/10/2025,BIMA,69,70,69,70,36200
9/10/2025,BINA,4450,4450,4450,4450,5300
9/10/2025,BINO,121,123,120,120,581500
9/10/2025,BIPI,78,81,76,81,148596400
9/10/2025,BIPP,47,47,47,47,65600
9/10/2025,BIRD,1770,1775,1755,1760,278900
9/10/2025,BISI,875,885,865,870,97900
9/10/2025,BJBR,765,770,760,765,3571700
9/10/2025,BJTM,510,515,505,510,2841600
9/10/2025,BKDP,38,38,38,38,488700
9/10/2025,BKSL,131,133,129,130,116174400
9/10/2025,BKSW,67,72,67,69,11780900
9/10/2025,BLES,157,159,156,157,1845500
9/10/2025,BLOG,610,610,565,565,8174100
9/10/2025,BLTA,41,41,37,37,10082600
9/10/2025,BLTZ,0,0,0,0,0
9/10/2025,BLUE,318,318,316,316,52200
9/10/2025,BMAS,670,690,660,690,38300
9/10/2025,BMBL,41,44,40,42,35046900
9/10/2025,BMHS,180,182,177,180,730500
9/10/2025,BMRI,4360,4420,4350,4400,294295600
9/10/2025,BMRIBQCU5A,1,2,1,1,2496300
9/10/2025,BMRIBQCZ5A,23,23,23,23,100
9/10/2025,BMRIDRCX5A,0,0,0,0,0
9/10/2025,BMRIDRCX6A,2030,2030,2030,2030,100
9/10/2025,BMRIHDCQ7A,0,0,0,0,0
9/10/2025,BMRIHDCU5A,18,18,18,18,704000
9/10/2025,BMRIHDPU5A,146,146,146,146,100
9/10/2025,BMRIZPCH6A,0,0,0,0,0
9/10/2025,BMRIZPCX5A,0,0,0,0,0
9/10/2025,BMSR,260,280,258,260,148900
9/10/2025,BMTR,142,142,140,141,40462200
9/10/2025,BNBA,765,780,755,775,158900
9/10/2025,BNBR,40,40,38,38,98383600
9/10/2025,BNGA,1695,1700,1690,1695,2780400
9/10/2025,BNGADRCK6A,0,0,0,0,0
9/10/2025,BNGAZPCH6A,0,0,0,0,0
9/10/2025,BNII,208,210,206,206,432200
9/10/2025,BNLI,3090,3230,3070,3210,342600
9/10/2025,BOAT,126,156,123,137,338742100
9/10/2025,BOBA,178,180,165,171,1013400
9/10/2025,BOGA,570,580,565,575,341100
9/10/2025,BOLA,188,196,188,190,295800
9/10/2025,BOLT,1055,1055,1055,1055,300
9/10/2025,BOSS,0,0,0,0,0
9/10/2025,BPFI,348,348,330,334,800
9/10/2025,BPII,585,590,580,580,101200
9/10/2025,BPTR,93,97,92,96,23400
9/10/2025,BRAM,5125,5125,5075,5075,300
9/10/2025,BREN,8525,8650,8350,8550,19462600
9/10/2025,BRIS,2510,2550,2490,2500,37208700
9/10/2025,BRISBQCZ5A,0,0,0,0,0
9/10/2025,BRISDRCJ6A,39,40,38,38,10394200
9/10/2025,BRISHDCH6A,51,51,51,51,2000
9/10/2025,BRISHDCZ5A,0,0,0,0,0
9/10/2025,BRISYUCV5A,46,46,46,46,100
9/10/2025,BRISZPCG6A,39,39,39,39,5100
9/10/2025,BRMS,505,505,490,494,694378200
9/10/2025,BRMSBQCZ5A,58,58,58,58,200
9/10/2025,BRMSDRCJ6A,50,53,49,53,548900
9/10/2025,BRMSDRPX5A,17,17,17,17,101000
9/10/2025,BRMSHDCH6A,0,0,0,0,0
9/10/2025,BRMSHDCZ5A,0,0,0,0,0
9/10/2025,BRMSYUCV5A,34,34,34,34,100
9/10/2025,BRMSZPCG6A,0,0,0,0,0
9/10/2025,BRNA,710,760,700,750,1339400
9/10/2025,BRPT,2210,2270,2180,2260,118637400
9/10/2025,BRPTBQCV5A,0,0,0,0,0
9/10/2025,BRPTBQCX5B,65,67,63,67,26100
9/10/2025,BRPTBQCZ5A,0,0,0,0,0
9/10/2025,BRPTDRCF6A,184,187,184,187,3100
9/10/2025,BRPTDRCJ6A,96,96,91,96,22600
9/10/2025,BRPTDRCX5A,216,222,212,222,83900
9/10/2025,BRPTDRPV5A,5,5,5,5,2060000
9/10/2025,BRPTHDCH6A,0,0,0,0,0
9/10/2025,BRPTHDCH6B,128,128,128,128,100
9/10/2025,BRPTHDPG6A,0,0,0,0,0
9/10/2025,BRPTYUCZ5A,113,113,113,113,100
9/10/2025,BRPTZPCF6A,0,0,0,0,0
9/10/2025,BRPTZPCX5A,0,0,0,0,0
9/10/2025,BRRC,73,76,73,74,7889100
9/10/2025,BRRC-W,15,15,14,14,3421100
9/10/2025,BSBK,66,72,63,66,392923100
9/10/2025,BSDE,1090,1110,1070,1070,16742900
9/10/2025,BSDEDRCJ6A,51,51,48,48,249900
9/10/2025,BSDEZPCH6A,0,0,0,0,0
9/10/2025,BSIM,875,930,875,880,122500
9/10/2025,BSML,104,106,103,105,39501900
9/10/2025,BSSR,3900,3930,3900,3920,166100
9/10/2025,BSWD,0,0,0,0,0
9/10/2025,BTEK,19,19,19,19,21286900
9/10/2025,BTEL,0,0,0,0,0
9/10/2025,BTON,380,382,376,380,5300
9/10/2025,BTPN,2100,2100,2070,2080,9200
9/10/2025,BTPS,1420,1420,1375,1385,5434600
9/10/2025,BTPSDRCK6A,0,0,0,0,0
9/10/2025,BTPSHDCJ6A,0,0,0,0,0
9/10/2025,BTPSZPCH6A,0,0,0,0,0
9/10/2025,BUAH,1470,1480,1450,1465,52900
9/10/2025,BUDI,214,216,214,214,12100
9/10/2025,BUKA,168,170,163,163,226067700
9/10/2025,BUKABQCZ5B,18,19,17,17,202300
9/10/2025,BUKADRCK6A,17,17,17,17,21200
9/10/2025,BUKAHDCZ5A,0,0,0,0,0
9/10/2025,BUKK,860,860,845,845,15200
9/10/2025,BULL,152,157,151,154,381088200
9/10/2025,BUMI,111,111,109,109,420765300
9/10/2025,BUVA,360,366,338,344,142338200
9/10/2025,BVIC,105,112,103,108,11985400
9/10/2025,BVIC-W,41,42,41,42,209200
9/10/2025,BWPT,150,158,150,158,165799700
9/10/2025,BYAN,17925,18225,17925,18100,15400
9/10/2025,CAKK,140,147,140,140,207900
9/10/2025,CAMP,216,220,214,218,839200
9/10/2025,CANI,38,40,38,40,1163000
9/10/2025,CARE,300,314,300,314,21442800
9/10/2025,CARS,137,138,131,137,33506300
9/10/2025,CASA,1130,1145,1125,1145,4904300
9/10/2025,CASH,91,100,88,91,7311800
9/10/2025,CASS,2490,2610,2490,2570,57100
9/10/2025,CBDK,6025,6225,6025,6050,5837700
9/10/2025,CBMF,0,0,0,0,0
9/10/2025,CBPE,190,192,188,190,106700
9/10/2025,CBRE,384,496,364,496,521465600
9/10/2025,CBUT,1900,1900,1830,1845,368100
9/10/2025,CCSI,370,450,370,406,5175500
9/10/2025,CDIA,1325,1410,1315,1385,131782100
9/10/2025,CEKA,2660,2660,2650,2660,1800
9/10/2025,CENT,116,125,115,118,6958600
9/10/2025,CFIN,316,318,310,314,1706600
9/10/2025,CGAS,151,158,148,151,18058600
9/10/2025,CHEK,199,208,198,204,19218000
9/10/2025,CHEM,92,94,90,91,5445600
9/10/2025,CHIP,1365,1380,1365,1380,75100
9/10/2025,CINT,160,160,156,158,40300
9/10/2025,CITA,4100,4160,4100,4120,123200
9/10/2025,CITY,101,117,98,108,23977600
9/10/2025,CLAY,1540,1545,1460,1545,137600
9/10/2025,CLEO,510,525,510,515,12498500
9/10/2025,CLPI,1235,1245,1230,1245,218900
9/10/2025,CMNP,1350,1385,1345,1360,253200
9/10/2025,CMNP-W,440,442,382,408,5700
9/10/2025,CMNT,815,830,805,825,49882700
9/10/2025,CMPP,93,93,93,93,79000
9/10/2025,CMRY,4730,4890,4670,4810,5542100
9/10/2025,CMRYDRCK6A,78,78,78,78,3000
9/10/2025,CMRYZPCJ6A,0,0,0,0,0
9/10/2025,CNKO,101,101,98,100,33680900
9/10/2025,CNMA,131,134,131,131,13812500
9/10/2025,CNTB,0,0,0,0,0
9/10/2025,CNTX,0,0,0,0,0
9/10/2025,COAL,56,56,54,54,12989100
9/10/2025,COCO,456,555,456,535,18688500
9/10/2025,COIN,2400,2500,2400,2500,15173400
9/10/2025,COWL,0,0,0,0,0
9/10/2025,CPIN,4510,4550,4470,4490,3760700
9/10/2025,CPINDRCG6A,63,64,63,64,36600
9/10/2025,CPINZPCJ6A,0,0,0,0,0
9/10/2025,CPRI,0,0,0,0,0
9/10/2025,CPRO,55,56,54,55,162610700
9/10/2025,CRAB,234,238,234,238,1472500
9/10/2025,CRSN,110,111,102,108,1307300
9/10/2025,CSAP,292,296,290,292,127500
9/10/2025,CSIS,132,136,120,124,6579400
9/10/2025,CSMI,372,372,354,360,7030900
9/10/2025,CSRA,860,875,835,840,671200
9/10/2025,CTBN,5125,5125,5125,5125,100
9/10/2025,CTRA,945,955,930,940,18123400
9/10/2025,CTRADRCJ6A,0,0,0,0,0
9/10/2025,CTRAHDCK6A,0,0,0,0,0
9/10/2025,CTRAYUCZ5A,0,0,0,0,0
9/10/2025,CTRAZPCG6A,0,0,0,0,0
9/10/2025,CTTH,42,42,36,39,160200
9/10/2025,CUAN,1465,1465,1415,1420,56436700
9/10/2025,CYBR,995,1000,955,985,17061700
9/10/2025,CYBR-W,595,790,540,600,767000
9/10/2025,DAAZ,3030,3050,3000,3030,158600
9/10/2025,DADA,55,55,55,55,22104900
9/10/2025,DART,154,173,152,157,2348100
9/10/2025,DATA,0,0,0,0,0
9/10/2025,DAYA,1015,1015,970,1005,17100
9/10/2025,DCII,310000,310000,301600,307000,6600
9/10/2025,DEAL,0,0,0,0,0
9/10/2025,DEFI,324,354,324,354,45000
9/10/2025,DEPO,222,224,208,210,1705200
9/10/2025,DEWA,222,224,214,218,176680800
9/10/2025,DEWI,105,108,102,108,70601000
9/10/2025,DFAM,76,85,74,78,11242900
9/10/2025,DGIK,95,95,93,95,3035800
9/10/2025,DGNS,140,144,140,143,315200
9/10/2025,DGWG,412,418,410,412,7898900
9/10/2025,DIGI,32,32,32,32,996100
9/10/2025,DILD,133,136,129,133,13496500
9/10/2025,DIVA,119,122,117,119,2686000
9/10/2025,DKFT,715,720,675,685,22808900
9/10/2025,DKHH,102,113,100,102,82403600
9/10/2025,DKHH-W,15,18,15,17,23978300
9/10/2025,DLTA,1970,1985,1960,1980,24800
9/10/2025,DMAS,136,138,136,136,20833500
9/10/2025,DMMX,384,384,346,362,3882600
9/10/2025,DMND,570,580,570,575,23500
9/10/2025,DNAR,117,121,116,118,5331000
9/10/2025,DNET,9100,9225,9100,9125,1700
9/10/2025,DOID,366,368,354,360,12497100
9/10/2025,DOOH,147,152,143,143,153956400
9/10/2025,DOSS,199,226,172,177,184073700
9/10/2025,DPNS,312,360,306,338,1906400
9/10/2025,DPUM,69,71,67,68,1863900
9/10/2025,DRMA,1000,1000,985,995,443700
9/10/2025,DSFI,79,83,79,82,8517400
9/10/2025,DSNG,1850,1855,1660,1660,34829000
9/10/2025,DSNGDRCK6A,89,89,87,87,10100
9/10/2025,DSSA,108000,108750,103000,103000,2338200
9/10/2025,DUCK,0,0,0,0,0
9/10/2025,DUTI,4440,4450,4430,4440,21700
9/10/2025,DVLA,1615,1615,1580,1610,15500
9/10/2025,DWGL,224,232,222,228,146200
9/10/2025,DYAN,88,88,84,87,2056100
9/10/2025,EAST,94,99,93,94,19099900
9/10/2025,ECII,181,194,180,185,593000
9/10/2025,EDGE,4230,4230,4130,4220,5800
9/10/2025,EKAD,190,192,188,190,53300
9/10/2025,ELIT,179,183,177,182,5951300
9/10/2025,ELPI,354,354,334,348,2029700
9/10/2025,ELSA,492,496,486,488,11211700
9/10/2025,ELSADRCJ6A,0,0,0,0,0
9/10/2025,ELSAZPCG6A,32,33,32,32,4000000
9/10/2025,ELTY,17,18,16,16,160829100
9/10/2025,EMDE,94,97,93,93,794700
9/10/2025,EMTK,1260,1265,1185,1230,91780100
9/10/2025,EMTKBQCZ5A,0,0,0,0,0
9/10/2025,EMTKDRCK6A,63,63,57,61,5300
9/10/2025,EMTKHDCZ5A,246,246,246,246,63800
9/10/2025,EMTKYUCV5A,161,161,159,159,200
9/10/2025,EMTKZPCH6A,0,0,0,0,0
9/10/2025,ENAK,700,700,680,700,816100
9/10/2025,ENRG,610,615,585,600,63688500
9/10/2025,ENRGBQCZ5A,28,28,26,27,439800
9/10/2025,ENRGDRCJ6A,82,82,81,81,200
9/10/2025,ENRGHDCK6A,40,40,38,38,200
9/10/2025,ENRGHDCZ5A,0,0,0,0,0
9/10/2025,ENRGZPCG6A,190,190,181,181,100300
9/10/2025,ENVY,0,0,0,0,0
9/10/2025,ENZO,36,38,36,36,111700
9/10/2025,EPAC,33,33,33,33,19137500
9/10/2025,EPMT,2300,2300,2280,2290,8700
9/10/2025,ERAA,446,452,438,438,53622000
9/10/2025,ERAABQCZ5A,24,24,24,24,1020000
9/10/2025,ERAADRCJ6A,0,0,0,0,0
9/10/2025,ERAAHDCZ5A,34,34,31,32,742700
9/10/2025,ERAAZPCH6A,22,22,22,22,454500
9/10/2025,ERAL,324,334,322,328,6716900
9/10/2025,ERTX,120,127,118,125,1488700
9/10/2025,ESIP,45,48,45,48,978800
9/10/2025,ESSA,625,630,605,610,22529700
9/10/2025,ESSABQCZ5A,47,47,44,44,63200
9/10/2025,ESSAHDCH6A,53,53,53,53,300000
9/10/2025,ESSAYUCZ5A,40,40,40,40,100
9/10/2025,ESTA,73,80,72,73,32940900
9/10/2025,ESTI,54,54,52,54,213400
9/10/2025,ETWA,0,0,0,0,0
9/10/2025,EURO,288,292,276,286,69500
9/10/2025,EXCL,2580,2640,2570,2600,2015800
9/10/2025,EXCLHDCJ6A,34,35,34,35,3200
9/10/2025,EXCLZPCF6A,0,0,0,0,0
9/10/2025,FAPA,6025,6050,5975,5975,11800
9/10/2025,FAST,314,330,314,320,2068600
9/10/2025,FASW,0,0,0,0,0
9/10/2025,FILM,3930,4200,3880,4120,21360000
9/10/2025,FIMP,0,0,0,0,0
9/10/2025,FIRE,83,86,80,81,35569900
9/10/2025,FISH,0,0,0,0,0
9/10/2025,FITT,560,690,560,670,8629400
9/10/2025,FLMC,0,0,0,0,0
9/10/2025,FMII,370,370,356,370,111200
9/10/2025,FOLK,77,81,76,77,656100
9/10/2025,FOOD,141,141,134,141,297800
9/10/2025,FORE,510,525,505,510,3206200
9/10/2025,FORU,1170,1200,1140,1175,149600
9/10/2025,FPNI,194,194,192,194,550000
9/10/2025,FUJI,416,418,404,412,8391100
9/10/2025,FUTR,280,282,260,268,191854400
9/10/2025,FWCT,155,159,150,154,1631800
9/10/2025,GAMA,0,0,0,0,0
9/10/2025,GDST,106,108,106,107,366400
9/10/2025,GDYR,1160,1185,1150,1150,1000
9/10/2025,GEMA,112,116,112,112,4276100
9/10/2025,GEMS,9000,9000,8950,8975,132900
9/10/2025,GGRM,8900,9000,8750,8825,556200
9/10/2025,GGRMZPCG6A,36,38,36,38,10600
9/10/2025,GGRP,222,236,222,232,866900
9/10/2025,GHON,1615,1640,1615,1640,5900
9/10/2025,GIAA,67,67,66,66,39111200
9/10/2025,GJTL,1010,1020,1005,1010,2270800
9/10/2025,GJTLZPCJ6A,22,23,22,22,20000
9/10/2025,GLOB,57,57,57,57,26000
9/10/2025,GLVA,326,330,320,320,8300
9/10/2025,GMFI,60,60,59,59,756400
9/10/2025,GMTD,2200,2200,2200,2200,700
9/10/2025,GOLD,272,286,260,280,264700
9/10/2025,GOLF,212,214,210,212,1268900
9/10/2025,GOLL,0,0,0,0,0
9/10/2025,GOOD,372,372,368,370,128200
9/10/2025,GOTO,57,57,56,56,1417390400
9/10/2025,GOTOBQCZ5A,2,3,2,3,79300
9/10/2025,GOTODRCG6A,9,9,9,9,1090000
9/10/2025,GOTOM,0,0,0,0,0
9/10/2025,GOTOZPCH6A,0,0,0,0,0
9/10/2025,GPRA,128,129,125,128,67013800
9/10/2025,GPSO,278,292,270,284,4987500
9/10/2025,GRIA,135,152,130,148,157999500
9/10/2025,GRPH,64,67,62,65,20828200
9/10/2025,GRPM,55,60,53,55,11597000
9/10/2025,GRPM-W,15,16,14,14,4208700
9/10/2025,GSMF,96,99,92,96,10534700
9/10/2025,GTBO,197,197,185,189,833000
9/10/2025,GTRA,139,142,138,141,753500
9/10/2025,GTSI,87,96,85,93,134748400
9/10/2025,GULA,334,350,330,334,2315300
9/10/2025,GUNA,240,240,236,238,139500
9/10/2025,GWSA,152,154,148,153,199800
9/10/2025,GZCO,206,208,198,204,66401300
9/10/2025,HADE,42,42,42,42,24161600
9/10/2025,HAIS,189,193,188,189,2407100
9/10/2025,HAJJ,121,123,118,118,8266600
9/10/2025,HAJJ-W,17,17,16,17,2161400
9/10/2025,HALO,82,85,81,84,2889400
9/10/2025,HALO-W,14,14,12,14,2013800
9/10/2025,HATM,250,250,246,250,22975500
9/10/2025,HBAT,166,166,166,166,446400
9/10/2025,HDFA,121,123,118,123,26500
9/10/2025,HDIT,56,58,56,58,4015600
9/10/2025,HEAL,1735,1735,1695,1705,3464000
9/10/2025,HEALBQCZ5A,39,39,39,39,100
9/10/2025,HEALDRCJ6A,55,55,55,55,4000
9/10/2025,HEALHDCH6A,0,0,0,0,0
9/10/2025,HEALYUCZ5A,0,0,0,0,0
9/10/2025,HEALZPCH6A,0,0,0,0,0
9/10/2025,HELI,246,246,236,240,127100
9/10/2025,HERO,400,400,386,388,40400
9/10/2025,HEXA,5425,5450,5400,5450,222600
9/10/2025,HGII,144,145,142,145,7595000
9/10/2025,HILL,204,206,202,204,4995000
9/10/2025,HITS,0,0,0,0,0
9/10/2025,HKMU,0,0,0,0,0
9/10/2025,HMSP,565,570,545,555,30279400
9/10/2025,HOKI,79,79,78,78,8738400
9/10/2025,HOME,0,0,0,0,0
9/10/2025,HOMI,208,212,202,210,3617800
9/10/2025,HOPE,133,146,133,146,30512900
9/10/2025,HOTL,0,0,0,0,0
9/10/2025,HRME,42,42,42,42,670500
9/10/2025,HRTA,845,855,825,845,24755800
9/10/2025,HRUM,1090,1105,1065,1070,39413600
9/10/2025,HRUMHDCK6A,58,61,57,61,91300
9/10/2025,HRUMZPCG6A,63,63,60,60,467300
9/10/2025,HUMI,152,153,141,144,210465300
9/10/2025,HUMI-W,24,25,22,24,39177000
9/10/2025,HYGN,161,161,158,160,797900
9/10/2025,IATA,62,64,62,64,8685700
9/10/2025,IATA-W,25,26,25,26,500
9/10/2025,IBFN,25,29,25,29,1687200
9/10/2025,IBOS,44,46,41,44,17986000
9/10/2025,IBST,5550,5550,5550,5550,500
9/10/2025,ICBP,9225,9225,9150,9225,2213000
9/10/2025,ICBPDRCX6A,0,0,0,0,0
9/10/2025,ICBPHDCJ6A,0,0,0,0,0
9/10/2025,ICBPZPCX5A,0,0,0,0,0
9/10/2025,ICON,47,48,47,47,467200
9/10/2025,IDEA,82,86,79,86,2248500
9/10/2025,IDPR,244,248,242,244,122000
9/10/2025,IFII,238,240,236,236,222700
9/10/2025,IFSH,850,855,795,795,44200
9/10/2025,IGAR,515,520,515,515,8700
9/10/2025,IIKP,0,0,0,0,0
9/10/2025,IKAI,28,28,28,28,5097100
9/10/2025,IKAN,129,139,129,131,35883000
9/10/2025,IKBI,498,500,494,498,87600
9/10/2025,IKPM,208,212,208,210,769500
9/10/2025,IMAS,1080,1095,1075,1080,177900
9/10/2025,IMJS,230,234,228,230,7800500
9/10/2025,IMPC,1400,1450,1395,1410,20876800
9/10/2025,INAF,0,0,0,0,0
9/10/2025,INAI,157,158,149,157,83100
9/10/2025,INCF,38,39,38,38,1209100
9/10/2025,INCI,600,605,595,595,12700
9/10/2025,INCO,3960,3990,3870,3870,6582300
9/10/2025,INCOBQCV5A,39,39,35,35,70300
9/10/2025,INCODRCK6A,81,81,78,78,3200
9/10/2025,INCODRCX5A,100,100,98,98,107200
9/10/2025,INCODRPV5A,18,18,18,18,500
9/10/2025,INCOHDCJ6A,95,95,95,95,32500
9/10/2025,INCOYUCZ5A,92,92,92,92,200
9/10/2025,INCOZPCX5A,0,0,0,0,0
9/10/2025,INDF,7375,7475,7300,7425,9453600
9/10/2025,INDFBQCV5A,0,0,0,0,0
9/10/2025,INDFDRCX6A,3880,3900,3880,3900,1200
9/10/2025,INDFHDCJ6A,0,0,0,0,0
9/10/2025,INDO,236,246,234,240,3907600
9/10/2025,INDR,2510,2620,2500,2620,21800
9/10/2025,INDS,224,226,222,224,32200
9/10/2025,INDX,86,98,84,87,32540600
9/10/2025,INDY,1900,1950,1815,1880,101198400
9/10/2025,INDYHDCJ6A,170,182,161,173,809100
9/10/2025,INDYZPCG6A,95,95,82,90,464400
9/10/2025,INET,216,234,210,224,311188000
9/10/2025,INET-W,118,138,118,129,17409500
9/10/2025,INKP,7700,7750,7600,7600,2478300
9/10/2025,INKPBQCX5A,0,0,0,0,0
9/10/2025,INKPDRCF6A,188,193,185,185,5200
9/10/2025,INKPZPCF6A,0,0,0,0,0
9/10/2025,INOV,91,96,91,94,964400
9/10/2025,INPC,165,171,164,169,21153700
9/10/2025,INPP,800,810,780,790,111400
9/10/2025,INPS,117,118,117,118,249200
9/10/2025,INRU,740,865,740,835,447300
9/10/2025,INTA,22,23,22,23,5807400
9/10/2025,INTD,199,199,195,196,256200
9/10/2025,INTP,6925,6950,6825,6850,683100
9/10/2025,INTPZPCG6A,71,71,71,71,75100
9/10/2025,IOTF,92,96,89,95,95416500
9/10/2025,IPAC,146,155,146,155,36900
9/10/2025,IPCC,1110,1125,1110,1115,1534600
9/10/2025,IPCM,290,292,290,290,861100
9/10/2025,IPOL,137,138,135,138,27000
9/10/2025,IPPE,0,0,0,0,0
9/10/2025,IPTV,40,43,40,43,5149800
9/10/2025,IRRA,426,428,422,428,761600
9/10/2025,IRSX,139,139,139,139,5253000
9/10/2025,ISAP,33,33,33,33,24769200
9/10/2025,ISAP-W,12,12,10,11,35651800
9/10/2025,ISAT,1850,1920,1850,1900,8889400
9/10/2025,ISATBQCU5A,7,10,7,10,2432800
9/10/2025,ISATDRCG6A,47,47,47,47,50000
9/10/2025,ISATDRCX5A,0,0,0,0,0
9/10/2025,ISATHDCJ6A,20,20,20,20,573700
9/10/2025,ISATZPCF6A,0,0,0,0,0
9/10/2025,ISEA,104,105,92,95,29638700
9/10/2025,ISSP,408,410,400,406,3337900
9/10/2025,ITIC,236,248,234,236,3165900
9/10/2025,ITMA,1070,1365,1070,1365,80451300
9/10/2025,ITMG,22325,22375,22175,22200,947700
9/10/2025,ITMGHDCJ6A,0,0,0,0,0
9/10/2025,ITMGZPCJ6A,0,0,0,0,0
9/10/2025,JARR,1830,1830,1830,1830,7265700
9/10/2025,JAST,95,101,95,98,2524600
9/10/2025,JATI,141,141,130,133,4867800
9/10/2025,JAWA,145,147,144,145,206900
9/10/2025,JAYA,99,104,97,102,3068200
9/10/2025,JECC,1080,1250,1075,1120,197600
9/10/2025,JGLE,15,15,14,14,457127500
9/10/2025,JIHD,650,690,650,670,1138100
9/10/2025,JKON,83,92,83,85,35779100
9/10/2025,JMAS,149,152,148,150,581800
9/10/2025,JPFA,1780,1810,1745,1770,32452400
9/10/2025,JPFABQCZ5A,0,0,0,0,0
9/10/2025,JPFADRCJ6A,45,47,45,47,186100
9/10/2025,JPFAHDCZ5A,168,168,168,168,10000
9/10/2025,JPFAZPCG6A,96,96,95,95,700200
9/10/2025,JRPT,810,810,750,800,717400
9/10/2025,JSKY,0,0,0,0,0
9/10/2025,JSMR,3390,3460,3390,3420,2814900
9/10/2025,JSMRDRCK6A,0,0,0,0,0
9/10/2025,JSMRHDCH6A,0,0,0,0,0
9/10/2025,JSMRZPCG6A,0,0,0,0,0
9/10/2025,JSPT,3920,3990,3830,3910,5700
9/10/2025,JTPE,320,324,318,320,2131900
9/10/2025,KAEF,492,515,492,510,3219900
9/10/2025,KAQI,68,71,67,68,10873900
9/10/2025,KARW,625,650,625,650,171900
9/10/2025,KAYU,0,0,0,0,0
9/10/2025,KBAG,36,39,36,39,6871800
9/10/2025,KBLI,366,378,366,372,83500
9/10/2025,KBLM,376,384,370,382,232600
9/10/2025,KBLV,244,246,226,242,118021200
9/10/2025,KBRI,0,0,0,0,0
9/10/2025,KDSI,470,470,470,470,400
9/10/2025,KDTN,151,151,134,135,14064500
9/10/2025,KEEN,820,835,815,820,3158300
9/10/2025,KEJU,610,620,600,605,1236300
9/10/2025,KETR,680,685,610,630,13687500
9/10/2025,KIAS,0,0,0,0,0
9/10/2025,KICI,137,147,131,140,1893700
9/10/2025,KIJA,196,198,195,198,13717800
9/10/2025,KING,198,199,196,197,309500
9/10/2025,KING-W,14,14,12,13,7051300
9/10/2025,KINO,1135,1150,1100,1115,61000
9/10/2025,KIOS,83,85,81,83,7649400
9/10/2025,KJEN,127,131,122,127,1024700
9/10/2025,KKES,37,37,36,36,1994200
9/10/2025,KKGI,322,326,320,320,1520900
9/10/2025,KLAS,129,132,129,130,3250100
9/10/2025,KLBF,1140,1165,1135,1160,63468300
9/10/2025,KLBFBQCV5A,3,4,3,4,131200
9/10/2025,KLBFDRCG6A,17,17,17,17,4700
9/10/2025,KLBFZPCF6A,0,0,0,0,0
9/10/2025,KLBFZPCJ6A,0,0,0,0,0
9/10/2025,KLIN,189,195,176,192,3294400
9/10/2025,KMDS,625,630,610,610,338600
9/10/2025,KMTR,296,298,284,288,1179000
9/10/2025,KOBX,141,145,139,140,525400
9/10/2025,KOCI,59,63,59,60,10551700
9/10/2025,KOCI-W,13,15,13,15,18473300
9/10/2025,KOIN,73,73,67,67,18000
9/10/2025,KOKA,95,95,92,93,1850500
9/10/2025,KONI,2090,2160,1890,1900,261000
9/10/2025,KOPI,334,336,322,326,283500
9/10/2025,KOTA,28,30,28,30,22746900
9/10/2025,KPIG,197,198,193,193,39961200
9/10/2025,KRAS,296,306,292,302,13879100
9/10/2025,KREN,16,17,16,17,114131000
9/10/2025,KRYA,184,195,184,185,15895600
9/10/2025,KSIX,230,236,228,232,69200
9/10/2025,KUAS,70,72,68,69,3308300
9/10/2025,LABA,0,0,0,0,0
9/10/2025,LABS,140,142,139,141,798400
9/10/2025,LAJU,75,81,70,76,243094900
9/10/2025,LAND,39,40,39,40,3252400
9/10/2025,LAPD,129,129,129,129,10435400
9/10/2025,LCGP,0,0,0,0,0
9/10/2025,LCKM,210,214,206,206,15300
9/10/2025,LEAD,75,77,74,74,9390000
9/10/2025,LFLO,224,260,224,238,38700
9/10/2025,LIFE,13875,13875,13875,13875,4700
9/10/2025,LINK,2700,2720,2700,2720,140100
9/10/2025,LION,600,685,600,685,4841200
9/10/2025,LIVE,220,232,210,230,42971900
9/10/2025,LMAS,0,0,0,0,0
9/10/2025,LMAX,73,79,73,75,2944800
9/10/2025,LMPI,142,150,140,142,638700
9/10/2025,LMSH,0,0,0,0,0
9/10/2025,LOPI,61,69,61,69,24845800
9/10/2025,LPCK,605,645,605,635,640200
9/10/2025,LPGI,450,450,434,446,9100
9/10/2025,LPIN,400,422,400,418,135600
9/10/2025,LPKR,101,116,98,108,290333600
9/10/2025,LPLI,318,328,306,306,255400
9/10/2025,LPPF,1565,1585,1555,1580,935600
9/10/2025,LPPS,78,84,77,82,3624800
9/10/2025,LRNA,169,185,169,174,1661000
9/10/2025,LSIP,1355,1375,1335,1335,9375600
9/10/2025,LSIPDRCK6A,49,49,47,47,8000
9/10/2025,LSIPHDCJ6A,0,0,0,0,0
9/10/2025,LSIPYUCZ5A,63,66,63,63,1300
9/10/2025,LSIPZPCG6A,0,0,0,0,0
9/10/2025,LTLS,830,845,825,840,26700
9/10/2025,LUCK,77,80,77,80,839000
9/10/2025,LUCY,92,95,89,93,1873700
9/10/2025,MABA,0,0,0,0,0
9/10/2025,MAGP,0,0,0,0,0
9/10/2025,MAHA,160,160,147,149,40251200
9/10/2025,MAIN,680,695,680,690,1687100
9/10/2025,MANG,46,51,46,47,45564800
9/10/2025,MANG-W,23,26,20,25,8629300
9/10/2025,MAPA,590,610,580,600,29839200
9/10/2025,MAPABQCZ5A,17,19,17,18,1973700
9/10/2025,MAPADRCJ6A,0,0,0,0,0
9/10/2025,MAPAHDCZ5A,0,0,0,0,0
9/10/2025,MAPAZPCH6A,0,0,0,0,0
9/10/2025,MAPB,1680,1680,1655,1655,13000
9/10/2025,MAPI,1115,1220,1110,1175,130407800
9/10/2025,MAPIBQCV5A,2,5,2,3,24626600
9/10/2025,MAPIDRCX5A,16,21,16,18,9732000
9/10/2025,MAPIHDCK6A,66,79,66,73,426500
9/10/2025,MAPIZPCJ6A,53,53,50,50,414000
9/10/2025,MARI,36,36,33,33,3505000
9/10/2025,MARK,625,635,615,625,18497800
9/10/2025,MASA,0,0,0,0,0
9/10/2025,MASB,3370,3370,3250,3250,500
9/10/2025,MAXI,58,59,56,58,21942000
9/10/2025,MAYA,224,234,222,230,8183700
9/10/2025,MBAP,1585,1620,1585,1590,69800
9/10/2025,MBMA,432,436,422,430,119863300
9/10/2025,MBMABQCX5A,16,17,15,16,2262900
9/10/2025,MBMADRCX5A,27,27,27,27,88900
9/10/2025,MBMADRPX5A,0,0,0,0,0
9/10/2025,MBMAHDCH6A,63,63,63,63,5200
9/10/2025,MBMAZPCX5A,0,0,0,0,0
9/10/2025,MBSS,1560,1575,1510,1520,754600
9/10/2025,MBTO,123,123,118,118,389800
9/10/2025,MCAS,770,815,765,780,241200
9/10/2025,MCOL,3710,3710,3600,3660,59700
9/10/2025,MCOR,75,76,73,74,7181300
9/10/2025,MDIA,41,41,38,39,2368800
9/10/2025,MDIY,1035,1085,1020,1025,1702000
9/10/2025,MDKA,2700,2710,2560,2600,110785700
9/10/2025,MDKABQCV5A,138,138,138,138,25800
9/10/2025,MDKABQCX5B,50,52,50,50,5320100
9/10/2025,MDKADRCK6A,93,94,89,91,1192800
9/10/2025,MDKADRCV5A,113,117,105,110,853600
9/10/2025,MDKADRPX5A,0,0,0,0,0
9/10/2025,MDKAHDCU5A,218,218,200,204,226000
9/10/2025,MDKAHDCZ5A,168,168,158,160,46200
9/10/2025,MDKAZPCF6A,0,0,0,0,0
9/10/2025,MDKI,161,163,159,159,273200
9/10/2025,MDLA,248,248,236,240,10062400
9/10/2025,MDLN,66,71,66,70,46991400
9/10/2025,MDRN,30,30,30,30,18902400
9/10/2025,MEDC,1240,1250,1215,1230,19800800
9/10/2025,MEDCBQCV5A,43,43,40,43,5340100
9/10/2025,MEDCBQCX5B,26,27,26,27,8980000
9/10/2025,MEDCBQCZ5A,0,0,0,0,0
9/10/2025,MEDCDRCG6A,33,33,32,33,744500
9/10/2025,MEDCDRPV5A,0,0,0,0,0
9/10/2025,MEDCHDCH6A,0,0,0,0,0
9/10/2025,MEDCZPCF6A,0,0,0,0,0
9/10/2025,MEDS,65,71,63,67,53117400
9/10/2025,MEGA,3320,3330,3240,3260,6900
9/10/2025,MEJA,73,80,68,80,59747500
9/10/2025,MEJA-W,21,31,21,31,138460900
9/10/2025,MENN,64,64,57,64,78596500
9/10/2025,MERI,216,228,212,224,6138400
9/10/2025,MERK,2810,2810,2800,2800,23200
9/10/2025,META,0,0,0,0,0
9/10/2025,MFIN,1000,1185,980,1025,1154600
9/10/2025,MFMI,0,0,0,0,0
9/10/2025,MGLV,1155,1155,1155,1155,1358400
9/10/2025,MGNA,45,45,45,45,762600
9/10/2025,MGNA-W,46,46,41,41,71800
9/10/2025,MGRO,715,730,705,725,5768100
9/10/2025,MHKI,148,153,146,149,14452800
9/10/2025,MICE,488,496,488,496,13000
9/10/2025,MIDI,452,462,448,456,25220500
9/10/2025,MIKA,2350,2380,2300,2300,7944800
9/10/2025,MIKAZPCG6A,0,0,0,0,0
9/10/2025,MINA,170,176,163,164,233631100
9/10/2025,MINE,560,590,555,570,5197700
9/10/2025,MIRA,65,68,65,67,9057300
9/10/2025,MITI,0,0,0,0,0
9/10/2025,MKAP,356,356,348,348,888400
9/10/2025,MKNT,0,0,0,0,0
9/10/2025,MKPI,24950,25550,24950,25000,13700
9/10/2025,MKTR,129,130,118,123,8970300
9/10/2025,MKTR-W,16,16,13,14,8977300
9/10/2025,MLBI,5800,5825,5775,5775,24200
9/10/2025,MLIA,352,354,350,352,3242300
9/10/2025,MLPL,138,139,129,133,69977900
9/10/2025,MLPT,72500,72500,72250,72250,4900
9/10/2025,MMIX,330,346,314,328,7167800
9/10/2025,MMLP,530,535,530,535,2184700
9/10/2025,MNCN,254,256,250,254,28567300
9/10/2025,MOLI,230,230,220,224,2455900
9/10/2025,MORA,440,440,430,432,38600
9/10/2025,MPIX,69,72,68,70,10940000
9/10/2025,MPIX-W,13,14,12,14,3321200
9/10/2025,MPMX,945,955,940,950,2148500
9/10/2025,MPOW,117,117,112,112,422900
9/10/2025,MPPA,69,70,67,69,25454600
9/10/2025,MPRO,4450,4560,4450,4480,135800
9/10/2025,MPXL,129,137,128,132,15149500
9/10/2025,MRAT,224,224,216,218,1903600
9/10/2025,MREI,950,950,935,935,105300
9/10/2025,MSIE,51,52,47,52,10706400
9/10/2025,MSIN,610,615,590,600,17056400
9/10/2025,MSJA,302,304,298,304,1771500
9/10/2025,MSKY,94,97,88,90,52475000
9/10/2025,MSTI,1525,1550,1525,1540,921300
9/10/2025,MTDL,600,615,595,600,8083300
9/10/2025,MTEL,595,595,575,575,4892900
9/10/2025,MTELDRCK6A,20,20,19,19,193500
9/10/2025,MTFN,13,14,13,13,342760100
9/10/2025,MTLA,438,438,436,436,11900
9/10/2025,MTMH,1390,1390,1285,1310,353300
9/10/2025,MTPS,45,45,41,41,138400
9/10/2025,MTRA,0,0,0,0,0
9/10/2025,MTSM,0,0,0,0,0
9/10/2025,MTWI,374,420,354,374,4496800
9/10/2025,MUTU,99,100,96,98,2593400
9/10/2025,MYOH,1730,1730,1695,1730,447900
9/10/2025,MYOR,2120,2140,2090,2120,1727800
9/10/2025,MYORDRCK6A,0,0,0,0,0
9/10/2025,MYORZPCH6A,0,0,0,0,0
9/10/2025,MYTX,0,0,0,0,0
9/10/2025,NAIK,137,146,136,139,26471100
9/10/2025,NAIK-W,22,30,22,24,144676200
9/10/2025,NANO,73,73,66,66,37060800
9/10/2025,NASA,44,44,44,44,2989900
9/10/2025,NASI,88,89,86,88,3072900
9/10/2025,NATO,130,135,130,134,49600
9/10/2025,NAYZ,110,121,108,121,7747700
9/10/2025,NCKL,1150,1150,1090,1095,78044800
9/10/2025,NCKLDRCK6A,50,50,50,50,40000
9/10/2025,NCKLYUCZ5A,103,103,103,103,100
9/10/2025,NCKLZPCJ6A,0,0,0,0,0
9/10/2025,NELY,346,352,342,350,1107700
9/10/2025,NEST,266,270,260,264,6502800
9/10/2025,NETV,131,132,127,131,933000
9/10/2025,NFCX,1745,1755,1745,1750,22100
9/10/2025,NICE,430,438,428,432,2551400
9/10/2025,NICK,1320,1415,1295,1350,14800
9/10/2025,NICL,1020,1070,1000,1055,24732500
9/10/2025,NIKL,228,230,226,228,614300
9/10/2025,NINE,0,0,0,0,0
9/10/2025,NIRO,126,126,113,120,705500
9/10/2025,NISP,1350,1375,1350,1365,2597100
9/10/2025,NOBU,545,550,535,545,5553800
9/10/2025,NPGF,61,65,58,60,54994000
9/10/2025,NRCA,1185,1185,1015,1120,88395300
9/10/2025,NSSS,442,458,438,450,16547000
9/10/2025,NTBK,59,63,57,60,73282100
9/10/2025,NUSA,0,0,0,0,0
9/10/2025,NZIA,94,97,94,95,502200
9/10/2025,OASA,250,254,246,250,80821500
9/10/2025,OBAT,454,464,446,462,3656300
9/10/2025,OBAT-W,99,104,98,104,1352400
9/10/2025,OBMD,246,330,246,302,7307300
9/10/2025,OCAP,0,0,0,0,0
9/10/2025,OILS,131,141,131,136,1357900
9/10/2025,OKAS,282,282,260,268,4520400
9/10/2025,OLIV,83,83,72,82,34904000
9/10/2025,OMED,189,190,187,189,204500
9/10/2025,OMRE,0,0,0,0,0
9/10/2025,OPMS,80,84,80,82,10668600
9/10/2025,PACK,2340,2430,2270,2370,6626800
9/10/2025,PADA,46,46,46,46,11757600
9/10/2025,PADI,73,73,73,73,5839000
9/10/2025,PALM,430,430,398,418,2730200
9/10/2025,PAMG,73,77,72,74,9920400
9/10/2025,PANI,13200,14450,13200,14150,22155300
9/10/2025,PANIBQCZ5A,48,56,48,56,8833700
9/10/2025,PANIHDCJ6A,115,126,113,121,465100
9/10/2025,PANIHDCZ5A,162,172,162,172,283600
9/10/2025,PANIZPCJ6A,65,77,65,74,45596400
9/10/2025,PANR,745,745,715,735,177700
9/10/2025,PANS,1370,1395,1370,1390,80100
9/10/2025,PART,123,123,116,116,13226500
9/10/2025,PART-W,21,22,20,21,8282500
9/10/2025,PBID,484,488,480,484,431100
9/10/2025,PBRX,50,50,50,50,53335000
9/10/2025,PBSA,865,900,855,900,6694800
9/10/2025,PCAR,45,45,45,45,10668400
9/10/2025,PDES,470,470,468,468,13100
9/10/2025,PDPP,486,490,486,488,44500
9/10/2025,PEGE,110,114,110,112,1045400
9/10/2025,PEHA,326,338,326,334,58500
9/10/2025,PEVE,436,450,436,444,345900
9/10/2025,PGAS,1725,1730,1705,1710,26085000
9/10/2025,PGASBQCU5A,88,88,88,88,200
9/10/2025,PGASBQCZ5A,0,0,0,0,0
9/10/2025,PGASDRCG6A,0,0,0,0,0
9/10/2025,PGASHDCK6A,0,0,0,0,0
9/10/2025,PGASZPCJ6A,0,0,0,0,0
9/10/2025,PGEO,1390,1420,1390,1395,28560300
9/10/2025,PGEOBQCX5B,0,0,0,0,0
9/10/2025,PGEODRCJ6A,36,41,36,39,291400
9/10/2025,PGEODRPV5A,0,0,0,0,0
9/10/2025,PGEOHDCH6A,0,0,0,0,0
9/10/2025,PGEOHDCH6B,61,63,61,63,40400
9/10/2025,PGEOZPCJ6A,0,0,0,0,0
9/10/2025,PGJO,0,0,0,0,0
9/10/2025,PGLI,187,191,170,188,600900
9/10/2025,PGUN,0,0,0,0,0
9/10/2025,PICO,135,139,133,136,269400
9/10/2025,PIPA,200,216,185,216,655234500
9/10/2025,PJAA,505,505,494,494,164000
9/10/2025,PKPK,595,600,565,570,18700
9/10/2025,PLAN,56,56,50,56,32656800
9/10/2025,PLAS,0,0,0,0,0
9/10/2025,PLIN,0,0,0,0,0
9/10/2025,PMJS,119,124,119,121,2086800
9/10/2025,PMMP,0,0,0,0,0
9/10/2025,PMUI,129,132,127,128,3536000
9/10/2025,PNBN,1140,1140,1115,1120,6401800
9/10/2025,PNBS,54,55,53,54,21205300
9/10/2025,PNGO,2350,2450,2350,2430,4100
9/10/2025,PNIN,820,835,820,820,1054000
9/10/2025,PNLF,248,250,244,246,92427800
9/10/2025,PNLFDRCJ6A,13,17,13,17,1100
9/10/2025,PNLFHDCZ5A,0,0,0,0,0
9/10/2025,PNLFYUCV5A,0,0,0,0,0
9/10/2025,PNLFZPCH6A,37,37,36,36,68500
9/10/2025,PNSE,770,840,770,800,21500
9/10/2025,POLA,30,30,30,30,1876800
9/10/2025,POLI,705,725,705,725,2800
9/10/2025,POLL,0,0,0,0,0
9/10/2025,POLU,12475,14875,12425,14875,200500
9/10/2025,POLY,31,31,27,28,652000
9/10/2025,POOL,0,0,0,0,0
9/10/2025,PORT,930,955,920,940,7400
9/10/2025,POSA,0,0,0,0,0
9/10/2025,POWR,695,705,690,705,2912700
9/10/2025,PPGL,104,107,103,104,794700
9/10/2025,PPRE,101,104,97,99,39290500
9/10/2025,PPRI,354,382,350,360,68479000
9/10/2025,PPRO,0,0,0,0,0
9/10/2025,PRAY,665,690,665,690,11900
9/10/2025,PRDA,2670,2740,2660,2700,43100
9/10/2025,PRIM,84,93,81,93,52065100
9/10/2025,PSAB,570,570,520,535,225793800
9/10/2025,PSAT,1335,1360,1310,1350,1478100
9/10/2025,PSDN,101,108,95,99,8336300
9/10/2025,PSGO,204,208,202,208,338200
9/10/2025,PSKT,110,114,110,113,21278900
9/10/2025,PSSI,344,346,342,342,120500
9/10/2025,PTBA,2400,2400,2370,2380,8690700
9/10/2025,PTBABQCV5A,20,20,20,20,18000
9/10/2025,PTBADRCG6A,0,0,0,0,0
9/10/2025,PTBAYUCZ5A,90,90,90,90,500
9/10/2025,PTBAZPCH6A,0,0,0,0,0
9/10/2025,PTDU,0,0,0,0,0
9/10/2025,PTIS,402,410,396,398,20500
9/10/2025,PTMP,99,100,94,95,30477800
9/10/2025,PTMR,0,0,0,0,0
9/10/2025,PTPP,350,350,332,342,23226400
9/10/2025,PTPS,166,166,159,161,7477100
9/10/2025,PTPW,940,940,935,940,18500
9/10/2025,PTRO,3510,3530,3460,3480,21741800
9/10/2025,PTROHDCK6A,99,100,98,100,2500
9/10/2025,PTSN,468,488,468,472,2715600
9/10/2025,PTSP,905,905,850,885,753500
9/10/2025,PUDP,240,240,230,230,68400
9/10/2025,PURA,34,34,31,31,18411400
9/10/2025,PURE,0,0,0,0,0
9/10/2025,PURI,187,189,182,186,236800
9/10/2025,PWON,364,368,358,362,41016100
9/10/2025,PWONHDCZ5A,0,0,0,0,0
9/10/2025,PWONZPCH6A,0,0,0,0,0
9/10/2025,PYFA,490,540,490,515,53374400
9/10/2025,PYFA-W,102,107,97,101,897400
9/10/2025,PZZA,216,218,212,216,1403600
9/10/2025,R-ABFII,0,0,0,0,0
9/10/2025,R-LQ45X,958,958,949,949,8300
9/10/2025,RAAM,286,318,286,314,29865100
9/10/2025,RAFI,0,0,0,0,0
9/10/2025,RAJA,2740,2870,2720,2830,60166100
9/10/2025,RAJAHDCK6A,83,90,83,84,56500
9/10/2025,RALS,386,390,384,388,2547800
9/10/2025,RANC,410,420,410,416,4000
9/10/2025,RATU,5575,5700,5450,5550,3881600
9/10/2025,RBMS,44,44,44,44,2395200
9/10/2025,RCCC,220,220,204,220,1282000
9/10/2025,RDTX,11875,12100,11875,12000,3100
9/10/2025,REAL,68,69,58,64,541957600
9/10/2025,RELF,50,57,50,52,77531200
9/10/2025,RELI,640,665,630,635,8000
9/10/2025,RGAS,113,118,111,115,61189500
9/10/2025,RICY,64,75,64,75,3533800
9/10/2025,RIGS,815,820,790,800,185700
9/10/2025,RIMO,0,0,0,0,0
9/10/2025,RISE,1105,1115,1100,1110,303800
9/10/2025,RMKE,965,970,950,970,7280800
9/10/2025,RMKO,136,138,129,132,2756100
9/10/2025,ROCK,496,605,496,605,5400
9/10/2025,RODA,52,52,50,50,115200
9/10/2025,RONY,0,0,0,0,0
9/10/2025,ROTI,795,800,790,795,116500
9/10/2025,RSCH,374,374,366,372,2683100
9/10/2025,RSGK,0,0,0,0,0
9/10/2025,RUIS,216,224,210,220,1241600
9/10/2025,RUNS,115,116,105,106,784100
9/10/2025,SAFE,182,184,181,181,183400
9/10/2025,SAGE,36,40,36,40,14313700
9/10/2025,SAME,306,318,304,316,1509500
9/10/2025,SAMF,330,332,328,330,49400
9/10/2025,SAPX,302,306,298,300,363200
9/10/2025,SATU,238,240,236,238,3515300
9/10/2025,SBAT,0,0,0,0,0
9/10/2025,SBMA,133,135,130,132,1471100
9/10/2025,SCCO,2280,2370,2270,2290,20200
9/10/2025,SCMA,318,320,302,306,129725600
9/10/2025,SCMABQCZ5A,128,128,128,128,200
9/10/2025,SCMADRCK6A,0,0,0,0,0
9/10/2025,SCMAHDCZ5A,0,0,0,0,0
9/10/2025,SCMAZPCG6A,0,0,0,0,0
9/10/2025,SCNP,193,193,179,186,54600
9/10/2025,SCPI,0,0,0,0,0
9/10/2025,SDMU,72,72,63,63,23467500
9/10/2025,SDPC,131,134,130,132,86200
9/10/2025,SDRA,302,302,294,296,156400
9/10/2025,SEMA,98,100,95,97,1306000
9/10/2025,SFAN,1915,1915,1910,1915,78500
9/10/2025,SGER,334,344,326,344,264257900
9/10/2025,SGRO,4540,4680,4200,4340,2879500
9/10/2025,SHID,915,915,885,885,5000
9/10/2025,SHIP,4590,4600,4520,4550,5300
9/10/2025,SICO,117,121,115,118,2948300
9/10/2025,SIDO,530,530,520,525,17543900
9/10/2025,SIDODRCK6A,0,0,0,0,0
9/10/2025,SILO,2100,2190,2070,2100,1040100
9/10/2025,SIMA,0,0,0,0,0
9/10/2025,SIMP,660,660,630,635,9795500
9/10/2025,SINI,3740,3740,3710,3710,1500
9/10/2025,SIPD,725,725,725,725,700
9/10/2025,SKBM,360,360,340,342,50200
9/10/2025,SKLT,158,189,158,186,475300
9/10/2025,SKRN,402,406,402,406,278000
9/10/2025,SKYB,0,0,0,0,0
9/10/2025,SLIS,85,108,81,104,1104696100
9/10/2025,SLIS-W,17,22,16,19,102713400
9/10/2025,SMAR,5275,5475,5000,5400,375300
9/10/2025,SMBR,292,296,286,290,8115700
9/10/2025,SMCB,0,0,0,0,0
9/10/2025,SMDM,805,1005,805,850,8564900
9/10/2025,SMDR,326,336,326,330,13474000
9/10/2025,SMGA,109,112,104,105,78089500
9/10/2025,SMGR,2740,2750,2700,2710,2476400
9/10/2025,SMGRBQCU5A,2,2,1,2,4310600
9/10/2025,SMGRBQCX5B,60,61,60,61,17600
9/10/2025,SMGRBQCZ5A,0,0,0,0,0
9/10/2025,SMGRDRCV5A,0,0,0,0,0
9/10/2025,SMGRHDCZ5A,0,0,0,0,0
9/10/2025,SMGRZPCJ6A,0,0,0,0,0
9/10/2025,SMIL,525,575,510,570,260478300
9/10/2025,SMKL,166,167,166,166,20300
9/10/2025,SMKM,0,0,0,0,0
9/10/2025,SMLE,152,155,150,150,1164600
9/10/2025,SMMA,15775,15775,15400,15550,17300
9/10/2025,SMMT,1270,1365,1170,1195,1892200
9/10/2025,SMRA,436,446,426,426,72006100
9/10/2025,SMRADRCJ6A,30,31,30,31,36000
9/10/2025,SMRAHDCZ5A,0,0,0,0,0
9/10/2025,SMRAZPCH6A,57,57,57,57,3900
9/10/2025,SMRU,0,0,0,0,0
9/10/2025,SMSM,1920,1920,1890,1890,585000
9/10/2025,SNLK,472,474,468,472,7620300
9/10/2025,SOCI,190,192,187,191,3597100
9/10/2025,SOFA,53,54,49,50,26688400
9/10/2025,SOHO,775,775,735,735,4500
9/10/2025,SOLA,135,142,130,137,38695800
9/10/2025,SONA,4110,4180,3820,4150,94500
9/10/2025,SOSS,0,0,0,0,0
9/10/2025,SOTS,260,280,254,268,262900
9/10/2025,SOUL,87,96,87,91,4943700
9/10/2025,SPMA,280,290,280,288,87900
9/10/2025,SPRE,84,84,75,77,4746000
9/10/2025,SPTO,670,675,660,670,433600
9/10/2025,SQMI,0,0,0,0,0
9/10/2025,SRAJ,8500,8550,8375,8450,721600
9/10/2025,SRIL,0,0,0,0,0
9/10/2025,SRSN,73,73,66,67,62677000
9/10/2025,SRTG,2020,2030,1950,1950,7738500
9/10/2025,SRTGDRCK6A,110,110,106,106,10900
9/10/2025,SRTGHDCK6A,122,122,121,122,20700
9/10/2025,SRTGZPCG6A,110,110,108,109,22100
9/10/2025,SSIA,2170,2200,2040,2040,56169700
9/10/2025,SSMS,1415,1440,1375,1380,9181100
9/10/2025,SSTM,312,374,294,310,4431200
9/10/2025,STAA,1035,1040,1020,1030,9858800
9/10/2025,STAR,61,61,61,61,1450500
9/10/2025,STRK,0,0,0,0,0
9/10/2025,STTP,10100,10350,10000,10250,1100
9/10/2025,SUGI,0,0,0,0,0
9/10/2025,SULI,93,93,90,91,457600
9/10/2025,SUNI,790,810,790,805,979700
9/10/2025,SUPR,0,0,0,0,0
9/10/2025,SURE,2850,2920,2850,2880,2900
9/10/2025,SURI,123,125,114,114,288661000
9/10/2025,SWAT,0,0,0,0,0
9/10/2025,SWID,88,110,88,104,68408900
9/10/2025,TALF,404,424,392,400,52100
9/10/2025,TAMA,35,36,35,36,3582600
9/10/2025,TAMU,27,29,27,29,32137500
9/10/2025,TAPG,1485,1485,1440,1460,20747400
9/10/2025,TAPGDRCJ6A,0,0,0,0,0
9/10/2025,TAPGHDCH6A,0,0,0,0,0
9/10/2025,TAPGZPCH6A,91,91,90,90,200
9/10/2025,TARA,42,42,42,42,2312500
9/10/2025,TAXI,16,16,16,16,75334300
9/10/2025,TAYS,77,84,73,76,40606500
9/10/2025,TBIG,1855,1890,1835,1840,145300
9/10/2025,TBLA,730,740,725,730,2687300
9/10/2025,TBMS,1015,1030,1015,1030,39400
9/10/2025,TCID,2380,3010,2380,3010,465800
9/10/2025,TCPI,5775,5950,5750,5900,8635200
9/10/2025,TDPM,0,0,0,0,0
9/10/2025,TEBE,1775,1950,1735,1880,12603200
9/10/2025,TECH,0,0,0,0,0
9/10/2025,TELE,0,0,0,0,0
9/10/2025,TFAS,143,164,136,147,7862800
9/10/2025,TFCO,0,0,0,0,0
9/10/2025,TGKA,5700,5800,5700,5700,144700
9/10/2025,TGRA,0,0,0,0,0
9/10/2025,TGUK,0,0,0,0,0
9/10/2025,TIFA,394,404,392,402,18900
9/10/2025,TINS,1110,1145,1090,1090,43076200
9/10/2025,TIRA,1530,1570,1450,1470,17300
9/10/2025,TIRT,0,0,0,0,0
9/10/2025,TKIM,7425,7425,7200,7200,740700
9/10/2025,TKIMHDCJ6A,0,0,0,0,0
9/10/2025,TKIMZPCG6A,109,109,109,109,75000
9/10/2025,TLDN,705,720,700,720,1064100
9/10/2025,TLKM,3070,3180,3050,3150,49868500
9/10/2025,TLKMBQCV5A,0,0,0,0,0
9/10/2025,TLKMDRCJ6A,78,79,78,79,120000
9/10/2025,TLKMDRCX6A,0,0,0,0,0
9/10/2025,TLKMHDCJ6A,0,0,0,0,0
9/10/2025,TLKMHDCV5A,0,0,0,0,0
9/10/2025,TLKMZPCF6A,0,0,0,0,0
9/10/2025,TMAS,135,137,134,136,3155400
9/10/2025,TMPO,177,208,163,184,166434600
9/10/2025,TNCA,162,178,157,165,2060700
9/10/2025,TOBA,1290,1315,1240,1250,127556000
9/10/2025,TOOL,61,64,60,62,5066400
9/10/2025,TOPS,0,0,0,0,0
9/10/2025,TOSK,60,65,60,62,51546500
9/10/2025,TOTL,775,785,765,765,2919000
9/10/2025,TOTO,258,260,252,258,1070100
9/10/2025,TOWR,590,600,570,580,37603900
9/10/2025,TOWRHDCK6A,0,0,0,0,0
9/10/2025,TOYS,0,0,0,0,0
9/10/2025,TPIA,7650,7650,7500,7575,7256100
9/10/2025,TPMA,580,585,575,580,3491000
9/10/2025,TRAM,0,0,0,0,0
9/10/2025,TRGU,170,174,170,174,322900
9/10/2025,TRIL,0,0,0,0,0
9/10/2025,TRIM,358,370,358,362,584900
9/10/2025,TRIN,92,93,90,91,438500
9/10/2025,TRIN-W2,0,0,0,0,0
9/10/2025,TRIO,0,0,0,0,0
9/10/2025,TRIS,181,182,174,179,351200
9/10/2025,TRJA,137,139,134,138,415000
9/10/2025,TRON,90,91,87,88,4207300
9/10/2025,TRST,498,500,450,500,90800
9/10/2025,TRUE,47,49,47,47,25469700
9/10/2025,TRUK,228,260,222,250,4477900
9/10/2025,TRUS,478,490,458,474,320700
9/10/2025,TSPC,2230,2240,2210,2230,1291100
9/10/2025,TUGU,965,970,955,960,1811000
9/10/2025,TYRE,129,130,123,127,531900
9/10/2025,UANG,1325,1325,1325,1325,540100
9/10/2025,UCID,464,464,460,462,6177000
9/10/2025,UDNG,2560,2560,2560,2560,838200
9/10/2025,UFOE,180,180,173,178,56900
9/10/2025,ULTJ,1275,1280,1265,1275,1677100
9/10/2025,UNIC,7900,7900,7875,7900,700
9/10/2025,UNIQ,360,362,352,356,14221500
9/10/2025,UNIT,0,0,0,0,0
9/10/2025,UNSP,162,162,159,159,615700
9/10/2025,UNTD,85,87,84,87,7450700
9/10/2025,UNTR,27200,27250,26350,26350,3142500
9/10/2025,UNTRBQCV5A,0,0,0,0,0
9/10/2025,UNTRDRCG6A,166,166,162,162,8700
9/10/2025,UNTRZPCJ6A,166,166,166,166,3000
9/10/2025,UNVR,1670,1720,1660,1700,26804600
9/10/2025,UNVRBQCU5A,8,10,7,7,3042100
9/10/2025,UNVRBQCZ5A,0,0,0,0,0
9/10/2025,UNVRDRCG6A,0,0,0,0,0
9/10/2025,UNVRHDPG6A,0,0,0,0,0
9/10/2025,UNVRZPCH6A,0,0,0,0,0
9/10/2025,URBN,133,146,133,138,363500
9/10/2025,UVCR,72,77,72,75,3338000
9/10/2025,VAST,180,194,178,194,16088000
9/10/2025,VAST-W,15,16,13,15,34013500
9/10/2025,VERN,127,132,121,127,10284900
9/10/2025,VERN-W,6,7,5,5,32464300
9/10/2025,VICI,615,625,610,625,579400
9/10/2025,VICO,180,185,180,184,159100
9/10/2025,VINS,122,126,122,123,28600
9/10/2025,VISI,141,145,141,144,5221600
9/10/2025,VIVA,31,37,31,37,61090700
9/10/2025,VKTR,116,119,113,114,9487000
9/10/2025,VOKS,250,300,244,300,5533200
9/10/2025,VRNA,86,87,84,85,458700
9/10/2025,VTNY,100,108,100,104,21618000
9/10/2025,WAPO,198,198,168,175,15471300
9/10/2025,WEGE,73,82,73,75,71358000
9/10/2025,WEHA,114,117,114,115,443200
9/10/2025,WGSH,177,195,174,192,7520300
9/10/2025,WICO,0,0,0,0,0
9/10/2025,WIDI,41,45,41,41,164885800
9/10/2025,WIFI,2590,2690,2530,2570,123583400
9/10/2025,WIIM,815,820,800,805,2938900
9/10/2025,WIKA,0,0,0,0,0
9/10/2025,WINE,208,228,208,222,2032600
9/10/2025,WINR,31,32,31,31,17498500
9/10/2025,WINS,402,408,402,404,2436200
9/10/2025,WIRG,173,176,168,168,956352400
9/10/2025,WMPP,0,0,0,0,0
9/10/2025,WMUU,20,20,20,20,27059100
9/10/2025,WOMF,340,344,336,342,455900
9/10/2025,WOOD,360,380,352,368,2305100
9/10/2025,WOWS,77,116,77,102,1645429800
9/10/2025,WSBP,39,39,36,36,136280400
9/10/2025,WSKT,0,0,0,0,0
9/10/2025,WTON,107,111,105,105,51690000
9/10/2025,XAQA,0,0,0,0,0
9/10/2025,XBES,1015,1023,1015,1022,11000
9/10/2025,XBID,498,499,498,498,40400
9/10/2025,XBIG,0,0,0,0,0
9/10/2025,XBIN,564,564,564,564,40000
9/10/2025,XBLQ,0,0,0,0,0
9/10/2025,XBNI,0,0,0,0,0
9/10/2025,XBSK,437,437,437,437,40000
9/10/2025,XCEG,105,105,105,105,100
9/10/2025,XCID,69,71,67,68,222200
9/10/2025,XCIS,86,104,86,90,26100
9/10/2025,XCLQ,81,87,81,87,7300
9/10/2025,XDIF,445,445,445,445,500
9/10/2025,XIFE,112,112,105,110,1400
9/10/2025,XIHD,618,619,618,619,200
9/10/2025,XIIC,0,0,0,0,0
9/10/2025,XIID,481,481,481,481,100
9/10/2025,XIIF,448,451,448,451,1100
9/10/2025,XIIT,500,505,500,500,8700
9/10/2025,XIJI,0,0,0,0,0
9/10/2025,XILV,121,150,113,117,27500
9/10/2025,XIML,276,276,276,276,100
9/10/2025,XIPB,188,188,188,188,500
9/10/2025,XIPI,0,0,0,0,0
9/10/2025,XISB,0,0,0,0,0
9/10/2025,XISC,0,0,0,0,0
9/10/2025,XISI,0,0,0,0,0
9/10/2025,XISR,0,0,0,0,0
9/10/2025,XKID,924,924,924,924,100
9/10/2025,XKIV,581,581,579,579,40500
9/10/2025,XKMS,1108,1111,1102,1109,201200
9/10/2025,XMGB,1118,1118,1118,1118,100
9/10/2025,XMIG,212,212,210,210,200100
9/10/2025,XMLF,858,858,858,858,40000
9/10/2025,XMSK,378,378,378,378,100
9/10/2025,XNVE,0,0,0,0,0
9/10/2025,XPDV,725,725,620,620,200
9/10/2025,XPFT,0,0,0,0,0
9/10/2025,XPIN,627,627,627,627,100
9/10/2025,XPLQ,452,507,452,496,1400
9/10/2025,XPSG,381,381,381,381,100
9/10/2025,XPTD,451,477,392,392,16900
9/10/2025,XSBC,98,100,97,97,83100
9/10/2025,XSPI,0,0,0,0,0
9/10/2025,XSSI,78,80,74,75,717200
9/10/2025,XSSK,680,680,680,680,20000
9/10/2025,YELO,58,58,58,58,3354900
9/10/2025,YOII,96,96,93,95,2372600
9/10/2025,YPAS,354,354,354,354,100
9/10/2025,YULE,2700,2700,2680,2700,188100
9/10/2025,YUPI,1590,1600,1580,1595,78600
9/10/2025,ZATA,33,33,27,27,77399900
9/10/2025,ZBRA,0,0,0,0,0
9/10/2025,ZINC,28,28,28,28,39196400
9/10/2025,ZONE,740,745,735,740,114400
9/10/2025,ZYRX,145,149,140,140,1526200
