<date>,<ticker>,<open>,<high>,<low>,<close>,<volume>
10/23/2025,IHSG,8179.880,8292.890,8179.610,8274.352,30398944400
10/23/2025,AADI,7900,7975,7800,7900,8428700
10/23/2025,AADIDRCN6A,91,91,89,91,182500
10/23/2025,AADIHDCK6A,92,96,91,94,194400
10/23/2025,AADIYUCK6A,306,306,306,306,100
10/23/2025,AALI,8125,8225,8075,8125,3896000
10/23/2025,ABBA,57,62,57,62,9061900
10/23/2025,ABDA,0,0,0,0,0
10/23/2025,ABMM,2850,2870,2810,2830,1198200
10/23/2025,ACES,448,464,444,454,125388100
10/23/2025,ACESBQCV5A,0,0,0,0,0
10/23/2025,ACESBQCX5B,5,6,5,5,27575200
10/23/2025,ACESBQCZ5A,16,18,15,18,420300
10/23/2025,ACESDRCJ6A,13,14,10,13,5171100
10/23/2025,ACESHDCZ5A,21,21,21,21,500
10/23/2025,ACESZPCJ6A,19,21,19,20,1117000
10/23/2025,ACRO,86,97,86,89,97416600
10/23/2025,ACRO-W,8,9,7,8,30357400
10/23/2025,ACST,133,144,133,139,22969000
10/23/2025,ADCP,58,59,56,57,36130300
10/23/2025,ADES,14750,16900,14700,15900,110000
10/23/2025,ADHI,272,276,268,270,27467600
10/23/2025,ADMF,8725,8775,8700,8725,54100
10/23/2025,ADMG,132,143,131,140,2112900
10/23/2025,ADMR,1320,1345,1310,1335,23435600
10/23/2025,ADMRDRCJ6A,63,64,62,62,285200
10/23/2025,ADMRHDCJ6A,97,100,97,100,1600
10/23/2025,ADMRZPCH6A,85,85,85,85,200000
10/23/2025,ADRO,1780,1800,1755,1790,61586100
10/23/2025,ADROBQCG6A,64,64,64,64,100
10/23/2025,ADROBQCZ5A,9,10,8,9,1096800
10/23/2025,ADRODRCJ6A,51,51,51,51,20000
10/23/2025,ADRODRCX5A,32,32,32,32,100300
10/23/2025,ADROHDCZ5A,42,43,42,43,900
10/23/2025,ADROHDPH6A,0,0,0,0,0
10/23/2025,ADROYUCZ5A,50,50,50,50,100
10/23/2025,ADROZPCF6A,0,0,0,0,0
10/23/2025,ADROZPCK6A,50,52,50,52,700
10/23/2025,AEGS,45,49,45,49,35820200
10/23/2025,AGAR,272,274,242,256,701800
10/23/2025,AGII,1600,1600,1580,1580,238000
10/23/2025,AGRO,222,232,220,226,19352800
10/23/2025,AGRS,69,70,68,69,3948700
10/23/2025,AHAP,87,91,87,87,22660200
10/23/2025,AIMS,442,442,442,442,512800
10/23/2025,AISA,136,143,135,142,14379600
10/23/2025,AKKU,0,0,0,0,0
10/23/2025,AKPI,580,595,570,580,13200
10/23/2025,AKRA,1105,1130,1095,1115,23455400
10/23/2025,AKRABQCX5B,14,14,12,13,163100
10/23/2025,AKRADRCX5A,14,15,14,15,4791400
10/23/2025,AKRAHDCH6A,41,41,41,41,1000
10/23/2025,AKRAZPCJ6A,35,35,35,35,50000
10/23/2025,AKRAZPCM6A,28,30,28,30,12600
10/23/2025,AKRAZPCX5A,0,0,0,0,0
10/23/2025,AKSI,470,478,406,412,4765500
10/23/2025,ALDO,498,530,490,520,555200
10/23/2025,ALII,570,585,565,575,592800
10/23/2025,ALKA,362,364,344,356,25700
10/23/2025,ALMI,0,0,0,0,0
10/23/2025,ALTO,0,0,0,0,0
10/23/2025,AMAG,350,362,348,356,283500
10/23/2025,AMAN,159,182,158,167,52947000
10/23/2025,AMAR,228,232,222,228,1339100
10/23/2025,AMFG,3520,3590,3510,3590,56200
10/23/2025,AMIN,282,282,264,280,123700
10/23/2025,AMMN,7425,7800,7375,7800,27288100
10/23/2025,AMMNBQCZ5A,15,23,14,20,12275300
10/23/2025,AMMNDRCJ6A,49,55,49,55,671500
10/23/2025,AMMNHDCH6A,0,0,0,0,0
10/23/2025,AMMNZPCG6A,33,38,33,38,1410700
10/23/2025,AMMS,312,340,306,340,9219400
10/23/2025,AMOR,420,436,418,420,342300
10/23/2025,AMRT,2210,2240,2200,2210,23824400
10/23/2025,AMRTBQCH6A,25,35,25,33,339100
10/23/2025,AMRTDRCZ5A,0,0,0,0,0
10/23/2025,AMRTHDCJ6A,24,25,22,23,1682000
10/23/2025,AMRTZPCK6A,0,0,0,0,0
10/23/2025,AMRTZPCX5A,0,0,0,0,0
10/23/2025,ANDI,27,27,24,24,16228000
10/23/2025,ANJT,2220,2230,2150,2170,665400
10/23/2025,ANTM,3180,3210,3170,3190,66747300
10/23/2025,ANTMBQCX5A,41,41,39,41,46900
10/23/2025,ANTMBQCZ5A,0,0,0,0,0
10/23/2025,ANTMDRCG6A,43,44,42,44,306900
10/23/2025,ANTMDRCG6B,61,61,60,61,555900
10/23/2025,ANTMDRCX5A,0,0,0,0,0
10/23/2025,ANTMDRPZ5A,30,30,30,30,100
10/23/2025,ANTMHDCH6A,78,78,78,78,15300
10/23/2025,ANTMHDCH6B,124,124,124,124,100
10/23/2025,ANTMHDPH6A,60,60,60,60,10000
10/23/2025,ANTMZPCJ6A,73,74,73,73,174200
10/23/2025,ANTMZPCK6A,30,31,29,30,2353900
10/23/2025,ANTMZPCX5A,0,0,0,0,0
10/23/2025,APEX,135,137,131,137,41640000
10/23/2025,APIC,1125,1150,1120,1135,5063300
10/23/2025,APII,183,190,183,186,846600
10/23/2025,APLI,484,490,462,478,55400
10/23/2025,APLN,102,102,100,101,6217600
10/23/2025,ARCI,1250,1290,1210,1245,115307400
10/23/2025,AREA,505,545,500,540,4525500
10/23/2025,ARGO,1100,1100,1050,1090,124000
10/23/2025,ARII,274,278,266,270,140200
10/23/2025,ARKA,30,30,30,30,1708500
10/23/2025,ARKO,1390,1430,1350,1380,2096700
10/23/2025,ARMY,0,0,0,0,0
10/23/2025,ARNA,520,520,510,515,18119800
10/23/2025,ARTA,3120,3120,3120,3120,1800
10/23/2025,ARTI,0,0,0,0,0
10/23/2025,ARTO,2020,2100,2020,2080,9413100
10/23/2025,ARTOBQCX5B,0,0,0,0,0
10/23/2025,ARTOBQCZ5A,7,9,7,9,2404500
10/23/2025,ARTODRCK6A,62,62,62,62,1200
10/23/2025,ARTODRCX5A,39,40,39,39,2100
10/23/2025,ARTOHDCZ5A,88,92,88,92,500
10/23/2025,ARTOZPCK6A,37,39,37,39,85700
10/23/2025,ARTOZPCX5A,0,0,0,0,0
10/23/2025,ASBI,492,492,472,484,4700
10/23/2025,ASDM,545,585,540,555,215400
10/23/2025,ASGR,1095,1115,1085,1110,1251900
10/23/2025,ASHA,71,73,70,70,4791900
10/23/2025,ASII,6075,6400,6075,6325,60009000
10/23/2025,ASIIBQCZ5A,0,0,0,0,0
10/23/2025,ASIIDRCX5A,0,0,0,0,0
10/23/2025,ASIIDRCX6A,0,0,0,0,0
10/23/2025,ASIIHDCZ5A,189,193,189,193,500800
10/23/2025,ASIIZPCJ6A,0,0,0,0,0
10/23/2025,ASIIZPCM6A,38,42,37,42,62700
10/23/2025,ASJT,130,132,126,130,506900
10/23/2025,ASLC,84,109,84,101,1815226000
10/23/2025,ASLI,179,195,173,195,145700700
10/23/2025,ASMI,26,27,26,26,635300
10/23/2025,ASPI,0,0,0,0,0
10/23/2025,ASPR,109,110,101,103,10613900
10/23/2025,ASRI,169,170,165,165,40148400
10/23/2025,ASRM,384,384,370,382,309900
10/23/2025,ASSA,1020,1125,1020,1085,54801600
10/23/2025,ATAP,100,100,92,92,2572000
10/23/2025,ATIC,434,440,428,434,342400
10/23/2025,ATLA,69,76,67,72,271158700
10/23/2025,AUTO,2380,2460,2360,2420,5470300
10/23/2025,AUTODRCV6A,0,0,0,0,0
10/23/2025,AUTOZPCJ6A,38,38,37,37,4528800
10/23/2025,AVIA,414,420,414,416,12619300
10/23/2025,AVIADRCV6A,0,0,0,0,0
10/23/2025,AVIAZPCJ6A,15,16,15,16,44900
10/23/2025,AWAN,226,242,220,240,24850000
10/23/2025,AXIO,122,122,120,122,189600
10/23/2025,AYAM,182,183,177,182,132459800
10/23/2025,AYLS,254,284,230,250,110101200
10/23/2025,BABP,53,54,52,53,7524900
10/23/2025,BABY,440,500,406,454,14427900
10/23/2025,BACA,140,143,139,141,2366200
10/23/2025,BAIK,99,101,99,100,278800
10/23/2025,BAIK-W,8,9,8,9,2064300
10/23/2025,BAJA,168,168,155,156,13119400
10/23/2025,BALI,1185,1225,1165,1180,42400
10/23/2025,BANK,830,840,820,830,6304500
10/23/2025,BANK-W,0,0,0,0,0
10/23/2025,BAPA,68,81,67,71,62667100
10/23/2025,BAPI,23,24,23,24,2390500
10/23/2025,BATA,56,56,55,55,1377300
10/23/2025,BATR,108,109,106,107,1644800
10/23/2025,BAUT,44,44,43,43,12318900
10/23/2025,BAYU,1295,1315,1290,1305,247300
10/23/2025,BBCA,8200,8350,8150,8325,187003900
10/23/2025,BBCABQCG6A,79,80,76,79,5683100
10/23/2025,BBCABQCV5A,0,0,0,0,0
10/23/2025,BBCABQCX5A,10,10,9,9,2630400
10/23/2025,BBCADRCF6A,33,35,31,34,2379900
10/23/2025,BBCADRCX6A,3890,3890,3890,3890,100
10/23/2025,BBCAHDCQ7A,64,67,62,64,149500
10/23/2025,BBCAYUCK6A,193,195,193,195,15200
10/23/2025,BBCAZPCF6A,22,24,20,23,2913000
10/23/2025,BBCAZPCH6A,90,90,78,83,83800
10/23/2025,BBHI,1490,1515,1475,1490,680900
10/23/2025,BBKP,69,71,68,69,100554500
10/23/2025,BBLD,910,910,905,905,165900
10/23/2025,BBMD,0,0,0,0,0
10/23/2025,BBNI,4030,4250,4020,4240,130641200
10/23/2025,BBNIBQCG6A,63,65,62,65,116800
10/23/2025,BBNIBQCV5A,0,0,0,0,0
10/23/2025,BBNIDRCX6A,2210,2260,2210,2260,800
10/23/2025,BBNIDRCZ5A,33,43,33,43,844200
10/23/2025,BBNIDRPZ5A,58,58,52,53,1973600
10/23/2025,BBNIHDCQ7A,76,78,76,78,2670000
10/23/2025,BBNIZPCH6A,74,85,74,84,160200
10/23/2025,BBNIZPCX5A,0,0,0,0,0
10/23/2025,BBRI,3720,3820,3700,3820,225902700
10/23/2025,BBRIBQCJ6A,42,47,42,47,5200
10/23/2025,BBRIBQCZ5A,24,29,24,29,379900
10/23/2025,BBRIDRCG6A,76,77,76,77,284400
10/23/2025,BBRIDRCN6A,90,94,90,93,6100
10/23/2025,BBRIDRCX5A,78,82,78,81,160700
10/23/2025,BBRIDRCX6A,2040,2060,2040,2060,700
10/23/2025,BBRIDRPZ5A,53,53,49,49,315300
10/23/2025,BBRIHDCH6A,0,0,0,0,0
10/23/2025,BBRIHDCQ7A,75,75,75,75,27000
10/23/2025,BBRIZPCH6A,68,71,67,71,11868800
10/23/2025,BBRIZPCX5A,0,0,0,0,0
10/23/2025,BBRM,85,88,84,88,6161100
10/23/2025,BBSI,4100,4150,3960,4090,20300
10/23/2025,BBSS,336,400,336,356,1625300
10/23/2025,BBTN,1175,1215,1175,1195,57813900
10/23/2025,BBTNDRCV6A,59,59,59,59,165000
10/23/2025,BBTNHDCZ5A,69,75,69,74,1004000
10/23/2025,BBTNYUCZ5A,55,55,55,55,100
10/23/2025,BBTNZPCG6A,37,37,35,36,13400
10/23/2025,BBYB,360,382,354,378,129780400
10/23/2025,BCAP,55,55,53,55,25067700
10/23/2025,BCIC,163,163,162,162,109500
10/23/2025,BCIP,107,109,104,109,31853600
10/23/2025,BDKR,179,181,170,170,31683000
10/23/2025,BDMN,2370,2390,2310,2370,2706200
10/23/2025,BEBS,0,0,0,0,0
10/23/2025,BEEF,645,650,550,560,41450000
10/23/2025,BEER,132,139,130,132,6693100
10/23/2025,BEKS,27,27,26,26,33928400
10/23/2025,BELI,370,374,366,372,234700
10/23/2025,BELL,61,69,61,65,70684700
10/23/2025,BESS,1615,1800,1520,1600,327300
10/23/2025,BEST,109,110,106,108,7215200
10/23/2025,BFIN,765,770,750,770,18495700
10/23/2025,BFINDRCK6A,0,0,0,0,0
10/23/2025,BFINHDCM6A,0,0,0,0,0
10/23/2025,BFINZPCM6A,19,20,19,20,273000
10/23/2025,BGTG,120,121,115,120,65326300
10/23/2025,BHAT,960,980,960,960,3411800
10/23/2025,BHIT,34,34,33,33,12304900
10/23/2025,BIKA,0,0,0,0,0
10/23/2025,BIKE,935,950,935,940,12361800
10/23/2025,BIMA,69,70,60,70,169100
10/23/2025,BINA,4490,4500,4430,4500,10900
10/23/2025,BINO,125,137,123,135,4154200
10/23/2025,BIPI,89,91,88,89,274536900
10/23/2025,BIPP,41,43,41,43,215200
10/23/2025,BIRD,1780,1830,1780,1810,1552300
10/23/2025,BISI,880,890,875,875,501900
10/23/2025,BJBR,765,780,765,780,2322400
10/23/2025,BJTM,520,520,515,515,3234600
10/23/2025,BKDP,40,40,40,40,144800
10/23/2025,BKSL,128,130,127,128,148052900
10/23/2025,BKSW,63,65,63,63,3436800
10/23/2025,BLES,161,162,155,161,5787200
10/23/2025,BLOG,500,510,498,505,3958400
10/23/2025,BLTA,35,35,35,35,4388200
10/23/2025,BLTZ,0,0,0,0,0
10/23/2025,BLUE,0,0,0,0,0
10/23/2025,BMAS,660,680,655,660,33000
10/23/2025,BMBL,46,46,44,46,4012900
10/23/2025,BMHS,159,159,154,155,4923900
10/23/2025,BMRI,4310,4440,4310,4430,202102500
10/23/2025,BMRIBQCJ6A,0,0,0,0,0
10/23/2025,BMRIBQCZ5A,9,10,8,10,10653700
10/23/2025,BMRIDRCG6A,0,0,0,0,0
10/23/2025,BMRIDRCX5A,21,23,21,23,1600
10/23/2025,BMRIDRCX6A,1955,2000,1955,1990,900
10/23/2025,BMRIHDCQ7A,71,73,70,72,59800
10/23/2025,BMRIYUCK6A,107,107,107,107,100
10/23/2025,BMRIZPCH6A,41,44,41,44,5022700
10/23/2025,BMRIZPCX5A,12,12,11,12,343000
10/23/2025,BMSR,312,328,308,326,235100
10/23/2025,BMTR,145,146,141,142,36650400
10/23/2025,BNBA,625,630,615,625,468800
10/23/2025,BNBR,45,45,44,44,18891100
10/23/2025,BNGA,1695,1705,1695,1705,3968800
10/23/2025,BNGADRCK6A,58,58,58,58,13000
10/23/2025,BNGAZPCH6A,0,0,0,0,0
10/23/2025,BNII,204,204,202,204,256300
10/23/2025,BNLI,5700,5850,5600,5625,206200
10/23/2025,BOAT,120,121,115,119,2113600
10/23/2025,BOBA,226,230,210,218,4711500
10/23/2025,BOGA,500,500,494,500,163200
10/23/2025,BOLA,183,190,182,188,241600
10/23/2025,BOLT,1050,1050,1045,1045,8500
10/23/2025,BOSS,0,0,0,0,0
10/23/2025,BPFI,330,330,322,328,7500
10/23/2025,BPII,550,550,545,550,96100
10/23/2025,BPTR,92,97,92,94,660700
10/23/2025,BRAM,5075,5125,5075,5075,1400
10/23/2025,BREN,9125,9175,8850,9025,21356000
10/23/2025,BRIS,2620,2660,2590,2640,22331000
10/23/2025,BRISBQCZ5A,0,0,0,0,0
10/23/2025,BRISDRCJ6A,37,39,37,39,251700
10/23/2025,BRISHDCH6A,0,0,0,0,0
10/23/2025,BRISHDCZ5A,0,0,0,0,0
10/23/2025,BRISZPCG6A,0,0,0,0,0
10/23/2025,BRMS,915,935,900,920,477397700
10/23/2025,BRMSBQCZ5A,228,228,228,228,300
10/23/2025,BRMSDRCG6A,44,45,42,43,2874100
10/23/2025,BRMSDRCJ6A,156,162,156,159,535700
10/23/2025,BRMSDRPX5A,3,3,2,3,3049700
10/23/2025,BRMSHDCH6A,258,262,258,262,1200
10/23/2025,BRMSHDCZ5A,0,0,0,0,0
10/23/2025,BRMSZPCG6A,258,258,254,254,700
10/23/2025,BRNA,710,745,690,720,33900
10/23/2025,BRPT,3790,3860,3740,3740,69279900
10/23/2025,BRPTBQCV5A,0,0,0,0,0
10/23/2025,BRPTBQCX5B,300,314,300,314,17200
10/23/2025,BRPTBQCZ5A,0,0,0,0,0
10/23/2025,BRPTDRCF6A,0,0,0,0,0
10/23/2025,BRPTDRCJ6A,252,252,246,248,53200
10/23/2025,BRPTDRCX5A,476,476,476,476,1000
10/23/2025,BRPTHDCH6A,0,0,0,0,0
10/23/2025,BRPTHDCH6B,0,0,0,0,0
10/23/2025,BRPTHDPG6A,70,70,69,70,64500
10/23/2025,BRPTYUCZ5A,288,288,288,288,100
10/23/2025,BRPTZPCF6A,0,0,0,0,0
10/23/2025,BRPTZPCK6A,92,93,90,90,195700
10/23/2025,BRPTZPCX5A,0,0,0,0,0
10/23/2025,BRRC,84,84,82,83,9852800
10/23/2025,BRRC-W,14,14,13,14,239600
10/23/2025,BSBK,70,75,69,71,72526700
10/23/2025,BSDE,970,985,965,970,7919200
10/23/2025,BSDEBQCK6A,33,35,33,35,6300
10/23/2025,BSDEDRCG6A,0,0,0,0,0
10/23/2025,BSDEDRCJ6A,0,0,0,0,0
10/23/2025,BSDEHDCM6A,33,33,33,33,8000
10/23/2025,BSDEZPCH6A,47,47,47,47,4400
10/23/2025,BSIM,850,870,840,855,7200
10/23/2025,BSML,159,174,159,160,33859700
10/23/2025,BSSR,3930,3990,3920,3980,596900
10/23/2025,BSWD,1000,1000,1000,1000,200
10/23/2025,BTEK,19,19,17,17,204521400
10/23/2025,BTEL,0,0,0,0,0
10/23/2025,BTON,420,422,382,414,79800
10/23/2025,BTPN,2130,2130,2050,2080,33600
10/23/2025,BTPS,1410,1425,1390,1405,5152800
10/23/2025,BTPSDRCK6A,42,42,42,42,3700
10/23/2025,BTPSHDCJ6A,0,0,0,0,0
10/23/2025,BTPSZPCH6A,0,0,0,0,0
10/23/2025,BUAH,690,710,690,705,303600
10/23/2025,BUDI,208,214,208,214,131900
10/23/2025,BUKA,162,174,162,169,313967000
10/23/2025,BUKABQCZ5B,14,15,12,14,833400
10/23/2025,BUKADRCK6A,15,17,14,16,6227600
10/23/2025,BUKAHDCZ5A,0,0,0,0,0
10/23/2025,BUKAZPCM6A,34,40,34,37,71600
10/23/2025,BUKK,920,935,915,920,28800
10/23/2025,BULL,296,342,296,324,393864500
10/23/2025,BUMI,136,137,132,133,1010560900
10/23/2025,BUVA,750,850,710,760,202370700
10/23/2025,BVIC,103,104,101,102,4806100
10/23/2025,BVIC-W,29,29,22,28,23100
10/23/2025,BWPT,151,164,151,159,465675600
10/23/2025,BYAN,18075,18100,18050,18050,14400
10/23/2025,CAKK,175,180,174,179,925200
10/23/2025,CAMP,212,214,210,212,1163900
10/23/2025,CANI,50,50,50,50,831800
10/23/2025,CARE,310,310,300,304,6684100
10/23/2025,CARS,126,136,126,132,26478300
10/23/2025,CASA,1070,1100,1070,1095,4923900
10/23/2025,CASH,103,105,100,102,1009900
10/23/2025,CASS,2380,2400,2320,2340,143900
10/23/2025,CBDK,6200,6225,6125,6175,3065100
10/23/2025,CBMF,0,0,0,0,0
10/23/2025,CBPE,232,250,228,238,738300
10/23/2025,CBRE,1350,1385,1300,1325,42152000
10/23/2025,CBUT,1330,1380,1305,1345,42100
10/23/2025,CCSI,362,364,352,364,206900
10/23/2025,CDIA,1890,1915,1840,1850,119608300
10/23/2025,CEKA,2560,2590,2550,2570,28800
10/23/2025,CENT,162,165,147,150,104187400
10/23/2025,CFIN,312,314,308,312,793000
10/23/2025,CGAS,141,148,140,146,9064900
10/23/2025,CHEK,186,191,186,188,12616300
10/23/2025,CHEM,88,94,87,93,10682300
10/23/2025,CHIP,1405,1435,1385,1405,155900
10/23/2025,CINT,153,155,152,153,97500
10/23/2025,CITA,4760,5000,4760,4800,485600
10/23/2025,CITY,134,167,124,167,57509400
10/23/2025,CLAY,2880,3450,2860,3450,578700
10/23/2025,CLEO,535,545,530,530,11576500
10/23/2025,CLPI,1290,1295,1270,1275,100200
10/23/2025,CMNP,1295,1345,1265,1305,178800
10/23/2025,CMNP-W,418,418,250,306,61500
10/23/2025,CMNT,775,800,765,780,39087400
10/23/2025,CMPP,107,107,98,102,463500
10/23/2025,CMRY,5050,5200,5050,5150,2149300
10/23/2025,CMRYDRCK6A,86,88,86,87,13400
10/23/2025,CMRYZPCJ6A,0,0,0,0,0
10/23/2025,CNKO,84,84,83,84,27224700
10/23/2025,CNMA,119,124,117,118,96344100
10/23/2025,CNTB,0,0,0,0,0
10/23/2025,CNTX,0,0,0,0,0
10/23/2025,COAL,59,59,57,59,3194900
10/23/2025,COCO,422,456,376,388,737744500
10/23/2025,COIN,2900,3050,2790,2960,33529500
10/23/2025,COWL,0,0,0,0,0
10/23/2025,CPIN,5225,5375,5175,5225,11022300
10/23/2025,CPINDRCG6A,91,91,91,91,500
10/23/2025,CPINZPCJ6A,56,56,52,52,336700
10/23/2025,CPRI,0,0,0,0,0
10/23/2025,CPRO,63,63,61,61,59834400
10/23/2025,CRAB,278,288,274,286,2419800
10/23/2025,CRSN,112,120,111,112,1109300
10/23/2025,CSAP,318,318,308,308,64000
10/23/2025,CSIS,234,234,212,228,7795300
10/23/2025,CSMI,330,338,308,320,16138300
10/23/2025,CSRA,950,970,945,950,2508000
10/23/2025,CTBN,5000,5000,5000,5000,200
10/23/2025,CTRA,900,910,895,905,15765300
10/23/2025,CTRADRCJ6A,0,0,0,0,0
10/23/2025,CTRAHDCK6A,34,34,33,33,11000
10/23/2025,CTRAYUCZ5A,0,0,0,0,0
10/23/2025,CTRAZPCG6A,0,0,0,0,0
10/23/2025,CTTH,90,99,89,89,5914600
10/23/2025,CUAN,2260,2300,2190,2200,65830700
10/23/2025,CYBR,1325,1345,1305,1320,14398900
10/23/2025,CYBR-W,885,910,840,900,16800
10/23/2025,DAAZ,2720,2770,2720,2720,104700
10/23/2025,DADA,50,50,50,50,66156200
10/23/2025,DART,159,159,154,155,34100
10/23/2025,DATA,5325,5750,5250,5300,5614000
10/23/2025,DAYA,1185,1190,1150,1190,12600
10/23/2025,DCII,280650,282500,279000,279000,3300
10/23/2025,DEAL,0,0,0,0,0
10/23/2025,DEFI,0,0,0,0,0
10/23/2025,DEPO,272,286,264,270,361500
10/23/2025,DEWA,320,340,320,320,544770900
10/23/2025,DEWI,119,121,118,121,46630500
10/23/2025,DFAM,79,82,77,80,6534900
10/23/2025,DGIK,96,98,95,97,3567800
10/23/2025,DGNS,146,149,146,147,1432900
10/23/2025,DGWG,398,408,398,406,10176900
10/23/2025,DIGI,34,34,32,32,1133700
10/23/2025,DILD,131,133,131,132,6466000
10/23/2025,DIVA,208,240,206,216,12180900
10/23/2025,DKFT,785,805,770,790,22499100
10/23/2025,DKHH,90,90,86,87,9498600
10/23/2025,DKHH-W,18,18,17,18,7317900
10/23/2025,DLTA,2000,2050,2000,2020,59600
10/23/2025,DMAS,136,137,136,136,11695500
10/23/2025,DMMX,390,394,382,388,1391700
10/23/2025,DMND,585,590,580,585,17900
10/23/2025,DNAR,116,116,114,114,469800
10/23/2025,DNET,9325,9325,9250,9300,5000
10/23/2025,DOID,338,340,334,336,2832300
10/23/2025,DOOH,140,147,139,142,119851700
10/23/2025,DOSS,153,154,150,151,1206900
10/23/2025,DPNS,332,332,298,300,315900
10/23/2025,DPUM,64,65,61,62,6609800
10/23/2025,DRMA,995,1035,985,1005,2662500
10/23/2025,DSFI,86,89,85,87,8935000
10/23/2025,DSNG,1950,2050,1880,1900,41144200
10/23/2025,DSNGDRCK6A,0,0,0,0,0
10/23/2025,DSNGHDCK6A,0,0,0,0,0
10/23/2025,DSNGZPCM6A,0,0,0,0,0
10/23/2025,DSSA,103500,103800,100450,100950,1573900
10/23/2025,DUCK,0,0,0,0,0
10/23/2025,DUTI,4140,4350,4140,4230,33000
10/23/2025,DVLA,1680,1690,1675,1685,158400
10/23/2025,DWGL,640,640,560,560,9642100
10/23/2025,DYAN,87,88,86,87,1416500
10/23/2025,EAST,93,94,92,94,1511300
10/23/2025,ECII,179,183,178,180,623800
10/23/2025,EDGE,4450,4540,4350,4500,21800
10/23/2025,EKAD,185,187,183,184,425500
10/23/2025,ELIT,180,185,178,185,8033800
10/23/2025,ELPI,440,448,428,440,2118100
10/23/2025,ELSA,505,535,505,510,108422700
10/23/2025,ELSADRCG6A,30,30,30,30,1002100
10/23/2025,ELSADRCJ6A,38,38,34,34,4500
10/23/2025,ELSAHDCK6A,43,43,41,41,40900
10/23/2025,ELSAZPCG6A,35,37,30,30,726500
10/23/2025,ELTY,22,22,22,22,172763700
10/23/2025,EMAS,4140,4410,4060,4300,37079100
10/23/2025,EMDE,96,97,95,97,1113100
10/23/2025,EMTK,1245,1285,1180,1205,112948500
10/23/2025,EMTKBQCH6A,33,35,28,28,811700
10/23/2025,EMTKBQCZ5A,0,0,0,0,0
10/23/2025,EMTKDRCK6A,57,60,52,53,2320600
10/23/2025,EMTKHDCK6A,75,75,72,72,16400
10/23/2025,EMTKHDCZ5A,0,0,0,0,0
10/23/2025,EMTKZPCH6A,156,187,144,187,30700
10/23/2025,EMTKZPCM6A,48,49,44,44,87100
10/23/2025,ENAK,685,700,675,700,1808300
10/23/2025,ENRG,955,980,950,975,84037400
10/23/2025,ENRGBQCZ5A,0,0,0,0,0
10/23/2025,ENRGDRCG6A,39,39,39,39,11400
10/23/2025,ENRGDRCJ6A,176,176,176,176,100
10/23/2025,ENRGHDCK6A,0,0,0,0,0
10/23/2025,ENRGHDCZ5A,0,0,0,0,0
10/23/2025,ENRGZPCG6A,446,446,410,410,200
10/23/2025,ENRGZPCK6A,0,0,0,0,0
10/23/2025,ENVY,0,0,0,0,0
10/23/2025,ENZO,37,37,37,37,672600
10/23/2025,EPAC,25,26,25,25,1076000
10/23/2025,EPMT,2270,2300,2260,2290,17400
10/23/2025,ERAA,422,440,422,438,72246000
10/23/2025,ERAABQCZ5A,9,11,9,11,150300
10/23/2025,ERAADRCJ6A,9,10,8,9,29196900
10/23/2025,ERAAHDCZ5A,0,0,0,0,0
10/23/2025,ERAAZPCH6A,18,19,17,19,112700
10/23/2025,ERAL,300,312,298,300,15661300
10/23/2025,ERTX,183,192,179,184,2362500
10/23/2025,ESIP,123,123,119,119,2155100
10/23/2025,ESSA,600,620,595,605,25992900
10/23/2025,ESSABQCZ5A,25,25,25,25,80000
10/23/2025,ESSADRCN6A,30,32,30,32,320100
10/23/2025,ESSAHDCH6A,48,48,46,46,10100
10/23/2025,ESSAYUCZ5A,0,0,0,0,0
10/23/2025,ESSAZPCK6A,15,17,15,16,817200
10/23/2025,ESTA,184,184,184,184,1761900
10/23/2025,ESTI,125,139,120,134,3149100
10/23/2025,ETWA,0,0,0,0,0
10/23/2025,EURO,464,464,418,418,630700
10/23/2025,EXCL,2440,2630,2440,2610,12258100
10/23/2025,EXCLHDCJ6A,17,26,17,26,4641000
10/23/2025,EXCLZPCF6A,48,55,48,55,890000
10/23/2025,EXCLZPCM6A,0,0,0,0,0
10/23/2025,FAPA,6150,6225,6150,6175,13700
10/23/2025,FAST,590,675,580,675,208158200
10/23/2025,FASW,0,0,0,0,0
10/23/2025,FILM,5500,5975,5300,5800,9360600
10/23/2025,FIMP,0,0,0,0,0
10/23/2025,FIRE,84,87,83,84,8813700
10/23/2025,FISH,1895,2000,1800,1865,48100
10/23/2025,FITT,1085,1085,990,1040,1117600
10/23/2025,FLMC,155,170,155,166,4964000
10/23/2025,FMII,364,366,350,364,16500
10/23/2025,FOLK,206,206,200,200,6377200
10/23/2025,FOOD,258,258,258,258,299500
10/23/2025,FORE,545,565,535,535,16609500
10/23/2025,FORU,1145,1200,1145,1170,255500
10/23/2025,FPNI,192,195,188,192,1079100
10/23/2025,FUJI,640,760,640,760,4584900
10/23/2025,FUTR,775,830,750,775,268994600
10/23/2025,FWCT,150,151,146,150,3090100
10/23/2025,GAMA,0,0,0,0,0
10/23/2025,GDST,116,116,114,115,1418200
10/23/2025,GDYR,1080,1095,1070,1075,86100
10/23/2025,GEMA,108,115,107,112,9462700
10/23/2025,GEMS,8900,8950,8875,8900,61400
10/23/2025,GGRM,11700,12825,11700,12475,4553400
10/23/2025,GGRMZPCG6A,87,110,85,100,5291600
10/23/2025,GGRP,224,228,218,226,382000
10/23/2025,GHON,1665,1775,1665,1675,50300
10/23/2025,GIAA,110,110,110,110,73415700
10/23/2025,GJTL,995,1005,985,1000,3697300
10/23/2025,GJTLZPCJ6A,19,20,19,20,75000
10/23/2025,GLOB,141,141,141,141,171800
10/23/2025,GLVA,332,334,330,334,31200
10/23/2025,GMFI,90,99,90,99,32251900
10/23/2025,GMTD,2040,2080,2040,2040,400
10/23/2025,GOLD,334,334,306,318,848800
10/23/2025,GOLF,206,206,200,204,970700
10/23/2025,GOLL,0,0,0,0,0
10/23/2025,GOOD,364,366,360,364,601900
10/23/2025,GOTO,55,56,54,56,1122900600
10/23/2025,GOTOBQCJ6A,8,8,7,8,2327000
10/23/2025,GOTOBQCZ5A,4,4,3,4,5539300
10/23/2025,GOTODRCG6A,7,7,6,6,497900
10/23/2025,GOTOHDCK6A,14,14,12,14,193700
10/23/2025,GOTOM,0,0,0,0,0
10/23/2025,GOTOZPCH6A,0,0,0,0,0
10/23/2025,GOTOZPCK6A,0,0,0,0,0
10/23/2025,GPRA,135,135,125,127,30667200
10/23/2025,GPSO,850,910,800,820,5687500
10/23/2025,GRIA,110,115,103,112,1291100
10/23/2025,GRPH,65,66,62,65,10459100
10/23/2025,GRPM,62,63,60,62,2849200
10/23/2025,GRPM-W,16,17,15,15,2862500
10/23/2025,GSMF,91,91,87,89,715700
10/23/2025,GTBO,218,220,212,214,224700
10/23/2025,GTRA,330,358,308,330,16535600
10/23/2025,GTSI,135,136,126,126,249220200
10/23/2025,GULA,444,452,438,448,4471600
10/23/2025,GUNA,266,266,258,264,4042300
10/23/2025,GWSA,141,142,140,140,141600
10/23/2025,GZCO,302,322,284,300,279800300
10/23/2025,HADE,28,28,26,26,2421800
10/23/2025,HAIS,218,226,214,216,10405700
10/23/2025,HAJJ,117,119,114,118,10775100
10/23/2025,HAJJ-W,15,15,14,15,2569500
10/23/2025,HALO,133,137,118,132,191474700
10/23/2025,HALO-W,17,18,16,17,8157400
10/23/2025,HATM,260,264,258,258,23829100
10/23/2025,HBAT,190,190,170,179,766900
10/23/2025,HDFA,160,162,156,156,74700
10/23/2025,HDIT,55,55,55,55,3721200
10/23/2025,HEAL,1505,1505,1470,1475,11947100
10/23/2025,HEALBQCZ5A,16,17,16,16,198600
10/23/2025,HEALDRCJ6A,30,30,29,29,355000
10/23/2025,HEALHDCH6A,0,0,0,0,0
10/23/2025,HEALYUCZ5A,0,0,0,0,0
10/23/2025,HEALZPCH6A,0,0,0,0,0
10/23/2025,HELI,240,240,236,238,34500
10/23/2025,HERO,575,665,570,635,455800
10/23/2025,HEXA,4660,4670,4640,4670,88000
10/23/2025,HGII,168,168,165,167,8368600
10/23/2025,HILL,160,163,157,159,2621800
10/23/2025,HITS,0,0,0,0,0
10/23/2025,HKMU,0,0,0,0,0
10/23/2025,HMSP,710,825,710,780,291176900
10/23/2025,HOKI,77,79,76,78,62825500
10/23/2025,HOME,0,0,0,0,0
10/23/2025,HOMI,426,432,404,420,2684200
10/23/2025,HOPE,146,146,125,132,27755200
10/23/2025,HOTL,0,0,0,0,0
10/23/2025,HRME,39,41,39,39,448600
10/23/2025,HRTA,1340,1360,1270,1320,44836200
10/23/2025,HRUM,1090,1105,1080,1080,23018800
10/23/2025,HRUMDRCN6A,44,44,43,43,304800
10/23/2025,HRUMHDCK6A,53,53,53,53,20000
10/23/2025,HRUMZPCG6A,59,59,59,59,1700
10/23/2025,HRUMZPCM6A,35,35,34,34,21200
10/23/2025,HUMI,132,134,128,130,80160300
10/23/2025,HUMI-W,20,22,20,20,8759000
10/23/2025,HYGN,165,166,163,166,345500
10/23/2025,IATA,70,70,70,70,5373000
10/23/2025,IATA-W,28,28,28,28,23400
10/23/2025,IBFN,38,38,38,38,2310500
10/23/2025,IBOS,53,54,52,53,2746100
10/23/2025,IBST,5100,5100,5100,5100,100
10/23/2025,ICBP,8900,8950,8725,8825,14457700
10/23/2025,ICBPDRCX6A,3450,3450,3450,3450,100
10/23/2025,ICBPHDCJ6A,31,32,27,27,3673700
10/23/2025,ICBPZPCX5A,8,10,6,10,448000
10/23/2025,ICON,50,50,49,50,18800
10/23/2025,IDEA,73,75,68,71,7016600
10/23/2025,IDPR,440,540,440,540,9125600
10/23/2025,IFII,228,230,226,228,124700
10/23/2025,IFSH,785,815,765,775,11800
10/23/2025,IGAR,500,500,496,496,29800
10/23/2025,IIKP,0,0,0,0,0
10/23/2025,IKAI,18,18,17,17,48629500
10/23/2025,IKAN,112,115,111,112,4818300
10/23/2025,IKBI,500,505,486,500,82500
10/23/2025,IKPM,238,238,234,238,672500
10/23/2025,IMAS,1160,1175,1120,1155,523400
10/23/2025,IMJS,258,258,244,246,15211400
10/23/2025,IMPC,2720,2770,2660,2750,26844100
10/23/2025,INAF,0,0,0,0,0
10/23/2025,INAI,154,154,151,151,95200
10/23/2025,INCF,49,49,48,48,2012500
10/23/2025,INCI,620,625,620,620,70900
10/23/2025,INCO,4170,4250,4120,4220,6574400
10/23/2025,INCOBQCF6A,72,72,72,72,1400
10/23/2025,INCOBQCJ6A,49,52,48,50,75400
10/23/2025,INCOBQCV5A,0,0,0,0,0
10/23/2025,INCODRCG6A,0,0,0,0,0
10/23/2025,INCODRCK6A,85,85,85,85,500
10/23/2025,INCODRCX5A,110,115,110,115,48000
10/23/2025,INCOHDCJ6A,98,98,98,98,900
10/23/2025,INCOYUCZ5A,103,103,103,103,100
10/23/2025,INCOZPCK6A,49,51,49,50,17800
10/23/2025,INCOZPCX5A,176,183,176,183,30100
10/23/2025,INDF,7100,7425,7100,7375,6107200
10/23/2025,INDFBQCV5A,0,0,0,0,0
10/23/2025,INDFDRCX6A,3730,3730,3730,3730,100
10/23/2025,INDFHDCJ6A,21,21,21,21,30000
10/23/2025,INDO,238,242,238,240,4177600
10/23/2025,INDR,3200,3310,3060,3290,12000
10/23/2025,INDS,226,228,224,226,301100
10/23/2025,INDX,170,180,163,175,17693700
10/23/2025,INDY,2250,2370,2250,2310,26755300
10/23/2025,INDYDRCN6A,125,132,125,130,140100
10/23/2025,INDYHDCJ6A,256,260,256,260,5500
10/23/2025,INDYZPCG6A,128,135,128,128,91300
10/23/2025,INET,274,284,272,274,126515900
10/23/2025,INET-W,182,190,180,181,2760200
10/23/2025,INKP,7550,7975,7525,7675,12752900
10/23/2025,INKPBQCX5A,45,45,38,39,201500
10/23/2025,INKPDRCF6A,168,184,168,183,1000400
10/23/2025,INKPDRCG6A,76,76,76,76,380300
10/23/2025,INKPHDCK6A,0,0,0,0,0
10/23/2025,INKPZPCF6A,94,94,91,91,1400
10/23/2025,INKPZPCK6A,32,38,31,33,24284700
10/23/2025,INOV,99,99,95,96,4180700
10/23/2025,INPC,153,158,152,155,8501400
10/23/2025,INPP,655,690,635,685,322800
10/23/2025,INPS,121,121,121,121,174600
10/23/2025,INRU,720,745,695,720,45700
10/23/2025,INTA,41,41,41,41,1101100
10/23/2025,INTD,218,228,212,218,126700
10/23/2025,INTP,6000,6250,6000,6150,838300
10/23/2025,INTPDRCN6A,0,0,0,0,0
10/23/2025,INTPHDCM6A,49,50,49,50,3300
10/23/2025,INTPZPCG6A,49,49,49,49,100
10/23/2025,INTPZPCM6A,0,0,0,0,0
10/23/2025,IOTF,86,88,86,88,15825700
10/23/2025,IPAC,288,288,288,288,89800
10/23/2025,IPCC,1140,1170,1140,1165,3156200
10/23/2025,IPCM,308,310,306,308,2004100
10/23/2025,IPOL,140,140,136,139,63000
10/23/2025,IPPE,0,0,0,0,0
10/23/2025,IPTV,40,40,39,40,6603500
10/23/2025,IRRA,440,452,434,448,989600
10/23/2025,IRSX,240,240,232,232,10698200
10/23/2025,ISAP,33,33,31,33,39904000
10/23/2025,ISAP-W,18,18,17,18,16733700
10/23/2025,ISAT,1875,2000,1875,1970,30437200
10/23/2025,ISATBQCJ6A,0,0,0,0,0
10/23/2025,ISATDRCG6A,37,44,37,43,2442200
10/23/2025,ISATDRCX5A,36,36,36,36,1000
10/23/2025,ISATHDCJ6A,14,19,13,17,14556100
10/23/2025,ISATZPCF6A,24,27,24,27,98500
10/23/2025,ISEA,91,91,88,89,4722200
10/23/2025,ISSP,416,436,414,432,5248900
10/23/2025,ITIC,344,394,338,382,30101800
10/23/2025,ITMA,1360,1400,1300,1365,896300
10/23/2025,ITMG,22600,22700,22550,22675,544300
10/23/2025,ITMGDRCV6A,0,0,0,0,0
10/23/2025,ITMGHDCJ6A,0,0,0,0,0
10/23/2025,ITMGZPCJ6A,0,0,0,0,0
10/23/2025,JARR,4290,4870,4270,4870,116972500
10/23/2025,JAST,86,91,85,88,6391600
10/23/2025,JATI,113,117,112,114,1755300
10/23/2025,JAWA,175,184,166,171,21920300
10/23/2025,JAYA,108,114,105,108,17954900
10/23/2025,JECC,1135,1135,1095,1100,212300
10/23/2025,JGLE,20,20,18,18,99773300
10/23/2025,JIHD,600,600,585,590,433100
10/23/2025,JKON,87,89,86,88,15891200
10/23/2025,JMAS,171,171,161,164,9077200
10/23/2025,JPFA,2540,2730,2490,2640,74035300
10/23/2025,JPFABQCZ5A,0,0,0,0,0
10/23/2025,JPFADRCJ6A,148,160,147,150,136200
10/23/2025,JPFAHDCZ5A,0,0,0,0,0
10/23/2025,JPFAZPCG6A,226,226,226,226,3500
10/23/2025,JRPT,860,870,855,860,857900
10/23/2025,JSKY,0,0,0,0,0
10/23/2025,JSMR,4120,4130,4010,4020,6955200
10/23/2025,JSMRDRCK6A,93,93,90,90,126800
10/23/2025,JSMRHDCH6A,0,0,0,0,0
10/23/2025,JSMRZPCG6A,60,60,60,60,300
10/23/2025,JSPT,3610,3780,3510,3510,14300
10/23/2025,JTPE,332,332,330,332,412300
10/23/2025,KAEF,610,610,585,605,2525900
10/23/2025,KAQI,68,69,67,69,8358200
10/23/2025,KARW,470,470,470,470,777400
10/23/2025,KAYU,0,0,0,0,0
10/23/2025,KBAG,44,49,44,49,21445700
10/23/2025,KBLI,318,322,318,322,298300
10/23/2025,KBLM,360,360,352,358,31400
10/23/2025,KBLV,228,236,214,218,32218700
10/23/2025,KBRI,0,0,0,0,0
10/23/2025,KDSI,470,470,460,470,15000
10/23/2025,KDTN,110,113,108,112,63100
10/23/2025,KEEN,1130,1155,1090,1135,16952100
10/23/2025,KEJU,725,810,715,785,7027800
10/23/2025,KETR,550,575,545,560,4514900
10/23/2025,KIAS,0,0,0,0,0
10/23/2025,KICI,202,222,198,202,2101200
10/23/2025,KIJA,179,180,177,179,70340000
10/23/2025,KING,208,210,204,206,602600
10/23/2025,KING-W,12,13,11,12,2381500
10/23/2025,KINO,1220,1240,1200,1240,34700
10/23/2025,KIOS,73,75,72,72,5468600
10/23/2025,KJEN,200,220,200,204,4518100
10/23/2025,KKES,31,31,30,30,1278400
10/23/2025,KKGI,374,376,362,366,6403800
10/23/2025,KLAS,133,136,131,133,17091800
10/23/2025,KLBF,1165,1210,1165,1185,42036800
10/23/2025,KLBFBQCJ6A,39,40,39,40,300
10/23/2025,KLBFBQCV5A,0,0,0,0,0
10/23/2025,KLBFDRCG6A,14,15,14,14,5381900
10/23/2025,KLBFHDCK6A,0,0,0,0,0
10/23/2025,KLBFZPCF6A,0,0,0,0,0
10/23/2025,KLBFZPCJ6A,21,21,21,21,100
10/23/2025,KLIN,186,186,182,185,156300
10/23/2025,KMDS,705,735,670,710,165300
10/23/2025,KMTR,306,308,288,304,961700
10/23/2025,KOBX,151,153,149,150,1108300
10/23/2025,KOCI,83,89,83,87,24276100
10/23/2025,KOCI-W,15,17,15,17,6933200
10/23/2025,KOIN,86,86,86,86,1345200
10/23/2025,KOKA,0,0,0,0,0
10/23/2025,KONI,3110,3910,2920,3780,1892900
10/23/2025,KOPI,310,312,306,310,106700
10/23/2025,KOTA,31,31,31,31,6261600
10/23/2025,KPIG,152,161,149,153,166610700
10/23/2025,KRAS,324,336,320,326,16309000
10/23/2025,KREN,18,18,17,17,35486000
10/23/2025,KRYA,174,222,172,216,230655200
10/23/2025,KSIX,262,286,260,270,1731500
10/23/2025,KUAS,65,67,64,65,4185500
10/23/2025,LABA,268,290,268,290,50304500
10/23/2025,LABS,141,142,139,142,1897600
10/23/2025,LAJU,69,70,65,68,22697700
10/23/2025,LAND,39,39,37,38,1446300
10/23/2025,LAPD,248,248,226,226,16107000
10/23/2025,LCGP,0,0,0,0,0
10/23/2025,LCKM,222,222,210,216,2200
10/23/2025,LEAD,84,85,82,83,14994100
10/23/2025,LFLO,505,535,486,515,1162900
10/23/2025,LIFE,9800,9800,9150,9500,12200
10/23/2025,LINK,2780,2900,2510,2900,116800
10/23/2025,LION,428,430,412,418,392200
10/23/2025,LIVE,182,190,179,185,5604500
10/23/2025,LMAS,0,0,0,0,0
10/23/2025,LMAX,70,75,69,75,4776200
10/23/2025,LMPI,146,148,145,146,206800
10/23/2025,LMSH,0,0,0,0,0
10/23/2025,LOPI,87,88,83,85,5758000
10/23/2025,LPCK,590,595,580,595,180500
10/23/2025,LPGI,770,960,750,785,2735600
10/23/2025,LPIN,452,460,450,454,201600
10/23/2025,LPKR,92,93,88,89,141293800
10/23/2025,LPLI,685,685,685,685,454100
10/23/2025,LPPF,1650,1740,1640,1710,5212200
10/23/2025,LPPS,137,146,129,136,12086800
10/23/2025,LRNA,181,189,178,183,2183600
10/23/2025,LSIP,1390,1450,1390,1430,20231600
10/23/2025,LSIPDRCK6A,49,49,49,49,50000
10/23/2025,LSIPHDCJ6A,56,56,56,56,656000
10/23/2025,LSIPYUCZ5A,63,63,62,62,200
10/23/2025,LSIPZPCG6A,0,0,0,0,0
10/23/2025,LTLS,845,860,840,860,16000
10/23/2025,LUCK,99,105,97,98,3105300
10/23/2025,LUCY,99,102,97,101,277600
10/23/2025,MABA,0,0,0,0,0
10/23/2025,MAGP,0,0,0,0,0
10/23/2025,MAHA,142,146,138,141,8678500
10/23/2025,MAIN,870,910,840,900,26400200
10/23/2025,MANG,67,72,63,65,5889000
10/23/2025,MANG-W,23,24,21,23,3795800
10/23/2025,MAPA,610,660,605,640,58561600
10/23/2025,MAPABQCZ5A,12,15,12,14,237700
10/23/2025,MAPADRCJ6A,14,17,14,16,1584000
10/23/2025,MAPAHDCZ5A,0,0,0,0,0
10/23/2025,MAPAZPCH6A,28,28,28,28,4300
10/23/2025,MAPB,1580,1595,1580,1595,1000
10/23/2025,MAPI,1220,1270,1215,1240,38645500
10/23/2025,MAPIBQCV5A,0,0,0,0,0
10/23/2025,MAPIDRCX5A,12,14,11,12,6436800
10/23/2025,MAPIHDCK6A,0,0,0,0,0
10/23/2025,MAPIZPCJ6A,50,50,50,50,50000
10/23/2025,MARI,36,37,36,37,1834100
10/23/2025,MARK,645,665,645,660,12991300
10/23/2025,MASA,0,0,0,0,0
10/23/2025,MASB,3240,3290,3210,3210,800
10/23/2025,MAXI,55,56,54,55,6644400
10/23/2025,MAYA,250,250,244,246,2464200
10/23/2025,MBAP,1620,1640,1610,1635,26900
10/23/2025,MBMA,590,600,580,585,70954400
10/23/2025,MBMABQCX5A,37,39,35,38,485400
10/23/2025,MBMADRCG6A,25,25,24,25,4514100
10/23/2025,MBMADRCX5A,65,65,63,63,1200
10/23/2025,MBMADRPX5A,3,3,2,3,5977800
10/23/2025,MBMAHDCH6A,0,0,0,0,0
10/23/2025,MBMAYUCK6A,0,0,0,0,0
10/23/2025,MBMAZPCK6A,34,35,33,34,153400
10/23/2025,MBMAZPCX5A,0,0,0,0,0
10/23/2025,MBSS,1455,1470,1390,1400,2150000
10/23/2025,MBTO,250,262,234,242,10182400
10/23/2025,MCAS,895,895,855,865,418500
10/23/2025,MCOL,3720,3800,3720,3770,41900
10/23/2025,MCOR,71,72,71,72,3928000
10/23/2025,MDIA,34,36,34,35,6068200
10/23/2025,MDIY,1050,1055,1045,1045,554400
10/23/2025,MDKA,2300,2300,2210,2230,41646300
10/23/2025,MDKABQCV5A,0,0,0,0,0
10/23/2025,MDKABQCX5B,11,13,11,13,3343700
10/23/2025,MDKADRCG6A,56,59,56,56,430600
10/23/2025,MDKADRCK6A,55,57,55,57,100100
10/23/2025,MDKADRPX5A,0,0,0,0,0
10/23/2025,MDKAHDCZ5A,89,89,85,85,1103500
10/23/2025,MDKAHDPH6A,116,116,116,116,16900
10/23/2025,MDKAHDPJ6A,0,0,0,0,0
10/23/2025,MDKAYUCK6A,130,130,130,130,100
10/23/2025,MDKAZPCF6A,50,50,49,49,1501600
10/23/2025,MDKI,188,189,185,188,831100
10/23/2025,MDLA,238,246,236,242,7702500
10/23/2025,MDLN,65,67,63,65,59771500
10/23/2025,MDRN,53,53,53,53,18110600
10/23/2025,MEDC,1415,1435,1395,1430,69748600
10/23/2025,MEDCBQCV5A,0,0,0,0,0
10/23/2025,MEDCBQCX5B,24,28,24,28,90200
10/23/2025,MEDCBQCZ5A,0,0,0,0,0
10/23/2025,MEDCDRCG6A,42,43,40,43,10092800
10/23/2025,MEDCHDCH6A,102,104,102,104,93100
10/23/2025,MEDCZPCF6A,45,45,41,45,235200
10/23/2025,MEDS,73,76,72,73,15007300
10/23/2025,MEGA,3290,3300,3270,3270,3600
10/23/2025,MEJA,0,0,0,0,0
10/23/2025,MEJA-W,0,0,0,0,0
10/23/2025,MENN,53,53,51,53,10754700
10/23/2025,MERI,216,230,216,224,5590700
10/23/2025,MERK,2840,2870,2820,2850,36300
10/23/2025,META,0,0,0,0,0
10/23/2025,MFMI,0,0,0,0,0
10/23/2025,MGLV,444,460,412,426,468000
10/23/2025,MGNA,50,50,50,50,24031100
10/23/2025,MGNA-W,0,0,0,0,0
10/23/2025,MGRO,775,775,755,755,4985300
10/23/2025,MHKI,254,262,254,256,12904900
10/23/2025,MICE,494,515,494,510,109400
10/23/2025,MIDI,422,430,420,420,4768800
10/23/2025,MIKA,2490,2600,2490,2560,5673000
10/23/2025,MIKADRCV6A,60,61,60,60,564600
10/23/2025,MIKAZPCG6A,0,0,0,0,0
10/23/2025,MINA,174,208,174,196,751399700
10/23/2025,MINE,505,510,496,500,3026500
10/23/2025,MIRA,35,35,33,34,46239000
10/23/2025,MITI,320,330,314,322,2902600
10/23/2025,MKAP,348,348,346,348,44300
10/23/2025,MKNT,0,0,0,0,0
10/23/2025,MKPI,24475,24475,24475,24475,6100
10/23/2025,MKTR,153,156,149,151,3015200
10/23/2025,MKTR-W,4,7,4,6,24454600
10/23/2025,MLBI,5850,5950,5850,5900,14700
10/23/2025,MLIA,344,346,342,346,2742400
10/23/2025,MLPL,150,151,144,147,144634500
10/23/2025,MLPT,85025,89200,81975,85500,83300
10/23/2025,MMIX,496,505,478,484,6138800
10/23/2025,MMLP,560,565,555,560,6666800
10/23/2025,MNCN,266,268,262,266,23087800
10/23/2025,MNCNDRCN6A,26,26,26,26,6900
10/23/2025,MNCNHDCM6A,0,0,0,0,0
10/23/2025,MNCNZPCM6A,13,13,12,13,545900
10/23/2025,MOLI,308,330,300,308,5191500
10/23/2025,MORA,0,0,0,0,0
10/23/2025,MPIX,68,70,68,69,13227200
10/23/2025,MPIX-W,9,10,9,10,1807000
10/23/2025,MPMX,930,940,930,935,2495100
10/23/2025,MPOW,112,115,111,114,440900
10/23/2025,MPPA,65,66,64,66,23102300
10/23/2025,MPRO,6600,6625,6350,6600,115200
10/23/2025,MPXL,220,228,214,218,13729900
10/23/2025,MRAT,434,438,418,430,1796700
10/23/2025,MREI,975,990,935,985,188500
10/23/2025,MSIE,54,54,49,51,9164000
10/23/2025,MSIN,515,520,505,515,35942700
10/23/2025,MSJA,300,300,294,296,4200200
10/23/2025,MSKY,84,89,82,85,8076900
10/23/2025,MSTI,1550,1575,1525,1525,2929900
10/23/2025,MTDL,590,605,590,605,3884100
10/23/2025,MTEL,555,570,555,570,9626100
10/23/2025,MTELDRCK6A,16,16,15,15,56700
10/23/2025,MTELHDCM6A,0,0,0,0,0
10/23/2025,MTELZPCM6A,14,15,13,15,85400
10/23/2025,MTFN,17,17,15,15,218138800
10/23/2025,MTLA,426,434,420,430,69500
10/23/2025,MTMH,1195,1220,1185,1215,96000
10/23/2025,MTPS,60,60,59,60,1727000
10/23/2025,MTRA,0,0,0,0,0
10/23/2025,MTSM,0,0,0,0,0
10/23/2025,MTWI,358,358,348,350,30700
10/23/2025,MUTU,106,107,103,105,3533900
10/23/2025,MYOH,1690,1690,1650,1690,18500
10/23/2025,MYOR,2230,2280,2180,2190,8747900
10/23/2025,MYORDRCK6A,67,68,67,68,61800
10/23/2025,MYORHDCM6A,0,0,0,0,0
10/23/2025,MYORZPCH6A,34,34,34,34,500
10/23/2025,MYTX,0,0,0,0,0
10/23/2025,NAIK,121,122,119,120,8105100
10/23/2025,NAIK-W,21,22,21,22,467100
10/23/2025,NANO,63,63,56,57,6983300
10/23/2025,NASA,33,33,31,32,1927900
10/23/2025,NASI,105,108,102,105,6937100
10/23/2025,NATO,144,147,142,146,52700
10/23/2025,NAYZ,143,155,136,153,4894100
10/23/2025,NCKL,1225,1310,1220,1280,107396800
10/23/2025,NCKLBQCM6A,53,58,53,58,70100
10/23/2025,NCKLDRCK6A,59,69,59,64,8634700
10/23/2025,NCKLHDCK6A,84,95,84,92,2373900
10/23/2025,NCKLYUCZ5A,138,138,138,138,100
10/23/2025,NCKLZPCJ6A,93,94,91,91,68800
10/23/2025,NCKLZPCM6A,44,47,44,45,273200
10/23/2025,NELY,356,356,352,356,268800
10/23/2025,NEST,348,402,348,360,33973900
10/23/2025,NETV,108,111,107,109,1490400
10/23/2025,NFCX,1600,1710,1600,1600,193200
10/23/2025,NICE,444,458,442,446,12905700
10/23/2025,NICK,1200,1260,1180,1205,4200
10/23/2025,NICL,1050,1085,1040,1080,6406900
10/23/2025,NIKL,388,388,358,366,2194100
10/23/2025,NINE,0,0,0,0,0
10/23/2025,NIRO,274,274,226,274,7908800
10/23/2025,NISP,1355,1370,1355,1355,2757300
10/23/2025,NOBU,496,500,496,498,3839300
10/23/2025,NPGF,60,63,58,60,23284800
10/23/2025,NRCA,780,785,750,755,3920800
10/23/2025,NSSS,525,545,492,510,13863700
10/23/2025,NTBK,0,0,0,0,0
10/23/2025,NUSA,0,0,0,0,0
10/23/2025,NZIA,113,113,108,110,7414000
10/23/2025,OASA,276,276,264,266,37181400
10/23/2025,OBAT,520,540,515,525,3808500
10/23/2025,OBAT-W,157,171,157,164,1425500
10/23/2025,OBMD,268,276,258,260,750900
10/23/2025,OCAP,0,0,0,0,0
10/23/2025,OILS,212,214,200,206,7482900
10/23/2025,OKAS,160,161,156,158,5898800
10/23/2025,OLIV,128,136,113,125,34016800
10/23/2025,OMED,198,198,196,198,629900
10/23/2025,OMRE,476,476,476,476,100
10/23/2025,OPMS,101,111,96,104,36537100
10/23/2025,PACK,2810,2850,2560,2610,10472200
10/23/2025,PADA,95,100,95,99,16125400
10/23/2025,PADI,80,83,78,83,63138800
10/23/2025,PALM,384,390,384,390,326700
10/23/2025,PAMG,64,67,64,66,3802800
10/23/2025,PANI,14550,14550,14300,14300,5474100
10/23/2025,PANIBQCZ5A,33,34,33,34,40500
10/23/2025,PANIDRCG6A,77,77,77,77,13000
10/23/2025,PANIHDCJ6A,109,109,107,108,6041000
10/23/2025,PANIHDCZ5A,146,147,144,144,10600
10/23/2025,PANIZPCJ6A,66,67,66,66,5287500
10/23/2025,PANR,675,685,660,675,4909800
10/23/2025,PANS,1385,1390,1375,1385,136800
10/23/2025,PART,120,121,117,121,50628200
10/23/2025,PART-W,16,16,14,16,14634700
10/23/2025,PBID,482,488,482,486,684400
10/23/2025,PBRX,33,36,33,36,13973500
10/23/2025,PBSA,905,905,880,890,578500
10/23/2025,PCAR,35,35,34,34,1944800
10/23/2025,PDES,635,635,615,635,1176800
10/23/2025,PDPP,402,410,394,396,116200
10/23/2025,PEGE,132,137,127,130,1796500
10/23/2025,PEHA,334,340,326,328,91500
10/23/2025,PEVE,488,500,470,486,995700
10/23/2025,PGAS,1675,1775,1675,1770,122199100
10/23/2025,PGASBQCZ5A,0,0,0,0,0
10/23/2025,PGASDRCG6A,62,67,62,65,848100
10/23/2025,PGASDRCG6B,94,97,93,97,100100
10/23/2025,PGASHDCK6A,67,71,67,71,35600
10/23/2025,PGASZPCJ6A,45,45,45,45,48700
10/23/2025,PGEO,1305,1350,1305,1350,23376100
10/23/2025,PGEOBQCX5B,5,6,4,6,16792700
10/23/2025,PGEODRCJ6A,30,30,29,30,163700
10/23/2025,PGEOHDCH6A,36,37,36,37,16100
10/23/2025,PGEOHDCH6B,47,47,45,46,185700
10/23/2025,PGEOHDPH6A,126,126,126,126,4000
10/23/2025,PGEOYUCK6A,79,83,78,80,6800
10/23/2025,PGEOZPCJ6A,38,39,38,39,2031500
10/23/2025,PGEOZPCM6A,44,44,44,44,11700
10/23/2025,PGJO,1060,1095,960,1020,2169300
10/23/2025,PGLI,0,0,0,0,0
10/23/2025,PGUN,17000,18025,15500,18025,1984500
10/23/2025,PICO,260,290,244,254,17133200
10/23/2025,PIPA,420,462,400,462,475151400
10/23/2025,PJAA,535,535,510,520,843000
10/23/2025,PKPK,555,555,540,550,275700
10/23/2025,PLAN,44,46,42,45,3284300
10/23/2025,PLAS,0,0,0,0,0
10/23/2025,PLIN,0,0,0,0,0
10/23/2025,PMJS,117,117,114,117,48400
10/23/2025,PMMP,0,0,0,0,0
10/23/2025,PMUI,158,162,153,156,14434300
10/23/2025,PNBN,1010,1025,1000,1015,13529200
10/23/2025,PNBS,52,53,51,52,4685200
10/23/2025,PNGO,3080,3190,3060,3120,165800
10/23/2025,PNIN,795,805,780,800,366800
10/23/2025,PNLF,236,240,234,236,31712000
10/23/2025,PNLFBQCM6A,18,19,17,18,5190900
10/23/2025,PNLFDRCJ6A,10,11,10,10,269700
10/23/2025,PNLFHDCZ5A,28,28,28,28,1000000
10/23/2025,PNLFZPCH6A,30,30,29,29,200
10/23/2025,PNSE,750,770,735,755,29900
10/23/2025,POLA,35,36,35,35,2510600
10/23/2025,POLI,0,0,0,0,0
10/23/2025,POLL,0,0,0,0,0
10/23/2025,POLU,25875,25875,23225,24575,24300
10/23/2025,POLY,25,26,24,26,635600
10/23/2025,POOL,0,0,0,0,0
10/23/2025,PORT,1575,1960,1405,1405,1386400
10/23/2025,POSA,0,0,0,0,0
10/23/2025,POWR,700,715,700,710,5496900
10/23/2025,PPGL,122,134,121,134,13292200
10/23/2025,PPRE,130,144,117,120,582062300
10/23/2025,PPRI,392,396,378,380,9058700
10/23/2025,PPRO,0,0,0,0,0
10/23/2025,PRAY,760,775,750,765,20600
10/23/2025,PRDA,2590,2600,2580,2600,85600
10/23/2025,PRIM,80,88,80,82,41366300
10/23/2025,PSAB,590,600,570,585,69530300
10/23/2025,PSAT,1370,1370,1345,1370,504700
10/23/2025,PSDN,105,106,102,105,2449200
10/23/2025,PSGO,252,270,246,262,2338900
10/23/2025,PSKT,123,125,123,123,4600700
10/23/2025,PSSI,348,348,344,346,138500
10/23/2025,PTBA,2300,2330,2290,2320,5932800
10/23/2025,PTBABQCV5A,2,2,2,2,1200
10/23/2025,PTBADRCG6A,15,15,15,15,379000
10/23/2025,PTBAHDCM6A,51,52,51,52,234600
10/23/2025,PTBAYUCZ5A,69,70,69,70,300
10/23/2025,PTBAZPCH6A,30,30,30,30,1266200
10/23/2025,PTDU,0,0,0,0,0
10/23/2025,PTIS,400,410,400,400,52900
10/23/2025,PTMP,84,86,84,85,2272200
10/23/2025,PTMR,0,0,0,0,0
10/23/2025,PTPP,402,404,390,394,24003500
10/23/2025,PTPS,208,216,206,206,20654700
10/23/2025,PTPW,940,960,940,955,53600
10/23/2025,PTRO,7600,7750,7150,7250,104234900
10/23/2025,PTRODRCG6A,298,298,206,206,8022300
10/23/2025,PTROHDCK6A,420,422,376,376,2354300
10/23/2025,PTROYUCK6A,408,408,370,370,2300
10/23/2025,PTROZPCK6A,214,216,190,190,3208200
10/23/2025,PTSN,448,460,448,456,441400
10/23/2025,PTSP,975,985,920,920,59400
10/23/2025,PUDP,825,1005,815,945,1733600
10/23/2025,PURA,29,29,29,29,4555900
10/23/2025,PURE,0,0,0,0,0
10/23/2025,PURI,0,0,0,0,0
10/23/2025,PWON,374,376,368,372,40983500
10/23/2025,PWONDRCN6A,31,31,30,30,6100
10/23/2025,PWONHDCZ5A,59,59,59,59,700
10/23/2025,PWONZPCH6A,0,0,0,0,0
10/23/2025,PYFA,555,555,530,530,22403400
10/23/2025,PYFA-W,119,119,114,118,435600
10/23/2025,PZZA,264,272,260,270,1756700
10/23/2025,RAAM,260,274,256,274,12839200
10/23/2025,R-ABFII,0,0,0,0,0
10/23/2025,RAFI,26,26,26,26,1580200
10/23/2025,RAJA,4600,4600,4340,4360,56901600
10/23/2025,RAJADRCG6A,220,220,202,202,754100
10/23/2025,RAJAHDCK6A,210,210,198,198,123800
10/23/2025,RAJAZPCK6A,110,110,101,101,292800
10/23/2025,RALS,400,462,396,434,78839600
10/23/2025,RANC,1100,1145,950,975,1500100
10/23/2025,RATU,8000,8075,7875,7900,7783100
10/23/2025,RBMS,35,35,35,35,5323700
10/23/2025,RCCC,230,234,228,228,62600
10/23/2025,RDTX,11500,12125,11500,12075,1400
10/23/2025,REAL,65,69,63,66,93372100
10/23/2025,RELF,42,46,41,46,35512200
10/23/2025,RELI,630,635,615,630,24500
10/23/2025,RGAS,96,97,94,95,16356200
10/23/2025,RICY,67,67,66,66,88800
10/23/2025,RIGS,820,850,815,825,228400
10/23/2025,RIMO,0,0,0,0,0
10/23/2025,RISE,10500,10500,10500,10500,1413400
10/23/2025,R-LQ45X,999,1006,999,1005,227100
10/23/2025,RMKE,2060,2250,2060,2250,458900
10/23/2025,RMKO,210,210,210,210,1204900
10/23/2025,ROCK,560,560,505,505,33400
10/23/2025,RODA,43,43,40,40,245500
10/23/2025,RONY,3260,3260,3260,3260,51600
10/23/2025,ROTI,795,795,790,795,192300
10/23/2025,RSCH,394,414,390,410,21430700
10/23/2025,RSGK,0,0,0,0,0
10/23/2025,RUIS,196,216,196,206,6043600
10/23/2025,RUNS,91,95,88,92,217100
10/23/2025,SAFE,181,187,180,183,604100
10/23/2025,SAGE,33,34,33,34,2283300
10/23/2025,SAME,304,310,302,308,1027800
10/23/2025,SAMF,316,320,312,318,772400
10/23/2025,SAPX,292,292,284,290,255000
10/23/2025,SATU,246,258,246,256,13487600
10/23/2025,SBAT,0,0,0,0,0
10/23/2025,SBMA,136,136,133,135,1061500
10/23/2025,SCCO,2320,2370,2310,2320,41300
10/23/2025,SCMA,360,372,350,352,212511200
10/23/2025,SCMABQCZ5A,0,0,0,0,0
10/23/2025,SCMADRCG6A,26,26,21,22,3093200
10/23/2025,SCMADRCK6A,118,118,117,117,10200
10/23/2025,SCMAHDCK6A,51,52,49,49,202200
10/23/2025,SCMAHDCZ5A,0,0,0,0,0
10/23/2025,SCMAYUCK6A,86,86,86,86,100
10/23/2025,SCMAZPCG6A,206,250,196,250,6700
10/23/2025,SCMAZPCM6A,53,53,53,53,1500
10/23/2025,SCNP,168,171,161,161,915200
10/23/2025,SCPI,0,0,0,0,0
10/23/2025,SDMU,73,73,70,70,6867900
10/23/2025,SDPC,139,139,136,138,164900
10/23/2025,SDRA,282,284,280,280,798300
10/23/2025,SEMA,99,102,98,102,821600
10/23/2025,SFAN,1915,1920,1915,1920,62600
10/23/2025,SGER,492,510,470,474,528620100
10/23/2025,SGRO,5625,5625,5325,5375,3059100
10/23/2025,SHID,885,885,860,875,6200
10/23/2025,SHIP,5500,5525,5325,5500,26500
10/23/2025,SICO,128,131,128,131,2097500
10/23/2025,SIDO,565,570,555,560,21106400
10/23/2025,SIDODRCK6A,0,0,0,0,0
10/23/2025,SIDOZPCM6A,17,18,17,18,282400
10/23/2025,SILO,1910,1915,1890,1905,641700
10/23/2025,SIMA,0,0,0,0,0
10/23/2025,SIMP,630,650,625,640,22055400
10/23/2025,SINI,4700,5000,4700,4900,129800
10/23/2025,SIPD,730,730,730,730,31800
10/23/2025,SKBM,424,424,414,418,84900
10/23/2025,SKLT,202,206,200,202,82300
10/23/2025,SKRN,670,670,635,650,408100
10/23/2025,SKYB,0,0,0,0,0
10/23/2025,SLIS,80,86,80,82,27707100
10/23/2025,SLIS-W,17,17,15,16,409000
10/23/2025,SMAR,5300,5525,5250,5425,407600
10/23/2025,SMBR,266,272,264,270,5354400
10/23/2025,SMCB,0,0,0,0,0
10/23/2025,SMDM,865,865,835,855,97100
10/23/2025,SMDR,312,320,310,314,19169700
10/23/2025,SMGA,133,137,122,125,334752000
10/23/2025,SMGR,2560,2700,2560,2660,10952700
10/23/2025,SMGRBQCX5B,28,32,28,31,407900
10/23/2025,SMGRBQCZ5A,9,11,8,10,2435100
10/23/2025,SMGRDRCG6A,36,43,36,42,248600
10/23/2025,SMGRHDCZ5A,64,64,64,64,5400
10/23/2025,SMGRZPCJ6A,0,0,0,0,0
10/23/2025,SMIL,590,600,580,600,117740900
10/23/2025,SMKL,168,169,168,168,21800
10/23/2025,SMKM,152,167,146,167,52006600
10/23/2025,SMLE,316,334,308,330,8149200
10/23/2025,SMMA,13050,13175,12850,12975,4800
10/23/2025,SMMT,1360,1455,1335,1340,317000
10/23/2025,SMRA,394,396,388,392,40764700
10/23/2025,SMRADRCG6A,34,34,34,34,2200
10/23/2025,SMRADRCJ6A,20,20,18,18,178800
10/23/2025,SMRAHDCZ5A,0,0,0,0,0
10/23/2025,SMRAZPCH6A,0,0,0,0,0
10/23/2025,SMRU,0,0,0,0,0
10/23/2025,SMSM,1800,1860,1800,1835,1493700
10/23/2025,SNLK,444,444,404,410,6496600
10/23/2025,SOCI,230,232,218,226,7091600
10/23/2025,SOFA,234,234,234,234,31328000
10/23/2025,SOHO,1100,1310,1100,1310,476100
10/23/2025,SOLA,133,137,132,136,6724200
10/23/2025,SONA,2830,2990,2830,2910,41300
10/23/2025,SOSS,1130,1165,1105,1105,103100
10/23/2025,SOTS,324,324,306,318,55700
10/23/2025,SOUL,79,85,78,80,1039800
10/23/2025,SPMA,360,400,358,384,6955900
10/23/2025,SPRE,109,115,103,108,3165900
10/23/2025,SPTO,640,645,635,640,1023300
10/23/2025,SQMI,0,0,0,0,0
10/23/2025,SRAJ,11800,11825,11300,11825,460500
10/23/2025,SRIL,0,0,0,0,0
10/23/2025,SRSN,66,67,65,66,23010100
10/23/2025,SRTG,1665,1700,1635,1640,6878900
10/23/2025,SRTGDRCK6A,70,70,66,66,599400
10/23/2025,SRTGHDCK6A,66,66,65,65,39300
10/23/2025,SRTGZPCG6A,65,65,60,60,78600
10/23/2025,SRTGZPCK6A,31,31,31,31,16500
10/23/2025,SSIA,1775,1800,1755,1755,18422500
10/23/2025,SSMS,1715,1750,1680,1710,7252600
10/23/2025,SSTM,545,545,468,482,1301100
10/23/2025,STAA,1890,1895,1660,1665,26362900
10/23/2025,STAR,81,81,80,80,91900
10/23/2025,STRK,152,158,149,156,3698900
10/23/2025,STTP,10100,10250,10100,10250,200
10/23/2025,SUGI,0,0,0,0,0
10/23/2025,SULI,150,157,135,154,12565500
10/23/2025,SUNI,780,785,765,785,872900
10/23/2025,SUPR,0,0,0,0,0
10/23/2025,SURE,2630,2670,2550,2620,5500
10/23/2025,SURI,101,102,99,101,6241700
10/23/2025,SWAT,0,0,0,0,0
10/23/2025,SWID,89,90,85,88,580800
10/23/2025,TALF,402,440,400,418,77800
10/23/2025,TAMA,36,36,34,34,410200
10/23/2025,TAMU,27,27,26,26,7659000
10/23/2025,TAPG,1905,1950,1870,1890,11357600
10/23/2025,TAPGDRCG6A,0,0,0,0,0
10/23/2025,TAPGDRCJ6A,0,0,0,0,0
10/23/2025,TAPGHDCH6A,0,0,0,0,0
10/23/2025,TAPGZPCH6A,161,161,160,160,10500
10/23/2025,TAPGZPCM6A,52,55,50,50,67000
10/23/2025,TARA,30,30,30,30,2313900
10/23/2025,TAXI,17,17,15,15,130561400
10/23/2025,TAYS,70,79,70,73,37218800
10/23/2025,TBIG,1900,1925,1870,1870,689500
10/23/2025,TBLA,770,790,770,785,5859300
10/23/2025,TBMS,1440,1485,1440,1485,39100
10/23/2025,TCID,3080,3230,3080,3180,8300
10/23/2025,TCPI,6875,7025,6750,7025,8502500
10/23/2025,TDPM,0,0,0,0,0
10/23/2025,TEBE,2490,3010,2480,3010,140089000
10/23/2025,TECH,0,0,0,0,0
10/23/2025,TELE,0,0,0,0,0
10/23/2025,TFAS,254,270,244,256,4012800
10/23/2025,TFCO,0,0,0,0,0
10/23/2025,TGKA,5400,5500,5300,5300,31400
10/23/2025,TGRA,0,0,0,0,0
10/23/2025,TGUK,0,0,0,0,0
10/23/2025,TIFA,400,428,400,408,60800
10/23/2025,TINS,2700,2700,2550,2590,58933100
10/23/2025,TIRA,1395,1420,1355,1420,68000
10/23/2025,TIRT,0,0,0,0,0
10/23/2025,TKIM,7050,7250,7025,7125,2311600
10/23/2025,TKIMDRCN6A,86,89,86,87,919800
10/23/2025,TKIMHDCJ6A,0,0,0,0,0
10/23/2025,TKIMZPCG6A,94,95,94,95,1000200
10/23/2025,TKIMZPCK6A,0,0,0,0,0
10/23/2025,TLDN,870,875,860,865,1289600
10/23/2025,TLKM,3180,3400,3170,3360,218967200
10/23/2025,TLKMBQCG6A,65,65,64,65,25400
10/23/2025,TLKMBQCJ6A,65,65,65,65,100
10/23/2025,TLKMBQCV5A,0,0,0,0,0
10/23/2025,TLKMDRCJ6A,76,88,76,87,1652000
10/23/2025,TLKMDRCX6A,2190,2190,2190,2190,800
10/23/2025,TLKMHDCJ6A,54,68,54,65,242100
10/23/2025,TLKMYUCK6A,121,125,121,122,14500
10/23/2025,TLKMZPCF6A,109,109,108,109,16100
10/23/2025,TLKMZPCM6A,52,57,52,55,403600
10/23/2025,TMAS,130,132,129,131,3109200
10/23/2025,TMPO,168,169,163,165,1120800
10/23/2025,TNCA,252,282,250,262,5869900
10/23/2025,TOBA,1080,1115,1070,1075,53544400
10/23/2025,TOOL,55,56,54,56,5863500
10/23/2025,TOPS,0,0,0,0,0
10/23/2025,TOSK,75,85,73,75,385662000
10/23/2025,TOTL,910,965,875,910,10661400
10/23/2025,TOTO,270,276,270,276,580800
10/23/2025,TOWR,540,545,530,545,10520000
10/23/2025,TOWRDRCN6A,18,19,18,19,63300
10/23/2025,TOWRHDCK6A,23,25,23,25,130500
10/23/2025,TOYS,0,0,0,0,0
10/23/2025,TPIA,7100,7175,7075,7150,3322300
10/23/2025,TPMA,580,585,575,580,2088800
10/23/2025,TRAM,0,0,0,0,0
10/23/2025,TRGU,181,181,179,180,105400
10/23/2025,TRIL,0,0,0,0,0
10/23/2025,TRIM,560,575,530,560,1596100
10/23/2025,TRIN,332,332,332,332,41610100
10/23/2025,TRIN-W2,0,0,0,0,0
10/23/2025,TRIO,0,0,0,0,0
10/23/2025,TRIS,180,188,179,184,361400
10/23/2025,TRJA,163,164,158,161,840600
10/23/2025,TRON,77,81,77,80,8591200
10/23/2025,TRST,480,484,480,484,28800
10/23/2025,TRUE,0,0,0,0,0
10/23/2025,TRUK,284,328,270,294,4970000
10/23/2025,TRUS,436,446,428,428,151900
10/23/2025,TSPC,2670,2760,2670,2700,1026500
10/23/2025,TUGU,1095,1120,1085,1095,5013200
10/23/2025,TYRE,126,128,124,127,161300
10/23/2025,UANG,2760,3390,2710,3360,9218000
10/23/2025,UCID,458,462,458,460,327800
10/23/2025,UDNG,2200,2440,2130,2370,554900
10/23/2025,UFOE,195,198,191,194,2661800
10/23/2025,ULTJ,1350,1360,1340,1340,2480400
10/23/2025,UNIC,8000,8150,7975,7975,10900
10/23/2025,UNIQ,354,356,350,352,10145700
10/23/2025,UNIT,0,0,0,0,0
10/23/2025,UNSP,170,171,170,171,215800
10/23/2025,UNTD,85,87,84,87,9557900
10/23/2025,UNTR,26600,27375,26600,27300,2807400
10/23/2025,UNTRBQCV5A,79,89,79,89,2400
10/23/2025,UNTRDRCG6A,171,175,171,175,6100
10/23/2025,UNTRHDCM6A,177,177,177,177,6000
10/23/2025,UNTRZPCJ6A,167,167,167,167,6000
10/23/2025,UNVR,2180,2270,2140,2260,130049800
10/23/2025,UNVRBQCZ5A,138,160,131,145,7373100
10/23/2025,UNVRDRCG6A,84,94,82,90,1533400
10/23/2025,UNVRHDCM6A,133,133,133,133,7600
10/23/2025,UNVRHDPG6A,41,41,37,37,455700
10/23/2025,UNVRZPCH6A,78,85,77,84,1071700
10/23/2025,UNVRZPCM6A,80,87,80,86,490200
10/23/2025,URBN,142,143,139,143,15900
10/23/2025,UVCR,68,72,66,69,4146600
10/23/2025,VAST,160,161,155,156,382100
10/23/2025,VAST-W,13,13,12,13,1086300
10/23/2025,VERN,120,123,118,119,829800
10/23/2025,VICI,615,620,600,620,118200
10/23/2025,VICO,181,193,181,181,2177600
10/23/2025,VINS,150,170,145,148,6843100
10/23/2025,VISI,194,195,193,193,4780100
10/23/2025,VIVA,30,30,30,30,5139300
10/23/2025,VKTR,330,336,322,330,44730000
10/23/2025,VOKS,272,280,268,274,39700
10/23/2025,VRNA,84,84,82,83,90100
10/23/2025,VTNY,96,96,93,95,13836100
10/23/2025,WAPO,364,364,250,250,106264700
10/23/2025,WEGE,75,79,69,69,222875400
10/23/2025,WEHA,105,107,105,107,507100
10/23/2025,WGSH,250,262,242,246,1362400
10/23/2025,WICO,0,0,0,0,0
10/23/2025,WIDI,38,42,38,42,15874500
10/23/2025,WIFI,3210,3460,3140,3260,240202900
10/23/2025,WIIM,1155,1255,1130,1215,31272800
10/23/2025,WIKA,0,0,0,0,0
10/23/2025,WINE,202,204,199,202,3351600
10/23/2025,WINR,36,36,35,35,6021100
10/23/2025,WINS,420,452,418,452,4603800
10/23/2025,WIRG,116,125,116,118,376570300
10/23/2025,WMPP,0,0,0,0,0
10/23/2025,WMUU,35,35,35,35,48981200
10/23/2025,WOMF,334,334,332,332,84300
10/23/2025,WOOD,482,482,474,482,1935500
10/23/2025,WOWS,75,90,74,82,431475200
10/23/2025,WSBP,25,26,25,26,39444500
10/23/2025,WSKT,0,0,0,0,0
10/23/2025,WTON,105,107,101,103,57621400
10/23/2025,XAQA,0,0,0,0,0
10/23/2025,XBES,0,0,0,0,0
10/23/2025,XBID,528,531,528,531,41000
10/23/2025,XBIG,0,0,0,0,0
10/23/2025,XBIN,604,604,604,604,40000
10/23/2025,XBLQ,0,0,0,0,0
10/23/2025,XBNI,0,0,0,0,0
10/23/2025,XBSK,454,454,454,454,40000
10/23/2025,XCEG,107,107,107,107,300
10/23/2025,XCID,51,51,50,51,87200
10/23/2025,XCIS,84,85,84,85,4100
10/23/2025,XCLQ,92,104,89,90,52200
10/23/2025,XDIF,575,715,575,715,48400
10/23/2025,XIFE,92,112,92,106,2300
10/23/2025,XIHD,631,643,631,643,82400
10/23/2025,XIIC,0,0,0,0,0
10/23/2025,XIID,0,0,0,0,0
10/23/2025,XIIF,459,460,454,460,181200
10/23/2025,XIIT,531,540,531,539,24000
10/23/2025,XIJI,680,690,680,690,1300
10/23/2025,XILV,100,118,100,100,28100
10/23/2025,XIML,252,252,222,250,7400
10/23/2025,XIPB,218,218,189,200,25300
10/23/2025,XIPI,0,0,0,0,0
10/23/2025,XISB,0,0,0,0,0
10/23/2025,XISC,1120,1640,1119,1120,7600
10/23/2025,XISI,0,0,0,0,0
10/23/2025,XISR,448,450,447,450,23400
10/23/2025,XKID,987,987,987,987,100
10/23/2025,XKIV,616,616,614,614,40100
10/23/2025,XKMS,1163,1176,1160,1176,200400
10/23/2025,XMGB,1138,1138,1138,1138,1100
10/23/2025,XMIG,223,223,221,221,200100
10/23/2025,XMLF,908,908,908,908,40000
10/23/2025,XMSK,388,388,388,388,100
10/23/2025,XNVE,0,0,0,0,0
10/23/2025,XPDV,530,775,530,628,35400
10/23/2025,XPFT,569,575,569,575,200
10/23/2025,XPIN,655,660,654,660,15700
10/23/2025,XPLQ,530,539,530,539,6000
10/23/2025,XPSG,342,496,342,450,84100
10/23/2025,XPTD,476,476,476,476,100
10/23/2025,XSBC,102,102,102,102,1300
10/23/2025,XSPI,0,0,0,0,0
10/23/2025,XSSI,87,87,86,87,12800
10/23/2025,XSSK,706,706,706,706,20000
10/23/2025,YELO,64,65,63,65,5865400
10/23/2025,YOII,102,103,100,102,2550500
10/23/2025,YPAS,585,585,494,530,14200
10/23/2025,YULE,2700,2700,2680,2680,43600
10/23/2025,YUPI,1720,1760,1685,1715,40100
10/23/2025,ZATA,58,75,58,75,1725156400
10/23/2025,ZBRA,0,0,0,0,0
10/23/2025,ZINC,32,33,32,33,12982800
10/23/2025,ZONE,570,570,550,560,40400
10/23/2025,ZYRX,146,146,143,146,719900
