<date>,<ticker>,<open>,<high>,<low>,<close>,<volume>
11/27/2025,IHSG,8611.328,8622.268,8521.496,8545.865,50599814100
11/27/2025,AADI,7750,7750,7400,7425,22742900
11/27/2025,AADIDRCN6A,91,91,82,82,5518600
11/27/2025,AADIHDCK6A,93,93,84,84,436100
11/27/2025,AADIYUCK6A,0,0,0,0,0
11/27/2025,AALI,7700,7725,7575,7575,703200
11/27/2025,ABBA,53,56,53,56,3681600
11/27/2025,ABDA,0,0,0,0,0
11/27/2025,ABMM,2940,2950,2910,2930,643700
11/27/2025,ACES,418,420,416,420,37600400
11/27/2025,ACESBQCG6A,8,8,8,8,500
11/27/2025,ACESBQCK6A,0,0,0,0,0
11/27/2025,ACESBQCX5B,0,0,0,0,0
11/27/2025,ACESBQCZ5A,2,3,2,3,1723900
11/27/2025,ACESDRCJ6A,8,9,8,8,13300
11/27/2025,ACESHDCN6A,51,51,50,50,333400
11/27/2025,ACESHDCZ5A,4,4,4,4,1500
11/27/2025,ACESZPCJ6A,0,0,0,0,0
11/27/2025,ACRO,89,89,88,89,3444600
11/27/2025,ACRO-W,5,7,5,6,6901500
11/27/2025,ACST,135,144,134,142,17440300
11/27/2025,ADCP,54,55,54,54,6478500
11/27/2025,ADES,15225,15700,15225,15650,25700
11/27/2025,ADHI,252,254,250,250,11452500
11/27/2025,ADMF,8750,8800,8750,8775,22300
11/27/2025,ADMG,160,161,157,160,827500
11/27/2025,ADMR,1310,1325,1260,1270,31937100
11/27/2025,ADMRDRCH6A,36,36,32,32,279200
11/27/2025,ADMRDRCJ6A,58,59,52,52,194400
11/27/2025,ADMRHDCJ6A,87,87,87,87,62500
11/27/2025,ADMRZPCH6A,71,71,71,71,50000
11/27/2025,ADRO,1850,1850,1810,1810,70755600
11/27/2025,ADROBQCG6A,54,54,54,54,5000
11/27/2025,ADROBQCJ6A,48,48,48,48,4600
11/27/2025,ADROBQCN6A,57,57,57,57,100
11/27/2025,ADROBQCZ5A,2,3,2,3,652700
11/27/2025,ADRODRCJ6A,50,50,48,48,91000
11/27/2025,ADROHDCN6A,65,65,63,63,23900
11/27/2025,ADROHDCZ5A,25,25,25,25,1800
11/27/2025,ADROHDPH6A,75,75,75,75,100
11/27/2025,ADROYUCZ5A,0,0,0,0,0
11/27/2025,ADROZPCF6A,18,18,18,18,55500
11/27/2025,ADROZPCK6A,50,50,50,50,30100
11/27/2025,AEGS,64,70,59,70,63914800
11/27/2025,AGAR,238,240,216,232,80600
11/27/2025,AGII,1585,1605,1525,1525,3774200
11/27/2025,AGRO,226,256,226,240,339830100
11/27/2025,AGRS,85,88,79,80,172848600
11/27/2025,AHAP,92,94,91,93,18710300
11/27/2025,AIMS,380,380,370,376,302000
11/27/2025,AISA,144,145,141,143,9633100
11/27/2025,AKKU,38,38,38,38,179500
11/27/2025,AKPI,575,590,570,570,18000
11/27/2025,AKRA,1275,1275,1225,1240,18917600
11/27/2025,AKRABQCX5B,0,0,0,0,0
11/27/2025,AKRADRCH6A,44,44,39,39,656000
11/27/2025,AKRAHDCH6A,0,0,0,0,0
11/27/2025,AKRAZPCJ6A,0,0,0,0,0
11/27/2025,AKRAZPCM6A,0,0,0,0,0
11/27/2025,AKRAZPCX5A,0,0,0,0,0
11/27/2025,AKSI,452,458,430,454,835900
11/27/2025,ALDO,640,650,605,650,97500
11/27/2025,ALII,635,660,600,605,2928400
11/27/2025,ALKA,362,374,358,370,82300
11/27/2025,ALMI,0,0,0,0,0
11/27/2025,ALTO,0,0,0,0,0
11/27/2025,AMAG,390,390,382,382,50800
11/27/2025,AMAN,174,179,173,177,6789200
11/27/2025,AMAR,232,258,226,240,19363200
11/27/2025,AMFG,3260,3260,3150,3150,86500
11/27/2025,AMIN,256,262,254,256,182900
11/27/2025,AMMN,6950,7000,6850,6950,13818800
11/27/2025,AMMNBQCZ5A,3,3,2,3,1793400
11/27/2025,AMMNDRCJ6A,33,34,33,34,1314800
11/27/2025,AMMNHDCH6A,51,51,51,51,100
11/27/2025,AMMNZPCG6A,16,16,16,16,52500
11/27/2025,AMMS,400,440,400,440,2387500
11/27/2025,AMOR,396,396,388,388,554300
11/27/2025,AMRT,1835,1845,1800,1810,38515100
11/27/2025,AMRTBQCF6A,10,10,10,10,1214100
11/27/2025,AMRTBQCH6A,13,13,13,13,631800
11/27/2025,AMRTBQCJ6A,0,0,0,0,0
11/27/2025,AMRTDRCH6A,19,19,18,18,18500
11/27/2025,AMRTDRCZ5A,7,7,6,6,158900
11/27/2025,AMRTHDCJ6A,6,7,5,6,7643400
11/27/2025,AMRTZPCK6A,13,13,11,12,5609300
11/27/2025,AMRTZPCX5A,0,0,0,0,0
11/27/2025,ANDI,22,24,22,24,8033700
11/27/2025,ANJT,1840,1895,1835,1845,490300
11/27/2025,ANTM,3040,3060,3000,3000,59437500
11/27/2025,ANTMBQCG6A,35,35,35,35,100
11/27/2025,ANTMBQCJ6A,0,0,0,0,0
11/27/2025,ANTMBQCN6A,0,0,0,0,0
11/27/2025,ANTMBQCX5A,0,0,0,0,0
11/27/2025,ANTMBQCZ5A,0,0,0,0,0
11/27/2025,ANTMDRCG6A,29,29,27,27,190400
11/27/2025,ANTMDRCG6B,0,0,0,0,0
11/27/2025,ANTMDRPZ5A,0,0,0,0,0
11/27/2025,ANTMHDCH6A,58,58,58,58,1800
11/27/2025,ANTMHDCH6B,99,99,99,99,35000
11/27/2025,ANTMHDPH6A,0,0,0,0,0
11/27/2025,ANTMYUCN6A,0,0,0,0,0
11/27/2025,ANTMZPCJ6A,56,56,55,55,5180000
11/27/2025,ANTMZPCK6A,22,22,21,21,561700
11/27/2025,ANTMZPCX5A,0,0,0,0,0
11/27/2025,APEX,232,240,220,234,94932500
11/27/2025,APIC,1245,1335,1215,1320,617100
11/27/2025,APII,190,195,190,191,56500
11/27/2025,APLI,428,458,420,432,134800
11/27/2025,APLN,100,101,98,98,7675200
11/27/2025,ARCI,1230,1235,1200,1220,69915300
11/27/2025,AREA,535,540,525,525,1444800
11/27/2025,ARGO,1055,1080,1030,1055,43300
11/27/2025,ARII,274,304,266,276,4327700
11/27/2025,ARKA,33,35,33,33,4193700
11/27/2025,ARKO,3930,4920,3840,4700,10708500
11/27/2025,ARMY,0,0,0,0,0
11/27/2025,ARNA,540,545,530,535,2479200
11/27/2025,ARTA,2900,2900,2870,2900,10500
11/27/2025,ARTI,0,0,0,0,0
11/27/2025,ARTO,2010,2170,2000,2090,54006900
11/27/2025,ARTOBQCG6A,18,44,16,44,10688200
11/27/2025,ARTOBQCJ6A,30,30,28,28,535900
11/27/2025,ARTOBQCN6A,0,0,0,0,0
11/27/2025,ARTOBQCX5B,0,0,0,0,0
11/27/2025,ARTOBQCZ5A,5,7,5,6,4844800
11/27/2025,ARTODRCK6A,53,60,52,54,15893500
11/27/2025,ARTOHDCN6A,50,54,50,51,56300
11/27/2025,ARTOHDCZ5A,0,0,0,0,0
11/27/2025,ARTOZPCK6A,32,39,32,35,216700
11/27/2025,ARTOZPCX5A,0,0,0,0,0
11/27/2025,ASBI,478,478,478,478,1100
11/27/2025,ASDM,600,620,575,610,353100
11/27/2025,ASGR,1290,1290,1260,1270,356200
11/27/2025,ASHA,58,58,58,58,13858600
11/27/2025,ASII,6600,6600,6450,6575,23737100
11/27/2025,ASIIBQCZ5A,128,133,128,130,477800
11/27/2025,ASIIDRCH6A,43,43,40,42,507200
11/27/2025,ASIIDRCX6A,0,0,0,0,0
11/27/2025,ASIIHDCZ5A,0,0,0,0,0
11/27/2025,ASIIZPCJ6A,162,162,155,159,31100
11/27/2025,ASIIZPCM6A,45,45,42,43,1500700
11/27/2025,ASJT,142,142,136,139,1916700
11/27/2025,ASLC,85,86,83,83,31776900
11/27/2025,ASLI,294,328,292,316,153531000
11/27/2025,ASMI,26,27,26,27,934700
11/27/2025,ASPI,775,825,775,810,1437100
11/27/2025,ASPR,99,100,99,99,1629100
11/27/2025,ASRI,168,169,164,164,20657100
11/27/2025,ASRM,326,334,322,328,103600
11/27/2025,ASSA,1125,1125,1080,1080,6536300
11/27/2025,ATAP,0,0,0,0,0
11/27/2025,ATIC,760,770,695,700,780400
11/27/2025,ATLA,61,62,60,60,51006100
11/27/2025,AUTO,2660,2660,2540,2540,3672000
11/27/2025,AUTODRCV6A,70,70,70,70,2600
11/27/2025,AUTOHDCN6A,41,41,38,39,210200
11/27/2025,AUTOZPCJ6A,0,0,0,0,0
11/27/2025,AVIA,464,466,460,464,10701000
11/27/2025,AVIADRCV6A,0,0,0,0,0
11/27/2025,AVIAHDCN6A,0,0,0,0,0
11/27/2025,AVIAZPCJ6A,23,23,23,23,10000
11/27/2025,AWAN,224,224,220,220,1016800
11/27/2025,AXIO,132,133,130,132,1574300
11/27/2025,AYAM,330,334,308,310,83808700
11/27/2025,AYLS,0,0,0,0,0
11/27/2025,BABP,57,60,55,56,135515400
11/27/2025,BABY,296,306,292,300,7308300
11/27/2025,BACA,148,183,148,157,98791000
11/27/2025,BAIK,101,102,101,101,987400
11/27/2025,BAIK-W,6,6,5,6,1326400
11/27/2025,BAJA,173,185,173,179,10247900
11/27/2025,BALI,1415,1415,1355,1355,101900
11/27/2025,BANK,950,960,930,935,5544800
11/27/2025,BANK-W,0,0,0,0,0
11/27/2025,BAPA,88,92,86,88,15809300
11/27/2025,BAPI,22,22,21,22,3932900
11/27/2025,BATA,62,62,60,60,159600
11/27/2025,BATR,109,113,107,108,3014100
11/27/2025,BAUT,38,39,38,39,812000
11/27/2025,BAYU,1335,1340,1315,1335,182300
11/27/2025,BBCA,8425,8450,8325,8325,71051300
11/27/2025,BBCABQCG6A,61,61,60,60,15000
11/27/2025,BBCABQCJ6A,34,34,34,34,4352000
11/27/2025,BBCABQCN6A,0,0,0,0,0
11/27/2025,BBCABQCX5A,0,0,0,0,0
11/27/2025,BBCADRCF6A,22,22,21,21,489200
11/27/2025,BBCADRCX6A,3830,3830,3830,3830,100
11/27/2025,BBCAHDCN6A,47,47,46,46,65600
11/27/2025,BBCAHDCQ7A,65,65,62,62,227300
11/27/2025,BBCAYUCK6A,182,182,181,181,2200
11/27/2025,BBCAZPCF6A,15,15,13,13,3008000
11/27/2025,BBCAZPCH6A,0,0,0,0,0
11/27/2025,BBCAZPCN6A,57,57,57,57,800
11/27/2025,BBHI,1475,1535,1475,1500,5003200
11/27/2025,BBKP,75,78,73,73,375069200
11/27/2025,BBLD,895,895,880,880,8200
11/27/2025,BBMD,1970,1970,1970,1970,3000
11/27/2025,BBNI,4420,4420,4300,4350,33618200
11/27/2025,BBNIBQCG6A,0,0,0,0,0
11/27/2025,BBNIBQCJ6A,0,0,0,0,0
11/27/2025,BBNIBQCN6A,0,0,0,0,0
11/27/2025,BBNIDRCH6A,0,0,0,0,0
11/27/2025,BBNIDRCX6A,0,0,0,0,0
11/27/2025,BBNIDRCZ5A,0,0,0,0,0
11/27/2025,BBNIDRPZ5A,0,0,0,0,0
11/27/2025,BBNIHDCQ7A,83,83,80,80,81400
11/27/2025,BBNIYUCN6A,0,0,0,0,0
11/27/2025,BBNIZPCH6A,0,0,0,0,0
11/27/2025,BBNIZPCX5A,0,0,0,0,0
11/27/2025,BBRI,3800,3810,3720,3740,283451800
11/27/2025,BBRIBQCG6A,27,27,24,25,14000
11/27/2025,BBRIBQCJ6A,35,35,35,35,12500
11/27/2025,BBRIBQCN6A,0,0,0,0,0
11/27/2025,BBRIBQCZ5A,15,15,3,8,1370900
11/27/2025,BBRIDRCG6A,52,52,49,49,6107000
11/27/2025,BBRIDRCN6A,85,85,79,79,61800
11/27/2025,BBRIDRCX6A,2000,2000,1980,1980,500
11/27/2025,BBRIDRPZ5A,0,0,0,0,0
11/27/2025,BBRIHDCH6A,0,0,0,0,0
11/27/2025,BBRIHDCQ7A,70,70,67,67,356900
11/27/2025,BBRIYUCN6A,0,0,0,0,0
11/27/2025,BBRIZPCH6A,58,58,55,55,37900
11/27/2025,BBRIZPCN6A,54,54,54,54,1200
11/27/2025,BBRIZPCX5A,0,0,0,0,0
11/27/2025,BBRM,89,89,87,87,6627600
11/27/2025,BBSI,4000,4000,3920,3950,10300
11/27/2025,BBSS,376,378,360,372,153600
11/27/2025,BBTN,1195,1205,1185,1190,11856200
11/27/2025,BBTNDRCV6A,0,0,0,0,0
11/27/2025,BBTNHDCN6A,0,0,0,0,0
11/27/2025,BBTNHDCZ5A,46,46,46,46,10000
11/27/2025,BBTNYUCZ5A,0,0,0,0,0
11/27/2025,BBTNZPCG6A,29,29,29,29,200
11/27/2025,BBYB,410,494,410,494,1233827400
11/27/2025,BCAP,56,57,55,56,45526900
11/27/2025,BCIC,150,166,150,166,1247700
11/27/2025,BCIP,105,106,102,105,45487000
11/27/2025,BDKR,165,170,165,168,15393100
11/27/2025,BDMN,2510,2510,2480,2480,952400
11/27/2025,BEBS,0,0,0,0,0
11/27/2025,BEEF,670,685,640,650,30449400
11/27/2025,BEER,197,199,190,193,1905700
11/27/2025,BEKS,28,28,28,28,36587200
11/27/2025,BELI,454,478,440,478,11740300
11/27/2025,BELL,72,72,70,70,12869400
11/27/2025,BESS,1755,1800,1750,1765,39300
11/27/2025,BEST,104,105,102,103,7140000
11/27/2025,BFIN,765,770,750,755,13879200
11/27/2025,BFINDRCK6A,0,0,0,0,0
11/27/2025,BFINHDCM6A,0,0,0,0,0
11/27/2025,BFINZPCM6A,0,0,0,0,0
11/27/2025,BGTG,133,142,127,127,211374900
11/27/2025,BHAT,0,0,0,0,0
11/27/2025,BHIT,32,32,32,32,14382900
11/27/2025,BIKA,0,0,0,0,0
11/27/2025,BIKE,890,895,855,880,6589100
11/27/2025,BIMA,0,0,0,0,0
11/27/2025,BINA,4420,4490,4420,4490,4900
11/27/2025,BINO,164,188,158,160,43319400
11/27/2025,BIPI,93,100,91,96,1094526700
11/27/2025,BIPP,52,53,50,50,2913900
11/27/2025,BIRD,1750,1765,1745,1745,604100
11/27/2025,BISI,895,900,885,895,210200
11/27/2025,BJBR,800,805,795,795,2575200
11/27/2025,BJTM,550,550,540,545,7231200
11/27/2025,BKDP,38,38,37,38,137500
11/27/2025,BKSL,141,148,138,142,1750647300
11/27/2025,BKSW,71,72,67,68,61794200
11/27/2025,BLES,160,162,158,158,3243300
11/27/2025,BLOG,452,470,450,454,1542700
11/27/2025,BLTA,32,32,32,32,1669600
11/27/2025,BLTZ,2990,2990,2990,2990,100
11/27/2025,BLUE,3090,3120,3000,3020,596300
11/27/2025,BMAS,665,675,665,675,21100
11/27/2025,BMBL,77,84,77,84,55273700
11/27/2025,BMHS,200,222,194,197,52861400
11/27/2025,BMRI,5025,5025,4850,4860,170213000
11/27/2025,BMRIBQCG6A,50,50,49,49,58100
11/27/2025,BMRIBQCJ6A,0,0,0,0,0
11/27/2025,BMRIBQCZ5A,3,4,3,3,5474400
11/27/2025,BMRIDRCG6A,115,115,100,100,617600
11/27/2025,BMRIDRCX6A,0,0,0,0,0
11/27/2025,BMRIHDCQ7A,152,152,148,148,3700
11/27/2025,BMRIYUCK6A,0,0,0,0,0
11/27/2025,BMRIZPCH6A,54,54,54,54,40000
11/27/2025,BMRIZPCX5A,0,0,0,0,0
11/27/2025,BMSR,290,304,290,290,106100
11/27/2025,BMTR,140,142,140,141,30213100
11/27/2025,BNBA,640,685,635,685,1900900
11/27/2025,BNBR,50,52,50,52,156301800
11/27/2025,BNGA,1790,1795,1775,1775,1697200
11/27/2025,BNGADRCK6A,0,0,0,0,0
11/27/2025,BNGAHDCN6A,67,67,67,67,29400
11/27/2025,BNGAZPCH6A,0,0,0,0,0
11/27/2025,BNII,208,208,204,206,1030400
11/27/2025,BNLI,4800,4880,4790,4860,239600
11/27/2025,BOAT,132,134,127,129,4825200
11/27/2025,BOBA,195,195,192,194,168900
11/27/2025,BOGA,0,0,0,0,0
11/27/2025,BOLA,164,169,164,169,858800
11/27/2025,BOLT,1045,1045,1035,1035,6600
11/27/2025,BOSS,0,0,0,0,0
11/27/2025,BPFI,326,326,312,324,62700
11/27/2025,BPII,520,525,515,515,125600
11/27/2025,BPTR,92,93,91,92,81700
11/27/2025,BRAM,4890,4890,4790,4800,9400
11/27/2025,BREN,9525,9600,9400,9525,23357600
11/27/2025,BRIS,2390,2430,2350,2370,13918800
11/27/2025,BRISBQCZ5A,4,4,4,4,643500
11/27/2025,BRISDRCJ6A,25,25,23,23,347400
11/27/2025,BRISHDCH6A,0,0,0,0,0
11/27/2025,BRISHDCZ5A,0,0,0,0,0
11/27/2025,BRISYUCN6A,0,0,0,0,0
11/27/2025,BRISZPCG6A,21,21,20,20,280000
11/27/2025,BRMS,1000,1005,975,985,237628800
11/27/2025,BRMSBQCZ5A,0,0,0,0,0
11/27/2025,BRMSDRCG6A,42,42,38,41,523100
11/27/2025,BRMSDRCJ6A,175,175,175,175,77100
11/27/2025,BRMSDRPG6A,0,0,0,0,0
11/27/2025,BRMSHDCH6A,0,0,0,0,0
11/27/2025,BRMSHDCZ5A,0,0,0,0,0
11/27/2025,BRMSYUCN6A,84,84,84,84,100
11/27/2025,BRMSZPCG6A,282,284,282,284,50800
11/27/2025,BRMSZPCN6A,45,45,44,44,136200
11/27/2025,BRNA,740,740,705,710,27600
11/27/2025,BRPT,3540,3690,3530,3600,178728200
11/27/2025,BRPTBQCF6A,43,49,43,44,2034200
11/27/2025,BRPTBQCH6A,64,69,64,64,12212200
11/27/2025,BRPTBQCK6A,78,82,75,79,308900
11/27/2025,BRPTBQCX5B,0,0,0,0,0
11/27/2025,BRPTBQCZ5A,0,0,0,0,0
11/27/2025,BRPTDRCF6A,370,384,370,376,4800
11/27/2025,BRPTDRCH6A,75,81,75,81,2200
11/27/2025,BRPTDRCJ6A,214,222,208,208,831600
11/27/2025,BRPTDRPG6A,47,47,43,43,343500
11/27/2025,BRPTHDCH6A,308,320,308,308,37800
11/27/2025,BRPTHDCH6B,272,290,272,280,560100
11/27/2025,BRPTHDPG6A,45,46,42,46,7346300
11/27/2025,BRPTYUCZ5A,0,0,0,0,0
11/27/2025,BRPTZPCF6A,0,0,0,0,0
11/27/2025,BRPTZPCK6A,79,82,79,80,107800
11/27/2025,BRPTZPCN6A,85,90,84,86,3456000
11/27/2025,BRPTZPCX5A,0,0,0,0,0
11/27/2025,BRRC,144,147,142,145,15178400
11/27/2025,BRRC-W,20,20,17,17,14305100
11/27/2025,BSBK,69,69,67,69,25737100
11/27/2025,BSDE,940,945,935,935,7682700
11/27/2025,BSDEBQCK6A,25,25,25,25,2000
11/27/2025,BSDEDRCG6A,0,0,0,0,0
11/27/2025,BSDEDRCJ6A,26,26,26,26,400
11/27/2025,BSDEHDCM6A,0,0,0,0,0
11/27/2025,BSDEYUCN6A,0,0,0,0,0
11/27/2025,BSDEZPCH6A,39,39,37,37,2520100
11/27/2025,BSDEZPCN6A,27,27,27,27,10000
11/27/2025,BSIM,870,870,860,860,8300
11/27/2025,BSML,230,240,226,232,17142100
11/27/2025,BSSR,3910,3910,3890,3900,564300
11/27/2025,BSWD,900,900,900,900,200
11/27/2025,BTEK,15,15,15,15,70667200
11/27/2025,BTEL,0,0,0,0,0
11/27/2025,BTON,386,386,372,386,25700
11/27/2025,BTPN,2150,2150,2120,2140,13900
11/27/2025,BTPS,1360,1370,1355,1365,4404100
11/27/2025,BTPSDRCK6A,33,33,33,33,100000
11/27/2025,BTPSHDCJ6A,47,47,47,47,1500000
11/27/2025,BTPSYUCN6A,0,0,0,0,0
11/27/2025,BTPSZPCH6A,0,0,0,0,0
11/27/2025,BUAH,685,700,680,690,284700
11/27/2025,BUDI,226,226,220,224,108000
11/27/2025,BUKA,168,171,167,170,119468100
11/27/2025,BUKABQCZ5B,7,8,7,8,4271000
11/27/2025,BUKADRCK6A,13,14,13,14,250500
11/27/2025,BUKAHDCN6A,0,0,0,0,0
11/27/2025,BUKAHDCZ5A,0,0,0,0,0
11/27/2025,BUKAYUCN6A,0,0,0,0,0
11/27/2025,BUKAZPCM6A,34,34,34,34,4700
11/27/2025,BUKK,2130,2150,1950,2010,657100
11/27/2025,BULL,300,308,294,296,320240300
11/27/2025,BUMI,252,256,240,242,11236705400
11/27/2025,BUVA,0,0,0,0,0
11/27/2025,BVIC,117,126,112,116,72990800
11/27/2025,BVIC-W,21,25,20,20,692700
11/27/2025,BWPT,161,170,155,170,796002100
11/27/2025,BYAN,17500,17625,17350,17400,21300
11/27/2025,CAKK,179,180,176,179,260600
11/27/2025,CAMP,214,216,212,212,1165000
11/27/2025,CANI,47,50,47,49,704600
11/27/2025,CARE,356,416,356,380,45929100
11/27/2025,CARS,129,134,125,126,43105700
11/27/2025,CASA,1530,1715,1405,1530,3299300
11/27/2025,CASH,103,104,94,96,5736300
11/27/2025,CASS,2830,2970,2830,2840,172300
11/27/2025,CBDK,6650,7100,6500,6975,27499200
11/27/2025,CBMF,0,0,0,0,0
11/27/2025,CBPE,322,330,304,326,499600
11/27/2025,CBRE,1060,1110,1035,1090,38318600
11/27/2025,CBUT,1520,1750,1455,1580,753700
11/27/2025,CCSI,348,348,334,342,350800
11/27/2025,CDIA,1920,2080,1900,1930,930963100
11/27/2025,CEKA,2480,2510,2450,2500,182200
11/27/2025,CENT,140,173,140,156,374859400
11/27/2025,CFIN,336,340,328,330,4615900
11/27/2025,CGAS,172,173,169,170,5118200
11/27/2025,CHEK,184,186,182,184,7004200
11/27/2025,CHEM,106,108,105,105,7527400
11/27/2025,CHIP,1385,1400,1335,1390,166200
11/27/2025,CINT,218,220,204,204,1170400
11/27/2025,CITA,4130,4130,4090,4110,196300
11/27/2025,CITY,180,187,175,175,4509900
11/27/2025,CLAY,2580,2650,2480,2650,470100
11/27/2025,CLEO,510,515,510,510,2307700
11/27/2025,CLPI,1570,1570,1515,1520,61600
11/27/2025,CMNP,1360,1375,1345,1360,61200
11/27/2025,CMNT,780,780,765,775,15930200
11/27/2025,CMPP,86,88,86,88,56400
11/27/2025,CMRY,5825,5875,5750,5875,1170500
11/27/2025,CMRYDRCK6A,118,118,117,118,284600
11/27/2025,CMRYHDCN6A,0,0,0,0,0
11/27/2025,CMRYZPCJ6A,0,0,0,0,0
11/27/2025,CNKO,60,60,60,60,15179100
11/27/2025,CNMA,117,119,116,117,50879800
11/27/2025,CNTB,0,0,0,0,0
11/27/2025,CNTX,0,0,0,0,0
11/27/2025,COAL,67,67,66,67,36494200
11/27/2025,COCO,404,424,396,400,122272500
11/27/2025,COIN,3500,3630,3410,3550,67880200
11/27/2025,COWL,0,0,0,0,0
11/27/2025,CPIN,4760,4760,4670,4670,4304100
11/27/2025,CPINDRCG6A,55,55,51,51,62000
11/27/2025,CPINHDCN6A,0,0,0,0,0
11/27/2025,CPINZPCJ6A,0,0,0,0,0
11/27/2025,CPINZPCN6A,0,0,0,0,0
11/27/2025,CPRI,0,0,0,0,0
11/27/2025,CPRO,65,66,64,64,120304600
11/27/2025,CRAB,282,284,276,278,3483600
11/27/2025,CRSN,173,198,148,148,108875800
11/27/2025,CSAP,328,332,324,326,94000
11/27/2025,CSIS,456,456,430,430,16082000
11/27/2025,CSMI,276,280,252,254,21125800
11/27/2025,CSRA,930,935,905,920,11306200
11/27/2025,CTBN,6350,6350,6350,6350,12700
11/27/2025,CTRA,860,865,850,855,14037100
11/27/2025,CTRADRCJ6A,10,10,10,10,538300
11/27/2025,CTRAHDCK6A,0,0,0,0,0
11/27/2025,CTRAYUCZ5A,0,0,0,0,0
11/27/2025,CTRAZPCG6A,0,0,0,0,0
11/27/2025,CTTH,101,104,101,104,6259900
11/27/2025,CUAN,2420,2730,2420,2580,422281200
11/27/2025,CYBR,1450,1465,1425,1425,10621800
11/27/2025,CYBR-W,1020,1045,1020,1025,2500
11/27/2025,DAAZ,2350,2370,2280,2300,537300
11/27/2025,DADA,50,50,50,50,2562100
11/27/2025,DART,180,185,179,179,264000
11/27/2025,DATA,4280,4280,4140,4160,2566300
11/27/2025,DAYA,1535,1550,1510,1540,3300
11/27/2025,DCII,256525,256525,252000,252000,2400
11/27/2025,DEAL,0,0,0,0,0
11/27/2025,DEFI,0,0,0,0,0
11/27/2025,DEPO,276,280,262,268,1731700
11/27/2025,DEWA,430,442,422,426,1025084700
11/27/2025,DEWI,142,143,138,143,32167700
11/27/2025,DFAM,84,101,81,86,77081300
11/27/2025,DGIK,118,124,117,120,18001100
11/27/2025,DGNS,175,186,166,172,14471300
11/27/2025,DGWG,394,400,390,396,11515700
11/27/2025,DIGI,33,34,33,34,2764000
11/27/2025,DILD,139,139,137,138,7386000
11/27/2025,DIVA,182,183,176,180,1622700
11/27/2025,DKFT,735,735,715,720,9374700
11/27/2025,DKHH,86,88,85,86,6692700
11/27/2025,DKHH-W,16,17,16,17,813600
11/27/2025,DLTA,2080,2090,2070,2070,3400
11/27/2025,DMAS,131,132,131,132,31078900
11/27/2025,DMMX,388,388,378,386,1767900
11/27/2025,DMND,625,625,620,625,75800
11/27/2025,DNAR,270,302,212,218,277711400
11/27/2025,DNET,8975,9000,8925,9000,8800
11/27/2025,DOID,324,326,322,324,2183800
11/27/2025,DOOH,226,228,212,220,234389500
11/27/2025,DOSS,171,175,168,170,1941800
11/27/2025,DPNS,0,0,0,0,0
11/27/2025,DPUM,90,91,85,89,23255100
11/27/2025,DRMA,1055,1055,1035,1035,558400
11/27/2025,DSFI,92,95,87,87,28475700
11/27/2025,DSNG,1665,1665,1610,1630,16185500
11/27/2025,DSNGDRCK6A,65,65,65,65,61100
11/27/2025,DSNGHDCK6A,78,78,76,76,70000
11/27/2025,DSNGZPCM6A,0,0,0,0,0
11/27/2025,DSSA,111050,111500,107150,107450,842800
11/27/2025,DUCK,0,0,0,0,0
11/27/2025,DUTI,4210,4390,4020,4080,3300
11/27/2025,DVLA,1660,1665,1650,1660,18900
11/27/2025,DWGL,340,352,332,340,6866800
11/27/2025,DYAN,89,89,87,88,1163900
11/27/2025,EAST,93,94,92,92,2198500
11/27/2025,ECII,188,189,184,186,447900
11/27/2025,EDGE,4770,4770,4580,4690,26100
11/27/2025,EKAD,192,194,190,191,230300
11/27/2025,ELIT,182,184,181,181,5265700
11/27/2025,ELPI,690,700,685,685,1102000
11/27/2025,ELSA,510,515,505,510,23711600
11/27/2025,ELSADRCG6A,0,0,0,0,0
11/27/2025,ELSADRCJ6A,32,32,29,29,84400
11/27/2025,ELSAHDCK6A,0,0,0,0,0
11/27/2025,ELSAZPCG6A,27,27,27,27,40000
11/27/2025,ELSAZPCN6A,22,22,21,21,1076000
11/27/2025,ELTY,21,22,21,21,49668100
11/27/2025,EMAS,3710,3770,3710,3750,8780500
11/27/2025,EMDE,98,99,96,98,2788100
11/27/2025,EMTK,1285,1325,1250,1265,202247900
11/27/2025,EMTKBQCH6A,25,30,25,25,10971400
11/27/2025,EMTKBQCZ5A,0,0,0,0,0
11/27/2025,EMTKDRCH6A,67,71,61,61,249400
11/27/2025,EMTKDRCK6A,54,58,52,55,174100
11/27/2025,EMTKHDCK6A,71,79,69,69,2911400
11/27/2025,EMTKHDCZ5A,0,0,0,0,0
11/27/2025,EMTKYUCN6A,60,63,58,58,21400
11/27/2025,EMTKZPCH6A,157,167,157,163,207600
11/27/2025,EMTKZPCM6A,46,50,44,44,167600
11/27/2025,ENAK,690,690,675,685,330300
11/27/2025,ENRG,1005,1005,980,985,43544500
11/27/2025,ENRGBQCZ5A,0,0,0,0,0
11/27/2025,ENRGDRCG6A,33,33,31,31,555200
11/27/2025,ENRGDRCJ6A,181,181,181,181,100
11/27/2025,ENRGHDCK6A,0,0,0,0,0
11/27/2025,ENRGHDCZ5A,0,0,0,0,0
11/27/2025,ENRGYUCN6A,0,0,0,0,0
11/27/2025,ENRGZPCG6A,0,0,0,0,0
11/27/2025,ENRGZPCK6A,54,54,54,54,1200
11/27/2025,ENVY,0,0,0,0,0
11/27/2025,ENZO,38,41,38,41,401000
11/27/2025,EPAC,29,29,29,29,5325000
11/27/2025,EPMT,2350,2350,2320,2340,2900
11/27/2025,ERAA,408,410,402,404,22073100
11/27/2025,ERAABQCZ5A,1,2,1,2,14277600
11/27/2025,ERAADRCJ6A,6,7,6,6,1965100
11/27/2025,ERAAHDCN6A,0,0,0,0,0
11/27/2025,ERAAHDCZ5A,0,0,0,0,0
11/27/2025,ERAAZPCH6A,12,12,12,12,10000
11/27/2025,ERAL,290,290,284,286,4934600
11/27/2025,ERTX,169,172,167,171,357300
11/27/2025,ESIP,122,132,120,132,12251600
11/27/2025,ESSA,640,640,610,620,36928500
11/27/2025,ESSABQCZ5A,15,16,13,14,2100000
11/27/2025,ESSADRCN6A,30,30,29,29,4035500
11/27/2025,ESSAHDCH6A,0,0,0,0,0
11/27/2025,ESSAYUCZ5A,0,0,0,0,0
11/27/2025,ESSAZPCK6A,16,16,15,15,315000
11/27/2025,ESTA,242,242,224,234,4540300
11/27/2025,ESTI,222,222,222,222,3390700
11/27/2025,ETWA,0,0,0,0,0
11/27/2025,EURO,310,312,298,302,553900
11/27/2025,EXCL,2860,2880,2830,2840,7543200
11/27/2025,EXCLHDCJ6A,35,36,34,35,6503100
11/27/2025,EXCLZPCF6A,65,65,65,65,100
11/27/2025,EXCLZPCM6A,0,0,0,0,0
11/27/2025,EXCLZPCN6A,0,0,0,0,0
11/27/2025,FAPA,6150,6225,6150,6225,7200
11/27/2025,FAST,535,595,530,550,26321100
11/27/2025,FASW,0,0,0,0,0
11/27/2025,FILM,7300,7925,6625,7900,16002600
11/27/2025,FIMP,0,0,0,0,0
11/27/2025,FIRE,96,97,92,93,10096600
11/27/2025,FISH,1310,1320,1180,1200,388400
11/27/2025,FITT,700,720,620,650,2312600
11/27/2025,FLMC,200,208,187,196,2192600
11/27/2025,FMII,322,330,320,326,247500
11/27/2025,FOLK,306,310,294,298,7121400
11/27/2025,FOOD,308,308,290,290,247100
11/27/2025,FORE,510,510,505,510,1978100
11/27/2025,FORU,1050,1060,1025,1025,115000
11/27/2025,FPNI,835,835,835,835,33963000
11/27/2025,FUJI,845,870,800,840,1723800
11/27/2025,FUTR,670,750,655,690,290080900
11/27/2025,FWCT,146,146,143,145,3064600
11/27/2025,GAMA,0,0,0,0,0
11/27/2025,GDST,118,118,116,116,757300
11/27/2025,GDYR,1105,1105,1100,1105,7900
11/27/2025,GEMA,92,93,91,92,4982700
11/27/2025,GEMS,8950,9000,8900,8975,55400
11/27/2025,GGRM,15450,15450,15025,15075,988100
11/27/2025,GGRMZPCG6A,167,168,160,168,1337000
11/27/2025,GGRP,246,256,246,252,6380800
11/27/2025,GHON,1710,1710,1705,1710,3300
11/27/2025,GIAA,102,106,102,105,93136400
11/27/2025,GJTL,1055,1070,1050,1055,4346700
11/27/2025,GJTLZPCJ6A,21,21,20,21,3070100
11/27/2025,GLOB,0,0,0,0,0
11/27/2025,GLVA,414,418,402,404,125200
11/27/2025,GMFI,89,89,89,89,80732700
11/27/2025,GMTD,2170,2440,2130,2330,13000
11/27/2025,GOLD,312,318,308,312,58200
11/27/2025,GOLF,204,206,200,204,1267300
11/27/2025,GOLL,0,0,0,0,0
11/27/2025,GOOD,376,378,366,374,387600
11/27/2025,GOTO,64,66,63,65,2847805200
11/27/2025,GOTOBQCJ6A,7,8,7,8,19891600
11/27/2025,GOTOBQCQ6A,10,11,9,10,1813800
11/27/2025,GOTOBQCZ5A,2,2,1,2,11102900
11/27/2025,GOTODRCG6A,7,9,7,8,1480700
11/27/2025,GOTOHDCK6A,18,18,18,18,200
11/27/2025,GOTOM,0,0,0,0,0
11/27/2025,GOTOZPCH6A,25,25,25,25,5000
11/27/2025,GOTOZPCK6A,0,0,0,0,0
11/27/2025,GPRA,139,139,133,136,25938100
11/27/2025,GPSO,700,705,675,695,2061700
11/27/2025,GRIA,97,97,94,96,1063000
11/27/2025,GRPH,66,67,64,65,8029100
11/27/2025,GRPM,61,62,59,60,3443600
11/27/2025,GRPM-W,15,15,14,15,104800
11/27/2025,GSMF,108,120,108,119,75921400
11/27/2025,GTBO,208,208,200,206,157600
11/27/2025,GTRA,320,332,302,322,4009200
11/27/2025,GTSI,132,154,130,135,1421734500
11/27/2025,GULA,332,336,328,330,987500
11/27/2025,GUNA,290,290,280,280,642300
11/27/2025,GWSA,154,154,147,148,1033600
11/27/2025,GZCO,314,326,310,324,197400300
11/27/2025,HADE,22,23,22,23,1208200
11/27/2025,HAIS,236,238,230,238,3945100
11/27/2025,HAJJ,116,117,115,116,11395000
11/27/2025,HAJJ-W,15,15,14,14,1539600
11/27/2025,HALO,103,109,101,108,613972900
11/27/2025,HALO-W,14,16,12,16,17743900
11/27/2025,HATM,378,384,374,384,20743100
11/27/2025,HBAT,282,290,270,280,1406000
11/27/2025,HDFA,165,182,160,166,4962000
11/27/2025,HDIT,60,60,59,60,12824700
11/27/2025,HEAL,1425,1430,1400,1410,6441200
11/27/2025,HEALBQCZ5A,3,3,2,2,2764800
11/27/2025,HEALDRCJ6A,20,20,20,20,100000
11/27/2025,HEALHDCH6A,0,0,0,0,0
11/27/2025,HEALYUCZ5A,0,0,0,0,0
11/27/2025,HEALZPCH6A,0,0,0,0,0
11/27/2025,HEALZPCN6A,0,0,0,0,0
11/27/2025,HELI,236,238,228,236,440700
11/27/2025,HERO,488,488,470,470,284800
11/27/2025,HEXA,4580,4590,4550,4560,122700
11/27/2025,HGII,163,166,161,163,10904400
11/27/2025,HILL,159,159,155,155,880200
11/27/2025,HITS,0,0,0,0,0
11/27/2025,HKMU,0,0,0,0,0
11/27/2025,HMSP,850,850,815,835,67958200
11/27/2025,HOKI,75,76,74,75,27025100
11/27/2025,HOME,0,0,0,0,0
11/27/2025,HOMI,430,520,430,515,3076500
11/27/2025,HOPE,137,153,136,149,139366600
11/27/2025,HOTL,0,0,0,0,0
11/27/2025,HRME,38,38,38,38,1550700
11/27/2025,HRTA,1520,1525,1460,1490,21798600
11/27/2025,HRUM,1000,1010,990,995,7779400
11/27/2025,HRUMDRCN6A,27,28,26,26,751400
11/27/2025,HRUMHDCK6A,31,31,31,31,391600
11/27/2025,HRUMZPCG6A,40,40,40,40,4600
11/27/2025,HRUMZPCM6A,23,23,23,23,18400
11/27/2025,HUMI,140,177,137,158,1701661100
11/27/2025,HUMI-W,21,30,21,26,146187500
11/27/2025,HYGN,160,160,159,160,331000
11/27/2025,IATA,88,92,88,92,16421600
11/27/2025,IBFN,105,105,105,105,9532600
11/27/2025,IBOS,63,68,61,64,26135900
11/27/2025,IBST,5200,5200,4760,5200,600
11/27/2025,ICBP,8600,8625,8500,8550,17082500
11/27/2025,ICBPDRCX6A,3140,3140,3140,3140,200
11/27/2025,ICBPDRCX6B,56,56,55,56,120400
11/27/2025,ICBPHDCJ6A,18,18,16,17,986800
11/27/2025,ICBPZPCX5A,0,0,0,0,0
11/27/2025,ICON,72,72,72,72,3500000
11/27/2025,IDEA,93,93,88,93,16988600
11/27/2025,IDPR,282,302,278,286,582200
11/27/2025,IFII,228,230,226,228,90500
11/27/2025,IFSH,815,815,810,810,12300
11/27/2025,IGAR,560,610,555,610,1747600
11/27/2025,IIKP,0,0,0,0,0
11/27/2025,IKAI,13,13,13,13,35216300
11/27/2025,IKAN,113,127,112,113,138240300
11/27/2025,IKBI,570,570,545,560,209500
11/27/2025,IKPM,238,238,236,238,1329300
11/27/2025,IMAS,1160,1165,1130,1135,708600
11/27/2025,IMJS,240,248,238,244,11572600
11/27/2025,IMPC,3100,3250,3020,3120,61873000
11/27/2025,INAF,0,0,0,0,0
11/27/2025,INAI,154,154,151,151,7100
11/27/2025,INCF,51,51,50,50,4519600
11/27/2025,INCI,640,640,630,640,34700
11/27/2025,INCO,3850,4020,3850,3950,17961600
11/27/2025,INCOBQCF6A,44,44,44,44,20000
11/27/2025,INCOBQCJ6A,33,35,33,34,900
11/27/2025,INCOBQCN6A,0,0,0,0,0
11/27/2025,INCODRCG6A,38,43,38,43,18900
11/27/2025,INCODRCK6A,61,67,61,67,652800
11/27/2025,INCOHDCJ6A,71,79,71,79,263700
11/27/2025,INCOYUCZ5A,0,0,0,0,0
11/27/2025,INCOZPCK6A,37,37,36,36,800
11/27/2025,INCOZPCN6A,0,0,0,0,0
11/27/2025,INCOZPCX5A,0,0,0,0,0
11/27/2025,INDF,7425,7425,7275,7375,4580000
11/27/2025,INDFDRCX6A,0,0,0,0,0
11/27/2025,INDFDRCX6B,0,0,0,0,0
11/27/2025,INDFHDCJ6A,0,0,0,0,0
11/27/2025,INDO,292,292,282,284,18290000
11/27/2025,INDR,2820,2860,2820,2820,18000
11/27/2025,INDS,228,228,224,226,86000
11/27/2025,INDX,164,168,159,165,4222600
11/27/2025,INDY,1760,1770,1740,1770,13680400
11/27/2025,INDYDRCN6A,55,55,53,53,122900
11/27/2025,INDYHDCJ6A,0,0,0,0,0
11/27/2025,INDYHDCN6A,35,35,35,35,100
11/27/2025,INDYYUCN6A,0,0,0,0,0
11/27/2025,INDYZPCG6A,0,0,0,0,0
11/27/2025,INDYZPCN6A,23,23,23,23,2000
11/27/2025,INET,700,700,610,630,810951400
11/27/2025,INET-W,645,645,545,555,999500
11/27/2025,INKP,8000,8100,7925,8025,4825100
11/27/2025,INKPBQCX5A,0,0,0,0,0
11/27/2025,INKPDRCF6A,179,179,178,178,600
11/27/2025,INKPDRCG6A,61,64,61,61,332700
11/27/2025,INKPHDCK6A,123,123,123,123,20000
11/27/2025,INKPYUCN6A,95,98,94,95,4337300
11/27/2025,INKPZPCF6A,0,0,0,0,0
11/27/2025,INKPZPCK6A,33,35,33,34,1059800
11/27/2025,INOV,135,142,135,137,4318800
11/27/2025,INPC,157,168,155,160,98020400
11/27/2025,INPP,680,680,675,675,400
11/27/2025,INPS,176,176,170,170,88300
11/27/2025,INRU,740,750,705,715,802700
11/27/2025,INTA,68,68,68,68,2175900
11/27/2025,INTD,224,226,220,222,108800
11/27/2025,INTP,6825,6850,6650,6775,1479500
11/27/2025,INTPDRCN6A,70,70,70,70,100
11/27/2025,INTPHDCM6A,0,0,0,0,0
11/27/2025,INTPZPCG6A,0,0,0,0,0
11/27/2025,INTPZPCM6A,0,0,0,0,0
11/27/2025,IOTF,88,90,87,89,18237100
11/27/2025,IPAC,195,206,189,189,296900
11/27/2025,IPCC,1405,1410,1360,1380,2381800
11/27/2025,IPCM,342,346,332,336,2079700
11/27/2025,IPOL,125,128,123,123,1045600
11/27/2025,IPPE,0,0,0,0,0
11/27/2025,IPTV,39,40,39,40,3318300
11/27/2025,IRRA,444,444,430,432,1251200
11/27/2025,IRSX,390,392,388,392,78697500
11/27/2025,ISAP,30,31,29,29,23469600
11/27/2025,ISAP-W,14,15,13,14,17582200
11/27/2025,ISAT,2290,2390,2290,2300,26109900
11/27/2025,ISATBQCF6A,0,0,0,0,0
11/27/2025,ISATBQCJ6A,64,67,64,66,500
11/27/2025,ISATDRCG6A,67,77,67,68,545500
11/27/2025,ISATHDCJ6A,28,34,28,30,3588400
11/27/2025,ISATZPCF6A,0,0,0,0,0
11/27/2025,ISEA,97,102,94,98,40530500
11/27/2025,ISSP,430,432,422,430,1919200
11/27/2025,ITIC,438,440,424,428,3408500
11/27/2025,ITMA,1520,1640,1470,1575,23524800
11/27/2025,ITMG,22150,22150,22000,22000,1687100
11/27/2025,ITMGDRCV6A,133,133,132,132,31800
11/27/2025,ITMGHDCJ6A,127,127,126,126,10000
11/27/2025,ITMGZPCJ6A,53,53,53,53,10100
11/27/2025,JARR,3300,3590,3300,3340,13786500
11/27/2025,JAST,100,109,99,100,68862600
11/27/2025,JATI,147,160,136,145,63102100
11/27/2025,JAWA,246,250,191,191,124871000
11/27/2025,JAYA,111,112,109,110,1448300
11/27/2025,JECC,1140,1160,1125,1135,106200
11/27/2025,JGLE,20,20,19,19,33368200
11/27/2025,JIHD,590,595,575,575,1167700
11/27/2025,JKON,86,87,84,85,16221800
11/27/2025,JMAS,151,158,148,152,2058600
11/27/2025,JPFA,2490,2500,2410,2410,16730200
11/27/2025,JPFABQCZ5A,0,0,0,0,0
11/27/2025,JPFADRCH6A,41,42,41,41,345800
11/27/2025,JPFADRCJ6A,123,123,123,123,100
11/27/2025,JPFAHDCN6A,0,0,0,0,0
11/27/2025,JPFAHDCZ5A,0,0,0,0,0
11/27/2025,JPFAYUCN6A,161,161,158,158,22000
11/27/2025,JPFAZPCG6A,0,0,0,0,0
11/27/2025,JPFAZPCN6A,28,28,26,26,148800
11/27/2025,JRPT,1020,1020,985,1010,734200
11/27/2025,JSKY,0,0,0,0,0
11/27/2025,JSMR,3540,3540,3480,3480,8135200
11/27/2025,JSMRDRCH6A,0,0,0,0,0
11/27/2025,JSMRDRCK6A,55,55,55,55,200000
11/27/2025,JSMRHDCH6A,0,0,0,0,0
11/27/2025,JSMRZPCG6A,34,34,32,32,800
11/27/2025,JSPT,3620,3620,3460,3580,34800
11/27/2025,JTPE,400,404,398,404,1329200
11/27/2025,KAEF,560,560,540,545,2420000
11/27/2025,KAQI,67,69,67,67,21539200
11/27/2025,KARW,400,402,398,402,600800
11/27/2025,KAYU,0,0,0,0,0
11/27/2025,KBAG,42,42,40,41,2145200
11/27/2025,KBLI,334,338,330,334,290800
11/27/2025,KBLM,358,358,348,356,37200
11/27/2025,KBLV,226,228,218,220,39890000
11/27/2025,KBRI,0,0,0,0,0
11/27/2025,KDSI,470,470,454,462,37200
11/27/2025,KDTN,0,0,0,0,0
11/27/2025,KEEN,1170,1270,1165,1255,32688400
11/27/2025,KEJU,705,720,700,705,432900
11/27/2025,KETR,560,660,550,585,105590500
11/27/2025,KIAS,0,0,0,0,0
11/27/2025,KICI,246,284,236,250,10683000
11/27/2025,KIJA,181,182,179,181,11817300
11/27/2025,KING,212,212,204,206,588800
11/27/2025,KING-W,11,11,10,11,450700
11/27/2025,KINO,1260,1280,1260,1280,2600
11/27/2025,KIOS,82,82,79,79,7199300
11/27/2025,KJEN,264,266,242,248,7239400
11/27/2025,KKES,28,30,28,30,4482000
11/27/2025,KKGI,326,336,324,328,6098600
11/27/2025,KLAS,130,134,130,132,6664900
11/27/2025,KLBF,1255,1260,1220,1225,118868900
11/27/2025,KLBFBQCF6A,19,20,18,20,112200
11/27/2025,KLBFBQCJ6A,0,0,0,0,0
11/27/2025,KLBFDRCG6A,13,13,11,12,2565800
11/27/2025,KLBFHDCK6A,0,0,0,0,0
11/27/2025,KLBFZPCF6A,22,22,13,13,400
11/27/2025,KLBFZPCJ6A,19,20,19,20,100300
11/27/2025,KLIN,165,173,164,171,124300
11/27/2025,KMDS,710,715,695,695,33500
11/27/2025,KMTR,278,292,274,278,1193300
11/27/2025,KOBX,179,183,178,181,2809800
11/27/2025,KOCI,90,91,86,88,15183200
11/27/2025,KOCI-W,14,15,13,14,10815200
11/27/2025,KOIN,72,72,71,72,20400
11/27/2025,KOKA,286,290,260,264,30232600
11/27/2025,KONI,2260,2300,2200,2250,9400
11/27/2025,KOPI,304,312,300,304,587600
11/27/2025,KOTA,37,37,36,36,8444100
11/27/2025,KPIG,135,137,134,135,70160700
11/27/2025,KRAS,406,408,392,394,41835400
11/27/2025,KREN,15,16,15,15,16925500
11/27/2025,KRYA,188,193,184,187,10449700
11/27/2025,KSIX,402,416,400,414,10434500
11/27/2025,KUAS,76,76,72,75,51162100
11/27/2025,LABA,181,187,173,179,97464000
11/27/2025,LABS,141,146,141,145,1499900
11/27/2025,LAJU,69,69,66,67,12406200
11/27/2025,LAND,34,34,33,33,461000
11/27/2025,LAPD,242,242,200,200,23153300
11/27/2025,LCGP,0,0,0,0,0
11/27/2025,LCKM,270,274,248,262,1154900
11/27/2025,LEAD,77,79,77,77,10457400
11/27/2025,LFLO,845,845,845,845,293400
11/27/2025,LIFE,8625,9000,8625,8775,8300
11/27/2025,LINK,3400,3400,3300,3310,40600
11/27/2025,LION,436,470,436,438,383600
11/27/2025,LIVE,191,196,189,195,4375000
11/27/2025,LMAS,0,0,0,0,0
11/27/2025,LMAX,80,82,79,81,887500
11/27/2025,LMPI,147,147,141,144,756300
11/27/2025,LMSH,0,0,0,0,0
11/27/2025,LOPI,121,127,117,127,22449800
11/27/2025,LPCK,575,600,565,590,273200
11/27/2025,LPGI,820,820,790,810,28100
11/27/2025,LPIN,456,456,448,456,602800
11/27/2025,LPKR,90,90,87,88,59746800
11/27/2025,LPLI,458,458,444,452,397600
11/27/2025,LPPF,1700,1700,1680,1685,722700
11/27/2025,LPPS,138,141,134,136,7789700
11/27/2025,LRNA,182,182,178,178,20700
11/27/2025,LSIP,1400,1400,1375,1375,2200900
11/27/2025,LSIPDRCK6A,0,0,0,0,0
11/27/2025,LSIPHDCJ6A,0,0,0,0,0
11/27/2025,LSIPYUCZ5A,0,0,0,0,0
11/27/2025,LSIPZPCG6A,0,0,0,0,0
11/27/2025,LTLS,855,860,845,845,29400
11/27/2025,LUCK,119,120,112,116,4430700
11/27/2025,LUCY,161,161,161,161,281600
11/27/2025,MABA,0,0,0,0,0
11/27/2025,MAGP,0,0,0,0,0
11/27/2025,MAHA,142,155,141,143,40871700
11/27/2025,MAIN,795,795,750,765,8681300
11/27/2025,MANG,61,62,59,61,5696000
11/27/2025,MANG-W,21,21,20,21,4662800
11/27/2025,MAPA,740,740,715,725,7155600
11/27/2025,MAPABQCZ5A,13,13,12,12,819600
11/27/2025,MAPADRCJ6A,21,21,21,21,288400
11/27/2025,MAPAHDCZ5A,12,12,11,11,34600
11/27/2025,MAPAZPCH6A,0,0,0,0,0
11/27/2025,MAPB,1650,1650,1630,1630,1200
11/27/2025,MAPI,1245,1270,1225,1235,33267600
11/27/2025,MAPIBQCK6A,29,30,29,29,97400
11/27/2025,MAPIDRCH6A,38,38,35,35,30100
11/27/2025,MAPIHDCK6A,68,70,68,68,2035400
11/27/2025,MAPIZPCJ6A,44,48,44,48,47100
11/27/2025,MARI,31,31,30,30,3235300
11/27/2025,MARK,855,865,795,805,21780800
11/27/2025,MASB,3050,3130,3050,3130,1400
11/27/2025,MAXI,53,54,52,53,3954500
11/27/2025,MAYA,250,268,248,258,13935400
11/27/2025,MBAP,1600,1605,1590,1600,190100
11/27/2025,MBMA,590,590,565,570,150281500
11/27/2025,MBMABQCX5A,0,0,0,0,0
11/27/2025,MBMADRCG6A,13,13,10,10,4007100
11/27/2025,MBMAHDCH6A,0,0,0,0,0
11/27/2025,MBMAHDCN6A,70,70,65,65,96300
11/27/2025,MBMAYUCK6A,0,0,0,0,0
11/27/2025,MBMAZPCK6A,31,31,31,31,375800
11/27/2025,MBMAZPCN6A,22,22,22,22,102100
11/27/2025,MBMAZPCX5A,0,0,0,0,0
11/27/2025,MBSS,1430,1475,1430,1435,2443100
11/27/2025,MBTO,178,178,172,174,1609200
11/27/2025,MCAS,760,770,745,760,116900
11/27/2025,MCOL,3840,3840,3700,3750,35500
11/27/2025,MCOR,81,84,76,77,100376000
11/27/2025,MDIA,31,32,31,31,1219400
11/27/2025,MDIY,1060,1065,1055,1055,175900
11/27/2025,MDKA,2350,2390,2320,2350,28361600
11/27/2025,MDKABQCX5B,0,0,0,0,0
11/27/2025,MDKADRCG6A,49,49,46,48,48500
11/27/2025,MDKADRCK6A,58,58,56,56,230100
11/27/2025,MDKAHDCN6A,65,65,62,63,251100
11/27/2025,MDKAHDCZ5A,64,64,64,64,300
11/27/2025,MDKAHDPH6A,0,0,0,0,0
11/27/2025,MDKAHDPJ6A,49,49,49,49,25000
11/27/2025,MDKAYUCK6A,0,0,0,0,0
11/27/2025,MDKAZPCF6A,46,46,46,46,100
11/27/2025,MDKI,200,202,197,197,2800800
11/27/2025,MDLA,248,256,248,254,4262000
11/27/2025,MDLN,60,60,59,59,8632200
11/27/2025,MDRN,35,35,35,35,16481700
11/27/2025,MEDC,1325,1350,1310,1325,37498500
11/27/2025,MEDCBQCX5B,0,0,0,0,0
11/27/2025,MEDCBQCZ5A,8,9,6,6,1522700
11/27/2025,MEDCDRCG6A,29,30,29,29,17800
11/27/2025,MEDCDRCH6A,71,71,69,69,2000000
11/27/2025,MEDCDRPG6A,0,0,0,0,0
11/27/2025,MEDCHDCH6A,0,0,0,0,0
11/27/2025,MEDCZPCF6A,27,27,27,27,24200
11/27/2025,MEDS,104,107,89,91,123385500
11/27/2025,MEGA,3450,3450,3310,3400,55600
11/27/2025,MEJA,105,106,94,96,88162500
11/27/2025,MEJA-W,38,41,30,32,67681500
11/27/2025,MENN,0,0,0,0,0
11/27/2025,MERI,204,210,202,206,3011500
11/27/2025,MERK,3130,3160,3110,3160,52000
11/27/2025,META,0,0,0,0,0
11/27/2025,MFMI,0,0,0,0,0
11/27/2025,MGLV,1150,1210,1050,1085,662000
11/27/2025,MGNA,0,0,0,0,0
11/27/2025,MGNA-W,0,0,0,0,0
11/27/2025,MGRO,775,775,760,775,2463700
11/27/2025,MHKI,218,220,214,218,10361200
11/27/2025,MICE,625,625,615,620,14300
11/27/2025,MIDI,382,382,376,380,11814900
11/27/2025,MIKA,2550,2550,2480,2500,3787200
11/27/2025,MIKADRCV6A,0,0,0,0,0
11/27/2025,MIKAHDCN6A,0,0,0,0,0
11/27/2025,MIKAZPCG6A,0,0,0,0,0
11/27/2025,MINA,296,348,288,310,2348542000
11/27/2025,MINE,484,484,478,478,1464200
11/27/2025,MIRA,22,22,22,22,17014500
11/27/2025,MITI,280,288,270,270,5690200
11/27/2025,MKAP,342,342,338,338,44800
11/27/2025,MKNT,0,0,0,0,0
11/27/2025,MKPI,24100,24200,24100,24200,6600
11/27/2025,MKTR,153,153,150,152,913400
11/27/2025,MLBI,5700,5725,5675,5675,88300
11/27/2025,MLIA,338,340,336,340,2534600
11/27/2025,MLPL,150,150,145,145,130560300
11/27/2025,MLPT,81750,86050,74400,75050,25500
11/27/2025,MMIX,248,248,226,228,5699400
11/27/2025,MMLP,570,575,565,570,8373600
11/27/2025,MNCN,264,264,258,258,17937100
11/27/2025,MNCNDRCN6A,0,0,0,0,0
11/27/2025,MNCNHDCM6A,0,0,0,0,0
11/27/2025,MNCNZPCM6A,0,0,0,0,0
11/27/2025,MOLI,310,320,308,316,3026800
11/27/2025,MORA,0,0,0,0,0
11/27/2025,MPIX,69,70,66,67,20746300
11/27/2025,MPIX-W,10,11,9,11,263700
11/27/2025,MPMX,960,965,955,960,1749900
11/27/2025,MPOW,118,130,116,119,71517200
11/27/2025,MPPA,62,63,61,61,32428300
11/27/2025,MPRO,10200,12175,10200,11450,217400
11/27/2025,MPXL,236,272,228,242,51569600
11/27/2025,MRAT,388,412,382,388,2458300
11/27/2025,MREI,1015,1035,995,1010,479300
11/27/2025,MSIE,46,48,46,47,2484800
11/27/2025,MSIN,416,420,404,414,78763500
11/27/2025,MSJA,314,336,304,336,14734200
11/27/2025,MSKY,81,81,80,80,4539200
11/27/2025,MSTI,1425,1425,1415,1425,1070500
11/27/2025,MTDL,605,605,595,605,2384900
11/27/2025,MTEL,605,610,595,610,25079800
11/27/2025,MTELDRCK6A,17,17,15,15,6000
11/27/2025,MTELHDCM6A,0,0,0,0,0
11/27/2025,MTELZPCM6A,0,0,0,0,0
11/27/2025,MTFN,15,15,15,15,42769800
11/27/2025,MTLA,436,446,432,442,13000
11/27/2025,MTMH,1140,1175,1140,1175,2300
11/27/2025,MTPS,0,0,0,0,0
11/27/2025,MTRA,0,0,0,0,0
11/27/2025,MTSM,0,0,0,0,0
11/27/2025,MTWI,362,362,356,360,88000
11/27/2025,MUTU,121,126,120,124,8708000
11/27/2025,MYOH,1525,1525,1485,1525,11600
11/27/2025,MYOR,2180,2200,2120,2130,9904900
11/27/2025,MYORDRCK6A,55,56,51,51,505800
11/27/2025,MYORHDCM6A,46,46,46,46,100
11/27/2025,MYORZPCH6A,28,28,28,28,19000
11/27/2025,MYTX,0,0,0,0,0
11/27/2025,NAIK,122,123,121,122,5996700
11/27/2025,NAIK-W,21,21,20,21,2265900
11/27/2025,NANO,53,54,52,54,6482800
11/27/2025,NASA,31,31,31,31,336900
11/27/2025,NASI,101,104,101,103,2217800
11/27/2025,NATO,166,171,159,161,2092000
11/27/2025,NAYZ,64,68,59,65,61427700
11/27/2025,NCKL,1015,1015,995,1000,30779800
11/27/2025,NCKLBQCM6A,24,24,24,24,100
11/27/2025,NCKLDRCH6A,35,35,35,35,100
11/27/2025,NCKLDRCK6A,0,0,0,0,0
11/27/2025,NCKLHDCK6A,43,43,43,43,81500
11/27/2025,NCKLYUCZ5A,0,0,0,0,0
11/27/2025,NCKLZPCJ6A,50,50,50,50,5600
11/27/2025,NCKLZPCM6A,22,22,20,21,6200
11/27/2025,NELY,370,370,364,368,320800
11/27/2025,NEST,358,362,350,354,10045200
11/27/2025,NETV,116,118,112,113,3947600
11/27/2025,NFCX,1670,1675,1650,1655,90200
11/27/2025,NICE,406,408,400,402,3175200
11/27/2025,NICK,1315,1325,1205,1235,3900
11/27/2025,NICL,1060,1090,1035,1075,26452400
11/27/2025,NIKL,402,402,382,390,4309800
11/27/2025,NINE,0,0,0,0,0
11/27/2025,NIRO,298,336,298,336,2342200
11/27/2025,NISP,1380,1385,1365,1375,3162900
11/27/2025,NOBU,494,505,490,500,6313900
11/27/2025,NPGF,61,61,60,60,3655500
11/27/2025,NRCA,1600,1935,1585,1790,199173900
11/27/2025,NSSS,520,530,515,520,6193300
11/27/2025,NTBK,135,138,132,136,28890700
11/27/2025,NUSA,0,0,0,0,0
11/27/2025,NZIA,117,120,115,117,5599200
11/27/2025,OASA,236,238,228,232,43653400
11/27/2025,OBAT,422,426,420,426,806700
11/27/2025,OBAT-W,78,78,71,74,1029400
11/27/2025,OBMD,260,262,252,254,1244300
11/27/2025,OCAP,0,0,0,0,0
11/27/2025,OILS,256,302,254,288,121129700
11/27/2025,OKAS,145,147,143,144,4398800
11/27/2025,OLIV,112,115,106,107,26376400
11/27/2025,OMED,202,204,199,200,4921800
11/27/2025,OMRE,0,0,0,0,0
11/27/2025,OPMS,105,112,105,107,12503700
11/27/2025,PACK,2400,2500,2320,2340,4560100
11/27/2025,PADA,0,0,0,0,0
11/27/2025,PADI,91,91,91,91,35828500
11/27/2025,PALM,374,382,370,380,650000
11/27/2025,PAMG,67,67,65,66,3160300
11/27/2025,PANI,13775,14100,13600,13850,9229700
11/27/2025,PANIBQCZ5A,9,9,6,7,5446100
11/27/2025,PANIDRCG6A,48,52,47,52,1785700
11/27/2025,PANIHDCJ6A,82,86,80,86,2840300
11/27/2025,PANIHDCN6A,73,76,73,76,3462800
11/27/2025,PANIHDCZ5A,84,95,84,95,1002600
11/27/2025,PANIZPCJ6A,51,54,49,52,10923800
11/27/2025,PANIZPCN6A,97,102,96,102,7260300
11/27/2025,PANR,730,730,705,705,3525000
11/27/2025,PANS,1480,1500,1465,1475,180200
11/27/2025,PART,130,130,125,128,40273100
11/27/2025,PART-W,20,20,19,20,6177700
11/27/2025,PBID,488,490,486,488,375100
11/27/2025,PBRX,35,37,35,37,16701600
11/27/2025,PBSA,1320,1320,1205,1315,1839300
11/27/2025,PCAR,34,35,34,35,809100
11/27/2025,PDES,610,610,610,610,1200
11/27/2025,PDPP,372,374,366,366,271300
11/27/2025,PEGE,208,218,188,197,35888600
11/27/2025,PEHA,322,322,318,318,83800
11/27/2025,PEVE,500,505,498,505,43900
11/27/2025,PGAS,1760,1775,1740,1740,22519900
11/27/2025,PGASBQCZ5A,0,0,0,0,0
11/27/2025,PGASDRCG6A,57,57,55,55,15100
11/27/2025,PGASDRCG6B,72,72,71,71,900
11/27/2025,PGASHDCK6A,0,0,0,0,0
11/27/2025,PGASZPCJ6A,0,0,0,0,0
11/27/2025,PGEO,1210,1210,1180,1185,19247100
11/27/2025,PGEOBQCF6A,9,9,8,9,945600
11/27/2025,PGEOBQCJ6A,0,0,0,0,0
11/27/2025,PGEOBQCX5B,0,0,0,0,0
11/27/2025,PGEODRCJ6A,17,17,16,16,404900
11/27/2025,PGEOHDCH6A,18,18,18,18,100
11/27/2025,PGEOHDCH6B,25,25,25,25,3000
11/27/2025,PGEOHDPH6A,0,0,0,0,0
11/27/2025,PGEOYUCK6A,0,0,0,0,0
11/27/2025,PGEOZPCJ6A,0,0,0,0,0
11/27/2025,PGEOZPCM6A,0,0,0,0,0
11/27/2025,PGJO,1090,1145,1050,1070,919700
11/27/2025,PGLI,358,360,328,342,1262200
11/27/2025,PGUN,12275,13475,12275,12575,100700
11/27/2025,PICO,248,250,234,242,1820200
11/27/2025,PIPA,256,278,254,258,151724200
11/27/2025,PJAA,515,520,505,510,252700
11/27/2025,PJHB,575,625,555,595,115030300
11/27/2025,PJHB-W,118,124,107,108,14112300
11/27/2025,PKPK,820,840,755,820,2056700
11/27/2025,PLAN,46,46,44,44,2926100
11/27/2025,PLAS,0,0,0,0,0
11/27/2025,PLIN,0,0,0,0,0
11/27/2025,PMJS,116,116,114,116,205700
11/27/2025,PMMP,0,0,0,0,0
11/27/2025,PMUI,146,147,145,145,2565200
11/27/2025,PNBN,1220,1290,1190,1245,199681600
11/27/2025,PNBS,61,64,56,56,338402400
11/27/2025,PNGO,3010,3130,3010,3040,19300
11/27/2025,PNIN,865,890,850,855,7257100
11/27/2025,PNLF,284,290,268,278,818550100
11/27/2025,PNLFBQCM6A,24,26,22,24,1559600
11/27/2025,PNLFDRCJ6A,14,16,13,14,18626000
11/27/2025,PNLFHDCZ5A,35,36,25,31,1385100
11/27/2025,PNLFZPCH6A,0,0,0,0,0
11/27/2025,PNSE,735,770,720,725,162900
11/27/2025,POLA,35,35,34,34,2157300
11/27/2025,POLI,765,765,765,765,1300
11/27/2025,POLL,0,0,0,0,0
11/27/2025,POLU,23100,23100,22450,22500,13900
11/27/2025,POLY,25,25,24,25,337800
11/27/2025,POOL,0,0,0,0,0
11/27/2025,PORT,1150,1150,1100,1125,7300
11/27/2025,POSA,0,0,0,0,0
11/27/2025,POWR,695,700,685,695,4143900
11/27/2025,PPGL,190,190,171,171,8939400
11/27/2025,PPRE,120,125,118,120,51909800
11/27/2025,PPRI,330,332,310,312,12615100
11/27/2025,PPRO,0,0,0,0,0
11/27/2025,PRAY,850,880,850,865,20800
11/27/2025,PRDA,2380,2390,2360,2370,335200
11/27/2025,PRIM,88,89,84,88,13630700
11/27/2025,PSAB,545,550,530,530,67952700
11/27/2025,PSAT,1350,1365,1345,1355,499300
11/27/2025,PSDN,104,114,103,104,15591700
11/27/2025,PSGO,216,218,208,216,1469200
11/27/2025,PSKT,208,208,198,198,43999300
11/27/2025,PSSI,346,348,342,344,160000
11/27/2025,PTBA,2330,2330,2300,2300,5256000
11/27/2025,PTBADRCG6A,11,11,10,10,111900
11/27/2025,PTBAHDCM6A,0,0,0,0,0
11/27/2025,PTBAYUCZ5A,0,0,0,0,0
11/27/2025,PTBAZPCH6A,0,0,0,0,0
11/27/2025,PTDU,46,46,46,46,1500200
11/27/2025,PTIS,412,412,396,402,48800
11/27/2025,PTMP,88,92,86,88,15509100
11/27/2025,PTMR,0,0,0,0,0
11/27/2025,PTPP,360,366,356,360,11212600
11/27/2025,PTPS,204,204,199,202,17581900
11/27/2025,PTPW,980,980,975,975,23700
11/27/2025,PTRO,9950,10125,9900,9950,33059700
11/27/2025,PTRODRCG6A,414,432,408,408,269900
11/27/2025,PTROHDCK6A,620,630,620,620,369400
11/27/2025,PTROHDCN6A,128,129,127,127,3396600
11/27/2025,PTROYUCK6A,575,590,575,585,1100
11/27/2025,PTROZPCK6A,318,318,314,314,2100
11/27/2025,PTROZPCN6A,158,158,157,158,49700
11/27/2025,PTSN,378,384,374,380,478200
11/27/2025,PTSP,1225,1225,1090,1115,386400
11/27/2025,PUDP,0,0,0,0,0
11/27/2025,PURA,39,39,39,39,18018800
11/27/2025,PURE,0,0,0,0,0
11/27/2025,PURI,430,484,400,412,244053500
11/27/2025,PWON,356,362,354,360,37258200
11/27/2025,PWONDRCN6A,0,0,0,0,0
11/27/2025,PWONHDCZ5A,0,0,0,0,0
11/27/2025,PWONZPCH6A,0,0,0,0,0
11/27/2025,PYFA,565,610,555,575,134996700
11/27/2025,PYFA-W,125,125,119,121,572400
11/27/2025,PZZA,234,236,228,230,971200
11/27/2025,R-ABFII,0,0,0,0,0
11/27/2025,R-LQ45X,1033,1033,1027,1027,12000
11/27/2025,RAAM,242,246,236,242,6535000
11/27/2025,RAFI,30,35,30,35,24727000
11/27/2025,RAJA,6825,7300,6475,6600,230897900
11/27/2025,RAJADRCG6A,440,535,430,444,3870300
11/27/2025,RAJADRCH6A,137,157,117,137,9745600
11/27/2025,RAJAHDCK6A,400,454,386,390,1534000
11/27/2025,RAJAYUCN6A,210,242,206,228,755200
11/27/2025,RAJAZPCK6A,210,248,192,192,2488800
11/27/2025,RALS,436,438,430,432,5310400
11/27/2025,RANC,925,970,895,905,290400
11/27/2025,RATU,11525,12900,11300,12125,56956700
11/27/2025,RBMS,37,37,35,37,900100
11/27/2025,RCCC,195,214,195,214,7032600
11/27/2025,RDTX,12425,12450,12425,12450,300
11/27/2025,REAL,69,69,67,69,34041900
11/27/2025,RELF,43,43,41,43,3113800
11/27/2025,RELI,600,615,600,605,23000
11/27/2025,RGAS,99,100,98,100,4812500
11/27/2025,RICY,57,57,56,56,279000
11/27/2025,RIGS,765,770,760,770,13700
11/27/2025,RIMO,0,0,0,0,0
11/27/2025,RISE,12225,12625,11400,12075,1798500
11/27/2025,RMKE,3580,3630,3140,3370,19592100
11/27/2025,RMKO,264,264,234,240,21289300
11/27/2025,ROCK,488,545,486,545,48100
11/27/2025,RODA,44,44,42,43,58400
11/27/2025,RONY,4010,4160,4010,4160,65900
11/27/2025,ROTI,795,795,785,795,241800
11/27/2025,RSCH,408,412,400,404,9682800
11/27/2025,RSGK,0,0,0,0,0
11/27/2025,RUIS,200,200,195,197,1606000
11/27/2025,RUNS,98,108,98,108,2150000
11/27/2025,SAFE,284,290,280,286,458200
11/27/2025,SAGE,29,30,29,29,1700300
11/27/2025,SAME,410,410,380,398,11874600
11/27/2025,SAMF,312,316,312,314,58500
11/27/2025,SAPX,314,370,306,352,12333900
11/27/2025,SATU,252,254,252,254,3212200
11/27/2025,SBAT,0,0,0,0,0
11/27/2025,SBMA,128,129,128,129,331000
11/27/2025,SCCO,2420,2430,2360,2400,25900
11/27/2025,SCMA,382,392,380,388,128359900
11/27/2025,SCMABQCZ5A,0,0,0,0,0
11/27/2025,SCMADRCG6A,22,27,22,27,3129800
11/27/2025,SCMADRCK6A,138,138,138,138,77500
11/27/2025,SCMAHDCK6A,0,0,0,0,0
11/27/2025,SCMAHDCZ5A,0,0,0,0,0
11/27/2025,SCMAYUCK6A,0,0,0,0,0
11/27/2025,SCMAZPCG6A,0,0,0,0,0
11/27/2025,SCMAZPCM6A,61,61,61,61,100
11/27/2025,SCNP,162,164,160,161,228200
11/27/2025,SCPI,0,0,0,0,0
11/27/2025,SDMU,70,75,70,75,6225600
11/27/2025,SDPC,139,142,138,138,101400
11/27/2025,SDRA,292,294,282,288,188900
11/27/2025,SEMA,129,134,120,128,12023100
11/27/2025,SFAN,1940,1945,1940,1940,88100
11/27/2025,SGER,456,458,432,432,75210600
11/27/2025,SGRO,7325,7475,7325,7400,4786100
11/27/2025,SHID,895,980,880,905,236200
11/27/2025,SHIP,5375,5400,5225,5325,34400
11/27/2025,SICO,139,139,135,139,2843500
11/27/2025,SIDO,555,555,545,550,8515200
11/27/2025,SIDODRCK6A,0,0,0,0,0
11/27/2025,SIDOHDCN6A,0,0,0,0,0
11/27/2025,SIDOZPCM6A,18,18,18,18,30100
11/27/2025,SILO,2460,2470,2400,2470,3167400
11/27/2025,SIMA,0,0,0,0,0
11/27/2025,SIMP,620,630,615,620,8000300
11/27/2025,SINI,0,0,0,0,0
11/27/2025,SIPD,720,720,720,720,1100
11/27/2025,SKBM,530,530,496,500,131300
11/27/2025,SKLT,234,238,228,234,1843500
11/27/2025,SKRN,670,675,640,645,1212900
11/27/2025,SKYB,0,0,0,0,0
11/27/2025,SLIS,85,85,81,83,22316600
11/27/2025,SLIS-W,15,15,14,15,1563600
11/27/2025,SMAR,5075,5100,5000,5025,57700
11/27/2025,SMBR,300,300,290,290,17241000
11/27/2025,SMCB,0,0,0,0,0
11/27/2025,SMDM,1020,1020,910,965,2551600
11/27/2025,SMDR,310,314,308,310,13988000
11/27/2025,SMGA,103,106,102,104,44960800
11/27/2025,SMGR,2960,2970,2780,2870,63134300
11/27/2025,SMGRBQCX5B,0,0,0,0,0
11/27/2025,SMGRBQCZ5A,5,6,4,5,57546600
11/27/2025,SMGRDRCG6A,45,51,39,40,8511900
11/27/2025,SMGRHDCZ5A,61,62,42,51,2506100
11/27/2025,SMGRZPCJ6A,100,100,50,56,703600
11/27/2025,SMIL,500,505,496,496,63359100
11/27/2025,SMKL,166,168,164,166,295900
11/27/2025,SMKM,131,131,116,117,26345700
11/27/2025,SMLE,272,276,258,272,13548800
11/27/2025,SMMA,12925,13100,12500,13100,24700
11/27/2025,SMMT,1505,1550,1380,1435,747800
11/27/2025,SMRA,390,394,382,382,49655700
11/27/2025,SMRADRCG6A,0,0,0,0,0
11/27/2025,SMRADRCJ6A,15,15,15,15,3100
11/27/2025,SMRAHDCZ5A,38,38,38,38,1030200
11/27/2025,SMRAZPCH6A,0,0,0,0,0
11/27/2025,SMRU,0,0,0,0,0
11/27/2025,SMSM,1750,1765,1700,1700,7403800
11/27/2025,SNLK,410,410,404,408,8861400
11/27/2025,SOCI,224,224,218,218,5835800
11/27/2025,SOFA,300,320,280,310,31983300
11/27/2025,SOHO,1545,1625,1400,1515,281300
11/27/2025,SOLA,129,130,128,128,5632100
11/27/2025,SONA,2440,2440,2400,2440,27000
11/27/2025,SOSS,895,895,850,850,23000
11/27/2025,SOTS,400,472,394,472,5584500
11/27/2025,SOUL,89,91,87,91,1361600
11/27/2025,SPMA,242,256,240,254,1068600
11/27/2025,SPRE,116,121,116,119,1546200
11/27/2025,SPTO,660,660,650,650,444400
11/27/2025,SQMI,0,0,0,0,0
11/27/2025,SRAJ,16250,17300,16225,16400,129000
11/27/2025,SRIL,0,0,0,0,0
11/27/2025,SRSN,63,65,63,65,9664700
11/27/2025,SRTG,1600,1610,1585,1590,2153800
11/27/2025,SRTGDRCK6A,0,0,0,0,0
11/27/2025,SRTGHDCK6A,0,0,0,0,0
11/27/2025,SRTGYUCN6A,80,80,80,80,2000
11/27/2025,SRTGZPCG6A,0,0,0,0,0
11/27/2025,SRTGZPCK6A,24,24,24,24,11100
11/27/2025,SSIA,1790,1865,1755,1805,84372100
11/27/2025,SSMS,1610,1630,1585,1610,6967400
11/27/2025,SSTM,1700,1980,1510,1555,2820900
11/27/2025,STAA,1355,1360,1325,1330,8435100
11/27/2025,STAR,138,138,138,138,437200
11/27/2025,STRK,206,210,202,204,9556100
11/27/2025,STTP,10025,10025,10025,10025,100
11/27/2025,SUGI,0,0,0,0,0
11/27/2025,SULI,132,132,123,126,4829700
11/27/2025,SUNI,830,830,805,825,1426800
11/27/2025,SUPR,0,0,0,0,0
11/27/2025,SURE,2620,2650,2610,2640,5800
11/27/2025,SURI,102,103,100,100,8127600
11/27/2025,SWAT,0,0,0,0,0
11/27/2025,SWID,133,145,129,133,27464400
11/27/2025,TALF,482,494,480,484,36700
11/27/2025,TAMA,34,35,34,34,2241100
11/27/2025,TAMU,28,28,28,28,3244600
11/27/2025,TAPG,1715,1725,1660,1660,9578500
11/27/2025,TAPGDRCG6A,0,0,0,0,0
11/27/2025,TAPGDRCJ6A,109,109,109,109,100
11/27/2025,TAPGHDCH6A,228,232,216,216,584900
11/27/2025,TAPGZPCH6A,132,132,125,125,105400
11/27/2025,TAPGZPCM6A,37,37,35,35,34100
11/27/2025,TARA,25,25,25,25,3230300
11/27/2025,TAXI,16,16,15,15,15928100
11/27/2025,TAYS,81,83,79,82,14293800
11/27/2025,TBIG,1985,1990,1970,1990,391400
11/27/2025,TBLA,720,720,710,715,3030700
11/27/2025,TBMS,1325,1470,1270,1360,240100
11/27/2025,TCID,3000,3100,2990,3080,20900
11/27/2025,TCPI,7475,7650,7350,7450,7414900
11/27/2025,TDPM,0,0,0,0,0
11/27/2025,TEBE,2160,2330,2160,2180,11802200
11/27/2025,TECH,0,0,0,0,0
11/27/2025,TELE,0,0,0,0,0
11/27/2025,TFAS,254,282,252,254,6624900
11/27/2025,TFCO,500,500,500,500,100
11/27/2025,TGKA,5050,5125,5000,5000,4600
11/27/2025,TGRA,0,0,0,0,0
11/27/2025,TGUK,0,0,0,0,0
11/27/2025,TIFA,446,472,446,450,42200
11/27/2025,TINS,3300,3430,3270,3290,59277300
11/27/2025,TIRA,1435,1475,1405,1420,117500
11/27/2025,TIRT,52,52,52,52,65700
11/27/2025,TKIM,7300,7300,7175,7175,1253400
11/27/2025,TKIMDRCN6A,82,82,80,80,324600
11/27/2025,TKIMHDCJ6A,58,58,58,58,100
11/27/2025,TKIMZPCG6A,88,88,86,87,167000
11/27/2025,TKIMZPCK6A,26,27,26,26,126500
11/27/2025,TLDN,725,725,710,710,895200
11/27/2025,TLKM,3700,3700,3560,3570,48436500
11/27/2025,TLKMBQCG6A,0,0,0,0,0
11/27/2025,TLKMBQCJ6A,0,0,0,0,0
11/27/2025,TLKMDRCJ6A,101,101,96,96,11100
11/27/2025,TLKMDRCX6A,0,0,0,0,0
11/27/2025,TLKMHDCJ6A,78,78,78,78,2000
11/27/2025,TLKMYUCK6A,0,0,0,0,0
11/27/2025,TLKMZPCF6A,0,0,0,0,0
11/27/2025,TLKMZPCM6A,0,0,0,0,0
11/27/2025,TMAS,129,130,128,129,1525800
11/27/2025,TMPO,168,181,165,169,40046500
11/27/2025,TNCA,234,294,234,294,64836300
11/27/2025,TOBA,840,865,835,850,65962500
11/27/2025,TOOL,65,65,63,63,7069500
11/27/2025,TOPS,0,0,0,0,0
11/27/2025,TOSK,72,72,69,70,23470200
11/27/2025,TOTL,1030,1055,995,1040,6179500
11/27/2025,TOTO,278,278,270,274,1889400
11/27/2025,TOWR,540,545,535,540,15836000
11/27/2025,TOWRDRCN6A,16,16,16,16,1000000
11/27/2025,TOWRHDCK6A,21,21,20,20,15000
11/27/2025,TOYS,0,0,0,0,0
11/27/2025,TPIA,7200,7450,7175,7375,16226300
11/27/2025,TPMA,575,575,560,565,9545300
11/27/2025,TRAM,0,0,0,0,0
11/27/2025,TRGU,193,206,182,197,3995000
11/27/2025,TRIL,0,0,0,0,0
11/27/2025,TRIM,715,755,690,695,2212300
11/27/2025,TRIN,0,0,0,0,0
11/27/2025,TRIN-W2,0,0,0,0,0
11/27/2025,TRIO,0,0,0,0,0
11/27/2025,TRIS,188,194,188,191,417300
11/27/2025,TRJA,160,160,157,158,1280800
11/27/2025,TRON,91,91,85,87,26864100
11/27/2025,TRST,454,466,430,454,186500
11/27/2025,TRUE,133,140,133,140,42564300
11/27/2025,TRUK,585,585,498,505,8612600
11/27/2025,TRUS,426,438,426,434,6700
11/27/2025,TSPC,2810,2810,2760,2780,1080100
11/27/2025,TUGU,1100,1120,1095,1095,6531100
11/27/2025,TYRE,125,125,122,125,127200
11/27/2025,UANG,5550,5600,5400,5475,1950900
11/27/2025,UCID,430,430,428,430,716200
11/27/2025,UDNG,3760,4050,3410,3820,1278800
11/27/2025,UFOE,190,190,185,186,1320600
11/27/2025,ULTJ,1520,1520,1485,1490,2461500
11/27/2025,UNIC,9125,9125,9025,9025,1100
11/27/2025,UNIQ,426,432,420,426,41660500
11/27/2025,UNIT,0,0,0,0,0
11/27/2025,UNSP,202,202,198,200,1938800
11/27/2025,UNTD,106,113,105,105,191217700
11/27/2025,UNTR,27900,28375,27675,28350,3673200
11/27/2025,UNTRDRCG6A,188,188,188,188,1000
11/27/2025,UNTRHDCM6A,0,0,0,0,0
11/27/2025,UNTRZPCJ6A,0,0,0,0,0
11/27/2025,UNVR,2620,2630,2560,2600,34235900
11/27/2025,UNVRBQCG6A,0,0,0,0,0
11/27/2025,UNVRBQCK6A,0,0,0,0,0
11/27/2025,UNVRBQCZ5A,0,0,0,0,0
11/27/2025,UNVRDRCG6A,133,134,133,133,42300
11/27/2025,UNVRHDCM6A,182,182,182,182,1300
11/27/2025,UNVRHDPG6A,11,11,11,11,200000
11/27/2025,UNVRZPCH6A,114,114,114,114,25000
11/27/2025,UNVRZPCM6A,122,122,122,122,20000
11/27/2025,URBN,196,196,185,186,833200
11/27/2025,UVCR,116,119,114,115,9039400
11/27/2025,VAST,148,150,144,148,59300
11/27/2025,VAST-W,13,13,11,13,2641700
11/27/2025,VERN,128,132,126,129,2070000
11/27/2025,VICI,750,770,745,750,292600
11/27/2025,VICO,180,182,180,181,72400
11/27/2025,VINS,150,156,148,150,1083600
11/27/2025,VISI,222,226,220,222,6896000
11/27/2025,VIVA,28,28,27,28,7132900
11/27/2025,VKTR,505,520,484,498,69585100
11/27/2025,VOKS,262,262,246,252,322100
11/27/2025,VRNA,90,93,85,86,1992900
11/27/2025,VTNY,93,98,92,95,18873300
11/27/2025,WAPO,182,234,182,188,91043100
11/27/2025,WEGE,68,68,65,67,17576900
11/27/2025,WEHA,127,128,120,125,15355300
11/27/2025,WGSH,266,274,260,266,1171000
11/27/2025,WICO,0,0,0,0,0
11/27/2025,WIDI,40,41,37,39,17897100
11/27/2025,WIFI,3840,3930,3770,3780,131288800
11/27/2025,WIIM,1790,1790,1720,1765,7522900
11/27/2025,WIKA,0,0,0,0,0
11/27/2025,WINE,204,206,202,202,3432400
11/27/2025,WINR,41,41,37,37,16066700
11/27/2025,WINS,444,444,432,436,2540500
11/27/2025,WIRG,107,109,105,106,110429700
11/27/2025,WMPP,0,0,0,0,0
11/27/2025,WMUU,52,52,47,47,164727700
11/27/2025,WOMF,330,334,326,332,111400
11/27/2025,WOOD,390,392,366,372,12237900
11/27/2025,WOWS,77,78,76,77,12491000
11/27/2025,WSBP,19,19,18,18,144005000
11/27/2025,WSKT,0,0,0,0,0
11/27/2025,WTON,101,101,98,99,22238400
11/27/2025,XAQA,0,0,0,0,0
11/27/2025,XBES,0,0,0,0,0
11/27/2025,XBID,539,539,539,539,40000
11/27/2025,XBIG,0,0,0,0,0
11/27/2025,XBIN,611,611,611,611,40000
11/27/2025,XBLQ,432,630,432,506,56500
11/27/2025,XBNI,0,0,0,0,0
11/27/2025,XBSK,468,468,463,463,40100
11/27/2025,XCEG,112,112,111,112,3900
11/27/2025,XCID,57,57,55,56,135500
11/27/2025,XCIS,72,82,72,75,1200
11/27/2025,XCLQ,92,100,90,93,17200
11/27/2025,XDIF,410,488,410,479,2900
11/27/2025,XIFE,113,114,113,113,400
11/27/2025,XIHD,670,670,665,667,4200
11/27/2025,XIIC,898,898,898,898,1100
11/27/2025,XIID,0,0,0,0,0
11/27/2025,XIIF,0,0,0,0,0
11/27/2025,XIIT,555,570,547,547,15700
11/27/2025,XIJI,690,690,685,685,1600
11/27/2025,XILV,121,145,117,123,302300
11/27/2025,XIML,250,266,250,260,300
11/27/2025,XIPB,208,208,196,196,1700
11/27/2025,XIPI,231,231,230,230,300
11/27/2025,XISB,0,0,0,0,0
11/27/2025,XISC,845,846,750,807,4800
11/27/2025,XISI,0,0,0,0,0
11/27/2025,XISR,462,462,457,458,600
11/27/2025,XKID,1000,1000,1000,1000,100
11/27/2025,XKIV,614,614,614,614,40000
11/27/2025,XKMS,1198,1198,1188,1188,2800
11/27/2025,XMGB,0,0,0,0,0
11/27/2025,XMIG,229,229,227,227,200300
11/27/2025,XMLF,933,933,933,933,40000
11/27/2025,XMSK,401,401,401,401,1200
11/27/2025,XNVE,0,0,0,0,0
11/27/2025,XPDV,705,705,700,700,500
11/27/2025,XPFT,581,581,581,581,100
11/27/2025,XPIN,685,685,682,682,2000
11/27/2025,XPLQ,0,0,0,0,0
11/27/2025,XPSG,510,510,411,440,18300
11/27/2025,XPTD,0,0,0,0,0
11/27/2025,XSBC,110,110,109,110,33200
11/27/2025,XSPI,0,0,0,0,0
11/27/2025,XSSI,89,90,89,89,12800
11/27/2025,XSSK,718,718,718,718,20000
11/27/2025,YELO,102,102,98,100,27218000
11/27/2025,YOII,100,100,98,99,2864600
11/27/2025,YPAS,480,480,478,480,6500
11/27/2025,YULE,2710,2710,2710,2710,100
11/27/2025,YUPI,1680,1690,1675,1675,199100
11/27/2025,ZATA,64,65,63,64,16571800
11/27/2025,ZBRA,0,0,0,0,0
11/27/2025,ZINC,30,30,30,30,10898400
11/27/2025,ZONE,540,550,530,530,31500
11/27/2025,ZYRX,168,178,167,172,1614400
