<date>,<ticker>,<open>,<high>,<low>,<close>,<volume>
7/24/2025,IHSG,7485.082,7568.223,7469.064,7530.902,1343149758
7/24/2025,IDX30,0.000,0.000,0.000,0.000,0
7/24/2025,IDX80,0.000,0.000,0.000,0.000,0
7/24/2025,AADI,7200,7275,6900,6925,13895200
7/24/2025,AALI,6325,6675,6325,6525,2863900
7/24/2025,ABBA,37,37,37,37,2005700
7/24/2025,ABDA,0,0,0,0,0
7/24/2025,ABMM,3050,3050,2990,3020,818300
7/24/2025,ACES,474,484,474,476,50065000
7/24/2025,ACESBQCV5A,4,4,3,3,3060600
7/24/2025,ACESDRCJ6A,20,21,20,21,60400
7/24/2025,ACESDRCN5A,0,0,0,0,0
7/24/2025,ACESDRCQ5A,2,2,1,1,4200
7/24/2025,ACESHDCZ5A,58,58,57,57,164000
7/24/2025,ACRO,66,70,65,69,11824500
7/24/2025,ACRO-W,7,7,6,7,2832300
7/24/2025,ACST,92,92,92,92,1283900
7/24/2025,ADCP,50,50,50,50,64400
7/24/2025,ADES,12750,12750,12400,12650,89200
7/24/2025,ADHI,260,264,252,252,14934100
7/24/2025,ADMF,9150,9200,9100,9100,92600
7/24/2025,ADMG,121,126,117,122,406200
7/24/2025,ADMR,1235,1250,1175,1190,98257500
7/24/2025,ADMRDRCJ6A,61,62,54,56,964700
7/24/2025,ADMRZPCH6A,86,86,78,78,184500
7/24/2025,ADRO,2030,2040,1965,1975,64712300
7/24/2025,ADROBQCU5A,0,0,0,0,0
7/24/2025,ADROBQCZ5A,0,0,0,0,0
7/24/2025,ADRODRCJ6A,95,95,90,90,36300
7/24/2025,ADRODRCN5A,0,0,0,0,0
7/24/2025,ADRODRCQ5A,3,4,3,3,6060700
7/24/2025,ADRODRCQ5B,30,30,27,27,409700
7/24/2025,ADRODRCX5A,60,60,59,59,5100
7/24/2025,ADROHDCQ5A,10,10,9,9,400
7/24/2025,ADROHDCZ5A,101,101,94,94,3600
7/24/2025,ADROZPCF6A,0,0,0,0,0
7/24/2025,AEGS,33,33,32,32,359200
7/24/2025,AGAR,218,228,212,224,100000
7/24/2025,AGII,970,975,960,965,436100
7/24/2025,AGRO,206,224,206,214,101429000
7/24/2025,AGRS,63,65,63,64,6720600
7/24/2025,AHAP,63,65,63,64,2805100
7/24/2025,AIMS,388,396,380,384,2220400
7/24/2025,AISA,148,150,146,147,1895700
7/24/2025,AKKU,0,0,0,0,0
7/24/2025,AKPI,595,600,590,590,3400
7/24/2025,AKRA,1260,1270,1105,1240,49255900
7/24/2025,AKRADRCN5A,0,0,0,0,0
7/24/2025,AKRADRCQ5A,9,9,7,7,1466200
7/24/2025,AKRADRCX5A,39,39,39,39,8600
7/24/2025,AKRAHDCQ5A,0,0,0,0,0
7/24/2025,AKRAZPCX5A,63,63,62,63,39990000
7/24/2025,AKSI,270,270,262,266,164600
7/24/2025,ALDO,490,498,490,496,57500
7/24/2025,ALII,580,585,565,565,3793100
7/24/2025,ALKA,298,310,294,306,20900
7/24/2025,ALMI,0,0,0,0,0
7/24/2025,ALTO,0,0,0,0,0
7/24/2025,AMAG,352,354,352,354,39400
7/24/2025,AMAN,112,121,111,116,8609100
7/24/2025,AMAR,268,280,240,246,72922600
7/24/2025,AMFG,3530,3540,3500,3510,7200
7/24/2025,AMIN,156,185,151,164,1051700
7/24/2025,AMMN,8050,8300,7975,8250,45691900
7/24/2025,AMMNBQCZ5A,65,69,63,69,167300
7/24/2025,AMMNDRCJ6A,80,81,80,80,212300
7/24/2025,AMMNZPCG6A,66,66,63,66,5700
7/24/2025,AMMS,104,106,102,103,2100300
7/24/2025,AMMS-W,3,3,1,2,58957600
7/24/2025,AMOR,515,515,505,510,46200
7/24/2025,AMRT,2250,2250,2180,2190,17844000
7/24/2025,AMRTBQCU5A,16,16,13,13,14400
7/24/2025,AMRTDRCN5A,0,0,0,0,0
7/24/2025,AMRTDRCQ5A,3,3,3,3,300
7/24/2025,AMRTDRCZ5A,41,41,41,41,5300
7/24/2025,AMRTHDCQ5A,0,0,0,0,0
7/24/2025,AMRTZPCX5A,0,0,0,0,0
7/24/2025,ANDI,18,18,17,17,2467300
7/24/2025,ANJT,1755,1760,1755,1760,193800
7/24/2025,ANTM,3020,3070,2980,3030,97755800
7/24/2025,ANTMBQCU5A,286,288,286,288,600
7/24/2025,ANTMBQCX5A,84,84,84,84,800
7/24/2025,ANTMBQCZ5A,0,0,0,0,0
7/24/2025,ANTMDRCG6A,52,56,52,55,2093200
7/24/2025,ANTMDRCN5A,0,0,0,0,0
7/24/2025,ANTMDRCQ5A,266,272,266,270,1300
7/24/2025,ANTMDRCX5A,290,302,290,296,477700
7/24/2025,ANTMDRPU5A,51,51,50,50,3000100
7/24/2025,ANTMDRPU5B,30,30,29,29,143400
7/24/2025,ANTMHDCH6A,92,93,92,93,81000
7/24/2025,ANTMHDCQ5A,374,388,374,388,19600
7/24/2025,ANTMHDCU5A,0,0,0,0,0
7/24/2025,ANTMYUCQ5A,354,354,354,354,20000
7/24/2025,ANTMZPCX5A,0,0,0,0,0
7/24/2025,APEX,123,125,120,121,6388100
7/24/2025,APIC,1200,1205,1180,1190,4324400
7/24/2025,APII,168,170,168,169,30300
7/24/2025,APLI,492,492,480,486,800
7/24/2025,APLN,96,97,95,95,10252000
7/24/2025,ARCI,0,0,0,0,0
7/24/2025,AREA,416,444,416,440,1597800
7/24/2025,ARGO,1600,1935,1600,1935,610000
7/24/2025,ARII,286,286,266,272,591000
7/24/2025,ARKA,22,22,21,22,5422500
7/24/2025,ARKO,980,1000,910,985,2376000
7/24/2025,ARMY,0,0,0,0,0
7/24/2025,ARNA,590,590,575,585,2242200
7/24/2025,ARTA,0,0,0,0,0
7/24/2025,ARTI,0,0,0,0,0
7/24/2025,ARTO,1780,1940,1760,1870,38894500
7/24/2025,ARTOBQCU5A,7,11,7,10,2810000
7/24/2025,ARTOBQCZ5A,22,22,16,16,706800
7/24/2025,ARTODRCN5A,0,0,0,0,0
7/24/2025,ARTODRCQ5A,3,6,2,6,7596800
7/24/2025,ARTODRCX5A,38,46,38,45,3185500
7/24/2025,ARTOHDCZ5A,104,104,104,104,24000
7/24/2025,ARTOZPCX5A,42,43,40,42,3539400
7/24/2025,ASBI,430,436,414,420,8200
7/24/2025,ASDM,520,525,520,525,58200
7/24/2025,ASGR,900,915,895,910,942700
7/24/2025,ASHA,17,18,17,18,881400
7/24/2025,ASII,4990,5075,4980,5050,72459700
7/24/2025,ASIIBQCU5A,0,0,0,0,0
7/24/2025,ASIIBQCZ5A,0,0,0,0,0
7/24/2025,ASIIDRCQ5A,25,25,24,24,84700
7/24/2025,ASIIDRCQ5B,0,0,0,0,0
7/24/2025,ASIIDRCX5A,103,103,103,103,23300
7/24/2025,ASIIDRCX6A,3040,3040,3040,3040,100
7/24/2025,ASIIDRPQ5A,14,14,14,14,100
7/24/2025,ASIIHDCZ5A,0,0,0,0,0
7/24/2025,ASJT,113,115,110,110,482800
7/24/2025,ASLC,68,69,66,66,22986200
7/24/2025,ASLI,50,50,50,50,299100
7/24/2025,ASMI,17,17,17,17,91200
7/24/2025,ASPI,336,336,336,336,8469700
7/24/2025,ASPR,100,100,94,94,20544700
7/24/2025,ASRI,142,144,141,142,48753700
7/24/2025,ASRM,280,286,280,282,16800
7/24/2025,ASSA,885,925,885,915,16342100
7/24/2025,ATAP,28,28,28,28,1500
7/24/2025,ATIC,388,396,386,386,275300
7/24/2025,ATLA,50,50,50,50,3939200
7/24/2025,AUTO,2170,2170,2140,2150,1880700
7/24/2025,AVIA,462,462,456,458,18067000
7/24/2025,AWAN,262,262,252,256,21854500
7/24/2025,AXIO,131,135,130,132,2557700
7/24/2025,AYAM,161,162,159,162,86307700
7/24/2025,AYLS,107,109,104,107,7049800
7/24/2025,BABP,50,52,50,51,21058700
7/24/2025,BABY,250,300,248,292,12419800
7/24/2025,BACA,130,131,130,130,920000
7/24/2025,BAIK,93,96,92,94,2083000
7/24/2025,BAIK-W,8,8,7,8,271400
7/24/2025,BAJA,122,140,120,125,33025500
7/24/2025,BALI,1560,1560,1450,1475,107600
7/24/2025,BANK,820,830,810,830,5775800
7/24/2025,BANK-W,0,0,0,0,0
7/24/2025,BAPA,50,50,50,50,7200
7/24/2025,BAPI,9,9,8,8,1812600
7/24/2025,BATA,49,49,48,48,50400
7/24/2025,BATR,85,86,83,84,1195400
7/24/2025,BAUT,29,29,27,29,1979600
7/24/2025,BAYU,1270,1300,1270,1275,106900
7/24/2025,BBCA,8475,8550,8450,8500,138256800
7/24/2025,BBCABQCV5A,47,47,47,47,100
7/24/2025,BBCABQCX5A,0,0,0,0,0
7/24/2025,BBCADRCF6A,0,0,0,0,0
7/24/2025,BBCADRCQ5A,23,23,22,22,1087500
7/24/2025,BBCADRCX6A,4290,4320,4290,4310,700
7/24/2025,BBCADRPQ5A,55,55,54,54,1700
7/24/2025,BBCAHDCQ5A,0,0,0,0,0
7/24/2025,BBCAHDCU5A,0,0,0,0,0
7/24/2025,BBCAHDCV5A,0,0,0,0,0
7/24/2025,BBCAYUCQ5A,0,0,0,0,0
7/24/2025,BBCAZPCF6A,52,53,52,52,9500
7/24/2025,BBCAZPCH6A,116,116,114,114,800
7/24/2025,BBHI,1200,1350,1200,1280,12412600
7/24/2025,BBKP,63,66,63,65,318695800
7/24/2025,BBLD,870,870,835,860,44700
7/24/2025,BBMD,2190,2190,2110,2120,1000
7/24/2025,BBNI,4100,4250,4080,4220,57276100
7/24/2025,BBNIBQCU5A,0,0,0,0,0
7/24/2025,BBNIBQCV5A,85,86,85,86,5100
7/24/2025,BBNIDRCQ5A,10,10,10,10,1195100
7/24/2025,BBNIDRCX6A,2300,2380,2300,2380,1200
7/24/2025,BBNIDRCZ5A,60,63,60,63,898800
7/24/2025,BBNIDRPU5A,0,0,0,0,0
7/24/2025,BBNIHDCQ5A,36,36,36,36,11600
7/24/2025,BBNIHDCU5A,0,0,0,0,0
7/24/2025,BBNIHDPU5A,0,0,0,0,0
7/24/2025,BBNIYUCV5A,70,74,70,73,300
7/24/2025,BBNIZPCH6A,0,0,0,0,0
7/24/2025,BBNIZPCX5A,0,0,0,0,0
7/24/2025,BBRI,3830,3950,3820,3950,206654200
7/24/2025,BBRIBQCQ5A,11,12,11,12,300000
7/24/2025,BBRIBQCU5A,0,0,0,0,0
7/24/2025,BBRIBQCZ5A,0,0,0,0,0
7/24/2025,BBRIDRCQ5A,25,29,25,29,1098400
7/24/2025,BBRIDRCX5A,0,0,0,0,0
7/24/2025,BBRIDRCX6A,2300,2300,2300,2300,1300
7/24/2025,BBRIHDCH6A,138,141,138,141,1400
7/24/2025,BBRIHDCQ5A,0,0,0,0,0
7/24/2025,BBRIYUCV5A,158,158,156,156,200
7/24/2025,BBRIZPCH6A,104,104,104,104,3000
7/24/2025,BBRIZPCX5A,0,0,0,0,0
7/24/2025,BBRM,77,77,75,76,384300
7/24/2025,BBSI,4000,4000,3870,4000,2900
7/24/2025,BBSS,292,298,290,296,45500
7/24/2025,BBTN,1200,1250,1190,1215,27236000
7/24/2025,BBTNHDCZ5A,0,0,0,0,0
7/24/2025,BBTNZPCG6A,53,53,53,53,1900
7/24/2025,BBYB,258,272,252,252,124618300
7/24/2025,BCAP,56,56,55,55,8096600
7/24/2025,BCIC,0,0,0,0,0
7/24/2025,BCIP,102,104,95,95,22562000
7/24/2025,BDKR,155,158,152,158,20815100
7/24/2025,BDMN,2420,2440,2410,2440,267500
7/24/2025,BEBS,0,0,0,0,0
7/24/2025,BEEF,262,266,258,258,7603300
7/24/2025,BEER,75,76,71,74,1475800
7/24/2025,BEKS,25,25,24,24,2971300
7/24/2025,BELI,390,390,380,382,223200
7/24/2025,BELL,51,51,50,50,57600
7/24/2025,BESS,1005,1175,995,1175,158400
7/24/2025,BEST,102,105,101,105,11246900
7/24/2025,BFIN,755,765,750,755,27914300
7/24/2025,BGTG,80,90,79,80,122176800
7/24/2025,BHAT,765,775,765,770,1429500
7/24/2025,BHIT,27,27,27,27,10791500
7/24/2025,BIKA,0,0,0,0,0
7/24/2025,BIKE,590,595,580,585,881100
7/24/2025,BIMA,44,44,44,44,100
7/24/2025,BINA,4350,4350,4280,4300,65600
7/24/2025,BINO,111,112,110,110,1496100
7/24/2025,BIPI,87,90,85,88,285431900
7/24/2025,BIPP,38,38,38,38,1000
7/24/2025,BIRD,1920,1925,1875,1915,1606300
7/24/2025,BISI,920,935,920,930,140000
7/24/2025,BJBR,815,830,810,820,6009500
7/24/2025,BJTM,490,496,490,496,4392900
7/24/2025,BKDP,34,34,33,33,25400
7/24/2025,BKSL,130,141,118,121,2329516500
7/24/2025,BKSW,64,65,62,62,5254200
7/24/2025,BLES,175,177,173,175,3476900
7/24/2025,BLOG,535,605,520,545,43551600
7/24/2025,BLTA,20,20,20,20,8310600
7/24/2025,BLTZ,0,0,0,0,0
7/24/2025,BLUE,312,314,310,312,44600
7/24/2025,BMAS,615,615,615,615,200
7/24/2025,BMBL,17,18,17,17,1915500
7/24/2025,BMHS,197,198,194,197,5322800
7/24/2025,BMRI,4690,4840,4680,4800,273623100
7/24/2025,BMRIBQCU5A,17,19,17,18,50500
7/24/2025,BMRIBQCZ5A,89,89,89,89,100
7/24/2025,BMRIDRCQ5A,4,5,4,5,694600
7/24/2025,BMRIDRCX5A,67,73,67,72,70500
7/24/2025,BMRIDRCX6A,2430,2490,2430,2470,7700
7/24/2025,BMRIHDCQ5A,5,5,5,5,30600
7/24/2025,BMRIHDCU5A,108,109,108,109,1000000
7/24/2025,BMRIHDPU5A,0,0,0,0,0
7/24/2025,BMRIYUCQ5A,35,35,35,35,100
7/24/2025,BMRIZPCH6A,0,0,0,0,0
7/24/2025,BMRIZPCX5A,44,49,44,48,500500
7/24/2025,BMSR,248,250,240,242,139500
7/24/2025,BMTR,147,147,138,140,68610400
7/24/2025,BNBA,825,890,800,835,708500
7/24/2025,BNBR,27,27,26,26,2441300
7/24/2025,BNGA,1710,1755,1705,1740,6594600
7/24/2025,BNGAZPCH6A,0,0,0,0,0
7/24/2025,BNII,200,204,200,200,2038700
7/24/2025,BNLI,2840,2860,2810,2810,146000
7/24/2025,BOAT,98,99,97,98,2119500
7/24/2025,BOBA,183,188,175,183,64300
7/24/2025,BOGA,570,585,570,575,441100
7/24/2025,BOLA,130,133,124,127,1322700
7/24/2025,BOLT,1230,1240,1230,1235,352200
7/24/2025,BOSS,0,0,0,0,0
7/24/2025,BPFI,334,342,330,338,6700
7/24/2025,BPII,585,590,585,585,186600
7/24/2025,BPTR,96,98,95,96,558700
7/24/2025,BRAM,5750,5800,5750,5800,300
7/24/2025,BREN,7825,7950,7700,7725,20312400
7/24/2025,BRIS,2760,2900,2750,2850,58417700
7/24/2025,BRISBQCZ5A,88,88,87,87,1200
7/24/2025,BRISDRCJ6A,58,63,58,61,381100
7/24/2025,BRISHDCZ5A,140,143,140,140,1420900
7/24/2025,BRISYUCV5A,101,110,101,102,31100
7/24/2025,BRISZPCG6A,64,68,64,65,53300
7/24/2025,BRMS,442,444,428,438,580822600
7/24/2025,BRMSBQCZ5A,71,71,68,70,18000
7/24/2025,BRMSDRCJ6A,41,41,41,41,123800
7/24/2025,BRMSHDCZ5A,153,157,151,157,2000
7/24/2025,BRMSYUCV5A,36,36,34,35,165000
7/24/2025,BRMSZPCG6A,65,66,63,66,453100
7/24/2025,BRNA,615,660,605,645,700
7/24/2025,BRPT,2250,2360,2210,2220,199634100
7/24/2025,BRPTBQCQ5A,0,0,0,0,0
7/24/2025,BRPTBQCV5A,394,398,380,384,30400
7/24/2025,BRPTBQCZ5A,0,0,0,0,0
7/24/2025,BRPTDRCF6A,188,204,188,190,446500
7/24/2025,BRPTDRCJ6A,107,117,105,105,183100
7/24/2025,BRPTDRCN5A,0,0,0,0,0
7/24/2025,BRPTDRCQ5A,240,240,240,240,100
7/24/2025,BRPTDRCX5A,230,238,222,222,43000
7/24/2025,BRPTDRPV5A,19,19,18,19,7600
7/24/2025,BRPTHDCH6A,162,179,161,172,3200
7/24/2025,BRPTHDCQ5A,256,256,256,256,400
7/24/2025,BRPTZPCF6A,0,0,0,0,0
7/24/2025,BRPTZPCX5A,0,0,0,0,0
7/24/2025,BRRC,56,57,55,56,2814700
7/24/2025,BRRC-W,8,9,7,7,618500
7/24/2025,BSBK,51,53,50,51,64758000
7/24/2025,BSDE,830,830,805,805,8064900
7/24/2025,BSDEDRCJ6A,23,23,22,22,8300
7/24/2025,BSDEZPCH6A,0,0,0,0,0
7/24/2025,BSIM,865,900,865,875,44500
7/24/2025,BSML,104,105,101,103,41111900
7/24/2025,BSSR,4000,4010,3940,3970,1035500
7/24/2025,BSWD,0,0,0,0,0
7/24/2025,BTEK,5,5,5,5,34770700
7/24/2025,BTEL,0,0,0,0,0
7/24/2025,BTON,384,394,384,388,7600
7/24/2025,BTPN,2130,2130,2100,2120,9400
7/24/2025,BTPS,1530,1580,1500,1520,12634600
7/24/2025,BTPSZPCH6A,0,0,0,0,0
7/24/2025,BUAH,1425,1435,1295,1335,300700
7/24/2025,BUDI,240,240,234,238,203700
7/24/2025,BUKA,140,146,137,140,137455500
7/24/2025,BUKAHDCZ5A,0,0,0,0,0
7/24/2025,BUKK,820,820,805,820,6800
7/24/2025,BULL,141,142,137,139,263891900
7/24/2025,BUMI,119,120,116,116,1003326600
7/24/2025,BUVA,109,113,107,110,107400200
7/24/2025,BVIC,86,89,86,87,10690500
7/24/2025,BVIC-W,48,48,45,48,24700
7/24/2025,BWPT,93,104,93,100,523196000
7/24/2025,BYAN,19150,19250,19025,19125,45500
7/24/2025,CAKK,139,139,135,136,117700
7/24/2025,CAMP,208,212,206,208,1497100
7/24/2025,CANI,39,39,39,39,14800
7/24/2025,CARE,226,234,224,232,22647000
7/24/2025,CARS,81,83,79,82,6317000
7/24/2025,CASA,985,985,970,980,4935600
7/24/2025,CASH,63,66,60,62,1429600
7/24/2025,CASS,2130,2160,2130,2140,12600
7/24/2025,CBDK,6075,6125,5975,5975,11857100
7/24/2025,CBMF,0,0,0,0,0
7/24/2025,CBPE,185,188,185,188,285500
7/24/2025,CBRE,67,68,67,67,2586000
7/24/2025,CBUT,990,1010,960,1000,13900
7/24/2025,CCSI,324,326,316,322,247900
7/24/2025,CDIA,0,0,0,0,0
7/24/2025,CEKA,2780,2890,2760,2800,40100
7/24/2025,CENT,102,102,99,99,5109300
7/24/2025,CFIN,314,316,310,316,2110200
7/24/2025,CGAS,92,94,92,93,4619700
7/24/2025,CHEK,195,214,191,199,215200500
7/24/2025,CHEM,60,63,59,61,7702600
7/24/2025,CHIP,1315,1325,1310,1315,78500
7/24/2025,CINT,155,159,154,159,3262700
7/24/2025,CITA,3950,4010,3930,3970,271000
7/24/2025,CITY,98,104,95,99,9438300
7/24/2025,CLAY,670,850,620,740,460600
7/24/2025,CLEO,585,595,580,580,10151100
7/24/2025,CLPI,1220,1220,1200,1205,83100
7/24/2025,CMNP,1340,1340,1320,1320,174400
7/24/2025,CMNP-W,390,478,340,400,1700
7/24/2025,CMNT,820,830,800,815,29354800
7/24/2025,CMPP,75,75,75,75,56000
7/24/2025,CMRY,4620,4650,4570,4600,1031400
7/24/2025,CNKO,30,30,29,30,3585900
7/24/2025,CNMA,152,155,149,152,36680900
7/24/2025,CNTB,0,0,0,0,0
7/24/2025,CNTX,0,0,0,0,0
7/24/2025,COAL,34,34,33,34,1398700
7/24/2025,COCO,254,286,230,246,40396600
7/24/2025,COIN,725,725,665,665,133314700
7/24/2025,COWL,0,0,0,0,0
7/24/2025,CPIN,5025,5025,4930,4950,2618300
7/24/2025,CPINDRCG6A,0,0,0,0,0
7/24/2025,CPINDRCN5A,0,0,0,0,0
7/24/2025,CPINDRCQ5A,24,24,21,21,36900
7/24/2025,CPINHDCQ5A,0,0,0,0,0
7/24/2025,CPRI,0,0,0,0,0
7/24/2025,CPRO,51,52,51,51,25531200
7/24/2025,CRAB,238,240,238,240,213500
7/24/2025,CRSN,101,105,101,105,348200
7/24/2025,CSAP,252,296,248,268,1642100
7/24/2025,CSIS,69,69,67,67,221600
7/24/2025,CSMI,462,464,408,460,11917000
7/24/2025,CSRA,715,735,715,730,290500
7/24/2025,CTBN,0,0,0,0,0
7/24/2025,CTRA,955,960,935,935,9706700
7/24/2025,CTRADRCJ6A,25,25,24,24,8100
7/24/2025,CTRAZPCG6A,42,42,42,42,2400
7/24/2025,CTTH,24,25,24,25,108700
7/24/2025,CUAN,1560,1590,1530,1535,145457200
7/24/2025,CYBR,950,960,930,930,10824800
7/24/2025,CYBR-W,520,550,460,550,46700
7/24/2025,DAAZ,3940,3980,3910,3910,253600
7/24/2025,DADA,7,8,7,8,62854400
7/24/2025,DART,141,163,141,144,1935400
7/24/2025,DATA,1750,1860,1670,1790,15385800
7/24/2025,DAYA,880,900,850,890,104600
7/24/2025,DCII,0,0,0,0,0
7/24/2025,DEAL,0,0,0,0,0
7/24/2025,DEFI,0,0,0,0,0
7/24/2025,DEPO,204,206,199,204,378700
7/24/2025,DEWA,224,226,210,216,457602100
7/24/2025,DEWI,102,103,99,102,79771100
7/24/2025,DFAM,50,50,50,50,200
7/24/2025,DGIK,91,95,90,94,12649900
7/24/2025,DGNS,158,158,156,156,234900
7/24/2025,DGWG,420,422,406,408,5395500
7/24/2025,DIGI,20,20,19,19,702400
7/24/2025,DILD,129,132,129,132,17951400
7/24/2025,DIVA,114,115,110,110,2614000
7/24/2025,DKFT,660,665,605,610,53899200
7/24/2025,DKHH,55,55,54,54,16247700
7/24/2025,DKHH-W,10,11,10,11,2084500
7/24/2025,DLTA,2020,2060,2020,2050,69300
7/24/2025,DMAS,147,148,145,146,43509200
7/24/2025,DMMX,386,394,384,388,2829800
7/24/2025,DMND,525,535,520,535,76000
7/24/2025,DNAR,119,120,116,117,4612200
7/24/2025,DNET,9100,9125,9100,9125,1200
7/24/2025,DOID,396,400,386,390,24530000
7/24/2025,DOOH,122,127,119,123,184690800
7/24/2025,DOSS,140,141,137,140,509000
7/24/2025,DPNS,228,238,226,228,497700
7/24/2025,DPUM,50,50,50,50,100200
7/24/2025,DRMA,955,980,950,970,1048400
7/24/2025,DSFI,55,56,55,56,259000
7/24/2025,DSNG,1065,1120,1040,1100,36196200
7/24/2025,DSSA,64500,66900,64350,65100,3833900
7/24/2025,DUCK,0,0,0,0,0
7/24/2025,DUTI,3470,3480,3470,3480,2900
7/24/2025,DVLA,1690,1705,1685,1690,29700
7/24/2025,DWGL,220,224,214,214,293000
7/24/2025,DYAN,90,90,89,90,473400
7/24/2025,EAST,97,98,94,95,15920700
7/24/2025,ECII,199,210,197,197,2084600
7/24/2025,EDGE,4670,4750,4600,4650,125700
7/24/2025,EKAD,185,186,183,184,199300
7/24/2025,ELIT,190,193,180,181,17770600
7/24/2025,ELPI,352,352,348,352,107000
7/24/2025,ELSA,496,505,496,505,21977500
7/24/2025,ELSADRCJ6A,40,41,40,41,27500
7/24/2025,ELSAZPCG6A,0,0,0,0,0
7/24/2025,ELTY,10,11,10,11,7593000
7/24/2025,EMDE,93,93,91,91,96300
7/24/2025,EMTK,610,620,585,590,35697200
7/24/2025,EMTKBQCZ5A,90,90,90,90,1700
7/24/2025,EMTKHDCZ5A,66,66,61,61,200
7/24/2025,EMTKYUCV5A,0,0,0,0,0
7/24/2025,EMTKZPCH6A,41,41,41,41,500
7/24/2025,ENAK,705,710,700,700,363100
7/24/2025,ENRG,490,494,472,476,76622200
7/24/2025,ENRGDRCJ6A,60,60,60,60,17200
7/24/2025,ENRGHDCZ5A,154,154,154,154,100
7/24/2025,ENRGZPCG6A,132,132,132,132,38000
7/24/2025,ENVY,0,0,0,0,0
7/24/2025,ENZO,31,31,31,31,49000
7/24/2025,EPAC,12,12,11,12,1455100
7/24/2025,EPMT,2310,2330,2280,2300,25500
7/24/2025,ERAA,520,535,520,525,38666400
7/24/2025,ERAABQCZ5A,0,0,0,0,0
7/24/2025,ERAADRCJ6A,20,20,20,20,10000
7/24/2025,ERAAHDCZ5A,0,0,0,0,0
7/24/2025,ERAAZPCH6A,34,34,34,34,731700
7/24/2025,ERAL,392,398,384,394,17808900
7/24/2025,ERTX,106,109,103,105,3298000
7/24/2025,ESIP,34,34,33,33,740500
7/24/2025,ESSA,575,640,575,620,260484400
7/24/2025,ESSABQCZ5A,61,68,61,68,4600
7/24/2025,ESSAHDCH6A,60,60,58,60,92800
7/24/2025,ESTA,66,66,64,66,1161800
7/24/2025,ESTI,34,34,34,34,55100
7/24/2025,ETWA,0,0,0,0,0
7/24/2025,EURO,190,192,180,182,223600
7/24/2025,EXCL,2580,2620,2570,2610,5734700
7/24/2025,EXCLHDCQ5A,0,0,0,0,0
7/24/2025,EXCLZPCF6A,0,0,0,0,0
7/24/2025,FAPA,5575,5600,5575,5600,5800
7/24/2025,FAST,326,326,318,320,1214000
7/24/2025,FASW,0,0,0,0,0
7/24/2025,FILM,1590,1715,1560,1620,24109600
7/24/2025,FIMP,72,72,72,72,132500
7/24/2025,FIRE,79,79,76,77,5300300
7/24/2025,FISH,0,0,0,0,0
7/24/2025,FITT,216,216,212,212,2230700
7/24/2025,FLMC,47,51,47,51,1242400
7/24/2025,FMII,328,396,328,396,4548300
7/24/2025,FOLK,74,76,72,75,1212800
7/24/2025,FOOD,101,104,100,104,40300
7/24/2025,FORE,620,705,615,685,62849200
7/24/2025,FORU,1250,1270,1230,1240,440700
7/24/2025,FPNI,197,197,192,193,827600
7/24/2025,FUJI,386,404,386,398,122700
7/24/2025,FUTR,54,54,50,52,143322700
7/24/2025,FWCT,138,138,136,136,882800
7/24/2025,GAMA,0,0,0,0,0
7/24/2025,GDST,104,110,104,107,4243600
7/24/2025,GDYR,1210,1210,1155,1175,73600
7/24/2025,GEMA,85,85,77,81,11274800
7/24/2025,GEMS,9375,9400,9375,9375,158200
7/24/2025,GGRM,9350,9450,9200,9275,515600
7/24/2025,GGRMZPCG6A,50,51,50,51,600
7/24/2025,GGRP,0,0,0,0,0
7/24/2025,GHON,1610,1620,1600,1610,32900
7/24/2025,GIAA,70,71,70,70,15107600
7/24/2025,GJTL,1145,1150,1125,1130,6250400
7/24/2025,GLOB,56,61,52,61,4200
7/24/2025,GLVA,332,338,326,326,400
7/24/2025,GMFI,60,61,60,61,413800
7/24/2025,GMTD,2220,2320,2170,2270,13600
7/24/2025,GOLD,252,256,250,250,12300
7/24/2025,GOLF,212,214,204,208,4029300
7/24/2025,GOLL,0,0,0,0,0
7/24/2025,GOOD,362,364,362,364,245600
7/24/2025,GOTO,59,60,58,59,3405743000
7/24/2025,GOTOBQCZ5A,0,0,0,0,0
7/24/2025,GOTODRCG6A,12,12,12,12,150000
7/24/2025,GOTODRCN5A,0,0,0,0,0
7/24/2025,GOTODRCQ5A,0,0,0,0,0
7/24/2025,GOTOHDCQ5A,0,0,0,0,0
7/24/2025,GOTOM,0,0,0,0,0
7/24/2025,GOTOZPCH6A,0,0,0,0,0
7/24/2025,GPRA,141,142,136,138,85598400
7/24/2025,GPSO,380,388,374,380,278200
7/24/2025,GRIA,85,88,84,87,3011900
7/24/2025,GRPH,50,50,50,50,198400
7/24/2025,GRPM,48,48,47,47,1684700
7/24/2025,GRPM-W,13,13,12,13,221300
7/24/2025,GSMF,52,54,52,54,255800
7/24/2025,GTBO,197,198,182,190,1248500
7/24/2025,GTRA,150,159,150,152,2037500
7/24/2025,GTSI,40,40,40,40,550600
7/24/2025,GULA,256,258,256,256,311700
7/24/2025,GUNA,264,294,260,264,1162300
7/24/2025,GWSA,123,125,123,124,48700
7/24/2025,GZCO,105,111,105,108,35687800
7/24/2025,HADE,8,8,7,7,2489000
7/24/2025,HAIS,192,192,191,192,380200
7/24/2025,HAJJ,120,121,116,119,9621500
7/24/2025,HAJJ-W,15,15,14,15,1801000
7/24/2025,HALO,80,82,80,81,5018900
7/24/2025,HALO-W,8,9,7,9,19031800
7/24/2025,HATM,262,262,256,260,30839100
7/24/2025,HBAT,67,69,67,67,1376500
7/24/2025,HDFA,106,141,105,119,13536500
7/24/2025,HDIT,17,18,17,18,322600
7/24/2025,HEAL,1625,1625,1505,1560,40093900
7/24/2025,HEALDRCJ6A,50,50,49,50,29300
7/24/2025,HEALHDCH6A,0,0,0,0,0
7/24/2025,HEALZPCH6A,0,0,0,0,0
7/24/2025,HELI,262,262,252,256,511500
7/24/2025,HERO,402,418,402,412,105200
7/24/2025,HEXA,5425,5450,5375,5425,475400
7/24/2025,HGII,157,157,156,157,3389400
7/24/2025,HILL,226,270,224,258,90665700
7/24/2025,HITS,0,0,0,0,0
7/24/2025,HKMU,0,0,0,0,0
7/24/2025,HMSP,610,610,595,600,9215100
7/24/2025,HOKI,88,89,86,87,5653800
7/24/2025,HOME,0,0,0,0,0
7/24/2025,HOMI,206,208,206,206,28800
7/24/2025,HOPE,93,93,93,93,59044900
7/24/2025,HOTL,0,0,0,0,0
7/24/2025,HRME,22,22,22,22,651000
7/24/2025,HRTA,630,630,615,625,12571400
7/24/2025,HRUM,845,850,820,820,12534800
7/24/2025,HRUMZPCG6A,35,35,33,33,34000
7/24/2025,HUMI,60,60,58,58,33534500
7/24/2025,HUMI-W,7,7,6,7,8112000
7/24/2025,HYGN,147,147,145,146,1199400
7/24/2025,IATA,49,49,49,49,826600
7/24/2025,IATA-W,28,29,28,29,6700
7/24/2025,IBFN,17,17,16,16,509900
7/24/2025,IBOS,27,27,26,27,1501500
7/24/2025,IBST,0,0,0,0,0
7/24/2025,ICBP,10450,10475,10350,10350,2976000
7/24/2025,ICBPDRCQ5A,9,9,9,9,100
7/24/2025,ICBPDRCX6A,0,0,0,0,0
7/24/2025,ICBPHDCQ5A,0,0,0,0,0
7/24/2025,ICBPZPCX5A,67,67,67,67,100
7/24/2025,ICON,39,40,39,40,22100
7/24/2025,IDEA,50,57,49,54,777900
7/24/2025,IDPR,204,204,197,204,20400
7/24/2025,IFII,248,252,248,250,119500
7/24/2025,IFSH,795,990,785,855,923400
7/24/2025,IGAR,570,570,550,550,49900
7/24/2025,IIKP,0,0,0,0,0
7/24/2025,IKAI,8,9,8,9,731200
7/24/2025,IKAN,62,66,61,63,12371300
7/24/2025,IKBI,406,412,404,406,96700
7/24/2025,IKPM,200,200,197,198,429600
7/24/2025,IMAS,1220,1250,995,1005,18867500
7/24/2025,IMJS,290,298,226,234,248736200
7/24/2025,IMPC,380,392,378,392,22277100
7/24/2025,INAF,0,0,0,0,0
7/24/2025,INAI,161,161,158,160,541700
7/24/2025,INCF,23,23,23,23,62800
7/24/2025,INCI,600,620,595,600,89900
7/24/2025,INCO,3700,3750,3650,3710,10317800
7/24/2025,INCOBQCQ5A,0,0,0,0,0
7/24/2025,INCOBQCV5A,57,63,57,63,433800
7/24/2025,INCODRCN5A,0,0,0,0,0
7/24/2025,INCODRCQ5A,7,10,7,8,11372600
7/24/2025,INCODRCX5A,92,95,91,92,92300
7/24/2025,INCODRPV5A,45,46,45,46,6800
7/24/2025,INCOHDCQ5A,115,119,115,116,127200
7/24/2025,INCOZPCX5A,0,0,0,0,0
7/24/2025,INDF,8350,8450,8350,8350,4995300
7/24/2025,INDFBQCV5A,0,0,0,0,0
7/24/2025,INDFDRCQ5A,35,35,35,35,96100
7/24/2025,INDFDRCX6A,0,0,0,0,0
7/24/2025,INDFHDCQ5A,0,0,0,0,0
7/24/2025,INDO,195,197,193,196,5060900
7/24/2025,INDR,2590,2700,2500,2510,34800
7/24/2025,INDS,226,226,222,226,106500
7/24/2025,INDX,73,74,72,72,1225400
7/24/2025,INDY,1395,1410,1360,1370,7257300
7/24/2025,INDYZPCG6A,0,0,0,0,0
7/24/2025,INET,300,310,290,306,204586300
7/24/2025,INET-W,210,212,200,206,21234800
7/24/2025,INKP,6400,6625,6150,6175,15509000
7/24/2025,INKPDRCF6A,140,140,120,120,113000
7/24/2025,INKPDRCN5A,0,0,0,0,0
7/24/2025,INKPDRCQ5A,18,18,11,12,919000
7/24/2025,INKPHDCQ5A,10,10,8,9,130800
7/24/2025,INKPZPCF6A,73,74,73,74,200
7/24/2025,INOV,85,98,85,87,2848900
7/24/2025,INPC,182,182,162,165,79126400
7/24/2025,INPP,800,800,785,800,11100
7/24/2025,INPS,125,128,124,126,891500
7/24/2025,INRU,835,880,825,845,77700
7/24/2025,INTA,13,13,13,13,260800
7/24/2025,INTD,187,188,181,188,72100
7/24/2025,INTP,5225,5325,5200,5200,2085700
7/24/2025,INTPZPCG6A,39,39,38,38,494600
7/24/2025,IOTF,87,93,87,88,105858700
7/24/2025,IPAC,142,142,133,140,17900
7/24/2025,IPCC,1150,1155,1110,1130,1896500
7/24/2025,IPCM,284,288,282,286,1789600
7/24/2025,IPOL,134,135,132,132,170400
7/24/2025,IPPE,0,0,0,0,0
7/24/2025,IPTV,26,26,25,25,3128900
7/24/2025,IRRA,420,420,414,418,705500
7/24/2025,IRSX,48,48,48,48,23714800
7/24/2025,IRSX-W,1,1,1,1,31586200
7/24/2025,ISAP,12,12,11,11,5023100
7/24/2025,ISAP-W,3,4,3,4,493500
7/24/2025,ISAT,2330,2340,2260,2290,12100400
7/24/2025,ISATBQCU5A,73,74,73,74,140000
7/24/2025,ISATDRCG6A,0,0,0,0,0
7/24/2025,ISATDRCX5A,73,74,73,74,6000
7/24/2025,ISATHDCQ5A,0,0,0,0,0
7/24/2025,ISATZPCF6A,0,0,0,0,0
7/24/2025,ISEA,64,68,63,65,6000300
7/24/2025,ISSP,354,358,340,352,3001700
7/24/2025,ITIC,218,220,216,218,290800
7/24/2025,ITMA,760,810,760,805,85071800
7/24/2025,ITMG,22950,23200,22925,23100,1649700
7/24/2025,JARR,422,430,416,422,3660600
7/24/2025,JAST,64,64,62,62,2949300
7/24/2025,JATI,147,153,136,145,33258400
7/24/2025,JAWA,150,152,148,149,1629700
7/24/2025,JAYA,94,96,92,94,661300
7/24/2025,JECC,1020,1020,960,985,97100
7/24/2025,JGLE,8,8,7,7,5906800
7/24/2025,JIHD,660,690,620,630,6081900
7/24/2025,JKON,76,78,75,76,7031500
7/24/2025,JMAS,135,135,132,133,172800
7/24/2025,JPFA,1675,1695,1655,1655,15861400
7/24/2025,JPFABQCZ5A,91,91,91,91,1100
7/24/2025,JPFADRCJ6A,45,45,45,45,25200
7/24/2025,JPFAHDCZ5A,168,168,168,168,100
7/24/2025,JPFAZPCG6A,0,0,0,0,0
7/24/2025,JRPT,745,745,740,745,778700
7/24/2025,JSKY,0,0,0,0,0
7/24/2025,JSMR,3600,3700,3590,3630,7988100
7/24/2025,JSMRHDCH6A,138,138,138,138,2000
7/24/2025,JSMRZPCG6A,52,52,52,52,200
7/24/2025,JSPT,4520,4520,4460,4490,10300
7/24/2025,JTPE,266,270,264,270,7839900
7/24/2025,KAEF,540,560,530,530,1317000
7/24/2025,KAQI,50,50,50,50,3119200
7/24/2025,KARW,785,800,785,800,592600
7/24/2025,KAYU,0,0,0,0,0
7/24/2025,KBAG,30,30,29,29,1022300
7/24/2025,KBLI,388,388,386,388,41400
7/24/2025,KBLM,324,330,322,330,608000
7/24/2025,KBLV,57,57,55,56,3484300
7/24/2025,KBRI,0,0,0,0,0
7/24/2025,KDSI,470,480,470,480,2300
7/24/2025,KDTN,123,123,120,123,700
7/24/2025,KEEN,835,835,810,820,2733500
7/24/2025,KEJU,580,590,570,590,145100
7/24/2025,KETR,224,282,216,254,26076600
7/24/2025,KIAS,22,22,21,22,136500
7/24/2025,KICI,113,113,109,112,231600
7/24/2025,KIJA,186,187,183,186,143906800
7/24/2025,KING,224,232,212,214,4771500
7/24/2025,KING-W,17,18,15,17,14804000
7/24/2025,KINO,1100,1160,1100,1125,38600
7/24/2025,KIOS,50,65,50,52,157750500
7/24/2025,KJEN,110,110,107,108,689000
7/24/2025,KKES,24,24,24,24,63100
7/24/2025,KKGI,372,378,372,372,1875700
7/24/2025,KLAS,141,145,141,144,15756300
7/24/2025,KLBF,1495,1510,1475,1510,36113700
7/24/2025,KLBFBQCV5A,0,0,0,0,0
7/24/2025,KLBFDRCG6A,53,54,53,54,3000
7/24/2025,KLBFDRCN5A,0,0,0,0,0
7/24/2025,KLBFDRCQ5A,0,0,0,0,0
7/24/2025,KLBFHDCQ5A,0,0,0,0,0
7/24/2025,KLBFZPCF6A,0,0,0,0,0
7/24/2025,KLIN,127,131,126,130,134100
7/24/2025,KMDS,590,605,585,600,442100
7/24/2025,KMTR,260,264,258,262,80200
7/24/2025,KOBX,149,159,148,152,5192100
7/24/2025,KOCI,52,54,51,53,15822000
7/24/2025,KOCI-W,6,7,5,5,5860200
7/24/2025,KOIN,68,68,68,68,1100
7/24/2025,KOKA,94,97,80,81,113564400
7/24/2025,KONI,1250,1390,1250,1300,42400
7/24/2025,KOPI,370,376,362,362,521400
7/24/2025,KOTA,16,17,16,16,10475000
7/24/2025,KPIG,158,159,153,156,92426400
7/24/2025,KRAS,312,312,298,300,12877400
7/24/2025,KREN,9,9,9,9,5025900
7/24/2025,KRYA,262,264,252,254,11672600
7/24/2025,KSIX,198,202,197,199,123900
7/24/2025,KUAS,51,51,50,50,702300
7/24/2025,LABA,0,0,0,0,0
7/24/2025,LABS,132,134,129,134,1110200
7/24/2025,LAJU,50,50,50,50,107700
7/24/2025,LAND,22,22,21,22,38800
7/24/2025,LAPD,48,48,48,48,8965200
7/24/2025,LCGP,0,0,0,0,0
7/24/2025,LCKM,218,218,214,214,56600
7/24/2025,LEAD,73,75,72,74,13694200
7/24/2025,LFLO,240,240,226,234,138700
7/24/2025,LIFE,7450,7650,7050,7100,17300
7/24/2025,LINK,1555,1555,1555,1555,10100
7/24/2025,LION,378,380,376,378,4000
7/24/2025,LIVE,152,163,150,161,20562300
7/24/2025,LMAS,0,0,0,0,0
7/24/2025,LMAX,50,53,50,52,1542900
7/24/2025,LMPI,141,152,139,139,6139200
7/24/2025,LMSH,0,0,0,0,0
7/24/2025,LOPI,42,44,41,41,6343600
7/24/2025,LPCK,505,505,492,496,431500
7/24/2025,LPGI,398,404,398,398,35700
7/24/2025,LPIN,378,386,376,382,114300
7/24/2025,LPKR,85,87,84,85,22000600
7/24/2025,LPLI,280,290,276,290,52100
7/24/2025,LPPF,1780,1810,1750,1755,3463700
7/24/2025,LPPS,57,57,53,55,3003600
7/24/2025,LRNA,143,148,143,147,224100
7/24/2025,LSIP,1310,1330,1295,1300,25681600
7/24/2025,LSIPZPCG6A,0,0,0,0,0
7/24/2025,LTLS,875,880,870,880,63100
7/24/2025,LUCK,66,66,65,65,181000
7/24/2025,LUCY,73,75,72,73,597400
7/24/2025,MABA,0,0,0,0,0
7/24/2025,MAGP,0,0,0,0,0
7/24/2025,MAHA,145,145,139,143,5998600
7/24/2025,MAIN,695,720,690,705,5711100
7/24/2025,MANG,31,32,30,32,1442100
7/24/2025,MANG-W,24,24,23,24,10200
7/24/2025,MAPA,650,660,640,640,18238000
7/24/2025,MAPADRCJ6A,22,23,22,22,8700
7/24/2025,MAPAHDCZ5A,54,54,52,52,500
7/24/2025,MAPAZPCH6A,43,44,43,44,200
7/24/2025,MAPB,1970,2460,1920,1975,501600
7/24/2025,MAPI,1160,1175,1130,1145,12422500
7/24/2025,MAPIBQCV5A,13,14,12,12,98100
7/24/2025,MAPIDRCQ5A,13,13,8,8,73600
7/24/2025,MAPIDRCX5A,25,26,23,23,48500
7/24/2025,MAPIHDCQ5A,0,0,0,0,0
7/24/2025,MARI,22,22,21,21,12705400
7/24/2025,MARK,670,670,660,665,19581300
7/24/2025,MASA,0,0,0,0,0
7/24/2025,MASB,3290,3300,3290,3300,500
7/24/2025,MAXI,50,50,50,50,3200
7/24/2025,MAYA,179,206,179,192,37588000
7/24/2025,MBAP,1710,1735,1705,1735,110300
7/24/2025,MBMA,525,530,496,505,378669700
7/24/2025,MBMADRCQ5A,26,27,21,23,7275000
7/24/2025,MBMADRCX5A,56,56,50,50,2591400
7/24/2025,MBMAHDCH6A,99,99,99,99,500
7/24/2025,MBMAHDCQ5A,12,13,9,11,11041800
7/24/2025,MBMAZPCX5A,92,94,89,94,4200
7/24/2025,MBSS,1700,1800,1660,1755,1777400
7/24/2025,MBTO,84,85,83,85,704300
7/24/2025,MCAS,1080,1085,1065,1075,44100
7/24/2025,MCOL,4040,4040,4010,4020,16700
7/24/2025,MCOR,66,66,65,66,3481600
7/24/2025,MDIA,22,24,22,22,287300
7/24/2025,MDIY,1245,1260,1220,1245,846400
7/24/2025,MDKA,2440,2490,2380,2420,63782400
7/24/2025,MDKABQCV5A,128,137,128,128,29500
7/24/2025,MDKADRCN5A,0,0,0,0,0
7/24/2025,MDKADRCQ5A,40,40,35,40,4774600
7/24/2025,MDKADRCV5A,95,103,95,102,203900
7/24/2025,MDKAHDCU5A,0,0,0,0,0
7/24/2025,MDKAHDCZ5A,0,0,0,0,0
7/24/2025,MDKAYUCQ5A,140,140,135,135,1400
7/24/2025,MDKAZPCF6A,82,87,82,87,11000
7/24/2025,MDKI,161,161,159,160,59500
7/24/2025,MDLA,185,187,183,187,1942100
7/24/2025,MDLN,50,51,50,50,5257800
7/24/2025,MDRN,7,7,7,7,1576100
7/24/2025,MEDC,1270,1305,1260,1285,42392400
7/24/2025,MEDCBQCV5A,92,92,91,91,6900
7/24/2025,MEDCBQCZ5A,52,52,52,52,100
7/24/2025,MEDCDRCG6A,45,47,42,47,2096500
7/24/2025,MEDCDRCN5A,0,0,0,0,0
7/24/2025,MEDCDRCQ5A,44,46,43,45,2672600
7/24/2025,MEDCDRPV5A,38,38,38,38,100
7/24/2025,MEDCHDCQ5A,0,0,0,0,0
7/24/2025,MEDCZPCF6A,0,0,0,0,0
7/24/2025,MEDS,50,50,50,50,1300
7/24/2025,MEGA,3340,3340,3260,3330,11200
7/24/2025,MEJA,76,76,66,66,9628600
7/24/2025,MEJA-W,6,6,6,6,75555500
7/24/2025,MENN,47,48,46,47,6616400
7/24/2025,MERI,298,420,298,388,768392900
7/24/2025,MERK,2950,2950,2900,2900,32800
7/24/2025,META,0,0,0,0,0
7/24/2025,MFIN,0,0,0,0,0
7/24/2025,MFMI,0,0,0,0,0
7/24/2025,MGLV,760,760,740,760,1287400
7/24/2025,MGNA,31,31,31,31,800
7/24/2025,MGNA-W,0,0,0,0,0
7/24/2025,MGRO,710,720,700,715,5164200
7/24/2025,MHKI,128,130,128,129,481700
7/24/2025,MICE,476,476,470,470,800
7/24/2025,MIDI,416,416,410,412,4036600
7/24/2025,MIKA,2440,2490,2430,2470,4487400
7/24/2025,MIKAZPCG6A,0,0,0,0,0
7/24/2025,MINA,112,123,109,122,1144651900
7/24/2025,MINE,510,510,498,500,3896600
7/24/2025,MIRA,35,35,35,35,1746100
7/24/2025,MITI,186,190,185,186,1623300
7/24/2025,MKAP,342,360,340,352,1787700
7/24/2025,MKNT,0,0,0,0,0
7/24/2025,MKPI,22325,23200,22325,22900,9500
7/24/2025,MKTR,106,106,104,105,87200
7/24/2025,MKTR-W,5,6,5,6,1439800
7/24/2025,MLBI,6500,6500,6025,6050,674000
7/24/2025,MLIA,340,344,336,340,4533600
7/24/2025,MLPL,110,112,104,106,69260900
7/24/2025,MLPT,32375,33000,32250,32525,28500
7/24/2025,MMIX,232,264,212,240,40293600
7/24/2025,MMLP,580,580,545,550,42992600
7/24/2025,MNCN,266,266,258,260,32211600
7/24/2025,MOLI,198,200,195,196,73900
7/24/2025,MORA,396,396,364,378,2881900
7/24/2025,MPIX,63,64,61,64,6187000
7/24/2025,MPIX-W,8,8,7,8,73700
7/24/2025,MPMX,980,980,975,980,2337400
7/24/2025,MPOW,116,117,113,116,657600
7/24/2025,MPPA,62,62,60,61,27486600
7/24/2025,MPRO,2200,2210,2100,2140,219300
7/24/2025,MPXL,109,112,107,110,1691500
7/24/2025,MRAT,250,256,240,250,432100
7/24/2025,MREI,1010,1040,1010,1010,215000
7/24/2025,MSIE,27,28,26,28,478000
7/24/2025,MSIN,510,510,492,496,45680400
7/24/2025,MSJA,300,300,296,298,347500
7/24/2025,MSKY,53,55,53,54,7645200
7/24/2025,MSTI,1495,1510,1460,1470,3515500
7/24/2025,MTDL,555,570,550,560,5279800
7/24/2025,MTEL,610,610,595,595,13241000
7/24/2025,MTFN,5,5,4,4,36075600
7/24/2025,MTLA,450,450,448,448,25800
7/24/2025,MTMH,915,925,875,915,385200
7/24/2025,MTPS,42,42,41,41,44200
7/24/2025,MTRA,0,0,0,0,0
7/24/2025,MTSM,0,0,0,0,0
7/24/2025,MTWI,320,326,292,312,2620200
7/24/2025,MUTU,91,92,89,90,986000
7/24/2025,MUTU-W,1,1,1,1,150100
7/24/2025,MYOH,1720,1720,1700,1715,108700
7/24/2025,MYOR,2010,2060,2010,2040,8086000
7/24/2025,MYORZPCH6A,0,0,0,0,0
7/24/2025,MYTX,0,0,0,0,0
7/24/2025,NAIK,160,168,159,161,16908400
7/24/2025,NAIK-W,30,33,29,30,7872800
7/24/2025,NANO,22,23,22,22,5890300
7/24/2025,NASA,17,17,16,17,101100
7/24/2025,NASI,86,87,84,84,2565200
7/24/2025,NATO,140,142,138,142,74900
7/24/2025,NAYZ,40,42,39,42,4580700
7/24/2025,NCKL,720,730,705,710,45238300
7/24/2025,NELY,374,384,372,374,1443900
7/24/2025,NEST,294,300,294,300,3438600
7/24/2025,NETV,144,145,142,143,335000
7/24/2025,NFCX,1925,1970,1925,1960,77900
7/24/2025,NICE,466,470,452,454,6964600
7/24/2025,NICK,1100,1375,1100,1375,385000
7/24/2025,NICL,1090,1290,1075,1250,222200900
7/24/2025,NIKL,238,240,234,238,330600
7/24/2025,NINE,70,77,70,77,42329900
7/24/2025,NIRO,121,122,120,122,37200
7/24/2025,NISP,1350,1365,1340,1355,8067500
7/24/2025,NOBU,555,575,555,560,7047200
7/24/2025,NPGF,50,50,50,50,220000
7/24/2025,NRCA,0,0,0,0,0
7/24/2025,NSSS,384,394,376,390,4314200
7/24/2025,NTBK,50,50,50,50,200
7/24/2025,NUSA,0,0,0,0,0
7/24/2025,NZIA,87,89,87,88,1786700
7/24/2025,OASA,191,196,186,195,60031600
7/24/2025,OBAT,390,390,386,386,1487400
7/24/2025,OBAT-W,48,56,48,52,2787200
7/24/2025,OBMD,208,214,186,196,2865300
7/24/2025,OCAP,0,0,0,0,0
7/24/2025,OILS,104,105,102,104,203300
7/24/2025,OKAS,274,284,246,280,18354800
7/24/2025,OLIV,23,24,22,23,920900
7/24/2025,OMED,175,175,174,175,606900
7/24/2025,OMRE,0,0,0,0,0
7/24/2025,OPMS,69,70,68,68,2697700
7/24/2025,PACK,3670,3750,3640,3680,2528300
7/24/2025,PADA,14,14,13,14,1365300
7/24/2025,PADI,34,34,33,34,852800
7/24/2025,PALM,398,406,392,396,651200
7/24/2025,PAMG,84,85,75,78,116026600
7/24/2025,PANI,16700,16900,16150,16225,21534500
7/24/2025,PANIHDCZ5A,266,274,256,256,1268900
7/24/2025,PANR,995,995,850,850,6298300
7/24/2025,PANS,1420,1510,1420,1450,212200
7/24/2025,PART,128,145,128,134,48180200
7/24/2025,PART-W,22,25,22,24,41502000
7/24/2025,PBID,505,505,500,505,97100
7/24/2025,PBRX,20,20,20,20,7762100
7/24/2025,PBSA,372,374,370,372,1969600
7/24/2025,PCAR,27,27,26,26,1152200
7/24/2025,PDES,448,448,448,448,5900
7/24/2025,PDPP,492,500,482,488,601500
7/24/2025,PEGE,117,118,114,115,1611800
7/24/2025,PEHA,328,328,314,314,67000
7/24/2025,PEVE,358,372,358,370,647000
7/24/2025,PGAS,1610,1640,1610,1625,30088900
7/24/2025,PGASBQCU5A,0,0,0,0,0
7/24/2025,PGASBQCZ5A,0,0,0,0,0
7/24/2025,PGASDRCG6A,68,68,68,68,300000
7/24/2025,PGASDRCN5A,0,0,0,0,0
7/24/2025,PGASDRCQ5A,0,0,0,0,0
7/24/2025,PGASHDCQ5A,0,0,0,0,0
7/24/2025,PGASYUCQ5A,0,0,0,0,0
7/24/2025,PGEO,1650,1670,1595,1600,69056200
7/24/2025,PGEODRCJ6A,68,68,62,63,5169200
7/24/2025,PGEODRCN5A,0,0,0,0,0
7/24/2025,PGEODRCQ5A,119,119,114,116,1700
7/24/2025,PGEODRPV5A,31,31,31,31,27900
7/24/2025,PGEOHDCH6A,91,91,85,85,33700
7/24/2025,PGEOHDCQ5A,0,0,0,0,0
7/24/2025,PGJO,0,0,0,0,0
7/24/2025,PGLI,130,137,128,133,123400
7/24/2025,PGUN,670,800,660,735,972200
7/24/2025,PICO,128,132,126,129,461200
7/24/2025,PIPA,64,64,60,60,17988500
7/24/2025,PJAA,486,490,476,484,129800
7/24/2025,PKPK,625,625,605,610,3900
7/24/2025,PLAN,39,42,39,40,472500
7/24/2025,PLAS,0,0,0,0,0
7/24/2025,PLIN,0,0,0,0,0
7/24/2025,PMJS,122,124,119,124,146500
7/24/2025,PMMP,0,0,0,0,0
7/24/2025,PMUI,124,128,122,123,14592500
7/24/2025,PNBN,1140,1155,1135,1140,6686500
7/24/2025,PNBS,50,50,50,50,242900
7/24/2025,PNGO,1905,1920,1900,1900,7500
7/24/2025,PNIN,910,915,900,900,66100
7/24/2025,PNLF,268,272,266,266,97338000
7/24/2025,PNLFDRCJ6A,19,19,18,18,421900
7/24/2025,PNLFHDCZ5A,0,0,0,0,0
7/24/2025,PNLFYUCV5A,0,0,0,0,0
7/24/2025,PNLFZPCH6A,0,0,0,0,0
7/24/2025,PNSE,750,800,710,755,65200
7/24/2025,POLA,16,16,16,16,82600
7/24/2025,POLI,0,0,0,0,0
7/24/2025,POLL,0,0,0,0,0
7/24/2025,POLU,0,0,0,0,0
7/24/2025,POLY,18,19,18,19,14400
7/24/2025,POOL,0,0,0,0,0
7/24/2025,PORT,900,1095,870,935,573000
7/24/2025,POSA,0,0,0,0,0
7/24/2025,POWR,690,690,685,690,2003700
7/24/2025,PPGL,99,99,97,99,58400
7/24/2025,PPRE,61,62,59,61,3778700
7/24/2025,PPRI,140,143,137,140,396500
7/24/2025,PPRO,0,0,0,0,0
7/24/2025,PRAY,610,630,610,620,15300
7/24/2025,PRDA,2940,2940,2920,2940,620800
7/24/2025,PRIM,61,61,59,59,4130100
7/24/2025,PSAB,440,440,432,434,89793400
7/24/2025,PSAT,1950,2030,1890,1990,6791800
7/24/2025,PSDN,77,80,75,76,165600
7/24/2025,PSGO,177,190,175,179,1149100
7/24/2025,PSKT,39,39,37,37,594100
7/24/2025,PSSI,350,350,346,346,123900
7/24/2025,PTBA,2440,2490,2440,2470,10467000
7/24/2025,PTBABQCV5A,0,0,0,0,0
7/24/2025,PTBADRCG6A,35,35,33,33,154500
7/24/2025,PTBADRCN5A,0,0,0,0,0
7/24/2025,PTBADRCQ5A,0,0,0,0,0
7/24/2025,PTBAHDCQ5A,0,0,0,0,0
7/24/2025,PTBAZPCH6A,0,0,0,0,0
7/24/2025,PTDU,0,0,0,0,0
7/24/2025,PTIS,362,364,352,362,27300
7/24/2025,PTMP,93,94,89,91,16005900
7/24/2025,PTMR,0,0,0,0,0
7/24/2025,PTPP,420,430,414,416,20678000
7/24/2025,PTPS,136,138,130,131,31286800
7/24/2025,PTPW,950,950,945,950,23500
7/24/2025,PTRO,3800,3880,3660,3700,62509400
7/24/2025,PTSN,216,226,216,224,1100900
7/24/2025,PTSP,1035,1045,1000,1045,101700
7/24/2025,PUDP,214,220,208,216,561800
7/24/2025,PURA,13,14,13,14,2122100
7/24/2025,PURE,0,0,0,0,0
7/24/2025,PURI,186,187,181,183,245700
7/24/2025,PWON,364,364,360,362,22694100
7/24/2025,PWONHDCZ5A,0,0,0,0,0
7/24/2025,PWONZPCH6A,0,0,0,0,0
7/24/2025,PYFA,0,0,0,0,0
7/24/2025,PYFA-W,0,0,0,0,0
7/24/2025,PZZA,166,170,163,163,2802100
7/24/2025,R-ABFII,0,0,0,0,0
7/24/2025,R-LQ45X,980,983,980,983,4200
7/24/2025,RAAM,270,270,264,266,12449400
7/24/2025,RAFI,0,0,0,0,0
7/24/2025,RAJA,2370,2420,2340,2370,20870500
7/24/2025,RALS,406,408,400,402,7943200
7/24/2025,RANC,420,424,408,414,67000
7/24/2025,RATU,6800,7050,6775,6850,5733600
7/24/2025,RBMS,23,24,23,24,245300
7/24/2025,RCCC,106,107,106,106,378300
7/24/2025,RDTX,12000,12500,12000,12500,1100
7/24/2025,REAL,47,47,43,47,7017900
7/24/2025,RELF,20,20,19,20,1513100
7/24/2025,RELI,940,1100,755,820,1082500
7/24/2025,RGAS,129,134,122,131,37377500
7/24/2025,RICY,36,36,35,35,20900
7/24/2025,RIGS,795,800,775,775,19200
7/24/2025,RIMO,0,0,0,0,0
7/24/2025,RISE,1050,1050,1045,1050,418700
7/24/2025,RMKE,535,540,515,525,1027800
7/24/2025,RMKO,101,102,100,100,154000
7/24/2025,ROCK,292,292,292,292,19000
7/24/2025,RODA,35,35,34,34,14300
7/24/2025,RONY,0,0,0,0,0
7/24/2025,ROTI,820,830,820,820,1843200
7/24/2025,RSCH,456,462,452,456,2210200
7/24/2025,RSGK,0,0,0,0,0
7/24/2025,RUIS,187,188,186,187,1079700
7/24/2025,RUNS,67,73,61,64,4407000
7/24/2025,SAFE,208,218,208,212,706800
7/24/2025,SAGE,13,13,12,12,1442800
7/24/2025,SAME,250,256,250,254,2258800
7/24/2025,SAMF,336,336,334,336,56400
7/24/2025,SAPX,304,308,300,302,119000
7/24/2025,SATU,234,234,228,230,4301400
7/24/2025,SBAT,0,0,0,0,0
7/24/2025,SBMA,118,119,117,117,2022600
7/24/2025,SCCO,2200,2200,2150,2160,21000
7/24/2025,SCMA,184,186,178,178,91697600
7/24/2025,SCMABQCZ5A,0,0,0,0,0
7/24/2025,SCMAHDCZ5A,0,0,0,0,0
7/24/2025,SCMAZPCG6A,61,63,61,62,6900
7/24/2025,SCNP,154,156,153,153,12800
7/24/2025,SCPI,0,0,0,0,0
7/24/2025,SDMU,36,39,36,39,1202600
7/24/2025,SDPC,126,129,126,128,113000
7/24/2025,SDRA,298,304,298,302,642700
7/24/2025,SEMA,86,86,84,85,894900
7/24/2025,SFAN,1925,1925,1910,1910,114500
7/24/2025,SGER,344,346,338,346,74443300
7/24/2025,SGRO,2780,2810,2760,2800,893600
7/24/2025,SHID,1280,1280,1065,1065,512400
7/24/2025,SHIP,2920,3010,2900,2950,81400
7/24/2025,SICO,110,110,107,109,1861500
7/24/2025,SIDO,525,525,510,515,21987400
7/24/2025,SILO,2130,2170,2120,2140,847000
7/24/2025,SIMA,0,0,0,0,0
7/24/2025,SIMP,540,550,535,545,10827400
7/24/2025,SINI,3690,3690,3600,3600,41400
7/24/2025,SIPD,725,730,725,730,800
7/24/2025,SKBM,340,348,334,336,24200
7/24/2025,SKLT,190,193,189,191,45900
7/24/2025,SKRN,442,442,424,430,565900
7/24/2025,SKYB,0,0,0,0,0
7/24/2025,SLIS,50,50,50,50,423200
7/24/2025,SLIS-W,6,7,6,7,634000
7/24/2025,SMAR,3560,3630,3540,3560,46500
7/24/2025,SMBR,310,330,300,302,193198200
7/24/2025,SMCB,0,0,0,0,0
7/24/2025,SMDM,810,860,795,855,279300
7/24/2025,SMDR,368,370,340,346,72227200
7/24/2025,SMGA,83,83,80,81,31497000
7/24/2025,SMGR,2480,2600,2480,2500,24192400
7/24/2025,SMGRBQCU5A,11,12,11,11,49800
7/24/2025,SMGRBQCZ5A,37,37,32,32,2100
7/24/2025,SMGRDRCN5A,0,0,0,0,0
7/24/2025,SMGRDRCQ5A,0,0,0,0,0
7/24/2025,SMGRDRCV5A,43,48,42,45,2022300
7/24/2025,SMGRHDCZ5A,0,0,0,0,0
7/24/2025,SMIL,286,292,284,290,74025500
7/24/2025,SMKL,158,163,158,159,190000
7/24/2025,SMKM,79,79,72,74,19623800
7/24/2025,SMLE,126,127,124,124,1174400
7/24/2025,SMMA,15775,18925,15775,18925,17400
7/24/2025,SMMT,850,890,850,860,6600
7/24/2025,SMRA,396,402,394,396,46643800
7/24/2025,SMRADRCJ6A,26,26,25,25,1097500
7/24/2025,SMRAHDCZ5A,0,0,0,0,0
7/24/2025,SMRAZPCH6A,49,50,49,50,39000
7/24/2025,SMRU,0,0,0,0,0
7/24/2025,SMSM,1910,1920,1890,1890,1072700
7/24/2025,SNLK,515,515,500,515,7830600
7/24/2025,SOCI,174,176,172,175,2297900
7/24/2025,SOFA,45,45,43,44,1363900
7/24/2025,SOHO,690,690,685,685,1600
7/24/2025,SOLA,119,119,103,109,47101100
7/24/2025,SONA,3250,3600,3200,3250,46500
7/24/2025,SOSS,422,434,414,430,133100
7/24/2025,SOTS,272,272,266,268,6600
7/24/2025,SOUL,37,40,37,40,5631700
7/24/2025,SPMA,260,260,256,258,106600
7/24/2025,SPRE,94,94,87,88,2231600
7/24/2025,SPTO,670,680,670,680,318700
7/24/2025,SQMI,0,0,0,0,0
7/24/2025,SRAJ,4500,4500,4460,4500,8700
7/24/2025,SRIL,0,0,0,0,0
7/24/2025,SRSN,51,51,50,51,128700
7/24/2025,SRTG,2030,2040,1980,1990,8299800
7/24/2025,SRTGZPCG6A,121,122,121,121,73800
7/24/2025,SSIA,2580,2670,2560,2600,42825600
7/24/2025,SSMS,1385,1420,1375,1375,8825400
7/24/2025,SSTM,164,164,161,164,27800
7/24/2025,STAA,855,885,845,880,14965600
7/24/2025,STAR,30,31,30,31,366100
7/24/2025,STRK,95,98,93,93,22333700
7/24/2025,STTP,10850,10850,10800,10800,600
7/24/2025,SUGI,0,0,0,0,0
7/24/2025,SULI,109,112,106,110,976700
7/24/2025,SUNI,885,925,885,890,647500
7/24/2025,SUPR,0,0,0,0,0
7/24/2025,SURE,2400,2440,2320,2420,6200
7/24/2025,SURI,118,121,114,118,56792100
7/24/2025,SWAT,0,0,0,0,0
7/24/2025,SWID,59,60,59,59,715700
7/24/2025,TALF,292,314,292,302,11800
7/24/2025,TAMA,28,28,28,28,18100
7/24/2025,TAMU,14,14,14,14,6085700
7/24/2025,TAPG,1310,1390,1310,1370,27276700
7/24/2025,TAPGDRCJ6A,57,61,57,61,500
7/24/2025,TAPGHDCH6A,0,0,0,0,0
7/24/2025,TAPGZPCH6A,73,80,73,80,3200
7/24/2025,TARA,10,10,9,9,1003200
7/24/2025,TAXI,7,7,6,7,7342800
7/24/2025,TAYS,50,50,50,50,32400
7/24/2025,TBIG,1975,1980,1945,1955,1314700
7/24/2025,TBLA,810,815,795,805,3269300
7/24/2025,TBMS,1045,1050,1000,1035,46200
7/24/2025,TCID,2390,2390,2290,2310,4600
7/24/2025,TCPI,5750,5850,5625,5850,4098200
7/24/2025,TDPM,0,0,0,0,0
7/24/2025,TEBE,1180,1200,1095,1095,4356700
7/24/2025,TECH,0,0,0,0,0
7/24/2025,TELE,0,0,0,0,0
7/24/2025,TFAS,130,132,120,121,2697700
7/24/2025,TFCO,0,0,0,0,0
7/24/2025,TGKA,5975,6000,5975,5975,1500
7/24/2025,TGRA,0,0,0,0,0
7/24/2025,TGUK,0,0,0,0,0
7/24/2025,TIFA,570,600,550,590,9700
7/24/2025,TINS,1080,1085,1065,1070,14976800
7/24/2025,TIRA,1755,1800,1730,1780,12200
7/24/2025,TIRT,0,0,0,0,0
7/24/2025,TKIM,6050,6150,5825,5850,3493600
7/24/2025,TKIMZPCG6A,75,75,70,72,2347100
7/24/2025,TLDN,610,615,600,610,434800
7/24/2025,TLKM,2860,2870,2800,2840,74224200
7/24/2025,TLKMBQCQ5A,49,49,49,49,100
7/24/2025,TLKMBQCV5A,0,0,0,0,0
7/24/2025,TLKMDRCJ6A,68,68,66,66,688700
7/24/2025,TLKMDRCQ5A,0,0,0,0,0
7/24/2025,TLKMDRCQ5B,90,90,90,90,100
7/24/2025,TLKMDRCX6A,0,0,0,0,0
7/24/2025,TLKMHDCQ5A,0,0,0,0,0
7/24/2025,TLKMHDCV5A,0,0,0,0,0
7/24/2025,TLKMYUCQ5A,0,0,0,0,0
7/24/2025,TLKMZPCF6A,0,0,0,0,0
7/24/2025,TMAS,132,133,128,129,3890200
7/24/2025,TMPO,169,206,169,175,55993300
7/24/2025,TNCA,138,145,136,138,1619200
7/24/2025,TOBA,1065,1135,1040,1065,320784700
7/24/2025,TOOL,50,51,50,51,338400
7/24/2025,TOPS,0,0,0,0,0
7/24/2025,TOSK,50,50,50,50,1286100
7/24/2025,TOTL,715,720,700,705,1044900
7/24/2025,TOTO,232,234,230,234,878000
7/24/2025,TOWR,675,680,655,660,50729700
7/24/2025,TOYS,0,0,0,0,0
7/24/2025,TPIA,9050,9100,8950,9100,5661800
7/24/2025,TPMA,610,615,600,605,5015000
7/24/2025,TRAM,0,0,0,0,0
7/24/2025,TRGU,181,189,181,189,53300
7/24/2025,TRIL,0,0,0,0,0
7/24/2025,TRIM,374,382,372,372,45300
7/24/2025,TRIN,103,103,101,102,581000
7/24/2025,TRIN-W2,0,0,0,0,0
7/24/2025,TRIO,0,0,0,0,0
7/24/2025,TRIS,173,179,165,177,441700
7/24/2025,TRJA,138,139,129,136,1335500
7/24/2025,TRON,101,101,99,99,1072200
7/24/2025,TRST,500,500,482,492,25000
7/24/2025,TRUE,18,19,18,19,1261000
7/24/2025,TRUK,153,156,147,155,5610600
7/24/2025,TRUS,452,452,432,440,44400
7/24/2025,TSPC,2260,2280,2260,2270,610500
7/24/2025,TUGU,970,985,970,980,4590700
7/24/2025,TYRE,134,134,128,130,176400
7/24/2025,UANG,202,202,197,200,628700
7/24/2025,UCID,500,505,494,496,3523800
7/24/2025,UDNG,1470,1555,1405,1490,1597400
7/24/2025,UFOE,168,168,165,166,158300
7/24/2025,ULTJ,1300,1300,1285,1300,9150300
7/24/2025,UNIC,7875,7875,7825,7825,6500
7/24/2025,UNIQ,380,394,376,380,29693300
7/24/2025,UNIT,0,0,0,0,0
7/24/2025,UNSP,134,134,130,130,249500
7/24/2025,UNTD,78,78,76,77,2952300
7/24/2025,UNTR,24150,24325,23875,24225,4356300
7/24/2025,UNTRBQCV5A,0,0,0,0,0
7/24/2025,UNTRDRCG6A,133,133,132,132,10800
7/24/2025,UNTRDRCN5A,0,0,0,0,0
7/24/2025,UNTRDRCQ5A,38,38,36,38,234200
7/24/2025,UNTRHDCQ5A,0,0,0,0,0
7/24/2025,UNVR,1570,1625,1570,1585,24659800
7/24/2025,UNVRBQCQ5A,10,12,9,10,32500
7/24/2025,UNVRBQCU5A,27,28,27,27,300
7/24/2025,UNVRBQCZ5A,88,88,88,88,100
7/24/2025,UNVRDRCG6A,38,38,37,37,300900
7/24/2025,UNVRDRCN5A,0,0,0,0,0
7/24/2025,UNVRDRCQ5A,3,4,3,4,10600
7/24/2025,UNVRHDCQ5A,0,0,0,0,0
7/24/2025,UNVRZPCH6A,0,0,0,0,0
7/24/2025,URBN,135,136,130,135,130800
7/24/2025,UVCR,75,76,73,74,2550000
7/24/2025,VAST,191,200,190,200,9865700
7/24/2025,VAST-W,14,15,13,15,13135200
7/24/2025,VERN,120,160,117,158,35962800
7/24/2025,VERN-W,4,6,3,5,117748600
7/24/2025,VICI,630,640,630,635,580500
7/24/2025,VICO,160,167,158,160,1000800
7/24/2025,VINS,115,115,112,115,40500
7/24/2025,VISI,146,146,143,144,1176300
7/24/2025,VIVA,12,12,12,12,831800
7/24/2025,VKTR,86,87,85,86,12627800
7/24/2025,VOKS,192,195,190,193,39400
7/24/2025,VRNA,73,74,73,74,1600
7/24/2025,VTNY,116,118,101,103,32111500
7/24/2025,WAPO,162,164,144,145,13573600
7/24/2025,WEGE,53,54,52,54,3446500
7/24/2025,WEHA,115,116,113,115,1200500
7/24/2025,WGSH,169,170,165,166,526000
7/24/2025,WICO,0,0,0,0,0
7/24/2025,WIDI,20,20,18,19,9002000
7/24/2025,WIFI,2780,2820,2680,2760,128899800
7/24/2025,WIIM,840,850,835,840,400500
7/24/2025,WIKA,0,0,0,0,0
7/24/2025,WINE,230,230,218,224,419900
7/24/2025,WINR,26,27,26,26,2776800
7/24/2025,WINS,378,380,374,380,380300
7/24/2025,WIRG,126,126,107,107,1502209800
7/24/2025,WMPP,0,0,0,0,0
7/24/2025,WMUU,11,12,11,12,6195100
7/24/2025,WOMF,358,364,340,356,283400
7/24/2025,WOOD,410,416,408,408,2177900
7/24/2025,WOWS,56,56,55,56,550900
7/24/2025,WSBP,13,13,13,13,7042700
7/24/2025,WSKT,0,0,0,0,0
7/24/2025,WTON,94,94,90,90,6145400
7/24/2025,XAQA,0,0,0,0,0
7/24/2025,XBES,1044,1044,1038,1038,10200
7/24/2025,XBID,509,509,509,509,40000
7/24/2025,XBIG,0,0,0,0,0
7/24/2025,XBIN,571,571,571,571,40000
7/24/2025,XBLQ,0,0,0,0,0
7/24/2025,XBNI,0,0,0,0,0
7/24/2025,XBSK,441,441,441,441,40000
7/24/2025,XCEG,104,104,102,102,600400
7/24/2025,XCID,60,60,59,59,1100
7/24/2025,XCIS,51,51,49,51,34400
7/24/2025,XCLQ,0,0,0,0,0
7/24/2025,XDIF,0,0,0,0,0
7/24/2025,XIFE,109,109,109,109,300
7/24/2025,XIHD,625,625,622,622,11600
7/24/2025,XIIC,0,0,0,0,0
7/24/2025,XIID,0,0,0,0,0
7/24/2025,XIIF,458,458,458,458,100
7/24/2025,XIIT,500,516,500,512,3400
7/24/2025,XIJI,605,615,602,608,4900
7/24/2025,XILV,121,121,121,121,100
7/24/2025,XIML,0,0,0,0,0
7/24/2025,XIPB,200,200,200,200,200
7/24/2025,XIPI,250,250,218,221,3000
7/24/2025,XISB,0,0,0,0,0
7/24/2025,XISC,0,0,0,0,0
7/24/2025,XISI,0,0,0,0,0
7/24/2025,XISR,0,0,0,0,0
7/24/2025,XKID,932,944,932,944,200
7/24/2025,XKIV,558,558,555,555,40100
7/24/2025,XKMS,1152,1155,1146,1155,200100
7/24/2025,XMGB,1106,1106,1106,1106,100
7/24/2025,XMIG,215,215,215,215,200
7/24/2025,XMLF,882,882,882,882,40000
7/24/2025,XMSK,379,379,379,379,100
7/24/2025,XNVE,0,0,0,0,0
7/24/2025,XPDV,0,0,0,0,0
7/24/2025,XPFT,0,0,0,0,0
7/24/2025,XPIN,610,619,610,616,17400
7/24/2025,XPLQ,0,0,0,0,0
7/24/2025,XPSG,0,0,0,0,0
7/24/2025,XPTD,433,433,433,433,1000
7/24/2025,XSBC,114,153,114,153,7300
7/24/2025,XSPI,0,0,0,0,0
7/24/2025,XSSI,51,52,50,51,23100
7/24/2025,XSSK,686,686,686,686,20000
7/24/2025,YELO,21,22,21,22,1466200
7/24/2025,YOII,94,96,93,93,2786300
7/24/2025,YPAS,0,0,0,0,0
7/24/2025,YULE,2700,2700,2660,2670,41800
7/24/2025,YUPI,1735,1790,1735,1750,75900
7/24/2025,ZATA,9,9,9,9,9603200
7/24/2025,ZBRA,0,0,0,0,0
7/24/2025,ZINC,12,12,12,12,2898900
7/24/2025,ZONE,815,825,815,820,190700
7/24/2025,ZYRX,130,135,130,133,910800
