<date>,<ticker>,<open>,<high>,<low>,<close>,<volume>
7/14/2025,IHSG,7130.535,7136.296,7047.431,7097.151,2671673127
7/14/2025,IDX30,0.000,0.000,0.000,0.000,0
7/14/2025,IDX80,0.000,0.000,0.000,0.000,0
7/14/2025,AADI,7000,7075,6925,6925,6582400
7/14/2025,AALI,5925,5950,5850,5925,597500
7/14/2025,ABBA,37,37,37,37,1754400
7/14/2025,ABDA,3400,3400,3400,3400,1000
7/14/2025,ABMM,3080,3100,3030,3050,956200
7/14/2025,ACES,505,505,486,486,46284500
7/14/2025,ACESBQCV5A,6,6,4,4,2514800
7/14/2025,ACESDRCN5A,2,2,1,1,63600
7/14/2025,ACESDRCQ5A,2,2,1,1,271900
7/14/2025,ACESHDCZ5A,65,65,63,63,38800
7/14/2025,ACRO,63,63,61,62,1619800
7/14/2025,ACRO-W,7,7,6,7,264700
7/14/2025,ACST,92,92,90,90,1202300
7/14/2025,ADCP,50,50,50,50,59600
7/14/2025,ADES,12825,13250,12325,13200,79100
7/14/2025,ADHI,258,260,246,248,20385000
7/14/2025,ADMF,9125,9175,9100,9125,49900
7/14/2025,ADMG,121,121,116,116,382200
7/14/2025,ADMR,1005,1010,970,985,21168300
7/14/2025,ADMRZPCH6A,58,58,54,54,16100
7/14/2025,ADRO,1875,1880,1815,1825,53413000
7/14/2025,ADROBQCN5A,5,5,2,2,11678300
7/14/2025,ADROBQCU5A,31,37,29,37,62600
7/14/2025,ADROBQCZ5A,46,46,45,45,3700
7/14/2025,ADRODRCN5A,3,3,1,2,85700
7/14/2025,ADRODRCQ5A,4,4,3,3,5483900
7/14/2025,ADRODRCQ5B,22,22,21,21,90400
7/14/2025,ADRODRCX5A,50,50,48,49,153700
7/14/2025,ADROHDCN5A,0,0,0,0,0
7/14/2025,ADROHDCQ5A,0,0,0,0,0
7/14/2025,ADROHDCZ5A,0,0,0,0,0
7/14/2025,ADROZPCF6A,0,0,0,0,0
7/14/2025,AEGS,33,34,32,33,345800
7/14/2025,AGAR,234,238,234,234,37700
7/14/2025,AGII,990,990,975,980,1210200
7/14/2025,AGRO,218,220,212,212,34778800
7/14/2025,AGRS,64,65,64,64,2039400
7/14/2025,AHAP,68,69,66,68,1907000
7/14/2025,AIMS,392,410,374,410,5802500
7/14/2025,AISA,146,147,144,145,2874300
7/14/2025,AKKU,0,0,0,0,0
7/14/2025,AKPI,600,650,580,585,471800
7/14/2025,AKRA,1200,1230,1195,1215,22878900
7/14/2025,AKRADRCN5A,36,38,36,38,3700
7/14/2025,AKRADRCQ5A,9,10,9,10,1050000
7/14/2025,AKRADRCX5A,36,39,34,39,26000
7/14/2025,AKRAHDCQ5A,17,17,16,16,2400
7/14/2025,AKRAZPCX5A,57,58,57,58,2300
7/14/2025,AKSI,274,278,270,274,314200
7/14/2025,ALDO,490,498,490,492,226100
7/14/2025,ALII,610,610,585,595,3794200
7/14/2025,ALKA,310,316,302,316,13000
7/14/2025,ALMI,0,0,0,0,0
7/14/2025,ALTO,0,0,0,0,0
7/14/2025,AMAG,356,356,352,354,11900
7/14/2025,AMAN,103,110,103,106,3549800
7/14/2025,AMAR,158,159,156,157,215300
7/14/2025,AMFG,3530,3530,3460,3500,40200
7/14/2025,AMIN,144,146,144,146,47600
7/14/2025,AMMN,8375,8400,8225,8400,19455900
7/14/2025,AMMNBQCZ5A,0,0,0,0,0
7/14/2025,AMMNZPCG6A,0,0,0,0,0
7/14/2025,AMMS,0,0,0,0,0
7/14/2025,AMMS-W,0,0,0,0,0
7/14/2025,AMOR,525,525,510,510,7900
7/14/2025,AMRT,2300,2310,2250,2290,26003000
7/14/2025,AMRTBQCU5A,28,28,26,26,200
7/14/2025,AMRTDRCN5A,1,1,1,1,250000
7/14/2025,AMRTDRCQ5A,0,0,0,0,0
7/14/2025,AMRTDRCZ5A,0,0,0,0,0
7/14/2025,AMRTHDCQ5A,27,27,27,27,189900
7/14/2025,AMRTZPCX5A,0,0,0,0,0
7/14/2025,ANDI,17,18,17,17,1776500
7/14/2025,ANJT,1770,1770,1765,1770,431800
7/14/2025,ANTM,3030,3060,2960,3030,170174900
7/14/2025,ANTMBQCU5A,292,292,292,292,100
7/14/2025,ANTMBQCX5A,88,92,84,88,473300
7/14/2025,ANTMBQCZ5A,0,0,0,0,0
7/14/2025,ANTMDRCG6A,56,57,53,55,228500
7/14/2025,ANTMDRCN5A,208,212,208,210,4000
7/14/2025,ANTMDRCQ5A,260,264,260,264,72600
7/14/2025,ANTMDRCX5A,298,302,292,294,390600
7/14/2025,ANTMDRPU5A,57,58,57,58,25400
7/14/2025,ANTMDRPU5B,34,34,34,34,100
7/14/2025,ANTMHDCQ5A,382,384,374,376,65000
7/14/2025,ANTMHDCU5A,170,170,161,161,200
7/14/2025,ANTMYUCQ5A,0,0,0,0,0
7/14/2025,ANTMZPCX5A,204,204,200,200,40400
7/14/2025,APEX,131,132,121,121,21845700
7/14/2025,APIC,1185,1205,1175,1205,4967100
7/14/2025,APII,181,181,175,175,173100
7/14/2025,APLI,484,486,474,486,2400
7/14/2025,APLN,91,91,89,90,2123900
7/14/2025,ARCI,605,620,570,595,69326300
7/14/2025,AREA,430,430,404,406,1785900
7/14/2025,ARGO,745,745,715,720,4100
7/14/2025,ARII,278,280,262,270,221800
7/14/2025,ARKA,20,20,20,20,826700
7/14/2025,ARKO,805,825,800,810,194300
7/14/2025,ARMY,0,0,0,0,0
7/14/2025,ARNA,590,595,580,590,1111300
7/14/2025,ARTA,2340,2830,2340,2350,37100
7/14/2025,ARTI,0,0,0,0,0
7/14/2025,ARTO,1830,1840,1755,1765,9046900
7/14/2025,ARTOBQCU5A,8,9,2,2,251000
7/14/2025,ARTOBQCZ5A,0,0,0,0,0
7/14/2025,ARTODRCN5A,1,2,1,2,138700
7/14/2025,ARTODRCQ5A,3,3,3,3,125000
7/14/2025,ARTODRCX5A,36,37,36,37,110100
7/14/2025,ARTOHDCZ5A,94,94,94,94,100
7/14/2025,ARTOZPCX5A,35,35,35,35,1700
7/14/2025,ASBI,412,412,404,412,9200
7/14/2025,ASDM,515,540,505,520,63500
7/14/2025,ASGR,900,900,885,895,800400
7/14/2025,ASHA,17,17,16,16,5350100
7/14/2025,ASII,4710,4750,4650,4700,32985800
7/14/2025,ASIIBQCU5A,0,0,0,0,0
7/14/2025,ASIIBQCZ5A,0,0,0,0,0
7/14/2025,ASIIDRCQ5A,20,20,20,20,100
7/14/2025,ASIIDRCQ5B,19,19,19,19,100
7/14/2025,ASIIDRCX5A,83,83,83,83,10000
7/14/2025,ASIIDRCX6A,0,0,0,0,0
7/14/2025,ASIIDRPQ5A,29,29,28,28,8500
7/14/2025,ASIIHDCZ5A,0,0,0,0,0
7/14/2025,ASJT,105,128,105,119,3869900
7/14/2025,ASLC,66,69,64,64,30096700
7/14/2025,ASLI,50,50,50,50,512100
7/14/2025,ASMI,17,17,17,17,1023900
7/14/2025,ASPI,324,324,276,306,10096400
7/14/2025,ASPR,112,122,100,109,175178000
7/14/2025,ASRI,129,130,125,125,11788800
7/14/2025,ASRM,278,280,270,272,17300
7/14/2025,ASSA,760,770,755,760,2442900
7/14/2025,ATAP,28,28,27,27,406900
7/14/2025,ATIC,384,384,374,380,349200
7/14/2025,ATLA,50,50,50,50,93300
7/14/2025,AUTO,2060,2080,2040,2040,1271000
7/14/2025,AVIA,438,444,434,444,11456600
7/14/2025,AWAN,272,274,264,264,21205400
7/14/2025,AXIO,133,133,129,131,931200
7/14/2025,AYAM,162,165,161,163,141265000
7/14/2025,AYLS,101,102,98,99,3312600
7/14/2025,BABP,51,51,50,50,6399400
7/14/2025,BABY,308,310,288,288,10053200
7/14/2025,BACA,130,131,130,130,935300
7/14/2025,BAIK,99,100,97,98,877100
7/14/2025,BAIK-W,8,8,7,8,1020500
7/14/2025,BAJA,131,134,122,123,4186700
7/14/2025,BALI,1490,1490,1470,1470,11000
7/14/2025,BANK,830,845,820,845,6369300
7/14/2025,BANK-W,0,0,0,0,0
7/14/2025,BAPA,50,50,50,50,1600
7/14/2025,BAPI,9,9,8,8,292600
7/14/2025,BATA,50,50,50,50,311300
7/14/2025,BATR,82,86,80,86,10790300
7/14/2025,BAUT,25,25,25,25,1502900
7/14/2025,BAYU,1300,1310,1280,1295,65900
7/14/2025,BBCA,8650,8675,8450,8525,125196000
7/14/2025,BBCABQCV5A,73,73,72,73,3400
7/14/2025,BBCABQCX5A,62,62,62,62,32500
7/14/2025,BBCADRCF6A,77,77,73,73,436900
7/14/2025,BBCADRCQ5A,31,31,31,31,14000
7/14/2025,BBCADRCX6A,4320,4320,4320,4320,200
7/14/2025,BBCADRPQ5A,63,67,63,66,186000
7/14/2025,BBCAHDCQ5A,9,9,9,9,333000
7/14/2025,BBCAHDCU5A,0,0,0,0,0
7/14/2025,BBCAHDCV5A,0,0,0,0,0
7/14/2025,BBCAYUCQ5A,60,60,60,60,20100
7/14/2025,BBCAZPCF6A,55,55,55,55,500
7/14/2025,BBCAZPCH6A,0,0,0,0,0
7/14/2025,BBHI,1150,1250,1000,1035,11439600
7/14/2025,BBKP,61,61,59,59,90808400
7/14/2025,BBLD,745,745,725,740,13300
7/14/2025,BBMD,2050,2140,2050,2090,7100
7/14/2025,BBNI,4190,4190,4000,4040,68377100
7/14/2025,BBNIBQCU5A,33,33,33,33,24000
7/14/2025,BBNIBQCV5A,0,0,0,0,0
7/14/2025,BBNIDRCQ5A,10,10,10,10,100
7/14/2025,BBNIDRCX6A,2170,2170,2170,2170,300
7/14/2025,BBNIDRCZ5A,56,56,56,56,50100
7/14/2025,BBNIDRPU5A,34,35,34,35,200
7/14/2025,BBNIHDCQ5A,0,0,0,0,0
7/14/2025,BBNIHDCU5A,0,0,0,0,0
7/14/2025,BBNIHDPU5A,0,0,0,0,0
7/14/2025,BBNIYUCV5A,66,67,65,67,27200
7/14/2025,BBNIZPCH6A,94,94,94,94,100
7/14/2025,BBNIZPCX5A,57,57,57,57,200
7/14/2025,BBRI,3880,3890,3750,3780,167151400
7/14/2025,BBRIBQCQ5A,19,19,15,15,184500
7/14/2025,BBRIBQCU5A,0,0,0,0,0
7/14/2025,BBRIBQCZ5A,115,115,110,111,46500
7/14/2025,BBRIDRCQ5A,32,32,28,28,2949200
7/14/2025,BBRIDRCX5A,150,150,150,150,6002000
7/14/2025,BBRIDRCX6A,0,0,0,0,0
7/14/2025,BBRIDRPN5A,9,12,9,11,865200
7/14/2025,BBRIHDCQ5A,0,0,0,0,0
7/14/2025,BBRIYUCV5A,146,149,146,149,10200
7/14/2025,BBRIZPCH6A,0,0,0,0,0
7/14/2025,BBRIZPCX5A,0,0,0,0,0
7/14/2025,BBRM,76,77,75,76,1118400
7/14/2025,BBSI,4030,4030,3840,4030,2600
7/14/2025,BBSS,310,310,294,300,97200
7/14/2025,BBTN,1200,1205,1165,1185,22594200
7/14/2025,BBTNHDCZ5A,0,0,0,0,0
7/14/2025,BBTNZPCG6A,0,0,0,0,0
7/14/2025,BBYB,234,238,230,230,35487500
7/14/2025,BCAP,59,59,55,56,31334000
7/14/2025,BCIC,0,0,0,0,0
7/14/2025,BCIP,100,100,90,91,18553200
7/14/2025,BDKR,162,166,160,163,28505900
7/14/2025,BDMN,2430,2450,2420,2420,585800
7/14/2025,BEBS,0,0,0,0,0
7/14/2025,BEEF,282,282,268,276,11294100
7/14/2025,BEER,75,75,72,74,218700
7/14/2025,BEKS,25,25,24,24,6631000
7/14/2025,BELI,386,386,380,380,287700
7/14/2025,BELL,50,51,50,50,2470000
7/14/2025,BESS,1085,1085,990,1040,39300
7/14/2025,BEST,97,98,95,95,4102800
7/14/2025,BFIN,830,840,795,800,7823000
7/14/2025,BGTG,78,79,77,78,1847100
7/14/2025,BHAT,740,760,740,755,1902300
7/14/2025,BHIT,26,26,26,26,11500800
7/14/2025,BIKA,0,0,0,0,0
7/14/2025,BIKE,580,585,575,580,874600
7/14/2025,BIMA,42,44,42,44,15900
7/14/2025,BINA,4380,4390,4380,4390,11000
7/14/2025,BINO,110,115,109,110,3443700
7/14/2025,BIPI,82,82,80,81,30445500
7/14/2025,BIPP,39,40,39,39,16600
7/14/2025,BIRD,1830,1835,1810,1830,758500
7/14/2025,BISI,960,965,930,950,406800
7/14/2025,BJBR,815,820,805,810,3252800
7/14/2025,BJTM,496,496,484,488,11521900
7/14/2025,BKDP,32,33,32,33,11900
7/14/2025,BKSL,129,129,125,126,242305900
7/14/2025,BKSW,64,69,60,62,42928800
7/14/2025,BLES,180,180,175,177,1967100
7/14/2025,BLOG,486,486,486,486,26228500
7/14/2025,BLTA,20,20,20,20,2125200
7/14/2025,BLTZ,0,0,0,0,0
7/14/2025,BLUE,314,314,304,312,112800
7/14/2025,BMAS,515,515,515,515,500
7/14/2025,BMBL,17,17,16,17,461100
7/14/2025,BMHS,200,200,194,198,3422100
7/14/2025,BMRI,4980,4990,4670,4690,429438700
7/14/2025,BMRIBQCN5A,5,5,1,1,2854500
7/14/2025,BMRIBQCU5A,31,31,31,31,100
7/14/2025,BMRIBQCZ5A,102,102,102,102,100
7/14/2025,BMRIDRCQ5A,11,11,7,7,1120400
7/14/2025,BMRIDRCX5A,77,77,68,68,6314400
7/14/2025,BMRIDRCX6A,2440,2440,2380,2380,9800
7/14/2025,BMRIDRPN5A,14,19,14,18,634700
7/14/2025,BMRIHDCQ5A,9,9,7,8,400000
7/14/2025,BMRIHDCU5A,0,0,0,0,0
7/14/2025,BMRIHDPU5A,0,0,0,0,0
7/14/2025,BMRIYUCQ5A,44,44,38,39,7031600
7/14/2025,BMRIZPCH6A,71,71,71,71,100
7/14/2025,BMRIZPCX5A,52,52,45,46,1700800
7/14/2025,BMSR,252,256,242,248,62100
7/14/2025,BMTR,136,137,131,132,43505300
7/14/2025,BNBA,860,865,850,855,41500
7/14/2025,BNBR,27,27,27,27,15210900
7/14/2025,BNGA,1715,1725,1700,1700,3931900
7/14/2025,BNGAZPCH6A,55,55,53,53,17500
7/14/2025,BNII,198,199,195,199,472600
7/14/2025,BNLI,2800,2800,2720,2760,289800
7/14/2025,BOAT,101,101,98,99,4375000
7/14/2025,BOBA,180,183,180,180,135800
7/14/2025,BOGA,580,610,580,610,2165900
7/14/2025,BOLA,97,100,96,99,958800
7/14/2025,BOLT,1220,1225,1215,1215,1313400
7/14/2025,BOSS,0,0,0,0,0
7/14/2025,BPFI,340,340,330,338,9300
7/14/2025,BPII,580,585,570,580,245700
7/14/2025,BPTR,92,94,90,92,437100
7/14/2025,BRAM,5675,5725,5675,5725,300
7/14/2025,BREN,7300,7300,6725,7300,150102200
7/14/2025,BRIS,2800,2800,2680,2720,57879700
7/14/2025,BRISBQCZ5A,103,103,103,103,800
7/14/2025,BRISHDCZ5A,0,0,0,0,0
7/14/2025,BRISYUCV5A,94,94,93,93,200
7/14/2025,BRISZPCG6A,60,60,58,58,1900
7/14/2025,BRMS,404,438,404,436,1229448400
7/14/2025,BRMSBQCZ5A,77,81,76,81,600
7/14/2025,BRMSHDCZ5A,151,161,151,161,1600
7/14/2025,BRMSYUCV5A,34,37,32,36,447400
7/14/2025,BRMSZPCG6A,61,65,61,65,27000
7/14/2025,BRNA,625,625,625,625,500
7/14/2025,BRPT,1930,2160,1840,2100,684748000
7/14/2025,BRPTBQCQ5A,472,560,472,545,73900
7/14/2025,BRPTBQCV5A,234,338,234,328,174300
7/14/2025,BRPTBQCZ5A,645,645,645,645,1000
7/14/2025,BRPTDRCF6A,148,179,141,175,3871600
7/14/2025,BRPTDRCN5A,252,318,218,308,366500
7/14/2025,BRPTDRCQ5A,187,224,187,220,188100
7/14/2025,BRPTDRCX5A,176,210,164,206,616500
7/14/2025,BRPTDRPV5A,31,32,25,25,2032400
7/14/2025,BRPTHDCN5A,0,0,0,0,0
7/14/2025,BRPTHDCQ5A,195,238,180,238,2146400
7/14/2025,BRPTZPCF6A,191,204,189,204,22400
7/14/2025,BRPTZPCX5A,0,0,0,0,0
7/14/2025,BRRC,59,59,56,57,8933300
7/14/2025,BRRC-W,8,9,7,8,8429100
7/14/2025,BSBK,50,51,50,50,36017700
7/14/2025,BSDE,805,805,785,790,12692500
7/14/2025,BSDEZPCH6A,0,0,0,0,0
7/14/2025,BSIM,875,910,875,900,19000
7/14/2025,BSML,95,96,92,95,58316400
7/14/2025,BSSR,3940,3960,3920,3940,514500
7/14/2025,BSWD,1425,1425,1425,1425,100
7/14/2025,BTEK,6,6,5,6,20646400
7/14/2025,BTEL,0,0,0,0,0
7/14/2025,BTON,390,394,380,392,11700
7/14/2025,BTPN,2150,2150,2090,2120,69500
7/14/2025,BTPS,1405,1415,1365,1365,13537000
7/14/2025,BTPSZPCH6A,0,0,0,0,0
7/14/2025,BUAH,1610,1620,1570,1585,65300
7/14/2025,BUDI,226,232,226,230,63500
7/14/2025,BUKA,126,130,124,127,230883500
7/14/2025,BUKAHDCZ5A,0,0,0,0,0
7/14/2025,BUKK,825,825,800,815,36700
7/14/2025,BULL,142,143,135,138,316884900
7/14/2025,BUMI,115,116,112,115,1126225100
7/14/2025,BUVA,82,82,78,80,38511700
7/14/2025,BVIC,88,89,86,86,2003700
7/14/2025,BVIC-W,49,50,46,48,132200
7/14/2025,BWPT,63,64,61,62,11526200
7/14/2025,BYAN,19575,19575,19250,19400,15200
7/14/2025,CAKK,133,139,133,135,174100
7/14/2025,CAMP,212,214,204,210,4429600
7/14/2025,CANI,42,42,42,42,13000
7/14/2025,CARE,234,234,224,224,13315800
7/14/2025,CARS,83,83,81,81,846800
7/14/2025,CASA,985,1000,970,995,5151400
7/14/2025,CASH,64,64,61,62,106000
7/14/2025,CASS,2130,2130,2080,2110,10000
7/14/2025,CBDK,6050,6350,6050,6275,14136300
7/14/2025,CBMF,0,0,0,0,0
7/14/2025,CBPE,187,187,184,184,199700
7/14/2025,CBRE,71,71,68,68,11510600
7/14/2025,CBUT,1050,1055,1020,1025,4500
7/14/2025,CCSI,338,338,310,326,206900
7/14/2025,CDIA,500,500,500,500,2261200
7/14/2025,CEKA,2790,2810,2760,2800,35800
7/14/2025,CENT,107,108,99,101,15979700
7/14/2025,CFIN,316,316,310,314,2678900
7/14/2025,CGAS,93,95,91,91,7355600
7/14/2025,CHEK,198,214,180,193,378900300
7/14/2025,CHEM,56,56,54,55,3033800
7/14/2025,CHIP,1320,1325,1310,1320,78000
7/14/2025,CINT,158,159,156,157,143000
7/14/2025,CITA,4000,4020,3970,3970,203500
7/14/2025,CITY,86,90,84,86,1397400
7/14/2025,CLAY,830,830,710,710,637400
7/14/2025,CLEO,590,595,560,560,19177900
7/14/2025,CLPI,1175,1180,1160,1165,97400
7/14/2025,CMNP,1420,1430,1360,1370,733200
7/14/2025,CMNP-W,382,412,382,382,2800
7/14/2025,CMNT,825,865,820,860,55679600
7/14/2025,CMPP,78,78,78,78,212700
7/14/2025,CMRY,4730,4760,4700,4700,1851500
7/14/2025,CNKO,30,31,30,31,21802800
7/14/2025,CNMA,159,159,154,154,40654000
7/14/2025,CNTB,0,0,0,0,0
7/14/2025,CNTX,0,0,0,0,0
7/14/2025,COAL,36,36,35,35,3652600
7/14/2025,COCO,202,202,181,186,10838200
7/14/2025,COIN,304,304,304,304,1736900
7/14/2025,COWL,0,0,0,0,0
7/14/2025,CPIN,4900,4900,4750,4830,3990900
7/14/2025,CPINDRCG6A,89,95,89,95,400
7/14/2025,CPINDRCN5A,58,66,58,66,200
7/14/2025,CPINDRCQ5A,22,22,22,22,100
7/14/2025,CPINHDCQ5A,0,0,0,0,0
7/14/2025,CPRI,0,0,0,0,0
7/14/2025,CPRO,52,52,51,52,58179000
7/14/2025,CRAB,236,236,234,236,232500
7/14/2025,CRSN,105,105,102,104,156000
7/14/2025,CSAP,254,258,240,250,330300
7/14/2025,CSIS,74,77,73,75,711100
7/14/2025,CSMI,905,955,770,850,2640400
7/14/2025,CSRA,690,705,685,705,341700
7/14/2025,CTBN,8550,8550,8550,8550,100
7/14/2025,CTRA,980,980,935,935,15520700
7/14/2025,CTRAZPCG6A,0,0,0,0,0
7/14/2025,CTTH,23,23,23,23,317500
7/14/2025,CUAN,16400,17200,15600,16875,92582600
7/14/2025,CYBR,940,975,935,970,14891000
7/14/2025,CYBR-W,550,570,550,570,63700
7/14/2025,DAAZ,4110,4140,4000,4030,846100
7/14/2025,DADA,7,7,7,7,21795400
7/14/2025,DART,144,150,141,142,241900
7/14/2025,DATA,1390,1400,1355,1370,4336700
7/14/2025,DAYA,905,910,890,905,17100
7/14/2025,DCII,151300,155000,151300,152500,4200
7/14/2025,DEAL,0,0,0,0,0
7/14/2025,DEFI,0,0,0,0,0
7/14/2025,DEPO,206,206,202,206,111900
7/14/2025,DEWA,177,180,175,175,326679400
7/14/2025,DEWI,97,98,96,98,40564200
7/14/2025,DFAM,50,50,50,50,200
7/14/2025,DGIK,87,87,86,86,3478600
7/14/2025,DGNS,159,160,155,155,2807900
7/14/2025,DGWG,424,432,424,426,9481900
7/14/2025,DIGI,19,20,19,20,243000
7/14/2025,DILD,130,132,127,127,10836800
7/14/2025,DIVA,109,109,105,106,3293800
7/14/2025,DKFT,530,535,505,520,44882200
7/14/2025,DKHH,0,0,0,0,0
7/14/2025,DKHH-W,0,0,0,0,0
7/14/2025,DLTA,2030,2060,2010,2020,28500
7/14/2025,DMAS,139,141,138,139,37935200
7/14/2025,DMMX,402,406,380,380,3750100
7/14/2025,DMND,505,505,498,500,105500
7/14/2025,DNAR,119,149,118,140,122603200
7/14/2025,DNET,9500,9500,9200,9475,4700
7/14/2025,DOID,372,378,364,364,15002800
7/14/2025,DOOH,95,96,91,91,52345600
7/14/2025,DOSS,153,153,147,151,630600
7/14/2025,DPNS,212,238,208,226,623000
7/14/2025,DPUM,50,50,50,50,100000
7/14/2025,DRMA,965,965,960,960,143800
7/14/2025,DSFI,57,57,55,55,3196700
7/14/2025,DSNG,870,880,850,855,22125400
7/14/2025,DSSA,54300,62650,54300,60000,7180200
7/14/2025,DUCK,0,0,0,0,0
7/14/2025,DUTI,3490,3490,3490,3490,200
7/14/2025,DVLA,1650,1680,1640,1670,38400
7/14/2025,DWGL,222,224,214,218,485400
7/14/2025,DYAN,91,92,88,90,1752400
7/14/2025,EAST,96,97,95,97,765200
7/14/2025,ECII,202,202,192,197,1006000
7/14/2025,EDGE,3930,3940,3870,3900,123700
7/14/2025,EKAD,189,189,179,183,895300
7/14/2025,ELIT,165,165,161,162,4276800
7/14/2025,ELPI,350,352,350,352,116200
7/14/2025,ELSA,490,492,480,486,22261100
7/14/2025,ELSAZPCG6A,0,0,0,0,0
7/14/2025,ELTY,10,10,10,10,17008000
7/14/2025,EMDE,91,93,90,90,212000
7/14/2025,EMTK,496,505,486,490,31131800
7/14/2025,EMTKBQCZ5A,72,72,71,71,1200
7/14/2025,EMTKHDCZ5A,0,0,0,0,0
7/14/2025,EMTKYUCV5A,27,27,26,26,600
7/14/2025,EMTKZPCH6A,29,29,28,28,71900
7/14/2025,ENAK,700,705,685,705,420700
7/14/2025,ENRG,356,368,350,368,193655100
7/14/2025,ENRGHDCZ5A,76,76,76,76,9500
7/14/2025,ENRGZPCG6A,69,72,69,72,306900
7/14/2025,ENVY,0,0,0,0,0
7/14/2025,ENZO,31,34,31,34,31100
7/14/2025,EPAC,12,12,12,12,793100
7/14/2025,EPMT,2260,2280,2260,2260,7900
7/14/2025,ERAA,545,555,540,540,26582100
7/14/2025,ERAABQCZ5A,0,0,0,0,0
7/14/2025,ERAAHDCZ5A,67,67,65,65,15000
7/14/2025,ERAAZPCH6A,0,0,0,0,0
7/14/2025,ERAL,394,394,372,372,33758000
7/14/2025,ERTX,103,108,100,103,2747400
7/14/2025,ESIP,28,28,27,27,298400
7/14/2025,ESSA,600,605,575,580,30875900
7/14/2025,ESSABQCZ5A,80,80,80,80,500
7/14/2025,ESTA,67,67,66,66,1675800
7/14/2025,ESTI,35,35,35,35,10400
7/14/2025,ETWA,0,0,0,0,0
7/14/2025,EURO,154,155,149,150,466700
7/14/2025,EXCL,2290,2330,2280,2320,7126800
7/14/2025,EXCLHDCQ5A,0,0,0,0,0
7/14/2025,EXCLZPCF6A,0,0,0,0,0
7/14/2025,FAPA,5475,5500,5475,5500,8000
7/14/2025,FAST,336,336,300,310,6509900
7/14/2025,FASW,0,0,0,0,0
7/14/2025,FILM,1980,1990,1790,1825,9391800
7/14/2025,FIMP,81,82,81,81,6200
7/14/2025,FIRE,77,78,74,74,9795600
7/14/2025,FISH,0,0,0,0,0
7/14/2025,FITT,0,0,0,0,0
7/14/2025,FLMC,57,58,52,55,454400
7/14/2025,FMII,340,340,334,340,7700
7/14/2025,FOLK,66,67,64,66,1037900
7/14/2025,FOOD,104,105,104,104,2200
7/14/2025,FORE,630,640,620,620,14798700
7/14/2025,FORU,1245,1280,1245,1250,216800
7/14/2025,FORZ,0,0,0,0,0
7/14/2025,FPNI,198,199,196,197,590900
7/14/2025,FUJI,412,412,396,404,17700
7/14/2025,FUTR,60,61,57,58,17207000
7/14/2025,FWCT,145,145,140,140,921000
7/14/2025,GAMA,0,0,0,0,0
7/14/2025,GDST,105,106,103,104,3589000
7/14/2025,GDYR,1295,1300,1210,1270,143000
7/14/2025,GEMA,92,92,85,85,10432500
7/14/2025,GEMS,9125,9150,9100,9150,163000
7/14/2025,GGRM,9125,9300,8900,9125,699100
7/14/2025,GGRMZPCG6A,0,0,0,0,0
7/14/2025,GGRP,0,0,0,0,0
7/14/2025,GHON,1590,1590,1565,1585,12700
7/14/2025,GIAA,70,70,67,67,82467900
7/14/2025,GJTL,1075,1075,1060,1060,4124000
7/14/2025,GLOB,42,46,42,46,1100
7/14/2025,GLVA,320,338,316,328,77000
7/14/2025,GMFI,64,64,59,60,498200
7/14/2025,GMTD,2570,2570,2460,2470,1800
7/14/2025,GOLD,246,278,246,254,218400
7/14/2025,GOLF,232,234,228,232,1143200
7/14/2025,GOLL,0,0,0,0,0
7/14/2025,GOOD,360,360,358,360,194600
7/14/2025,GOTO,59,60,58,59,2366012400
7/14/2025,GOTOBQCZ5A,6,7,6,7,751600
7/14/2025,GOTODRCG6A,11,11,11,11,846300
7/14/2025,GOTODRCN5A,1,3,1,3,21800
7/14/2025,GOTODRCQ5A,0,0,0,0,0
7/14/2025,GOTOHDCQ5A,0,0,0,0,0
7/14/2025,GOTOM,0,0,0,0,0
7/14/2025,GOTOZPCH6A,28,28,27,28,3000
7/14/2025,GPRA,127,133,121,123,176639200
7/14/2025,GPSO,386,440,370,394,7110800
7/14/2025,GRIA,89,90,85,86,5604900
7/14/2025,GRPH,50,50,50,50,108300
7/14/2025,GRPM,49,50,48,49,659700
7/14/2025,GRPM-W,15,15,13,14,931000
7/14/2025,GSMF,52,53,52,53,111600
7/14/2025,GTBO,199,199,183,190,2045900
7/14/2025,GTRA,145,145,135,140,2212800
7/14/2025,GTSI,39,40,39,40,1685900
7/14/2025,GULA,264,270,262,266,348300
7/14/2025,GUNA,280,282,276,280,233500
7/14/2025,GWSA,125,126,124,124,88100
7/14/2025,GZCO,93,109,92,102,309709500
7/14/2025,HADE,8,9,8,9,1593000
7/14/2025,HAIS,192,192,189,189,1022000
7/14/2025,HAJJ,122,128,120,125,16634800
7/14/2025,HAJJ-W,14,15,13,14,18793100
7/14/2025,HALO,78,87,75,81,94616500
7/14/2025,HALO-W,8,9,8,9,7464800
7/14/2025,HATM,268,272,262,270,33520700
7/14/2025,HBAT,65,65,62,64,434900
7/14/2025,HDFA,112,113,105,110,286500
7/14/2025,HDIT,18,18,17,17,1027900
7/14/2025,HDTX,0,0,0,0,0
7/14/2025,HEAL,1530,1555,1525,1535,19537200
7/14/2025,HEALZPCH6A,60,61,59,59,1724000
7/14/2025,HELI,264,270,256,258,2737500
7/14/2025,HERO,394,396,392,392,5500
7/14/2025,HEXA,5125,5175,5100,5125,373400
7/14/2025,HGII,160,160,156,159,8174700
7/14/2025,HILL,232,234,226,234,94748700
7/14/2025,HITS,0,0,0,0,0
7/14/2025,HKMU,0,0,0,0,0
7/14/2025,HMSP,615,615,605,610,4868600
7/14/2025,HOKI,95,96,92,92,11891500
7/14/2025,HOME,0,0,0,0,0
7/14/2025,HOMI,214,214,192,210,69900
7/14/2025,HOPE,63,63,63,63,1379300
7/14/2025,HOTL,0,0,0,0,0
7/14/2025,HRME,22,22,21,21,1179800
7/14/2025,HRTA,595,605,585,595,23370400
7/14/2025,HRUM,835,840,820,830,6742800
7/14/2025,HRUMZPCG6A,35,35,34,34,67000
7/14/2025,HUMI,59,60,56,57,126706800
7/14/2025,HUMI-W,6,7,5,7,59975100
7/14/2025,HYGN,142,142,138,141,4471400
7/14/2025,IATA,49,50,49,50,2939000
7/14/2025,IATA-W,31,44,31,44,51200
7/14/2025,IBFN,12,13,12,13,5100
7/14/2025,IBOS,28,28,27,28,1982100
7/14/2025,IBST,4840,4840,4840,4840,100
7/14/2025,ICBP,10325,10425,10200,10400,4153500
7/14/2025,ICBPDRCQ5A,13,14,13,14,471500
7/14/2025,ICBPDRCX6A,0,0,0,0,0
7/14/2025,ICBPHDCQ5A,13,13,13,13,1100
7/14/2025,ICBPZPCX5A,0,0,0,0,0
7/14/2025,ICON,40,41,40,41,76700
7/14/2025,IDEA,46,47,43,46,566800
7/14/2025,IDPR,204,208,193,199,202600
7/14/2025,IFII,260,262,252,258,281200
7/14/2025,IFSH,770,795,770,790,9100
7/14/2025,IGAR,570,575,565,565,26400
7/14/2025,IIKP,0,0,0,0,0
7/14/2025,IKAI,9,9,8,8,75285900
7/14/2025,IKAN,68,68,61,64,18750300
7/14/2025,IKBI,406,408,402,406,109600
7/14/2025,IKPM,204,206,202,206,529600
7/14/2025,IMAS,865,900,850,895,1067500
7/14/2025,IMJS,191,192,188,188,2466300
7/14/2025,IMPC,300,300,294,296,19244100
7/14/2025,INAF,0,0,0,0,0
7/14/2025,INAI,163,170,160,164,1486900
7/14/2025,INCF,24,24,24,24,132600
7/14/2025,INCI,585,600,575,585,72100
7/14/2025,INCO,3430,3470,3370,3460,7575100
7/14/2025,INCOBQCQ5A,0,0,0,0,0
7/14/2025,INCOBQCV5A,53,53,53,53,5200
7/14/2025,INCODRCN5A,29,34,29,34,81700
7/14/2025,INCODRCQ5A,7,7,6,7,4375500
7/14/2025,INCODRCX5A,75,79,75,79,200
7/14/2025,INCODRPV5A,57,57,56,56,300
7/14/2025,INCOHDCQ5A,83,84,81,84,150000
7/14/2025,INCOZPCX5A,0,0,0,0,0
7/14/2025,INDF,8250,8350,8125,8350,10098800
7/14/2025,INDFBQCV5A,147,147,147,147,100
7/14/2025,INDFDRCQ5A,0,0,0,0,0
7/14/2025,INDFDRCX6A,0,0,0,0,0
7/14/2025,INDFHDCQ5A,0,0,0,0,0
7/14/2025,INDO,202,218,200,206,26483300
7/14/2025,INDR,2110,2490,2110,2450,122000
7/14/2025,INDS,228,228,224,228,111500
7/14/2025,INDX,78,78,76,77,1175500
7/14/2025,INDY,1360,1370,1330,1340,4612300
7/14/2025,INDYZPCG6A,46,46,46,46,891400
7/14/2025,INET,191,194,185,185,131455200
7/14/2025,INET-W,104,105,96,98,20843600
7/14/2025,INKP,5850,5875,5600,5725,6130800
7/14/2025,INKPDRCF6A,97,103,97,100,19200
7/14/2025,INKPDRCN5A,0,0,0,0,0
7/14/2025,INKPDRCQ5A,11,11,11,11,100
7/14/2025,INKPHDCQ5A,0,0,0,0,0
7/14/2025,INKPZPCF6A,0,0,0,0,0
7/14/2025,INOV,90,90,86,88,292900
7/14/2025,INPC,159,162,151,156,16890300
7/14/2025,INPP,795,800,785,800,19800
7/14/2025,INPS,127,129,123,128,2239600
7/14/2025,INRU,945,945,815,860,145600
7/14/2025,INTA,12,13,12,13,6249100
7/14/2025,INTD,190,210,181,199,7344200
7/14/2025,INTP,5475,5525,5400,5500,922700
7/14/2025,INTPZPCG6A,43,43,43,43,1500
7/14/2025,IOTF,118,125,101,101,1316624800
7/14/2025,IPAC,141,143,127,137,93700
7/14/2025,IPCC,1050,1055,1020,1030,1470100
7/14/2025,IPCM,276,280,272,274,998500
7/14/2025,IPOL,135,136,131,131,867700
7/14/2025,IPPE,0,0,0,0,0
7/14/2025,IPTV,25,26,25,26,1447800
7/14/2025,IRRA,424,426,414,418,966400
7/14/2025,IRSX,43,43,36,36,40850000
7/14/2025,IRSX-W,1,1,1,1,2004800
7/14/2025,ISAP,11,11,10,11,19597400
7/14/2025,ISAP-W,3,4,3,3,795500
7/14/2025,ISAT,2110,2120,2030,2050,9066600
7/14/2025,ISATBQCU5A,0,0,0,0,0
7/14/2025,ISATDRCG6A,74,74,74,74,100
7/14/2025,ISATDRCX5A,58,58,56,56,126800
7/14/2025,ISATHDCQ5A,0,0,0,0,0
7/14/2025,ISATZPCF6A,49,49,49,49,10000
7/14/2025,ISEA,64,66,63,64,4815500
7/14/2025,ISSP,334,336,330,330,2582800
7/14/2025,ITIC,220,220,216,220,37100
7/14/2025,ITMA,785,800,745,760,78631700
7/14/2025,ITMG,22525,22650,22450,22450,1112400
7/14/2025,JARR,390,392,380,382,2776500
7/14/2025,JAST,62,62,59,60,6642200
7/14/2025,JATI,167,167,149,151,30893100
7/14/2025,JAWA,144,152,140,143,17963700
7/14/2025,JAYA,95,96,92,94,886500
7/14/2025,JECC,825,835,800,800,45200
7/14/2025,JGLE,10,10,9,9,46309200
7/14/2025,JIHD,630,645,615,635,2402400
7/14/2025,JKON,77,77,74,75,1676500
7/14/2025,JKSW,0,0,0,0,0
7/14/2025,JMAS,128,128,124,128,114100
7/14/2025,JPFA,1590,1610,1550,1600,25094600
7/14/2025,JPFABQCZ5A,77,77,77,77,1300
7/14/2025,JPFAHDCZ5A,0,0,0,0,0
7/14/2025,JPFAZPCG6A,79,80,79,80,720800
7/14/2025,JRPT,710,720,710,720,265000
7/14/2025,JSKY,0,0,0,0,0
7/14/2025,JSMR,3700,3700,3610,3630,2604000
7/14/2025,JSMRZPCG6A,0,0,0,0,0
7/14/2025,JSPT,4690,4690,4480,4560,38200
7/14/2025,JTPE,256,266,256,262,5118400
7/14/2025,KAEF,635,640,565,575,5455000
7/14/2025,KAQI,50,50,50,50,106600
7/14/2025,KARW,945,945,945,945,229800
7/14/2025,KAYU,0,0,0,0,0
7/14/2025,KBAG,33,33,33,33,3668200
7/14/2025,KBLI,396,398,394,398,86100
7/14/2025,KBLM,314,314,282,304,117900
7/14/2025,KBLV,58,58,54,56,2731600
7/14/2025,KBRI,0,0,0,0,0
7/14/2025,KDSI,482,482,478,480,12700
7/14/2025,KDTN,125,125,120,123,50700
7/14/2025,KEEN,830,845,825,830,5156000
7/14/2025,KEJU,580,585,570,585,166700
7/14/2025,KETR,208,208,200,202,549500
7/14/2025,KIAS,20,21,20,21,89000
7/14/2025,KICI,115,122,114,114,974100
7/14/2025,KIJA,179,180,176,180,113623500
7/14/2025,KING,216,218,212,212,598700
7/14/2025,KING-W,17,18,17,17,508100
7/14/2025,KINO,1100,1120,1075,1080,9100
7/14/2025,KIOS,50,50,50,50,13900
7/14/2025,KJEN,0,0,0,0,0
7/14/2025,KKES,24,24,24,24,9200
7/14/2025,KKGI,370,378,368,370,3734300
7/14/2025,KLAS,143,143,139,140,8408800
7/14/2025,KLBF,1590,1590,1510,1560,40882700
7/14/2025,KLBFBQCV5A,0,0,0,0,0
7/14/2025,KLBFDRCG6A,62,62,58,58,3800
7/14/2025,KLBFDRCN5A,57,57,57,57,100
7/14/2025,KLBFDRCQ5A,31,31,29,29,1200100
7/14/2025,KLBFHDCQ5A,0,0,0,0,0
7/14/2025,KLBFZPCF6A,0,0,0,0,0
7/14/2025,KLIN,132,139,132,135,530600
7/14/2025,KMDS,595,600,585,595,228300
7/14/2025,KMTR,270,272,266,270,48000
7/14/2025,KOBX,153,154,150,153,472400
7/14/2025,KOCI,50,60,50,51,97169200
7/14/2025,KOCI-W,5,7,5,6,33213700
7/14/2025,KOIN,69,69,65,65,30000
7/14/2025,KOKA,67,68,66,67,1327500
7/14/2025,KONI,1235,1235,1230,1230,500
7/14/2025,KOPI,384,390,370,380,424600
7/14/2025,KOTA,18,18,17,17,4849900
7/14/2025,KPAL,0,0,0,0,0
7/14/2025,KPAS,0,0,0,0,0
7/14/2025,KPIG,187,192,172,177,109669300
7/14/2025,KRAH,0,0,0,0,0
7/14/2025,KRAS,0,0,0,0,0
7/14/2025,KREN,9,10,9,9,8598000
7/14/2025,KRYA,288,290,262,264,38394400
7/14/2025,KSIX,199,199,195,196,484700
7/14/2025,KUAS,50,52,50,51,576100
7/14/2025,LABA,0,0,0,0,0
7/14/2025,LABS,147,148,143,144,506100
7/14/2025,LAJU,50,50,50,50,527000
7/14/2025,LAND,21,21,21,21,1294600
7/14/2025,LAPD,25,25,25,25,3639800
7/14/2025,LCGP,0,0,0,0,0
7/14/2025,LCKM,208,220,206,206,19400
7/14/2025,LEAD,72,72,70,71,8586200
7/14/2025,LFLO,332,354,300,322,70300
7/14/2025,LIFE,6500,6500,6500,6500,300
7/14/2025,LINK,1555,1555,1555,1555,200
7/14/2025,LION,382,382,376,380,25500
7/14/2025,LIVE,140,141,139,140,754100
7/14/2025,LMAS,0,0,0,0,0
7/14/2025,LMAX,50,51,48,50,5212700
7/14/2025,LMPI,140,143,140,142,164900
7/14/2025,LMSH,0,0,0,0,0
7/14/2025,LOPI,39,39,36,37,3670300
7/14/2025,LPCK,474,476,470,472,167800
7/14/2025,LPGI,396,396,368,368,44900
7/14/2025,LPIN,374,374,368,370,161800
7/14/2025,LPKR,85,86,81,81,17822000
7/14/2025,LPLI,274,280,272,278,150900
7/14/2025,LPPF,1735,1735,1695,1700,2308800
7/14/2025,LPPS,58,58,56,57,2186700
7/14/2025,LRNA,145,147,140,141,964000
7/14/2025,LSIP,1320,1340,1285,1340,9134000
7/14/2025,LSIPZPCG6A,74,74,74,74,200
7/14/2025,LTLS,870,875,860,865,18700
7/14/2025,LUCK,65,65,63,65,1023700
7/14/2025,LUCY,78,80,77,79,88100
7/14/2025,MABA,0,0,0,0,0
7/14/2025,MAGP,0,0,0,0,0
7/14/2025,MAHA,146,150,145,149,3460200
7/14/2025,MAIN,645,655,630,635,2460100
7/14/2025,MAMI,0,0,0,0,0
7/14/2025,MAMIP,0,0,0,0,0
7/14/2025,MANG,32,32,31,31,1035200
7/14/2025,MANG-W,26,26,25,26,23700
7/14/2025,MAPA,680,685,655,670,33470200
7/14/2025,MAPAHDCZ5A,0,0,0,0,0
7/14/2025,MAPAZPCH6A,47,48,47,47,700200
7/14/2025,MAPB,1700,1700,1655,1660,19600
7/14/2025,MAPI,1220,1230,1165,1195,35873800
7/14/2025,MAPIBQCV5A,35,35,35,35,100
7/14/2025,MAPIDRCQ5A,15,15,14,14,984800
7/14/2025,MAPIDRCX5A,31,31,29,29,800
7/14/2025,MAPIHDCQ5A,0,0,0,0,0
7/14/2025,MARI,22,23,22,23,9379700
7/14/2025,MARK,665,680,655,670,32811600
7/14/2025,MASA,0,0,0,0,0
7/14/2025,MASB,3300,3440,3290,3290,1200
7/14/2025,MAXI,50,51,50,50,924000
7/14/2025,MAYA,185,185,180,181,1131300
7/14/2025,MBAP,1700,1720,1685,1695,180600
7/14/2025,MBMA,520,525,498,500,207937300
7/14/2025,MBMADRCQ5A,26,28,23,24,3055300
7/14/2025,MBMADRCX5A,53,53,50,51,26100
7/14/2025,MBMAHDCQ5A,15,15,11,12,6390700
7/14/2025,MBMAZPCX5A,90,90,90,90,100
7/14/2025,MBSS,1675,1905,1600,1815,4660900
7/14/2025,MBTO,84,85,82,85,398200
7/14/2025,MCAS,1185,1200,1180,1185,24500
7/14/2025,MCOL,4380,4400,4290,4340,42100
7/14/2025,MCOR,67,67,65,66,3616400
7/14/2025,MDIA,27,27,27,27,161200
7/14/2025,MDIY,1370,1395,1350,1355,299900
7/14/2025,MDKA,2130,2130,2050,2090,38960400
7/14/2025,MDKABQCN5A,105,106,101,101,52400
7/14/2025,MDKABQCV5A,84,86,82,82,20700
7/14/2025,MDKADRCN5A,0,0,0,0,0
7/14/2025,MDKADRCQ5A,21,21,20,20,757000
7/14/2025,MDKADRCV5A,65,65,63,63,45100
7/14/2025,MDKAHDCU5A,0,0,0,0,0
7/14/2025,MDKAHDCZ5A,131,131,123,123,5600
7/14/2025,MDKAYUCQ5A,0,0,0,0,0
7/14/2025,MDKAZPCF6A,61,61,61,61,2100
7/14/2025,MDKI,159,164,157,157,282700
7/14/2025,MDLA,192,193,189,193,6218100
7/14/2025,MDLN,51,51,50,51,3702700
7/14/2025,MDRN,7,7,7,7,1947600
7/14/2025,MEDC,1270,1270,1235,1250,38729200
7/14/2025,MEDCBQCV5A,0,0,0,0,0
7/14/2025,MEDCBQCZ5A,0,0,0,0,0
7/14/2025,MEDCDRCG6A,42,42,42,42,5300
7/14/2025,MEDCDRCN5A,3,4,2,4,2435700
7/14/2025,MEDCDRCQ5A,43,43,41,42,1520900
7/14/2025,MEDCDRPV5A,0,0,0,0,0
7/14/2025,MEDCHDCQ5A,0,0,0,0,0
7/14/2025,MEDCZPCF6A,0,0,0,0,0
7/14/2025,MEDS,50,50,50,50,2300
7/14/2025,MEGA,3290,3290,3230,3280,4500
7/14/2025,MEJA,0,0,0,0,0
7/14/2025,MEJA-W,0,0,0,0,0
7/14/2025,MENN,45,46,44,46,3722200
7/14/2025,MERI,248,290,218,290,372594800
7/14/2025,MERK,2930,2970,2900,2900,29300
7/14/2025,META,0,0,0,0,0
7/14/2025,MFIN,1210,1210,1210,1210,594200
7/14/2025,MFMI,0,0,0,0,0
7/14/2025,MGLV,364,364,364,364,310000
7/14/2025,MGNA,29,30,29,30,26200
7/14/2025,MGNA-W,20,20,20,20,9900
7/14/2025,MGRO,710,720,695,710,5720200
7/14/2025,MHKI,129,129,124,125,392300
7/14/2025,MICE,478,480,470,480,14200
7/14/2025,MIDI,408,410,402,406,13506000
7/14/2025,MIKA,2500,2620,2460,2620,4702300
7/14/2025,MIKAZPCG6A,0,0,0,0,0
7/14/2025,MINA,102,102,87,91,316694200
7/14/2025,MINE,510,520,498,500,5134800
7/14/2025,MIRA,26,26,26,26,12524200
7/14/2025,MITI,187,192,182,185,1208700
7/14/2025,MKAP,330,330,328,328,66700
7/14/2025,MKNT,0,0,0,0,0
7/14/2025,MKPI,22225,22775,22200,22725,7900
7/14/2025,MKTR,108,108,105,105,335800
7/14/2025,MKTR-W,5,6,5,6,94000
7/14/2025,MLBI,5700,5750,5700,5700,54200
7/14/2025,MLIA,308,314,306,312,4312500
7/14/2025,MLPL,103,103,99,99,41951700
7/14/2025,MLPT,33875,33875,31525,32200,6300
7/14/2025,MMIX,199,202,198,199,8827800
7/14/2025,MMLP,510,515,498,500,3244700
7/14/2025,MNCN,258,260,250,250,28602100
7/14/2025,MOLI,200,206,200,200,97700
7/14/2025,MORA,404,408,404,406,5300
7/14/2025,MPIX,61,63,60,62,1938800
7/14/2025,MPIX-W,7,8,7,8,39100
7/14/2025,MPMX,980,985,965,975,4115800
7/14/2025,MPOW,117,118,115,115,1317000
7/14/2025,MPPA,62,63,58,58,74324100
7/14/2025,MPRO,2200,2200,2200,2200,100
7/14/2025,MPXL,114,114,108,109,4955700
7/14/2025,MRAT,264,264,250,250,166900
7/14/2025,MREI,910,930,880,900,475900
7/14/2025,MSIE,27,28,26,27,1450400
7/14/2025,MSIN,510,510,492,500,44413900
7/14/2025,MSJA,306,306,288,302,355400
7/14/2025,MSKY,54,55,54,55,3085700
7/14/2025,MSTI,1415,1435,1415,1425,4266900
7/14/2025,MTDL,560,560,550,550,5332500
7/14/2025,MTEL,565,570,550,565,19739500
7/14/2025,MTFN,5,5,4,4,25318500
7/14/2025,MTLA,472,472,462,462,4000
7/14/2025,MTMH,865,865,840,845,171500
7/14/2025,MTPS,46,46,43,43,638500
7/14/2025,MTRA,0,0,0,0,0
7/14/2025,MTSM,0,0,0,0,0
7/14/2025,MTWI,242,270,242,262,1846100
7/14/2025,MUTU,97,97,91,93,6801000
7/14/2025,MUTU-W,1,1,1,1,902700
7/14/2025,MYOH,1700,1730,1700,1730,5500
7/14/2025,MYOR,2160,2170,2060,2080,7380600
7/14/2025,MYORZPCH6A,0,0,0,0,0
7/14/2025,MYRX,0,0,0,0,0
7/14/2025,MYRXP,0,0,0,0,0
7/14/2025,MYTX,0,0,0,0,0
7/14/2025,NAIK,162,165,159,161,11953900
7/14/2025,NAIK-W,33,35,32,33,6186500
7/14/2025,NANO,25,25,23,23,6867100
7/14/2025,NASA,15,16,15,15,600200
7/14/2025,NASI,91,92,84,85,11566600
7/14/2025,NATO,142,144,141,141,88500
7/14/2025,NAYZ,44,45,42,43,1958500
7/14/2025,NCKL,660,665,645,650,24677600
7/14/2025,NELY,368,368,362,362,286900
7/14/2025,NEST,302,312,292,294,3507700
7/14/2025,NETV,151,156,146,147,2125400
7/14/2025,NFCX,1825,1825,1700,1700,251100
7/14/2025,NICE,496,496,464,466,27482600
7/14/2025,NICK,1290,1320,1270,1290,3500
7/14/2025,NICL,990,1010,965,970,23837300
7/14/2025,NIKL,240,242,238,238,541400
7/14/2025,NINE,82,82,73,73,37722500
7/14/2025,NIPS,0,0,0,0,0
7/14/2025,NIRO,122,122,120,122,37600
7/14/2025,NISP,1350,1350,1335,1335,2436800
7/14/2025,NOBU,590,590,560,570,8357300
7/14/2025,NPGF,44,44,44,44,17477400
7/14/2025,NRCA,338,422,334,422,29178700
7/14/2025,NSSS,350,360,344,350,5304100
7/14/2025,NTBK,50,50,50,50,96500
7/14/2025,NUSA,0,0,0,0,0
7/14/2025,NZIA,87,90,84,88,6013900
7/14/2025,OASA,166,171,164,169,59565600
7/14/2025,OBAT,362,366,354,358,3404500
7/14/2025,OBAT-W,47,53,46,48,1910200
7/14/2025,OBMD,196,198,194,198,349700
7/14/2025,OCAP,0,0,0,0,0
7/14/2025,OILS,107,107,104,106,680100
7/14/2025,OKAS,147,147,140,143,3936100
7/14/2025,OLIV,20,22,19,20,8606100
7/14/2025,OMED,175,177,173,177,854000
7/14/2025,OMRE,0,0,0,0,0
7/14/2025,OPMS,72,72,70,70,3623000
7/14/2025,PACK,4200,4650,3870,3870,17848400
7/14/2025,PADA,16,16,15,16,8239100
7/14/2025,PADI,34,34,34,34,986700
7/14/2025,PALM,352,358,330,340,508400
7/14/2025,PAMG,72,86,71,80,149524200
7/14/2025,PANI,13875,14950,13625,14600,25172900
7/14/2025,PANIHDCZ5A,200,228,195,214,1330900
7/14/2025,PANR,1055,1065,1030,1055,9420800
7/14/2025,PANS,1480,1480,1450,1455,275000
7/14/2025,PART,108,122,105,119,66304700
7/14/2025,PART-W,18,20,16,20,16982400
7/14/2025,PBID,515,515,498,505,392900
7/14/2025,PBRX,21,21,20,20,1765300
7/14/2025,PBSA,368,368,356,364,763300
7/14/2025,PCAR,29,29,27,27,18166500
7/14/2025,PDES,446,448,446,446,10200
7/14/2025,PDPP,515,525,500,510,265900
7/14/2025,PEGE,111,112,107,110,746200
7/14/2025,PEHA,322,328,320,322,23000
7/14/2025,PEVE,340,344,330,330,233400
7/14/2025,PGAS,1595,1605,1570,1580,18870600
7/14/2025,PGASBQCU5A,0,0,0,0,0
7/14/2025,PGASBQCZ5A,64,64,64,64,100
7/14/2025,PGASDRCG6A,64,64,64,64,100
7/14/2025,PGASDRCN5A,32,32,32,32,100
7/14/2025,PGASDRCQ5A,27,27,25,25,1153500
7/14/2025,PGASHDCQ5A,0,0,0,0,0
7/14/2025,PGASYUCQ5A,0,0,0,0,0
7/14/2025,PGEO,1495,1505,1460,1480,104462400
7/14/2025,PGEODRCN5A,79,79,71,77,1710800
7/14/2025,PGEODRCQ5A,95,95,89,93,8101200
7/14/2025,PGEODRPV5A,39,39,39,39,30100
7/14/2025,PGEOHDCQ5A,95,95,91,91,53500
7/14/2025,PGJO,0,0,0,0,0
7/14/2025,PGLI,136,137,126,127,223100
7/14/2025,PGUN,550,575,535,570,48200
7/14/2025,PICO,130,132,127,128,799300
7/14/2025,PIPA,88,93,85,85,43900100
7/14/2025,PJAA,480,480,472,478,100300
7/14/2025,PKPK,655,655,620,650,34300
7/14/2025,PLAN,41,41,38,40,1104100
7/14/2025,PLAS,0,0,0,0,0
7/14/2025,PLIN,0,0,0,0,0
7/14/2025,PMJS,130,131,127,128,201000
7/14/2025,PMMP,0,0,0,0,0
7/14/2025,PMUI,120,167,117,148,782856500
7/14/2025,PNBN,1150,1150,1120,1125,10875700
7/14/2025,PNBS,50,50,50,50,105300
7/14/2025,PNGO,1800,1810,1795,1795,9100
7/14/2025,PNIN,920,925,910,920,100600
7/14/2025,PNLF,262,262,254,256,69280400
7/14/2025,PNLFHDCZ5A,0,0,0,0,0
7/14/2025,PNLFYUCV5A,17,17,16,16,200
7/14/2025,PNLFZPCH6A,0,0,0,0,0
7/14/2025,PNSE,805,870,780,805,104700
7/14/2025,POLA,16,16,15,15,259500
7/14/2025,POLI,0,0,0,0,0
7/14/2025,POLL,0,0,0,0,0
7/14/2025,POLU,0,0,0,0,0
7/14/2025,POLY,19,19,19,19,363000
7/14/2025,POOL,0,0,0,0,0
7/14/2025,PORT,870,900,870,885,3000
7/14/2025,POSA,0,0,0,0,0
7/14/2025,POWR,690,695,685,690,1500800
7/14/2025,PPGL,98,99,96,97,138000
7/14/2025,PPRE,60,60,58,58,1953800
7/14/2025,PPRI,162,169,157,162,722900
7/14/2025,PPRO,0,0,0,0,0
7/14/2025,PRAS,0,0,0,0,0
7/14/2025,PRAY,605,615,600,610,38400
7/14/2025,PRDA,2780,2800,2750,2770,1235800
7/14/2025,PRIM,60,62,59,59,3490800
7/14/2025,PSAB,444,464,438,444,133015100
7/14/2025,PSAT,2200,2730,2200,2730,42940800
7/14/2025,PSDN,77,77,75,76,114700
7/14/2025,PSGO,170,172,167,172,398100
7/14/2025,PSKT,34,34,32,32,298200
7/14/2025,PSSI,344,348,340,342,96800
7/14/2025,PTBA,2500,2510,2480,2490,15473600
7/14/2025,PTBABQCV5A,0,0,0,0,0
7/14/2025,PTBADRCG6A,37,37,37,37,5500
7/14/2025,PTBADRCN5A,9,12,8,12,90900
7/14/2025,PTBADRCQ5A,0,0,0,0,0
7/14/2025,PTBAHDCQ5A,0,0,0,0,0
7/14/2025,PTBAZPCH6A,0,0,0,0,0
7/14/2025,PTDU,0,0,0,0,0
7/14/2025,PTIS,400,420,384,390,170300
7/14/2025,PTMP,108,108,95,97,93575100
7/14/2025,PTMR,0,0,0,0,0
7/14/2025,PTPP,432,434,414,416,33235300
7/14/2025,PTPS,89,99,88,90,64622100
7/14/2025,PTPW,915,925,915,925,18100
7/14/2025,PTRO,3600,3980,3450,3980,390457300
7/14/2025,PTSN,210,216,206,206,285800
7/14/2025,PTSP,945,970,905,945,29100
7/14/2025,PUDP,224,224,210,218,16600
7/14/2025,PURA,14,14,14,14,4461200
7/14/2025,PURE,0,0,0,0,0
7/14/2025,PURI,187,187,183,186,129300
7/14/2025,PWON,370,372,362,362,19289000
7/14/2025,PWONHDCZ5A,0,0,0,0,0
7/14/2025,PWONZPCH6A,0,0,0,0,0
7/14/2025,PYFA,238,260,238,254,99241000
7/14/2025,PYFA-W,73,78,73,75,322300
7/14/2025,PZZA,167,167,162,165,761500
7/14/2025,R-ABFII,0,0,0,0,0
7/14/2025,R-LQ45X,974,974,954,954,10500
7/14/2025,RAAM,266,270,262,266,9412600
7/14/2025,RAFI,0,0,0,0,0
7/14/2025,RAJA,2600,2740,2550,2680,114938700
7/14/2025,RALS,402,402,398,398,5611400
7/14/2025,RANC,422,422,416,418,12900
7/14/2025,RATU,7200,7650,7050,7500,20611400
7/14/2025,RBMS,25,25,24,25,79000
7/14/2025,RCCC,110,113,108,109,5462400
7/14/2025,RDTX,0,0,0,0,0
7/14/2025,REAL,48,48,45,47,18993800
7/14/2025,RELF,19,19,18,19,2162700
7/14/2025,RELI,476,476,452,460,5500
7/14/2025,RGAS,118,129,117,129,70079400
7/14/2025,RICY,38,38,38,38,46600
7/14/2025,RIGS,790,790,755,770,42800
7/14/2025,RIMO,0,0,0,0,0
7/14/2025,RISE,1045,1045,1045,1045,270700
7/14/2025,RMKE,515,515,510,515,415000
7/14/2025,RMKO,102,102,98,100,408600
7/14/2025,ROCK,0,0,0,0,0
7/14/2025,RODA,35,35,34,35,29000
7/14/2025,RONY,0,0,0,0,0
7/14/2025,ROTI,820,820,815,820,647800
7/14/2025,RSCH,460,460,452,454,1093500
7/14/2025,RSGK,0,0,0,0,0
7/14/2025,RUIS,190,190,183,183,2055900
7/14/2025,RUNS,50,50,49,50,51500
7/14/2025,SAFE,222,230,218,220,247400
7/14/2025,SAGE,13,13,13,13,4255700
7/14/2025,SAME,248,250,246,248,1267600
7/14/2025,SAMF,336,338,332,334,125300
7/14/2025,SAPX,330,330,316,320,297400
7/14/2025,SATU,232,240,232,240,7923000
7/14/2025,SBAT,0,0,0,0,0
7/14/2025,SBMA,119,121,115,117,5783300
7/14/2025,SCCO,2120,2140,2090,2090,24100
7/14/2025,SCMA,158,162,156,156,55377300
7/14/2025,SCMABQCZ5A,32,32,32,32,100
7/14/2025,SCMAHDCZ5A,0,0,0,0,0
7/14/2025,SCMAZPCG6A,0,0,0,0,0
7/14/2025,SCNP,160,161,155,161,112700
7/14/2025,SCPI,0,0,0,0,0
7/14/2025,SDMU,34,34,34,34,391300
7/14/2025,SDPC,128,130,127,128,177100
7/14/2025,SDRA,302,304,296,298,196200
7/14/2025,SEMA,86,86,84,85,877000
7/14/2025,SFAN,1910,1910,1910,1910,110100
7/14/2025,SGER,334,334,326,328,973000
7/14/2025,SGRO,2660,2680,2600,2600,487700
7/14/2025,SHID,1160,1225,990,1015,419200
7/14/2025,SHIP,3110,3190,3010,3190,44700
7/14/2025,SICO,109,110,107,108,1805400
7/14/2025,SIDO,510,515,505,515,35876300
7/14/2025,SILO,2220,2230,2190,2200,512800
7/14/2025,SIMA,0,0,0,0,0
7/14/2025,SIMP,530,540,510,520,14045600
7/14/2025,SINI,3720,3720,3600,3600,5400
7/14/2025,SIPD,0,0,0,0,0
7/14/2025,SKBM,358,358,336,344,32300
7/14/2025,SKLT,190,196,190,191,564000
7/14/2025,SKRN,436,440,432,432,162100
7/14/2025,SKYB,0,0,0,0,0
7/14/2025,SLIS,50,50,50,50,87200
7/14/2025,SLIS-W,7,7,6,6,11568300
7/14/2025,SMAR,3490,3540,3450,3510,41200
7/14/2025,SMBR,302,304,276,280,60751900
7/14/2025,SMCB,0,0,0,0,0
7/14/2025,SMDM,885,885,840,850,397200
7/14/2025,SMDR,324,340,320,320,25597800
7/14/2025,SMGA,80,80,78,79,24375500
7/14/2025,SMGR,2810,2810,2710,2740,3936800
7/14/2025,SMGRBQCU5A,27,27,24,25,71600
7/14/2025,SMGRBQCZ5A,58,58,58,58,100
7/14/2025,SMGRDRCN5A,0,0,0,0,0
7/14/2025,SMGRDRCQ5A,6,6,6,6,975800
7/14/2025,SMGRDRCV5A,63,63,62,62,2300
7/14/2025,SMGRHDCZ5A,123,123,119,119,301100
7/14/2025,SMIL,234,242,232,240,74637200
7/14/2025,SMKL,157,159,155,157,47500
7/14/2025,SMKM,78,79,74,77,9155000
7/14/2025,SMLE,121,127,121,127,2318000
7/14/2025,SMMA,15775,15775,15775,15775,200
7/14/2025,SMMT,840,855,840,850,29700
7/14/2025,SMRA,384,384,374,374,29393500
7/14/2025,SMRAHDCZ5A,115,115,115,115,4500
7/14/2025,SMRAZPCH6A,0,0,0,0,0
7/14/2025,SMRU,0,0,0,0,0
7/14/2025,SMSM,1900,1920,1890,1920,967200
7/14/2025,SNLK,530,535,520,530,5036000
7/14/2025,SOCI,170,172,169,170,849900
7/14/2025,SOFA,48,48,45,47,7257300
7/14/2025,SOHO,690,690,685,685,1000
7/14/2025,SOLA,122,126,119,119,22139000
7/14/2025,SONA,3390,3390,3280,3310,25800
7/14/2025,SOSS,420,440,420,428,96900
7/14/2025,SOTS,272,288,270,286,8200
7/14/2025,SOUL,37,38,36,36,1022700
7/14/2025,SPMA,262,268,260,262,137500
7/14/2025,SPRE,72,79,72,77,3150700
7/14/2025,SPTO,660,660,645,660,399900
7/14/2025,SQMI,0,0,0,0,0
7/14/2025,SRAJ,4220,4370,4140,4280,2714100
7/14/2025,SRIL,0,0,0,0,0
7/14/2025,SRSN,50,50,50,50,527500
7/14/2025,SRTG,1625,1625,1590,1600,7643100
7/14/2025,SRTGZPCG6A,0,0,0,0,0
7/14/2025,SSIA,1945,2330,1910,2330,155065300
7/14/2025,SSMS,1400,1410,1355,1390,9268500
7/14/2025,SSTM,166,174,160,166,78100
7/14/2025,STAA,800,800,790,795,13964300
7/14/2025,STAR,28,30,28,30,68900
7/14/2025,STRK,80,81,77,78,23145600
7/14/2025,STTP,10200,10400,10200,10400,1400
7/14/2025,SUGI,0,0,0,0,0
7/14/2025,SULI,106,108,103,107,2003900
7/14/2025,SUNI,790,800,780,795,521000
7/14/2025,SUPR,0,0,0,0,0
7/14/2025,SURE,2280,2820,2250,2710,32500
7/14/2025,SURI,84,92,80,88,154216800
7/14/2025,SWAT,0,0,0,0,0
7/14/2025,SWID,60,61,57,59,3246600
7/14/2025,TALF,298,298,290,290,3200
7/14/2025,TAMA,25,25,24,24,174900
7/14/2025,TAMU,15,15,14,14,4337400
7/14/2025,TAPG,1145,1160,1125,1125,15715700
7/14/2025,TAPGZPCH6A,51,51,50,50,250000
7/14/2025,TARA,10,10,9,10,1687000
7/14/2025,TAXI,7,7,7,7,5876900
7/14/2025,TAYS,50,50,50,50,115400
7/14/2025,TBIG,2040,2050,1995,1995,224300
7/14/2025,TBLA,810,815,800,810,3659700
7/14/2025,TBMS,1015,1100,985,1050,473300
7/14/2025,TCID,2450,2450,2370,2370,600
7/14/2025,TCPI,5500,5575,5375,5475,11162600
7/14/2025,TDPM,0,0,0,0,0
7/14/2025,TEBE,710,715,670,710,4490500
7/14/2025,TECH,0,0,0,0,0
7/14/2025,TELE,0,0,0,0,0
7/14/2025,TFAS,139,139,133,134,305000
7/14/2025,TFCO,0,0,0,0,0
7/14/2025,TGKA,6025,6075,5975,6075,1900
7/14/2025,TGRA,0,0,0,0,0
7/14/2025,TGUK,0,0,0,0,0
7/14/2025,TIFA,730,730,730,730,17700
7/14/2025,TINS,1050,1055,1015,1025,12154100
7/14/2025,TIRA,1830,1830,1815,1815,13600
7/14/2025,TIRT,0,0,0,0,0
7/14/2025,TKIM,5725,5750,5475,5500,1767100
7/14/2025,TKIMZPCG6A,60,60,60,60,500
7/14/2025,TLDN,580,580,565,575,296700
7/14/2025,TLKM,2700,2710,2640,2690,60458400
7/14/2025,TLKMBQCQ5A,0,0,0,0,0
7/14/2025,TLKMBQCV5A,81,82,81,82,200
7/14/2025,TLKMDRCQ5A,33,33,33,33,20000
7/14/2025,TLKMDRCQ5B,75,75,73,73,27900
7/14/2025,TLKMDRCX6A,0,0,0,0,0
7/14/2025,TLKMHDCQ5A,0,0,0,0,0
7/14/2025,TLKMHDCV5A,0,0,0,0,0
7/14/2025,TLKMYUCQ5A,70,70,70,70,100
7/14/2025,TLKMZPCF6A,0,0,0,0,0
7/14/2025,TMAS,132,133,129,130,1117000
7/14/2025,TMPO,154,155,146,149,2300300
7/14/2025,TNCA,148,150,143,147,343900
7/14/2025,TOBA,815,820,770,780,178725700
7/14/2025,TOOL,50,50,50,50,5761000
7/14/2025,TOPS,0,0,0,0,0
7/14/2025,TOSK,50,50,50,50,65100
7/14/2025,TOTL,695,700,685,690,1516200
7/14/2025,TOTO,228,228,224,226,1012800
7/14/2025,TOWR,550,565,545,555,60731300
7/14/2025,TOYS,0,0,0,0,0
7/14/2025,TPIA,9975,10500,9825,10025,56376000
7/14/2025,TPMA,595,595,580,585,7364800
7/14/2025,TRAM,0,0,0,0,0
7/14/2025,TRGU,172,176,170,176,140500
7/14/2025,TRIL,0,0,0,0,0
7/14/2025,TRIM,350,350,342,348,137800
7/14/2025,TRIN,104,104,99,100,940000
7/14/2025,TRIN-W2,0,0,0,0,0
7/14/2025,TRIO,0,0,0,0,0
7/14/2025,TRIS,175,175,167,173,60700
7/14/2025,TRJA,141,141,137,138,196700
7/14/2025,TRON,103,106,99,102,2129400
7/14/2025,TRST,490,496,472,492,22900
7/14/2025,TRUE,17,17,16,17,749300
7/14/2025,TRUK,135,141,133,138,1765700
7/14/2025,TRUS,436,448,436,444,3200
7/14/2025,TSPC,2330,2330,2300,2300,621300
7/14/2025,TUGU,985,990,970,970,1570000
7/14/2025,TYRE,130,136,124,130,405100
7/14/2025,UANG,208,216,206,214,1803200
7/14/2025,UCID,500,505,498,500,1361500
7/14/2025,UDNG,795,965,795,965,7623400
7/14/2025,UFOE,179,180,175,180,221000
7/14/2025,ULTJ,1350,1350,1320,1320,1591700
7/14/2025,UNIC,7875,8000,7850,7875,2400
7/14/2025,UNIQ,372,394,368,388,47008700
7/14/2025,UNIT,0,0,0,0,0
7/14/2025,UNSP,121,121,121,121,3400
7/14/2025,UNTD,84,85,80,82,12452700
7/14/2025,UNTR,22400,22600,22250,22575,4771000
7/14/2025,UNTRBQCV5A,0,0,0,0,0
7/14/2025,UNTRDRCG6A,108,109,108,109,200
7/14/2025,UNTRDRCN5A,0,0,0,0,0
7/14/2025,UNTRDRCQ5A,29,29,28,28,84000
7/14/2025,UNTRHDCQ5A,0,0,0,0,0
7/14/2025,UNVR,1575,1600,1550,1575,12776800
7/14/2025,UNVRBQCQ5A,20,20,18,18,13330700
7/14/2025,UNVRBQCU5A,29,31,29,31,4000100
7/14/2025,UNVRBQCZ5A,0,0,0,0,0
7/14/2025,UNVRDRCG6A,0,0,0,0,0
7/14/2025,UNVRDRCN5A,17,17,14,14,37600
7/14/2025,UNVRDRCQ5A,6,6,5,5,420200
7/14/2025,UNVRHDCQ5A,0,0,0,0,0
7/14/2025,UNVRZPCH6A,0,0,0,0,0
7/14/2025,URBN,134,134,126,127,194700
7/14/2025,UVCR,77,77,75,75,2861700
7/14/2025,VAST,139,139,136,138,2911200
7/14/2025,VAST-W,13,14,13,14,244700
7/14/2025,VERN,121,121,118,120,1085200
7/14/2025,VERN-W,3,4,3,4,6309300
7/14/2025,VICI,645,645,630,640,314700
7/14/2025,VICO,166,167,158,160,1791100
7/14/2025,VINS,113,118,109,112,1561600
7/14/2025,VISI,150,158,149,153,2806700
7/14/2025,VIVA,13,13,12,13,4019700
7/14/2025,VKTR,86,86,83,84,17041600
7/14/2025,VOKS,195,195,190,190,5900
7/14/2025,VRNA,74,74,73,74,71900
7/14/2025,VTNY,115,115,111,113,6863800
7/14/2025,WAPO,156,157,151,151,1704500
7/14/2025,WEGE,50,50,50,50,673500
7/14/2025,WEHA,120,120,112,114,4283200
7/14/2025,WGSH,180,180,165,173,1244600
7/14/2025,WICO,0,0,0,0,0
7/14/2025,WIDI,23,24,20,20,39488900
7/14/2025,WIFI,2050,2070,2010,2040,138391900
7/14/2025,WIIM,835,840,810,820,1296300
7/14/2025,WIKA,0,0,0,0,0
7/14/2025,WINE,230,248,228,236,432100
7/14/2025,WINR,26,27,26,27,2414500
7/14/2025,WINS,402,404,382,390,5791700
7/14/2025,WIRG,90,91,86,88,178580400
7/14/2025,WMPP,0,0,0,0,0
7/14/2025,WMUU,12,12,12,12,8536100
7/14/2025,WOMF,344,350,344,344,33000
7/14/2025,WOOD,378,406,372,396,11383100
7/14/2025,WOWS,58,58,58,58,522900
7/14/2025,WSBP,14,14,12,12,15072000
7/14/2025,WSKT,0,0,0,0,0
7/14/2025,WTON,98,99,95,96,31756000
7/14/2025,XAQA,0,0,0,0,0
7/14/2025,XBES,1018,1038,1018,1038,10500
7/14/2025,XBID,493,493,493,493,40000
7/14/2025,XBIG,0,0,0,0,0
7/14/2025,XBIN,553,553,553,553,40000
7/14/2025,XBLQ,0,0,0,0,0
7/14/2025,XBNI,1002,1002,1001,1002,600
7/14/2025,XBSK,427,427,427,427,40000
7/14/2025,XCEG,102,102,102,102,100
7/14/2025,XCID,58,58,57,57,3300
7/14/2025,XCIS,51,51,50,50,400
7/14/2025,XCLQ,86,86,86,86,100300
7/14/2025,XDIF,437,437,437,437,100
7/14/2025,XIFE,0,0,0,0,0
7/14/2025,XIHD,613,613,600,600,55000
7/14/2025,XIIC,0,0,0,0,0
7/14/2025,XIID,0,0,0,0,0
7/14/2025,XIIF,454,454,453,453,10000
7/14/2025,XIIT,480,503,480,498,19200
7/14/2025,XIJI,590,590,590,590,1400
7/14/2025,XILV,0,0,0,0,0
7/14/2025,XIML,0,0,0,0,0
7/14/2025,XIPB,198,198,198,198,500
7/14/2025,XIPI,215,215,214,214,2100
7/14/2025,XISB,0,0,0,0,0
7/14/2025,XISC,0,0,0,0,0
7/14/2025,XISI,337,337,323,323,400
7/14/2025,XISR,429,429,423,424,1500
7/14/2025,XKID,914,914,914,914,100
7/14/2025,XKIV,533,533,531,531,40200
7/14/2025,XKMS,1127,1134,1125,1134,200100
7/14/2025,XMGB,1097,1097,1097,1097,600
7/14/2025,XMIG,208,208,206,206,200100
7/14/2025,XMLF,855,855,855,855,40000
7/14/2025,XMSK,371,373,370,370,400
7/14/2025,XNVE,0,0,0,0,0
7/14/2025,XPDV,0,0,0,0,0
7/14/2025,XPFT,0,0,0,0,0
7/14/2025,XPIN,606,606,603,603,500
7/14/2025,XPLQ,474,474,469,474,1600
7/14/2025,XPSG,0,0,0,0,0
7/14/2025,XPTD,431,431,431,431,300
7/14/2025,XSBC,34,34,29,29,50100
7/14/2025,XSPI,0,0,0,0,0
7/14/2025,XSSI,52,54,50,52,134800
7/14/2025,XSSK,664,664,664,664,20000
7/14/2025,YELO,19,19,19,19,359500
7/14/2025,YOII,96,96,92,94,2741000
7/14/2025,YPAS,0,0,0,0,0
7/14/2025,YULE,0,0,0,0,0
7/14/2025,YUPI,1920,1925,1855,1865,262700
7/14/2025,ZATA,9,9,9,9,22942100
7/14/2025,ZBRA,0,0,0,0,0
7/14/2025,ZINC,12,13,12,13,2193100
7/14/2025,ZONE,785,805,785,805,44300
7/14/2025,ZYRX,140,140,133,134,1662600
