<date>,<ticker>,<open>,<high>,<low>,<close>,<volume>
10/15/2025,IHSG,8107.299,8132.522,7936.371,8051.175,34682713500
10/15/2025,AADI,7875,8000,7600,7875,19493100
10/15/2025,AADIDRCN6A,93,96,85,85,1707700
10/15/2025,AADIHDCK6A,94,97,87,89,391900
10/15/2025,AADIYUCK6A,0,0,0,0,0
10/15/2025,AALI,7925,8050,7825,7850,2118100
10/15/2025,ABBA,72,72,72,72,5391500
10/15/2025,ABDA,0,0,0,0,0
10/15/2025,ABMM,2760,2770,2570,2570,13306700
10/15/2025,ACES,418,440,412,440,147185700
10/15/2025,ACESBQCV5A,3,3,2,2,3313000
10/15/2025,ACESBQCX5B,5,5,3,4,11290700
10/15/2025,ACESBQCZ5A,0,0,0,0,0
10/15/2025,ACESDRCJ6A,10,11,10,11,1243700
10/15/2025,ACESHDCZ5A,0,0,0,0,0
10/15/2025,ACESZPCJ6A,17,17,17,17,3800
10/15/2025,ACRO,83,86,81,83,8626600
10/15/2025,ACRO-W,11,12,11,11,3128100
10/15/2025,ACST,137,139,131,134,4213300
10/15/2025,ADCP,58,59,54,55,45328000
10/15/2025,ADES,13550,13575,13475,13525,30500
10/15/2025,ADHI,262,262,256,256,7821100
10/15/2025,ADMF,8650,8650,8575,8600,94200
10/15/2025,ADMG,133,135,127,128,1364800
10/15/2025,ADMR,1375,1390,1260,1275,116469800
10/15/2025,ADMRDRCJ6A,71,71,57,58,8105700
10/15/2025,ADMRHDCJ6A,106,106,98,98,750800
10/15/2025,ADMRZPCH6A,81,85,81,82,235000
10/15/2025,ADRO,1705,1715,1655,1680,84255400
10/15/2025,ADROBQCG6A,0,0,0,0,0
10/15/2025,ADROBQCZ5A,12,12,10,11,4839700
10/15/2025,ADRODRCJ6A,45,45,45,45,1500
10/15/2025,ADRODRCX5A,28,28,25,25,6805000
10/15/2025,ADROHDCZ5A,0,0,0,0,0
10/15/2025,ADROHDPH6A,0,0,0,0,0
10/15/2025,ADROYUCZ5A,44,44,44,44,34500
10/15/2025,ADROZPCF6A,20,20,20,20,9900
10/15/2025,ADROZPCK6A,43,44,43,44,96500
10/15/2025,AEGS,42,43,39,40,13649700
10/15/2025,AGAR,242,252,242,242,28900
10/15/2025,AGII,0,0,0,0,0
10/15/2025,AGRO,222,224,212,222,20808100
10/15/2025,AGRS,71,71,69,70,2748400
10/15/2025,AHAP,86,89,82,85,25572500
10/15/2025,AIMS,490,490,446,446,573500
10/15/2025,AISA,132,135,129,135,9868200
10/15/2025,AKKU,0,0,0,0,0
10/15/2025,AKPI,555,565,550,565,8800
10/15/2025,AKRA,1090,1100,1065,1065,101285100
10/15/2025,AKRABQCX5B,0,0,0,0,0
10/15/2025,AKRADRCX5A,14,14,12,14,1320400
10/15/2025,AKRAHDCH6A,0,0,0,0,0
10/15/2025,AKRAZPCJ6A,0,0,0,0,0
10/15/2025,AKRAZPCM6A,28,28,27,27,8800
10/15/2025,AKRAZPCX5A,0,0,0,0,0
10/15/2025,AKSI,330,330,296,304,872100
10/15/2025,ALDO,488,498,488,494,43600
10/15/2025,ALII,555,565,545,555,2127200
10/15/2025,ALKA,328,338,326,336,16500
10/15/2025,ALMI,0,0,0,0,0
10/15/2025,ALTO,0,0,0,0,0
10/15/2025,AMAG,352,352,342,350,128400
10/15/2025,AMAN,137,142,131,132,2763500
10/15/2025,AMAR,244,244,220,234,3916500
10/15/2025,AMFG,3330,3420,3320,3420,7600
10/15/2025,AMIN,250,250,236,250,445900
10/15/2025,AMMN,7475,7550,7100,7250,23203700
10/15/2025,AMMNBQCZ5A,18,18,14,15,5286100
10/15/2025,AMMNDRCJ6A,50,50,45,48,1430800
10/15/2025,AMMNHDCH6A,72,72,72,72,28000
10/15/2025,AMMNZPCG6A,29,33,29,31,163300
10/15/2025,AMMS,320,350,288,302,24931400
10/15/2025,AMOR,428,430,426,428,92800
10/15/2025,AMRT,2180,2250,2140,2220,95635500
10/15/2025,AMRTBQCH6A,32,35,32,35,15164000
10/15/2025,AMRTDRCZ5A,28,28,28,28,30000
10/15/2025,AMRTHDCJ6A,21,26,20,25,2282200
10/15/2025,AMRTZPCK6A,27,27,26,27,105700
10/15/2025,AMRTZPCX5A,35,42,35,42,3405500
10/15/2025,ANDI,23,23,23,23,18031600
10/15/2025,ANJT,2290,2310,2240,2310,526100
10/15/2025,ANTM,3410,3460,3310,3400,198843300
10/15/2025,ANTMBQCX5A,68,71,60,63,345700
10/15/2025,ANTMBQCZ5A,0,0,0,0,0
10/15/2025,ANTMDRCG6A,56,58,51,58,1174000
10/15/2025,ANTMDRCG6B,83,85,76,82,70100
10/15/2025,ANTMDRCX5A,366,366,366,366,100
10/15/2025,ANTMDRPZ5A,0,0,0,0,0
10/15/2025,ANTMHDCH6A,93,93,89,89,33500
10/15/2025,ANTMHDCH6B,151,151,139,145,813000
10/15/2025,ANTMHDPH6A,57,57,52,56,89600
10/15/2025,ANTMZPCJ6A,92,93,85,89,3326100
10/15/2025,ANTMZPCK6A,37,37,35,37,4069400
10/15/2025,ANTMZPCX5A,250,250,236,242,270200
10/15/2025,APEX,131,132,125,126,29403600
10/15/2025,APIC,1125,1135,1120,1125,4846600
10/15/2025,APII,184,188,182,186,203000
10/15/2025,APLI,466,492,462,478,102700
10/15/2025,APLN,96,98,95,95,7348600
10/15/2025,ARCI,1475,1505,1320,1440,362460300
10/15/2025,AREA,500,505,496,505,2049400
10/15/2025,ARGO,1060,1060,1050,1050,2200
10/15/2025,ARII,264,274,262,264,311500
10/15/2025,ARKA,30,32,29,32,5216900
10/15/2025,ARKO,1575,1580,1480,1520,607700
10/15/2025,ARMY,0,0,0,0,0
10/15/2025,ARNA,530,535,515,535,2983100
10/15/2025,ARTA,3250,3250,3020,3070,11700
10/15/2025,ARTI,0,0,0,0,0
10/15/2025,ARTO,2010,2060,1950,2060,7018400
10/15/2025,ARTOBQCX5B,0,0,0,0,0
10/15/2025,ARTOBQCZ5A,9,10,7,10,3896100
10/15/2025,ARTODRCK6A,0,0,0,0,0
10/15/2025,ARTODRCX5A,0,0,0,0,0
10/15/2025,ARTOHDCZ5A,0,0,0,0,0
10/15/2025,ARTOZPCK6A,0,0,0,0,0
10/15/2025,ARTOZPCX5A,0,0,0,0,0
10/15/2025,ASBI,452,585,452,452,519200
10/15/2025,ASDM,535,555,520,540,106800
10/15/2025,ASGR,1100,1110,1080,1100,1805000
10/15/2025,ASHA,92,92,83,83,30204000
10/15/2025,ASII,5950,5950,5750,5775,96604500
10/15/2025,ASIIBQCZ5A,0,0,0,0,0
10/15/2025,ASIIDRCX5A,0,0,0,0,0
10/15/2025,ASIIDRCX6A,0,0,0,0,0
10/15/2025,ASIIHDCZ5A,0,0,0,0,0
10/15/2025,ASIIZPCJ6A,0,0,0,0,0
10/15/2025,ASIIZPCM6A,33,34,32,32,77700
10/15/2025,ASJT,118,130,118,127,1866800
10/15/2025,ASLC,78,80,75,77,45031400
10/15/2025,ASLI,0,0,0,0,0
10/15/2025,ASMI,28,28,26,28,4080900
10/15/2025,ASPI,0,0,0,0,0
10/15/2025,ASPR,95,96,92,93,5320900
10/15/2025,ASRI,164,166,159,161,27351000
10/15/2025,ASRM,468,550,398,398,3594800
10/15/2025,ASSA,875,880,855,865,5161200
10/15/2025,ATAP,76,83,76,83,5289700
10/15/2025,ATIC,430,436,422,434,696300
10/15/2025,ATLA,72,74,67,71,162272500
10/15/2025,AUTO,2400,2420,2310,2310,25623900
10/15/2025,AUTODRCV6A,63,63,63,63,100
10/15/2025,AUTOZPCJ6A,0,0,0,0,0
10/15/2025,AVIA,424,446,422,446,201699000
10/15/2025,AVIADRCV6A,0,0,0,0,0
10/15/2025,AVIAZPCJ6A,17,19,17,19,580600
10/15/2025,AWAN,222,224,218,220,20435700
10/15/2025,AXIO,124,124,113,115,3164700
10/15/2025,AYAM,178,178,175,177,67904000
10/15/2025,AYLS,242,242,206,206,23942800
10/15/2025,BABP,52,53,52,52,9420300
10/15/2025,BABY,350,352,304,336,13754900
10/15/2025,BACA,140,145,140,141,2705200
10/15/2025,BAIK,104,106,101,101,956100
10/15/2025,BAIK-W,11,11,9,10,7014600
10/15/2025,BAJA,164,178,152,152,45381600
10/15/2025,BALI,1165,1165,1100,1140,39300
10/15/2025,BANK,800,810,800,810,3934200
10/15/2025,BANK-W,0,0,0,0,0
10/15/2025,BAPA,63,83,63,74,184498800
10/15/2025,BAPI,22,26,22,26,23883700
10/15/2025,BATA,55,56,55,56,249600
10/15/2025,BATR,105,105,102,104,1064900
10/15/2025,BAUT,40,40,37,39,3239700
10/15/2025,BAYU,1300,1305,1275,1285,334900
10/15/2025,BBCA,7250,7350,7225,7250,133206400
10/15/2025,BBCABQCG6A,51,51,51,51,20100
10/15/2025,BBCABQCV5A,6,8,6,7,3319000
10/15/2025,BBCABQCX5A,10,11,8,9,4140700
10/15/2025,BBCADRCF6A,18,19,17,19,1090100
10/15/2025,BBCADRCX6A,0,0,0,0,0
10/15/2025,BBCAHDCQ7A,38,38,37,37,653200
10/15/2025,BBCAHDCV5A,2,2,1,1,9892300
10/15/2025,BBCAYUCK6A,145,145,144,144,600
10/15/2025,BBCAZPCF6A,12,12,10,11,5220500
10/15/2025,BBCAZPCH6A,50,51,50,51,726800
10/15/2025,BBHI,1500,1520,1465,1500,730300
10/15/2025,BBKP,68,70,67,68,120165800
10/15/2025,BBLD,880,900,870,895,25000
10/15/2025,BBMD,0,0,0,0,0
10/15/2025,BBNI,3810,3840,3720,3770,84578200
10/15/2025,BBNIBQCG6A,0,0,0,0,0
10/15/2025,BBNIBQCV5A,5,5,2,4,5713600
10/15/2025,BBNIDRCX6A,0,0,0,0,0
10/15/2025,BBNIDRCZ5A,24,25,24,25,183500
10/15/2025,BBNIDRPZ5A,84,84,81,83,300
10/15/2025,BBNIHDCQ7A,0,0,0,0,0
10/15/2025,BBNIYUCV5A,0,0,0,0,0
10/15/2025,BBNIZPCH6A,62,62,58,58,2500
10/15/2025,BBNIZPCX5A,0,0,0,0,0
10/15/2025,BBRI,3570,3590,3450,3500,468733500
10/15/2025,BBRIBQCJ6A,36,37,33,35,86700
10/15/2025,BBRIBQCZ5A,22,22,18,18,106000
10/15/2025,BBRIDRCG6A,59,59,57,57,4222500
10/15/2025,BBRIDRCN6A,74,75,74,75,372800
10/15/2025,BBRIDRCX5A,60,60,54,54,8377500
10/15/2025,BBRIDRCX6A,0,0,0,0,0
10/15/2025,BBRIDRPZ5A,60,71,60,68,163300
10/15/2025,BBRIHDCH6A,0,0,0,0,0
10/15/2025,BBRIHDCQ7A,62,62,57,59,52700
10/15/2025,BBRIYUCV5A,6,6,2,5,10300
10/15/2025,BBRIZPCH6A,58,95,52,95,114900
10/15/2025,BBRIZPCX5A,0,0,0,0,0
10/15/2025,BBRM,89,89,85,86,10148600
10/15/2025,BBSI,4210,5000,3580,4580,238400
10/15/2025,BBSS,312,320,306,312,121600
10/15/2025,BBTN,1140,1160,1120,1140,49069300
10/15/2025,BBTNDRCV6A,55,55,55,55,29900
10/15/2025,BBTNHDCZ5A,66,66,64,64,1011600
10/15/2025,BBTNYUCZ5A,0,0,0,0,0
10/15/2025,BBTNZPCG6A,0,0,0,0,0
10/15/2025,BBYB,358,370,338,352,99247200
10/15/2025,BCAP,58,58,56,56,36692100
10/15/2025,BCIC,155,165,150,165,5239600
10/15/2025,BCIP,112,114,106,109,28274200
10/15/2025,BDKR,167,168,162,164,18427200
10/15/2025,BDMN,2350,2370,2350,2350,1765900
10/15/2025,BEBS,0,0,0,0,0
10/15/2025,BEEF,530,530,530,530,2018800
10/15/2025,BEER,118,122,114,115,6318800
10/15/2025,BEKS,27,27,27,27,25003200
10/15/2025,BELI,368,370,356,370,1083900
10/15/2025,BELL,63,64,60,61,13664300
10/15/2025,BESS,1070,1095,1065,1080,24600
10/15/2025,BEST,104,107,103,104,13270300
10/15/2025,BFIN,750,755,745,755,6792000
10/15/2025,BFINDRCK6A,0,0,0,0,0
10/15/2025,BFINHDCM6A,31,31,31,31,15000
10/15/2025,BFINZPCM6A,0,0,0,0,0
10/15/2025,BGTG,108,110,106,107,20273300
10/15/2025,BHAT,910,920,900,915,1305300
10/15/2025,BHIT,34,34,33,33,22980700
10/15/2025,BIKA,0,0,0,0,0
10/15/2025,BIKE,940,960,935,945,12115600
10/15/2025,BIMA,78,78,77,77,47100
10/15/2025,BINA,4490,4510,4410,4500,8100
10/15/2025,BINO,132,132,127,127,1380300
10/15/2025,BIPI,99,100,94,97,241043700
10/15/2025,BIPP,42,45,42,43,457800
10/15/2025,BIRD,1775,1790,1755,1775,951500
10/15/2025,BISI,880,890,870,870,201400
10/15/2025,BJBR,750,755,745,755,2466800
10/15/2025,BJTM,505,510,500,505,7310800
10/15/2025,BKDP,44,44,43,44,188400
10/15/2025,BKSL,136,136,131,132,271542500
10/15/2025,BKSW,61,61,59,60,2989900
10/15/2025,BLES,162,164,159,161,5836300
10/15/2025,BLOG,510,510,498,500,5266700
10/15/2025,BLTA,33,33,32,32,4412200
10/15/2025,BLTZ,0,0,0,0,0
10/15/2025,BLUE,885,1005,685,845,5094700
10/15/2025,BMAS,660,700,660,670,6000
10/15/2025,BMBL,51,56,48,51,18231600
10/15/2025,BMHS,152,156,143,147,23848800
10/15/2025,BMRI,4110,4140,4010,4050,270562400
10/15/2025,BMRIBQCJ6A,50,50,49,49,200
10/15/2025,BMRIBQCZ5A,9,9,6,8,4605500
10/15/2025,BMRIDRCG6A,70,71,65,68,8019200
10/15/2025,BMRIDRCX5A,18,18,18,18,54100
10/15/2025,BMRIDRCX6A,0,0,0,0,0
10/15/2025,BMRIHDCQ7A,58,58,57,57,1000
10/15/2025,BMRIYUCK6A,0,0,0,0,0
10/15/2025,BMRIZPCH6A,34,35,32,32,8700
10/15/2025,BMRIZPCX5A,9,9,8,8,1100
10/15/2025,BMSR,300,310,272,308,547500
10/15/2025,BMTR,143,147,141,145,34981700
10/15/2025,BNBA,660,660,620,630,1105300
10/15/2025,BNBR,51,51,49,49,16006000
10/15/2025,BNGA,1695,1765,1660,1765,9691500
10/15/2025,BNGADRCK6A,0,0,0,0,0
10/15/2025,BNGAZPCH6A,41,41,41,41,100000
10/15/2025,BNII,206,206,200,204,993300
10/15/2025,BNLI,5100,5200,4830,5175,161800
10/15/2025,BOAT,118,120,113,116,4756500
10/15/2025,BOBA,183,192,175,190,1140100
10/15/2025,BOGA,498,500,494,500,186200
10/15/2025,BOLA,195,197,188,190,3464600
10/15/2025,BOLT,1050,1050,1045,1045,9600
10/15/2025,BOSS,0,0,0,0,0
10/15/2025,BPFI,336,340,330,330,11600
10/15/2025,BPII,545,550,540,545,110600
10/15/2025,BPTR,93,95,85,88,907500
10/15/2025,BRAM,5050,5175,5050,5175,500
10/15/2025,BREN,9675,9725,9250,9550,30362500
10/15/2025,BRIS,2570,2580,2490,2500,17943800
10/15/2025,BRISBQCZ5A,28,28,27,27,200
10/15/2025,BRISDRCJ6A,35,35,34,34,30800
10/15/2025,BRISHDCH6A,0,0,0,0,0
10/15/2025,BRISHDCZ5A,0,0,0,0,0
10/15/2025,BRISYUCV5A,0,0,0,0,0
10/15/2025,BRISZPCG6A,0,0,0,0,0
10/15/2025,BRMS,1135,1160,1010,1060,798548800
10/15/2025,BRMSBQCZ5A,336,344,292,292,98000
10/15/2025,BRMSDRCG6A,89,89,62,67,4999300
10/15/2025,BRMSDRCJ6A,226,232,190,198,212700
10/15/2025,BRMSDRPX5A,3,3,2,3,10018300
10/15/2025,BRMSHDCH6A,350,350,310,330,15900
10/15/2025,BRMSHDCZ5A,0,0,0,0,0
10/15/2025,BRMSYUCV5A,226,226,190,193,69100
10/15/2025,BRMSZPCG6A,326,326,306,306,4500
10/15/2025,BRNA,665,740,665,690,37300
10/15/2025,BRPT,3940,4020,3710,3890,197241000
10/15/2025,BRPTBQCV5A,0,0,0,0,0
10/15/2025,BRPTBQCX5B,340,352,318,350,5100
10/15/2025,BRPTBQCZ5A,0,0,0,0,0
10/15/2025,BRPTDRCF6A,430,430,406,412,1500
10/15/2025,BRPTDRCJ6A,262,268,244,268,51600
10/15/2025,BRPTDRCX5A,0,0,0,0,0
10/15/2025,BRPTHDCH6A,362,380,362,380,8800
10/15/2025,BRPTHDCH6B,330,330,330,330,124200
10/15/2025,BRPTHDPG6A,73,82,69,72,3355700
10/15/2025,BRPTYUCZ5A,322,322,322,322,100
10/15/2025,BRPTZPCF6A,0,0,0,0,0
10/15/2025,BRPTZPCK6A,97,99,90,99,246700
10/15/2025,BRPTZPCX5A,650,650,650,650,700
10/15/2025,BRRC,76,79,75,79,6077800
10/15/2025,BRRC-W,13,13,12,13,3868100
10/15/2025,BSBK,76,76,70,71,76188300
10/15/2025,BSDE,1005,1025,935,950,68318100
10/15/2025,BSDEBQCK6A,32,32,32,32,300000
10/15/2025,BSDEDRCG6A,45,45,45,45,900
10/15/2025,BSDEDRCJ6A,36,36,29,29,6000
10/15/2025,BSDEHDCM6A,35,35,31,31,716800
10/15/2025,BSDEZPCH6A,44,44,43,44,2300
10/15/2025,BSIM,885,885,850,860,28800
10/15/2025,BSML,162,166,159,160,38473200
10/15/2025,BSSR,3880,3890,3870,3880,414400
10/15/2025,BSWD,0,0,0,0,0
10/15/2025,BTEK,20,20,20,20,50838300
10/15/2025,BTEL,0,0,0,0,0
10/15/2025,BTON,402,402,362,382,69800
10/15/2025,BTPN,2050,2080,2020,2070,25900
10/15/2025,BTPS,1330,1355,1270,1355,15439600
10/15/2025,BTPSDRCK6A,0,0,0,0,0
10/15/2025,BTPSHDCJ6A,0,0,0,0,0
10/15/2025,BTPSZPCH6A,0,0,0,0,0
10/15/2025,BUAH,1425,1435,1415,1425,214900
10/15/2025,BUDI,212,212,204,206,154900
10/15/2025,BUKA,163,165,159,161,131970700
10/15/2025,BUKABQCZ5B,13,14,12,13,1377200
10/15/2025,BUKADRCK6A,15,15,14,14,1585200
10/15/2025,BUKAHDCZ5A,99,99,97,97,4300
10/15/2025,BUKAZPCM6A,34,34,34,34,19800
10/15/2025,BUKK,930,930,825,900,237400
10/15/2025,BULL,218,222,186,189,95360900
10/15/2025,BUMI,139,141,134,136,2141100100
10/15/2025,BUVA,675,815,675,815,228442900
10/15/2025,BVIC,100,103,99,99,7100900
10/15/2025,BVIC-W,41,41,40,40,5100
10/15/2025,BWPT,146,155,142,146,357155700
10/15/2025,BYAN,18050,18250,17900,18050,17600
10/15/2025,CAKK,172,179,168,172,865500
10/15/2025,CAMP,212,214,210,212,557500
10/15/2025,CANI,43,43,43,43,977900
10/15/2025,CARE,308,308,290,298,22251500
10/15/2025,CARS,135,139,134,134,41106900
10/15/2025,CASA,1040,1085,1040,1070,4717500
10/15/2025,CASH,107,107,97,97,7723200
10/15/2025,CASS,2450,2540,2300,2430,28800
10/15/2025,CBDK,6300,6400,6100,6275,8078700
10/15/2025,CBMF,0,0,0,0,0
10/15/2025,CBPE,220,236,220,232,164300
10/15/2025,CBRE,910,1330,910,1330,459360700
10/15/2025,CBUT,1455,1565,1430,1500,60700
10/15/2025,CCSI,356,382,346,354,884900
10/15/2025,CDIA,2010,2070,1865,1985,564187200
10/15/2025,CEKA,2540,2540,2480,2500,13200
10/15/2025,CENT,130,135,125,132,27827600
10/15/2025,CFIN,312,314,308,310,2296000
10/15/2025,CGAS,141,143,135,136,5630300
10/15/2025,CHEK,181,184,178,178,9340200
10/15/2025,CHEM,87,89,85,85,6332700
10/15/2025,CHIP,1485,1485,1360,1395,183500
10/15/2025,CINT,152,155,151,153,39800
10/15/2025,CITA,4950,5025,4560,4730,850700
10/15/2025,CITY,114,124,109,113,5734600
10/15/2025,CLAY,2600,2600,2600,2600,9300
10/15/2025,CLEO,500,510,500,505,9435000
10/15/2025,CLPI,1245,1255,1230,1240,144500
10/15/2025,CMNP,1265,1275,1255,1270,98900
10/15/2025,CMNP-W,302,302,292,292,10700
10/15/2025,CMNT,765,770,740,770,22357600
10/15/2025,CMPP,110,110,101,109,92000
10/15/2025,CMRY,4600,5000,4500,5000,7089300
10/15/2025,CMRYDRCK6A,0,0,0,0,0
10/15/2025,CMRYZPCJ6A,0,0,0,0,0
10/15/2025,CNKO,93,93,90,90,24377900
10/15/2025,CNMA,116,119,114,118,32923600
10/15/2025,CNTB,0,0,0,0,0
10/15/2025,CNTX,0,0,0,0,0
10/15/2025,COAL,59,59,58,58,13884100
10/15/2025,COCO,246,246,246,246,9494800
10/15/2025,COIN,2940,3240,2800,3150,92939200
10/15/2025,COWL,0,0,0,0,0
10/15/2025,CPIN,4700,4860,4640,4640,9998000
10/15/2025,CPINDRCG6A,65,65,65,65,3200
10/15/2025,CPINZPCJ6A,0,0,0,0,0
10/15/2025,CPRI,0,0,0,0,0
10/15/2025,CPRO,61,63,58,60,359481400
10/15/2025,CRAB,254,256,250,252,2432100
10/15/2025,CRSN,116,118,113,116,979500
10/15/2025,CSAP,310,318,308,310,185000
10/15/2025,CSIS,208,210,199,199,1882700
10/15/2025,CSMI,360,364,328,336,15801400
10/15/2025,CSRA,855,895,855,885,2355600
10/15/2025,CTBN,5000,5000,5000,5000,100
10/15/2025,CTRA,905,910,890,905,30171900
10/15/2025,CTRADRCJ6A,15,15,15,15,35000
10/15/2025,CTRAHDCK6A,0,0,0,0,0
10/15/2025,CTRAYUCZ5A,36,37,36,37,1000
10/15/2025,CTRAZPCG6A,0,0,0,0,0
10/15/2025,CTTH,69,69,69,69,2352900
10/15/2025,CUAN,2410,2500,2240,2480,320074100
10/15/2025,CYBR,1275,1340,1145,1300,28770300
10/15/2025,CYBR-W,1150,1150,840,865,50100
10/15/2025,DAAZ,2850,2890,2760,2800,385700
10/15/2025,DADA,95,95,95,95,43509300
10/15/2025,DART,164,164,156,159,117700
10/15/2025,DATA,5125,5850,5025,5600,10228200
10/15/2025,DAYA,1120,1205,1060,1160,212500
10/15/2025,DCII,276925,276925,274000,274000,2100
10/15/2025,DEAL,0,0,0,0,0
10/15/2025,DEFI,0,0,0,0,0
10/15/2025,DEPO,270,290,254,258,578800
10/15/2025,DEWA,334,348,300,318,1548998300
10/15/2025,DEWI,116,117,113,113,48507400
10/15/2025,DFAM,82,82,77,80,1283300
10/15/2025,DGIK,100,103,95,96,8465900
10/15/2025,DGNS,141,143,140,142,755100
10/15/2025,DGWG,378,380,372,372,6286000
10/15/2025,DIGI,35,35,33,33,1740800
10/15/2025,DILD,127,129,126,126,19588700
10/15/2025,DIVA,200,200,191,195,9019100
10/15/2025,DKFT,780,795,745,780,58471400
10/15/2025,DKHH,83,84,75,77,23139700
10/15/2025,DKHH-W,16,17,16,16,4597300
10/15/2025,DLTA,1960,1960,1950,1950,26700
10/15/2025,DMAS,134,135,133,133,42925800
10/15/2025,DMMX,378,382,370,372,1838300
10/15/2025,DMND,590,595,575,585,36400
10/15/2025,DNAR,115,116,114,115,402100
10/15/2025,DNET,9100,9475,9075,9075,23700
10/15/2025,DOID,332,334,320,320,20315700
10/15/2025,DOOH,170,171,147,150,168370400
10/15/2025,DOSS,154,156,148,148,2570300
10/15/2025,DPNS,290,322,288,296,402000
10/15/2025,DPUM,65,65,62,62,2547100
10/15/2025,DRMA,995,1000,940,970,1741400
10/15/2025,DSFI,84,87,82,85,20043300
10/15/2025,DSNG,1650,1750,1600,1695,83337200
10/15/2025,DSNGDRCK6A,73,87,73,87,10300
10/15/2025,DSNGHDCK6A,0,0,0,0,0
10/15/2025,DSNGZPCM6A,52,53,51,51,130500
10/15/2025,DSSA,106400,112575,106400,111000,3558200
10/15/2025,DUCK,0,0,0,0,0
10/15/2025,DUTI,4220,4300,4010,4270,12200
10/15/2025,DVLA,1620,1620,1590,1600,79300
10/15/2025,DWGL,750,935,730,770,14633900
10/15/2025,DYAN,90,90,88,89,1891400
10/15/2025,EAST,93,94,92,93,1584400
10/15/2025,ECII,187,190,186,188,124600
10/15/2025,EDGE,4650,4650,4400,4530,111500
10/15/2025,EKAD,181,184,175,181,867900
10/15/2025,ELIT,179,182,175,176,8071800
10/15/2025,ELPI,424,458,400,424,1504900
10/15/2025,ELSA,486,505,480,505,43230700
10/15/2025,ELSADRCG6A,0,0,0,0,0
10/15/2025,ELSADRCJ6A,30,30,30,30,15000
10/15/2025,ELSAHDCK6A,0,0,0,0,0
10/15/2025,ELSAZPCG6A,27,27,27,27,11500
10/15/2025,ELTY,22,22,20,20,84874900
10/15/2025,EMAS,4370,4450,4310,4400,42478200
10/15/2025,EMDE,96,96,91,91,1211400
10/15/2025,EMTK,1325,1370,1275,1370,140818800
10/15/2025,EMTKBQCH6A,39,40,36,40,676800
10/15/2025,EMTKBQCZ5A,0,0,0,0,0
10/15/2025,EMTKDRCK6A,63,70,61,68,665100
10/15/2025,EMTKHDCK6A,84,93,84,93,108200
10/15/2025,EMTKHDCZ5A,270,280,270,280,1200
10/15/2025,EMTKYUCV5A,176,176,176,176,55200
10/15/2025,EMTKZPCH6A,175,175,175,175,20000
10/15/2025,EMTKZPCM6A,52,57,52,57,78800
10/15/2025,ENAK,680,685,670,685,754100
10/15/2025,ENRG,1090,1090,980,1000,160505600
10/15/2025,ENRGBQCZ5A,96,96,96,96,1200
10/15/2025,ENRGDRCG6A,63,63,47,48,1862800
10/15/2025,ENRGDRCJ6A,194,194,192,192,13200
10/15/2025,ENRGHDCK6A,106,106,105,105,219700
10/15/2025,ENRGHDCZ5A,630,630,630,630,21900
10/15/2025,ENRGZPCG6A,0,0,0,0,0
10/15/2025,ENRGZPCK6A,62,62,57,57,702000
10/15/2025,ENVY,0,0,0,0,0
10/15/2025,ENZO,37,37,35,35,357900
10/15/2025,EPAC,28,28,28,28,7869200
10/15/2025,EPMT,2240,2250,2210,2240,9500
10/15/2025,ERAA,416,418,394,414,113102800
10/15/2025,ERAABQCZ5A,8,9,8,8,47600
10/15/2025,ERAADRCJ6A,9,9,7,7,19401500
10/15/2025,ERAAHDCZ5A,17,17,17,17,440000
10/15/2025,ERAAZPCH6A,16,16,16,16,6800
10/15/2025,ERAL,314,320,300,302,36908600
10/15/2025,ERTX,191,195,181,186,4796400
10/15/2025,ESIP,121,136,121,136,30967200
10/15/2025,ESSA,625,630,600,605,55825900
10/15/2025,ESSABQCZ5A,30,32,30,32,70100
10/15/2025,ESSADRCN6A,32,32,32,32,19000
10/15/2025,ESSAHDCH6A,48,49,48,49,1501800
10/15/2025,ESSAYUCZ5A,32,32,31,31,200
10/15/2025,ESSAZPCK6A,18,18,17,17,5000
10/15/2025,ESTA,0,0,0,0,0
10/15/2025,ESTI,112,133,112,133,8232700
10/15/2025,ETWA,0,0,0,0,0
10/15/2025,EURO,430,444,430,444,75100
10/15/2025,EXCL,2540,2540,2440,2470,12281900
10/15/2025,EXCLHDCJ6A,0,0,0,0,0
10/15/2025,EXCLZPCF6A,0,0,0,0,0
10/15/2025,EXCLZPCM6A,26,26,26,26,500
10/15/2025,FAPA,6125,6150,6100,6125,5700
10/15/2025,FAST,650,650,650,650,6467200
10/15/2025,FASW,0,0,0,0,0
10/15/2025,FILM,5075,5400,4710,4750,9274400
10/15/2025,FIMP,0,0,0,0,0
10/15/2025,FIRE,85,87,78,79,25075200
10/15/2025,FISH,2170,2210,2050,2160,17000
10/15/2025,FITT,1125,1125,1125,1125,1412600
10/15/2025,FLMC,150,153,135,143,6572400
10/15/2025,FMII,352,372,310,350,126500
10/15/2025,FOLK,0,0,0,0,0
10/15/2025,FOOD,214,214,208,208,308300
10/15/2025,FORE,505,540,505,530,16457800
10/15/2025,FORU,1100,1135,1090,1090,294200
10/15/2025,FPNI,188,190,186,188,385100
10/15/2025,FUJI,0,0,0,0,0
10/15/2025,FUTR,570,755,555,590,703917800
10/15/2025,FWCT,154,154,146,152,3381700
10/15/2025,GAMA,0,0,0,0,0
10/15/2025,GDST,113,116,111,113,3687300
10/15/2025,GDYR,1135,1135,1110,1110,56100
10/15/2025,GEMA,108,111,104,106,8790700
10/15/2025,GEMS,8825,8900,8650,8800,217900
10/15/2025,GGRM,12000,12100,11275,12000,3027400
10/15/2025,GGRMZPCG6A,88,95,79,83,2929300
10/15/2025,GGRP,228,230,220,228,1221300
10/15/2025,GHON,1620,1620,1620,1620,1700
10/15/2025,GIAA,116,116,103,106,601660300
10/15/2025,GJTL,975,980,965,970,2307600
10/15/2025,GJTLZPCJ6A,0,0,0,0,0
10/15/2025,GLOB,120,120,108,108,4400
10/15/2025,GLVA,338,338,328,336,11300
10/15/2025,GMFI,95,97,91,91,12778000
10/15/2025,GMTD,2110,2110,2080,2080,300
10/15/2025,GOLD,288,328,266,280,2655000
10/15/2025,GOLF,206,206,190,198,7629100
10/15/2025,GOLL,0,0,0,0,0
10/15/2025,GOOD,372,380,372,380,182000
10/15/2025,GOTO,55,56,54,54,2080781400
10/15/2025,GOTOBQCJ6A,8,8,7,7,5655900
10/15/2025,GOTOBQCZ5A,4,4,3,3,12840200
10/15/2025,GOTODRCG6A,6,8,6,7,2985700
10/15/2025,GOTOHDCK6A,13,13,13,13,8700
10/15/2025,GOTOM,0,0,0,0,0
10/15/2025,GOTOZPCH6A,20,20,20,20,15000
10/15/2025,GOTOZPCK6A,0,0,0,0,0
10/15/2025,GPRA,124,128,124,127,62783800
10/15/2025,GPSO,1395,1395,1175,1325,8368000
10/15/2025,GRIA,113,113,106,107,2991300
10/15/2025,GRPH,69,69,65,65,5136100
10/15/2025,GRPM,59,63,59,62,8868500
10/15/2025,GRPM-W,16,18,15,16,11335500
10/15/2025,GSMF,88,88,84,85,1189200
10/15/2025,GTBO,236,236,218,222,493600
10/15/2025,GTRA,290,304,256,276,3925200
10/15/2025,GTSI,94,96,89,95,78555100
10/15/2025,GULA,450,492,438,462,7772900
10/15/2025,GUNA,240,242,232,236,416700
10/15/2025,GWSA,139,140,135,140,612600
10/15/2025,GZCO,378,404,288,316,1580047400
10/15/2025,HADE,26,26,26,26,3022700
10/15/2025,HAIS,238,238,196,204,34216900
10/15/2025,HAJJ,120,120,108,119,18342800
10/15/2025,HAJJ-W,18,19,14,16,49767900
10/15/2025,HALO,173,178,148,148,101923000
10/15/2025,HALO-W,22,23,17,18,34556800
10/15/2025,HATM,248,248,242,248,22953800
10/15/2025,HBAT,200,218,180,180,3598000
10/15/2025,HDFA,145,146,144,144,35500
10/15/2025,HDIT,58,60,58,59,5338000
10/15/2025,HEAL,1540,1555,1500,1520,5497100
10/15/2025,HEALBQCZ5A,0,0,0,0,0
10/15/2025,HEALDRCJ6A,0,0,0,0,0
10/15/2025,HEALHDCH6A,0,0,0,0,0
10/15/2025,HEALYUCZ5A,0,0,0,0,0
10/15/2025,HEALZPCH6A,0,0,0,0,0
10/15/2025,HELI,238,240,230,238,140500
10/15/2025,HERO,590,700,550,635,477800
10/15/2025,HEXA,4540,4560,4480,4500,336300
10/15/2025,HGII,164,164,157,162,11391600
10/15/2025,HILL,190,191,179,180,4367700
10/15/2025,HITS,0,0,0,0,0
10/15/2025,HKMU,0,0,0,0,0
10/15/2025,HMSP,700,730,680,680,81095900
10/15/2025,HOKI,78,80,76,76,59908800
10/15/2025,HOME,0,0,0,0,0
10/15/2025,HOMI,402,404,340,352,10312400
10/15/2025,HOPE,121,135,121,127,138095700
10/15/2025,HOTL,0,0,0,0,0
10/15/2025,HRME,42,45,42,45,270100
10/15/2025,HRTA,1410,1520,1365,1430,136270800
10/15/2025,HRUM,1205,1220,1155,1170,33626400
10/15/2025,HRUMDRCN6A,59,59,54,54,3176300
10/15/2025,HRUMHDCK6A,75,75,66,67,221100
10/15/2025,HRUMZPCG6A,72,72,71,71,20000
10/15/2025,HRUMZPCM6A,43,43,41,42,212200
10/15/2025,HUMI,123,124,112,113,81906100
10/15/2025,HUMI-W,19,19,15,16,84777900
10/15/2025,HYGN,164,170,162,168,909500
10/15/2025,IATA,72,72,71,71,7435900
10/15/2025,IATA-W,29,29,29,29,100
10/15/2025,IBFN,38,38,36,36,2028800
10/15/2025,IBOS,65,71,61,68,17993200
10/15/2025,IBST,5600,5600,5600,5600,300
10/15/2025,ICBP,8500,8750,8425,8675,9029700
10/15/2025,ICBPDRCX6A,3330,3330,3330,3330,100
10/15/2025,ICBPHDCJ6A,26,26,26,26,500
10/15/2025,ICBPZPCX5A,8,9,8,9,96000
10/15/2025,ICON,46,46,46,46,72500
10/15/2025,IDEA,57,59,53,53,29178100
10/15/2025,IDPR,595,595,595,595,170600
10/15/2025,IFII,224,228,222,222,90600
10/15/2025,IFSH,795,800,785,795,9100
10/15/2025,IGAR,510,510,498,498,6100
10/15/2025,IIKP,0,0,0,0,0
10/15/2025,IKAI,19,19,19,19,37795400
10/15/2025,IKAN,108,117,103,107,13217200
10/15/2025,IKBI,438,510,438,500,613900
10/15/2025,IKPM,234,234,218,222,707900
10/15/2025,IMAS,1145,1145,1115,1125,300500
10/15/2025,IMJS,244,250,240,240,10059900
10/15/2025,IMPC,2560,2610,2420,2510,48330400
10/15/2025,INAF,0,0,0,0,0
10/15/2025,INAI,155,158,148,151,236100
10/15/2025,INCF,53,53,53,53,2773700
10/15/2025,INCI,600,620,600,605,14400
10/15/2025,INCO,4280,4470,4210,4460,15164400
10/15/2025,INCOBQCF6A,80,80,77,77,300
10/15/2025,INCOBQCJ6A,0,0,0,0,0
10/15/2025,INCOBQCV5A,19,33,12,33,17101500
10/15/2025,INCODRCG6A,87,100,87,100,11000
10/15/2025,INCODRCK6A,91,91,89,89,7500
10/15/2025,INCODRCX5A,132,132,130,130,10600
10/15/2025,INCOHDCJ6A,0,0,0,0,0
10/15/2025,INCOYUCZ5A,0,0,0,0,0
10/15/2025,INCOZPCK6A,53,53,53,53,43400
10/15/2025,INCOZPCX5A,206,206,206,206,19400
10/15/2025,INDF,7050,7100,6875,6900,8979000
10/15/2025,INDFBQCV5A,2,3,2,3,2753100
10/15/2025,INDFDRCX6A,3330,3330,3330,3330,300
10/15/2025,INDFHDCJ6A,18,18,16,16,107100
10/15/2025,INDO,246,248,244,244,3169900
10/15/2025,INDR,3430,3440,3140,3310,67500
10/15/2025,INDS,232,232,220,224,414700
10/15/2025,INDX,184,184,184,184,3675700
10/15/2025,INDY,2400,2430,2240,2330,33086100
10/15/2025,INDYDRCN6A,136,136,122,130,209800
10/15/2025,INDYHDCJ6A,260,260,260,260,200
10/15/2025,INDYZPCG6A,0,0,0,0,0
10/15/2025,INET,312,318,272,282,1135962000
10/15/2025,INET-W,206,218,180,187,15664900
10/15/2025,INKP,7350,7450,7225,7450,7296400
10/15/2025,INKPBQCX5A,36,37,36,36,120000
10/15/2025,INKPDRCF6A,158,158,156,156,4000
10/15/2025,INKPDRCG6A,63,63,63,63,5000
10/15/2025,INKPHDCK6A,0,0,0,0,0
10/15/2025,INKPZPCF6A,0,0,0,0,0
10/15/2025,INKPZPCK6A,31,31,29,29,139800
10/15/2025,INOV,99,102,99,100,2520500
10/15/2025,INPC,151,152,145,147,8812300
10/15/2025,INPP,660,660,625,645,36800
10/15/2025,INPS,138,138,138,138,1909900
10/15/2025,INRU,690,760,680,735,63500
10/15/2025,INTA,41,41,41,41,3696100
10/15/2025,INTD,204,214,200,214,277600
10/15/2025,INTP,5950,5975,5800,5800,1563500
10/15/2025,INTPDRCN6A,52,53,52,53,250000
10/15/2025,INTPHDCM6A,45,45,45,45,1200
10/15/2025,INTPZPCG6A,43,43,43,43,87300
10/15/2025,INTPZPCM6A,0,0,0,0,0
10/15/2025,IOTF,90,90,85,87,44252300
10/15/2025,IPAC,0,0,0,0,0
10/15/2025,IPCC,1065,1065,1035,1050,3201500
10/15/2025,IPCM,312,312,304,308,2054400
10/15/2025,IPOL,139,140,135,139,81300
10/15/2025,IPPE,0,0,0,0,0
10/15/2025,IPTV,40,42,40,42,6687300
10/15/2025,IRRA,456,456,430,438,1824100
10/15/2025,IRSX,290,290,262,262,29815700
10/15/2025,ISAP,35,36,32,32,87429000
10/15/2025,ISAP-W,19,20,18,18,37772600
10/15/2025,ISAT,1765,1925,1765,1925,73032800
10/15/2025,ISATBQCJ6A,39,39,38,38,200
10/15/2025,ISATDRCG6A,0,0,0,0,0
10/15/2025,ISATDRCX5A,0,0,0,0,0
10/15/2025,ISATHDCJ6A,11,13,11,12,14615700
10/15/2025,ISATZPCF6A,0,0,0,0,0
10/15/2025,ISEA,88,88,81,81,5396600
10/15/2025,ISSP,404,406,376,390,7625400
10/15/2025,ITIC,350,426,350,378,27272300
10/15/2025,ITMA,1475,1590,1400,1580,1515900
10/15/2025,ITMG,22300,22375,22000,22000,2147300
10/15/2025,ITMGDRCV6A,0,0,0,0,0
10/15/2025,ITMGHDCJ6A,0,0,0,0,0
10/15/2025,ITMGZPCJ6A,0,0,0,0,0
10/15/2025,JARR,5925,5925,5925,5925,951800
10/15/2025,JAST,86,88,85,86,1940200
10/15/2025,JATI,115,118,111,112,1986700
10/15/2025,JAWA,149,153,147,149,1602300
10/15/2025,JAYA,99,101,97,100,1308000
10/15/2025,JECC,1170,1230,1120,1175,32500
10/15/2025,JGLE,19,19,18,18,65648100
10/15/2025,JIHD,580,585,555,570,3009300
10/15/2025,JKON,85,85,81,82,9558900
10/15/2025,JMAS,140,148,140,146,409200
10/15/2025,JPFA,2280,2400,2230,2380,118905200
10/15/2025,JPFABQCZ5A,0,0,0,0,0
10/15/2025,JPFADRCJ6A,99,112,98,112,416200
10/15/2025,JPFAHDCZ5A,0,0,0,0,0
10/15/2025,JPFAZPCG6A,0,0,0,0,0
10/15/2025,JRPT,845,860,820,860,809600
10/15/2025,JSKY,0,0,0,0,0
10/15/2025,JSMR,3870,3950,3830,3840,24943000
10/15/2025,JSMRDRCK6A,82,84,82,83,814300
10/15/2025,JSMRHDCH6A,124,124,124,124,500
10/15/2025,JSMRZPCG6A,55,55,52,53,10300
10/15/2025,JSPT,3520,3580,3350,3530,29100
10/15/2025,JTPE,328,332,326,330,1220900
10/15/2025,KAEF,635,665,585,605,11168000
10/15/2025,KAQI,69,70,67,68,9472600
10/15/2025,KARW,505,505,500,500,81600
10/15/2025,KAYU,0,0,0,0,0
10/15/2025,KBAG,46,46,42,42,11290500
10/15/2025,KBLI,316,318,306,316,763300
10/15/2025,KBLM,376,376,360,362,329500
10/15/2025,KBLV,276,276,272,272,70808200
10/15/2025,KBRI,0,0,0,0,0
10/15/2025,KDSI,468,470,460,466,54600
10/15/2025,KDTN,112,114,112,113,135100
10/15/2025,KEEN,1000,1010,970,980,5334500
10/15/2025,KEJU,695,710,670,680,702500
10/15/2025,KETR,600,640,590,600,11184100
10/15/2025,KIAS,0,0,0,0,0
10/15/2025,KICI,153,198,143,198,25947600
10/15/2025,KIJA,180,181,177,180,28330300
10/15/2025,KING,204,210,204,206,590800
10/15/2025,KING-W,14,14,12,13,2326600
10/15/2025,KINO,1160,1200,1145,1190,58900
10/15/2025,KIOS,72,72,61,63,17562800
10/15/2025,KJEN,224,232,190,200,8634800
10/15/2025,KKES,32,32,32,32,445800
10/15/2025,KKGI,402,406,374,384,28799600
10/15/2025,KLAS,125,132,125,129,13276700
10/15/2025,KLBF,1065,1090,1055,1085,100033400
10/15/2025,KLBFBQCJ6A,30,30,30,30,100
10/15/2025,KLBFBQCV5A,4,4,2,4,3449700
10/15/2025,KLBFDRCG6A,9,10,8,9,3424300
10/15/2025,KLBFHDCK6A,43,43,43,43,42500
10/15/2025,KLBFZPCF6A,11,11,11,11,1700
10/15/2025,KLBFZPCJ6A,0,0,0,0,0
10/15/2025,KLIN,162,166,151,159,890300
10/15/2025,KMDS,650,680,625,625,22400
10/15/2025,KMTR,282,284,278,284,302700
10/15/2025,KOBX,145,193,143,155,91943300
10/15/2025,KOCI,82,82,76,77,8799700
10/15/2025,KOCI-W,17,18,16,17,4117500
10/15/2025,KOIN,70,84,70,81,166200
10/15/2025,KOKA,0,0,0,0,0
10/15/2025,KONI,2100,2500,1840,2200,122200
10/15/2025,KOPI,318,318,298,308,359600
10/15/2025,KOTA,27,27,27,27,27050300
10/15/2025,KPIG,161,163,157,160,95965800
10/15/2025,KRAS,324,330,310,322,36175000
10/15/2025,KREN,18,19,18,19,64710100
10/15/2025,KRYA,182,185,174,175,9516700
10/15/2025,KSIX,272,282,250,264,849600
10/15/2025,KUAS,70,70,67,69,5756200
10/15/2025,LABA,0,0,0,0,0
10/15/2025,LABS,141,141,139,141,882900
10/15/2025,LAJU,69,75,69,71,20496300
10/15/2025,LAND,37,40,37,40,2535300
10/15/2025,LAPD,270,270,270,270,10729800
10/15/2025,LCGP,0,0,0,0,0
10/15/2025,LCKM,218,234,208,210,12300
10/15/2025,LEAD,83,85,80,81,34647100
10/15/2025,LFLO,368,368,334,334,53900
10/15/2025,LIFE,10150,10225,9875,10225,6200
10/15/2025,LINK,3250,3250,2930,2930,11300
10/15/2025,LION,488,496,464,474,397900
10/15/2025,LIVE,182,182,165,170,6413600
10/15/2025,LMAS,0,0,0,0,0
10/15/2025,LMAX,72,79,66,69,10725500
10/15/2025,LMPI,155,162,141,144,3561800
10/15/2025,LMSH,0,0,0,0,0
10/15/2025,LOPI,95,99,87,90,16274000
10/15/2025,LPCK,605,610,580,590,689300
10/15/2025,LPGI,635,745,625,695,840000
10/15/2025,LPIN,460,460,450,452,81700
10/15/2025,LPKR,94,95,91,93,144299000
10/15/2025,LPLI,0,0,0,0,0
10/15/2025,LPPF,1625,1645,1575,1590,3339000
10/15/2025,LPPS,167,174,154,155,14530300
10/15/2025,LRNA,184,184,179,179,125300
10/15/2025,LSIP,1320,1335,1310,1320,5705400
10/15/2025,LSIPDRCK6A,0,0,0,0,0
10/15/2025,LSIPHDCJ6A,0,0,0,0,0
10/15/2025,LSIPYUCZ5A,47,48,47,48,200
10/15/2025,LSIPZPCG6A,58,58,57,57,15700
10/15/2025,LTLS,845,845,830,840,61300
10/15/2025,LUCK,100,100,95,97,1692700
10/15/2025,LUCY,100,100,91,91,154600
10/15/2025,MABA,0,0,0,0,0
10/15/2025,MAGP,0,0,0,0,0
10/15/2025,MAHA,139,142,138,138,3881700
10/15/2025,MAIN,730,750,725,740,2053300
10/15/2025,MANG,64,64,58,58,11624900
10/15/2025,MANG-W,22,23,20,21,7965500
10/15/2025,MAPA,565,615,560,615,70120500
10/15/2025,MAPABQCZ5A,10,12,9,11,3128400
10/15/2025,MAPADRCJ6A,11,13,10,13,23888900
10/15/2025,MAPAHDCZ5A,17,22,16,22,1495200
10/15/2025,MAPAZPCH6A,27,28,27,27,8900
10/15/2025,MAPB,1580,1625,1560,1580,4300
10/15/2025,MAPI,1165,1170,1140,1150,20718000
10/15/2025,MAPIBQCV5A,3,3,1,2,6928700
10/15/2025,MAPIDRCX5A,9,10,9,9,1416300
10/15/2025,MAPIHDCK6A,0,0,0,0,0
10/15/2025,MAPIZPCJ6A,41,41,41,41,5500
10/15/2025,MARI,38,38,36,36,7462200
10/15/2025,MARK,640,640,625,635,5796100
10/15/2025,MASA,0,0,0,0,0
10/15/2025,MASB,3340,3340,3190,3190,14000
10/15/2025,MAXI,57,58,54,54,22623000
10/15/2025,MAYA,240,246,230,242,10192200
10/15/2025,MBAP,1635,1635,1610,1615,80800
10/15/2025,MBMA,600,615,575,610,311596600
10/15/2025,MBMABQCX5A,46,47,36,45,2313800
10/15/2025,MBMADRCG6A,25,31,25,29,8791800
10/15/2025,MBMADRCX5A,64,71,63,67,237100
10/15/2025,MBMADRPX5A,4,5,3,3,7029300
10/15/2025,MBMAHDCH6A,107,107,107,107,7800
10/15/2025,MBMAYUCK6A,133,133,133,133,2600
10/15/2025,MBMAZPCK6A,36,37,33,35,857200
10/15/2025,MBMAZPCX5A,0,0,0,0,0
10/15/2025,MBSS,1280,1295,1225,1285,1110000
10/15/2025,MBTO,198,268,170,268,75007200
10/15/2025,MCAS,795,795,770,780,545100
10/15/2025,MCOL,3600,3600,3540,3570,28100
10/15/2025,MCOR,72,72,70,70,3854300
10/15/2025,MDIA,35,35,35,35,4445200
10/15/2025,MDIY,1065,1085,1065,1070,368500
10/15/2025,MDKA,2380,2430,2310,2350,71020400
10/15/2025,MDKABQCV5A,85,91,72,76,262400
10/15/2025,MDKABQCX5B,23,23,19,19,38984300
10/15/2025,MDKADRCG6A,75,75,68,68,23800
10/15/2025,MDKADRCK6A,66,66,66,66,187600
10/15/2025,MDKADRCV5A,75,75,75,75,1200
10/15/2025,MDKADRPX5A,0,0,0,0,0
10/15/2025,MDKAHDCZ5A,0,0,0,0,0
10/15/2025,MDKAHDPH6A,113,113,113,113,14900
10/15/2025,MDKAHDPJ6A,57,57,57,57,27100
10/15/2025,MDKAYUCK6A,0,0,0,0,0
10/15/2025,MDKAZPCF6A,65,65,59,59,101800
10/15/2025,MDKI,189,189,183,186,2350000
10/15/2025,MDLA,242,242,232,242,6003500
10/15/2025,MDLN,64,64,61,63,17841600
10/15/2025,MDRN,65,65,65,65,3756300
10/15/2025,MEDC,1495,1495,1365,1395,106839600
10/15/2025,MEDCBQCV5A,69,69,41,41,363800
10/15/2025,MEDCBQCX5B,28,28,27,27,300
10/15/2025,MEDCBQCZ5A,37,38,31,33,42000
10/15/2025,MEDCDRCG6A,44,44,41,41,1088900
10/15/2025,MEDCHDCH6A,0,0,0,0,0
10/15/2025,MEDCZPCF6A,45,45,43,43,200
10/15/2025,MEDS,73,76,69,76,41046100
10/15/2025,MEGA,3220,3340,3210,3330,16300
10/15/2025,MEJA,0,0,0,0,0
10/15/2025,MEJA-W,0,0,0,0,0
10/15/2025,MENN,54,54,50,52,22122100
10/15/2025,MERI,220,222,216,216,3224400
10/15/2025,MERK,2820,2830,2800,2820,6800
10/15/2025,META,0,0,0,0,0
10/15/2025,MFMI,0,0,0,0,0
10/15/2025,MGLV,432,444,396,440,971100
10/15/2025,MGNA,37,37,37,37,363100
10/15/2025,MGNA-W,0,0,0,0,0
10/15/2025,MGRO,760,765,750,765,4494500
10/15/2025,MHKI,300,310,272,282,87949100
10/15/2025,MICE,500,500,484,488,80400
10/15/2025,MIDI,420,420,408,418,4156000
10/15/2025,MIKA,2550,2610,2430,2430,10400300
10/15/2025,MIKADRCV6A,0,0,0,0,0
10/15/2025,MIKAZPCG6A,25,25,23,23,59400
10/15/2025,MINA,199,206,184,204,365865200
10/15/2025,MINE,492,500,482,486,5510500
10/15/2025,MIRA,54,55,54,54,5165900
10/15/2025,MITI,352,378,330,338,7294100
10/15/2025,MKAP,378,378,362,362,1198100
10/15/2025,MKNT,0,0,0,0,0
10/15/2025,MKPI,24875,24875,24875,24875,6300
10/15/2025,MKTR,151,151,141,142,2601400
10/15/2025,MKTR-W,9,10,8,8,5977600
10/15/2025,MLBI,5775,5800,5725,5775,33300
10/15/2025,MLIA,350,352,346,346,3312400
10/15/2025,MLPL,191,196,181,186,145962900
10/15/2025,MLPT,193150,193150,164200,164200,64500
10/15/2025,MMIX,424,442,422,442,10641200
10/15/2025,MMLP,555,560,555,560,3283800
10/15/2025,MNCN,262,268,260,264,25114500
10/15/2025,MNCNDRCN6A,0,0,0,0,0
10/15/2025,MNCNHDCM6A,0,0,0,0,0
10/15/2025,MNCNZPCM6A,12,12,12,12,55200
10/15/2025,MOLI,340,340,300,308,20421500
10/15/2025,MORA,0,0,0,0,0
10/15/2025,MPIX,70,71,68,70,11051900
10/15/2025,MPIX-W,12,12,10,11,3109300
10/15/2025,MPMX,925,930,920,920,2321100
10/15/2025,MPOW,114,114,110,111,1156800
10/15/2025,MPPA,70,71,66,67,71530200
10/15/2025,MPRO,6125,6250,6125,6250,65900
10/15/2025,MPXL,222,226,190,197,18732700
10/15/2025,MRAT,560,645,458,498,16075700
10/15/2025,MREI,955,980,915,980,232400
10/15/2025,MSIE,52,54,49,50,12883800
10/15/2025,MSIN,515,555,510,535,42468500
10/15/2025,MSJA,294,296,290,296,341700
10/15/2025,MSKY,86,87,82,84,8752500
10/15/2025,MSTI,1580,1610,1570,1580,2500900
10/15/2025,MTDL,595,610,590,610,5493800
10/15/2025,MTEL,565,565,545,545,40822900
10/15/2025,MTELDRCK6A,0,0,0,0,0
10/15/2025,MTELHDCM6A,0,0,0,0,0
10/15/2025,MTELZPCM6A,0,0,0,0,0
10/15/2025,MTFN,17,17,17,17,120029700
10/15/2025,MTLA,430,430,420,420,120300
10/15/2025,MTMH,1345,1355,1280,1280,100000
10/15/2025,MTPS,68,68,63,68,2867400
10/15/2025,MTRA,0,0,0,0,0
10/15/2025,MTSM,0,0,0,0,0
10/15/2025,MTWI,346,352,346,352,82600
10/15/2025,MUTU,112,112,105,105,4455700
10/15/2025,MYOH,1665,1670,1625,1670,15200
10/15/2025,MYOR,2110,2200,2090,2090,13680000
10/15/2025,MYORDRCK6A,0,0,0,0,0
10/15/2025,MYORHDCM6A,0,0,0,0,0
10/15/2025,MYORZPCH6A,0,0,0,0,0
10/15/2025,MYTX,0,0,0,0,0
10/15/2025,NAIK,119,121,112,114,22249300
10/15/2025,NAIK-W,22,22,20,22,2108700
10/15/2025,NANO,62,62,55,55,75240100
10/15/2025,NASA,34,39,34,39,2304300
10/15/2025,NASI,112,115,106,108,4592300
10/15/2025,NATO,147,147,142,144,15000
10/15/2025,NAYZ,135,135,111,124,11804400
10/15/2025,NCKL,1220,1230,1160,1200,77795000
10/15/2025,NCKLBQCM6A,0,0,0,0,0
10/15/2025,NCKLDRCK6A,56,57,53,53,2342000
10/15/2025,NCKLHDCK6A,85,85,74,80,43000
10/15/2025,NCKLYUCZ5A,120,120,119,119,60000
10/15/2025,NCKLZPCJ6A,0,0,0,0,0
10/15/2025,NCKLZPCM6A,44,44,37,38,827900
10/15/2025,NELY,366,368,360,362,711300
10/15/2025,NEST,370,390,362,366,17283500
10/15/2025,NETV,105,139,100,106,62529400
10/15/2025,NFCX,1705,1715,1615,1715,242700
10/15/2025,NICE,426,430,418,420,2159700
10/15/2025,NICK,1255,1395,1075,1220,843000
10/15/2025,NICL,1115,1115,1060,1095,8157800
10/15/2025,NIKL,382,382,326,334,7967300
10/15/2025,NINE,0,0,0,0,0
10/15/2025,NIRO,120,122,119,120,116700
10/15/2025,NISP,1325,1340,1315,1340,6024500
10/15/2025,NOBU,520,525,492,498,15751000
10/15/2025,NPGF,60,67,59,60,67292100
10/15/2025,NRCA,800,820,700,775,20649700
10/15/2025,NSSS,540,550,530,545,6692000
10/15/2025,NTBK,0,0,0,0,0
10/15/2025,NUSA,0,0,0,0,0
10/15/2025,NZIA,108,109,105,107,1088800
10/15/2025,OASA,292,308,286,292,355405900
10/15/2025,OBAT,476,482,468,468,3093000
10/15/2025,OBAT-W,122,124,119,119,316300
10/15/2025,OBMD,252,252,242,246,985200
10/15/2025,OCAP,0,0,0,0,0
10/15/2025,OILS,210,210,199,204,7997000
10/15/2025,OKAS,154,164,152,155,14770500
10/15/2025,OLIV,204,204,169,169,61468200
10/15/2025,OMED,197,200,197,197,911100
10/15/2025,OMRE,478,478,478,478,3700
10/15/2025,OPMS,116,121,110,112,4484800
10/15/2025,PACK,1815,1990,1750,1990,9204400
10/15/2025,PADA,86,92,86,92,26678900
10/15/2025,PADI,75,75,74,74,27178900
10/15/2025,PALM,392,398,384,386,630200
10/15/2025,PAMG,68,68,63,64,9772300
10/15/2025,PANI,14300,14350,13825,14075,9047900
10/15/2025,PANIBQCZ5A,37,37,33,34,568200
10/15/2025,PANIDRCG6A,77,77,74,76,535000
10/15/2025,PANIHDCJ6A,107,108,104,105,2020300
10/15/2025,PANIHDCZ5A,148,148,142,144,71600
10/15/2025,PANIZPCJ6A,74,74,64,64,1641500
10/15/2025,PANR,605,630,590,630,3550300
10/15/2025,PANS,1380,1395,1370,1375,126300
10/15/2025,PART,115,115,107,114,50288000
10/15/2025,PART-W,19,19,17,19,6713000
10/15/2025,PBID,488,488,482,484,334000
10/15/2025,PBRX,33,33,32,32,33345900
10/15/2025,PBSA,865,950,865,890,7895900
10/15/2025,PCAR,34,36,34,36,3598400
10/15/2025,PDES,630,630,595,630,94200
10/15/2025,PDPP,412,436,400,402,789300
10/15/2025,PEGE,125,132,125,128,2610000
10/15/2025,PEHA,338,338,318,328,252800
10/15/2025,PEVE,454,462,436,436,369700
10/15/2025,PGAS,1660,1660,1610,1615,43721900
10/15/2025,PGASBQCZ5A,0,0,0,0,0
10/15/2025,PGASDRCG6A,50,50,50,50,5000
10/15/2025,PGASDRCG6B,0,0,0,0,0
10/15/2025,PGASHDCK6A,60,60,60,60,100
10/15/2025,PGASZPCJ6A,0,0,0,0,0
10/15/2025,PGEO,1370,1375,1320,1330,49620800
10/15/2025,PGEOBQCX5B,10,10,7,8,10315500
10/15/2025,PGEODRCJ6A,32,33,29,33,286500
10/15/2025,PGEOHDCH6A,37,37,37,37,9400
10/15/2025,PGEOHDCH6B,0,0,0,0,0
10/15/2025,PGEOHDPH6A,0,0,0,0,0
10/15/2025,PGEOYUCK6A,79,79,79,79,100
10/15/2025,PGEOZPCJ6A,41,41,41,41,100000
10/15/2025,PGEOZPCM6A,44,44,44,44,55000
10/15/2025,PGJO,875,955,840,870,871500
10/15/2025,PGLI,340,340,298,298,1542800
10/15/2025,PGUN,23925,23925,23925,23925,8000
10/15/2025,PICO,252,296,252,272,9698100
10/15/2025,PIPA,510,510,510,510,10417200
10/15/2025,PJAA,535,545,520,530,356300
10/15/2025,PKPK,545,565,492,560,672500
10/15/2025,PLAN,47,50,43,43,8081400
10/15/2025,PLAS,0,0,0,0,0
10/15/2025,PLIN,0,0,0,0,0
10/15/2025,PMJS,116,116,114,116,31100
10/15/2025,PMMP,0,0,0,0,0
10/15/2025,PMUI,138,162,138,145,100818300
10/15/2025,PNBN,1010,1015,995,1015,8942300
10/15/2025,PNBS,52,52,51,52,19789200
10/15/2025,PNGO,3350,4220,3180,3420,271500
10/15/2025,PNIN,780,785,765,770,923200
10/15/2025,PNLF,228,230,222,226,53499300
10/15/2025,PNLFBQCM6A,17,18,16,18,55113600
10/15/2025,PNLFDRCJ6A,10,10,9,9,6228300
10/15/2025,PNLFHDCZ5A,0,0,0,0,0
10/15/2025,PNLFYUCV5A,2,2,1,2,1585000
10/15/2025,PNLFZPCH6A,26,26,26,26,10000
10/15/2025,PNSE,720,720,675,710,11300
10/15/2025,POLA,41,41,39,39,3169600
10/15/2025,POLI,725,765,695,765,7000
10/15/2025,POLL,0,0,0,0,0
10/15/2025,POLU,34700,34700,25900,25975,113500
10/15/2025,POLY,26,27,26,26,404300
10/15/2025,POOL,0,0,0,0,0
10/15/2025,PORT,1185,1620,1185,1545,949000
10/15/2025,POSA,0,0,0,0,0
10/15/2025,POWR,690,700,685,700,3294400
10/15/2025,PPGL,115,121,107,120,6035700
10/15/2025,PPRE,89,89,84,86,8217700
10/15/2025,PPRI,414,448,406,424,43726400
10/15/2025,PPRO,0,0,0,0,0
10/15/2025,PRAY,755,755,730,735,89400
10/15/2025,PRDA,2500,2520,2500,2500,51300
10/15/2025,PRIM,81,84,78,79,12739800
10/15/2025,PSAB,650,665,600,615,244256900
10/15/2025,PSAT,1330,1370,1320,1340,1407300
10/15/2025,PSDN,122,126,110,114,28949900
10/15/2025,PSGO,258,266,224,252,5074200
10/15/2025,PSKT,121,132,118,128,27409500
10/15/2025,PSSI,344,344,338,340,119100
10/15/2025,PTBA,2300,2310,2170,2170,31527000
10/15/2025,PTBABQCV5A,5,5,3,5,84609600
10/15/2025,PTBADRCG6A,14,16,14,16,1600
10/15/2025,PTBAHDCM6A,49,50,45,45,33000
10/15/2025,PTBAYUCZ5A,67,67,67,67,100
10/15/2025,PTBAZPCH6A,31,31,31,31,100
10/15/2025,PTDU,0,0,0,0,0
10/15/2025,PTIS,412,428,400,404,96400
10/15/2025,PTMP,85,91,84,85,10241800
10/15/2025,PTMR,0,0,0,0,0
10/15/2025,PTPP,386,396,372,380,20476300
10/15/2025,PTPS,195,208,190,192,40675300
10/15/2025,PTPW,935,935,930,930,20500
10/15/2025,PTRO,6700,7075,6350,6700,73494000
10/15/2025,PTRODRCG6A,160,204,159,185,1690500
10/15/2025,PTROHDCK6A,318,360,312,352,462700
10/15/2025,PTROYUCK6A,348,354,340,340,1700
10/15/2025,PTROZPCK6A,175,178,167,173,47200
10/15/2025,PTSN,450,464,436,442,1516900
10/15/2025,PTSP,915,960,900,935,20000
10/15/2025,PUDP,432,525,400,525,2353700
10/15/2025,PURA,30,30,28,28,4709600
10/15/2025,PURE,0,0,0,0,0
10/15/2025,PURI,286,322,220,220,43057900
10/15/2025,PWON,362,366,350,350,100034700
10/15/2025,PWONDRCN6A,0,0,0,0,0
10/15/2025,PWONHDCZ5A,0,0,0,0,0
10/15/2025,PWONZPCH6A,0,0,0,0,0
10/15/2025,PYFA,590,590,535,560,82025600
10/15/2025,PYFA-W,121,122,113,119,1088000
10/15/2025,PZZA,240,254,240,248,1128100
10/15/2025,RAAM,284,290,276,284,11558600
10/15/2025,R-ABFII,0,0,0,0,0
10/15/2025,RAFI,17,17,17,17,1208800
10/15/2025,RAJA,4790,5250,4510,5225,179101700
10/15/2025,RAJADRCG6A,250,302,224,296,3693600
10/15/2025,RAJAHDCK6A,230,270,214,270,707200
10/15/2025,RAJAZPCK6A,107,140,106,131,683400
10/15/2025,RALS,396,396,382,390,6292300
10/15/2025,RANC,900,900,900,900,137900
10/15/2025,RATU,8725,9125,8125,9000,58491900
10/15/2025,RBMS,39,40,39,40,1198900
10/15/2025,RCCC,240,246,222,246,474500
10/15/2025,RDTX,11900,11900,11900,11900,200
10/15/2025,REAL,69,70,64,65,55764900
10/15/2025,RELF,41,45,38,45,33062000
10/15/2025,RELI,635,635,620,625,56600
10/15/2025,RGAS,94,94,91,94,11759100
10/15/2025,RICY,74,74,67,67,182000
10/15/2025,RIGS,810,810,775,800,109800
10/15/2025,RIMO,0,0,0,0,0
10/15/2025,RISE,5050,5050,5050,5050,60900
10/15/2025,R-LQ45X,955,955,927,939,51000
10/15/2025,RMKE,0,0,0,0,0
10/15/2025,RMKO,0,0,0,0,0
10/15/2025,ROCK,0,0,0,0,0
10/15/2025,RODA,47,47,43,43,579900
10/15/2025,RONY,3100,3100,3090,3090,56400
10/15/2025,ROTI,795,795,780,790,705400
10/15/2025,RSCH,370,370,360,360,10824600
10/15/2025,RSGK,0,0,0,0,0
10/15/2025,RUIS,194,197,190,192,788500
10/15/2025,RUNS,99,103,90,90,2037500
10/15/2025,SAFE,190,191,185,185,657700
10/15/2025,SAGE,40,40,36,37,15101100
10/15/2025,SAME,310,310,298,302,3705500
10/15/2025,SAMF,314,320,314,316,139300
10/15/2025,SAPX,292,294,286,290,352500
10/15/2025,SATU,244,246,244,246,4028100
10/15/2025,SBAT,0,0,0,0,0
10/15/2025,SBMA,135,137,133,135,3223600
10/15/2025,SCCO,2330,2360,2300,2320,73300
10/15/2025,SCMA,414,414,380,410,409304900
10/15/2025,SCMABQCZ5A,0,0,0,0,0
10/15/2025,SCMADRCG6A,42,42,42,42,10000
10/15/2025,SCMADRCK6A,0,0,0,0,0
10/15/2025,SCMAHDCK6A,61,61,61,61,250000
10/15/2025,SCMAHDCZ5A,0,0,0,0,0
10/15/2025,SCMAYUCK6A,103,103,103,103,100
10/15/2025,SCMAZPCG6A,0,0,0,0,0
10/15/2025,SCMAZPCM6A,67,67,62,66,114500
10/15/2025,SCNP,178,178,160,161,172500
10/15/2025,SCPI,0,0,0,0,0
10/15/2025,SDMU,85,91,85,91,16957000
10/15/2025,SDPC,137,138,132,136,441500
10/15/2025,SDRA,282,284,280,280,379600
10/15/2025,SEMA,96,98,95,98,955000
10/15/2025,SFAN,1920,1925,1915,1915,67900
10/15/2025,SGER,334,354,330,354,464711600
10/15/2025,SGRO,4840,5000,4840,4950,1510200
10/15/2025,SHID,880,885,880,885,16500
10/15/2025,SHIP,5750,5750,5075,5400,236700
10/15/2025,SICO,129,130,123,125,4047900
10/15/2025,SIDO,530,540,520,540,44744100
10/15/2025,SIDODRCK6A,28,28,28,28,50000
10/15/2025,SIDOZPCM6A,0,0,0,0,0
10/15/2025,SILO,1865,1880,1840,1845,740300
10/15/2025,SIMA,0,0,0,0,0
10/15/2025,SIMP,605,610,595,600,19212500
10/15/2025,SINI,5050,5050,5050,5050,41700
10/15/2025,SIPD,705,705,705,705,100
10/15/2025,SKBM,438,462,434,434,180900
10/15/2025,SKLT,200,202,196,197,218100
10/15/2025,SKRN,590,735,590,650,2031300
10/15/2025,SKYB,0,0,0,0,0
10/15/2025,SLIS,85,86,80,82,20972400
10/15/2025,SLIS-W,18,18,16,17,2120800
10/15/2025,SMAR,4900,4990,4850,4870,22600
10/15/2025,SMBR,272,274,262,266,11724100
10/15/2025,SMCB,0,0,0,0,0
10/15/2025,SMDM,890,960,875,875,360100
10/15/2025,SMDR,304,306,296,296,29794700
10/15/2025,SMGA,96,105,93,105,148591500
10/15/2025,SMGR,2460,2560,2420,2560,13771900
10/15/2025,SMGRBQCX5B,20,22,20,22,33600
10/15/2025,SMGRBQCZ5A,8,20,6,20,22900
10/15/2025,SMGRDRCG6A,30,31,30,30,57500
10/15/2025,SMGRDRCV5A,21,21,20,20,700
10/15/2025,SMGRHDCZ5A,46,48,46,48,10100
10/15/2025,SMGRZPCJ6A,0,0,0,0,0
10/15/2025,SMIL,550,560,540,555,65840400
10/15/2025,SMKL,170,174,167,169,287300
10/15/2025,SMKM,199,206,180,185,40310800
10/15/2025,SMLE,312,312,312,312,14651900
10/15/2025,SMMA,13600,13925,13025,13925,24100
10/15/2025,SMMT,1375,1380,1335,1375,61400
10/15/2025,SMRA,390,392,378,378,52202400
10/15/2025,SMRADRCG6A,33,33,31,31,6400
10/15/2025,SMRADRCJ6A,18,18,17,17,78100
10/15/2025,SMRAHDCZ5A,0,0,0,0,0
10/15/2025,SMRAZPCH6A,39,39,35,35,16400
10/15/2025,SMRU,0,0,0,0,0
10/15/2025,SMSM,1735,1740,1710,1720,1092600
10/15/2025,SNLK,410,410,400,408,7153600
10/15/2025,SOCI,220,224,208,210,11738700
10/15/2025,SOFA,0,0,0,0,0
10/15/2025,SOHO,1265,1265,1155,1265,685700
10/15/2025,SOLA,158,172,152,167,358552700
10/15/2025,SONA,3820,4250,3400,3400,571900
10/15/2025,SOSS,1550,1620,1105,1105,1941000
10/15/2025,SOTS,364,400,346,374,274200
10/15/2025,SOUL,79,82,73,78,970900
10/15/2025,SPMA,350,354,334,340,949000
10/15/2025,SPRE,109,111,100,102,4703700
10/15/2025,SPTO,640,640,625,640,832700
10/15/2025,SQMI,0,0,0,0,0
10/15/2025,SRAJ,11250,11250,11100,11250,276300
10/15/2025,SRIL,0,0,0,0,0
10/15/2025,SRSN,67,71,63,68,84833700
10/15/2025,SRTG,1705,1720,1620,1630,10949100
10/15/2025,SRTGDRCK6A,0,0,0,0,0
10/15/2025,SRTGHDCK6A,71,71,63,63,209600
10/15/2025,SRTGZPCG6A,63,63,62,63,70300
10/15/2025,SRTGZPCK6A,0,0,0,0,0
10/15/2025,SSIA,1895,1920,1790,1860,37213300
10/15/2025,SSMS,1635,1790,1615,1790,13898100
10/15/2025,SSTM,348,348,306,306,2692600
10/15/2025,STAA,1440,1725,1440,1725,85025600
10/15/2025,STAR,84,84,78,79,82600
10/15/2025,STRK,182,184,180,180,8869800
10/15/2025,STTP,10100,10100,10100,10100,3400
10/15/2025,SUGI,0,0,0,0,0
10/15/2025,SULI,150,153,143,149,4482200
10/15/2025,SUNI,820,820,790,820,512900
10/15/2025,SUPR,0,0,0,0,0
10/15/2025,SURE,2680,2710,2500,2620,20300
10/15/2025,SURI,108,108,99,100,16543500
10/15/2025,SWAT,0,0,0,0,0
10/15/2025,SWID,91,92,84,90,872200
10/15/2025,TALF,434,464,432,432,36200
10/15/2025,TAMA,33,37,33,37,1137000
10/15/2025,TAMU,31,31,29,29,5970400
10/15/2025,TAPG,1850,1990,1830,1990,78510400
10/15/2025,TAPGDRCG6A,0,0,0,0,0
10/15/2025,TAPGDRCJ6A,0,0,0,0,0
10/15/2025,TAPGHDCH6A,0,0,0,0,0
10/15/2025,TAPGZPCH6A,157,157,157,157,8900
10/15/2025,TAPGZPCM6A,45,59,45,59,39200
10/15/2025,TARA,31,31,29,29,3747400
10/15/2025,TAXI,17,17,17,17,54956200
10/15/2025,TAYS,75,99,75,81,434844100
10/15/2025,TBIG,1860,1910,1825,1865,230400
10/15/2025,TBLA,710,710,690,700,2762400
10/15/2025,TBMS,1420,1680,1420,1535,507000
10/15/2025,TCID,3140,3200,3070,3200,28400
10/15/2025,TCPI,6275,6325,6125,6225,7339900
10/15/2025,TDPM,0,0,0,0,0
10/15/2025,TEBE,3680,3680,3680,3680,1729600
10/15/2025,TECH,0,0,0,0,0
10/15/2025,TELE,0,0,0,0,0
10/15/2025,TFAS,350,350,298,318,5947800
10/15/2025,TFCO,500,500,500,500,100
10/15/2025,TGKA,5425,5425,5325,5400,1300
10/15/2025,TGRA,0,0,0,0,0
10/15/2025,TGUK,0,0,0,0,0
10/15/2025,TIFA,410,424,398,400,14700
10/15/2025,TINS,0,0,0,0,0
10/15/2025,TIRA,1500,1505,1380,1490,113900
10/15/2025,TIRT,0,0,0,0,0
10/15/2025,TKIM,6900,6950,6500,6500,3583500
10/15/2025,TKIMDRCN6A,0,0,0,0,0
10/15/2025,TKIMHDCJ6A,0,0,0,0,0
10/15/2025,TKIMZPCG6A,78,78,75,75,160000
10/15/2025,TKIMZPCK6A,24,24,22,22,26700
10/15/2025,TLDN,705,740,705,740,3034200
10/15/2025,TLKM,3000,3090,2950,3080,67503700
10/15/2025,TLKMBQCG6A,0,0,0,0,0
10/15/2025,TLKMBQCJ6A,0,0,0,0,0
10/15/2025,TLKMBQCV5A,17,18,17,17,353400
10/15/2025,TLKMDRCJ6A,69,69,69,69,100
10/15/2025,TLKMDRCX6A,0,0,0,0,0
10/15/2025,TLKMHDCJ6A,39,44,39,44,220100
10/15/2025,TLKMHDCV5A,234,234,234,234,100
10/15/2025,TLKMYUCK6A,102,102,102,102,800
10/15/2025,TLKMZPCF6A,0,0,0,0,0
10/15/2025,TLKMZPCM6A,39,39,39,39,500
10/15/2025,TMAS,132,132,127,129,2311300
10/15/2025,TMPO,166,178,164,164,15390600
10/15/2025,TNCA,224,226,210,210,1726300
10/15/2025,TOBA,1245,1265,1150,1160,195868700
10/15/2025,TOOL,67,67,63,64,2786300
10/15/2025,TOPS,0,0,0,0,0
10/15/2025,TOSK,96,100,80,80,462276000
10/15/2025,TOTL,860,860,835,860,4024700
10/15/2025,TOTO,270,270,262,266,1305700
10/15/2025,TOWR,550,555,535,555,29759600
10/15/2025,TOWRDRCN6A,20,21,19,19,1526400
10/15/2025,TOWRHDCK6A,25,25,25,25,2100
10/15/2025,TOYS,0,0,0,0,0
10/15/2025,TPIA,7550,7600,7175,7175,17044400
10/15/2025,TPMA,560,565,555,560,3814400
10/15/2025,TRAM,0,0,0,0,0
10/15/2025,TRGU,172,176,172,174,250400
10/15/2025,TRIL,0,0,0,0,0
10/15/2025,TRIM,505,530,480,510,1474900
10/15/2025,TRIN,0,0,0,0,0
10/15/2025,TRIN-W2,0,0,0,0,0
10/15/2025,TRIO,0,0,0,0,0
10/15/2025,TRIS,181,181,176,180,512000
10/15/2025,TRJA,167,169,156,163,4588600
10/15/2025,TRON,82,83,76,77,7049700
10/15/2025,TRST,474,484,466,484,16200
10/15/2025,TRUE,124,124,124,124,35426100
10/15/2025,TRUK,266,282,238,240,6518300
10/15/2025,TRUS,436,446,428,440,7900
10/15/2025,TSPC,2500,2540,2480,2500,1251000
10/15/2025,TUGU,995,1005,985,1000,1851700
10/15/2025,TYRE,128,128,124,125,297600
10/15/2025,UANG,3550,3550,3110,3110,3109700
10/15/2025,UCID,450,450,448,448,241700
10/15/2025,UDNG,1700,1900,1625,1900,1298300
10/15/2025,UFOE,220,228,195,206,8902500
10/15/2025,ULTJ,1355,1360,1310,1315,3962000
10/15/2025,UNIC,8025,8050,8000,8025,7100
10/15/2025,UNIQ,354,358,348,352,21762200
10/15/2025,UNIT,0,0,0,0,0
10/15/2025,UNSP,170,172,170,170,2584000
10/15/2025,UNTD,85,86,83,85,9593800
10/15/2025,UNTR,25875,26000,25525,25950,2045800
10/15/2025,UNTRBQCV5A,0,0,0,0,0
10/15/2025,UNTRDRCG6A,0,0,0,0,0
10/15/2025,UNTRHDCM6A,148,153,148,153,11800
10/15/2025,UNTRZPCJ6A,145,145,145,145,1100
10/15/2025,UNVR,1825,1855,1810,1835,23439100
10/15/2025,UNVRBQCZ5A,0,0,0,0,0
10/15/2025,UNVRDRCG6A,46,46,45,46,351400
10/15/2025,UNVRHDCM6A,0,0,0,0,0
10/15/2025,UNVRHDPG6A,0,0,0,0,0
10/15/2025,UNVRZPCH6A,50,100,50,100,647300
10/15/2025,UNVRZPCM6A,0,0,0,0,0
10/15/2025,URBN,138,143,137,137,23300
10/15/2025,UVCR,70,72,67,68,4639300
10/15/2025,VAST,151,151,146,148,339000
10/15/2025,VAST-W,13,13,12,12,2276500
10/15/2025,VERN,120,123,117,119,2100400
10/15/2025,VICI,620,625,600,605,192600
10/15/2025,VICO,177,182,176,177,420000
10/15/2025,VINS,137,147,136,137,1548800
10/15/2025,VISI,191,194,190,190,7513800
10/15/2025,VIVA,30,31,29,31,6445100
10/15/2025,VKTR,240,240,240,240,14908400
10/15/2025,VOKS,284,284,262,264,248300
10/15/2025,VRNA,82,85,80,85,155900
10/15/2025,VTNY,97,100,93,93,16073700
10/15/2025,WAPO,163,165,162,163,1468800
10/15/2025,WEGE,65,67,65,66,14807000
10/15/2025,WEHA,112,112,110,112,199800
10/15/2025,WGSH,234,242,222,234,1307900
10/15/2025,WICO,0,0,0,0,0
10/15/2025,WIDI,42,42,38,38,13989000
10/15/2025,WIFI,3950,4190,3210,3300,981466600
10/15/2025,WIIM,1110,1160,1070,1100,17888800
10/15/2025,WIKA,0,0,0,0,0
10/15/2025,WINE,198,198,193,196,3207500
10/15/2025,WINR,36,37,35,37,20473400
10/15/2025,WINS,432,442,410,442,4738100
10/15/2025,WIRG,139,140,125,130,607855100
10/15/2025,WMPP,0,0,0,0,0
10/15/2025,WMUU,31,33,31,33,117245300
10/15/2025,WOMF,336,336,332,334,57500
10/15/2025,WOOD,478,505,476,478,7347700
10/15/2025,WOWS,73,75,69,70,19211800
10/15/2025,WSBP,27,28,27,27,55458800
10/15/2025,WSKT,0,0,0,0,0
10/15/2025,WTON,98,101,97,98,11360400
10/15/2025,XAQA,0,0,0,0,0
10/15/2025,XBES,0,0,0,0,0
10/15/2025,XBID,498,498,498,498,40000
10/15/2025,XBIG,0,0,0,0,0
10/15/2025,XBIN,566,566,566,566,40000
10/15/2025,XBLQ,485,590,410,463,4800
10/15/2025,XBNI,0,0,0,0,0
10/15/2025,XBSK,422,423,422,423,40200
10/15/2025,XCEG,100,100,100,100,5400
10/15/2025,XCID,52,52,48,50,300500
10/15/2025,XCIS,88,98,82,83,89000
10/15/2025,XCLQ,90,97,83,88,800
10/15/2025,XDIF,0,0,0,0,0
10/15/2025,XIFE,97,103,95,98,86600
10/15/2025,XIHD,595,598,588,596,15900
10/15/2025,XIIC,829,829,829,829,500
10/15/2025,XIID,478,478,478,478,2300
10/15/2025,XIIF,434,434,432,432,18000
10/15/2025,XIIT,500,500,492,497,7300
10/15/2025,XIJI,675,675,655,663,13800
10/15/2025,XILV,89,121,89,103,2600
10/15/2025,XIML,228,228,228,228,1100
10/15/2025,XIPB,208,220,173,195,23300
10/15/2025,XIPI,207,208,207,208,700
10/15/2025,XISB,555,690,472,484,8000
10/15/2025,XISC,783,970,670,785,36300
10/15/2025,XISI,0,0,0,0,0
10/15/2025,XISR,410,412,410,412,1800
10/15/2025,XKID,0,0,0,0,0
10/15/2025,XKIV,584,584,584,584,40000
10/15/2025,XKMS,1085,1104,1085,1104,200100
10/15/2025,XMGB,1136,1136,1136,1136,2500
10/15/2025,XMIG,209,209,209,209,100
10/15/2025,XMLF,852,852,852,852,40000
10/15/2025,XMSK,365,365,361,365,300
10/15/2025,XNVE,0,0,0,0,0
10/15/2025,XPDV,0,0,0,0,0
10/15/2025,XPFT,0,0,0,0,0
10/15/2025,XPIN,630,630,619,627,500
10/15/2025,XPLQ,0,0,0,0,0
10/15/2025,XPSG,0,0,0,0,0
10/15/2025,XPTD,456,491,456,491,7100
10/15/2025,XSBC,98,98,98,98,38800
10/15/2025,XSPI,0,0,0,0,0
10/15/2025,XSSI,86,86,85,86,261900
10/15/2025,XSSK,659,659,659,659,20000
10/15/2025,YELO,67,67,65,65,5337300
10/15/2025,YOII,98,102,98,99,2616900
10/15/2025,YPAS,496,496,496,496,13500
10/15/2025,YULE,0,0,0,0,0
10/15/2025,YUPI,1720,1720,1695,1705,32400
10/15/2025,ZATA,68,74,65,67,132626400
10/15/2025,ZBRA,0,0,0,0,0
10/15/2025,ZINC,31,31,30,30,17942300
10/15/2025,ZONE,575,575,550,570,21900
10/15/2025,ZYRX,144,145,139,140,406000
