<date>,<ticker>,<open>,<high>,<low>,<close>,<volume>
9/15/2025,IHSG,7891.260,7937.120,7889.190,7937.118,35450528400
9/15/2025,IDX30,0.000,0.000,0.000,0.000,0
9/15/2025,IDX80,0.000,0.000,0.000,0.000,0
9/15/2025,AADI,7000,7050,7000,7025,3203200
9/15/2025,AADIHDCK6A,76,76,76,76,100
9/15/2025,AALI,7350,7550,7350,7500,1822100
9/15/2025,ABBA,47,48,47,48,2778600
9/15/2025,ABDA,2970,2970,2970,2970,400
9/15/2025,ABMM,2900,2940,2900,2900,824800
9/15/2025,ACES,434,442,434,440,32943600
9/15/2025,ACESBQCV5A,1,3,1,3,18229000
9/15/2025,ACESBQCX5B,1,10,1,9,300
9/15/2025,ACESBQCZ5A,30,30,18,18,817500
9/15/2025,ACESDRCJ6A,14,14,14,14,100
9/15/2025,ACESHDCZ5A,0,0,0,0,0
9/15/2025,ACESZPCJ6A,0,0,0,0,0
9/15/2025,ACRO,85,90,84,85,30488000
9/15/2025,ACRO-W,12,12,11,11,12809700
9/15/2025,ACST,137,143,135,136,16122600
9/15/2025,ADCP,59,63,59,62,105808800
9/15/2025,ADES,13525,13525,13400,13400,23200
9/15/2025,ADHI,280,292,278,284,57388100
9/15/2025,ADMF,8975,8975,8925,8925,44700
9/15/2025,ADMG,153,154,148,150,865200
9/15/2025,ADMR,1000,1030,1000,1030,32763900
9/15/2025,ADMRDRCJ6A,33,34,32,34,381900
9/15/2025,ADMRHDCJ6A,54,54,54,54,5800
9/15/2025,ADMRZPCH6A,52,52,51,51,6700
9/15/2025,ADRO,1675,1690,1675,1680,59001400
9/15/2025,ADROBQCG6A,58,58,57,57,240000
9/15/2025,ADROBQCU5A,2,2,1,1,1150500
9/15/2025,ADROBQCZ5A,0,0,0,0,0
9/15/2025,ADRODRCJ6A,0,0,0,0,0
9/15/2025,ADRODRCX5A,31,31,31,31,3316900
9/15/2025,ADROHDCZ5A,0,0,0,0,0
9/15/2025,ADROHDPH6A,0,0,0,0,0
9/15/2025,ADROYUCZ5A,60,60,60,60,100
9/15/2025,ADROZPCF6A,0,0,0,0,0
9/15/2025,ADROZPCK6A,0,0,0,0,0
9/15/2025,AEGS,45,48,41,48,107325800
9/15/2025,AGAR,248,252,246,250,35800
9/15/2025,AGII,740,740,675,715,6097700
9/15/2025,AGRO,252,258,252,254,24745900
9/15/2025,AGRS,76,78,75,77,5646800
9/15/2025,AHAP,80,81,78,81,9791600
9/15/2025,AIMS,324,330,324,330,490800
9/15/2025,AISA,122,123,121,121,2642000
9/15/2025,AKKU,0,0,0,0,0
9/15/2025,AKPI,565,565,560,565,17200
9/15/2025,AKRA,1210,1220,1195,1200,16661800
9/15/2025,AKRABQCX5B,0,0,0,0,0
9/15/2025,AKRADRCX5A,31,31,31,31,1500
9/15/2025,AKRAHDCH6A,60,60,59,59,51500
9/15/2025,AKRAZPCJ6A,0,0,0,0,0
9/15/2025,AKRAZPCX5A,56,56,55,56,110200
9/15/2025,AKSI,254,254,244,250,257200
9/15/2025,ALDO,498,500,492,500,221800
9/15/2025,ALII,545,555,540,550,2702100
9/15/2025,ALKA,318,326,312,318,41200
9/15/2025,ALMI,0,0,0,0,0
9/15/2025,ALTO,0,0,0,0,0
9/15/2025,AMAG,374,374,364,374,54300
9/15/2025,AMAN,120,126,119,121,3326100
9/15/2025,AMAR,218,220,212,212,965700
9/15/2025,AMFG,3300,3360,3260,3350,17000
9/15/2025,AMIN,238,248,216,216,13701400
9/15/2025,AMMN,8250,8325,8075,8125,51619900
9/15/2025,AMMNBQCZ5A,38,38,38,38,50000
9/15/2025,AMMNDRCJ6A,71,72,68,68,612900
9/15/2025,AMMNHDCH6A,0,0,0,0,0
9/15/2025,AMMNZPCG6A,57,57,52,53,40200
9/15/2025,AMMS,258,260,232,232,17497000
9/15/2025,AMOR,466,496,466,472,118000
9/15/2025,AMRT,2140,2190,2100,2130,18614900
9/15/2025,AMRTBQCU5A,1,2,1,2,1263300
9/15/2025,AMRTDRCZ5A,30,30,30,30,5000
9/15/2025,AMRTHDCJ6A,24,25,24,25,85800
9/15/2025,AMRTZPCK6A,0,0,0,0,0
9/15/2025,AMRTZPCX5A,39,39,39,39,5000
9/15/2025,ANDI,34,34,33,33,30738000
9/15/2025,ANJT,1795,1800,1790,1795,1666500
9/15/2025,ANTM,3490,3530,3430,3490,104996600
9/15/2025,ANTMBQCU5A,0,0,0,0,0
9/15/2025,ANTMBQCX5A,99,99,97,97,592700
9/15/2025,ANTMBQCZ5A,0,0,0,0,0
9/15/2025,ANTMDRCG6A,65,68,64,65,211900
9/15/2025,ANTMDRCX5A,372,376,370,370,25100
9/15/2025,ANTMHDCH6A,111,111,111,111,6800
9/15/2025,ANTMHDCH6B,0,0,0,0,0
9/15/2025,ANTMHDCU5A,135,142,128,134,288300
9/15/2025,ANTMHDPH6A,62,63,62,62,2300
9/15/2025,ANTMZPCJ6A,104,105,102,103,35200
9/15/2025,ANTMZPCK6A,42,45,42,42,104100
9/15/2025,ANTMZPCX5A,0,0,0,0,0
9/15/2025,APEX,125,137,124,132,188394200
9/15/2025,APIC,1115,1150,1115,1140,5249300
9/15/2025,APII,179,179,175,177,98800
9/15/2025,APLI,484,498,484,484,11100
9/15/2025,APLN,106,108,103,106,18558400
9/15/2025,ARCI,975,975,935,945,66421000
9/15/2025,AREA,505,505,498,505,1625100
9/15/2025,ARGO,1290,1290,1250,1270,16300
9/15/2025,ARII,264,266,264,264,114600
9/15/2025,ARKA,41,41,41,41,8058100
9/15/2025,ARKO,1495,1580,1460,1550,13991400
9/15/2025,ARMY,0,0,0,0,0
9/15/2025,ARNA,555,565,550,560,1728300
9/15/2025,ARTA,3110,3210,3110,3130,1300
9/15/2025,ARTI,0,0,0,0,0
9/15/2025,ARTO,2150,2170,2110,2140,3725200
9/15/2025,ARTOBQCU5A,2,2,1,2,2297400
9/15/2025,ARTOBQCX5B,0,0,0,0,0
9/15/2025,ARTOBQCZ5A,20,21,19,19,7364700
9/15/2025,ARTODRCK6A,76,76,73,73,81900
9/15/2025,ARTODRCX5A,52,52,52,52,23000
9/15/2025,ARTOHDCZ5A,0,0,0,0,0
9/15/2025,ARTOZPCK6A,0,0,0,0,0
9/15/2025,ARTOZPCX5A,0,0,0,0,0
9/15/2025,ASBI,468,550,456,464,765000
9/15/2025,ASDM,530,545,520,535,82700
9/15/2025,ASGR,1230,1250,1220,1245,518100
9/15/2025,ASHA,60,60,60,60,3907600
9/15/2025,ASII,5675,5700,5600,5625,26368000
9/15/2025,ASIIBQCU5A,26,32,26,29,445100
9/15/2025,ASIIBQCZ5A,0,0,0,0,0
9/15/2025,ASIIDRCX5A,0,0,0,0,0
9/15/2025,ASIIDRCX6A,0,0,0,0,0
9/15/2025,ASIIHDCZ5A,166,166,166,166,500
9/15/2025,ASIIZPCJ6A,0,0,0,0,0
9/15/2025,ASJT,112,119,112,115,1169800
9/15/2025,ASLC,97,107,96,101,294020100
9/15/2025,ASLI,0,0,0,0,0
9/15/2025,ASMI,48,48,40,40,21186600
9/15/2025,ASPI,0,0,0,0,0
9/15/2025,ASPR,97,98,95,98,6805800
9/15/2025,ASRI,175,177,174,175,19374700
9/15/2025,ASRM,280,280,272,280,39600
9/15/2025,ASSA,900,910,890,900,5990300
9/15/2025,ATAP,58,58,58,58,1356800
9/15/2025,ATIC,450,460,446,454,431400
9/15/2025,ATLA,72,74,69,70,549541500
9/15/2025,AUTO,2340,2370,2320,2360,2310300
9/15/2025,AUTOZPCJ6A,0,0,0,0,0
9/15/2025,AVIA,424,426,420,422,15900200
9/15/2025,AVIAZPCJ6A,0,0,0,0,0
9/15/2025,AWAN,256,258,254,258,19171100
9/15/2025,AXIO,129,129,127,128,497700
9/15/2025,AYAM,174,175,171,174,117496300
9/15/2025,AYLS,106,114,106,111,15748400
9/15/2025,BABP,60,61,59,60,21145800
9/15/2025,BABY,308,310,302,308,8209200
9/15/2025,BACA,136,140,136,138,2482500
9/15/2025,BAIK,98,101,97,101,1739100
9/15/2025,BAIK-W,10,11,10,11,7041900
9/15/2025,BAJA,125,125,120,121,1004500
9/15/2025,BALI,1355,1355,1310,1330,17300
9/15/2025,BANK,815,820,810,820,6623500
9/15/2025,BANK-W,0,0,0,0,0
9/15/2025,BAPA,84,92,82,85,92610200
9/15/2025,BAPI,37,37,37,37,16057800
9/15/2025,BATA,51,53,51,53,671800
9/15/2025,BATR,109,112,107,110,4538800
9/15/2025,BAUT,39,40,39,40,5878300
9/15/2025,BAYU,1290,1290,1280,1280,292900
9/15/2025,BBCA,8000,8100,7975,8025,142567700
9/15/2025,BBCABQCG6A,73,74,73,74,220700
9/15/2025,BBCABQCV5A,4,5,3,5,11689000
9/15/2025,BBCABQCX5A,10,11,10,11,100200
9/15/2025,BBCADRCF6A,42,43,41,41,35200
9/15/2025,BBCADRCX6A,3770,3770,3770,3770,500
9/15/2025,BBCAHDCQ7A,63,64,62,63,323800
9/15/2025,BBCAHDCV5A,0,0,0,0,0
9/15/2025,BBCAZPCF6A,0,0,0,0,0
9/15/2025,BBCAZPCH6A,84,85,84,84,300200
9/15/2025,BBHI,1500,1510,1490,1500,709900
9/15/2025,BBKP,78,83,77,80,321136700
9/15/2025,BBLD,920,925,905,905,183400
9/15/2025,BBMD,2180,2180,2100,2120,6300
9/15/2025,BBNI,4550,4600,4410,4410,74523200
9/15/2025,BBNIBQCG6A,74,74,74,74,220000
9/15/2025,BBNIBQCU5A,7,7,4,4,4610200
9/15/2025,BBNIBQCV5A,58,58,52,52,37500
9/15/2025,BBNIDRCX6A,2600,2600,2600,2600,100
9/15/2025,BBNIDRCZ5A,66,66,64,64,2000
9/15/2025,BBNIHDCQ7A,0,0,0,0,0
9/15/2025,BBNIHDPU5A,0,0,0,0,0
9/15/2025,BBNIYUCV5A,56,56,49,49,110300
9/15/2025,BBNIZPCH6A,0,0,0,0,0
9/15/2025,BBNIZPCX5A,65,65,65,65,100
9/15/2025,BBRI,4200,4220,4120,4140,157482000
9/15/2025,BBRIBQCJ6A,76,76,76,76,220000
9/15/2025,BBRIBQCU5A,7,7,6,6,150900
9/15/2025,BBRIBQCZ5A,95,95,95,95,3000
9/15/2025,BBRIDRCX5A,170,170,162,162,274500
9/15/2025,BBRIDRCX6A,2470,2470,2470,2470,100
9/15/2025,BBRIHDCH6A,0,0,0,0,0
9/15/2025,BBRIHDCQ7A,0,0,0,0,0
9/15/2025,BBRIYUCV5A,124,124,115,115,27000
9/15/2025,BBRIZPCH6A,0,0,0,0,0
9/15/2025,BBRIZPCX5A,0,0,0,0,0
9/15/2025,BBRM,87,91,86,89,15394500
9/15/2025,BBSI,4050,4060,3990,4000,18900
9/15/2025,BBSS,278,292,278,278,14700
9/15/2025,BBTN,1450,1450,1385,1390,53574200
9/15/2025,BBTNHDCZ5A,0,0,0,0,0
9/15/2025,BBTNYUCZ5A,98,98,93,93,8100
9/15/2025,BBTNZPCG6A,73,73,73,73,90000
9/15/2025,BBYB,348,354,342,350,38412100
9/15/2025,BCAP,70,72,69,71,79505400
9/15/2025,BCIC,0,0,0,0,0
9/15/2025,BCIP,105,106,90,101,23998100
9/15/2025,BDKR,155,167,154,167,68351100
9/15/2025,BDMN,2500,2530,2500,2510,301700
9/15/2025,BEBS,0,0,0,0,0
9/15/2025,BEEF,324,324,312,320,17736500
9/15/2025,BEER,106,112,101,112,4813100
9/15/2025,BEKS,29,29,29,29,30274100
9/15/2025,BELI,366,374,362,370,698800
9/15/2025,BELL,67,70,65,67,41894500
9/15/2025,BESS,1055,1080,1055,1065,20900
9/15/2025,BEST,115,119,115,118,12351800
9/15/2025,BFIN,845,845,785,805,19795300
9/15/2025,BFINDRCK6A,0,0,0,0,0
9/15/2025,BGTG,111,112,108,110,12470800
9/15/2025,BHAT,890,895,880,890,1653500
9/15/2025,BHIT,35,37,35,37,29746800
9/15/2025,BIKA,0,0,0,0,0
9/15/2025,BIKE,1060,1070,1020,1025,6590700
9/15/2025,BIMA,86,86,80,85,548500
9/15/2025,BINA,4500,4500,4400,4500,14300
9/15/2025,BINO,131,134,126,132,1822200
9/15/2025,BIPI,80,82,78,80,69650100
9/15/2025,BIPP,48,52,48,52,1574700
9/15/2025,BIRD,1785,1805,1780,1790,1227500
9/15/2025,BISI,890,895,860,880,554700
9/15/2025,BJBR,770,775,765,770,4780800
9/15/2025,BJTM,520,525,515,520,3659700
9/15/2025,BKDP,40,41,40,41,406200
9/15/2025,BKSL,135,142,133,139,691351600
9/15/2025,BKSW,70,74,70,73,12716500
9/15/2025,BLES,156,162,156,160,6435200
9/15/2025,BLOG,575,575,550,565,6587900
9/15/2025,BLTA,41,41,40,40,13109200
9/15/2025,BLTZ,1980,1980,1980,1980,3800
9/15/2025,BLUE,340,358,330,346,653900
9/15/2025,BMAS,785,820,755,775,111900
9/15/2025,BMBL,45,50,43,48,31822700
9/15/2025,BMHS,178,182,173,174,19395100
9/15/2025,BMRI,4550,4640,4520,4530,231346000
9/15/2025,BMRIBQCJ6A,67,67,67,67,220000
9/15/2025,BMRIBQCU5A,2,2,1,2,2438000
9/15/2025,BMRIBQCZ5A,26,26,23,23,324500
9/15/2025,BMRIDRCX5A,48,48,45,45,1328400
9/15/2025,BMRIDRCX6A,2240,2240,2170,2170,300
9/15/2025,BMRIHDCQ7A,89,89,89,89,1500
9/15/2025,BMRIHDPU5A,0,0,0,0,0
9/15/2025,BMRIZPCH6A,57,57,54,54,21100
9/15/2025,BMRIZPCX5A,28,29,27,27,979400
9/15/2025,BMSR,284,306,284,296,474700
9/15/2025,BMTR,140,144,139,144,43476300
9/15/2025,BNBA,755,775,750,760,254600
9/15/2025,BNBR,48,48,48,48,94896200
9/15/2025,BNGA,1715,1735,1715,1730,3140600
9/15/2025,BNGADRCK6A,0,0,0,0,0
9/15/2025,BNGAZPCH6A,0,0,0,0,0
9/15/2025,BNII,212,212,206,210,2365200
9/15/2025,BNLI,3360,3450,3330,3450,234900
9/15/2025,BOAT,132,135,130,132,10406300
9/15/2025,BOBA,171,181,170,176,1190600
9/15/2025,BOGA,560,565,540,555,668400
9/15/2025,BOLA,195,200,194,194,472500
9/15/2025,BOLT,1050,1055,1040,1045,8100
9/15/2025,BOSS,0,0,0,0,0
9/15/2025,BPFI,340,340,336,336,25400
9/15/2025,BPII,560,560,550,550,95900
9/15/2025,BPTR,99,100,96,98,366600
9/15/2025,BRAM,5200,5200,5100,5175,1300
9/15/2025,BREN,8650,8950,8650,8875,19471400
9/15/2025,BRIS,2720,2730,2680,2680,12526500
9/15/2025,BRISBQCZ5A,54,54,54,54,74000
9/15/2025,BRISDRCJ6A,0,0,0,0,0
9/15/2025,BRISHDCH6A,0,0,0,0,0
9/15/2025,BRISHDCZ5A,0,0,0,0,0
9/15/2025,BRISYUCV5A,61,61,57,58,20900
9/15/2025,BRISZPCG6A,0,0,0,0,0
9/15/2025,BRMS,510,560,505,555,1333211500
9/15/2025,BRMSBQCZ5A,70,78,70,78,155500
9/15/2025,BRMSDRCJ6A,54,67,54,67,987500
9/15/2025,BRMSDRPX5A,13,14,12,13,3804600
9/15/2025,BRMSHDCH6A,0,0,0,0,0
9/15/2025,BRMSHDCZ5A,208,216,208,216,2400
9/15/2025,BRMSYUCV5A,42,47,41,45,678000
9/15/2025,BRMSZPCG6A,87,99,87,99,785600
9/15/2025,BRNA,725,755,720,740,2700
9/15/2025,BRPT,2270,2360,2230,2340,118955300
9/15/2025,BRPTBQCV5A,0,0,0,0,0
9/15/2025,BRPTBQCX5B,66,72,66,71,94700
9/15/2025,BRPTBQCZ5A,0,0,0,0,0
9/15/2025,BRPTDRCF6A,193,197,193,195,35100
9/15/2025,BRPTDRCJ6A,93,102,93,100,261700
9/15/2025,BRPTDRCX5A,222,230,222,230,20100
9/15/2025,BRPTDRPV5A,4,4,2,3,4190000
9/15/2025,BRPTHDCH6A,0,0,0,0,0
9/15/2025,BRPTHDCH6B,135,135,135,135,600
9/15/2025,BRPTHDPG6A,0,0,0,0,0
9/15/2025,BRPTYUCZ5A,121,121,121,121,100
9/15/2025,BRPTZPCF6A,0,0,0,0,0
9/15/2025,BRPTZPCK6A,0,0,0,0,0
9/15/2025,BRPTZPCX5A,0,0,0,0,0
9/15/2025,BRRC,76,83,76,81,63086400
9/15/2025,BRRC-W,15,15,13,14,16938400
9/15/2025,BSBK,102,109,93,96,3238691800
9/15/2025,BSDE,1100,1140,1100,1130,25928600
9/15/2025,BSDEDRCJ6A,54,54,54,54,11100
9/15/2025,BSDEZPCH6A,0,0,0,0,0
9/15/2025,BSIM,930,930,905,910,57900
9/15/2025,BSML,106,115,104,111,90983300
9/15/2025,BSSR,3930,3960,3920,3930,347700
9/15/2025,BSWD,1410,1410,1410,1410,900
9/15/2025,BTEK,24,24,24,24,35316900
9/15/2025,BTEL,0,0,0,0,0
9/15/2025,BTON,382,382,368,380,40000
9/15/2025,BTPN,2120,2130,2080,2090,17400
9/15/2025,BTPS,1500,1525,1470,1485,8004900
9/15/2025,BTPSDRCK6A,54,54,54,54,100
9/15/2025,BTPSHDCJ6A,0,0,0,0,0
9/15/2025,BTPSZPCH6A,0,0,0,0,0
9/15/2025,BUAH,1435,1450,1395,1405,255000
9/15/2025,BUDI,216,216,206,214,320300
9/15/2025,BUKA,158,160,153,155,362651200
9/15/2025,BUKABQCZ5B,15,15,14,14,13400600
9/15/2025,BUKADRCK6A,14,14,13,13,32100
9/15/2025,BUKAHDCZ5A,99,101,98,98,2400
9/15/2025,BUKK,865,865,855,865,47100
9/15/2025,BULL,164,218,164,218,1039231600
9/15/2025,BUMI,111,115,110,114,1455709200
9/15/2025,BUVA,370,380,348,370,333640200
9/15/2025,BVIC,116,118,113,115,17773500
9/15/2025,BVIC-W,46,48,45,46,54300
9/15/2025,BWPT,152,152,152,152,61746500
9/15/2025,BYAN,18300,18600,18175,18575,20100
9/15/2025,CAKK,141,146,140,143,217700
9/15/2025,CAMP,212,220,212,212,1803600
9/15/2025,CANI,43,43,43,43,5729800
9/15/2025,CARE,310,310,294,306,18074000
9/15/2025,CARS,134,135,131,133,44996100
9/15/2025,CASA,1160,1170,1150,1165,5600500
9/15/2025,CASH,92,101,92,101,6876600
9/15/2025,CASS,2650,2700,2640,2640,15400
9/15/2025,CBDK,6125,6150,6025,6150,6851600
9/15/2025,CBMF,0,0,0,0,0
9/15/2025,CBPE,189,196,189,192,117500
9/15/2025,CBRE,0,0,0,0,0
9/15/2025,CBUT,1635,1635,1580,1595,130800
9/15/2025,CCSI,378,388,374,376,415900
9/15/2025,CDIA,1395,1540,1390,1520,244462000
9/15/2025,CEKA,2670,2730,2660,2660,62700
9/15/2025,CENT,118,119,109,118,7820000
9/15/2025,CFIN,314,316,310,314,6123600
9/15/2025,CGAS,156,158,152,154,13687100
9/15/2025,CHEK,200,204,198,202,12498400
9/15/2025,CHEM,102,102,97,100,20987300
9/15/2025,CHIP,1415,1435,1415,1435,71000
9/15/2025,CINT,157,162,157,157,54400
9/15/2025,CITA,4080,4130,4080,4090,196500
9/15/2025,CITY,108,112,108,112,5065100
9/15/2025,CLAY,1575,1580,1545,1580,102800
9/15/2025,CLEO,550,555,535,545,10750100
9/15/2025,CLPI,1265,1275,1245,1255,215800
9/15/2025,CMNP,1360,1360,1300,1325,1229000
9/15/2025,CMNP-W,384,424,360,400,4200
9/15/2025,CMNT,830,840,825,835,33500300
9/15/2025,CMPP,87,90,87,90,25700
9/15/2025,CMRY,4840,4850,4770,4840,872600
9/15/2025,CMRYDRCK6A,0,0,0,0,0
9/15/2025,CMRYZPCJ6A,0,0,0,0,0
9/15/2025,CNKO,98,100,98,100,26939700
9/15/2025,CNMA,132,136,130,133,58380600
9/15/2025,CNTB,0,0,0,0,0
9/15/2025,CNTX,0,0,0,0,0
9/15/2025,COAL,58,58,54,55,23692800
9/15/2025,COCO,498,510,484,496,4376600
9/15/2025,COIN,2200,2270,2170,2230,43744800
9/15/2025,COWL,0,0,0,0,0
9/15/2025,CPIN,4700,4750,4700,4750,3365400
9/15/2025,CPINDRCG6A,0,0,0,0,0
9/15/2025,CPINZPCJ6A,0,0,0,0,0
9/15/2025,CPRI,0,0,0,0,0
9/15/2025,CPRO,58,62,58,62,772157000
9/15/2025,CRAB,242,242,240,242,1347000
9/15/2025,CRSN,109,111,108,109,157200
9/15/2025,CSAP,292,302,292,300,209900
9/15/2025,CSIS,129,134,127,129,2329800
9/15/2025,CSMI,354,358,340,352,7202100
9/15/2025,CSRA,825,880,805,855,8999600
9/15/2025,CTBN,5175,5175,5175,5175,500
9/15/2025,CTRA,955,985,950,980,25584500
9/15/2025,CTRADRCJ6A,22,24,22,24,357500
9/15/2025,CTRAHDCK6A,0,0,0,0,0
9/15/2025,CTRAYUCZ5A,56,56,56,56,100
9/15/2025,CTRAZPCG6A,0,0,0,0,0
9/15/2025,CTTH,42,42,41,41,1004700
9/15/2025,CUAN,1435,1505,1430,1505,85823000
9/15/2025,CYBR,1040,1050,995,1000,18664100
9/15/2025,CYBR-W,685,740,670,685,55700
9/15/2025,DAAZ,2950,3320,2920,2960,2272100
9/15/2025,DADA,72,72,72,72,18653400
9/15/2025,DART,158,158,154,157,235900
9/15/2025,DATA,4050,4050,4050,4050,4718600
9/15/2025,DAYA,1005,1005,990,1000,1800
9/15/2025,DCII,303250,303700,303250,303500,2800
9/15/2025,DEAL,0,0,0,0,0
9/15/2025,DEFI,316,316,316,316,381800
9/15/2025,DEPO,224,224,214,218,925300
9/15/2025,DEWA,222,226,216,226,282187800
9/15/2025,DEWI,104,104,100,102,74681900
9/15/2025,DFAM,80,86,79,83,21483000
9/15/2025,DGIK,95,97,94,96,3903400
9/15/2025,DGNS,147,149,143,144,1068200
9/15/2025,DGWG,412,418,404,404,8612200
9/15/2025,DIGI,35,35,35,35,5303900
9/15/2025,DILD,137,142,136,139,20322100
9/15/2025,DIVA,128,133,128,131,13351200
9/15/2025,DKFT,695,740,690,715,46079300
9/15/2025,DKHH,104,109,104,108,15304100
9/15/2025,DKHH-W,16,17,16,16,1218300
9/15/2025,DLTA,1995,1995,1970,1980,29100
9/15/2025,DMAS,138,140,138,139,50449100
9/15/2025,DMMX,390,390,380,380,2074600
9/15/2025,DMND,575,575,570,575,72200
9/15/2025,DNAR,122,122,119,119,1825600
9/15/2025,DNET,9050,9150,9050,9125,8100
9/15/2025,DOID,358,370,358,366,7973400
9/15/2025,DOOH,162,169,161,166,254469300
9/15/2025,DOSS,190,191,184,185,7043000
9/15/2025,DPNS,316,340,304,328,548900
9/15/2025,DPUM,68,74,66,70,32374300
9/15/2025,DRMA,1000,1005,995,1000,745600
9/15/2025,DSFI,80,100,80,92,295182000
9/15/2025,DSNG,1660,1680,1630,1645,21905700
9/15/2025,DSNGDRCK6A,0,0,0,0,0
9/15/2025,DSSA,102500,104500,102250,104500,2106500
9/15/2025,DUCK,0,0,0,0,0
9/15/2025,DUTI,4380,4480,4380,4400,14400
9/15/2025,DVLA,1580,1605,1580,1605,13500
9/15/2025,DWGL,248,300,248,300,7869800
9/15/2025,DYAN,86,91,86,89,3272100
9/15/2025,EAST,94,95,93,94,2475600
9/15/2025,ECII,188,191,185,189,676000
9/15/2025,EDGE,4260,4450,4240,4280,33200
9/15/2025,EKAD,188,190,187,188,59900
9/15/2025,ELIT,184,191,184,188,16850300
9/15/2025,ELPI,350,366,350,362,516900
9/15/2025,ELSA,500,505,496,500,9851900
9/15/2025,ELSADRCJ6A,0,0,0,0,0
9/15/2025,ELSAZPCG6A,33,33,33,33,403800
9/15/2025,ELTY,17,17,17,17,11849700
9/15/2025,EMDE,102,104,98,99,7679300
9/15/2025,EMTK,1250,1290,1235,1270,91933500
9/15/2025,EMTKBQCZ5A,0,0,0,0,0
9/15/2025,EMTKDRCK6A,64,64,64,64,100
9/15/2025,EMTKHDCZ5A,260,262,260,262,24400
9/15/2025,EMTKYUCV5A,167,168,167,167,300
9/15/2025,EMTKZPCH6A,157,161,157,161,59900
9/15/2025,ENAK,705,705,695,700,686000
9/15/2025,ENRG,625,665,605,645,234838100
9/15/2025,ENRGBQCZ5A,31,37,31,34,853300
9/15/2025,ENRGDRCJ6A,89,98,85,94,5572900
9/15/2025,ENRGHDCK6A,44,49,40,45,3145800
9/15/2025,ENRGHDCZ5A,256,264,256,264,600
9/15/2025,ENRGZPCG6A,220,220,204,208,110000
9/15/2025,ENRGZPCK6A,0,0,0,0,0
9/15/2025,ENVY,0,0,0,0,0
9/15/2025,ENZO,42,44,42,43,2034500
9/15/2025,EPAC,41,42,41,42,19292100
9/15/2025,EPMT,2290,2310,2280,2300,9300
9/15/2025,ERAA,446,458,446,452,58614800
9/15/2025,ERAABQCZ5A,0,0,0,0,0
9/15/2025,ERAADRCJ6A,11,11,11,11,6200
9/15/2025,ERAAHDCZ5A,34,34,32,32,200
9/15/2025,ERAAZPCH6A,22,22,22,22,454600
9/15/2025,ERAL,334,338,330,336,6575800
9/15/2025,ERTX,126,126,123,124,1052800
9/15/2025,ESIP,55,55,53,53,3919700
9/15/2025,ESSA,690,690,655,660,66123500
9/15/2025,ESSABQCZ5A,57,57,57,57,20000
9/15/2025,ESSAHDCH6A,61,61,60,60,5500
9/15/2025,ESSAYUCZ5A,47,47,47,47,100
9/15/2025,ESSAZPCK6A,22,22,21,22,360900
9/15/2025,ESTA,73,82,72,79,70893000
9/15/2025,ESTI,64,64,64,64,3620700
9/15/2025,ETWA,0,0,0,0,0
9/15/2025,EURO,288,290,278,286,72700
9/15/2025,EXCL,2590,2630,2580,2590,3221300
9/15/2025,EXCLHDCJ6A,32,32,32,32,5400
9/15/2025,EXCLZPCF6A,63,63,62,62,1300
9/15/2025,FAPA,6000,6025,5950,5975,10600
9/15/2025,FAST,328,328,320,324,1286300
9/15/2025,FASW,0,0,0,0,0
9/15/2025,FILM,4200,4650,4130,4350,14538000
9/15/2025,FIMP,0,0,0,0,0
9/15/2025,FIRE,101,109,100,100,173340800
9/15/2025,FISH,0,0,0,0,0
9/15/2025,FITT,0,0,0,0,0
9/15/2025,FLMC,256,256,256,256,186200
9/15/2025,FMII,368,368,360,360,39900
9/15/2025,FOLK,79,83,77,81,4049800
9/15/2025,FOOD,187,187,187,187,769900
9/15/2025,FORE,510,555,510,555,15694100
9/15/2025,FORU,1190,1190,1140,1160,282500
9/15/2025,FPNI,195,195,191,193,1288700
9/15/2025,FUJI,436,486,436,456,2788900
9/15/2025,FUTR,430,442,404,426,348464200
9/15/2025,FWCT,155,160,155,158,2385500
9/15/2025,GAMA,0,0,0,0,0
9/15/2025,GDST,110,110,107,109,555600
9/15/2025,GDYR,1170,1175,1150,1175,4600
9/15/2025,GEMA,120,124,119,122,15234400
9/15/2025,GEMS,9100,9125,9050,9050,92400
9/15/2025,GGRM,8875,9450,8875,9300,1802900
9/15/2025,GGRMZPCG6A,39,45,39,45,63400
9/15/2025,GGRP,232,250,222,234,3179000
9/15/2025,GHON,1690,1690,1635,1650,15200
9/15/2025,GIAA,68,69,68,69,16425000
9/15/2025,GJTL,1015,1025,1015,1025,2358500
9/15/2025,GJTLZPCJ6A,23,23,23,23,20100
9/15/2025,GLOB,55,57,55,57,130000
9/15/2025,GLVA,326,330,324,328,11000
9/15/2025,GMFI,58,59,58,59,2090300
9/15/2025,GMTD,2230,2250,2150,2150,1300
9/15/2025,GOLD,282,282,272,272,62000
9/15/2025,GOLF,212,216,208,216,1967700
9/15/2025,GOLL,0,0,0,0,0
9/15/2025,GOOD,368,370,360,370,390800
9/15/2025,GOTO,57,58,56,57,1680677100
9/15/2025,GOTOBQCJ6A,10,10,9,9,220300
9/15/2025,GOTOBQCZ5A,4,4,2,4,35251800
9/15/2025,GOTODRCG6A,9,9,9,9,83200
9/15/2025,GOTOM,0,0,0,0,0
9/15/2025,GOTOZPCH6A,0,0,0,0,0
9/15/2025,GOTOZPCK6A,12,12,12,12,40200
9/15/2025,GPRA,134,142,132,141,169217000
9/15/2025,GPSO,280,346,274,346,59601100
9/15/2025,GRIA,145,151,141,151,22167600
9/15/2025,GRPH,70,84,69,78,262608800
9/15/2025,GRPM,56,59,55,57,3470900
9/15/2025,GRPM-W,15,16,14,15,9824200
9/15/2025,GSMF,98,99,96,98,3148600
9/15/2025,GTBO,214,216,206,212,1905500
9/15/2025,GTRA,140,143,140,142,381300
9/15/2025,GTSI,93,98,91,95,54663900
9/15/2025,GULA,368,382,342,354,16206500
9/15/2025,GUNA,240,240,234,238,253800
9/15/2025,GWSA,155,164,153,157,1943400
9/15/2025,GZCO,216,224,212,212,154387000
9/15/2025,HADE,38,41,38,41,23261900
9/15/2025,HAIS,192,194,190,191,3574800
9/15/2025,HAJJ,122,127,120,126,15923900
9/15/2025,HAJJ-W,16,18,15,17,18517900
9/15/2025,HALO,84,105,83,98,320051200
9/15/2025,HALO-W,14,19,12,17,92465500
9/15/2025,HATM,256,256,252,256,25668900
9/15/2025,HBAT,220,220,220,220,356700
9/15/2025,HDFA,124,131,123,125,974500
9/15/2025,HDIT,60,60,59,59,6398700
9/15/2025,HEAL,1740,1750,1685,1690,13915600
9/15/2025,HEALBQCZ5A,42,42,42,42,100
9/15/2025,HEALDRCJ6A,0,0,0,0,0
9/15/2025,HEALHDCH6A,0,0,0,0,0
9/15/2025,HEALYUCZ5A,74,74,74,74,100
9/15/2025,HEALZPCH6A,0,0,0,0,0
9/15/2025,HELI,244,250,238,248,791500
9/15/2025,HERO,394,400,390,400,25800
9/15/2025,HEXA,5475,5550,5475,5550,662700
9/15/2025,HGII,145,145,143,144,9330300
9/15/2025,HILL,206,208,204,204,104992900
9/15/2025,HITS,0,0,0,0,0
9/15/2025,HKMU,0,0,0,0,0
9/15/2025,HMSP,545,565,540,555,31434400
9/15/2025,HOKI,80,81,78,79,32974700
9/15/2025,HOME,0,0,0,0,0
9/15/2025,HOMI,222,240,222,230,9537300
9/15/2025,HOPE,152,153,139,146,13776200
9/15/2025,HOTL,0,0,0,0,0
9/15/2025,HRME,44,47,44,47,2170200
9/15/2025,HRTA,865,870,840,850,20155100
9/15/2025,HRUM,1140,1145,1110,1135,33292700
9/15/2025,HRUMHDCK6A,64,65,64,65,193600
9/15/2025,HRUMZPCG6A,0,0,0,0,0
9/15/2025,HUMI,153,163,150,157,307800100
9/15/2025,HUMI-W,25,27,24,25,38240000
9/15/2025,HYGN,162,162,158,161,1403100
9/15/2025,IATA,84,84,84,84,37887300
9/15/2025,IATA-W,31,31,31,31,26200
9/15/2025,IBFN,36,36,36,36,946600
9/15/2025,IBOS,49,49,46,48,24939100
9/15/2025,IBST,6100,6100,6100,6100,400
9/15/2025,ICBP,9250,9325,9150,9225,3520100
9/15/2025,ICBPDRCX6A,0,0,0,0,0
9/15/2025,ICBPHDCJ6A,0,0,0,0,0
9/15/2025,ICBPZPCX5A,0,0,0,0,0
9/15/2025,ICON,49,49,48,48,1422500
9/15/2025,IDEA,103,113,103,113,6882200
9/15/2025,IDPR,256,266,252,252,470400
9/15/2025,IFII,234,238,234,238,217200
9/15/2025,IFSH,820,960,765,910,764700
9/15/2025,IGAR,510,525,510,515,15200
9/15/2025,IIKP,0,0,0,0,0
9/15/2025,IKAI,36,36,36,36,3432200
9/15/2025,IKAN,131,154,131,143,135859800
9/15/2025,IKBI,500,510,498,510,169200
9/15/2025,IKPM,210,212,208,212,756800
9/15/2025,IMAS,1095,1125,1085,1100,298200
9/15/2025,IMJS,250,254,242,242,10706300
9/15/2025,IMPC,1350,1360,1225,1360,57744200
9/15/2025,INAF,0,0,0,0,0
9/15/2025,INAI,154,159,153,158,105600
9/15/2025,INCF,49,49,49,49,10528100
9/15/2025,INCI,595,610,590,600,44700
9/15/2025,INCO,4010,4300,4010,4290,34073400
9/15/2025,INCOBQCF6A,79,79,79,79,220000
9/15/2025,INCOBQCV5A,43,64,43,60,2705200
9/15/2025,INCODRCK6A,100,100,100,100,100
9/15/2025,INCODRCX5A,110,125,109,125,500100
9/15/2025,INCODRPV5A,12,12,12,12,8800
9/15/2025,INCOHDCJ6A,0,0,0,0,0
9/15/2025,INCOYUCZ5A,117,117,117,117,100
9/15/2025,INCOZPCK6A,49,50,49,50,28300
9/15/2025,INCOZPCX5A,0,0,0,0,0
9/15/2025,INDF,7600,7650,7550,7650,3733700
9/15/2025,INDFBQCV5A,0,0,0,0,0
9/15/2025,INDFDRCX6A,4010,4060,4010,4060,2300
9/15/2025,INDFHDCJ6A,0,0,0,0,0
9/15/2025,INDO,250,252,240,250,5027300
9/15/2025,INDR,3080,3080,2640,2800,747800
9/15/2025,INDS,224,226,220,222,40700
9/15/2025,INDX,97,126,96,126,76068300
9/15/2025,INDY,2000,2140,1975,2120,87844800
9/15/2025,INDYHDCJ6A,197,218,197,218,148200
9/15/2025,INDYZPCG6A,100,114,98,114,293300
9/15/2025,INET,218,236,218,228,247002400
9/15/2025,INET-W,125,140,125,135,12342200
9/15/2025,INKP,7775,7850,7525,7550,7578500
9/15/2025,INKPBQCX5A,60,60,54,54,105000
9/15/2025,INKPDRCF6A,191,191,180,180,136800
9/15/2025,INKPZPCF6A,0,0,0,0,0
9/15/2025,INKPZPCK6A,37,37,37,37,2700
9/15/2025,INOV,96,98,94,98,471200
9/15/2025,INPC,171,175,169,170,12406400
9/15/2025,INPP,775,775,745,770,117700
9/15/2025,INPS,123,125,123,125,574000
9/15/2025,INRU,805,820,795,795,29100
9/15/2025,INTA,27,27,27,27,9244600
9/15/2025,INTD,199,204,195,204,1051500
9/15/2025,INTP,7175,7250,7075,7100,556900
9/15/2025,INTPZPCG6A,0,0,0,0,0
9/15/2025,IOTF,93,102,92,96,201637000
9/15/2025,IPAC,155,155,145,149,42900
9/15/2025,IPCC,1120,1130,1110,1130,2033300
9/15/2025,IPCM,294,300,294,296,1195400
9/15/2025,IPOL,139,146,136,142,988100
9/15/2025,IPPE,0,0,0,0,0
9/15/2025,IPTV,43,44,43,44,19516900
9/15/2025,IRRA,426,440,408,420,16634400
9/15/2025,IRSX,183,183,183,183,2576600
9/15/2025,ISAP,41,42,36,38,323470900
9/15/2025,ISAP-W,14,14,12,12,65111400
9/15/2025,ISAT,1895,1915,1895,1905,3709000
9/15/2025,ISATBQCJ6A,47,48,47,48,221200
9/15/2025,ISATBQCU5A,4,4,4,4,1103500
9/15/2025,ISATDRCG6A,47,47,46,46,1000100
9/15/2025,ISATDRCX5A,0,0,0,0,0
9/15/2025,ISATHDCJ6A,0,0,0,0,0
9/15/2025,ISATZPCF6A,0,0,0,0,0
9/15/2025,ISEA,89,102,88,101,118644100
9/15/2025,ISSP,408,416,398,408,1429700
9/15/2025,ITIC,238,250,236,244,1052100
9/15/2025,ITMA,1360,1445,1215,1300,5233500
9/15/2025,ITMG,22325,22475,22325,22450,746900
9/15/2025,ITMGHDCJ6A,0,0,0,0,0
9/15/2025,ITMGZPCJ6A,0,0,0,0,0
9/15/2025,JARR,1550,1550,1480,1510,10568000
9/15/2025,JAST,97,112,96,103,58938300
9/15/2025,JATI,134,137,132,136,3419700
9/15/2025,JAWA,149,149,145,148,776600
9/15/2025,JAYA,99,101,99,101,1169200
9/15/2025,JECC,1125,1125,1095,1105,51400
9/15/2025,JGLE,16,16,16,16,10724200
9/15/2025,JIHD,680,725,675,725,1865900
9/15/2025,JKON,84,88,83,86,30048900
9/15/2025,JMAS,153,154,150,152,704100
9/15/2025,JPFA,1965,1970,1880,1895,33987200
9/15/2025,JPFABQCZ5A,0,0,0,0,0
9/15/2025,JPFADRCJ6A,65,65,60,60,21200
9/15/2025,JPFAHDCZ5A,0,0,0,0,0
9/15/2025,JPFAZPCG6A,0,0,0,0,0
9/15/2025,JRPT,800,800,795,800,627700
9/15/2025,JSKY,0,0,0,0,0
9/15/2025,JSMR,3490,3520,3470,3500,4095300
9/15/2025,JSMRDRCK6A,0,0,0,0,0
9/15/2025,JSMRHDCH6A,0,0,0,0,0
9/15/2025,JSMRZPCG6A,0,0,0,0,0
9/15/2025,JSPT,4040,4040,3920,4000,12800
9/15/2025,JTPE,326,328,324,326,697900
9/15/2025,KAEF,520,520,505,515,1219100
9/15/2025,KAQI,69,74,69,70,34402400
9/15/2025,KARW,600,600,590,590,283400
9/15/2025,KAYU,0,0,0,0,0
9/15/2025,KBAG,50,50,50,50,23680700
9/15/2025,KBLI,372,376,364,366,189900
9/15/2025,KBLM,382,386,378,378,70000
9/15/2025,KBLV,0,0,0,0,0
9/15/2025,KBRI,0,0,0,0,0
9/15/2025,KDSI,456,472,456,470,5200
9/15/2025,KDTN,126,127,122,123,1651500
9/15/2025,KEEN,830,840,820,825,1502600
9/15/2025,KEJU,600,615,600,610,656200
9/15/2025,KETR,585,590,530,560,17277200
9/15/2025,KIAS,0,0,0,0,0
9/15/2025,KICI,147,147,140,145,1068200
9/15/2025,KIJA,200,200,197,200,149161300
9/15/2025,KING,200,200,199,199,178800
9/15/2025,KING-W,14,14,13,13,4232100
9/15/2025,KINO,1130,1130,1120,1130,13900
9/15/2025,KIOS,82,87,82,85,23192800
9/15/2025,KJEN,208,244,177,214,64463700
9/15/2025,KKES,41,41,39,41,13810800
9/15/2025,KKGI,328,328,320,324,5495400
9/15/2025,KLAS,134,136,133,134,4500100
9/15/2025,KLBF,1185,1195,1165,1175,47783400
9/15/2025,KLBFBQCJ6A,48,48,48,48,220000
9/15/2025,KLBFBQCV5A,3,3,3,3,124100
9/15/2025,KLBFDRCG6A,0,0,0,0,0
9/15/2025,KLBFZPCF6A,19,19,18,18,1400200
9/15/2025,KLBFZPCJ6A,0,0,0,0,0
9/15/2025,KLIN,191,191,177,182,1955800
9/15/2025,KMDS,620,660,610,630,401500
9/15/2025,KMTR,298,310,294,306,446400
9/15/2025,KOBX,143,146,142,145,976300
9/15/2025,KOCI,62,64,60,63,13027900
9/15/2025,KOCI-W,15,16,14,16,10732500
9/15/2025,KOIN,76,76,71,72,62800
9/15/2025,KOKA,95,112,93,106,76077200
9/15/2025,KONI,1710,1715,1685,1710,12000
9/15/2025,KOPI,328,340,324,330,107400
9/15/2025,KOTA,36,38,36,38,20836500
9/15/2025,KPIG,194,198,193,198,53993500
9/15/2025,KRAS,316,330,310,312,32462900
9/15/2025,KREN,20,20,20,20,54359700
9/15/2025,KRYA,244,254,226,244,65356900
9/15/2025,KSIX,236,240,226,234,1012800
9/15/2025,KUAS,71,76,70,74,30225200
9/15/2025,LABA,0,0,0,0,0
9/15/2025,LABS,142,144,142,143,439900
9/15/2025,LAJU,75,79,72,76,106833300
9/15/2025,LAND,42,43,42,43,4646400
9/15/2025,LAPD,170,170,170,170,6409200
9/15/2025,LCGP,0,0,0,0,0
9/15/2025,LCKM,212,216,204,216,5800
9/15/2025,LEAD,86,88,83,85,40140300
9/15/2025,LFLO,264,290,264,290,90500
9/15/2025,LIFE,15050,16700,15050,16625,16700
9/15/2025,LINK,2900,3000,2900,2980,55800
9/15/2025,LION,0,0,0,0,0
9/15/2025,LIVE,250,274,250,262,59580100
9/15/2025,LMAS,0,0,0,0,0
9/15/2025,LMAX,75,78,73,75,2613400
9/15/2025,LMPI,145,145,141,143,33400
9/15/2025,LMSH,0,0,0,0,0
9/15/2025,LOPI,90,90,82,90,20970800
9/15/2025,LPCK,655,655,630,645,1122600
9/15/2025,LPGI,450,450,436,438,64700
9/15/2025,LPIN,418,420,412,420,138500
9/15/2025,LPKR,103,107,102,103,204764000
9/15/2025,LPLI,328,328,302,322,210300
9/15/2025,LPPF,1620,1660,1615,1645,1801300
9/15/2025,LPPS,82,86,82,85,4021200
9/15/2025,LRNA,180,183,176,178,13000
9/15/2025,LSIP,1315,1315,1305,1310,5780500
9/15/2025,LSIPDRCK6A,43,43,43,43,500000
9/15/2025,LSIPHDCJ6A,0,0,0,0,0
9/15/2025,LSIPYUCZ5A,57,58,57,58,200
9/15/2025,LSIPZPCG6A,63,64,63,64,900
9/15/2025,LTLS,840,855,835,855,54600
9/15/2025,LUCK,96,99,94,96,13843200
9/15/2025,LUCY,91,94,90,93,2130000
9/15/2025,MABA,0,0,0,0,0
9/15/2025,MAGP,0,0,0,0,0
9/15/2025,MAHA,161,163,154,158,13155900
9/15/2025,MAIN,710,715,700,710,1912400
9/15/2025,MANG,54,55,49,52,28220300
9/15/2025,MANG-W,27,27,25,26,14870100
9/15/2025,MAPA,590,600,585,595,8970200
9/15/2025,MAPABQCZ5A,0,0,0,0,0
9/15/2025,MAPADRCJ6A,0,0,0,0,0
9/15/2025,MAPAHDCZ5A,0,0,0,0,0
9/15/2025,MAPAZPCH6A,0,0,0,0,0
9/15/2025,MAPB,1695,1775,1620,1650,23400
9/15/2025,MAPI,1195,1205,1185,1200,24724700
9/15/2025,MAPIBQCV5A,4,4,3,3,3475000
9/15/2025,MAPIDRCX5A,18,18,18,18,390000
9/15/2025,MAPIHDCK6A,73,76,73,76,24000
9/15/2025,MAPIZPCJ6A,0,0,0,0,0
9/15/2025,MARI,37,38,37,38,7743300
9/15/2025,MARK,635,640,625,635,17787600
9/15/2025,MASA,0,0,0,0,0
9/15/2025,MASB,3300,3300,3250,3250,600
9/15/2025,MAXI,59,59,57,59,30516600
9/15/2025,MAYA,274,328,274,326,168363600
9/15/2025,MBAP,1605,1615,1595,1595,270900
9/15/2025,MBMA,468,494,460,486,816038100
9/15/2025,MBMABQCX5A,23,28,21,27,8854800
9/15/2025,MBMADRCX5A,34,42,34,39,2267900
9/15/2025,MBMADRPX5A,16,16,14,14,1735000
9/15/2025,MBMAHDCH6A,72,82,72,81,123300
9/15/2025,MBMAZPCK6A,23,26,23,25,350900
9/15/2025,MBMAZPCX5A,72,79,69,79,105900
9/15/2025,MBSS,1560,1560,1495,1530,585900
9/15/2025,MBTO,117,135,116,128,7222800
9/15/2025,MCAS,875,900,820,830,1737800
9/15/2025,MCOL,3630,3660,3590,3620,51700
9/15/2025,MCOR,75,78,75,76,5000800
9/15/2025,MDIA,40,40,40,40,11567100
9/15/2025,MDIY,1070,1085,1050,1070,5902400
9/15/2025,MDKA,2530,2540,2490,2520,65979000
9/15/2025,MDKABQCV5A,126,126,125,125,200
9/15/2025,MDKABQCX5B,42,42,42,42,660000
9/15/2025,MDKADRCK6A,82,84,82,83,550000
9/15/2025,MDKADRCV5A,99,101,96,99,453200
9/15/2025,MDKADRPX5A,0,0,0,0,0
9/15/2025,MDKAHDCU5A,0,0,0,0,0
9/15/2025,MDKAHDCZ5A,0,0,0,0,0
9/15/2025,MDKAZPCF6A,81,81,81,81,4100
9/15/2025,MDKI,161,198,161,181,14508400
9/15/2025,MDLA,240,258,236,248,30070000
9/15/2025,MDLN,68,73,67,71,45134300
9/15/2025,MDRN,34,34,33,33,30624900
9/15/2025,MEDC,1235,1255,1225,1245,16997300
9/15/2025,MEDCBQCV5A,38,39,38,39,400
9/15/2025,MEDCBQCX5B,25,26,25,26,21800
9/15/2025,MEDCBQCZ5A,0,0,0,0,0
9/15/2025,MEDCDRCG6A,32,33,32,33,206500
9/15/2025,MEDCDRPV5A,0,0,0,0,0
9/15/2025,MEDCHDCH6A,0,0,0,0,0
9/15/2025,MEDCZPCF6A,0,0,0,0,0
9/15/2025,MEDS,72,77,69,71,97101800
9/15/2025,MEGA,3340,3340,3300,3330,10300
9/15/2025,MEJA,95,100,86,90,43593700
9/15/2025,MEJA-W,30,31,27,28,30215300
9/15/2025,MENN,64,64,59,61,29563300
9/15/2025,MERI,222,276,222,276,112507800
9/15/2025,MERK,2810,2810,2790,2810,12700
9/15/2025,META,0,0,0,0,0
9/15/2025,MFIN,995,1005,970,985,572000
9/15/2025,MFMI,0,0,0,0,0
9/15/2025,MGLV,1530,1530,1510,1520,641800
9/15/2025,MGNA,47,47,46,47,549400
9/15/2025,MGNA-W,39,39,39,39,10700
9/15/2025,MGRO,765,770,745,750,3670300
9/15/2025,MHKI,159,168,157,163,36718100
9/15/2025,MICE,500,500,490,490,18400
9/15/2025,MIDI,450,454,446,448,5267800
9/15/2025,MIKA,2300,2370,2300,2350,4650700
9/15/2025,MIKAZPCG6A,0,0,0,0,0
9/15/2025,MINA,169,173,165,167,147307600
9/15/2025,MINE,600,605,585,585,7705700
9/15/2025,MIRA,67,67,64,64,5343700
9/15/2025,MITI,330,342,314,316,8042000
9/15/2025,MKAP,348,348,344,346,297500
9/15/2025,MKNT,0,0,0,0,0
9/15/2025,MKPI,25525,25525,24025,25475,6900
9/15/2025,MKTR,140,145,137,140,9567600
9/15/2025,MKTR-W,16,17,15,16,11447500
9/15/2025,MLBI,5875,5925,5825,5875,56300
9/15/2025,MLIA,352,354,350,352,3636200
9/15/2025,MLPL,145,157,145,156,329364200
9/15/2025,MLPT,83500,91000,80025,91000,311400
9/15/2025,MMIX,390,396,374,388,15966000
9/15/2025,MMLP,535,545,535,540,6027600
9/15/2025,MNCN,256,264,256,264,22342400
9/15/2025,MOLI,224,232,222,230,3948100
9/15/2025,MORA,432,454,424,440,580700
9/15/2025,MPIX,71,74,71,73,15498400
9/15/2025,MPIX-W,14,14,13,14,3201400
9/15/2025,MPMX,935,950,935,945,2341100
9/15/2025,MPOW,117,118,115,116,1255200
9/15/2025,MPPA,74,78,74,75,118418900
9/15/2025,MPRO,4630,4630,4600,4620,310900
9/15/2025,MPXL,196,198,162,173,72950500
9/15/2025,MRAT,220,222,214,218,1235800
9/15/2025,MREI,960,1000,950,970,183900
9/15/2025,MSIE,60,66,58,66,11066100
9/15/2025,MSIN,595,670,590,655,63248000
9/15/2025,MSJA,304,304,296,302,270300
9/15/2025,MSKY,91,103,91,95,108679700
9/15/2025,MSTI,1530,1540,1525,1530,689300
9/15/2025,MTDL,625,645,625,640,6844900
9/15/2025,MTEL,585,590,580,585,1849600
9/15/2025,MTELDRCK6A,19,19,19,19,40600
9/15/2025,MTFN,14,14,14,14,28969700
9/15/2025,MTLA,432,438,432,438,64400
9/15/2025,MTMH,1215,1215,1175,1185,42400
9/15/2025,MTPS,45,49,45,48,2548200
9/15/2025,MTRA,0,0,0,0,0
9/15/2025,MTSM,0,0,0,0,0
9/15/2025,MTWI,368,368,362,366,109900
9/15/2025,MUTU,100,101,97,99,4126900
9/15/2025,MYOH,1680,1730,1680,1720,10100
9/15/2025,MYOR,2080,2100,2030,2030,5498000
9/15/2025,MYORDRCK6A,58,58,58,58,100
9/15/2025,MYORZPCH6A,32,32,32,32,50000
9/15/2025,MYTX,0,0,0,0,0
9/15/2025,NAIK,138,141,136,137,27753300
9/15/2025,NAIK-W,24,25,23,24,7965000
9/15/2025,NANO,70,73,64,70,131791100
9/15/2025,NASA,55,55,55,55,5499500
9/15/2025,NASI,90,94,89,93,13638100
9/15/2025,NATO,143,144,138,141,325900
9/15/2025,NAYZ,0,0,0,0,0
9/15/2025,NCKL,1105,1105,1075,1100,28334000
9/15/2025,NCKLDRCK6A,47,49,47,49,3700
9/15/2025,NCKLYUCZ5A,99,102,99,102,2600
9/15/2025,NCKLZPCJ6A,0,0,0,0,0
9/15/2025,NELY,352,354,350,354,752000
9/15/2025,NEST,276,280,266,276,6911500
9/15/2025,NETV,131,134,130,132,2893600
9/15/2025,NFCX,1870,2200,1785,1815,275700
9/15/2025,NICE,500,500,474,488,31080300
9/15/2025,NICK,1360,1365,1200,1300,20700
9/15/2025,NICL,1040,1085,1020,1065,34910100
9/15/2025,NIKL,232,232,216,224,4633700
9/15/2025,NINE,0,0,0,0,0
9/15/2025,NIRO,122,133,121,126,188000
9/15/2025,NISP,1380,1390,1370,1380,2552700
9/15/2025,NOBU,555,555,545,545,4428900
9/15/2025,NPGF,61,64,60,61,75167700
9/15/2025,NRCA,1100,1150,1075,1085,14804500
9/15/2025,NSSS,446,450,442,448,7628600
9/15/2025,NTBK,61,65,61,63,73845300
9/15/2025,NUSA,0,0,0,0,0
9/15/2025,NZIA,97,98,96,98,1297200
9/15/2025,OASA,264,270,254,266,83398200
9/15/2025,OBAT,468,476,464,464,2317600
9/15/2025,OBAT-W,109,112,106,108,1373000
9/15/2025,OBMD,292,296,270,290,1042500
9/15/2025,OCAP,0,0,0,0,0
9/15/2025,OILS,137,139,135,137,776700
9/15/2025,OKAS,274,292,270,292,10873300
9/15/2025,OLIV,0,0,0,0,0
9/15/2025,OMED,190,190,187,188,775200
9/15/2025,OMRE,426,426,426,426,1300
9/15/2025,OPMS,88,91,88,90,6471500
9/15/2025,PACK,2260,2320,2040,2070,31489400
9/15/2025,PADA,50,53,50,53,32979200
9/15/2025,PADI,85,85,85,85,63234900
9/15/2025,PALM,414,424,404,420,1066500
9/15/2025,PAMG,79,82,78,80,43248600
9/15/2025,PANI,13875,13925,13700,13700,5102700
9/15/2025,PANIBQCZ5A,47,47,47,47,11873600
9/15/2025,PANIHDCJ6A,111,111,111,111,1352100
9/15/2025,PANIHDCZ5A,162,162,160,161,759700
9/15/2025,PANIZPCJ6A,69,69,67,68,7151900
9/15/2025,PANR,705,725,700,725,1643700
9/15/2025,PANS,1385,1390,1380,1390,43400
9/15/2025,PART,113,115,113,114,54467800
9/15/2025,PART-W,20,21,19,21,9546600
9/15/2025,PBID,488,492,488,492,300400
9/15/2025,PBRX,50,50,48,48,97151600
9/15/2025,PBSA,0,0,0,0,0
9/15/2025,PCAR,51,51,48,48,17183400
9/15/2025,PDES,464,464,464,464,1800
9/15/2025,PDPP,490,490,478,490,221100
9/15/2025,PEGE,115,117,112,113,2342300
9/15/2025,PEHA,332,332,330,330,29900
9/15/2025,PEVE,440,442,436,440,152400
9/15/2025,PGAS,1790,1790,1745,1770,39446800
9/15/2025,PGASBQCU5A,0,0,0,0,0
9/15/2025,PGASBQCZ5A,64,64,64,64,50000
9/15/2025,PGASDRCG6A,75,75,75,75,1000
9/15/2025,PGASHDCK6A,83,83,79,79,516700
9/15/2025,PGASZPCJ6A,50,50,50,50,30000
9/15/2025,PGEO,1400,1415,1385,1390,32171500
9/15/2025,PGEOBQCX5B,22,22,21,21,627900
9/15/2025,PGEODRCJ6A,39,39,38,38,1991800
9/15/2025,PGEODRPV5A,0,0,0,0,0
9/15/2025,PGEOHDCH6A,51,51,51,51,2100
9/15/2025,PGEOHDCH6B,60,60,60,60,27300
9/15/2025,PGEOZPCJ6A,50,50,50,50,2500
9/15/2025,PGJO,0,0,0,0,0
9/15/2025,PGLI,314,314,246,264,10041000
9/15/2025,PGUN,4650,4650,4650,4650,193700
9/15/2025,PICO,161,170,159,168,6347900
9/15/2025,PIPA,0,0,0,0,0
9/15/2025,PJAA,490,492,480,486,539700
9/15/2025,PKPK,575,575,550,565,167200
9/15/2025,PLAN,55,56,53,55,10753900
9/15/2025,PLAS,0,0,0,0,0
9/15/2025,PLIN,0,0,0,0,0
9/15/2025,PMJS,119,119,117,119,452600
9/15/2025,PMMP,0,0,0,0,0
9/15/2025,PMUI,128,132,128,130,2970800
9/15/2025,PNBN,1140,1150,1135,1135,3588300
9/15/2025,PNBS,55,56,54,55,21961800
9/15/2025,PNGO,2410,2410,2360,2370,6000
9/15/2025,PNIN,830,840,830,835,632200
9/15/2025,PNLF,252,256,250,252,87721000
9/15/2025,PNLFDRCJ6A,14,14,14,14,100
9/15/2025,PNLFHDCZ5A,0,0,0,0,0
9/15/2025,PNLFYUCV5A,0,0,0,0,0
9/15/2025,PNLFZPCH6A,38,38,38,38,89000
9/15/2025,PNSE,800,815,775,810,9100
9/15/2025,POLA,39,39,39,39,1245300
9/15/2025,POLI,700,715,700,715,5200
9/15/2025,POLL,0,0,0,0,0
9/15/2025,POLU,0,0,0,0,0
9/15/2025,POLY,29,30,29,30,1267300
9/15/2025,POOL,0,0,0,0,0
9/15/2025,PORT,985,1040,960,990,37600
9/15/2025,POSA,0,0,0,0,0
9/15/2025,POWR,705,705,700,705,850600
9/15/2025,PPGL,108,114,104,108,3012700
9/15/2025,PPRE,98,103,97,102,28777600
9/15/2025,PPRI,426,428,370,396,43820000
9/15/2025,PPRO,0,0,0,0,0
9/15/2025,PRAY,630,695,630,690,34100
9/15/2025,PRDA,2720,2800,2720,2770,195100
9/15/2025,PRIM,88,94,88,92,17811500
9/15/2025,PSAB,610,620,555,570,394548300
9/15/2025,PSAT,1370,1415,1355,1410,1204600
9/15/2025,PSDN,98,99,96,98,1974000
9/15/2025,PSGO,208,208,202,206,1271100
9/15/2025,PSKT,121,121,119,119,16421900
9/15/2025,PSSI,346,348,342,346,207900
9/15/2025,PTBA,2390,2400,2380,2380,10496000
9/15/2025,PTBABQCV5A,18,18,18,18,1497800
9/15/2025,PTBADRCG6A,24,24,24,24,20000
9/15/2025,PTBAYUCZ5A,0,0,0,0,0
9/15/2025,PTBAZPCH6A,0,0,0,0,0
9/15/2025,PTDU,0,0,0,0,0
9/15/2025,PTIS,410,416,402,412,62500
9/15/2025,PTMP,97,99,95,98,14305900
9/15/2025,PTMR,0,0,0,0,0
9/15/2025,PTPP,348,364,348,360,22526700
9/15/2025,PTPS,169,171,165,167,6802300
9/15/2025,PTPW,945,950,940,950,22200
9/15/2025,PTRO,3890,4150,3880,4110,103303000
9/15/2025,PTROHDCK6A,127,140,126,140,1377700
9/15/2025,PTROZPCK6A,66,73,66,73,1343900
9/15/2025,PTSN,470,478,466,468,1131000
9/15/2025,PTSP,885,925,885,925,161800
9/15/2025,PUDP,234,240,224,224,94300
9/15/2025,PURA,40,40,40,40,36676500
9/15/2025,PURE,0,0,0,0,0
9/15/2025,PURI,193,196,189,193,503200
9/15/2025,PWON,368,376,368,374,46589600
9/15/2025,PWONHDCZ5A,0,0,0,0,0
9/15/2025,PWONZPCH6A,0,0,0,0,0
9/15/2025,PYFA,505,515,498,505,24449700
9/15/2025,PYFA-W,99,99,96,98,747900
9/15/2025,PZZA,232,246,232,236,8978500
9/15/2025,RAAM,304,358,304,344,27454800
9/15/2025,R-ABFII,0,0,0,0,0
9/15/2025,RAFI,0,0,0,0,0
9/15/2025,RAJA,2860,2950,2850,2880,45236400
9/15/2025,RAJAHDCK6A,92,95,91,91,71700
9/15/2025,RAJAZPCK6A,45,46,45,46,354000
9/15/2025,RALS,392,394,390,394,2804400
9/15/2025,RANC,422,426,416,420,15300
9/15/2025,RATU,5650,5875,5650,5825,4445000
9/15/2025,RBMS,48,48,45,46,6123700
9/15/2025,RCCC,240,248,222,248,422800
9/15/2025,RDTX,11950,12250,11750,11925,2400
9/15/2025,REAL,67,89,67,89,1694511800
9/15/2025,RELF,58,60,55,59,37860600
9/15/2025,RELI,640,650,620,640,28800
9/15/2025,RGAS,101,104,101,102,47771800
9/15/2025,RICY,85,88,85,88,1180800
9/15/2025,RIGS,800,810,800,810,164600
9/15/2025,RIMO,0,0,0,0,0
9/15/2025,RISE,1100,1115,1100,1115,249000
9/15/2025,R-LQ45X,1000,1000,984,984,5000
9/15/2025,RMKE,970,975,955,975,1362000
9/15/2025,RMKO,132,143,132,141,6539200
9/15/2025,ROCK,725,725,725,725,41500
9/15/2025,RODA,51,51,50,50,1539900
9/15/2025,RONY,0,0,0,0,0
9/15/2025,ROTI,820,820,800,800,1553200
9/15/2025,RSCH,370,372,364,364,7624900
9/15/2025,RSGK,0,0,0,0,0
9/15/2025,RUIS,204,212,198,200,5850600
9/15/2025,RUNS,109,111,108,108,377700
9/15/2025,SAFE,183,189,183,184,233200
9/15/2025,SAGE,48,48,48,48,17567000
9/15/2025,SAME,310,324,310,314,2557200
9/15/2025,SAMF,332,334,326,326,334900
9/15/2025,SAPX,300,312,300,310,363700
9/15/2025,SATU,242,244,242,244,4630900
9/15/2025,SBAT,0,0,0,0,0
9/15/2025,SBMA,136,136,134,134,1070900
9/15/2025,SCCO,2280,2290,2260,2290,32600
9/15/2025,SCMA,312,318,304,306,216295200
9/15/2025,SCMABQCZ5A,0,0,0,0,0
9/15/2025,SCMADRCK6A,95,98,91,91,4800
9/15/2025,SCMAHDCZ5A,0,0,0,0,0
9/15/2025,SCMAZPCG6A,165,165,158,158,90100
9/15/2025,SCNP,185,187,181,185,41400
9/15/2025,SCPI,0,0,0,0,0
9/15/2025,SDMU,74,74,73,73,2872200
9/15/2025,SDPC,133,136,130,133,670500
9/15/2025,SDRA,296,298,292,294,585600
9/15/2025,SEMA,99,103,98,98,472100
9/15/2025,SFAN,1920,1925,1915,1920,79100
9/15/2025,SGER,340,346,336,342,116250000
9/15/2025,SGRO,4700,4700,4510,4610,1586800
9/15/2025,SHID,915,915,900,900,11100
9/15/2025,SHIP,4110,4280,3950,4000,198600
9/15/2025,SICO,120,124,118,123,6544800
9/15/2025,SIDO,540,545,540,540,13887400
9/15/2025,SIDODRCK6A,0,0,0,0,0
9/15/2025,SILO,2200,2200,2130,2150,566500
9/15/2025,SIMA,0,0,0,0,0
9/15/2025,SIMP,630,645,630,635,12686200
9/15/2025,SINI,4100,4150,4020,4020,143000
9/15/2025,SIPD,0,0,0,0,0
9/15/2025,SKBM,344,354,344,354,13600
9/15/2025,SKLT,190,192,188,189,50800
9/15/2025,SKRN,406,432,406,416,1391300
9/15/2025,SKYB,0,0,0,0,0
9/15/2025,SLIS,105,106,98,99,57125900
9/15/2025,SLIS-W,19,19,17,18,8667700
9/15/2025,SMAR,5650,5650,5300,5550,220300
9/15/2025,SMBR,302,304,298,302,16860200
9/15/2025,SMCB,0,0,0,0,0
9/15/2025,SMDM,830,860,810,820,261800
9/15/2025,SMDR,336,342,332,338,18276000
9/15/2025,SMGA,111,114,110,112,47047300
9/15/2025,SMGR,2900,2950,2890,2890,7844800
9/15/2025,SMGRBQCU5A,2,2,1,1,9159700
9/15/2025,SMGRBQCX5B,74,76,74,76,40000
9/15/2025,SMGRBQCZ5A,0,0,0,0,0
9/15/2025,SMGRDRCV5A,66,67,66,67,200100
9/15/2025,SMGRHDCZ5A,0,0,0,0,0
9/15/2025,SMGRZPCJ6A,0,0,0,0,0
9/15/2025,SMIL,630,680,630,665,301771700
9/15/2025,SMKL,162,168,162,168,23800
9/15/2025,SMKM,187,187,187,187,22546800
9/15/2025,SMLE,173,174,165,169,17170000
9/15/2025,SMMA,15600,15600,15325,15600,5900
9/15/2025,SMMT,1210,1240,1210,1210,262300
9/15/2025,SMRA,454,468,454,464,52823100
9/15/2025,SMRADRCJ6A,36,36,36,36,92900
9/15/2025,SMRAHDCZ5A,0,0,0,0,0
9/15/2025,SMRAZPCH6A,0,0,0,0,0
9/15/2025,SMRU,0,0,0,0,0
9/15/2025,SMSM,1895,1895,1880,1880,1095100
9/15/2025,SNLK,456,470,450,464,6968800
9/15/2025,SOCI,194,212,194,208,51061700
9/15/2025,SOFA,62,66,56,66,32563000
9/15/2025,SOHO,740,750,725,740,77700
9/15/2025,SOLA,147,150,144,149,27595200
9/15/2025,SONA,4380,4800,4380,4740,192100
9/15/2025,SOSS,0,0,0,0,0
9/15/2025,SOTS,414,432,346,432,4958200
9/15/2025,SOUL,92,95,82,83,7899300
9/15/2025,SPMA,286,290,282,288,129900
9/15/2025,SPRE,78,78,74,75,8528100
9/15/2025,SPTO,680,680,670,675,664800
9/15/2025,SQMI,0,0,0,0,0
9/15/2025,SRAJ,0,0,0,0,0
9/15/2025,SRIL,0,0,0,0,0
9/15/2025,SRSN,66,70,66,68,61780000
9/15/2025,SRTG,1930,1960,1895,1910,7493400
9/15/2025,SRTGDRCK6A,100,100,98,98,224800
9/15/2025,SRTGHDCK6A,114,114,114,114,2000
9/15/2025,SRTGZPCG6A,102,103,98,98,1100
9/15/2025,SRTGZPCK6A,0,0,0,0,0
9/15/2025,SSIA,1960,1990,1930,1970,52403200
9/15/2025,SSMS,1455,1470,1435,1460,8377500
9/15/2025,SSTM,294,324,280,314,600300
9/15/2025,STAA,1060,1095,1050,1085,12495900
9/15/2025,STAR,80,80,80,80,319400
9/15/2025,STRK,0,0,0,0,0
9/15/2025,STTP,10325,10325,10225,10225,1100
9/15/2025,SUGI,0,0,0,0,0
9/15/2025,SULI,99,100,95,98,2274500
9/15/2025,SUNI,845,870,840,845,767000
9/15/2025,SUPR,0,0,0,0,0
9/15/2025,SURE,2780,2850,2750,2800,11000
9/15/2025,SURI,115,151,112,151,1006578400
9/15/2025,SWAT,0,0,0,0,0
9/15/2025,SWID,99,104,96,98,10829800
9/15/2025,TALF,388,388,366,380,54700
9/15/2025,TAMA,46,46,46,46,8220000
9/15/2025,TAMU,37,37,37,37,6500700
9/15/2025,TAPG,1530,1570,1530,1560,18445600
9/15/2025,TAPGDRCJ6A,87,87,86,86,4700
9/15/2025,TAPGHDCH6A,204,204,202,202,200
9/15/2025,TAPGZPCH6A,105,107,105,106,400
9/15/2025,TARA,48,48,45,45,36719500
9/15/2025,TAXI,19,19,19,19,31177800
9/15/2025,TAYS,77,80,76,78,20069800
9/15/2025,TBIG,1890,1895,1800,1835,1333400
9/15/2025,TBLA,740,745,725,730,3535000
9/15/2025,TBMS,1025,1200,1000,1010,512200
9/15/2025,TCID,3040,3260,2820,3090,270700
9/15/2025,TCPI,5850,5875,5800,5875,8198700
9/15/2025,TDPM,0,0,0,0,0
9/15/2025,TEBE,1850,1850,1785,1800,3349600
9/15/2025,TECH,0,0,0,0,0
9/15/2025,TELE,0,0,0,0,0
9/15/2025,TFAS,175,179,166,173,7784800
9/15/2025,TFCO,0,0,0,0,0
9/15/2025,TGKA,5700,5700,5675,5700,1300
9/15/2025,TGRA,0,0,0,0,0
9/15/2025,TGUK,0,0,0,0,0
9/15/2025,TIFA,402,404,400,402,56800
9/15/2025,TINS,1130,1135,1110,1125,24260800
9/15/2025,TIRA,1600,1645,1535,1570,68300
9/15/2025,TIRT,0,0,0,0,0
9/15/2025,TKIM,7325,7450,7100,7125,1662300
9/15/2025,TKIMHDCJ6A,0,0,0,0,0
9/15/2025,TKIMZPCG6A,103,103,103,103,20000
9/15/2025,TKIMZPCK6A,0,0,0,0,0
9/15/2025,TLDN,705,725,700,710,3765500
9/15/2025,TLKM,3150,3260,3130,3260,115361300
9/15/2025,TLKMBQCG6A,65,65,65,65,220000
9/15/2025,TLKMBQCV5A,93,93,91,91,20000
9/15/2025,TLKMDRCJ6A,83,84,83,84,610000
9/15/2025,TLKMDRCX6A,0,0,0,0,0
9/15/2025,TLKMHDCJ6A,60,65,60,63,6200
9/15/2025,TLKMHDCV5A,0,0,0,0,0
9/15/2025,TLKMZPCF6A,101,106,101,106,2200
9/15/2025,TMAS,138,142,137,139,9991000
9/15/2025,TMPO,179,184,178,178,15938800
9/15/2025,TNCA,171,181,171,178,1715400
9/15/2025,TOBA,1280,1290,1245,1255,58005400
9/15/2025,TOOL,64,69,63,67,26833700
9/15/2025,TOPS,0,0,0,0,0
9/15/2025,TOSK,66,73,65,72,173632800
9/15/2025,TOTL,770,785,770,780,894500
9/15/2025,TOTO,258,260,256,260,1156600
9/15/2025,TOWR,585,595,585,590,22428300
9/15/2025,TOWRHDCK6A,37,37,36,36,200
9/15/2025,TOYS,0,0,0,0,0
9/15/2025,TPIA,7900,8050,7900,7950,8005600
9/15/2025,TPMA,575,590,575,590,5213200
9/15/2025,TRAM,0,0,0,0,0
9/15/2025,TRGU,172,173,171,172,130700
9/15/2025,TRIL,0,0,0,0,0
9/15/2025,TRIM,376,380,372,372,311600
9/15/2025,TRIN,94,97,90,93,5317400
9/15/2025,TRIN-W2,0,0,0,0,0
9/15/2025,TRIO,0,0,0,0,0
9/15/2025,TRIS,187,187,183,185,78300
9/15/2025,TRJA,137,140,136,139,507800
9/15/2025,TRON,92,94,91,92,8273300
9/15/2025,TRST,492,492,470,492,29200
9/15/2025,TRUE,52,52,52,52,17041700
9/15/2025,TRUK,282,352,282,352,19027800
9/15/2025,TRUS,478,482,462,474,10000
9/15/2025,TSPC,2280,2300,2280,2300,547100
9/15/2025,TUGU,975,980,960,970,2430400
9/15/2025,TYRE,128,135,127,128,551600
9/15/2025,UANG,0,0,0,0,0
9/15/2025,UCID,440,440,428,438,3962300
9/15/2025,UDNG,3390,3390,3390,3390,209900
9/15/2025,UFOE,176,177,174,176,45000
9/15/2025,ULTJ,1280,1290,1275,1285,938900
9/15/2025,UNIC,7950,8000,7850,7850,5200
9/15/2025,UNIQ,372,374,366,366,14015000
9/15/2025,UNIT,0,0,0,0,0
9/15/2025,UNSP,159,165,159,165,2700300
9/15/2025,UNTD,87,88,85,87,8181900
9/15/2025,UNTR,26700,27075,26300,26300,3309300
9/15/2025,UNTRBQCV5A,122,122,121,121,200
9/15/2025,UNTRDRCG6A,160,160,160,160,100
9/15/2025,UNTRZPCJ6A,166,166,164,164,4000
9/15/2025,UNVR,1695,1730,1685,1690,44103900
9/15/2025,UNVRBQCU5A,4,7,4,7,3547000
9/15/2025,UNVRBQCZ5A,0,0,0,0,0
9/15/2025,UNVRDRCG6A,40,40,39,39,2000100
9/15/2025,UNVRHDPG6A,0,0,0,0,0
9/15/2025,UNVRZPCH6A,0,0,0,0,0
9/15/2025,URBN,143,143,135,139,424600
9/15/2025,UVCR,74,75,72,73,10049600
9/15/2025,VAST,189,200,188,196,15522200
9/15/2025,VAST-W,14,15,14,14,3485800
9/15/2025,VERN,123,133,123,129,8127100
9/15/2025,VERN-W,5,6,4,5,44567500
9/15/2025,VICI,625,630,620,625,307900
9/15/2025,VICO,206,206,200,206,1937700
9/15/2025,VINS,143,147,139,142,2722700
9/15/2025,VISI,153,156,153,156,5186600
9/15/2025,VIVA,42,46,42,46,30508500
9/15/2025,VKTR,118,119,114,115,13131200
9/15/2025,VOKS,378,384,318,332,10869600
9/15/2025,VRNA,89,90,86,88,763600
9/15/2025,VTNY,104,104,101,103,15266900
9/15/2025,WAPO,175,177,169,175,2192600
9/15/2025,WEGE,75,79,74,76,55548100
9/15/2025,WEHA,115,124,114,118,4889100
9/15/2025,WGSH,204,222,196,216,3125300
9/15/2025,WICO,0,0,0,0,0
9/15/2025,WIDI,52,53,48,51,78083700
9/15/2025,WIFI,2600,2690,2590,2670,92031000
9/15/2025,WIIM,800,840,800,830,4195800
9/15/2025,WIKA,0,0,0,0,0
9/15/2025,WINE,220,224,218,220,237800
9/15/2025,WINR,31,34,31,34,36993200
9/15/2025,WINS,408,416,408,416,2637700
9/15/2025,WIRG,176,178,170,172,568478600
9/15/2025,WMPP,0,0,0,0,0
9/15/2025,WMUU,26,26,26,26,12633900
9/15/2025,WOMF,342,346,340,340,114200
9/15/2025,WOOD,358,378,358,374,6542100
9/15/2025,WOWS,98,100,91,98,185023900
9/15/2025,WSBP,32,32,30,31,557958400
9/15/2025,WSKT,0,0,0,0,0
9/15/2025,WTON,105,107,103,107,11668700
9/15/2025,XAQA,0,0,0,0,0
9/15/2025,XBES,1052,1059,1052,1059,10200
9/15/2025,XBID,516,516,516,516,40000
9/15/2025,XBIG,0,0,0,0,0
9/15/2025,XBIN,585,585,585,585,40000
9/15/2025,XBLQ,0,0,0,0,0
9/15/2025,XBNI,0,0,0,0,0
9/15/2025,XBSK,454,454,454,454,40000
9/15/2025,XCEG,108,109,108,109,24400
9/15/2025,XCID,65,92,65,72,7359800
9/15/2025,XCIS,98,132,88,95,6951700
9/15/2025,XCLQ,83,87,83,87,49700
9/15/2025,XDIF,453,453,453,453,200
9/15/2025,XIFE,102,112,102,111,500
9/15/2025,XIHD,630,633,629,633,15500
9/15/2025,XIIC,0,0,0,0,0
9/15/2025,XIID,0,0,0,0,0
9/15/2025,XIIF,0,0,0,0,0
9/15/2025,XIIT,550,590,540,540,88200
9/15/2025,XIJI,621,633,621,630,17000
9/15/2025,XILV,113,122,113,119,10500
9/15/2025,XIML,0,0,0,0,0
9/15/2025,XIPB,201,201,201,201,200
9/15/2025,XIPI,218,220,218,220,49000
9/15/2025,XISB,0,0,0,0,0
9/15/2025,XISC,0,0,0,0,0
9/15/2025,XISI,0,0,0,0,0
9/15/2025,XISR,449,457,447,447,18600
9/15/2025,XKID,955,955,955,955,100
9/15/2025,XKIV,597,597,596,596,40500
9/15/2025,XKMS,1144,1150,1143,1150,200200
9/15/2025,XMGB,1121,1121,1121,1121,300
9/15/2025,XMIG,220,220,219,219,200200
9/15/2025,XMLF,889,889,889,889,40000
9/15/2025,XMSK,396,396,394,394,1000
9/15/2025,XNVE,0,0,0,0,0
9/15/2025,XPDV,530,654,530,648,10000
9/15/2025,XPFT,0,0,0,0,0
9/15/2025,XPIN,652,653,652,653,200
9/15/2025,XPLQ,444,444,444,444,100
9/15/2025,XPSG,0,0,0,0,0
9/15/2025,XPTD,471,472,470,470,1700
9/15/2025,XSBC,101,102,101,102,27600
9/15/2025,XSPI,0,0,0,0,0
9/15/2025,XSSI,81,81,80,81,190600
9/15/2025,XSSK,706,706,706,706,20000
9/15/2025,YELO,70,73,70,73,13994900
9/15/2025,YOII,93,97,93,96,4573300
9/15/2025,YPAS,354,354,354,354,600
9/15/2025,YULE,2700,2770,2700,2710,19000
9/15/2025,YUPI,1600,1620,1585,1615,59600
9/15/2025,ZATA,33,33,33,33,6891800
9/15/2025,ZBRA,0,0,0,0,0
9/15/2025,ZINC,36,36,36,36,32525300
9/15/2025,ZONE,750,765,750,760,440200
9/15/2025,ZYRX,148,153,147,148,2148200
