<date>,<ticker>,<open>,<high>,<low>,<close>,<volume>
11/24/2025,IHSG,8458.293,8570.254,8429.464,8570.254,49893757600
11/24/2025,AADI,7650,7825,7650,7750,11617600
11/24/2025,AADIDRCN6A,92,95,92,94,28400
11/24/2025,AADIHDCK6A,96,99,95,97,175300
11/24/2025,AADIYUCK6A,312,312,308,310,66900
11/24/2025,AALI,7800,7800,7700,7800,634000
11/24/2025,ABBA,57,58,57,58,698500
11/24/2025,ABDA,0,0,0,0,0
11/24/2025,ABMM,2990,3010,2980,3000,389100
11/24/2025,ACES,426,430,424,428,29206500
11/24/2025,ACESBQCG6A,10,10,10,10,400
11/24/2025,ACESBQCK6A,0,0,0,0,0
11/24/2025,ACESBQCX5B,1,1,1,1,24495900
11/24/2025,ACESBQCZ5A,0,0,0,0,0
11/24/2025,ACESDRCJ6A,9,9,8,9,60200
11/24/2025,ACESHDCN6A,53,53,53,53,37900
11/24/2025,ACESHDCZ5A,0,0,0,0,0
11/24/2025,ACESZPCJ6A,0,0,0,0,0
11/24/2025,ACRO,91,91,88,90,7413000
11/24/2025,ACRO-W,6,7,6,7,2779700
11/24/2025,ACST,135,138,133,136,4321000
11/24/2025,ADCP,55,55,54,54,4346000
11/24/2025,ADES,15025,15375,15000,15375,48700
11/24/2025,ADHI,258,262,254,256,29296300
11/24/2025,ADMF,8775,8825,8750,8800,37700
11/24/2025,ADMG,162,165,160,162,893500
11/24/2025,ADMR,1300,1330,1295,1320,14566700
11/24/2025,ADMRDRCH6A,40,40,39,39,30000
11/24/2025,ADMRDRCJ6A,58,59,57,59,144900
11/24/2025,ADMRHDCJ6A,89,92,89,92,1600
11/24/2025,ADMRZPCH6A,77,78,77,78,1900
11/24/2025,ADRO,1885,1885,1850,1875,88910200
11/24/2025,ADROBQCG6A,0,0,0,0,0
11/24/2025,ADROBQCJ6A,0,0,0,0,0
11/24/2025,ADROBQCN6A,60,60,60,60,5800
11/24/2025,ADROBQCZ5A,3,3,2,2,400000
11/24/2025,ADRODRCJ6A,55,55,52,52,300000
11/24/2025,ADROHDCN6A,69,70,69,69,36400
11/24/2025,ADROHDCZ5A,34,34,33,33,100000
11/24/2025,ADROHDPH6A,74,74,74,74,100
11/24/2025,ADROYUCZ5A,0,0,0,0,0
11/24/2025,ADROZPCF6A,19,19,19,19,6200
11/24/2025,ADROZPCK6A,53,53,53,53,19500
11/24/2025,AEGS,75,81,73,76,13371000
11/24/2025,AGAR,244,244,230,236,36700
11/24/2025,AGII,1420,1475,1330,1370,5022500
11/24/2025,AGRO,226,228,222,224,11611900
11/24/2025,AGRS,71,73,70,72,8830300
11/24/2025,AHAP,97,97,92,94,25403200
11/24/2025,AIMS,376,378,370,376,410700
11/24/2025,AISA,141,144,140,144,7452900
11/24/2025,AKKU,36,36,36,36,1800800
11/24/2025,AKPI,575,580,570,575,12000
11/24/2025,AKRA,1325,1325,1260,1260,21042500
11/24/2025,AKRABQCX5B,3,3,1,2,32120100
11/24/2025,AKRADRCH6A,50,50,44,44,275700
11/24/2025,AKRAHDCH6A,0,0,0,0,0
11/24/2025,AKRAZPCJ6A,45,45,45,45,100
11/24/2025,AKRAZPCM6A,38,38,37,37,2466100
11/24/2025,AKRAZPCX5A,67,67,61,63,1700
11/24/2025,AKSI,450,505,420,442,10303300
11/24/2025,ALDO,635,700,635,645,591600
11/24/2025,ALII,600,620,590,600,1140700
11/24/2025,ALKA,354,358,352,358,7400
11/24/2025,ALMI,0,0,0,0,0
11/24/2025,ALTO,0,0,0,0,0
11/24/2025,AMAG,384,384,380,382,26900
11/24/2025,AMAN,171,181,171,179,18621200
11/24/2025,AMAR,226,226,222,224,305000
11/24/2025,AMFG,3300,3300,3250,3270,42700
11/24/2025,AMIN,260,264,254,256,293200
11/24/2025,AMMN,6500,7100,6500,7100,103840900
11/24/2025,AMMNBQCZ5A,3,4,2,3,2262300
11/24/2025,AMMNDRCJ6A,29,35,28,35,535500
11/24/2025,AMMNHDCH6A,49,51,49,51,40000
11/24/2025,AMMNZPCG6A,14,20,14,20,267500
11/24/2025,AMMS,520,520,478,478,1633600
11/24/2025,AMOR,404,404,394,396,1483400
11/24/2025,AMRT,1835,1890,1825,1870,79110500
11/24/2025,AMRTBQCF6A,12,12,12,12,292000
11/24/2025,AMRTBQCH6A,14,15,14,15,444700
11/24/2025,AMRTBQCJ6A,0,0,0,0,0
11/24/2025,AMRTDRCH6A,21,23,20,23,1691300
11/24/2025,AMRTDRCZ5A,9,9,8,8,2101500
11/24/2025,AMRTHDCJ6A,6,7,6,7,4496900
11/24/2025,AMRTZPCK6A,13,14,12,14,437700
11/24/2025,AMRTZPCX5A,0,0,0,0,0
11/24/2025,ANDI,23,24,23,23,5371900
11/24/2025,ANJT,1950,1970,1920,1925,476700
11/24/2025,ANTM,2940,2970,2890,2930,77562700
11/24/2025,ANTMBQCG6A,34,34,33,33,191500
11/24/2025,ANTMBQCJ6A,47,47,47,47,100
11/24/2025,ANTMBQCN6A,0,0,0,0,0
11/24/2025,ANTMBQCX5A,2,2,1,1,4591600
11/24/2025,ANTMBQCZ5A,0,0,0,0,0
11/24/2025,ANTMDRCG6A,25,26,24,26,1131000
11/24/2025,ANTMDRCG6B,0,0,0,0,0
11/24/2025,ANTMDRPZ5A,23,23,22,22,31300
11/24/2025,ANTMHDCH6A,54,54,54,54,15100
11/24/2025,ANTMHDCH6B,91,94,90,94,242200
11/24/2025,ANTMHDPH6A,0,0,0,0,0
11/24/2025,ANTMYUCN6A,89,92,88,92,22200
11/24/2025,ANTMZPCJ6A,51,52,48,52,316000
11/24/2025,ANTMZPCK6A,20,21,19,20,689000
11/24/2025,ANTMZPCX5A,0,0,0,0,0
11/24/2025,APEX,222,226,208,210,113682300
11/24/2025,APIC,1225,1420,1195,1420,6770500
11/24/2025,APII,188,194,187,188,163800
11/24/2025,APLI,432,438,418,434,76000
11/24/2025,APLN,99,100,98,98,2225100
11/24/2025,ARCI,1140,1160,1130,1145,41292100
11/24/2025,AREA,545,545,520,530,1610000
11/24/2025,ARGO,1060,1090,1040,1060,5500
11/24/2025,ARII,272,276,272,274,79700
11/24/2025,ARKA,31,32,31,32,3702500
11/24/2025,ARKO,2680,3320,2680,3320,8821300
11/24/2025,ARMY,0,0,0,0,0
11/24/2025,ARNA,545,550,535,545,3369500
11/24/2025,ARTA,3040,3120,2950,3040,9600
11/24/2025,ARTI,0,0,0,0,0
11/24/2025,ARTO,1955,2020,1955,1975,18156500
11/24/2025,ARTOBQCG6A,14,16,14,16,164600
11/24/2025,ARTOBQCJ6A,23,23,23,23,200
11/24/2025,ARTOBQCN6A,35,35,35,35,8100
11/24/2025,ARTOBQCX5B,4,6,3,3,418300
11/24/2025,ARTOBQCZ5A,7,8,7,7,733300
11/24/2025,ARTODRCK6A,52,52,52,52,27200
11/24/2025,ARTOHDCN6A,0,0,0,0,0
11/24/2025,ARTOHDCZ5A,0,0,0,0,0
11/24/2025,ARTOZPCK6A,33,33,33,33,100
11/24/2025,ARTOZPCX5A,0,0,0,0,0
11/24/2025,ASBI,476,488,476,486,15800
11/24/2025,ASDM,610,630,600,600,612200
11/24/2025,ASGR,1250,1265,1235,1255,724000
11/24/2025,ASHA,65,67,65,66,6088000
11/24/2025,ASII,6500,6525,6425,6475,71721700
11/24/2025,ASIIBQCZ5A,0,0,0,0,0
11/24/2025,ASIIDRCH6A,42,42,42,42,10000
11/24/2025,ASIIDRCX6A,0,0,0,0,0
11/24/2025,ASIIHDCZ5A,200,200,200,200,100
11/24/2025,ASIIZPCJ6A,151,151,151,151,70500
11/24/2025,ASIIZPCM6A,42,42,41,41,205100
11/24/2025,ASJT,146,146,137,142,2124400
11/24/2025,ASLC,85,86,84,85,23461000
11/24/2025,ASLI,242,258,234,246,59926800
11/24/2025,ASMI,26,26,25,25,501700
11/24/2025,ASPI,830,880,800,830,1498100
11/24/2025,ASPR,99,100,98,99,2159700
11/24/2025,ASRI,163,165,162,164,16582100
11/24/2025,ASRM,334,338,326,330,113500
11/24/2025,ASSA,1095,1105,1070,1100,7840200
11/24/2025,ATAP,0,0,0,0,0
11/24/2025,ATIC,700,815,665,730,4137500
11/24/2025,ATLA,64,64,63,63,26729900
11/24/2025,AUTO,2630,2680,2610,2660,1943600
11/24/2025,AUTODRCV6A,0,0,0,0,0
11/24/2025,AUTOHDCN6A,0,0,0,0,0
11/24/2025,AUTOZPCJ6A,0,0,0,0,0
11/24/2025,AVIA,450,468,450,466,20548800
11/24/2025,AVIADRCV6A,75,79,75,79,37500
11/24/2025,AVIAHDCN6A,0,0,0,0,0
11/24/2025,AVIAZPCJ6A,23,23,23,23,109700
11/24/2025,AWAN,238,240,220,226,6393400
11/24/2025,AXIO,136,137,132,134,2195200
11/24/2025,AYAM,320,334,306,322,116445800
11/24/2025,AYLS,0,0,0,0,0
11/24/2025,BABP,55,55,54,54,28064700
11/24/2025,BABY,338,340,324,328,7897300
11/24/2025,BACA,143,143,140,141,2669900
11/24/2025,BAIK,102,103,101,102,2838300
11/24/2025,BAIK-W,8,8,6,7,19635800
11/24/2025,BAJA,174,176,172,174,3360600
11/24/2025,BALI,1260,1305,1250,1295,119900
11/24/2025,BANK,870,960,865,960,18391600
11/24/2025,BANK-W,0,0,0,0,0
11/24/2025,BAPA,91,92,87,89,8923400
11/24/2025,BAPI,21,22,21,22,2150700
11/24/2025,BATA,70,70,70,70,249200
11/24/2025,BATR,108,109,106,109,1868900
11/24/2025,BAUT,39,40,39,40,1715500
11/24/2025,BAYU,1320,1320,1310,1320,314400
11/24/2025,BBCA,8400,8475,8350,8475,279590600
11/24/2025,BBCABQCG6A,63,65,63,64,195100
11/24/2025,BBCABQCJ6A,34,35,34,35,15758000
11/24/2025,BBCABQCN6A,47,47,47,47,1500
11/24/2025,BBCABQCX5A,4,4,1,1,31415200
11/24/2025,BBCADRCF6A,23,24,22,23,4093900
11/24/2025,BBCADRCX6A,3840,3840,3840,3840,1900
11/24/2025,BBCAHDCN6A,0,0,0,0,0
11/24/2025,BBCAHDCQ7A,64,65,63,65,826500
11/24/2025,BBCAYUCK6A,186,188,182,188,50600
11/24/2025,BBCAZPCF6A,16,16,14,16,6709500
11/24/2025,BBCAZPCH6A,73,73,73,73,122800
11/24/2025,BBCAZPCN6A,59,59,59,59,400
11/24/2025,BBHI,1465,1500,1460,1480,505300
11/24/2025,BBKP,71,72,70,71,91494700
11/24/2025,BBLD,940,940,900,900,26300
11/24/2025,BBMD,1990,2000,1990,1990,4800
11/24/2025,BBNI,4400,4440,4350,4390,76652700
11/24/2025,BBNIBQCG6A,0,0,0,0,0
11/24/2025,BBNIBQCJ6A,0,0,0,0,0
11/24/2025,BBNIBQCN6A,0,0,0,0,0
11/24/2025,BBNIDRCH6A,62,62,62,62,48400
11/24/2025,BBNIDRCX6A,0,0,0,0,0
11/24/2025,BBNIDRCZ5A,38,40,38,40,19200
11/24/2025,BBNIDRPZ5A,0,0,0,0,0
11/24/2025,BBNIHDCQ7A,84,85,83,84,187000
11/24/2025,BBNIYUCN6A,0,0,0,0,0
11/24/2025,BBNIZPCH6A,0,0,0,0,0
11/24/2025,BBNIZPCX5A,0,0,0,0,0
11/24/2025,BBRI,4000,4000,3940,3980,262302000
11/24/2025,BBRIBQCG6A,39,39,39,39,10000
11/24/2025,BBRIBQCJ6A,0,0,0,0,0
11/24/2025,BBRIBQCN6A,0,0,0,0,0
11/24/2025,BBRIBQCZ5A,14,14,12,13,3600
11/24/2025,BBRIDRCG6A,67,71,67,71,14700
11/24/2025,BBRIDRCN6A,95,95,95,95,3900
11/24/2025,BBRIDRCX6A,0,0,0,0,0
11/24/2025,BBRIDRPZ5A,22,22,22,22,50000
11/24/2025,BBRIHDCH6A,96,97,96,97,400
11/24/2025,BBRIHDCQ7A,84,84,81,82,74000
11/24/2025,BBRIYUCN6A,114,114,114,114,8400
11/24/2025,BBRIZPCH6A,71,74,71,74,29700
11/24/2025,BBRIZPCN6A,0,0,0,0,0
11/24/2025,BBRIZPCX5A,0,0,0,0,0
11/24/2025,BBRM,88,89,86,88,5563200
11/24/2025,BBSI,3990,4000,3940,4000,4400
11/24/2025,BBSS,384,456,382,416,4316700
11/24/2025,BBTN,1190,1210,1190,1210,17144300
11/24/2025,BBTNDRCV6A,0,0,0,0,0
11/24/2025,BBTNHDCN6A,46,46,46,46,3000
11/24/2025,BBTNHDCZ5A,0,0,0,0,0
11/24/2025,BBTNYUCZ5A,42,42,42,42,100000
11/24/2025,BBTNZPCG6A,0,0,0,0,0
11/24/2025,BBYB,382,392,378,384,73270200
11/24/2025,BCAP,55,56,54,55,8895400
11/24/2025,BCIC,153,153,151,152,421700
11/24/2025,BCIP,107,108,105,107,50135300
11/24/2025,BDKR,169,171,167,168,17470500
11/24/2025,BDMN,2540,2540,2510,2510,1200400
11/24/2025,BEBS,0,0,0,0,0
11/24/2025,BEEF,630,685,620,680,50660100
11/24/2025,BEER,202,212,191,199,4041200
11/24/2025,BEKS,28,28,27,27,22910700
11/24/2025,BELI,440,458,440,442,2531600
11/24/2025,BELL,72,73,71,72,15187200
11/24/2025,BESS,1780,1900,1780,1875,326200
11/24/2025,BEST,104,105,103,104,5273900
11/24/2025,BFIN,760,765,750,760,38882200
11/24/2025,BFINDRCK6A,20,20,19,19,248900
11/24/2025,BFINHDCM6A,0,0,0,0,0
11/24/2025,BFINZPCM6A,17,18,17,17,655400
11/24/2025,BGTG,118,136,118,123,337773800
11/24/2025,BHAT,1130,1145,1090,1140,5882900
11/24/2025,BHIT,32,32,32,32,12531700
11/24/2025,BIKA,0,0,0,0,0
11/24/2025,BIKE,855,905,855,885,8321600
11/24/2025,BIMA,0,0,0,0,0
11/24/2025,BINA,4490,4490,4490,4490,5000
11/24/2025,BINO,149,149,140,141,3885300
11/24/2025,BIPI,92,95,88,92,750763200
11/24/2025,BIPP,46,46,45,45,131900
11/24/2025,BIRD,1755,1790,1755,1785,1460500
11/24/2025,BISI,910,915,900,900,405000
11/24/2025,BJBR,800,805,795,795,2340100
11/24/2025,BJTM,545,560,540,550,14077000
11/24/2025,BKDP,39,39,37,37,149100
11/24/2025,BKSL,127,128,124,126,224525900
11/24/2025,BKSW,63,64,62,62,4437500
11/24/2025,BLES,159,162,158,159,3747700
11/24/2025,BLOG,466,470,460,464,3278400
11/24/2025,BLTA,32,32,32,32,2452400
11/24/2025,BLTZ,0,0,0,0,0
11/24/2025,BLUE,2980,3150,2960,3090,786100
11/24/2025,BMAS,695,695,670,675,6400
11/24/2025,BMBL,60,64,54,64,45905200
11/24/2025,BMHS,170,226,168,226,354201600
11/24/2025,BMRI,4910,5100,4870,5100,303252000
11/24/2025,BMRIBQCG6A,56,56,56,56,1500
11/24/2025,BMRIBQCJ6A,71,71,71,71,3100
11/24/2025,BMRIBQCZ5A,6,7,4,6,4002200
11/24/2025,BMRIDRCG6A,107,120,105,120,86700
11/24/2025,BMRIDRCX6A,2420,2420,2420,2420,200
11/24/2025,BMRIHDCQ7A,152,158,150,158,7900
11/24/2025,BMRIYUCK6A,120,120,120,120,500
11/24/2025,BMRIZPCH6A,54,59,54,59,6500
11/24/2025,BMRIZPCX5A,20,20,7,14,1187300
11/24/2025,BMSR,286,302,286,296,83700
11/24/2025,BMTR,142,142,140,141,16022600
11/24/2025,BNBA,620,630,615,620,167600
11/24/2025,BNBR,44,45,44,45,35358700
11/24/2025,BNGA,1790,1795,1775,1780,3184700
11/24/2025,BNGADRCK6A,0,0,0,0,0
11/24/2025,BNGAHDCN6A,70,70,69,69,10100
11/24/2025,BNGAZPCH6A,0,0,0,0,0
11/24/2025,BNII,206,208,204,206,616600
11/24/2025,BNLI,5000,5000,4950,4980,125100
11/24/2025,BOAT,134,137,131,133,8046300
11/24/2025,BOBA,196,198,193,196,264900
11/24/2025,BOGA,950,1050,945,1050,1974300
11/24/2025,BOLA,164,166,162,164,337300
11/24/2025,BOLT,1080,1080,1040,1060,32500
11/24/2025,BOSS,0,0,0,0,0
11/24/2025,BPFI,322,322,312,322,38200
11/24/2025,BPII,520,525,515,515,130000
11/24/2025,BPTR,93,93,91,91,242200
11/24/2025,BRAM,4860,5000,4850,5000,3400
11/24/2025,BREN,10025,10125,9775,10125,694632000
11/24/2025,BRIS,2420,2430,2380,2400,14519100
11/24/2025,BRISBQCZ5A,7,7,6,6,163600
11/24/2025,BRISDRCJ6A,25,25,24,24,9300
11/24/2025,BRISHDCH6A,0,0,0,0,0
11/24/2025,BRISHDCZ5A,0,0,0,0,0
11/24/2025,BRISYUCN6A,77,77,77,77,100
11/24/2025,BRISZPCG6A,0,0,0,0,0
11/24/2025,BRMS,1015,1040,1000,1025,4715327500
11/24/2025,BRMSBQCZ5A,292,292,284,288,6800
11/24/2025,BRMSDRCG6A,46,48,43,45,12737600
11/24/2025,BRMSDRCJ6A,190,192,185,188,335300
11/24/2025,BRMSDRPG6A,23,23,20,20,1727900
11/24/2025,BRMSHDCH6A,306,306,300,304,34800
11/24/2025,BRMSHDCZ5A,0,0,0,0,0
11/24/2025,BRMSYUCN6A,90,93,90,93,21900
11/24/2025,BRMSZPCG6A,300,300,300,300,1700
11/24/2025,BRMSZPCN6A,49,50,47,50,2482000
11/24/2025,BRNA,735,750,715,720,23000
11/24/2025,BRPT,3510,3540,3460,3500,140999100
11/24/2025,BRPTBQCF6A,44,44,42,44,23431400
11/24/2025,BRPTBQCH6A,63,63,63,63,300
11/24/2025,BRPTBQCK6A,74,74,74,74,67500
11/24/2025,BRPTBQCX5B,212,220,212,212,4100
11/24/2025,BRPTBQCZ5A,0,0,0,0,0
11/24/2025,BRPTDRCF6A,360,360,360,360,5800
11/24/2025,BRPTDRCH6A,70,74,68,72,69105800
11/24/2025,BRPTDRCJ6A,202,204,198,204,600200
11/24/2025,BRPTDRPG6A,51,51,48,48,1482800
11/24/2025,BRPTHDCH6A,0,0,0,0,0
11/24/2025,BRPTHDCH6B,0,0,0,0,0
11/24/2025,BRPTHDPG6A,53,53,53,53,22800
11/24/2025,BRPTYUCZ5A,0,0,0,0,0
11/24/2025,BRPTZPCF6A,0,0,0,0,0
11/24/2025,BRPTZPCK6A,76,76,75,75,746800
11/24/2025,BRPTZPCN6A,82,82,81,81,77200
11/24/2025,BRPTZPCX5A,0,0,0,0,0
11/24/2025,BRRC,149,154,143,149,46455300
11/24/2025,BRRC-W,19,19,17,17,19181700
11/24/2025,BSBK,70,70,68,69,28885100
11/24/2025,BSDE,950,955,935,940,21599800
11/24/2025,BSDEBQCK6A,28,28,28,28,4000
11/24/2025,BSDEDRCG6A,0,0,0,0,0
11/24/2025,BSDEDRCJ6A,0,0,0,0,0
11/24/2025,BSDEHDCM6A,0,0,0,0,0
11/24/2025,BSDEYUCN6A,0,0,0,0,0
11/24/2025,BSDEZPCH6A,0,0,0,0,0
11/24/2025,BSDEZPCN6A,0,0,0,0,0
11/24/2025,BSIM,860,875,855,870,24200
11/24/2025,BSML,224,226,220,224,16552300
11/24/2025,BSSR,3940,3950,3920,3940,343400
11/24/2025,BSWD,0,0,0,0,0
11/24/2025,BTEK,15,15,15,15,125668200
11/24/2025,BTEL,0,0,0,0,0
11/24/2025,BTON,386,388,374,388,30400
11/24/2025,BTPN,2150,2150,2110,2140,20500
11/24/2025,BTPS,1360,1375,1355,1375,5766100
11/24/2025,BTPSDRCK6A,0,0,0,0,0
11/24/2025,BTPSHDCJ6A,48,48,48,48,200000
11/24/2025,BTPSYUCN6A,41,41,41,41,25000
11/24/2025,BTPSZPCH6A,0,0,0,0,0
11/24/2025,BUAH,700,700,685,695,266800
11/24/2025,BUDI,224,232,220,224,662200
11/24/2025,BUKA,168,170,166,170,193936900
11/24/2025,BUKABQCZ5B,8,9,8,8,2005200
11/24/2025,BUKADRCK6A,14,14,14,14,294200
11/24/2025,BUKAHDCN6A,0,0,0,0,0
11/24/2025,BUKAHDCZ5A,0,0,0,0,0
11/24/2025,BUKAYUCN6A,0,0,0,0,0
11/24/2025,BUKAZPCM6A,34,35,34,35,47500
11/24/2025,BUKK,2400,2400,2000,2400,3906900
11/24/2025,BULL,296,310,276,306,766779400
11/24/2025,BUMI,224,224,218,218,2403308000
11/24/2025,BUVA,1050,1155,1000,1145,383821300
11/24/2025,BVIC,104,108,103,106,8636200
11/24/2025,BVIC-W,22,22,20,22,12100
11/24/2025,BWPT,151,167,150,164,1132828000
11/24/2025,BYAN,17750,17750,17250,17525,70300
11/24/2025,CAKK,176,176,174,174,270300
11/24/2025,CAMP,216,220,214,218,1915800
11/24/2025,CANI,48,48,46,46,35500
11/24/2025,CARE,352,372,346,360,26713700
11/24/2025,CARS,125,127,122,123,16826600
11/24/2025,CASA,1080,1095,1075,1080,4227500
11/24/2025,CASH,114,114,108,112,1261700
11/24/2025,CASS,2850,2890,2840,2880,34900
11/24/2025,CBDK,6525,6825,6525,6750,24687100
11/24/2025,CBMF,0,0,0,0,0
11/24/2025,CBPE,324,328,320,320,717500
11/24/2025,CBRE,1085,1130,1075,1090,25608600
11/24/2025,CBUT,1480,1520,1420,1500,178400
11/24/2025,CCSI,344,346,340,346,385900
11/24/2025,CDIA,1810,1875,1795,1850,178237100
11/24/2025,CEKA,2500,2530,2380,2520,45200
11/24/2025,CENT,137,152,135,150,144062400
11/24/2025,CFIN,324,328,324,326,433600
11/24/2025,CGAS,167,171,162,167,9270400
11/24/2025,CHEK,184,186,179,184,10731900
11/24/2025,CHEM,110,111,108,109,6048200
11/24/2025,CHIP,1395,1395,1355,1395,164800
11/24/2025,CINT,226,228,204,216,4816300
11/24/2025,CITA,4220,4240,4160,4180,174700
11/24/2025,CITY,187,192,180,183,2973600
11/24/2025,CLAY,2760,2760,2650,2680,520200
11/24/2025,CLEO,520,520,510,520,4260200
11/24/2025,CLPI,1560,1595,1530,1555,23500
11/24/2025,CMNP,1360,1360,1330,1350,290000
11/24/2025,CMNT,775,780,765,780,19248800
11/24/2025,CMPP,94,94,91,91,639200
11/24/2025,CMRY,5900,6025,5850,6000,2316800
11/24/2025,CMRYDRCK6A,0,0,0,0,0
11/24/2025,CMRYHDCN6A,0,0,0,0,0
11/24/2025,CMRYZPCJ6A,59,59,59,59,900
11/24/2025,CNKO,48,48,46,46,81682100
11/24/2025,CNMA,113,116,113,114,25629400
11/24/2025,CNTB,0,0,0,0,0
11/24/2025,CNTX,0,0,0,0,0
11/24/2025,COAL,64,64,62,63,23166700
11/24/2025,COCO,406,418,402,404,60043500
11/24/2025,COIN,3330,3400,3270,3320,37740400
11/24/2025,COWL,0,0,0,0,0
11/24/2025,CPIN,4750,4770,4700,4730,22313900
11/24/2025,CPINDRCG6A,0,0,0,0,0
11/24/2025,CPINHDCN6A,0,0,0,0,0
11/24/2025,CPINZPCJ6A,35,35,35,35,20000
11/24/2025,CPINZPCN6A,0,0,0,0,0
11/24/2025,CPRI,0,0,0,0,0
11/24/2025,CPRO,65,65,64,64,92892800
11/24/2025,CRAB,284,286,282,286,2001600
11/24/2025,CRSN,152,170,149,168,11805000
11/24/2025,CSAP,334,334,326,332,147700
11/24/2025,CSIS,472,545,442,498,127150200
11/24/2025,CSMI,304,308,282,286,57614500
11/24/2025,CSRA,935,935,905,905,2927000
11/24/2025,CTBN,5300,5300,5300,5300,700
11/24/2025,CTRA,860,865,850,865,19460100
11/24/2025,CTRADRCJ6A,10,10,10,10,10000
11/24/2025,CTRAHDCK6A,0,0,0,0,0
11/24/2025,CTRAYUCZ5A,0,0,0,0,0
11/24/2025,CTRAZPCG6A,0,0,0,0,0
11/24/2025,CTTH,100,100,96,96,4421600
11/24/2025,CUAN,2310,2430,2300,2380,296130000
11/24/2025,CYBR,1465,1465,1370,1405,14052400
11/24/2025,CYBR-W,1060,1060,970,1040,15900
11/24/2025,DAAZ,2250,2700,2240,2500,3819900
11/24/2025,DADA,50,50,50,50,1542800
11/24/2025,DART,187,187,183,183,181000
11/24/2025,DATA,4700,4700,4500,4500,12904100
11/24/2025,DAYA,1495,1530,1470,1530,34000
11/24/2025,DCII,260500,260500,260000,260000,700
11/24/2025,DEAL,0,0,0,0,0
11/24/2025,DEFI,0,0,0,0,0
11/24/2025,DEPO,258,264,250,256,273200
11/24/2025,DEWA,418,424,412,416,453497700
11/24/2025,DEWI,140,141,133,137,53194000
11/24/2025,DFAM,85,86,84,86,2611700
11/24/2025,DGIK,116,117,112,113,2670800
11/24/2025,DGNS,146,195,145,195,96074300
11/24/2025,DGWG,398,398,390,392,10175600
11/24/2025,DIGI,34,34,34,34,263900
11/24/2025,DILD,138,139,136,138,7952400
11/24/2025,DIVA,190,193,184,186,1421900
11/24/2025,DKFT,705,735,705,720,15417500
11/24/2025,DKHH,88,89,86,88,5354200
11/24/2025,DKHH-W,16,17,16,17,1173600
11/24/2025,DLTA,2100,2100,2050,2090,37700
11/24/2025,DMAS,132,133,131,131,25614300
11/24/2025,DMMX,386,394,384,392,2883300
11/24/2025,DMND,625,625,620,620,219500
11/24/2025,DNAR,125,168,124,137,112516400
11/24/2025,DNET,8950,8950,8900,8950,3300
11/24/2025,DOID,330,334,324,326,3436400
11/24/2025,DOOH,164,218,161,218,1183034900
11/24/2025,DOSS,162,175,162,170,11204100
11/24/2025,DPNS,0,0,0,0,0
11/24/2025,DPUM,76,76,74,75,5697300
11/24/2025,DRMA,1040,1060,1035,1055,2540400
11/24/2025,DSFI,91,94,88,91,22084300
11/24/2025,DSNG,1715,1735,1670,1670,85597200
11/24/2025,DSNGDRCK6A,0,0,0,0,0
11/24/2025,DSNGHDCK6A,91,91,90,90,7600
11/24/2025,DSNGZPCM6A,46,46,46,46,1100
11/24/2025,DSSA,100550,105700,98800,105700,9373400
11/24/2025,DUCK,0,0,0,0,0
11/24/2025,DUTI,4300,4350,4200,4300,1200
11/24/2025,DVLA,1655,1670,1655,1660,26600
11/24/2025,DWGL,366,376,364,368,10528600
11/24/2025,DYAN,88,88,87,88,1306800
11/24/2025,EAST,94,94,93,94,754200
11/24/2025,ECII,188,194,185,187,579400
11/24/2025,EDGE,4390,5300,4390,4810,374900
11/24/2025,EKAD,189,192,188,189,122100
11/24/2025,ELIT,181,197,180,189,93218300
11/24/2025,ELPI,700,705,675,695,1099900
11/24/2025,ELSA,520,525,515,515,22331700
11/24/2025,ELSADRCG6A,0,0,0,0,0
11/24/2025,ELSADRCJ6A,33,33,33,33,29400
11/24/2025,ELSAHDCK6A,37,37,37,37,6000
11/24/2025,ELSAZPCG6A,30,30,29,30,118900
11/24/2025,ELSAZPCN6A,23,23,23,23,300
11/24/2025,ELTY,20,20,20,20,18209900
11/24/2025,EMAS,3700,3750,3670,3670,12071600
11/24/2025,EMDE,96,99,95,98,2354700
11/24/2025,EMTK,1275,1295,1240,1295,178782900
11/24/2025,EMTKBQCH6A,25,27,25,26,1703200
11/24/2025,EMTKBQCZ5A,0,0,0,0,0
11/24/2025,EMTKDRCH6A,63,63,63,63,3200
11/24/2025,EMTKDRCK6A,53,53,53,53,27300
11/24/2025,EMTKHDCK6A,71,72,68,70,82400
11/24/2025,EMTKHDCZ5A,258,258,256,256,7000
11/24/2025,EMTKYUCN6A,52,59,52,59,62800
11/24/2025,EMTKZPCH6A,157,157,157,157,3000
11/24/2025,EMTKZPCM6A,0,0,0,0,0
11/24/2025,ENAK,670,690,660,690,1486200
11/24/2025,ENRG,945,1015,935,1015,567420600
11/24/2025,ENRGBQCZ5A,0,0,0,0,0
11/24/2025,ENRGDRCG6A,26,31,26,27,1367000
11/24/2025,ENRGDRCJ6A,177,178,177,178,1000000
11/24/2025,ENRGHDCK6A,95,95,92,92,3000
11/24/2025,ENRGHDCZ5A,0,0,0,0,0
11/24/2025,ENRGYUCN6A,67,70,67,68,43100
11/24/2025,ENRGZPCG6A,0,0,0,0,0
11/24/2025,ENRGZPCK6A,50,52,50,50,830600
11/24/2025,ENVY,0,0,0,0,0
11/24/2025,ENZO,39,39,38,38,21900
11/24/2025,EPAC,28,30,27,27,2393000
11/24/2025,EPMT,2340,2340,2330,2340,3700
11/24/2025,ERAA,406,412,406,408,37096300
11/24/2025,ERAABQCZ5A,2,2,2,2,600
11/24/2025,ERAADRCJ6A,7,8,7,7,2266000
11/24/2025,ERAAHDCN6A,37,38,37,38,5100
11/24/2025,ERAAHDCZ5A,0,0,0,0,0
11/24/2025,ERAAZPCH6A,13,13,12,12,279600
11/24/2025,ERAL,292,296,288,290,6823900
11/24/2025,ERTX,173,179,171,173,537700
11/24/2025,ESIP,117,117,116,116,3861600
11/24/2025,ESSA,635,635,625,635,15116300
11/24/2025,ESSABQCZ5A,17,18,17,18,714000
11/24/2025,ESSADRCN6A,30,30,30,30,22300
11/24/2025,ESSAHDCH6A,0,0,0,0,0
11/24/2025,ESSAYUCZ5A,0,0,0,0,0
11/24/2025,ESSAZPCK6A,15,15,15,15,4599900
11/24/2025,ESTA,270,270,250,256,7610000
11/24/2025,ESTI,160,169,160,169,3621600
11/24/2025,ETWA,0,0,0,0,0
11/24/2025,EURO,314,342,304,322,947900
11/24/2025,EXCL,2740,2790,2730,2760,14435200
11/24/2025,EXCLHDCJ6A,28,28,28,28,3580000
11/24/2025,EXCLZPCF6A,0,0,0,0,0
11/24/2025,EXCLZPCM6A,32,32,32,32,30000
11/24/2025,EXCLZPCN6A,0,0,0,0,0
11/24/2025,FAPA,6150,6175,6125,6125,8100
11/24/2025,FAST,580,585,555,565,11508600
11/24/2025,FASW,0,0,0,0,0
11/24/2025,FILM,6600,7325,6450,7325,50103000
11/24/2025,FIMP,0,0,0,0,0
11/24/2025,FIRE,93,97,92,94,32098800
11/24/2025,FISH,1460,1470,1440,1440,64500
11/24/2025,FITT,770,770,740,740,485900
11/24/2025,FLMC,214,238,214,226,2739100
11/24/2025,FMII,352,354,336,340,1750400
11/24/2025,FOLK,332,332,320,326,2393700
11/24/2025,FOOD,306,326,306,326,242700
11/24/2025,FORE,510,515,505,510,3159500
11/24/2025,FORU,1080,1165,1040,1080,176600
11/24/2025,FPNI,770,770,770,770,5073300
11/24/2025,FUJI,850,960,850,915,20827500
11/24/2025,FUTR,645,685,625,640,96078900
11/24/2025,FWCT,145,146,141,146,5429300
11/24/2025,GAMA,0,0,0,0,0
11/24/2025,GDST,118,119,116,117,873600
11/24/2025,GDYR,1100,1115,1100,1115,3200
11/24/2025,GEMA,96,96,93,94,7431200
11/24/2025,GEMS,8975,9000,8900,8975,35700
11/24/2025,GGRM,15500,15800,15175,15175,1722600
11/24/2025,GGRMZPCG6A,161,180,161,174,1502500
11/24/2025,GGRP,286,300,250,250,42861600
11/24/2025,GHON,1715,1715,1700,1710,5300
11/24/2025,GIAA,105,105,103,103,83417100
11/24/2025,GJTL,1045,1055,1040,1045,2268700
11/24/2025,GJTLZPCJ6A,20,22,20,22,462800
11/24/2025,GLOB,0,0,0,0,0
11/24/2025,GLVA,438,440,426,426,251800
11/24/2025,GMFI,81,81,81,81,16765900
11/24/2025,GMTD,2360,2750,2360,2530,19800
11/24/2025,GOLD,308,320,306,310,35000
11/24/2025,GOLF,202,202,199,202,1038300
11/24/2025,GOLL,0,0,0,0,0
11/24/2025,GOOD,372,384,366,378,713300
11/24/2025,GOTO,65,68,64,65,12188506300
11/24/2025,GOTOBQCJ6A,8,10,8,8,84774800
11/24/2025,GOTOBQCQ6A,10,12,10,10,598600
11/24/2025,GOTOBQCZ5A,3,3,1,2,26014100
11/24/2025,GOTODRCG6A,7,10,7,8,4633200
11/24/2025,GOTOHDCK6A,20,21,19,19,220300
11/24/2025,GOTOM,0,0,0,0,0
11/24/2025,GOTOZPCH6A,0,0,0,0,0
11/24/2025,GOTOZPCK6A,15,15,15,15,7000
11/24/2025,GPRA,134,136,133,134,13202800
11/24/2025,GPSO,760,815,705,710,17455900
11/24/2025,GRIA,98,100,86,98,2668800
11/24/2025,GRPH,64,65,62,63,10559800
11/24/2025,GRPM,60,61,59,59,1195600
11/24/2025,GRPM-W,15,16,15,15,1052700
11/24/2025,GSMF,114,117,111,111,22588300
11/24/2025,GTBO,208,210,202,208,459300
11/24/2025,GTRA,340,346,334,340,2143500
11/24/2025,GTSI,132,136,126,135,275220800
11/24/2025,GULA,344,354,340,352,1109100
11/24/2025,GUNA,280,286,280,280,1115000
11/24/2025,GWSA,154,156,152,155,749300
11/24/2025,GZCO,316,324,306,314,194959300
11/24/2025,HADE,24,24,22,24,2458000
11/24/2025,HAIS,216,230,216,222,8128600
11/24/2025,HAJJ,117,118,115,117,11357000
11/24/2025,HAJJ-W,15,15,14,14,499800
11/24/2025,HALO,110,115,105,108,1068235200
11/24/2025,HALO-W,15,15,14,15,9235800
11/24/2025,HATM,380,386,376,386,23863900
11/24/2025,HBAT,250,254,240,246,574500
11/24/2025,HDFA,169,169,166,168,136000
11/24/2025,HDIT,63,63,60,60,11278400
11/24/2025,HEAL,1445,1445,1410,1410,22593600
11/24/2025,HEALBQCZ5A,4,4,3,3,451900
11/24/2025,HEALDRCJ6A,0,0,0,0,0
11/24/2025,HEALHDCH6A,0,0,0,0,0
11/24/2025,HEALYUCZ5A,11,11,11,11,60000
11/24/2025,HEALZPCH6A,0,0,0,0,0
11/24/2025,HEALZPCN6A,0,0,0,0,0
11/24/2025,HELI,244,244,234,238,834400
11/24/2025,HERO,500,500,488,490,367100
11/24/2025,HEXA,4610,4620,4590,4600,105400
11/24/2025,HGII,163,167,162,164,19230500
11/24/2025,HILL,158,161,153,156,4513600
11/24/2025,HITS,0,0,0,0,0
11/24/2025,HKMU,0,0,0,0,0
11/24/2025,HMSP,835,850,825,840,54035500
11/24/2025,HOKI,75,75,74,75,29330700
11/24/2025,HOME,0,0,0,0,0
11/24/2025,HOMI,494,515,474,488,2205700
11/24/2025,HOPE,136,140,131,133,16847500
11/24/2025,HOTL,0,0,0,0,0
11/24/2025,HRME,40,40,38,40,214300
11/24/2025,HRTA,1370,1440,1365,1385,37594700
11/24/2025,HRUM,975,995,975,985,7881400
11/24/2025,HRUMDRCN6A,0,0,0,0,0
11/24/2025,HRUMHDCK6A,28,31,28,31,36900
11/24/2025,HRUMZPCG6A,39,39,38,38,22500
11/24/2025,HRUMZPCM6A,25,25,21,25,43300
11/24/2025,HUMI,128,133,126,132,65575400
11/24/2025,HUMI-W,20,21,19,21,9698500
11/24/2025,HYGN,160,170,159,161,3121000
11/24/2025,IATA,82,94,82,92,79900500
11/24/2025,IBFN,80,80,80,80,160300
11/24/2025,IBOS,64,66,61,66,58812100
11/24/2025,IBST,5275,5275,5200,5200,400
11/24/2025,ICBP,8350,8450,8200,8350,176275900
11/24/2025,ICBPDRCX6A,2900,2910,2850,2910,11100
11/24/2025,ICBPDRCX6B,50,52,50,52,622500
11/24/2025,ICBPHDCJ6A,16,16,14,15,1746400
11/24/2025,ICBPZPCX5A,1,2,1,1,5286000
11/24/2025,ICON,50,55,50,55,6054800
11/24/2025,IDEA,73,80,72,74,35928500
11/24/2025,IDPR,310,310,300,306,787400
11/24/2025,IFII,228,230,224,224,259200
11/24/2025,IFSH,785,810,785,800,17600
11/24/2025,IGAR,505,560,505,555,1773900
11/24/2025,IIKP,0,0,0,0,0
11/24/2025,IKAI,14,15,13,13,101400700
11/24/2025,IKAN,112,114,111,113,4364100
11/24/2025,IKBI,580,580,530,565,522500
11/24/2025,IKPM,240,240,232,240,1236900
11/24/2025,IMAS,1175,1180,1150,1160,352400
11/24/2025,IMJS,258,260,244,248,34975800
11/24/2025,IMPC,2720,2930,2640,2890,107503700
11/24/2025,INAF,0,0,0,0,0
11/24/2025,INAI,153,156,151,156,149800
11/24/2025,INCF,50,51,50,51,5234000
11/24/2025,INCI,640,655,635,645,36600
11/24/2025,INCO,3940,3940,3860,3860,10623200
11/24/2025,INCOBQCF6A,0,0,0,0,0
11/24/2025,INCOBQCJ6A,0,0,0,0,0
11/24/2025,INCOBQCN6A,73,73,72,72,40000
11/24/2025,INCODRCG6A,39,41,39,39,302300
11/24/2025,INCODRCK6A,61,62,61,61,1942900
11/24/2025,INCOHDCJ6A,74,74,73,73,1700
11/24/2025,INCOYUCZ5A,0,0,0,0,0
11/24/2025,INCOZPCK6A,0,0,0,0,0
11/24/2025,INCOZPCN6A,0,0,0,0,0
11/24/2025,INCOZPCX5A,149,152,145,145,281600
11/24/2025,INDF,7150,7450,7100,7450,18591600
11/24/2025,INDFDRCX6A,3530,3530,3510,3510,1100
11/24/2025,INDFDRCX6B,53,53,53,53,100
11/24/2025,INDFHDCJ6A,14,14,13,13,74100
11/24/2025,INDO,302,320,290,310,74237100
11/24/2025,INDR,2850,2850,2780,2780,33200
11/24/2025,INDS,224,226,222,224,279200
11/24/2025,INDX,166,168,164,167,2043600
11/24/2025,INDY,1815,1825,1775,1780,9869600
11/24/2025,INDYDRCN6A,58,58,58,58,26000
11/24/2025,INDYHDCJ6A,0,0,0,0,0
11/24/2025,INDYHDCN6A,38,38,38,38,800
11/24/2025,INDYYUCN6A,0,0,0,0,0
11/24/2025,INDYZPCG6A,0,0,0,0,0
11/24/2025,INDYZPCN6A,26,26,24,24,600
11/24/2025,INET,545,675,540,675,1310078900
11/24/2025,INET-W,442,610,440,585,18465600
11/24/2025,INKP,7650,7650,7500,7625,4192500
11/24/2025,INKPBQCX5A,7,8,6,6,1789000
11/24/2025,INKPDRCF6A,151,151,151,151,44100
11/24/2025,INKPDRCG6A,52,52,48,49,21692200
11/24/2025,INKPHDCK6A,104,104,104,104,100
11/24/2025,INKPYUCN6A,83,83,83,83,1700
11/24/2025,INKPZPCF6A,67,67,67,67,300
11/24/2025,INKPZPCK6A,29,29,27,29,97535600
11/24/2025,INOV,139,142,136,138,2442000
11/24/2025,INPC,151,155,151,154,5920200
11/24/2025,INPP,675,675,675,675,2500
11/24/2025,INPS,182,185,173,185,920000
11/24/2025,INRU,755,800,710,725,828900
11/24/2025,INTA,52,52,52,52,4185800
11/24/2025,INTD,220,222,218,218,46400
11/24/2025,INTP,6800,6900,6650,6700,2060700
11/24/2025,INTPDRCN6A,0,0,0,0,0
11/24/2025,INTPHDCM6A,59,59,59,59,2500
11/24/2025,INTPZPCG6A,0,0,0,0,0
11/24/2025,INTPZPCM6A,0,0,0,0,0
11/24/2025,IOTF,93,94,90,91,32944100
11/24/2025,IPAC,210,210,198,206,403500
11/24/2025,IPCC,1250,1270,1240,1265,1627100
11/24/2025,IPCM,332,334,328,328,2004900
11/24/2025,IPOL,124,128,120,125,674800
11/24/2025,IPPE,0,0,0,0,0
11/24/2025,IPTV,41,41,40,41,3798500
11/24/2025,IRRA,440,448,432,438,1272500
11/24/2025,IRSX,304,326,304,326,47630200
11/24/2025,ISAP,31,32,30,31,21910700
11/24/2025,ISAP-W,16,16,14,14,6547400
11/24/2025,ISAT,2120,2240,2100,2170,32438300
11/24/2025,ISATBQCF6A,28,29,28,28,1203300
11/24/2025,ISATBQCJ6A,57,57,55,56,220600
11/24/2025,ISATDRCG6A,50,59,50,59,1034200
11/24/2025,ISATHDCJ6A,19,26,19,22,11562600
11/24/2025,ISATZPCF6A,0,0,0,0,0
11/24/2025,ISEA,96,100,94,98,19764800
11/24/2025,ISSP,440,444,432,440,1073300
11/24/2025,ITIC,428,432,416,416,4008000
11/24/2025,ITMA,1470,1490,1405,1450,16409100
11/24/2025,ITMG,22375,22375,22125,22250,1224000
11/24/2025,ITMGDRCV6A,0,0,0,0,0
11/24/2025,ITMGHDCJ6A,133,133,130,131,15100
11/24/2025,ITMGZPCJ6A,55,56,54,55,128400
11/24/2025,JARR,3490,3530,3430,3450,5768800
11/24/2025,JAST,100,104,99,103,21601400
11/24/2025,JATI,157,160,145,147,61853600
11/24/2025,JAWA,167,168,163,166,2144700
11/24/2025,JAYA,108,115,108,110,1051900
11/24/2025,JECC,1150,1170,1120,1140,170900
11/24/2025,JGLE,19,19,19,19,18314500
11/24/2025,JIHD,590,595,575,580,1004200
11/24/2025,JKON,87,89,86,87,16846300
11/24/2025,JMAS,150,155,150,154,1542000
11/24/2025,JPFA,2470,2480,2370,2410,33488600
11/24/2025,JPFABQCZ5A,0,0,0,0,0
11/24/2025,JPFADRCH6A,36,36,35,35,108000
11/24/2025,JPFADRCJ6A,110,110,109,109,107100
11/24/2025,JPFAHDCN6A,0,0,0,0,0
11/24/2025,JPFAHDCZ5A,348,348,348,348,1500
11/24/2025,JPFAYUCN6A,160,160,160,160,8200
11/24/2025,JPFAZPCG6A,182,197,179,197,2217400
11/24/2025,JPFAZPCN6A,27,27,23,25,142200
11/24/2025,JRPT,965,1025,945,1000,681500
11/24/2025,JSKY,0,0,0,0,0
11/24/2025,JSMR,3540,3570,3520,3530,3197600
11/24/2025,JSMRDRCH6A,0,0,0,0,0
11/24/2025,JSMRDRCK6A,0,0,0,0,0
11/24/2025,JSMRHDCH6A,0,0,0,0,0
11/24/2025,JSMRZPCG6A,34,34,34,34,100
11/24/2025,JSPT,3380,4220,3350,4220,873400
11/24/2025,JTPE,390,392,388,390,921000
11/24/2025,KAEF,575,580,565,565,602000
11/24/2025,KAQI,68,70,68,69,35836600
11/24/2025,KARW,460,460,446,446,301400
11/24/2025,KAYU,0,0,0,0,0
11/24/2025,KBAG,42,42,42,42,1618700
11/24/2025,KBLI,338,340,320,338,2296800
11/24/2025,KBLM,358,362,350,360,41000
11/24/2025,KBLV,218,224,212,218,28178200
11/24/2025,KBRI,0,0,0,0,0
11/24/2025,KDSI,454,464,448,462,105100
11/24/2025,KDTN,0,0,0,0,0
11/24/2025,KEEN,1150,1240,1100,1125,24290100
11/24/2025,KEJU,725,745,705,715,657500
11/24/2025,KETR,482,595,466,585,100760000
11/24/2025,KIAS,0,0,0,0,0
11/24/2025,KICI,244,256,244,248,330100
11/24/2025,KIJA,183,185,182,185,8422400
11/24/2025,KING,210,210,206,206,156400
11/24/2025,KING-W,11,11,10,11,2036100
11/24/2025,KINO,1290,1290,1270,1285,10300
11/24/2025,KIOS,78,82,78,79,36233100
11/24/2025,KJEN,284,288,276,276,15221400
11/24/2025,KKES,29,29,28,28,991000
11/24/2025,KKGI,336,336,330,332,4413500
11/24/2025,KLAS,134,138,133,136,11614900
11/24/2025,KLBF,1200,1220,1170,1170,1980522600
11/24/2025,KLBFBQCF6A,17,18,16,18,636600
11/24/2025,KLBFBQCJ6A,0,0,0,0,0
11/24/2025,KLBFDRCG6A,12,12,9,10,23294400
11/24/2025,KLBFHDCK6A,54,55,51,52,220000
11/24/2025,KLBFZPCF6A,0,0,0,0,0
11/24/2025,KLBFZPCJ6A,17,17,16,16,100100
11/24/2025,KLIN,190,190,165,174,351900
11/24/2025,KMDS,695,700,690,695,141700
11/24/2025,KMTR,280,282,274,278,223600
11/24/2025,KOBX,185,187,180,181,4467800
11/24/2025,KOCI,94,95,90,91,12731400
11/24/2025,KOCI-W,14,15,14,15,668400
11/24/2025,KOIN,71,71,71,71,23200
11/24/2025,KOKA,334,336,292,294,74681500
11/24/2025,KONI,2380,2490,2100,2280,67500
11/24/2025,KOPI,304,310,304,308,371700
11/24/2025,KOTA,38,38,38,38,7961300
11/24/2025,KPIG,137,140,133,140,144502900
11/24/2025,KRAS,384,404,384,390,102914600
11/24/2025,KREN,15,16,15,16,9515300
11/24/2025,KRYA,190,190,185,186,4657200
11/24/2025,KSIX,390,408,390,406,2720600
11/24/2025,KUAS,68,69,67,68,3301500
11/24/2025,LABA,216,216,200,204,84201900
11/24/2025,LABS,142,165,141,157,37234900
11/24/2025,LAJU,68,69,68,68,7606300
11/24/2025,LAND,33,33,33,33,1670900
11/24/2025,LAPD,250,250,232,232,12842200
11/24/2025,LCGP,0,0,0,0,0
11/24/2025,LCKM,290,346,270,284,3049000
11/24/2025,LEAD,78,80,77,78,22952100
11/24/2025,LFLO,0,0,0,0,0
11/24/2025,LIFE,9275,9275,9000,9050,12500
11/24/2025,LINK,2920,3630,2920,3300,569900
11/24/2025,LION,446,450,434,436,372900
11/24/2025,LIVE,190,200,187,195,8301600
11/24/2025,LMAS,0,0,0,0,0
11/24/2025,LMAX,80,83,79,81,1390100
11/24/2025,LMPI,155,155,152,154,459800
11/24/2025,LMSH,0,0,0,0,0
11/24/2025,LOPI,110,118,108,117,19859300
11/24/2025,LPCK,585,585,560,570,129200
11/24/2025,LPGI,825,825,810,820,69100
11/24/2025,LPIN,454,462,452,458,410400
11/24/2025,LPKR,87,89,87,88,24474700
11/24/2025,LPLI,458,468,450,456,758200
11/24/2025,LPPF,1695,1705,1685,1695,695800
11/24/2025,LPPS,134,143,132,139,41783000
11/24/2025,LRNA,178,181,178,181,51400
11/24/2025,LSIP,1370,1395,1370,1380,7046500
11/24/2025,LSIPDRCK6A,0,0,0,0,0
11/24/2025,LSIPHDCJ6A,0,0,0,0,0
11/24/2025,LSIPYUCZ5A,0,0,0,0,0
11/24/2025,LSIPZPCG6A,0,0,0,0,0
11/24/2025,LTLS,840,850,840,840,29400
11/24/2025,LUCK,117,124,117,119,9190600
11/24/2025,LUCY,122,122,122,122,1322600
11/24/2025,MABA,0,0,0,0,0
11/24/2025,MAGP,0,0,0,0,0
11/24/2025,MAHA,142,143,142,143,1865300
11/24/2025,MAIN,820,825,805,805,2764500
11/24/2025,MANG,65,67,61,64,10848000
11/24/2025,MANG-W,24,25,22,22,10291500
11/24/2025,MAPA,745,745,720,735,19016600
11/24/2025,MAPABQCZ5A,16,16,15,16,528600
11/24/2025,MAPADRCJ6A,23,23,22,22,22700
11/24/2025,MAPAHDCZ5A,0,0,0,0,0
11/24/2025,MAPAZPCH6A,0,0,0,0,0
11/24/2025,MAPB,1670,1670,1670,1670,500
11/24/2025,MAPI,1300,1325,1290,1300,16285700
11/24/2025,MAPIBQCK6A,32,32,32,32,3300
11/24/2025,MAPIDRCH6A,0,0,0,0,0
11/24/2025,MAPIHDCK6A,79,81,79,81,7500
11/24/2025,MAPIZPCJ6A,52,52,52,52,3000
11/24/2025,MARI,31,31,31,31,1940800
11/24/2025,MARK,750,780,745,770,23756400
11/24/2025,MASB,3060,3150,3060,3150,5800
11/24/2025,MAXI,53,54,52,53,6389600
11/24/2025,MAYA,250,252,236,248,4425400
11/24/2025,MBAP,1610,1625,1605,1610,85900
11/24/2025,MBMA,565,575,550,550,148148700
11/24/2025,MBMABQCX5A,6,7,3,3,5972000
11/24/2025,MBMADRCG6A,10,12,10,11,14252200
11/24/2025,MBMAHDCH6A,0,0,0,0,0
11/24/2025,MBMAHDCN6A,0,0,0,0,0
11/24/2025,MBMAYUCK6A,0,0,0,0,0
11/24/2025,MBMAZPCK6A,30,30,29,29,1289300
11/24/2025,MBMAZPCN6A,0,0,0,0,0
11/24/2025,MBMAZPCX5A,111,116,106,106,16300
11/24/2025,MBSS,1380,1395,1360,1380,565700
11/24/2025,MBTO,177,188,173,181,6410100
11/24/2025,MCAS,780,800,775,800,213200
11/24/2025,MCOL,3840,3840,3800,3820,32000
11/24/2025,MCOR,73,73,71,72,6753900
11/24/2025,MDIA,31,32,31,31,681300
11/24/2025,MDIY,1060,1070,1060,1065,388200
11/24/2025,MDKA,2280,2330,2220,2300,70511600
11/24/2025,MDKABQCX5B,2,2,1,1,31198600
11/24/2025,MDKADRCG6A,41,47,40,47,72800
11/24/2025,MDKADRCK6A,50,55,50,55,170000
11/24/2025,MDKAHDCN6A,59,61,56,61,425300
11/24/2025,MDKAHDCZ5A,55,65,55,64,31900
11/24/2025,MDKAHDPH6A,0,0,0,0,0
11/24/2025,MDKAHDPJ6A,52,52,52,52,100
11/24/2025,MDKAYUCK6A,0,0,0,0,0
11/24/2025,MDKAZPCF6A,0,0,0,0,0
11/24/2025,MDKI,199,204,197,197,2369200
11/24/2025,MDLA,258,264,250,260,34031700
11/24/2025,MDLN,60,61,59,60,7544400
11/24/2025,MDRN,38,38,38,38,5545700
11/24/2025,MEDC,1280,1340,1270,1320,71853200
11/24/2025,MEDCBQCX5B,1,2,1,1,83546200
11/24/2025,MEDCBQCZ5A,8,11,8,10,2503500
11/24/2025,MEDCDRCG6A,28,28,28,28,12300
11/24/2025,MEDCDRCH6A,63,72,63,72,1100
11/24/2025,MEDCDRPG6A,0,0,0,0,0
11/24/2025,MEDCHDCH6A,86,89,86,89,2000000
11/24/2025,MEDCZPCF6A,27,29,27,29,104500
11/24/2025,MEDS,63,66,62,65,28385900
11/24/2025,MEGA,3220,3280,3220,3280,7400
11/24/2025,MEJA,126,138,114,114,108268600
11/24/2025,MEJA-W,54,55,44,48,38770300
11/24/2025,MENN,0,0,0,0,0
11/24/2025,MERI,204,210,204,206,722800
11/24/2025,MERK,3110,3130,3060,3080,50200
11/24/2025,META,0,0,0,0,0
11/24/2025,MFMI,0,0,0,0,0
11/24/2025,MGLV,1020,1050,860,1050,2780100
11/24/2025,MGNA,99,99,99,99,2789100
11/24/2025,MGNA-W,64,79,64,79,207600
11/24/2025,MGRO,790,790,755,770,3701900
11/24/2025,MHKI,242,242,224,228,89440400
11/24/2025,MICE,620,635,580,620,283100
11/24/2025,MIDI,398,398,386,390,25405900
11/24/2025,MIKA,2500,2500,2420,2430,4394100
11/24/2025,MIKADRCV6A,0,0,0,0,0
11/24/2025,MIKAHDCN6A,35,35,35,35,2000
11/24/2025,MIKAZPCG6A,0,0,0,0,0
11/24/2025,MINA,228,244,224,238,578611100
11/24/2025,MINE,484,484,476,480,2546800
11/24/2025,MIRA,28,28,26,26,18199400
11/24/2025,MITI,294,300,282,292,4833600
11/24/2025,MKAP,340,340,338,340,58700
11/24/2025,MKNT,0,0,0,0,0
11/24/2025,MKPI,24100,24225,24000,24225,7100
11/24/2025,MKTR,151,155,151,152,2048000
11/24/2025,MLBI,5825,5875,5825,5850,267200
11/24/2025,MLIA,340,340,334,338,2316100
11/24/2025,MLPL,139,148,137,147,347597800
11/24/2025,MLPT,75500,75500,73000,73150,15000
11/24/2025,MMIX,240,242,228,230,10239000
11/24/2025,MMLP,565,565,555,565,3938200
11/24/2025,MNCN,262,266,262,262,22730100
11/24/2025,MNCNDRCN6A,0,0,0,0,0
11/24/2025,MNCNHDCM6A,0,0,0,0,0
11/24/2025,MNCNZPCM6A,11,11,11,11,100
11/24/2025,MOLI,316,330,314,320,5430200
11/24/2025,MORA,0,0,0,0,0
11/24/2025,MPIX,70,71,67,68,5490300
11/24/2025,MPIX-W,11,11,10,11,711600
11/24/2025,MPMX,965,970,965,965,1085000
11/24/2025,MPOW,141,155,135,136,494754400
11/24/2025,MPPA,61,66,60,62,380908400
11/24/2025,MPRO,8650,9050,8650,8750,22700
11/24/2025,MPXL,230,236,226,228,3285000
11/24/2025,MRAT,372,430,370,392,9390600
11/24/2025,MREI,985,1000,965,980,139500
11/24/2025,MSIE,48,49,47,49,1385100
11/24/2025,MSIN,500,510,460,460,222774500
11/24/2025,MSJA,302,302,294,300,4668100
11/24/2025,MSKY,82,83,81,81,4350100
11/24/2025,MSTI,1420,1435,1420,1430,1805400
11/24/2025,MTDL,595,605,590,605,2661200
11/24/2025,MTEL,570,580,565,580,10317100
11/24/2025,MTELDRCK6A,0,0,0,0,0
11/24/2025,MTELHDCM6A,0,0,0,0,0
11/24/2025,MTELZPCM6A,0,0,0,0,0
11/24/2025,MTFN,15,15,15,15,45378200
11/24/2025,MTLA,448,456,428,448,109000
11/24/2025,MTMH,1200,1200,1150,1150,4700
11/24/2025,MTPS,0,0,0,0,0
11/24/2025,MTRA,0,0,0,0,0
11/24/2025,MTSM,0,0,0,0,0
11/24/2025,MTWI,358,362,356,362,289600
11/24/2025,MUTU,120,124,118,122,9789100
11/24/2025,MYOH,1510,1550,1500,1550,16800
11/24/2025,MYOR,2110,2130,2100,2100,7865400
11/24/2025,MYORDRCK6A,49,50,49,50,519100
11/24/2025,MYORHDCM6A,0,0,0,0,0
11/24/2025,MYORZPCH6A,0,0,0,0,0
11/24/2025,MYTX,0,0,0,0,0
11/24/2025,NAIK,128,129,124,126,13147800
11/24/2025,NAIK-W,22,22,20,20,1551700
11/24/2025,NANO,53,55,53,55,15524300
11/24/2025,NASA,30,30,29,30,422100
11/24/2025,NASI,102,103,101,103,3060700
11/24/2025,NATO,177,186,171,179,8297700
11/24/2025,NAYZ,88,88,72,72,179545500
11/24/2025,NCKL,970,975,950,950,46409100
11/24/2025,NCKLBQCM6A,0,0,0,0,0
11/24/2025,NCKLDRCH6A,31,31,30,30,110600
11/24/2025,NCKLDRCK6A,27,27,27,27,2900
11/24/2025,NCKLHDCK6A,38,38,37,37,210800
11/24/2025,NCKLYUCZ5A,60,60,58,58,3600
11/24/2025,NCKLZPCJ6A,46,46,44,44,9900
11/24/2025,NCKLZPCM6A,19,19,19,19,50000
11/24/2025,NELY,370,376,366,376,2146300
11/24/2025,NEST,346,348,340,346,11072200
11/24/2025,NETV,112,115,109,115,7544800
11/24/2025,NFCX,1625,1700,1625,1670,644200
11/24/2025,NICE,416,416,404,408,1958700
11/24/2025,NICK,1325,1435,1260,1355,69400
11/24/2025,NICL,1030,1100,1030,1085,33913200
11/24/2025,NIKL,360,362,354,356,932200
11/24/2025,NINE,0,0,0,0,0
11/24/2025,NIRO,300,300,292,292,794700
11/24/2025,NISP,1390,1390,1380,1390,1969900
11/24/2025,NOBU,490,494,488,490,2621300
11/24/2025,NPGF,60,62,60,61,8075900
11/24/2025,NRCA,1150,1295,1135,1250,118854500
11/24/2025,NSSS,515,530,505,525,8725100
11/24/2025,NTBK,148,149,142,142,38286300
11/24/2025,NUSA,0,0,0,0,0
11/24/2025,NZIA,113,127,110,127,21590700
11/24/2025,OASA,240,244,232,234,63688000
11/24/2025,OBAT,428,432,424,426,1445800
11/24/2025,OBAT-W,84,86,83,84,46800
11/24/2025,OBMD,264,282,264,272,3580300
11/24/2025,OCAP,0,0,0,0,0
11/24/2025,OILS,264,284,254,262,33229600
11/24/2025,OKAS,142,149,141,144,8779700
11/24/2025,OLIV,108,112,104,112,23485900
11/24/2025,OMED,199,224,199,199,29533200
11/24/2025,OMRE,0,0,0,0,0
11/24/2025,OPMS,107,108,105,105,4446000
11/24/2025,PACK,2560,2610,2530,2600,4942400
11/24/2025,PADA,148,148,148,148,18885100
11/24/2025,PADI,76,76,73,73,22180900
11/24/2025,PALM,382,384,374,380,692200
11/24/2025,PAMG,66,68,64,67,10720000
11/24/2025,PANI,14100,14425,14025,14275,7246000
11/24/2025,PANIBQCZ5A,17,17,10,12,15466600
11/24/2025,PANIDRCG6A,55,59,54,57,770600
11/24/2025,PANIHDCJ6A,91,95,90,94,338900
11/24/2025,PANIHDCN6A,80,84,78,82,33431000
11/24/2025,PANIHDCZ5A,104,110,102,109,4054200
11/24/2025,PANIZPCJ6A,56,58,54,57,1562500
11/24/2025,PANIZPCN6A,104,108,103,108,661300
11/24/2025,PANR,715,725,695,720,5690100
11/24/2025,PANS,1475,1475,1455,1460,136000
11/24/2025,PART,136,142,135,139,62210300
11/24/2025,PART-W,21,23,20,22,27111100
11/24/2025,PBID,490,494,486,490,527900
11/24/2025,PBRX,34,34,33,34,7014900
11/24/2025,PBSA,1440,1490,1400,1445,2487500
11/24/2025,PCAR,34,35,34,34,1071500
11/24/2025,PDES,615,615,600,610,71000
11/24/2025,PDPP,380,390,372,374,183900
11/24/2025,PEGE,184,185,165,172,29310400
11/24/2025,PEHA,322,330,322,324,95500
11/24/2025,PEVE,505,510,500,510,132100
11/24/2025,PGAS,1750,1750,1725,1735,13982600
11/24/2025,PGASBQCZ5A,0,0,0,0,0
11/24/2025,PGASDRCG6A,0,0,0,0,0
11/24/2025,PGASDRCG6B,0,0,0,0,0
11/24/2025,PGASHDCK6A,0,0,0,0,0
11/24/2025,PGASZPCJ6A,0,0,0,0,0
11/24/2025,PGEO,1215,1220,1180,1195,27021900
11/24/2025,PGEOBQCF6A,9,10,9,9,320000
11/24/2025,PGEOBQCJ6A,32,32,32,32,15700
11/24/2025,PGEOBQCX5B,1,2,1,1,29190600
11/24/2025,PGEODRCJ6A,16,16,16,16,20300
11/24/2025,PGEOHDCH6A,0,0,0,0,0
11/24/2025,PGEOHDCH6B,27,27,27,27,35000
11/24/2025,PGEOHDPH6A,133,133,133,133,1800
11/24/2025,PGEOYUCK6A,0,0,0,0,0
11/24/2025,PGEOZPCJ6A,0,0,0,0,0
11/24/2025,PGEOZPCM6A,29,29,29,29,1000
11/24/2025,PGJO,1290,1300,1170,1185,6029600
11/24/2025,PGLI,350,372,340,356,525200
11/24/2025,PGUN,13000,13000,12400,12825,88900
11/24/2025,PICO,254,260,250,252,2001000
11/24/2025,PIPA,276,278,270,272,43546400
11/24/2025,PJAA,520,525,515,520,87800
11/24/2025,PJHB,615,640,590,615,52154900
11/24/2025,PJHB-W,147,158,137,139,10734900
11/24/2025,PKPK,780,850,755,850,9953700
11/24/2025,PLAN,47,48,46,46,1922300
11/24/2025,PLAS,0,0,0,0,0
11/24/2025,PLIN,0,0,0,0,0
11/24/2025,PMJS,117,117,112,116,1386900
11/24/2025,PMMP,0,0,0,0,0
11/24/2025,PMUI,147,149,146,146,3031300
11/24/2025,PNBN,1040,1040,1030,1035,6006000
11/24/2025,PNBS,53,55,53,55,17752200
11/24/2025,PNGO,3060,3140,3050,3120,10600
11/24/2025,PNIN,800,810,790,800,739000
11/24/2025,PNLF,248,252,246,248,35381100
11/24/2025,PNLFBQCM6A,17,19,17,19,564600
11/24/2025,PNLFDRCJ6A,10,10,10,10,247600
11/24/2025,PNLFHDCZ5A,18,19,18,19,1500
11/24/2025,PNLFZPCH6A,0,0,0,0,0
11/24/2025,PNSE,740,740,730,740,7000
11/24/2025,POLA,37,37,37,37,1332500
11/24/2025,POLI,750,750,750,750,400
11/24/2025,POLL,0,0,0,0,0
11/24/2025,POLU,22975,23000,22525,22675,10100
11/24/2025,POLY,25,25,24,24,738000
11/24/2025,POOL,0,0,0,0,0
11/24/2025,PORT,1135,1135,1110,1115,14900
11/24/2025,POSA,0,0,0,0,0
11/24/2025,POWR,715,720,700,715,13896800
11/24/2025,PPGL,152,167,152,167,6181000
11/24/2025,PPRE,130,133,118,120,128067900
11/24/2025,PPRI,350,358,336,336,6283300
11/24/2025,PPRO,0,0,0,0,0
11/24/2025,PRAY,850,955,840,900,464600
11/24/2025,PRDA,2430,2430,2380,2390,1132500
11/24/2025,PRIM,83,94,82,88,111721800
11/24/2025,PSAB,535,535,525,525,60024500
11/24/2025,PSAT,1355,1355,1330,1355,428200
11/24/2025,PSDN,106,107,104,105,1705300
11/24/2025,PSGO,218,220,214,214,771500
11/24/2025,PSKT,162,169,162,169,16215600
11/24/2025,PSSI,350,350,342,346,225700
11/24/2025,PTBA,2320,2330,2300,2330,7934900
11/24/2025,PTBADRCG6A,12,12,10,10,600
11/24/2025,PTBAHDCM6A,0,0,0,0,0
11/24/2025,PTBAYUCZ5A,0,0,0,0,0
11/24/2025,PTBAZPCH6A,0,0,0,0,0
11/24/2025,PTDU,36,36,36,36,1807600
11/24/2025,PTIS,410,410,398,410,42200
11/24/2025,PTMP,90,92,89,91,7258200
11/24/2025,PTMR,0,0,0,0,0
11/24/2025,PTPP,372,374,360,366,15631000
11/24/2025,PTPS,212,214,193,206,33327000
11/24/2025,PTPW,975,1000,975,980,62100
11/24/2025,PTRO,9050,9825,8975,9825,103815300
11/24/2025,PTRODRCG6A,316,390,314,376,8450700
11/24/2025,PTROHDCK6A,535,600,530,590,566100
11/24/2025,PTROHDCN6A,106,124,105,121,29302300
11/24/2025,PTROYUCK6A,505,570,505,555,71700
11/24/2025,PTROZPCK6A,270,302,268,298,132800
11/24/2025,PTROZPCN6A,133,152,131,147,20318700
11/24/2025,PTSN,398,398,386,390,1249300
11/24/2025,PTSP,1185,1185,1110,1175,124300
11/24/2025,PUDP,0,0,0,0,0
11/24/2025,PURA,33,33,32,32,8623400
11/24/2025,PURE,0,0,0,0,0
11/24/2025,PURI,424,424,424,424,8502200
11/24/2025,PWON,352,358,352,354,29035400
11/24/2025,PWONDRCN6A,0,0,0,0,0
11/24/2025,PWONHDCZ5A,0,0,0,0,0
11/24/2025,PWONZPCH6A,0,0,0,0,0
11/24/2025,PYFA,520,540,515,525,22277500
11/24/2025,PYFA-W,125,125,115,119,545900
11/24/2025,PZZA,230,236,228,228,934200
11/24/2025,RAAM,242,246,238,240,13272600
11/24/2025,R-ABFII,0,0,0,0,0
11/24/2025,RAFI,38,39,38,38,2513100
11/24/2025,RAJA,5000,5300,4990,5000,131635000
11/24/2025,RAJADRCG6A,246,282,246,260,299400
11/24/2025,RAJADRCH6A,60,67,59,61,13369300
11/24/2025,RAJAHDCK6A,246,266,242,250,59300
11/24/2025,RAJAYUCN6A,134,140,134,137,312900
11/24/2025,RAJAZPCK6A,121,132,112,127,800800
11/24/2025,RALS,438,440,434,436,2370700
11/24/2025,RANC,990,1040,940,970,1306500
11/24/2025,RATU,10000,10175,9750,9950,18591500
11/24/2025,RBMS,38,38,38,38,251600
11/24/2025,RCCC,199,206,191,204,760000
11/24/2025,RDTX,12050,12450,12025,12425,1200
11/24/2025,REAL,69,70,68,70,38784200
11/24/2025,RELF,44,45,42,44,3866800
11/24/2025,RELI,625,625,605,620,17500
11/24/2025,RGAS,99,101,98,101,6195000
11/24/2025,RICY,62,62,52,58,759100
11/24/2025,RIGS,760,785,745,765,227800
11/24/2025,RIMO,0,0,0,0,0
11/24/2025,RISE,11625,14000,11225,14000,2951100
11/24/2025,R-LQ45X,1040,1040,1027,1027,900
11/24/2025,RMKE,3020,3320,3000,3290,17869600
11/24/2025,RMKO,234,254,230,250,8337100
11/24/2025,ROCK,450,540,450,540,1000
11/24/2025,RODA,45,45,42,43,136800
11/24/2025,RONY,4120,4120,3900,3900,18700
11/24/2025,ROTI,800,800,795,795,167500
11/24/2025,RSCH,382,384,376,380,6674500
11/24/2025,RSGK,0,0,0,0,0
11/24/2025,RUIS,196,200,195,198,1008200
11/24/2025,RUNS,97,100,96,99,390000
11/24/2025,SAFE,300,300,278,292,932700
11/24/2025,SAGE,30,30,29,29,2827000
11/24/2025,SAME,408,428,398,412,66083200
11/24/2025,SAMF,316,318,314,318,272900
11/24/2025,SAPX,300,302,296,300,508700
11/24/2025,SATU,254,256,254,254,3177400
11/24/2025,SBAT,0,0,0,0,0
11/24/2025,SBMA,130,131,129,129,1709700
11/24/2025,SCCO,2350,2450,2300,2370,101900
11/24/2025,SCMA,382,386,376,382,113226300
11/24/2025,SCMABQCZ5A,190,210,190,210,1200
11/24/2025,SCMADRCG6A,23,25,23,23,1404700
11/24/2025,SCMADRCK6A,135,135,135,135,100
11/24/2025,SCMAHDCK6A,58,58,58,58,19700
11/24/2025,SCMAHDCZ5A,384,384,384,384,100
11/24/2025,SCMAYUCK6A,0,0,0,0,0
11/24/2025,SCMAZPCG6A,0,0,0,0,0
11/24/2025,SCMAZPCM6A,60,61,59,61,860000
11/24/2025,SCNP,161,163,160,161,426400
11/24/2025,SCPI,0,0,0,0,0
11/24/2025,SDMU,64,66,64,65,7769800
11/24/2025,SDPC,138,140,138,138,43800
11/24/2025,SDRA,282,292,270,282,1183500
11/24/2025,SEMA,105,109,103,104,2176900
11/24/2025,SFAN,1920,1940,1920,1935,79700
11/24/2025,SGER,440,442,422,430,23757800
11/24/2025,SGRO,7325,7400,7300,7325,7764900
11/24/2025,SHID,870,875,860,865,6200
11/24/2025,SHIP,5350,5400,5200,5225,24200
11/24/2025,SICO,140,143,139,140,5318600
11/24/2025,SIDO,550,550,540,550,24599600
11/24/2025,SIDODRCK6A,0,0,0,0,0
11/24/2025,SIDOHDCN6A,30,30,30,30,3000
11/24/2025,SIDOZPCM6A,0,0,0,0,0
11/24/2025,SILO,2500,2530,2470,2470,905200
11/24/2025,SIMA,0,0,0,0,0
11/24/2025,SIMP,630,630,620,620,6522400
11/24/2025,SINI,9375,9375,9175,9200,207300
11/24/2025,SIPD,735,735,735,735,9300
11/24/2025,SKBM,498,510,480,496,300600
11/24/2025,SKLT,236,248,224,232,3091900
11/24/2025,SKRN,710,720,660,695,967200
11/24/2025,SKYB,0,0,0,0,0
11/24/2025,SLIS,81,83,81,81,12468800
11/24/2025,SLIS-W,16,16,14,15,1167900
11/24/2025,SMAR,5025,5400,4970,5175,566600
11/24/2025,SMBR,284,288,282,284,5103100
11/24/2025,SMCB,0,0,0,0,0
11/24/2025,SMDM,1270,1315,1200,1245,17098000
11/24/2025,SMDR,308,310,306,306,8332300
11/24/2025,SMGA,102,102,100,101,33973400
11/24/2025,SMGR,2700,2710,2590,2620,9573400
11/24/2025,SMGRBQCX5B,3,3,1,1,23533400
11/24/2025,SMGRBQCZ5A,3,3,2,3,4033400
11/24/2025,SMGRDRCG6A,32,32,25,26,290200
11/24/2025,SMGRHDCZ5A,33,33,28,28,400
11/24/2025,SMGRZPCJ6A,0,0,0,0,0
11/24/2025,SMIL,494,515,490,500,211141000
11/24/2025,SMKL,170,171,167,170,218100
11/24/2025,SMKM,131,134,125,128,11373900
11/24/2025,SMLE,264,264,254,258,9776700
11/24/2025,SMMA,12875,13100,12875,13000,9500
11/24/2025,SMMT,1665,1680,1585,1585,350700
11/24/2025,SMRA,390,392,388,388,20322200
11/24/2025,SMRADRCG6A,0,0,0,0,0
11/24/2025,SMRADRCJ6A,15,15,15,15,2100
11/24/2025,SMRAHDCZ5A,0,0,0,0,0
11/24/2025,SMRAZPCH6A,0,0,0,0,0
11/24/2025,SMRU,0,0,0,0,0
11/24/2025,SMSM,1765,1780,1715,1715,47408300
11/24/2025,SNLK,408,416,404,414,13305900
11/24/2025,SOCI,224,230,220,224,22470800
11/24/2025,SOFA,270,274,254,266,7419700
11/24/2025,SOHO,1860,1860,1860,1860,194800
11/24/2025,SOLA,133,134,129,132,10102100
11/24/2025,SONA,2440,2450,2400,2410,38100
11/24/2025,SOSS,940,1000,940,1000,42500
11/24/2025,SOTS,450,482,448,482,8395300
11/24/2025,SOUL,90,98,81,84,15165000
11/24/2025,SPMA,264,266,258,262,949900
11/24/2025,SPRE,110,125,110,123,2830900
11/24/2025,SPTO,695,700,690,700,4352000
11/24/2025,SQMI,0,0,0,0,0
11/24/2025,SRAJ,14425,14900,14100,14100,191700
11/24/2025,SRIL,0,0,0,0,0
11/24/2025,SRSN,65,65,63,64,8623400
11/24/2025,SRTG,1605,1615,1595,1595,2799800
11/24/2025,SRTGDRCK6A,0,0,0,0,0
11/24/2025,SRTGHDCK6A,50,50,50,50,29400
11/24/2025,SRTGYUCN6A,0,0,0,0,0
11/24/2025,SRTGZPCG6A,0,0,0,0,0
11/24/2025,SRTGZPCK6A,24,24,24,24,31200
11/24/2025,SSIA,1710,1735,1700,1710,40392100
11/24/2025,SSMS,1550,1600,1545,1600,7379000
11/24/2025,SSTM,930,1085,770,1085,4125200
11/24/2025,STAA,1390,1410,1355,1385,13089400
11/24/2025,STAR,105,105,105,105,394900
11/24/2025,STRK,189,198,189,197,39794900
11/24/2025,STTP,10000,10025,9900,9900,4500
11/24/2025,SUGI,0,0,0,0,0
11/24/2025,SULI,141,154,132,134,22454100
11/24/2025,SUNI,785,810,780,805,895800
11/24/2025,SUPR,0,0,0,0,0
11/24/2025,SURE,2630,2740,2610,2630,5600
11/24/2025,SURI,100,101,99,100,8987400
11/24/2025,SWAT,0,0,0,0,0
11/24/2025,SWID,110,112,105,109,3636600
11/24/2025,TALF,486,496,486,490,95600
11/24/2025,TAMA,38,38,38,38,4692100
11/24/2025,TAMU,28,28,27,27,8461500
11/24/2025,TAPG,1760,1765,1720,1765,9229100
11/24/2025,TAPGDRCG6A,0,0,0,0,0
11/24/2025,TAPGDRCJ6A,0,0,0,0,0
11/24/2025,TAPGHDCH6A,238,244,238,242,300
11/24/2025,TAPGZPCH6A,0,0,0,0,0
11/24/2025,TAPGZPCM6A,0,0,0,0,0
11/24/2025,TARA,26,26,26,26,3125900
11/24/2025,TAXI,17,17,17,17,39364700
11/24/2025,TAYS,84,84,81,82,17383400
11/24/2025,TBIG,1985,1985,1955,1980,530100
11/24/2025,TBLA,720,725,715,725,2312400
11/24/2025,TBMS,1360,1380,1335,1360,17000
11/24/2025,TCID,3140,3150,3000,3010,90300
11/24/2025,TCPI,7675,7775,7200,7775,8581300
11/24/2025,TDPM,0,0,0,0,0
11/24/2025,TEBE,2310,2340,2250,2270,3938000
11/24/2025,TECH,0,0,0,0,0
11/24/2025,TELE,0,0,0,0,0
11/24/2025,TFAS,242,250,240,242,1065000
11/24/2025,TFCO,0,0,0,0,0
11/24/2025,TGKA,5125,5125,5000,5000,31900
11/24/2025,TGRA,0,0,0,0,0
11/24/2025,TGUK,0,0,0,0,0
11/24/2025,TIFA,476,478,454,470,485100
11/24/2025,TINS,3030,3080,2980,3000,49308500
11/24/2025,TIRA,1480,1515,1400,1480,126500
11/24/2025,TIRT,0,0,0,0,0
11/24/2025,TKIM,7050,7100,7000,7000,652500
11/24/2025,TKIMDRCN6A,0,0,0,0,0
11/24/2025,TKIMHDCJ6A,0,0,0,0,0
11/24/2025,TKIMZPCG6A,82,82,80,80,950000
11/24/2025,TKIMZPCK6A,0,0,0,0,0
11/24/2025,TLDN,720,725,710,720,815100
11/24/2025,TLKM,3560,3700,3540,3700,241304000
11/24/2025,TLKMBQCG6A,66,67,66,67,57000
11/24/2025,TLKMBQCJ6A,0,0,0,0,0
11/24/2025,TLKMDRCJ6A,87,97,87,96,412200
11/24/2025,TLKMDRCX6A,2350,2370,2350,2360,3900
11/24/2025,TLKMHDCJ6A,77,77,74,74,102300
11/24/2025,TLKMYUCK6A,136,136,131,132,39300
11/24/2025,TLKMZPCF6A,120,120,120,120,66000
11/24/2025,TLKMZPCM6A,60,64,60,64,608500
11/24/2025,TMAS,131,132,129,130,8656300
11/24/2025,TMPO,173,177,171,172,15123100
11/24/2025,TNCA,224,248,224,242,2817900
11/24/2025,TOBA,870,880,860,860,70053500
11/24/2025,TOOL,64,65,63,64,4071900
11/24/2025,TOPS,0,0,0,0,0
11/24/2025,TOSK,74,74,72,74,24644800
11/24/2025,TOTL,1095,1130,1070,1100,7903300
11/24/2025,TOTO,284,284,280,282,1681700
11/24/2025,TOWR,545,545,530,540,32664900
11/24/2025,TOWRDRCN6A,16,16,16,16,145500
11/24/2025,TOWRHDCK6A,22,22,20,20,36600
11/24/2025,TOYS,0,0,0,0,0
11/24/2025,TPIA,7250,7300,7150,7150,37888100
11/24/2025,TPMA,585,585,575,575,7631200
11/24/2025,TRAM,0,0,0,0,0
11/24/2025,TRGU,191,192,189,190,142500
11/24/2025,TRIL,0,0,0,0,0
11/24/2025,TRIM,680,710,655,675,4202200
11/24/2025,TRIN,0,0,0,0,0
11/24/2025,TRIN-W2,0,0,0,0,0
11/24/2025,TRIO,0,0,0,0,0
11/24/2025,TRIS,191,193,189,192,466300
11/24/2025,TRJA,156,160,155,156,579400
11/24/2025,TRON,95,97,90,93,24465300
11/24/2025,TRST,474,474,454,458,556700
11/24/2025,TRUE,127,129,127,129,33791400
11/24/2025,TRUK,670,690,595,615,7188400
11/24/2025,TRUS,430,458,428,434,8000
11/24/2025,TSPC,2780,2780,2730,2780,1057100
11/24/2025,TUGU,1080,1090,1070,1080,2343000
11/24/2025,TYRE,126,127,124,127,76000
11/24/2025,UANG,5225,5300,4990,5225,1970500
11/24/2025,UCID,442,442,438,438,1584000
11/24/2025,UDNG,3420,3520,3210,3470,1182000
11/24/2025,UFOE,192,196,187,192,1034000
11/24/2025,ULTJ,1425,1435,1405,1425,42172800
11/24/2025,UNIC,8900,9150,8900,9000,2500
11/24/2025,UNIQ,408,434,374,422,53255600
11/24/2025,UNIT,0,0,0,0,0
11/24/2025,UNSP,206,206,204,204,3081300
11/24/2025,UNTD,94,94,92,93,12987900
11/24/2025,UNTR,27000,27350,26700,27300,6369800
11/24/2025,UNTRDRCG6A,0,0,0,0,0
11/24/2025,UNTRHDCM6A,0,0,0,0,0
11/24/2025,UNTRZPCJ6A,0,0,0,0,0
11/24/2025,UNVR,2560,2670,2560,2670,32673700
11/24/2025,UNVRBQCG6A,0,0,0,0,0
11/24/2025,UNVRBQCK6A,0,0,0,0,0
11/24/2025,UNVRBQCZ5A,0,0,0,0,0
11/24/2025,UNVRDRCG6A,134,134,134,134,71400
11/24/2025,UNVRHDCM6A,184,189,184,189,150500
11/24/2025,UNVRHDPG6A,12,12,12,12,100
11/24/2025,UNVRZPCH6A,116,116,116,116,100
11/24/2025,UNVRZPCM6A,122,122,121,122,23000
11/24/2025,URBN,186,187,175,179,1043000
11/24/2025,UVCR,113,122,111,116,37972700
11/24/2025,VAST,152,153,150,151,217000
11/24/2025,VAST-W,13,14,13,13,744200
11/24/2025,VERN,128,140,125,140,22187000
11/24/2025,VICI,700,755,680,725,905000
11/24/2025,VICO,182,182,180,182,209800
11/24/2025,VINS,151,152,148,149,185600
11/24/2025,VISI,218,224,218,220,12657300
11/24/2025,VIVA,28,28,28,28,10634600
11/24/2025,VKTR,480,525,478,496,63632100
11/24/2025,VOKS,280,290,274,278,657700
11/24/2025,VRNA,90,90,87,88,361400
11/24/2025,VTNY,95,95,93,95,14055100
11/24/2025,WAPO,187,189,176,183,2595600
11/24/2025,WEGE,68,69,66,66,7727900
11/24/2025,WEHA,107,108,104,107,765700
11/24/2025,WGSH,248,248,236,244,401800
11/24/2025,WICO,0,0,0,0,0
11/24/2025,WIDI,41,41,39,39,6943700
11/24/2025,WIFI,3670,3880,3660,3730,261961500
11/24/2025,WIIM,1460,1510,1440,1485,11721900
11/24/2025,WIKA,0,0,0,0,0
11/24/2025,WINE,200,202,199,200,3075800
11/24/2025,WINR,36,39,36,39,21242200
11/24/2025,WINS,450,454,440,444,2815800
11/24/2025,WIRG,106,113,105,110,268983300
11/24/2025,WMPP,0,0,0,0,0
11/24/2025,WMUU,45,45,45,45,249036000
11/24/2025,WOMF,334,334,330,334,51100
11/24/2025,WOOD,390,394,376,378,14314800
11/24/2025,WOWS,79,79,77,78,14306900
11/24/2025,WSBP,19,20,19,19,41936400
11/24/2025,WSKT,0,0,0,0,0
11/24/2025,WTON,100,101,99,100,9168100
11/24/2025,XAQA,0,0,0,0,0
11/24/2025,XBES,0,0,0,0,0
11/24/2025,XBID,548,548,548,548,40000
11/24/2025,XBIG,0,0,0,0,0
11/24/2025,XBIN,619,621,619,621,42700
11/24/2025,XBLQ,434,625,434,502,21900
11/24/2025,XBNI,0,0,0,0,0
11/24/2025,XBSK,470,470,470,470,40000
11/24/2025,XCEG,0,0,0,0,0
11/24/2025,XCID,57,57,56,57,27000
11/24/2025,XCIS,73,84,73,80,14800
11/24/2025,XCLQ,94,94,93,93,1300
11/24/2025,XDIF,550,550,408,481,800
11/24/2025,XIFE,115,115,113,113,800
11/24/2025,XIHD,671,671,671,671,7300
11/24/2025,XIIC,885,885,885,885,4300
11/24/2025,XIID,0,0,0,0,0
11/24/2025,XIIF,0,0,0,0,0
11/24/2025,XIIT,553,570,545,551,10800
11/24/2025,XIJI,665,680,645,680,9600
11/24/2025,XILV,130,149,130,131,11000
11/24/2025,XIML,0,0,0,0,0
11/24/2025,XIPB,220,220,184,200,30300
11/24/2025,XIPI,232,232,232,232,200
11/24/2025,XISB,115,115,115,115,100
11/24/2025,XISC,680,900,680,900,21300
11/24/2025,XISI,0,0,0,0,0
11/24/2025,XISR,457,460,457,460,600
11/24/2025,XKID,1012,1012,1012,1012,100
11/24/2025,XKIV,612,612,612,612,40000
11/24/2025,XKMS,1189,1206,1188,1206,202900
11/24/2025,XMGB,1138,1138,1138,1138,1000
11/24/2025,XMIG,229,229,229,229,100
11/24/2025,XMLF,937,943,930,943,40600
11/24/2025,XMSK,402,404,402,402,700
11/24/2025,XNVE,0,0,0,0,0
11/24/2025,XPDV,725,725,635,635,7900
11/24/2025,XPFT,0,0,0,0,0
11/24/2025,XPIN,676,676,676,676,200
11/24/2025,XPLQ,0,0,0,0,0
11/24/2025,XPSG,410,510,360,425,12200
11/24/2025,XPTD,0,0,0,0,0
11/24/2025,XSBC,107,107,107,107,500
11/24/2025,XSPI,0,0,0,0,0
11/24/2025,XSSI,87,88,86,87,29600
11/24/2025,XSSK,718,727,716,727,20400
11/24/2025,YELO,90,90,90,90,11111300
11/24/2025,YOII,99,100,97,99,2962300
11/24/2025,YPAS,452,452,452,452,100
11/24/2025,YULE,2700,2700,2650,2700,3500
11/24/2025,YUPI,1600,1620,1595,1605,58600
11/24/2025,ZATA,65,66,64,65,13531000
11/24/2025,ZBRA,0,0,0,0,0
11/24/2025,ZINC,32,32,31,31,3784700
11/24/2025,ZONE,565,565,540,555,3100
11/24/2025,ZYRX,183,183,170,178,4202300
