<date>,<ticker>,<open>,<high>,<low>,<close>,<volume>
9/4/2025,IHSG,7873.840,7899.800,7855.740,7867.348,37811108000
9/4/2025,IDX30,0.000,0.000,0.000,0.000,0
9/4/2025,IDX80,0.000,0.000,0.000,0.000,0
9/4/2025,AADI,7200,7375,7200,7250,13726000
9/4/2025,AALI,7375,7400,7275,7350,890700
9/4/2025,ABBA,42,42,42,42,1293800
9/4/2025,ABDA,0,0,0,0,0
9/4/2025,ABMM,2960,2970,2930,2960,481700
9/4/2025,ACES,438,442,436,440,50209300
9/4/2025,ACESBQCV5A,2,2,1,2,3027800
9/4/2025,ACESBQCX5B,13,13,10,10,362900
9/4/2025,ACESBQCZ5A,20,20,19,20,1810000
9/4/2025,ACESDRCJ6A,14,15,14,15,960900
9/4/2025,ACESHDCZ5A,0,0,0,0,0
9/4/2025,ACESZPCJ6A,21,22,20,20,300
9/4/2025,ACRO,83,92,83,85,49378000
9/4/2025,ACRO-W,13,14,12,13,13285100
9/4/2025,ACST,157,158,143,144,28347000
9/4/2025,ADCP,69,70,61,62,254052300
9/4/2025,ADES,13750,13800,13675,13725,4500
9/4/2025,ADHI,296,300,290,290,45994600
9/4/2025,ADMF,9000,9025,8900,8975,25000
9/4/2025,ADMG,152,153,144,148,1234800
9/4/2025,ADMR,1030,1065,1015,1025,60574500
9/4/2025,ADMRDRCJ6A,35,37,34,34,2801400
9/4/2025,ADMRHDCJ6A,60,60,58,58,1000
9/4/2025,ADMRZPCH6A,58,58,54,54,119900
9/4/2025,ADRO,1735,1820,1735,1760,167436900
9/4/2025,ADROBQCU5A,3,4,1,2,6140600
9/4/2025,ADROBQCZ5A,21,21,18,18,975200
9/4/2025,ADRODRCJ6A,62,62,60,60,180100
9/4/2025,ADRODRCX5A,37,42,37,37,5359200
9/4/2025,ADROHDCZ5A,59,59,59,59,9300
9/4/2025,ADROHDPH6A,132,132,123,125,12100
9/4/2025,ADROYUCZ5A,76,76,76,76,100
9/4/2025,ADROZPCF6A,29,30,28,28,1400
9/4/2025,AEGS,46,49,44,45,210332900
9/4/2025,AGAR,250,252,240,250,49300
9/4/2025,AGII,840,840,800,830,483700
9/4/2025,AGRO,236,238,232,232,7431000
9/4/2025,AGRS,78,80,75,77,21784800
9/4/2025,AHAP,81,81,75,77,9793900
9/4/2025,AIMS,326,326,296,320,41700
9/4/2025,AISA,121,130,121,123,23626100
9/4/2025,AKKU,0,0,0,0,0
9/4/2025,AKPI,560,560,555,555,28600
9/4/2025,AKRA,1240,1255,1215,1230,18458100
9/4/2025,AKRABQCX5B,0,0,0,0,0
9/4/2025,AKRADRCX5A,37,37,36,36,300
9/4/2025,AKRAHDCH6A,0,0,0,0,0
9/4/2025,AKRAZPCJ6A,54,55,54,55,9600
9/4/2025,AKRAZPCX5A,65,65,62,62,300
9/4/2025,AKSI,248,250,232,246,252600
9/4/2025,ALDO,500,500,494,500,38300
9/4/2025,ALII,530,540,525,535,2313300
9/4/2025,ALKA,318,322,316,316,10400
9/4/2025,ALMI,0,0,0,0,0
9/4/2025,ALTO,0,0,0,0,0
9/4/2025,AMAG,370,370,368,370,71100
9/4/2025,AMAN,124,127,121,123,2303700
9/4/2025,AMAR,208,214,197,210,949300
9/4/2025,AMFG,3330,3330,3300,3330,7500
9/4/2025,AMIN,226,232,214,218,586600
9/4/2025,AMMN,8075,8125,7975,8075,25561300
9/4/2025,AMMNBQCZ5A,39,39,39,39,27300
9/4/2025,AMMNDRCJ6A,0,0,0,0,0
9/4/2025,AMMNHDCH6A,0,0,0,0,0
9/4/2025,AMMNZPCG6A,53,53,53,53,100
9/4/2025,AMMS,180,196,178,196,8758200
9/4/2025,AMOR,478,478,476,478,82100
9/4/2025,AMRT,2140,2140,2080,2080,25225600
9/4/2025,AMRTBQCU5A,2,2,1,2,748500
9/4/2025,AMRTDRCZ5A,32,32,30,30,20351100
9/4/2025,AMRTHDCJ6A,25,25,24,25,162100
9/4/2025,AMRTZPCX5A,0,0,0,0,0
9/4/2025,ANDI,33,33,31,31,14828700
9/4/2025,ANJT,1795,1800,1795,1795,912500
9/4/2025,ANTM,3470,3470,3370,3390,142473100
9/4/2025,ANTMBQCU5A,356,356,356,356,171000
9/4/2025,ANTMBQCX5A,101,101,95,95,45900
9/4/2025,ANTMBQCZ5A,825,825,825,825,100
9/4/2025,ANTMDRCG6A,64,66,63,63,2916900
9/4/2025,ANTMDRCX5A,364,364,354,362,64200
9/4/2025,ANTMDRPU5A,0,0,0,0,0
9/4/2025,ANTMDRPU5B,3,3,2,2,15928100
9/4/2025,ANTMHDCH6A,0,0,0,0,0
9/4/2025,ANTMHDCH6B,164,164,156,160,39200
9/4/2025,ANTMHDCU5A,155,155,137,147,75900
9/4/2025,ANTMHDPH6A,70,70,70,70,2400
9/4/2025,ANTMZPCJ6A,150,150,98,99,15700
9/4/2025,ANTMZPCX5A,0,0,0,0,0
9/4/2025,APEX,127,128,124,125,23282800
9/4/2025,APIC,1160,1165,1125,1140,4247200
9/4/2025,APII,176,180,176,176,61100
9/4/2025,APLI,500,500,474,480,9700
9/4/2025,APLN,105,106,100,103,15391400
9/4/2025,ARCI,900,905,840,850,107894200
9/4/2025,AREA,525,525,505,515,1231700
9/4/2025,ARGO,1330,1370,1325,1350,38200
9/4/2025,ARII,268,268,258,258,66600
9/4/2025,ARKA,38,39,38,39,12919200
9/4/2025,ARKO,1360,1375,1320,1355,549900
9/4/2025,ARMY,0,0,0,0,0
9/4/2025,ARNA,565,570,560,570,623100
9/4/2025,ARTA,3290,3450,3200,3340,3400
9/4/2025,ARTI,0,0,0,0,0
9/4/2025,ARTO,2210,2220,2150,2170,4567700
9/4/2025,ARTOBQCU5A,2,3,2,3,1933400
9/4/2025,ARTOBQCX5B,0,0,0,0,0
9/4/2025,ARTOBQCZ5A,26,26,24,24,284400
9/4/2025,ARTODRCK6A,0,0,0,0,0
9/4/2025,ARTODRCX5A,55,55,55,55,145400
9/4/2025,ARTOHDCZ5A,0,0,0,0,0
9/4/2025,ARTOZPCX5A,0,0,0,0,0
9/4/2025,ASBI,434,446,432,444,7400
9/4/2025,ASDM,545,545,525,540,16200
9/4/2025,ASGR,1185,1200,1165,1185,702800
9/4/2025,ASHA,42,42,42,42,5826400
9/4/2025,ASII,5500,5500,5400,5500,26987400
9/4/2025,ASIIBQCU5A,0,0,0,0,0
9/4/2025,ASIIBQCZ5A,0,0,0,0,0
9/4/2025,ASIIDRCX5A,0,0,0,0,0
9/4/2025,ASIIDRCX6A,0,0,0,0,0
9/4/2025,ASIIHDCZ5A,0,0,0,0,0
9/4/2025,ASIIZPCJ6A,107,110,107,110,11000
9/4/2025,ASJT,111,112,110,110,61800
9/4/2025,ASLC,111,113,97,101,305299700
9/4/2025,ASLI,0,0,0,0,0
9/4/2025,ASMI,29,29,29,29,2271800
9/4/2025,ASPI,440,440,416,422,2930100
9/4/2025,ASPR,94,95,92,93,9376700
9/4/2025,ASRI,176,176,170,173,21341600
9/4/2025,ASRM,276,280,276,276,49700
9/4/2025,ASSA,860,860,835,840,4194700
9/4/2025,ATAP,57,57,57,57,1451200
9/4/2025,ATIC,448,462,438,458,402000
9/4/2025,ATLA,66,68,62,64,140559800
9/4/2025,AUTO,2400,2410,2360,2370,2495100
9/4/2025,AUTOZPCJ6A,0,0,0,0,0
9/4/2025,AVIA,430,430,424,424,3252700
9/4/2025,AVIAZPCJ6A,0,0,0,0,0
9/4/2025,AWAN,258,264,256,256,19328800
9/4/2025,AXIO,126,129,126,127,1452600
9/4/2025,AYAM,171,172,168,171,103779100
9/4/2025,AYLS,104,105,102,105,1597500
9/4/2025,BABP,60,65,59,61,135364800
9/4/2025,BABY,324,324,300,304,8763800
9/4/2025,BACA,137,138,135,136,2224400
9/4/2025,BAIK,105,106,103,105,1526100
9/4/2025,BAIK-W,11,11,10,10,7309500
9/4/2025,BAJA,123,125,121,122,896900
9/4/2025,BALI,1490,1505,1380,1430,98200
9/4/2025,BANK,815,820,805,810,7139300
9/4/2025,BANK-W,0,0,0,0,0
9/4/2025,BAPA,68,86,65,73,223720600
9/4/2025,BAPI,23,23,23,23,18652500
9/4/2025,BATA,51,51,51,51,7800
9/4/2025,BATR,104,137,102,104,208572100
9/4/2025,BAUT,37,38,37,38,5229600
9/4/2025,BAYU,1340,1340,1300,1320,96000
9/4/2025,BBCA,7975,8000,7925,8000,103534800
9/4/2025,BBCABQCV5A,5,5,4,5,1095800
9/4/2025,BBCABQCX5A,14,14,14,14,312800
9/4/2025,BBCADRCF6A,43,43,43,43,769000
9/4/2025,BBCADRCX6A,0,0,0,0,0
9/4/2025,BBCAHDCQ7A,61,61,61,61,10000
9/4/2025,BBCAHDCU5A,7,7,6,6,2200
9/4/2025,BBCAHDCV5A,0,0,0,0,0
9/4/2025,BBCAZPCF6A,0,0,0,0,0
9/4/2025,BBCAZPCH6A,84,84,84,84,100
9/4/2025,BBHI,1645,1645,1560,1570,2818900
9/4/2025,BBKP,80,81,78,78,170768200
9/4/2025,BBLD,905,970,905,905,128900
9/4/2025,BBMD,2120,2150,2080,2130,7200
9/4/2025,BBNI,4410,4410,4340,4370,17346200
9/4/2025,BBNIBQCU5A,11,12,11,11,95000
9/4/2025,BBNIBQCV5A,0,0,0,0,0
9/4/2025,BBNIDRCX6A,0,0,0,0,0
9/4/2025,BBNIDRCZ5A,0,0,0,0,0
9/4/2025,BBNIDRPU5A,4,4,4,4,550000
9/4/2025,BBNIHDCQ7A,0,0,0,0,0
9/4/2025,BBNIHDCU5A,66,66,66,66,800
9/4/2025,BBNIHDPU5A,105,105,105,105,2000
9/4/2025,BBNIYUCV5A,57,57,56,56,200
9/4/2025,BBNIZPCH6A,106,106,106,106,500
9/4/2025,BBNIZPCX5A,0,0,0,0,0
9/4/2025,BBRI,3980,4010,3960,4000,87402700
9/4/2025,BBRIBQCU5A,10,11,10,11,600000
9/4/2025,BBRIBQCZ5A,83,83,81,82,10000200
9/4/2025,BBRIDRCX5A,147,152,147,152,31100
9/4/2025,BBRIDRCX6A,0,0,0,0,0
9/4/2025,BBRIHDCH6A,0,0,0,0,0
9/4/2025,BBRIHDCQ7A,0,0,0,0,0
9/4/2025,BBRIYUCV5A,115,115,115,115,100
9/4/2025,BBRIZPCH6A,95,95,95,95,800
9/4/2025,BBRIZPCX5A,0,0,0,0,0
9/4/2025,BBRM,90,91,87,87,11622600
9/4/2025,BBSI,4020,4020,3880,4000,11900
9/4/2025,BBSS,276,276,262,262,77500
9/4/2025,BBTN,1270,1285,1255,1280,11069400
9/4/2025,BBTNHDCZ5A,0,0,0,0,0
9/4/2025,BBTNYUCZ5A,74,74,74,74,100
9/4/2025,BBTNZPCG6A,0,0,0,0,0
9/4/2025,BBYB,326,330,320,320,29809200
9/4/2025,BCAP,71,79,68,75,436111400
9/4/2025,BCIC,0,0,0,0,0
9/4/2025,BCIP,94,96,92,94,5090600
9/4/2025,BDKR,158,159,155,157,14925000
9/4/2025,BDMN,2510,2540,2490,2540,374500
9/4/2025,BEBS,0,0,0,0,0
9/4/2025,BEEF,318,328,312,322,31387600
9/4/2025,BEER,108,113,100,107,1701300
9/4/2025,BEKS,26,26,25,26,136431600
9/4/2025,BELI,366,370,362,368,253800
9/4/2025,BELL,72,82,70,71,338739300
9/4/2025,BESS,1030,1040,985,1040,106700
9/4/2025,BEST,120,122,118,118,14288700
9/4/2025,BFIN,760,770,755,760,8292100
9/4/2025,BFINDRCK6A,25,25,25,25,700
9/4/2025,BGTG,114,115,106,110,29960300
9/4/2025,BHAT,900,900,885,895,1386000
9/4/2025,BHIT,36,37,36,37,18598300
9/4/2025,BIKA,0,0,0,0,0
9/4/2025,BIKE,1000,1015,985,1000,8657200
9/4/2025,BIMA,78,78,76,76,162100
9/4/2025,BINA,4400,4410,4400,4410,6800
9/4/2025,BINO,121,124,120,120,571000
9/4/2025,BIPI,82,82,80,81,55088600
9/4/2025,BIPP,50,50,49,49,47000
9/4/2025,BIRD,1800,1800,1780,1790,876000
9/4/2025,BISI,890,915,890,890,64800
9/4/2025,BJBR,775,785,770,775,7256900
9/4/2025,BJTM,510,515,510,515,3281700
9/4/2025,BKDP,42,42,42,42,2371400
9/4/2025,BKSL,138,139,132,133,216460900
9/4/2025,BKSW,68,69,66,68,7968500
9/4/2025,BLES,161,162,158,158,4371600
9/4/2025,BLOG,555,610,550,570,23285900
9/4/2025,BLTA,41,41,40,41,28808100
9/4/2025,BLTZ,0,0,0,0,0
9/4/2025,BLUE,320,320,316,318,62200
9/4/2025,BMAS,715,795,665,735,94400
9/4/2025,BMBL,41,44,41,44,8695100
9/4/2025,BMHS,186,187,183,185,4099600
9/4/2025,BMRI,4630,4680,4620,4680,88735300
9/4/2025,BMRIBQCU5A,2,2,1,2,1911000
9/4/2025,BMRIBQCZ5A,37,37,37,37,100
9/4/2025,BMRIDRCX5A,52,53,52,53,23500
9/4/2025,BMRIDRCX6A,0,0,0,0,0
9/4/2025,BMRIHDCQ7A,92,92,92,92,100
9/4/2025,BMRIHDCU5A,0,0,0,0,0
9/4/2025,BMRIHDPU5A,140,140,140,140,15500
9/4/2025,BMRIZPCH6A,0,0,0,0,0
9/4/2025,BMRIZPCX5A,0,0,0,0,0
9/4/2025,BMSR,266,268,250,252,23100
9/4/2025,BMTR,145,149,145,148,75709000
9/4/2025,BNBA,775,775,760,775,301500
9/4/2025,BNBR,34,34,31,31,237339700
9/4/2025,BNGA,1695,1710,1695,1710,1409100
9/4/2025,BNGADRCK6A,0,0,0,0,0
9/4/2025,BNGAZPCH6A,0,0,0,0,0
9/4/2025,BNII,212,216,210,210,996600
9/4/2025,BNLI,3150,3180,3120,3160,198700
9/4/2025,BOAT,126,126,120,121,6824900
9/4/2025,BOBA,180,186,175,183,275600
9/4/2025,BOGA,580,580,570,570,480600
9/4/2025,BOLA,194,202,190,199,2381100
9/4/2025,BOLT,1060,1060,1055,1060,10800
9/4/2025,BOSS,0,0,0,0,0
9/4/2025,BPFI,338,360,336,338,159800
9/4/2025,BPII,570,570,565,570,116000
9/4/2025,BPTR,95,98,95,96,210100
9/4/2025,BRAM,5075,5300,5075,5125,800
9/4/2025,BREN,8600,8725,8525,8625,15343800
9/4/2025,BRIS,2720,2740,2690,2720,9615500
9/4/2025,BRISBQCZ5A,60,60,60,60,30000
9/4/2025,BRISDRCJ6A,0,0,0,0,0
9/4/2025,BRISHDCH6A,64,65,64,65,4000
9/4/2025,BRISHDCZ5A,0,0,0,0,0
9/4/2025,BRISYUCV5A,64,64,64,64,100
9/4/2025,BRISZPCG6A,0,0,0,0,0
9/4/2025,BRMS,515,520,492,494,724826900
9/4/2025,BRMSBQCZ5A,67,67,65,66,56400
9/4/2025,BRMSDRCJ6A,55,55,50,50,1336600
9/4/2025,BRMSDRPX5A,18,18,18,18,1000
9/4/2025,BRMSHDCH6A,0,0,0,0,0
9/4/2025,BRMSHDCZ5A,0,0,0,0,0
9/4/2025,BRMSYUCV5A,37,37,36,36,200
9/4/2025,BRMSZPCG6A,0,0,0,0,0
9/4/2025,BRNA,725,730,725,725,20300
9/4/2025,BRPT,2210,2220,2160,2200,49983300
9/4/2025,BRPTBQCV5A,0,0,0,0,0
9/4/2025,BRPTBQCX5B,60,64,59,61,386900
9/4/2025,BRPTBQCZ5A,0,0,0,0,0
9/4/2025,BRPTDRCF6A,181,181,179,179,459000
9/4/2025,BRPTDRCJ6A,92,93,89,93,282000
9/4/2025,BRPTDRCX5A,212,212,212,212,500
9/4/2025,BRPTDRPV5A,0,0,0,0,0
9/4/2025,BRPTHDCH6A,0,0,0,0,0
9/4/2025,BRPTHDCH6B,0,0,0,0,0
9/4/2025,BRPTHDPG6A,0,0,0,0,0
9/4/2025,BRPTYUCZ5A,110,110,110,110,100
9/4/2025,BRPTZPCF6A,200,200,200,200,100
9/4/2025,BRPTZPCX5A,294,294,294,294,500
9/4/2025,BRRC,78,90,76,76,242972700
9/4/2025,BRRC-W,14,18,13,14,89908700
9/4/2025,BSBK,80,81,74,77,205267600
9/4/2025,BSDE,1150,1155,1105,1120,22857900
9/4/2025,BSDEDRCJ6A,54,54,54,54,99900
9/4/2025,BSDEZPCH6A,0,0,0,0,0
9/4/2025,BSIM,890,890,870,885,30100
9/4/2025,BSML,109,111,104,105,23906100
9/4/2025,BSSR,3960,3980,3940,3970,323400
9/4/2025,BSWD,1410,1410,1410,1410,200
9/4/2025,BTEK,16,16,16,16,57018900
9/4/2025,BTEL,0,0,0,0,0
9/4/2025,BTON,384,384,370,378,17600
9/4/2025,BTPN,2090,2120,2090,2120,5200
9/4/2025,BTPS,1455,1480,1455,1460,8204800
9/4/2025,BTPSDRCK6A,0,0,0,0,0
9/4/2025,BTPSHDCJ6A,0,0,0,0,0
9/4/2025,BTPSZPCH6A,0,0,0,0,0
9/4/2025,BUAH,1435,1460,1405,1435,144700
9/4/2025,BUDI,218,222,218,220,19200
9/4/2025,BUKA,174,175,172,175,203558200
9/4/2025,BUKABQCZ5B,20,21,20,21,17600
9/4/2025,BUKADRCK6A,19,19,19,19,800000
9/4/2025,BUKAHDCZ5A,0,0,0,0,0
9/4/2025,BUKK,880,880,855,880,13900
9/4/2025,BULL,155,158,152,153,86314400
9/4/2025,BUMI,113,120,112,112,4498155400
9/4/2025,BUVA,368,380,354,356,152265700
9/4/2025,BVIC,111,113,108,111,12184200
9/4/2025,BVIC-W,48,48,47,47,7400
9/4/2025,BWPT,0,0,0,0,0
9/4/2025,BYAN,18150,18225,18050,18150,10000
9/4/2025,CAKK,156,156,141,142,983400
9/4/2025,CAMP,214,216,210,212,1102000
9/4/2025,CANI,43,43,43,43,534600
9/4/2025,CARE,300,300,292,300,20143900
9/4/2025,CARS,138,147,135,135,191437200
9/4/2025,CASA,1130,1140,1120,1130,4259800
9/4/2025,CASH,101,101,91,91,5656800
9/4/2025,CASS,2650,2690,2570,2580,116600
9/4/2025,CBDK,6425,6450,6250,6275,5785100
9/4/2025,CBMF,0,0,0,0,0
9/4/2025,CBPE,197,199,191,192,158600
9/4/2025,CBRE,362,362,362,362,18547100
9/4/2025,CBUT,1585,1585,1495,1510,78000
9/4/2025,CCSI,376,384,368,380,945100
9/4/2025,CDIA,1450,1455,1425,1430,35707700
9/4/2025,CEKA,2700,2700,2660,2660,6800
9/4/2025,CENT,125,127,120,120,15587700
9/4/2025,CFIN,314,318,312,316,800300
9/4/2025,CGAS,170,172,152,153,90352700
9/4/2025,CHEK,200,204,200,202,13062800
9/4/2025,CHEM,103,103,98,99,17777800
9/4/2025,CHIP,1375,1395,1365,1380,74800
9/4/2025,CINT,163,164,159,159,121100
9/4/2025,CITA,4140,4190,4120,4120,126900
9/4/2025,CITY,105,109,100,105,9060700
9/4/2025,CLAY,1500,1505,1490,1505,135100
9/4/2025,CLEO,555,560,545,555,11382200
9/4/2025,CLPI,1235,1260,1230,1245,105000
9/4/2025,CMNP,1350,1355,1340,1350,54600
9/4/2025,CMNP-W,400,458,400,458,300
9/4/2025,CMNT,855,855,805,815,26676300
9/4/2025,CMPP,93,93,93,93,37100
9/4/2025,CMRY,4950,4980,4880,4980,374900
9/4/2025,CMRYDRCK6A,0,0,0,0,0
9/4/2025,CMRYZPCJ6A,0,0,0,0,0
9/4/2025,CNKO,99,110,99,108,134081400
9/4/2025,CNMA,134,134,131,132,26964400
9/4/2025,CNTB,0,0,0,0,0
9/4/2025,CNTX,0,0,0,0,0
9/4/2025,COAL,60,60,59,59,53801300
9/4/2025,COCO,675,675,580,615,10590500
9/4/2025,COIN,2590,2640,2390,2640,29809400
9/4/2025,COWL,0,0,0,0,0
9/4/2025,CPIN,4440,4560,4370,4520,8489900
9/4/2025,CPINDRCG6A,0,0,0,0,0
9/4/2025,CPINZPCJ6A,40,40,40,40,200000
9/4/2025,CPRI,0,0,0,0,0
9/4/2025,CPRO,60,61,58,58,389544700
9/4/2025,CRAB,240,240,236,238,875100
9/4/2025,CRSN,115,116,110,113,1191900
9/4/2025,CSAP,294,294,290,292,155800
9/4/2025,CSIS,118,120,115,119,2561600
9/4/2025,CSMI,412,412,398,398,499900
9/4/2025,CSRA,840,915,840,860,2141500
9/4/2025,CTBN,0,0,0,0,0
9/4/2025,CTRA,995,1005,985,990,32893400
9/4/2025,CTRADRCJ6A,26,26,26,26,38400
9/4/2025,CTRAYUCZ5A,59,61,59,60,1900
9/4/2025,CTRAZPCG6A,0,0,0,0,0
9/4/2025,CTTH,42,42,42,42,22300
9/4/2025,CUAN,1520,1535,1500,1530,56909500
9/4/2025,CYBR,955,985,940,965,17960700
9/4/2025,CYBR-W,555,555,550,550,1500
9/4/2025,DAAZ,3160,3210,3120,3140,85700
9/4/2025,DADA,42,42,42,42,9294200
9/4/2025,DART,162,169,162,164,45700
9/4/2025,DATA,0,0,0,0,0
9/4/2025,DAYA,1020,1020,1000,1020,10000
9/4/2025,DCII,329925,329925,325025,325025,2300
9/4/2025,DEAL,0,0,0,0,0
9/4/2025,DEFI,424,424,398,398,80500
9/4/2025,DEPO,198,204,197,200,1096000
9/4/2025,DEWA,226,234,222,222,242474500
9/4/2025,DEWI,110,111,108,110,45173700
9/4/2025,DFAM,89,90,80,81,14485900
9/4/2025,DGIK,97,98,95,95,6473600
9/4/2025,DGNS,148,149,146,148,335600
9/4/2025,DGWG,424,424,416,418,8933100
9/4/2025,DIGI,34,34,31,31,3109700
9/4/2025,DILD,138,139,137,138,7271600
9/4/2025,DIVA,138,138,124,126,9524600
9/4/2025,DKFT,780,785,700,710,87091200
9/4/2025,DKHH,112,113,109,109,15247000
9/4/2025,DKHH-W,17,17,16,16,3831500
9/4/2025,DLTA,1975,1980,1950,1965,198900
9/4/2025,DMAS,138,139,137,137,36933300
9/4/2025,DMMX,338,390,338,360,10615500
9/4/2025,DMND,575,575,560,570,41900
9/4/2025,DNAR,122,123,120,120,2867300
9/4/2025,DNET,9225,9325,9200,9300,10500
9/4/2025,DOID,374,374,358,360,41848300
9/4/2025,DOOH,142,154,137,143,255117600
9/4/2025,DOSS,143,149,140,140,1516800
9/4/2025,DPNS,258,268,254,260,58200
9/4/2025,DPUM,66,78,66,68,98809600
9/4/2025,DRMA,1015,1025,985,985,1276000
9/4/2025,DSFI,82,89,81,84,37719100
9/4/2025,DSNG,1685,1685,1605,1625,43266200
9/4/2025,DSNGDRCK6A,84,84,84,84,3200
9/4/2025,DSSA,105000,109500,105000,106200,3785900
9/4/2025,DUCK,0,0,0,0,0
9/4/2025,DUTI,4530,4880,4250,4250,59500
9/4/2025,DVLA,1595,1605,1525,1600,104100
9/4/2025,DWGL,224,230,224,230,89700
9/4/2025,DYAN,89,94,88,90,3542100
9/4/2025,EAST,96,96,94,95,7009200
9/4/2025,ECII,192,192,183,186,481400
9/4/2025,EDGE,4270,4270,4210,4250,15400
9/4/2025,EKAD,187,189,185,187,124600
9/4/2025,ELIT,192,192,187,188,11952300
9/4/2025,ELPI,384,386,366,378,1558000
9/4/2025,ELSA,500,505,496,498,10905400
9/4/2025,ELSADRCJ6A,0,0,0,0,0
9/4/2025,ELSAZPCG6A,0,0,0,0,0
9/4/2025,ELTY,17,17,17,17,105106000
9/4/2025,EMDE,99,101,96,97,4144100
9/4/2025,EMTK,1345,1355,1295,1305,101163600
9/4/2025,EMTKBQCZ5A,0,0,0,0,0
9/4/2025,EMTKDRCK6A,71,71,69,69,160000
9/4/2025,EMTKHDCZ5A,0,0,0,0,0
9/4/2025,EMTKYUCV5A,181,181,181,181,100
9/4/2025,EMTKZPCH6A,168,168,168,168,100
9/4/2025,ENAK,700,700,685,700,840700
9/4/2025,ENRG,640,640,575,600,206748900
9/4/2025,ENRGBQCZ5A,31,31,26,29,31529600
9/4/2025,ENRGDRCJ6A,84,86,78,80,1958700
9/4/2025,ENRGHDCZ5A,230,230,224,230,46200
9/4/2025,ENRGZPCG6A,185,194,184,184,540400
9/4/2025,ENVY,0,0,0,0,0
9/4/2025,ENZO,40,40,37,40,223100
9/4/2025,EPAC,40,42,36,36,11136500
9/4/2025,EPMT,2310,2310,2280,2290,101700
9/4/2025,ERAA,442,450,438,444,38250500
9/4/2025,ERAABQCZ5A,24,24,23,23,42900
9/4/2025,ERAADRCJ6A,12,12,11,12,74900
9/4/2025,ERAAHDCZ5A,36,36,34,34,461600
9/4/2025,ERAAZPCH6A,22,22,22,22,50100
9/4/2025,ERAL,324,330,320,324,8115800
9/4/2025,ERTX,122,139,117,125,13163200
9/4/2025,ESIP,49,50,49,50,648100
9/4/2025,ESSA,595,625,585,605,106629600
9/4/2025,ESSABQCZ5A,41,46,39,46,241100
9/4/2025,ESSAHDCH6A,56,56,54,54,114000
9/4/2025,ESSAYUCZ5A,42,42,41,41,51000
9/4/2025,ESTA,71,72,66,69,6548400
9/4/2025,ESTI,52,54,52,54,602100
9/4/2025,ETWA,0,0,0,0,0
9/4/2025,EURO,254,260,254,256,44400
9/4/2025,EXCL,2750,2750,2700,2740,9286000
9/4/2025,EXCLHDCJ6A,0,0,0,0,0
9/4/2025,EXCLZPCF6A,77,77,77,77,119500
9/4/2025,FAPA,5950,6000,5925,5925,13500
9/4/2025,FAST,332,340,324,336,1919500
9/4/2025,FASW,0,0,0,0,0
9/4/2025,FILM,3310,3830,3220,3800,34699200
9/4/2025,FIMP,0,0,0,0,0
9/4/2025,FIRE,80,84,78,79,21448600
9/4/2025,FISH,0,0,0,0,0
9/4/2025,FITT,380,460,366,368,8252500
9/4/2025,FLMC,0,0,0,0,0
9/4/2025,FMII,362,372,356,356,38300
9/4/2025,FOLK,82,82,76,76,2469800
9/4/2025,FOOD,118,118,118,118,65500
9/4/2025,FORE,525,535,510,520,9708600
9/4/2025,FORU,1170,1240,1165,1170,319200
9/4/2025,FPNI,196,196,192,192,670200
9/4/2025,FUJI,460,540,392,402,116348600
9/4/2025,FUTR,268,300,250,260,361371700
9/4/2025,FWCT,162,162,159,160,1195100
9/4/2025,GAMA,0,0,0,0,0
9/4/2025,GDST,110,110,107,109,243300
9/4/2025,GDYR,1155,1190,1155,1185,2300
9/4/2025,GEMA,117,128,116,121,29706600
9/4/2025,GEMS,9225,9250,9150,9200,182500
9/4/2025,GGRM,8650,8825,8650,8800,1047100
9/4/2025,GGRMZPCG6A,37,38,37,38,600900
9/4/2025,GGRP,228,268,220,236,1978300
9/4/2025,GHON,1685,1730,1685,1685,9500
9/4/2025,GIAA,66,69,66,69,20452100
9/4/2025,GJTL,1035,1045,1020,1030,3918400
9/4/2025,GJTLZPCJ6A,24,24,23,24,228100
9/4/2025,GLOB,57,57,57,57,142600
9/4/2025,GLVA,328,334,324,326,21600
9/4/2025,GMFI,63,63,62,62,525700
9/4/2025,GMTD,2260,2260,2260,2260,200
9/4/2025,GOLD,266,266,258,258,11300
9/4/2025,GOLF,222,222,206,210,7261000
9/4/2025,GOLL,0,0,0,0,0
9/4/2025,GOOD,370,374,366,372,244700
9/4/2025,GOTO,58,59,57,59,1621019900
9/4/2025,GOTOBQCZ5A,2,3,2,3,783500
9/4/2025,GOTODRCG6A,0,0,0,0,0
9/4/2025,GOTOM,0,0,0,0,0
9/4/2025,GOTOZPCH6A,25,26,25,25,44600
9/4/2025,GPRA,132,139,128,129,139806000
9/4/2025,GPSO,282,300,270,270,7895100
9/4/2025,GRIA,140,155,120,125,107677800
9/4/2025,GRPH,79,79,70,72,50024700
9/4/2025,GRPM,55,56,53,54,5223600
9/4/2025,GRPM-W,16,16,14,15,10641900
9/4/2025,GSMF,118,119,113,113,10757900
9/4/2025,GTBO,197,200,191,197,151700
9/4/2025,GTRA,141,141,135,139,852100
9/4/2025,GTSI,97,97,90,92,66359100
9/4/2025,GULA,338,342,326,326,1324700
9/4/2025,GUNA,242,244,240,242,201500
9/4/2025,GWSA,154,155,150,155,429900
9/4/2025,GZCO,220,232,212,218,162718300
9/4/2025,HADE,33,33,33,33,3019500
9/4/2025,HAIS,195,195,190,192,3772600
9/4/2025,HAJJ,125,126,121,122,3817000
9/4/2025,HAJJ-W,19,19,17,17,8127000
9/4/2025,HALO,88,88,84,85,4683600
9/4/2025,HALO-W,16,16,13,14,19237800
9/4/2025,HATM,258,258,250,250,23753900
9/4/2025,HBAT,0,0,0,0,0
9/4/2025,HDFA,128,129,122,125,103100
9/4/2025,HDIT,61,61,55,60,13771200
9/4/2025,HEAL,1620,1645,1610,1635,8330300
9/4/2025,HEALBQCZ5A,31,32,31,32,5000
9/4/2025,HEALDRCJ6A,50,50,50,50,10800
9/4/2025,HEALHDCH6A,0,0,0,0,0
9/4/2025,HEALYUCZ5A,67,67,67,67,300
9/4/2025,HEALZPCH6A,0,0,0,0,0
9/4/2025,HELI,254,254,250,250,531700
9/4/2025,HERO,396,396,392,396,5200
9/4/2025,HEXA,5575,5575,5500,5525,308300
9/4/2025,HGII,148,148,141,147,8423900
9/4/2025,HILL,208,208,204,208,113964500
9/4/2025,HITS,0,0,0,0,0
9/4/2025,HKMU,0,0,0,0,0
9/4/2025,HMSP,535,545,525,535,5734400
9/4/2025,HOKI,80,81,79,79,30774000
9/4/2025,HOME,0,0,0,0,0
9/4/2025,HOMI,210,232,200,212,1183900
9/4/2025,HOPE,162,162,162,162,4195400
9/4/2025,HOTL,0,0,0,0,0
9/4/2025,HRME,39,39,39,39,745400
9/4/2025,HRTA,910,915,820,835,146426200
9/4/2025,HRUM,1075,1075,1035,1035,91352200
9/4/2025,HRUMZPCG6A,61,61,57,57,2352800
9/4/2025,HUMI,168,173,160,161,190831600
9/4/2025,HUMI-W,25,28,24,26,52576100
9/4/2025,HYGN,157,160,152,160,1169300
9/4/2025,IATA,60,60,59,59,13471200
9/4/2025,IATA-W,15,15,15,15,200
9/4/2025,IBFN,30,30,30,30,1359100
9/4/2025,IBOS,40,44,39,44,131679300
9/4/2025,IBST,5975,5975,5975,5975,3000
9/4/2025,ICBP,9300,9300,9200,9250,2740200
9/4/2025,ICBPDRCX6A,0,0,0,0,0
9/4/2025,ICBPHDCJ6A,0,0,0,0,0
9/4/2025,ICBPZPCX5A,0,0,0,0,0
9/4/2025,ICON,52,52,50,50,1662300
9/4/2025,IDEA,91,92,84,84,5354400
9/4/2025,IDPR,246,248,240,240,382000
9/4/2025,IFII,246,254,246,252,2297300
9/4/2025,IFSH,805,850,770,780,88400
9/4/2025,IGAR,515,525,510,525,28300
9/4/2025,IIKP,0,0,0,0,0
9/4/2025,IKAI,22,22,22,22,10038000
9/4/2025,IKAN,137,163,134,142,353140800
9/4/2025,IKBI,545,545,498,498,1080900
9/4/2025,IKPM,226,230,220,224,885300
9/4/2025,IMAS,1170,1170,1125,1130,737100
9/4/2025,IMJS,250,250,238,238,8872500
9/4/2025,IMPC,1430,1575,1315,1430,83634700
9/4/2025,INAF,0,0,0,0,0
9/4/2025,INAI,158,159,155,157,75500
9/4/2025,INCF,41,42,41,42,3141300
9/4/2025,INCI,610,610,600,610,137300
9/4/2025,INCO,3950,3970,3840,3910,12034500
9/4/2025,INCOBQCV5A,50,50,35,40,1739700
9/4/2025,INCODRCK6A,0,0,0,0,0
9/4/2025,INCODRCX5A,100,100,98,98,191800
9/4/2025,INCODRPV5A,0,0,0,0,0
9/4/2025,INCOHDCJ6A,91,94,91,94,49500
9/4/2025,INCOYUCZ5A,93,93,93,93,100
9/4/2025,INCOZPCX5A,153,153,150,150,50100
9/4/2025,INDF,7700,7700,7525,7525,4236900
9/4/2025,INDFBQCV5A,0,0,0,0,0
9/4/2025,INDFDRCX6A,0,0,0,0,0
9/4/2025,INDFHDCJ6A,0,0,0,0,0
9/4/2025,INDO,222,222,210,218,6706500
9/4/2025,INDR,2600,2660,2500,2550,74500
9/4/2025,INDS,226,226,220,222,140800
9/4/2025,INDX,90,91,85,86,4971500
9/4/2025,INDY,1720,1760,1560,1570,170877100
9/4/2025,INDYHDCJ6A,130,150,112,116,7911000
9/4/2025,INDYZPCG6A,76,76,60,60,807900
9/4/2025,INET,226,232,216,220,177434800
9/4/2025,INET-W,135,138,127,131,12211000
9/4/2025,INKP,8025,8075,7875,7900,2938300
9/4/2025,INKPBQCX5A,69,69,69,69,10000
9/4/2025,INKPDRCF6A,204,204,204,204,100
9/4/2025,INKPZPCF6A,0,0,0,0,0
9/4/2025,INOV,100,102,98,99,606700
9/4/2025,INPC,175,175,165,169,18605000
9/4/2025,INPP,800,800,775,800,44800
9/4/2025,INPS,111,112,111,112,110400
9/4/2025,INRU,875,940,760,835,1482600
9/4/2025,INTA,22,23,22,23,14843000
9/4/2025,INTD,196,198,193,194,239600
9/4/2025,INTP,7000,7025,6850,6900,1080900
9/4/2025,INTPZPCG6A,72,72,72,72,20000
9/4/2025,IOTF,104,116,101,102,368142000
9/4/2025,IPAC,152,152,138,150,42400
9/4/2025,IPCC,1095,1115,1095,1110,2345800
9/4/2025,IPCM,294,294,290,294,2063400
9/4/2025,IPOL,144,144,137,139,25100
9/4/2025,IPPE,0,0,0,0,0
9/4/2025,IPTV,44,44,42,42,11248500
9/4/2025,IRRA,428,430,426,426,540000
9/4/2025,IRSX,0,0,0,0,0
9/4/2025,ISAP,36,36,36,36,4677900
9/4/2025,ISAP-W,16,17,14,16,76075300
9/4/2025,ISAT,1960,1975,1950,1965,7376500
9/4/2025,ISATBQCU5A,13,14,12,12,1597300
9/4/2025,ISATDRCG6A,0,0,0,0,0
9/4/2025,ISATDRCX5A,0,0,0,0,0
9/4/2025,ISATHDCJ6A,23,23,23,23,48000
9/4/2025,ISATZPCF6A,0,0,0,0,0
9/4/2025,ISEA,89,115,87,92,311116700
9/4/2025,ISSP,420,420,412,414,2048200
9/4/2025,ITIC,224,226,212,224,743400
9/4/2025,ITMA,1080,1140,1065,1090,2114700
9/4/2025,ITMG,22275,22375,22275,22350,1016800
9/4/2025,ITMGHDCJ6A,155,155,155,155,700
9/4/2025,ITMGZPCJ6A,0,0,0,0,0
9/4/2025,JARR,0,0,0,0,0
9/4/2025,JAST,104,105,101,103,4680100
9/4/2025,JATI,138,142,136,139,2881500
9/4/2025,JAWA,153,156,140,148,2241600
9/4/2025,JAYA,96,96,94,96,426700
9/4/2025,JECC,1160,1205,1130,1150,188100
9/4/2025,JGLE,16,16,16,16,80002500
9/4/2025,JIHD,720,730,685,690,1277600
9/4/2025,JKON,100,100,92,93,32980200
9/4/2025,JMAS,152,153,148,148,184100
9/4/2025,JPFA,1720,1840,1715,1760,109803400
9/4/2025,JPFABQCZ5A,0,0,0,0,0
9/4/2025,JPFADRCJ6A,47,51,47,47,821900
9/4/2025,JPFAHDCZ5A,174,183,164,167,2092700
9/4/2025,JPFAZPCG6A,0,0,0,0,0
9/4/2025,JRPT,820,820,805,805,253300
9/4/2025,JSKY,0,0,0,0,0
9/4/2025,JSMR,3430,3450,3400,3430,3139200
9/4/2025,JSMRDRCK6A,0,0,0,0,0
9/4/2025,JSMRHDCH6A,0,0,0,0,0
9/4/2025,JSMRZPCG6A,39,39,39,39,2800
9/4/2025,JSPT,4000,4050,3980,3990,7900
9/4/2025,JTPE,326,326,324,326,4912900
9/4/2025,KAEF,510,510,500,505,444700
9/4/2025,KAQI,72,75,71,72,32576700
9/4/2025,KARW,670,670,640,640,216300
9/4/2025,KAYU,0,0,0,0,0
9/4/2025,KBAG,43,43,40,42,6070900
9/4/2025,KBLI,378,378,374,378,47100
9/4/2025,KBLM,392,394,380,388,264200
9/4/2025,KBLV,244,250,220,220,87975600
9/4/2025,KBRI,0,0,0,0,0
9/4/2025,KDSI,468,474,456,474,7700
9/4/2025,KDTN,119,119,117,118,68300
9/4/2025,KEEN,840,845,830,835,2797100
9/4/2025,KEJU,620,620,600,600,966300
9/4/2025,KETR,580,695,565,660,46213100
9/4/2025,KIAS,0,0,0,0,0
9/4/2025,KICI,141,152,140,140,1415400
9/4/2025,KIJA,206,206,198,202,268913200
9/4/2025,KING,202,210,200,204,3460700
9/4/2025,KING-W,15,16,14,15,18899800
9/4/2025,KINO,1240,1275,1220,1260,130800
9/4/2025,KIOS,83,93,80,84,202814600
9/4/2025,KJEN,131,134,127,131,851900
9/4/2025,KKES,40,40,38,39,2286800
9/4/2025,KKGI,336,336,328,332,3123800
9/4/2025,KLAS,137,137,133,134,2307400
9/4/2025,KLBF,1200,1205,1170,1180,93346300
9/4/2025,KLBFBQCV5A,5,6,4,5,3376700
9/4/2025,KLBFDRCG6A,20,20,19,19,208600
9/4/2025,KLBFZPCF6A,0,0,0,0,0
9/4/2025,KLBFZPCJ6A,25,25,24,24,200
9/4/2025,KLIN,193,195,188,190,231000
9/4/2025,KMDS,640,645,630,635,352600
9/4/2025,KMTR,324,328,304,308,1204900
9/4/2025,KOBX,143,144,139,141,385700
9/4/2025,KOCI,66,70,63,65,41006700
9/4/2025,KOCI-W,18,18,15,16,37512300
9/4/2025,KOIN,72,72,72,72,3300
9/4/2025,KOKA,98,99,95,96,6422200
9/4/2025,KONI,2090,2090,1905,1925,63100
9/4/2025,KOPI,342,344,334,340,61500
9/4/2025,KOTA,30,30,30,30,20911800
9/4/2025,KPIG,180,206,177,200,330779300
9/4/2025,KRAS,312,312,300,304,14728800
9/4/2025,KREN,17,17,17,17,170899400
9/4/2025,KRYA,212,214,204,206,8112100
9/4/2025,KSIX,238,238,230,234,191300
9/4/2025,KUAS,73,75,71,73,13124800
9/4/2025,LABA,0,0,0,0,0
9/4/2025,LABS,144,144,140,142,512600
9/4/2025,LAJU,66,89,66,69,1490765200
9/4/2025,LAND,43,43,40,40,10353300
9/4/2025,LAPD,0,0,0,0,0
9/4/2025,LCGP,0,0,0,0,0
9/4/2025,LCKM,216,216,214,214,14700
9/4/2025,LEAD,79,79,75,75,18963000
9/4/2025,LFLO,244,244,242,242,2100
9/4/2025,LIFE,0,0,0,0,0
9/4/2025,LINK,3390,3390,3140,3140,103900
9/4/2025,LION,360,360,352,352,31700
9/4/2025,LIVE,166,167,165,166,4547600
9/4/2025,LMAS,0,0,0,0,0
9/4/2025,LMAX,82,83,73,81,11780500
9/4/2025,LMPI,144,144,141,141,318600
9/4/2025,LMSH,0,0,0,0,0
9/4/2025,LOPI,59,59,57,58,3316500
9/4/2025,LPCK,645,660,625,625,1709500
9/4/2025,LPGI,458,458,438,444,99700
9/4/2025,LPIN,420,422,414,418,135300
9/4/2025,LPKR,102,102,100,101,77494000
9/4/2025,LPLI,322,334,314,316,854700
9/4/2025,LPPF,1605,1615,1595,1610,918900
9/4/2025,LPPS,85,91,82,85,15398300
9/4/2025,LRNA,175,177,172,174,9500
9/4/2025,LSIP,1370,1370,1340,1340,4769200
9/4/2025,LSIPDRCK6A,0,0,0,0,0
9/4/2025,LSIPHDCJ6A,0,0,0,0,0
9/4/2025,LSIPYUCZ5A,68,68,66,66,400
9/4/2025,LSIPZPCG6A,60,75,60,71,1200
9/4/2025,LTLS,850,860,850,850,60100
9/4/2025,LUCK,84,85,82,83,2221000
9/4/2025,LUCY,96,102,92,95,5180600
9/4/2025,MABA,0,0,0,0,0
9/4/2025,MAGP,0,0,0,0,0
9/4/2025,MAHA,138,141,135,136,2237300
9/4/2025,MAIN,670,705,670,680,5555100
9/4/2025,MANG,47,51,46,51,47663700
9/4/2025,MANG-W,31,38,30,33,9863400
9/4/2025,MAPA,610,625,605,620,16187600
9/4/2025,MAPABQCZ5A,19,20,19,20,880000
9/4/2025,MAPADRCJ6A,0,0,0,0,0
9/4/2025,MAPAHDCZ5A,35,35,35,35,100
9/4/2025,MAPAZPCH6A,0,0,0,0,0
9/4/2025,MAPB,1750,1770,1680,1750,10300
9/4/2025,MAPI,1185,1195,1165,1170,6944300
9/4/2025,MAPIBQCV5A,5,5,3,3,213800
9/4/2025,MAPIDRCX5A,20,20,18,18,5172500
9/4/2025,MAPIZPCJ6A,50,50,49,50,1100
9/4/2025,MARI,34,34,34,34,2292500
9/4/2025,MARK,640,655,630,635,3930400
9/4/2025,MASA,0,0,0,0,0
9/4/2025,MASB,3260,3340,3250,3340,800
9/4/2025,MAXI,61,62,58,58,112307500
9/4/2025,MAYA,226,230,226,228,6750000
9/4/2025,MBAP,1630,1640,1620,1620,66800
9/4/2025,MBMA,440,446,428,428,249277900
9/4/2025,MBMABQCX5A,19,20,17,18,5223300
9/4/2025,MBMADRCX5A,31,31,27,28,931300
9/4/2025,MBMADRPX5A,20,21,20,21,5100
9/4/2025,MBMAHDCH6A,68,70,66,66,180300
9/4/2025,MBMAZPCX5A,60,60,57,57,226500
9/4/2025,MBSS,1615,1675,1550,1555,3247900
9/4/2025,MBTO,126,130,126,126,279000
9/4/2025,MCAS,840,840,825,835,68400
9/4/2025,MCOL,3810,3890,3650,3780,65900
9/4/2025,MCOR,77,78,75,76,3549800
9/4/2025,MDIA,37,37,37,37,4533500
9/4/2025,MDIY,1080,1085,1050,1060,2975100
9/4/2025,MDKA,2570,2750,2570,2620,191356100
9/4/2025,MDKABQCV5A,153,153,153,153,100
9/4/2025,MDKABQCX5B,55,59,52,52,2153900
9/4/2025,MDKADRCK6A,92,104,92,94,1837000
9/4/2025,MDKADRCV5A,112,122,112,113,109800
9/4/2025,MDKADRPX5A,25,26,25,26,16600
9/4/2025,MDKAHDCU5A,262,262,226,226,125300
9/4/2025,MDKAHDCZ5A,163,175,163,172,6800
9/4/2025,MDKAZPCF6A,100,100,92,92,39600
9/4/2025,MDKI,160,160,156,158,479200
9/4/2025,MDLA,240,244,226,230,14533900
9/4/2025,MDLN,70,75,67,69,100084600
9/4/2025,MDRN,32,33,32,33,46347000
9/4/2025,MEDC,1250,1265,1225,1250,36443900
9/4/2025,MEDCBQCV5A,45,48,45,48,173400
9/4/2025,MEDCBQCX5B,0,0,0,0,0
9/4/2025,MEDCBQCZ5A,30,32,30,32,200
9/4/2025,MEDCDRCG6A,34,34,34,34,40000
9/4/2025,MEDCDRPV5A,0,0,0,0,0
9/4/2025,MEDCHDCH6A,90,90,90,90,500
9/4/2025,MEDCZPCF6A,0,0,0,0,0
9/4/2025,MEDS,85,93,66,67,467735900
9/4/2025,MEGA,3200,3330,3200,3220,17300
9/4/2025,MEJA,108,108,90,90,157366800
9/4/2025,MEJA-W,30,31,20,21,111181100
9/4/2025,MENN,56,57,52,53,122739700
9/4/2025,MERI,244,248,242,244,3135900
9/4/2025,MERK,2830,2830,2800,2800,7400
9/4/2025,META,0,0,0,0,0
9/4/2025,MFIN,1195,1195,1150,1160,520600
9/4/2025,MFMI,0,0,0,0,0
9/4/2025,MGLV,0,0,0,0,0
9/4/2025,MGNA,42,42,42,42,1541400
9/4/2025,MGNA-W,38,39,38,38,30700
9/4/2025,MGRO,715,720,700,715,4522000
9/4/2025,MHKI,151,152,143,145,29201100
9/4/2025,MICE,500,500,490,498,20300
9/4/2025,MIDI,450,454,436,440,4853600
9/4/2025,MIKA,2410,2410,2350,2400,8028800
9/4/2025,MIKAZPCG6A,0,0,0,0,0
9/4/2025,MINA,186,187,174,177,226022700
9/4/2025,MINE,590,590,555,570,6079600
9/4/2025,MIRA,69,69,67,67,28290000
9/4/2025,MITI,276,288,260,264,8509400
9/4/2025,MKAP,362,366,360,360,198200
9/4/2025,MKNT,0,0,0,0,0
9/4/2025,MKPI,25000,25000,23000,24750,8300
9/4/2025,MKTR,136,138,127,136,22466600
9/4/2025,MKTR-W,17,21,16,20,19787600
9/4/2025,MLBI,5900,5925,5825,5875,116800
9/4/2025,MLIA,362,362,356,360,3721600
9/4/2025,MLPL,141,142,135,136,71561100
9/4/2025,MLPT,78000,78000,77900,77925,36100
9/4/2025,MMIX,280,300,274,300,5667800
9/4/2025,MMLP,545,545,540,540,3172200
9/4/2025,MNCN,262,266,258,266,39913300
9/4/2025,MOLI,208,212,204,208,2376100
9/4/2025,MORA,440,460,432,440,77700
9/4/2025,MPIX,70,77,69,72,72350400
9/4/2025,MPIX-W,13,15,12,14,22501500
9/4/2025,MPMX,960,960,955,960,1789100
9/4/2025,MPOW,118,119,116,117,672200
9/4/2025,MPPA,74,75,68,69,48391200
9/4/2025,MPRO,4510,4630,4410,4500,44300
9/4/2025,MPXL,125,128,122,126,5390500
9/4/2025,MRAT,240,240,232,234,230400
9/4/2025,MREI,940,940,925,930,184700
9/4/2025,MSIE,42,46,42,46,5789800
9/4/2025,MSIN,540,665,520,665,161612300
9/4/2025,MSJA,304,306,300,304,2322600
9/4/2025,MSKY,86,113,82,108,618293300
9/4/2025,MSTI,1575,1575,1540,1550,1130400
9/4/2025,MTDL,600,605,590,600,7996100
9/4/2025,MTEL,600,600,585,590,2384400
9/4/2025,MTELDRCK6A,0,0,0,0,0
9/4/2025,MTFN,14,14,14,14,147325700
9/4/2025,MTLA,438,446,438,440,33400
9/4/2025,MTMH,1405,1460,1280,1290,2232800
9/4/2025,MTPS,48,48,45,45,521500
9/4/2025,MTRA,0,0,0,0,0
9/4/2025,MTSM,0,0,0,0,0
9/4/2025,MTWI,374,382,364,382,140500
9/4/2025,MUTU,99,101,97,97,8361100
9/4/2025,MYOH,1700,1700,1655,1680,52300
9/4/2025,MYOR,2130,2130,2080,2130,2719700
9/4/2025,MYORDRCK6A,0,0,0,0,0
9/4/2025,MYORZPCH6A,0,0,0,0,0
9/4/2025,MYTX,0,0,0,0,0
9/4/2025,NAIK,147,148,145,146,13803500
9/4/2025,NAIK-W,26,26,24,25,10033900
9/4/2025,NANO,74,74,74,74,17472000
9/4/2025,NASA,34,36,34,36,2443900
9/4/2025,NASI,89,90,86,88,3807100
9/4/2025,NATO,136,141,132,134,203400
9/4/2025,NAYZ,110,110,91,109,23230600
9/4/2025,NCKL,1080,1085,1030,1030,46148600
9/4/2025,NCKLDRCK6A,44,44,44,44,110000
9/4/2025,NCKLYUCZ5A,90,90,90,90,200
9/4/2025,NCKLZPCJ6A,63,63,62,62,389000
9/4/2025,NELY,348,354,346,352,465200
9/4/2025,NEST,262,280,256,262,11189400
9/4/2025,NETV,134,135,132,134,1689000
9/4/2025,NFCX,1750,1750,1735,1750,37300
9/4/2025,NICE,452,454,430,432,4309700
9/4/2025,NICK,1390,1405,1375,1375,12400
9/4/2025,NICL,1075,1075,1050,1065,17478500
9/4/2025,NIKL,230,232,228,230,868200
9/4/2025,NINE,0,0,0,0,0
9/4/2025,NIRO,122,122,120,120,108900
9/4/2025,NISP,1380,1395,1380,1385,2099700
9/4/2025,NOBU,560,565,550,555,5576800
9/4/2025,NPGF,61,78,59,64,640884400
9/4/2025,NRCA,880,890,840,855,11006600
9/4/2025,NSSS,434,446,434,436,19679600
9/4/2025,NTBK,61,76,59,63,928281700
9/4/2025,NUSA,0,0,0,0,0
9/4/2025,NZIA,95,99,95,96,363600
9/4/2025,OASA,258,270,240,246,435716300
9/4/2025,OBAT,446,456,444,452,2068700
9/4/2025,OBAT-W,92,99,91,96,2881600
9/4/2025,OBMD,276,290,274,280,3088800
9/4/2025,OCAP,0,0,0,0,0
9/4/2025,OILS,140,143,137,138,1537400
9/4/2025,OKAS,286,288,272,272,3712300
9/4/2025,OLIV,72,72,72,72,1273100
9/4/2025,OMED,187,190,184,187,255300
9/4/2025,OMRE,0,0,0,0,0
9/4/2025,OPMS,83,86,81,82,6141400
9/4/2025,PACK,2930,3010,2720,2730,11574600
9/4/2025,PADA,50,50,45,45,20458900
9/4/2025,PADI,73,78,73,78,15738100
9/4/2025,PALM,406,450,406,422,5332000
9/4/2025,PAMG,77,81,76,76,28206900
9/4/2025,PANI,15575,15625,15200,15200,7612800
9/4/2025,PANIBQCZ5A,78,78,78,78,100000
9/4/2025,PANIHDCJ6A,151,152,143,143,658600
9/4/2025,PANIHDCZ5A,208,208,208,208,300
9/4/2025,PANIZPCJ6A,99,99,86,87,3031700
9/4/2025,PANR,755,775,750,755,7736700
9/4/2025,PANS,1395,1400,1375,1390,348600
9/4/2025,PART,115,129,114,124,145264700
9/4/2025,PART-W,21,24,21,23,17227400
9/4/2025,PBID,490,492,488,490,409400
9/4/2025,PBRX,36,39,36,39,106593900
9/4/2025,PBSA,900,900,860,875,4879500
9/4/2025,PCAR,40,42,40,42,5483400
9/4/2025,PDES,478,478,478,478,300
9/4/2025,PDPP,510,510,480,500,575900
9/4/2025,PEGE,113,118,113,115,4197800
9/4/2025,PEHA,334,334,324,330,12300
9/4/2025,PEVE,454,454,440,446,142600
9/4/2025,PGAS,1770,1775,1750,1770,48841200
9/4/2025,PGASBQCU5A,0,0,0,0,0
9/4/2025,PGASBQCZ5A,0,0,0,0,0
9/4/2025,PGASDRCG6A,77,77,77,77,39600
9/4/2025,PGASZPCJ6A,0,0,0,0,0
9/4/2025,PGEO,1435,1465,1420,1445,29239600
9/4/2025,PGEOBQCX5B,0,0,0,0,0
9/4/2025,PGEODRCJ6A,42,44,42,44,2000
9/4/2025,PGEODRPV5A,0,0,0,0,0
9/4/2025,PGEOHDCH6A,59,59,59,59,50000
9/4/2025,PGEOHDCH6B,66,69,66,69,800
9/4/2025,PGEOZPCJ6A,53,53,52,52,10100
9/4/2025,PGJO,0,0,0,0,0
9/4/2025,PGLI,183,183,174,181,67200
9/4/2025,PGUN,0,0,0,0,0
9/4/2025,PICO,147,147,139,142,1010800
9/4/2025,PIPA,180,181,149,156,143728000
9/4/2025,PJAA,500,510,494,498,128800
9/4/2025,PKPK,590,625,580,590,334600
9/4/2025,PLAN,66,66,65,66,12692400
9/4/2025,PLAS,0,0,0,0,0
9/4/2025,PLIN,0,0,0,0,0
9/4/2025,PMJS,119,120,118,118,241200
9/4/2025,PMMP,0,0,0,0,0
9/4/2025,PMUI,135,135,128,129,17645700
9/4/2025,PNBN,1150,1160,1135,1155,6807100
9/4/2025,PNBS,58,59,56,57,50534000
9/4/2025,PNGO,2540,2540,2440,2500,5300
9/4/2025,PNIN,850,850,840,845,445800
9/4/2025,PNLF,260,260,254,256,79211500
9/4/2025,PNLFDRCJ6A,15,15,14,14,40200
9/4/2025,PNLFHDCZ5A,53,53,53,53,100
9/4/2025,PNLFYUCV5A,10,10,10,10,100
9/4/2025,PNLFZPCH6A,44,44,40,40,306400
9/4/2025,PNSE,845,850,815,835,110700
9/4/2025,POLA,24,26,24,24,69236400
9/4/2025,POLI,775,775,765,765,1100
9/4/2025,POLL,0,0,0,0,0
9/4/2025,POLU,7300,8625,7000,8625,292100
9/4/2025,POLY,25,26,25,26,919100
9/4/2025,POOL,0,0,0,0,0
9/4/2025,PORT,910,990,910,915,106000
9/4/2025,POSA,0,0,0,0,0
9/4/2025,POWR,710,715,695,705,2780200
9/4/2025,PPGL,105,106,103,104,317800
9/4/2025,PPRE,120,124,106,107,171977200
9/4/2025,PPRI,262,296,258,286,49440200
9/4/2025,PPRO,0,0,0,0,0
9/4/2025,PRAY,700,700,675,695,13400
9/4/2025,PRDA,2670,2700,2660,2690,34100
9/4/2025,PRIM,93,96,93,93,40820600
9/4/2025,PSAB,625,640,565,565,304807600
9/4/2025,PSAT,1445,1475,1435,1440,664500
9/4/2025,PSDN,102,107,98,105,8285300
9/4/2025,PSGO,206,210,204,206,740500
9/4/2025,PSKT,116,117,116,117,21192800
9/4/2025,PSSI,360,360,352,354,216900
9/4/2025,PTBA,2420,2430,2390,2410,12386800
9/4/2025,PTBABQCV5A,23,23,23,23,4120000
9/4/2025,PTBADRCG6A,0,0,0,0,0
9/4/2025,PTBAYUCZ5A,95,95,93,93,300
9/4/2025,PTBAZPCH6A,0,0,0,0,0
9/4/2025,PTDU,0,0,0,0,0
9/4/2025,PTIS,406,428,398,416,58100
9/4/2025,PTMP,99,100,96,96,11532800
9/4/2025,PTMR,0,0,0,0,0
9/4/2025,PTPP,414,414,400,404,28717000
9/4/2025,PTPS,178,180,171,173,11942600
9/4/2025,PTPW,945,955,945,950,34200
9/4/2025,PTRO,3700,3760,3680,3690,22053000
9/4/2025,PTSN,515,525,464,472,8093600
9/4/2025,PTSP,1030,1280,900,945,1834800
9/4/2025,PUDP,230,232,224,224,29400
9/4/2025,PURA,30,30,30,30,11543100
9/4/2025,PURE,0,0,0,0,0
9/4/2025,PURI,192,192,185,185,293100
9/4/2025,PWON,370,374,368,372,48800800
9/4/2025,PWONHDCZ5A,0,0,0,0,0
9/4/2025,PWONZPCH6A,0,0,0,0,0
9/4/2025,PYFA,650,650,550,570,130840300
9/4/2025,PYFA-W,110,111,100,100,8753600
9/4/2025,PZZA,210,220,206,214,5983300
9/4/2025,R-ABFII,0,0,0,0,0
9/4/2025,R-LQ45X,982,982,976,976,2400
9/4/2025,RAAM,292,294,280,284,16279300
9/4/2025,RAFI,0,0,0,0,0
9/4/2025,RAJA,2730,2880,2690,2710,84956500
9/4/2025,RALS,392,394,390,394,2023100
9/4/2025,RANC,410,418,410,418,2200
9/4/2025,RATU,6025,6200,5950,5975,3701500
9/4/2025,RBMS,34,34,34,34,1264300
9/4/2025,RCCC,188,195,181,181,595500
9/4/2025,RDTX,11825,12200,11825,12075,800
9/4/2025,REAL,49,50,49,50,45959600
9/4/2025,RELF,55,56,55,56,11324400
9/4/2025,RELI,690,690,645,650,31900
9/4/2025,RGAS,118,121,111,112,50979900
9/4/2025,RICY,63,63,63,63,4137100
9/4/2025,RIGS,810,860,800,815,551500
9/4/2025,RIMO,0,0,0,0,0
9/4/2025,RISE,1010,1010,990,1000,641700
9/4/2025,RMKE,955,960,925,940,3924700
9/4/2025,RMKO,159,159,143,143,10332700
9/4/2025,ROCK,625,625,625,625,100
9/4/2025,RODA,46,46,46,46,277800
9/4/2025,RONY,0,0,0,0,0
9/4/2025,ROTI,800,800,795,800,214300
9/4/2025,RSCH,370,374,366,370,7369900
9/4/2025,RSGK,0,0,0,0,0
9/4/2025,RUIS,226,238,224,230,3703400
9/4/2025,RUNS,123,133,109,121,10948600
9/4/2025,SAFE,185,190,185,186,215800
9/4/2025,SAGE,41,42,41,42,7243200
9/4/2025,SAME,352,352,334,334,2363000
9/4/2025,SAMF,334,336,332,332,73000
9/4/2025,SAPX,312,316,304,310,191700
9/4/2025,SATU,248,248,246,246,4166400
9/4/2025,SBAT,0,0,0,0,0
9/4/2025,SBMA,136,140,133,138,4138300
9/4/2025,SCCO,2300,2320,2250,2290,38400
9/4/2025,SCMA,336,336,320,322,151676400
9/4/2025,SCMABQCZ5A,141,141,141,141,100
9/4/2025,SCMADRCK6A,110,110,105,105,22300
9/4/2025,SCMAHDCZ5A,0,0,0,0,0
9/4/2025,SCMAZPCG6A,0,0,0,0,0
9/4/2025,SCNP,186,186,175,180,25100
9/4/2025,SCPI,0,0,0,0,0
9/4/2025,SDMU,55,55,55,55,18063300
9/4/2025,SDPC,134,135,131,133,221000
9/4/2025,SDRA,304,304,300,300,55300
9/4/2025,SEMA,102,102,98,102,3449300
9/4/2025,SFAN,1915,1915,1910,1910,73300
9/4/2025,SGER,336,340,330,336,124045400
9/4/2025,SGRO,4390,4440,4340,4350,717200
9/4/2025,SHID,915,915,905,915,4700
9/4/2025,SHIP,4520,4710,4330,4500,42600
9/4/2025,SICO,127,127,121,122,2167000
9/4/2025,SIDO,525,535,525,530,11915800
9/4/2025,SIDODRCK6A,30,30,30,30,10000
9/4/2025,SILO,2190,2200,2140,2200,580400
9/4/2025,SIMA,0,0,0,0,0
9/4/2025,SIMP,670,675,655,660,26445400
9/4/2025,SINI,3580,3790,3580,3790,39400
9/4/2025,SIPD,735,735,735,735,300
9/4/2025,SKBM,360,360,350,360,4600
9/4/2025,SKLT,196,199,193,193,154600
9/4/2025,SKRN,402,406,398,402,1391200
9/4/2025,SKYB,0,0,0,0,0
9/4/2025,SLIS,101,104,90,90,470619800
9/4/2025,SLIS-W,22,22,17,18,86972100
9/4/2025,SMAR,6000,6000,5675,5850,188200
9/4/2025,SMBR,304,310,292,292,39018700
9/4/2025,SMCB,0,0,0,0,0
9/4/2025,SMDM,830,845,820,830,45400
9/4/2025,SMDR,342,344,334,336,13793700
9/4/2025,SMGA,106,107,99,105,121256800
9/4/2025,SMGR,2820,2840,2770,2780,5462200
9/4/2025,SMGRBQCU5A,2,3,1,1,1957400
9/4/2025,SMGRBQCX5B,71,71,70,70,296000
9/4/2025,SMGRBQCZ5A,0,0,0,0,0
9/4/2025,SMGRDRCV5A,0,0,0,0,0
9/4/2025,SMGRHDCZ5A,0,0,0,0,0
9/4/2025,SMGRZPCJ6A,0,0,0,0,0
9/4/2025,SMIL,484,530,474,520,168958100
9/4/2025,SMKL,167,170,166,168,140600
9/4/2025,SMKM,0,0,0,0,0
9/4/2025,SMLE,151,156,150,150,598000
9/4/2025,SMMA,16800,16825,16050,16200,49800
9/4/2025,SMMT,1095,1270,1095,1210,1336500
9/4/2025,SMRA,456,456,448,452,19427800
9/4/2025,SMRADRCJ6A,34,34,34,34,3100
9/4/2025,SMRAHDCZ5A,0,0,0,0,0
9/4/2025,SMRAZPCH6A,0,0,0,0,0
9/4/2025,SMRU,0,0,0,0,0
9/4/2025,SMSM,1940,1950,1930,1945,518900
9/4/2025,SNLK,470,480,464,476,9233200
9/4/2025,SOCI,192,196,190,193,6678000
9/4/2025,SOFA,50,53,48,53,16830100
9/4/2025,SOHO,755,760,755,760,33400
9/4/2025,SOLA,149,151,146,148,21319800
9/4/2025,SONA,4640,5000,4490,4650,450400
9/4/2025,SOSS,0,0,0,0,0
9/4/2025,SOTS,254,266,254,266,1500
9/4/2025,SOUL,88,88,80,88,3348600
9/4/2025,SPMA,294,294,288,292,97900
9/4/2025,SPRE,85,85,78,79,11582400
9/4/2025,SPTO,670,680,670,670,220500
9/4/2025,SQMI,0,0,0,0,0
9/4/2025,SRAJ,8225,8275,8100,8225,588000
9/4/2025,SRIL,0,0,0,0,0
9/4/2025,SRSN,69,79,66,68,174986800
9/4/2025,SRTG,1905,2200,1905,2030,70362000
9/4/2025,SRTGDRCK6A,101,133,101,111,4893600
9/4/2025,SRTGZPCG6A,109,132,109,112,1954000
9/4/2025,SSIA,2230,2230,2100,2130,38685900
9/4/2025,SSMS,1480,1480,1405,1410,12438300
9/4/2025,SSTM,336,400,280,292,10653200
9/4/2025,STAA,1040,1040,1010,1025,10907600
9/4/2025,STAR,47,47,47,47,345400
9/4/2025,STRK,190,224,188,210,95528100
9/4/2025,STTP,10600,10600,10375,10375,3000
9/4/2025,SUGI,0,0,0,0,0
9/4/2025,SULI,95,97,95,96,1098100
9/4/2025,SUNI,780,795,775,785,429000
9/4/2025,SUPR,0,0,0,0,0
9/4/2025,SURE,3020,3020,2970,3000,10500
9/4/2025,SURI,112,118,108,117,647511100
9/4/2025,SWAT,0,0,0,0,0
9/4/2025,SWID,94,99,94,96,3985400
9/4/2025,TALF,370,374,342,344,83400
9/4/2025,TAMA,36,36,36,36,1046800
9/4/2025,TAMU,27,28,27,28,27571200
9/4/2025,TAPG,1450,1455,1405,1415,16087800
9/4/2025,TAPGDRCJ6A,70,70,69,69,6600
9/4/2025,TAPGHDCH6A,0,0,0,0,0
9/4/2025,TAPGZPCH6A,87,89,87,89,4600
9/4/2025,TARA,33,33,33,33,2268400
9/4/2025,TAXI,15,16,15,16,233881800
9/4/2025,TAYS,80,81,72,76,41061400
9/4/2025,TBIG,1820,1865,1820,1850,865500
9/4/2025,TBLA,765,770,750,750,1606800
9/4/2025,TBMS,1050,1055,1025,1030,57100
9/4/2025,TCID,2470,2500,2450,2470,7700
9/4/2025,TCPI,5725,5800,5600,5700,8930900
9/4/2025,TDPM,0,0,0,0,0
9/4/2025,TEBE,1800,1800,1635,1680,11172500
9/4/2025,TECH,0,0,0,0,0
9/4/2025,TELE,0,0,0,0,0
9/4/2025,TFAS,133,147,133,136,2359100
9/4/2025,TFCO,0,0,0,0,0
9/4/2025,TGKA,5775,5775,5775,5775,300
9/4/2025,TGRA,0,0,0,0,0
9/4/2025,TGUK,0,0,0,0,0
9/4/2025,TIFA,406,420,402,408,38600
9/4/2025,TINS,1075,1080,1030,1030,25495400
9/4/2025,TIRA,1600,1610,1540,1590,35800
9/4/2025,TIRT,0,0,0,0,0
9/4/2025,TKIM,7775,7825,7575,7575,1396700
9/4/2025,TKIMHDCJ6A,0,0,0,0,0
9/4/2025,TKIMZPCG6A,126,126,123,123,688600
9/4/2025,TLDN,765,765,705,720,4525200
9/4/2025,TLKM,3090,3170,3090,3150,37223800
9/4/2025,TLKMBQCV5A,0,0,0,0,0
9/4/2025,TLKMDRCJ6A,81,81,80,81,1500
9/4/2025,TLKMDRCX6A,0,0,0,0,0
9/4/2025,TLKMHDCJ6A,58,58,58,58,25700
9/4/2025,TLKMHDCV5A,292,292,292,292,100
9/4/2025,TLKMZPCF6A,100,100,100,100,100
9/4/2025,TMAS,135,140,135,138,2843800
9/4/2025,TMPO,264,264,228,228,20364000
9/4/2025,TNCA,176,182,172,174,905400
9/4/2025,TOBA,1270,1280,1230,1230,51170700
9/4/2025,TOOL,65,72,64,65,58533400
9/4/2025,TOPS,0,0,0,0,0
9/4/2025,TOSK,75,76,64,65,357439000
9/4/2025,TOTL,760,780,755,770,2245300
9/4/2025,TOTO,258,258,254,258,994100
9/4/2025,TOWR,600,610,595,600,39315600
9/4/2025,TOYS,0,0,0,0,0
9/4/2025,TPIA,8150,8175,8075,8125,3507500
9/4/2025,TPMA,585,590,580,585,4036000
9/4/2025,TRAM,0,0,0,0,0
9/4/2025,TRGU,177,177,172,174,296800
9/4/2025,TRIL,0,0,0,0,0
9/4/2025,TRIM,382,390,374,376,1047900
9/4/2025,TRIN,93,95,92,94,2617600
9/4/2025,TRIN-W2,0,0,0,0,0
9/4/2025,TRIO,0,0,0,0,0
9/4/2025,TRIS,197,200,193,197,715700
9/4/2025,TRJA,138,139,136,137,621500
9/4/2025,TRON,91,92,88,89,10541200
9/4/2025,TRST,490,496,480,496,33800
9/4/2025,TRUE,58,60,58,60,13735400
9/4/2025,TRUK,204,212,193,196,2048700
9/4/2025,TRUS,486,486,472,472,11700
9/4/2025,TSPC,2260,2270,2250,2270,330000
9/4/2025,TUGU,965,965,955,960,2414600
9/4/2025,TYRE,131,132,127,129,510000
9/4/2025,UANG,775,775,775,775,939500
9/4/2025,UCID,460,462,454,460,5625600
9/4/2025,UDNG,0,0,0,0,0
9/4/2025,UFOE,177,177,174,175,78100
9/4/2025,ULTJ,1280,1285,1270,1275,1594100
9/4/2025,UNIC,7975,8075,7975,7975,1700
9/4/2025,UNIQ,384,384,342,362,38750700
9/4/2025,UNIT,0,0,0,0,0
9/4/2025,UNSP,172,172,168,168,633900
9/4/2025,UNTD,84,85,83,83,9968500
9/4/2025,UNTR,25925,26000,25325,25350,3176800
9/4/2025,UNTRBQCV5A,96,97,95,95,161900
9/4/2025,UNTRDRCG6A,147,147,145,145,31000
9/4/2025,UNTRZPCJ6A,143,143,143,143,5000
9/4/2025,UNVR,1705,1735,1700,1705,27702300
9/4/2025,UNVRBQCU5A,14,16,13,14,6251800
9/4/2025,UNVRBQCZ5A,81,82,81,82,131000
9/4/2025,UNVRDRCG6A,0,0,0,0,0
9/4/2025,UNVRHDPG6A,0,0,0,0,0
9/4/2025,UNVRZPCH6A,0,0,0,0,0
9/4/2025,URBN,149,149,138,139,437600
9/4/2025,UVCR,75,81,73,75,32084300
9/4/2025,VAST,177,179,173,175,2729700
9/4/2025,VAST-W,15,15,14,14,5063400
9/4/2025,VERN,142,142,132,132,14610600
9/4/2025,VERN-W,8,9,6,7,71129200
9/4/2025,VICI,615,620,610,615,622800
9/4/2025,VICO,183,194,180,184,2025700
9/4/2025,VINS,126,133,124,126,315700
9/4/2025,VISI,143,148,141,142,8722700
9/4/2025,VIVA,34,34,34,34,36451600
9/4/2025,VKTR,123,124,111,111,48452900
9/4/2025,VOKS,268,270,254,254,395700
9/4/2025,VRNA,93,94,91,91,1436100
9/4/2025,VTNY,107,108,99,104,15766200
9/4/2025,WAPO,206,242,198,206,114219600
9/4/2025,WEGE,90,96,78,79,846527300
9/4/2025,WEHA,118,119,115,117,1164800
9/4/2025,WGSH,173,176,166,168,1056800
9/4/2025,WICO,0,0,0,0,0
9/4/2025,WIDI,55,55,55,55,10517100
9/4/2025,WIFI,2570,2670,2530,2580,76893700
9/4/2025,WIIM,790,800,785,795,691300
9/4/2025,WIKA,0,0,0,0,0
9/4/2025,WINE,214,218,212,214,433200
9/4/2025,WINR,29,30,29,30,26231700
9/4/2025,WINS,408,408,402,402,2104100
9/4/2025,WIRG,180,187,174,177,797373300
9/4/2025,WMPP,0,0,0,0,0
9/4/2025,WMUU,18,18,17,17,120689400
9/4/2025,WOMF,340,342,338,342,44400
9/4/2025,WOOD,378,380,362,370,4986400
9/4/2025,WOWS,145,146,123,123,258293100
9/4/2025,WSBP,33,33,33,33,380384100
9/4/2025,WSKT,0,0,0,0,0
9/4/2025,WTON,112,113,102,105,71096300
9/4/2025,XAQA,0,0,0,0,0
9/4/2025,XBES,1041,1041,1041,1041,10000
9/4/2025,XBID,509,509,509,509,40000
9/4/2025,XBIG,0,0,0,0,0
9/4/2025,XBIN,580,580,577,577,41800
9/4/2025,XBLQ,484,484,484,484,27000
9/4/2025,XBNI,0,0,0,0,0
9/4/2025,XBSK,449,449,449,449,40000
9/4/2025,XCEG,109,109,108,108,600
9/4/2025,XCID,68,90,68,68,28776200
9/4/2025,XCIS,98,98,87,92,6900
9/4/2025,XCLQ,75,96,75,86,16400
9/4/2025,XDIF,0,0,0,0,0
9/4/2025,XIFE,108,108,108,108,33600
9/4/2025,XIHD,632,632,631,631,1700
9/4/2025,XIIC,0,0,0,0,0
9/4/2025,XIID,0,0,0,0,0
9/4/2025,XIIF,466,466,466,466,2000
9/4/2025,XIIT,510,511,510,511,1200
9/4/2025,XIJI,616,621,616,621,600
9/4/2025,XILV,99,120,99,117,24100
9/4/2025,XIML,310,310,260,261,1200
9/4/2025,XIPB,197,197,197,197,5100
9/4/2025,XIPI,0,0,0,0,0
9/4/2025,XISB,0,0,0,0,0
9/4/2025,XISC,0,0,0,0,0
9/4/2025,XISI,0,0,0,0,0
9/4/2025,XISR,446,446,445,445,11200
9/4/2025,XKID,944,944,944,944,100
9/4/2025,XKIV,591,591,591,591,40000
9/4/2025,XKMS,1138,1140,1138,1139,200000
9/4/2025,XMGB,1117,1117,1117,1117,500
9/4/2025,XMIG,217,217,217,217,200000
9/4/2025,XMLF,879,879,879,879,40000
9/4/2025,XMSK,389,389,389,389,2600
9/4/2025,XNVE,0,0,0,0,0
9/4/2025,XPDV,555,640,555,640,5800
9/4/2025,XPFT,0,0,0,0,0
9/4/2025,XPIN,649,649,646,646,5600
9/4/2025,XPLQ,650,650,455,470,15800
9/4/2025,XPSG,0,0,0,0,0
9/4/2025,XPTD,0,0,0,0,0
9/4/2025,XSBC,108,108,101,102,76500
9/4/2025,XSPI,0,0,0,0,0
9/4/2025,XSSI,83,85,80,81,217000
9/4/2025,XSSK,697,697,697,697,20000
9/4/2025,YELO,64,64,61,61,5025400
9/4/2025,YOII,96,97,94,96,2771800
9/4/2025,YPAS,0,0,0,0,0
9/4/2025,YULE,2700,2700,2700,2700,500
9/4/2025,YUPI,1625,1630,1600,1615,23300
9/4/2025,ZATA,26,26,26,26,10837200
9/4/2025,ZBRA,0,0,0,0,0
9/4/2025,ZINC,22,22,22,22,30593000
9/4/2025,ZONE,740,745,735,740,127500
9/4/2025,ZYRX,158,162,154,155,3224100
