<date>,<ticker>,<open>,<high>,<low>,<close>,<volume>
8/21/2025,IHSG,7903.290,7952.592,7848.883,7890.715,2467158012
8/21/2025,IDX30,0.000,0.000,0.000,0.000,0
8/21/2025,IDX80,0.000,0.000,0.000,0.000,0
8/21/2025,AADI,6875,6950,6850,6850,6863500
8/21/2025,AALI,7400,7400,7250,7350,1643800
8/21/2025,ABBA,38,38,37,38,1736200
8/21/2025,ABDA,0,0,0,0,0
8/21/2025,ABMM,2970,3010,2970,3000,989800
8/21/2025,ACES,456,466,456,460,44021800
8/21/2025,ACESBQCV5A,2,3,2,2,572800
8/21/2025,ACESBQCX5B,16,16,14,14,58800
8/21/2025,ACESBQCZ5A,32,32,32,32,379200
8/21/2025,ACESDRCJ6A,17,17,17,17,205000
8/21/2025,ACESHDCZ5A,44,44,44,44,100
8/21/2025,ACESZPCJ6A,26,26,26,26,11500
8/21/2025,ACRO,75,99,73,99,352293600
8/21/2025,ACRO-W,7,10,7,10,77314300
8/21/2025,ACST,134,163,134,163,239320700
8/21/2025,ADCP,50,51,50,50,18836100
8/21/2025,ADES,13700,13925,13525,13550,38600
8/21/2025,ADHI,286,318,286,296,358321400
8/21/2025,ADMF,9150,9150,9100,9125,19600
8/21/2025,ADMG,134,140,128,138,2071600
8/21/2025,ADMR,1060,1060,1015,1020,16708400
8/21/2025,ADMRDRCJ6A,37,37,35,35,113200
8/21/2025,ADMRZPCH6A,57,57,55,55,401900
8/21/2025,ADRO,1810,1830,1780,1780,81542300
8/21/2025,ADROBQCU5A,9,9,8,8,20600
8/21/2025,ADROBQCZ5A,24,24,24,24,3082800
8/21/2025,ADRODRCJ6A,68,68,66,66,11500
8/21/2025,ADRODRCX5A,43,43,41,41,376200
8/21/2025,ADROHDCQ5A,0,0,0,0,0
8/21/2025,ADROHDCZ5A,65,65,65,65,6000
8/21/2025,ADROYUCZ5A,85,85,85,85,100
8/21/2025,ADROZPCF6A,0,0,0,0,0
8/21/2025,AEGS,50,53,48,53,21918800
8/21/2025,AGAR,242,244,234,236,164200
8/21/2025,AGII,900,910,885,885,651900
8/21/2025,AGRO,246,248,240,240,26827000
8/21/2025,AGRS,73,73,71,71,7875900
8/21/2025,AHAP,76,81,74,76,38804000
8/21/2025,AIMS,366,366,362,362,67200
8/21/2025,AISA,124,130,124,128,16204800
8/21/2025,AKKU,0,0,0,0,0
8/21/2025,AKPI,580,680,540,555,380300
8/21/2025,AKRA,1230,1255,1220,1225,19274600
8/21/2025,AKRABQCX5B,0,0,0,0,0
8/21/2025,AKRADRCX5A,37,37,37,37,100
8/21/2025,AKRAHDCH6A,0,0,0,0,0
8/21/2025,AKRAHDCQ5A,0,0,0,0,0
8/21/2025,AKRAZPCJ6A,0,0,0,0,0
8/21/2025,AKRAZPCX5A,64,65,64,65,742300
8/21/2025,AKSI,258,260,246,250,497100
8/21/2025,ALDO,496,498,496,496,23800
8/21/2025,ALII,565,575,560,560,2293500
8/21/2025,ALKA,312,322,310,316,11800
8/21/2025,ALMI,0,0,0,0,0
8/21/2025,ALTO,0,0,0,0,0
8/21/2025,AMAG,372,384,362,370,123200
8/21/2025,AMAN,120,123,119,122,5368400
8/21/2025,AMAR,216,218,210,216,1554200
8/21/2025,AMFG,3030,3050,3020,3050,131000
8/21/2025,AMIN,187,204,186,191,1174200
8/21/2025,AMMN,8500,8775,8500,8725,72218800
8/21/2025,AMMNBQCZ5A,55,58,55,58,103200
8/21/2025,AMMNDRCJ6A,86,86,86,86,669700
8/21/2025,AMMNHDCH6A,0,0,0,0,0
8/21/2025,AMMNZPCG6A,70,72,70,72,1100
8/21/2025,AMMS,141,158,130,158,18022400
8/21/2025,AMOR,498,500,492,498,50800
8/21/2025,AMRT,2310,2430,2270,2410,29334500
8/21/2025,AMRTBQCU5A,9,14,5,5,3457400
8/21/2025,AMRTDRCZ5A,48,48,48,48,100
8/21/2025,AMRTHDCJ6A,39,44,39,44,60400
8/21/2025,AMRTHDCQ5A,4,5,4,4,1011300
8/21/2025,AMRTZPCX5A,0,0,0,0,0
8/21/2025,ANDI,25,25,25,25,48852300
8/21/2025,ANJT,1755,1790,1750,1775,3152200
8/21/2025,ANTM,2860,2880,2810,2830,66397100
8/21/2025,ANTMBQCU5A,0,0,0,0,0
8/21/2025,ANTMBQCX5A,0,0,0,0,0
8/21/2025,ANTMBQCZ5A,570,570,570,570,400
8/21/2025,ANTMDRCG6A,44,44,42,42,34100
8/21/2025,ANTMDRCX5A,266,266,256,258,229800
8/21/2025,ANTMDRPU5A,0,0,0,0,0
8/21/2025,ANTMDRPU5B,18,18,18,18,1000
8/21/2025,ANTMHDCH6A,75,75,73,73,22000
8/21/2025,ANTMHDCH6B,0,0,0,0,0
8/21/2025,ANTMHDCQ5A,0,0,0,0,0
8/21/2025,ANTMHDCU5A,0,0,0,0,0
8/21/2025,ANTMZPCJ6A,61,61,61,61,200000
8/21/2025,ANTMZPCX5A,0,0,0,0,0
8/21/2025,APEX,127,130,124,126,81152100
8/21/2025,APIC,1150,1165,1140,1155,4964900
8/21/2025,APII,174,178,171,177,122200
8/21/2025,APLI,484,490,470,488,4600
8/21/2025,APLN,113,114,106,108,45785800
8/21/2025,ARCI,675,675,625,650,20569500
8/21/2025,AREA,450,550,450,530,8065000
8/21/2025,ARGO,1595,1650,1500,1535,165700
8/21/2025,ARII,270,270,258,268,408800
8/21/2025,ARKA,32,33,32,33,5978000
8/21/2025,ARKO,1395,1455,1325,1455,5948400
8/21/2025,ARMY,0,0,0,0,0
8/21/2025,ARNA,580,580,570,580,2587300
8/21/2025,ARTA,3220,3800,3080,3800,21800
8/21/2025,ARTI,0,0,0,0,0
8/21/2025,ARTO,2260,2300,2200,2210,8754200
8/21/2025,ARTOBQCU5A,10,10,6,7,917500
8/21/2025,ARTOBQCX5B,0,0,0,0,0
8/21/2025,ARTOBQCZ5A,33,34,32,32,206800
8/21/2025,ARTODRCX5A,63,65,60,60,189100
8/21/2025,ARTOHDCZ5A,142,142,142,142,200000
8/21/2025,ARTOZPCX5A,65,65,65,65,500000
8/21/2025,ASBI,454,474,436,440,75500
8/21/2025,ASDM,550,580,540,550,173500
8/21/2025,ASGR,1070,1090,1055,1080,2224700
8/21/2025,ASHA,25,25,24,25,25786100
8/21/2025,ASII,5525,5650,5500,5625,76746200
8/21/2025,ASIIBQCU5A,0,0,0,0,0
8/21/2025,ASIIBQCZ5A,0,0,0,0,0
8/21/2025,ASIIDRCQ5B,0,0,0,0,0
8/21/2025,ASIIDRCX5A,132,132,132,132,2200
8/21/2025,ASIIDRCX6A,3490,3490,3490,3490,100
8/21/2025,ASIIHDCZ5A,0,0,0,0,0
8/21/2025,ASIIZPCJ6A,124,124,124,124,100
8/21/2025,ASJT,106,107,106,106,35800
8/21/2025,ASLC,104,127,104,117,2049566800
8/21/2025,ASLI,0,0,0,0,0
8/21/2025,ASMI,21,21,21,21,5854100
8/21/2025,ASPI,398,408,368,374,4205100
8/21/2025,ASPR,98,98,96,96,6231500
8/21/2025,ASRI,186,187,176,183,195316800
8/21/2025,ASRM,278,282,276,282,22900
8/21/2025,ASSA,930,955,920,925,13225000
8/21/2025,ATAP,34,34,32,32,889800
8/21/2025,ATIC,400,406,394,404,323500
8/21/2025,ATLA,50,50,50,50,7384900
8/21/2025,AUTO,2310,2350,2290,2300,5406300
8/21/2025,AUTOZPCJ6A,33,33,32,32,42200
8/21/2025,AVIA,426,428,422,424,14366000
8/21/2025,AVIAZPCJ6A,20,20,20,20,501000
8/21/2025,AWAN,264,270,254,260,18761500
8/21/2025,AXIO,126,131,125,130,3877000
8/21/2025,AYAM,174,174,163,166,149246000
8/21/2025,AYLS,109,109,105,106,2634000
8/21/2025,BABP,53,54,52,53,21377000
8/21/2025,BABY,358,360,342,352,7418200
8/21/2025,BACA,134,134,131,132,1495600
8/21/2025,BAIK,120,122,112,114,29168200
8/21/2025,BAIK-W,9,9,8,8,571500
8/21/2025,BAJA,133,138,131,134,7158100
8/21/2025,BALI,1425,1425,1370,1390,11300
8/21/2025,BANK,830,845,820,830,6641400
8/21/2025,BANK-W,0,0,0,0,0
8/21/2025,BAPA,57,63,56,61,27092200
8/21/2025,BAPI,14,14,14,14,14276200
8/21/2025,BATA,46,50,46,50,80700
8/21/2025,BATR,102,105,100,102,6014300
8/21/2025,BAUT,36,36,36,36,8890800
8/21/2025,BAYU,1300,1360,1295,1340,598100
8/21/2025,BBCA,8550,8575,8500,8550,69470200
8/21/2025,BBCABQCV5A,17,18,16,16,654900
8/21/2025,BBCABQCX5A,0,0,0,0,0
8/21/2025,BBCADRCF6A,64,64,62,62,21600
8/21/2025,BBCADRCX6A,0,0,0,0,0
8/21/2025,BBCAHDCQ5A,0,0,0,0,0
8/21/2025,BBCAHDCQ7A,0,0,0,0,0
8/21/2025,BBCAHDCU5A,0,0,0,0,0
8/21/2025,BBCAHDCV5A,0,0,0,0,0
8/21/2025,BBCAZPCF6A,0,0,0,0,0
8/21/2025,BBCAZPCH6A,0,0,0,0,0
8/21/2025,BBHI,1585,1585,1535,1535,1017700
8/21/2025,BBKP,61,63,61,62,121743300
8/21/2025,BBLD,1120,1200,1070,1125,325000
8/21/2025,BBMD,0,0,0,0,0
8/21/2025,BBNI,4420,4490,4400,4490,60899400
8/21/2025,BBNIBQCU5A,0,0,0,0,0
8/21/2025,BBNIBQCV5A,0,0,0,0,0
8/21/2025,BBNIDRCX6A,2570,2570,2570,2570,100
8/21/2025,BBNIDRCZ5A,69,70,69,70,400000
8/21/2025,BBNIDRPU5A,12,12,12,12,2100
8/21/2025,BBNIHDCQ7A,0,0,0,0,0
8/21/2025,BBNIHDCU5A,0,0,0,0,0
8/21/2025,BBNIHDPU5A,0,0,0,0,0
8/21/2025,BBNIYUCV5A,72,73,72,73,200
8/21/2025,BBNIZPCH6A,0,0,0,0,0
8/21/2025,BBNIZPCX5A,0,0,0,0,0
8/21/2025,BBRI,4160,4170,4090,4150,112477700
8/21/2025,BBRIBQCQ5A,2,3,2,3,1323100
8/21/2025,BBRIBQCU5A,0,0,0,0,0
8/21/2025,BBRIBQCZ5A,107,107,106,106,7000000
8/21/2025,BBRIDRCX5A,177,178,175,175,70000
8/21/2025,BBRIDRCX6A,0,0,0,0,0
8/21/2025,BBRIHDCH6A,0,0,0,0,0
8/21/2025,BBRIHDCQ5A,0,0,0,0,0
8/21/2025,BBRIHDCQ7A,108,108,107,107,4500
8/21/2025,BBRIYUCV5A,0,0,0,0,0
8/21/2025,BBRIZPCH6A,0,0,0,0,0
8/21/2025,BBRIZPCX5A,0,0,0,0,0
8/21/2025,BBRM,78,82,76,78,2488300
8/21/2025,BBSI,4010,4030,4010,4030,13600
8/21/2025,BBSS,258,266,246,254,278000
8/21/2025,BBTN,1325,1335,1270,1280,31318800
8/21/2025,BBTNHDCZ5A,0,0,0,0,0
8/21/2025,BBTNYUCZ5A,76,76,76,76,100
8/21/2025,BBTNZPCG6A,57,57,57,57,15900
8/21/2025,BBYB,354,358,338,346,103638300
8/21/2025,BCAP,64,66,63,65,37664200
8/21/2025,BCIC,0,0,0,0,0
8/21/2025,BCIP,102,102,96,96,26833400
8/21/2025,BDKR,153,153,149,150,14763400
8/21/2025,BDMN,2540,2620,2540,2570,1869900
8/21/2025,BEBS,0,0,0,0,0
8/21/2025,BEEF,300,300,288,290,2592000
8/21/2025,BEER,125,130,111,113,29012200
8/21/2025,BEKS,25,25,25,25,21484500
8/21/2025,BELI,372,378,368,372,746600
8/21/2025,BELL,55,58,54,55,41511600
8/21/2025,BESS,1015,1015,995,1000,36500
8/21/2025,BEST,111,111,107,108,24327200
8/21/2025,BFIN,865,875,860,875,3709400
8/21/2025,BGTG,108,109,100,103,103975700
8/21/2025,BHAT,880,880,865,880,1960200
8/21/2025,BHIT,30,30,30,30,14738100
8/21/2025,BIKA,0,0,0,0,0
8/21/2025,BIKE,850,855,835,840,4751400
8/21/2025,BIMA,52,55,52,55,22600
8/21/2025,BINA,4400,4490,4340,4400,8300
8/21/2025,BINO,126,130,122,125,4321500
8/21/2025,BIPI,88,89,86,86,305391200
8/21/2025,BIPP,40,40,40,40,10200
8/21/2025,BIRD,1890,1915,1880,1885,1481800
8/21/2025,BISI,885,895,885,890,35900
8/21/2025,BJBR,800,810,795,800,2632600
8/21/2025,BJTM,520,525,515,520,6070000
8/21/2025,BKDP,36,37,36,36,106300
8/21/2025,BKSL,158,158,149,150,480759300
8/21/2025,BKSW,65,65,62,64,6634100
8/21/2025,BLES,158,162,155,157,13131300
8/21/2025,BLOG,505,515,500,510,3149900
8/21/2025,BLTA,21,21,21,21,9706700
8/21/2025,BLTZ,1800,1800,1800,1800,400
8/21/2025,BLUE,312,326,310,324,2112300
8/21/2025,BMAS,720,720,700,700,17700
8/21/2025,BMBL,30,30,28,30,8231900
8/21/2025,BMHS,192,193,189,190,4595600
8/21/2025,BMRI,4950,4950,4860,4900,132019200
8/21/2025,BMRIBQCU5A,3,4,3,3,2476700
8/21/2025,BMRIBQCZ5A,69,69,68,69,207000
8/21/2025,BMRIDRCX5A,68,70,68,70,18000
8/21/2025,BMRIDRCX6A,2510,2510,2510,2510,100
8/21/2025,BMRIHDCQ5A,0,0,0,0,0
8/21/2025,BMRIHDCQ7A,0,0,0,0,0
8/21/2025,BMRIHDCU5A,0,0,0,0,0
8/21/2025,BMRIHDPU5A,0,0,0,0,0
8/21/2025,BMRIZPCH6A,73,73,72,72,1900
8/21/2025,BMRIZPCX5A,45,45,44,44,1699500
8/21/2025,BMSR,254,260,250,256,147400
8/21/2025,BMTR,140,142,138,141,32793700
8/21/2025,BNBA,820,825,805,805,66400
8/21/2025,BNBR,44,44,40,40,27772000
8/21/2025,BNGA,1740,1750,1725,1725,3577000
8/21/2025,BNGAZPCH6A,0,0,0,0,0
8/21/2025,BNII,212,214,210,212,1602400
8/21/2025,BNLI,3120,3120,3060,3080,36300
8/21/2025,BOAT,108,112,105,108,8669700
8/21/2025,BOBA,189,206,188,199,1118400
8/21/2025,BOGA,585,585,560,575,414600
8/21/2025,BOLA,190,240,185,195,16882300
8/21/2025,BOLT,1070,1070,1065,1070,8800
8/21/2025,BOSS,0,0,0,0,0
8/21/2025,BPFI,338,356,334,350,30000
8/21/2025,BPII,575,585,570,585,179000
8/21/2025,BPTR,99,100,97,99,567700
8/21/2025,BRAM,5175,5325,5175,5175,1800
8/21/2025,BREN,8600,8600,8250,8425,23015500
8/21/2025,BRIS,2800,2800,2750,2770,14435300
8/21/2025,BRISBQCZ5A,0,0,0,0,0
8/21/2025,BRISDRCJ6A,0,0,0,0,0
8/21/2025,BRISHDCH6A,72,72,71,71,1600
8/21/2025,BRISHDCZ5A,0,0,0,0,0
8/21/2025,BRISYUCV5A,82,82,82,82,100
8/21/2025,BRISZPCG6A,0,0,0,0,0
8/21/2025,BRMS,484,500,474,482,1056587600
8/21/2025,BRMSBQCZ5A,63,68,61,61,19990900
8/21/2025,BRMSDRCJ6A,49,53,48,48,9358700
8/21/2025,BRMSDRPX5A,25,25,22,23,3900
8/21/2025,BRMSHDCH6A,96,96,96,96,4000
8/21/2025,BRMSHDCZ5A,0,0,0,0,0
8/21/2025,BRMSYUCV5A,37,40,37,37,610600
8/21/2025,BRMSZPCG6A,77,82,74,75,2290100
8/21/2025,BRNA,775,775,730,750,367300
8/21/2025,BRPT,2350,2380,2240,2280,103405100
8/21/2025,BRPTBQCQ5A,0,0,0,0,0
8/21/2025,BRPTBQCV5A,0,0,0,0,0
8/21/2025,BRPTBQCX5B,80,80,78,78,200
8/21/2025,BRPTBQCZ5A,0,0,0,0,0
8/21/2025,BRPTDRCF6A,202,202,202,202,10000
8/21/2025,BRPTDRCJ6A,107,111,101,102,79200
8/21/2025,BRPTDRCX5A,242,242,224,224,589200
8/21/2025,BRPTDRPV5A,9,11,9,11,404000
8/21/2025,BRPTHDCH6A,0,0,0,0,0
8/21/2025,BRPTHDCH6B,136,136,136,136,100
8/21/2025,BRPTHDCQ5A,0,0,0,0,0
8/21/2025,BRPTHDPG6A,0,0,0,0,0
8/21/2025,BRPTYUCZ5A,0,0,0,0,0
8/21/2025,BRPTZPCF6A,0,0,0,0,0
8/21/2025,BRPTZPCX5A,324,324,324,324,500
8/21/2025,BRRC,83,92,81,83,131835200
8/21/2025,BRRC-W,10,10,9,9,1264400
8/21/2025,BSBK,52,52,51,52,26369900
8/21/2025,BSDE,995,1000,940,950,40744600
8/21/2025,BSDEDRCJ6A,38,38,34,34,35871000
8/21/2025,BSDEZPCH6A,54,54,49,49,5000100
8/21/2025,BSIM,890,1000,885,930,581100
8/21/2025,BSML,103,104,101,102,31806500
8/21/2025,BSSR,3900,3920,3900,3910,266800
8/21/2025,BSWD,0,0,0,0,0
8/21/2025,BTEK,8,8,8,8,49769300
8/21/2025,BTEL,0,0,0,0,0
8/21/2025,BTON,388,388,384,388,1200
8/21/2025,BTPN,2110,2110,2100,2110,21100
8/21/2025,BTPS,1465,1475,1445,1455,8559000
8/21/2025,BTPSZPCH6A,40,45,40,45,300
8/21/2025,BUAH,1325,1370,1300,1320,168300
8/21/2025,BUDI,224,224,220,220,78300
8/21/2025,BUKA,177,178,174,176,134999100
8/21/2025,BUKABQCZ5B,22,23,22,23,3145600
8/21/2025,BUKAHDCZ5A,0,0,0,0,0
8/21/2025,BUKK,825,825,815,815,8600
8/21/2025,BULL,154,161,151,158,277966000
8/21/2025,BUMI,114,115,110,110,860150100
8/21/2025,BUVA,318,318,300,308,46962300
8/21/2025,BVIC,98,100,96,98,22378500
8/21/2025,BVIC-W,47,50,46,47,118100
8/21/2025,BWPT,0,0,0,0,0
8/21/2025,BYAN,18300,18350,18200,18350,5400
8/21/2025,CAKK,134,136,133,136,180200
8/21/2025,CAMP,210,212,208,212,9566100
8/21/2025,CANI,42,42,42,42,526800
8/21/2025,CARE,290,290,280,286,17516200
8/21/2025,CARS,123,126,114,116,109884000
8/21/2025,CASA,1100,1125,1100,1115,4227700
8/21/2025,CASH,80,82,75,82,1244800
8/21/2025,CASS,2290,2390,2260,2280,16800
8/21/2025,CBDK,6150,6175,5925,5950,14011500
8/21/2025,CBMF,0,0,0,0,0
8/21/2025,CBPE,180,186,180,185,87100
8/21/2025,CBRE,0,0,0,0,0
8/21/2025,CBUT,1260,1260,1210,1225,4800
8/21/2025,CCSI,326,342,324,332,1055600
8/21/2025,CDIA,1505,1525,1450,1455,190568100
8/21/2025,CEKA,2620,3180,2610,2860,457100
8/21/2025,CENT,145,163,129,134,407475200
8/21/2025,CFIN,328,334,328,334,5729700
8/21/2025,CGAS,129,133,123,125,34852100
8/21/2025,CHEK,210,216,206,210,18303600
8/21/2025,CHEM,104,104,101,101,17981700
8/21/2025,CHIP,1375,1445,1370,1440,140400
8/21/2025,CINT,159,163,159,160,394900
8/21/2025,CITA,4160,4220,4080,4120,277800
8/21/2025,CITY,111,112,107,109,7045300
8/21/2025,CLAY,1285,1335,1280,1315,194500
8/21/2025,CLEO,585,590,580,585,9904700
8/21/2025,CLPI,1260,1265,1250,1260,138800
8/21/2025,CMNP,1380,1385,1360,1370,491200
8/21/2025,CMNP-W,428,428,368,420,800
8/21/2025,CMNT,815,820,800,820,33455300
8/21/2025,CMPP,83,85,83,85,391300
8/21/2025,CMRY,4930,4930,4830,4870,1175000
8/21/2025,CMRYZPCJ6A,43,43,43,43,1000
8/21/2025,CNKO,105,105,100,100,162879700
8/21/2025,CNMA,139,141,136,141,35821800
8/21/2025,CNTB,0,0,0,0,0
8/21/2025,CNTX,0,0,0,0,0
8/21/2025,COAL,42,42,42,42,5573500
8/21/2025,COCO,0,0,0,0,0
8/21/2025,COIN,1520,1560,1510,1530,23392000
8/21/2025,COWL,0,0,0,0,0
8/21/2025,CPIN,4500,4580,4480,4530,10482100
8/21/2025,CPINDRCG6A,69,70,69,70,29100
8/21/2025,CPINHDCQ5A,0,0,0,0,0
8/21/2025,CPINZPCJ6A,0,0,0,0,0
8/21/2025,CPRI,0,0,0,0,0
8/21/2025,CPRO,51,52,51,51,30270300
8/21/2025,CRAB,240,242,238,242,3873900
8/21/2025,CRSN,116,118,115,116,650700
8/21/2025,CSAP,318,320,286,304,932400
8/21/2025,CSIS,123,123,115,118,7776800
8/21/2025,CSMI,0,0,0,0,0
8/21/2025,CSRA,815,825,790,805,3556600
8/21/2025,CTBN,5400,5425,5400,5425,5600
8/21/2025,CTRA,1065,1075,1020,1025,29701200
8/21/2025,CTRADRCJ6A,32,32,31,31,347700
8/21/2025,CTRAYUCZ5A,72,72,72,72,100
8/21/2025,CTRAZPCG6A,0,0,0,0,0
8/21/2025,CTTH,28,30,28,30,3651100
8/21/2025,CUAN,1620,1665,1580,1645,295675600
8/21/2025,CYBR,1035,1050,1005,1005,17650300
8/21/2025,CYBR-W,605,610,580,585,3400
8/21/2025,DAAZ,3360,3430,3350,3380,203900
8/21/2025,DADA,19,19,19,19,711700
8/21/2025,DART,163,171,162,170,950600
8/21/2025,DATA,2550,2950,2470,2950,62042300
8/21/2025,DAYA,1020,1035,1010,1025,43200
8/21/2025,DCII,348575,360050,345000,345000,8000
8/21/2025,DEAL,0,0,0,0,0
8/21/2025,DEFI,655,655,655,655,28900
8/21/2025,DEPO,200,202,197,200,960700
8/21/2025,DEWA,240,242,222,226,711674900
8/21/2025,DEWI,105,107,104,107,56702400
8/21/2025,DFAM,54,72,52,72,119455200
8/21/2025,DGIK,104,105,100,102,6313900
8/21/2025,DGNS,150,154,149,149,777700
8/21/2025,DGWG,430,446,424,442,14392900
8/21/2025,DIGI,27,27,26,26,1488500
8/21/2025,DILD,144,148,142,146,58938500
8/21/2025,DIVA,114,124,107,112,36485200
8/21/2025,DKFT,690,720,655,695,81844300
8/21/2025,DKHH,113,121,110,121,126559300
8/21/2025,DKHH-W,17,18,16,18,13696200
8/21/2025,DLTA,1985,1990,1975,1975,147300
8/21/2025,DMAS,141,141,139,139,41435900
8/21/2025,DMMX,338,340,330,336,698800
8/21/2025,DMND,590,590,575,580,197000
8/21/2025,DNAR,126,129,121,122,5166000
8/21/2025,DNET,9300,9375,9125,9200,16000
8/21/2025,DOID,352,358,350,352,7771700
8/21/2025,DOOH,158,164,156,159,211589300
8/21/2025,DOSS,136,146,133,138,8274800
8/21/2025,DPNS,254,254,242,250,4700
8/21/2025,DPUM,63,76,60,66,118288500
8/21/2025,DRMA,990,1060,985,1045,6195800
8/21/2025,DSFI,84,89,83,84,26299600
8/21/2025,DSNG,1625,1685,1615,1675,56011200
8/21/2025,DSSA,78500,80325,78500,80225,16330700
8/21/2025,DUCK,0,0,0,0,0
8/21/2025,DUTI,3190,3500,3190,3500,26500
8/21/2025,DVLA,1670,1680,1580,1650,138400
8/21/2025,DWGL,224,230,218,218,317600
8/21/2025,DYAN,88,106,87,93,86759500
8/21/2025,EAST,95,104,94,97,26608900
8/21/2025,ECII,184,188,183,183,134300
8/21/2025,EDGE,4380,4450,4340,4420,30100
8/21/2025,EKAD,187,188,184,186,161500
8/21/2025,ELIT,193,204,192,196,25741700
8/21/2025,ELPI,316,320,310,320,441000
8/21/2025,ELSA,505,535,505,525,129654000
8/21/2025,ELSADRCJ6A,41,45,41,42,208100
8/21/2025,ELSAZPCG6A,39,43,38,39,796200
8/21/2025,ELTY,16,16,16,16,92243400
8/21/2025,EMDE,102,103,99,101,6934500
8/21/2025,EMTK,1100,1125,1035,1050,130041300
8/21/2025,EMTKBQCZ5A,266,266,266,266,64000
8/21/2025,EMTKHDCZ5A,210,210,187,195,1870000
8/21/2025,EMTKYUCV5A,124,124,124,124,100
8/21/2025,EMTKZPCH6A,128,132,117,121,469000
8/21/2025,ENAK,700,715,700,715,718200
8/21/2025,ENRG,580,585,550,565,59256200
8/21/2025,ENRGBQCZ5A,31,31,25,27,420200
8/21/2025,ENRGDRCJ6A,75,81,75,75,388500
8/21/2025,ENRGHDCZ5A,0,0,0,0,0
8/21/2025,ENRGZPCG6A,171,171,171,171,100000
8/21/2025,ENVY,0,0,0,0,0
8/21/2025,ENZO,39,39,37,38,93300
8/21/2025,EPAC,22,22,21,21,23847500
8/21/2025,EPMT,2310,2350,2300,2350,91600
8/21/2025,ERAA,460,460,454,454,34098500
8/21/2025,ERAABQCZ5A,30,31,30,30,37600
8/21/2025,ERAADRCJ6A,13,13,13,13,20000
8/21/2025,ERAAHDCZ5A,0,0,0,0,0
8/21/2025,ERAAZPCH6A,0,0,0,0,0
8/21/2025,ERAL,350,354,340,344,19135900
8/21/2025,ERTX,108,115,107,111,3495700
8/21/2025,ESIP,35,39,35,39,1720800
8/21/2025,ESSA,595,595,580,585,22810200
8/21/2025,ESSABQCZ5A,46,46,44,44,50000
8/21/2025,ESSAHDCH6A,54,54,54,54,1900
8/21/2025,ESSAYUCZ5A,0,0,0,0,0
8/21/2025,ESTA,67,67,63,65,6630900
8/21/2025,ESTI,46,46,46,46,62900
8/21/2025,ETWA,0,0,0,0,0
8/21/2025,EURO,250,250,240,248,72900
8/21/2025,EXCL,2920,2980,2900,2930,27857400
8/21/2025,EXCLHDCJ6A,0,0,0,0,0
8/21/2025,EXCLHDCQ5A,0,0,0,0,0
8/21/2025,EXCLZPCF6A,0,0,0,0,0
8/21/2025,FAPA,5775,5800,5725,5725,9000
8/21/2025,FAST,316,320,314,316,1285400
8/21/2025,FASW,0,0,0,0,0
8/21/2025,FILM,3830,3850,3720,3720,11583500
8/21/2025,FIMP,0,0,0,0,0
8/21/2025,FIRE,76,84,75,79,71757100
8/21/2025,FISH,0,0,0,0,0
8/21/2025,FITT,256,300,220,300,6867500
8/21/2025,FLMC,112,112,112,112,59100
8/21/2025,FMII,380,380,368,368,47200
8/21/2025,FOLK,80,84,78,82,1067100
8/21/2025,FOOD,104,104,104,104,50200
8/21/2025,FORE,580,585,570,575,4516700
8/21/2025,FORU,1250,1250,1185,1200,582000
8/21/2025,FPNI,190,192,189,190,1459000
8/21/2025,FUJI,426,444,424,438,16300
8/21/2025,FUTR,0,0,0,0,0
8/21/2025,FWCT,155,158,153,153,1459900
8/21/2025,GAMA,0,0,0,0,0
8/21/2025,GDST,110,113,109,110,4705400
8/21/2025,GDYR,1175,1175,1150,1155,3000
8/21/2025,GEMA,123,135,120,128,87466500
8/21/2025,GEMS,9275,9325,9150,9275,181300
8/21/2025,GGRM,8950,8975,8700,8975,518200
8/21/2025,GGRMZPCG6A,0,0,0,0,0
8/21/2025,GGRP,276,276,230,252,3563000
8/21/2025,GHON,1595,1625,1595,1625,33400
8/21/2025,GIAA,71,71,70,70,29159900
8/21/2025,GJTL,1045,1045,1025,1035,3587000
8/21/2025,GJTLZPCJ6A,25,25,25,25,100
8/21/2025,GLOB,50,50,50,50,23300
8/21/2025,GLVA,332,336,326,334,78400
8/21/2025,GMFI,61,62,61,61,1575200
8/21/2025,GMTD,2200,2370,2150,2190,3400
8/21/2025,GOLD,264,268,254,260,153200
8/21/2025,GOLF,214,214,210,214,2290700
8/21/2025,GOLL,0,0,0,0,0
8/21/2025,GOOD,382,386,376,382,200800
8/21/2025,GOTO,61,62,59,61,2876999000
8/21/2025,GOTOBQCZ5A,3,3,3,3,272600
8/21/2025,GOTODRCG6A,11,11,11,11,11000
8/21/2025,GOTOHDCQ5A,0,0,0,0,0
8/21/2025,GOTOM,0,0,0,0,0
8/21/2025,GOTOZPCH6A,0,0,0,0,0
8/21/2025,GPRA,154,157,152,155,93564000
8/21/2025,GPSO,344,356,316,328,9702300
8/21/2025,GRIA,93,94,90,94,1032600
8/21/2025,GRPH,81,84,78,79,34380500
8/21/2025,GRPM,53,53,52,53,2284500
8/21/2025,GRPM-W,14,14,13,14,2567500
8/21/2025,GSMF,89,90,83,86,12829300
8/21/2025,GTBO,182,184,178,183,252300
8/21/2025,GTRA,145,145,140,140,403900
8/21/2025,GTSI,53,54,53,53,15473600
8/21/2025,GULA,260,324,260,324,25178600
8/21/2025,GUNA,244,252,242,248,1576700
8/21/2025,GWSA,151,157,150,157,762400
8/21/2025,GZCO,142,147,132,137,212742500
8/21/2025,HADE,16,16,16,16,12269500
8/21/2025,HAIS,190,191,189,190,3274700
8/21/2025,HAJJ,113,121,111,121,26331400
8/21/2025,HAJJ-W,12,13,11,13,15915800
8/21/2025,HALO,85,85,82,84,11051000
8/21/2025,HALO-W,9,10,8,10,7691600
8/21/2025,HATM,264,268,262,266,26231400
8/21/2025,HBAT,115,124,115,124,2133500
8/21/2025,HDFA,117,119,116,117,84100
8/21/2025,HDIT,44,44,44,44,14777200
8/21/2025,HEAL,1750,1770,1740,1745,5165700
8/21/2025,HEALBQCZ5A,50,50,49,49,378300
8/21/2025,HEALDRCJ6A,65,65,65,65,1600
8/21/2025,HEALHDCH6A,0,0,0,0,0
8/21/2025,HEALYUCZ5A,90,90,89,89,300
8/21/2025,HEALZPCH6A,0,0,0,0,0
8/21/2025,HELI,250,252,250,252,362900
8/21/2025,HERO,382,386,380,382,215100
8/21/2025,HEXA,5550,5550,5525,5550,224900
8/21/2025,HGII,146,152,145,150,26074900
8/21/2025,HILL,208,208,204,206,115768700
8/21/2025,HITS,0,0,0,0,0
8/21/2025,HKMU,0,0,0,0,0
8/21/2025,HMSP,535,540,535,540,4953800
8/21/2025,HOKI,87,87,83,84,94060400
8/21/2025,HOME,0,0,0,0,0
8/21/2025,HOMI,198,204,195,200,32500
8/21/2025,HOPE,0,0,0,0,0
8/21/2025,HOTL,0,0,0,0,0
8/21/2025,HRME,39,39,39,39,7152100
8/21/2025,HRTA,665,670,635,645,31378000
8/21/2025,HRUM,865,885,860,870,12087100
8/21/2025,HRUMZPCG6A,35,37,35,37,76800
8/21/2025,HUMI,72,84,70,80,608435600
8/21/2025,HUMI-W,12,15,12,15,93114400
8/21/2025,HYGN,162,164,161,164,2433800
8/21/2025,IATA,56,56,56,56,6591100
8/21/2025,IATA-W,27,27,27,27,400
8/21/2025,IBFN,20,20,20,20,579100
8/21/2025,IBOS,43,44,40,44,42439600
8/21/2025,IBST,0,0,0,0,0
8/21/2025,ICBP,9600,9700,9550,9550,3901000
8/21/2025,ICBPDRCX6A,0,0,0,0,0
8/21/2025,ICBPHDCJ6A,64,64,64,64,200
8/21/2025,ICBPHDCQ5A,0,0,0,0,0
8/21/2025,ICBPZPCX5A,40,40,39,39,700
8/21/2025,ICON,39,39,39,39,124800
8/21/2025,IDEA,99,99,88,91,1672300
8/21/2025,IDPR,256,260,246,250,1782800
8/21/2025,IFII,226,228,222,224,817600
8/21/2025,IFSH,785,785,745,760,1200
8/21/2025,IGAR,550,550,535,535,22200
8/21/2025,IIKP,0,0,0,0,0
8/21/2025,IKAI,13,13,13,13,5845300
8/21/2025,IKAN,160,163,151,154,31811400
8/21/2025,IKBI,515,540,505,515,635500
8/21/2025,IKPM,195,196,193,195,990700
8/21/2025,IMAS,1140,1140,1100,1115,890300
8/21/2025,IMJS,266,266,254,258,23449200
8/21/2025,IMPC,0,0,0,0,0
8/21/2025,INAF,0,0,0,0,0
8/21/2025,INAI,159,159,155,157,236900
8/21/2025,INCF,34,36,34,36,2879500
8/21/2025,INCI,615,630,605,620,90000
8/21/2025,INCO,3780,3790,3650,3700,9165300
8/21/2025,INCOBQCQ5A,111,111,99,99,1100
8/21/2025,INCOBQCV5A,38,39,37,37,22200
8/21/2025,INCODRCX5A,87,87,87,87,17500
8/21/2025,INCODRPV5A,0,0,0,0,0
8/21/2025,INCOHDCQ5A,64,64,55,57,150000
8/21/2025,INCOYUCZ5A,86,86,82,82,43700
8/21/2025,INCOZPCX5A,140,140,139,139,9600
8/21/2025,INDF,7950,7975,7925,7925,3961700
8/21/2025,INDFBQCV5A,0,0,0,0,0
8/21/2025,INDFDRCX6A,0,0,0,0,0
8/21/2025,INDFHDCJ6A,0,0,0,0,0
8/21/2025,INDFHDCQ5A,0,0,0,0,0
8/21/2025,INDO,210,230,210,230,22598600
8/21/2025,INDR,2550,2620,2500,2600,16200
8/21/2025,INDS,224,234,222,228,496400
8/21/2025,INDX,92,110,91,95,83593100
8/21/2025,INDY,1350,1360,1335,1350,4920300
8/21/2025,INDYZPCG6A,43,43,43,43,2400
8/21/2025,INET,268,270,254,260,223518900
8/21/2025,INET-W,170,175,154,160,54306500
8/21/2025,INKP,7950,8000,7625,7700,22042700
8/21/2025,INKPBQCX5A,70,70,68,68,1100
8/21/2025,INKPDRCF6A,206,206,199,206,35100
8/21/2025,INKPHDCQ5A,0,0,0,0,0
8/21/2025,INKPZPCF6A,118,118,118,118,800
8/21/2025,INOV,91,91,88,89,170700
8/21/2025,INPC,175,178,165,170,36528400
8/21/2025,INPP,795,795,770,770,121900
8/21/2025,INPS,127,127,120,120,283600
8/21/2025,INRU,860,900,830,835,65800
8/21/2025,INTA,18,18,18,18,2640600
8/21/2025,INTD,188,191,188,191,11700
8/21/2025,INTP,6500,6625,6450,6600,1821800
8/21/2025,INTPZPCG6A,0,0,0,0,0
8/21/2025,IOTF,112,115,108,112,231378300
8/21/2025,IPAC,141,143,133,140,22300
8/21/2025,IPCC,1090,1100,1080,1080,1934100
8/21/2025,IPCM,296,300,296,298,1932600
8/21/2025,IPOL,139,142,136,137,52300
8/21/2025,IPPE,0,0,0,0,0
8/21/2025,IPTV,35,36,35,36,9821500
8/21/2025,IRRA,434,434,428,428,881500
8/21/2025,IRSX,0,0,0,0,0
8/21/2025,ISAP,17,17,16,17,43149200
8/21/2025,ISAP-W,5,6,4,6,65942500
8/21/2025,ISAT,2170,2190,2150,2170,8840000
8/21/2025,ISATBQCU5A,42,42,41,42,30000
8/21/2025,ISATDRCG6A,80,80,80,80,100
8/21/2025,ISATDRCX5A,60,60,59,59,34800
8/21/2025,ISATHDCJ6A,38,39,38,39,5600
8/21/2025,ISATHDCQ5A,0,0,0,0,0
8/21/2025,ISATZPCF6A,0,0,0,0,0
8/21/2025,ISEA,85,86,82,83,7134500
8/21/2025,ISSP,390,392,384,392,1273100
8/21/2025,ITIC,216,216,212,216,168300
8/21/2025,ITMA,810,860,800,845,10953600
8/21/2025,ITMG,22350,22375,22100,22275,1485900
8/21/2025,ITMGZPCJ6A,67,68,67,68,264200
8/21/2025,JARR,1055,1155,975,1055,120283600
8/21/2025,JAST,110,113,107,108,14454400
8/21/2025,JATI,144,147,142,146,6680900
8/21/2025,JAWA,153,155,151,152,2493800
8/21/2025,JAYA,96,97,94,97,850100
8/21/2025,JECC,845,865,835,855,21400
8/21/2025,JGLE,13,13,12,12,202155100
8/21/2025,JIHD,730,770,725,725,4459400
8/21/2025,JKON,108,112,101,102,167876600
8/21/2025,JMAS,146,146,144,146,639900
8/21/2025,JPFA,1575,1655,1560,1645,57625700
8/21/2025,JPFABQCZ5A,70,71,70,71,1400
8/21/2025,JPFADRCJ6A,31,37,31,37,42500
8/21/2025,JPFAHDCZ5A,0,0,0,0,0
8/21/2025,JPFAZPCG6A,78,78,78,78,2700
8/21/2025,JRPT,750,755,745,750,197000
8/21/2025,JSKY,0,0,0,0,0
8/21/2025,JSMR,3450,3450,3370,3400,18946200
8/21/2025,JSMRHDCH6A,116,116,116,116,117100
8/21/2025,JSMRZPCG6A,41,41,38,38,325500
8/21/2025,JSPT,4200,4290,4100,4110,14300
8/21/2025,JTPE,306,310,300,302,8868300
8/21/2025,KAEF,520,520,510,515,858400
8/21/2025,KAQI,75,82,73,77,210562300
8/21/2025,KARW,920,950,920,920,319000
8/21/2025,KAYU,0,0,0,0,0
8/21/2025,KBAG,35,36,35,36,3871100
8/21/2025,KBLI,376,380,374,378,42700
8/21/2025,KBLM,420,422,380,418,2538200
8/21/2025,KBLV,193,234,193,216,397721800
8/21/2025,KBRI,0,0,0,0,0
8/21/2025,KDSI,470,470,462,470,28000
8/21/2025,KDTN,121,122,119,120,6200
8/21/2025,KEEN,815,825,805,810,3706300
8/21/2025,KEJU,675,695,650,660,2234000
8/21/2025,KETR,296,310,294,300,4198300
8/21/2025,KIAS,0,0,0,0,0
8/21/2025,KICI,118,127,117,123,1747200
8/21/2025,KIJA,214,236,212,226,447193200
8/21/2025,KING,206,206,202,204,551000
8/21/2025,KING-W,10,10,9,10,3366800
8/21/2025,KINO,1100,1100,1075,1095,40300
8/21/2025,KIOS,86,88,82,85,36803200
8/21/2025,KJEN,118,130,117,125,5547400
8/21/2025,KKES,30,30,29,30,2632700
8/21/2025,KKGI,332,342,332,340,3554700
8/21/2025,KLAS,146,147,141,141,5039600
8/21/2025,KLBF,1400,1415,1390,1410,25083300
8/21/2025,KLBFBQCV5A,0,0,0,0,0
8/21/2025,KLBFDRCG6A,0,0,0,0,0
8/21/2025,KLBFHDCQ5A,0,0,0,0,0
8/21/2025,KLBFZPCF6A,0,0,0,0,0
8/21/2025,KLBFZPCJ6A,0,0,0,0,0
8/21/2025,KLIN,191,193,174,176,1235500
8/21/2025,KMDS,655,660,650,655,136900
8/21/2025,KMTR,272,294,270,276,1626100
8/21/2025,KOBX,141,142,139,142,719900
8/21/2025,KOCI,59,68,58,63,138746000
8/21/2025,KOCI-W,9,10,8,10,14018300
8/21/2025,KOIN,69,69,69,69,700
8/21/2025,KOKA,101,109,99,105,92115300
8/21/2025,KONI,1230,1375,1215,1240,5000
8/21/2025,KOPI,354,364,348,352,4796700
8/21/2025,KOTA,22,22,21,22,67421300
8/21/2025,KPIG,194,198,185,188,112683100
8/21/2025,KRAS,290,302,288,294,90074100
8/21/2025,KREN,15,15,15,15,111136400
8/21/2025,KRYA,238,252,236,244,26084800
8/21/2025,KSIX,218,232,214,224,695000
8/21/2025,KUAS,71,75,70,72,23755900
8/21/2025,LABA,0,0,0,0,0
8/21/2025,LABS,141,143,140,142,776500
8/21/2025,LAJU,57,63,57,63,139392400
8/21/2025,LAND,30,30,30,30,5715400
8/21/2025,LAPD,95,105,95,105,10005700
8/21/2025,LCGP,0,0,0,0,0
8/21/2025,LCKM,216,218,206,216,19000
8/21/2025,LEAD,80,81,76,78,25070100
8/21/2025,LFLO,260,260,236,236,25800
8/21/2025,LIFE,17100,17100,17100,17100,48000
8/21/2025,LINK,3090,3090,3090,3090,112900
8/21/2025,LION,370,374,350,374,140800
8/21/2025,LIVE,182,184,181,184,17029600
8/21/2025,LMAS,0,0,0,0,0
8/21/2025,LMAX,86,92,82,82,10013400
8/21/2025,LMPI,140,140,137,139,273400
8/21/2025,LMSH,0,0,0,0,0
8/21/2025,LOPI,54,59,52,59,34812600
8/21/2025,LPCK,655,730,615,635,11614700
8/21/2025,LPGI,436,440,432,438,48300
8/21/2025,LPIN,408,418,402,418,577900
8/21/2025,LPKR,102,102,95,97,131815000
8/21/2025,LPLI,300,316,298,302,480900
8/21/2025,LPPF,1585,1605,1575,1590,2235000
8/21/2025,LPPS,81,96,79,88,163960900
8/21/2025,LRNA,174,183,170,172,1360200
8/21/2025,LSIP,1475,1475,1415,1415,16735100
8/21/2025,LSIPYUCZ5A,86,86,81,81,300
8/21/2025,LSIPZPCG6A,93,93,87,87,585300
8/21/2025,LTLS,850,855,840,840,194200
8/21/2025,LUCK,86,94,84,85,35458800
8/21/2025,LUCY,75,76,73,76,254700
8/21/2025,MABA,0,0,0,0,0
8/21/2025,MAGP,0,0,0,0,0
8/21/2025,MAHA,148,149,145,147,8467900
8/21/2025,MAIN,645,665,640,660,4300600
8/21/2025,MANG,39,42,38,42,12037900
8/21/2025,MANG-W,27,30,26,29,878200
8/21/2025,MAPA,655,660,640,645,25663200
8/21/2025,MAPABQCZ5A,27,27,26,26,4100
8/21/2025,MAPADRCJ6A,21,21,21,21,5000
8/21/2025,MAPAHDCZ5A,0,0,0,0,0
8/21/2025,MAPAZPCH6A,0,0,0,0,0
8/21/2025,MAPB,1900,1900,1765,1795,26300
8/21/2025,MAPI,1315,1340,1300,1330,16369600
8/21/2025,MAPIBQCV5A,15,16,15,16,110800
8/21/2025,MAPIDRCQ5A,0,0,0,0,0
8/21/2025,MAPIDRCX5A,34,34,32,32,1298400
8/21/2025,MAPIHDCQ5A,0,0,0,0,0
8/21/2025,MAPIZPCJ6A,69,70,68,70,1429700
8/21/2025,MARI,25,25,25,25,7118200
8/21/2025,MARK,665,680,660,670,19552000
8/21/2025,MASA,0,0,0,0,0
8/21/2025,MASB,3220,3300,3220,3280,1700
8/21/2025,MAXI,50,51,50,51,9585400
8/21/2025,MAYA,234,244,216,222,54599100
8/21/2025,MBAP,1645,1670,1640,1670,53100
8/21/2025,MBMA,436,438,422,428,168118000
8/21/2025,MBMABQCX5A,21,21,19,20,675800
8/21/2025,MBMADRCQ5A,0,0,0,0,0
8/21/2025,MBMADRCX5A,32,32,28,29,607300
8/21/2025,MBMADRPX5A,23,25,23,25,200
8/21/2025,MBMAHDCH6A,0,0,0,0,0
8/21/2025,MBMAHDCQ5A,0,0,0,0,0
8/21/2025,MBMAZPCX5A,59,59,54,54,1524100
8/21/2025,MBSS,1425,1780,1400,1780,17452400
8/21/2025,MBTO,111,111,108,110,1334600
8/21/2025,MCAS,940,950,935,935,65200
8/21/2025,MCOL,3940,3940,3870,3900,64700
8/21/2025,MCOR,75,78,73,73,22217600
8/21/2025,MDIA,33,33,32,32,2784400
8/21/2025,MDIY,1270,1275,1245,1255,2129700
8/21/2025,MDKA,2320,2340,2250,2280,26744400
8/21/2025,MDKABQCV5A,95,95,95,95,1000
8/21/2025,MDKABQCX5B,0,0,0,0,0
8/21/2025,MDKADRCV5A,74,76,74,76,200
8/21/2025,MDKADRPX5A,0,0,0,0,0
8/21/2025,MDKAHDCU5A,0,0,0,0,0
8/21/2025,MDKAHDCZ5A,0,0,0,0,0
8/21/2025,MDKAZPCF6A,0,0,0,0,0
8/21/2025,MDKI,162,162,160,160,498600
8/21/2025,MDLA,210,262,210,262,236928200
8/21/2025,MDLN,69,71,63,66,113508800
8/21/2025,MDRN,16,16,16,16,8742100
8/21/2025,MEDC,1190,1235,1190,1200,29391600
8/21/2025,MEDCBQCV5A,54,54,48,49,3833000
8/21/2025,MEDCBQCX5B,37,37,35,35,5600
8/21/2025,MEDCBQCZ5A,0,0,0,0,0
8/21/2025,MEDCDRCG6A,33,35,33,34,751000
8/21/2025,MEDCDRPV5A,0,0,0,0,0
8/21/2025,MEDCHDCH6A,0,0,0,0,0
8/21/2025,MEDCHDCQ5A,29,29,29,29,2100
8/21/2025,MEDCZPCF6A,34,34,31,31,1400000
8/21/2025,MEDS,50,50,50,50,981800
8/21/2025,MEGA,3320,3330,3320,3330,4300
8/21/2025,MEJA,67,67,55,61,270779200
8/21/2025,MEJA-W,10,10,8,10,23344600
8/21/2025,MENN,45,46,45,45,10376100
8/21/2025,MERI,270,272,260,262,9498600
8/21/2025,MERK,2800,2810,2790,2800,9300
8/21/2025,META,0,0,0,0,0
8/21/2025,MFIN,1830,1875,1825,1875,2433700
8/21/2025,MFMI,0,0,0,0,0
8/21/2025,MGLV,0,0,0,0,0
8/21/2025,MGNA,37,38,37,38,303200
8/21/2025,MGNA-W,18,18,18,18,12500
8/21/2025,MGRO,715,725,705,715,6045600
8/21/2025,MHKI,126,129,124,126,2057400
8/21/2025,MICE,498,498,488,494,60200
8/21/2025,MIDI,472,482,466,478,24581500
8/21/2025,MIKA,2410,2420,2370,2390,7150600
8/21/2025,MIKAZPCG6A,0,0,0,0,0
8/21/2025,MINA,178,178,171,171,85168300
8/21/2025,MINE,600,630,560,595,12167300
8/21/2025,MIRA,48,48,48,48,3554700
8/21/2025,MITI,181,184,180,183,532600
8/21/2025,MKAP,356,360,356,358,272100
8/21/2025,MKNT,0,0,0,0,0
8/21/2025,MKPI,25600,25600,25250,25475,7400
8/21/2025,MKTR,107,108,106,107,1877800
8/21/2025,MKTR-W,7,8,6,7,989300
8/21/2025,MLBI,5975,6000,5950,5975,174200
8/21/2025,MLIA,338,344,336,342,5705900
8/21/2025,MLPL,142,152,138,143,403615800
8/21/2025,MLPT,74975,81150,72800,72800,258800
8/21/2025,MMIX,262,280,260,280,10541500
8/21/2025,MMLP,555,555,540,540,9453800
8/21/2025,MNCN,254,260,250,254,41670800
8/21/2025,MOLI,210,220,208,212,1850000
8/21/2025,MORA,418,428,408,408,476300
8/21/2025,MPIX,64,65,62,64,31653600
8/21/2025,MPIX-W,8,8,7,8,226100
8/21/2025,MPMX,965,970,960,960,2255800
8/21/2025,MPOW,122,139,121,123,42754700
8/21/2025,MPPA,73,77,72,74,76018000
8/21/2025,MPRO,3300,3330,3210,3300,429800
8/21/2025,MPXL,108,111,105,111,2681800
8/21/2025,MRAT,248,250,240,246,6008600
8/21/2025,MREI,1000,1000,965,965,414500
8/21/2025,MSIE,32,32,30,32,1448100
8/21/2025,MSIN,496,505,488,496,41441600
8/21/2025,MSJA,310,316,306,314,603200
8/21/2025,MSKY,79,82,77,79,27997200
8/21/2025,MSTI,1640,1650,1625,1630,1758800
8/21/2025,MTDL,590,595,575,580,7611500
8/21/2025,MTEL,625,635,610,610,9787000
8/21/2025,MTFN,12,12,12,12,131085300
8/21/2025,MTLA,450,450,446,450,49300
8/21/2025,MTMH,910,990,905,950,1210800
8/21/2025,MTPS,53,53,53,53,1417700
8/21/2025,MTRA,0,0,0,0,0
8/21/2025,MTSM,0,0,0,0,0
8/21/2025,MTWI,400,400,388,400,229100
8/21/2025,MUTU,91,93,90,92,2611100
8/21/2025,MYOH,1685,1705,1680,1705,62200
8/21/2025,MYOR,2190,2280,2190,2260,9208000
8/21/2025,MYORZPCH6A,41,44,41,44,1200
8/21/2025,MYTX,0,0,0,0,0
8/21/2025,NAIK,165,167,157,161,135762300
8/21/2025,NAIK-W,29,29,26,27,30396800
8/21/2025,NANO,29,31,28,31,54448900
8/21/2025,NASA,24,24,24,24,3500600
8/21/2025,NASI,88,91,86,89,6933300
8/21/2025,NATO,143,143,140,142,95900
8/21/2025,NAYZ,53,58,53,58,10643900
8/21/2025,NCKL,1005,1025,970,980,52479800
8/21/2025,NCKLYUCZ5A,85,86,85,86,12100
8/21/2025,NCKLZPCJ6A,57,60,55,55,496300
8/21/2025,NELY,352,352,348,350,590900
8/21/2025,NEST,288,288,280,286,2862900
8/21/2025,NETV,136,139,134,137,2206100
8/21/2025,NFCX,1855,1880,1810,1810,87700
8/21/2025,NICE,418,436,416,420,5804000
8/21/2025,NICK,1280,1445,1200,1295,98200
8/21/2025,NICL,1080,1090,1065,1080,4907100
8/21/2025,NIKL,236,240,232,236,826800
8/21/2025,NINE,214,216,198,216,120558700
8/21/2025,NIRO,123,124,120,121,504600
8/21/2025,NISP,1405,1415,1400,1400,3512500
8/21/2025,NOBU,560,560,545,550,3540200
8/21/2025,NPGF,50,51,50,51,5128300
8/21/2025,NRCA,850,895,820,840,21024100
8/21/2025,NSSS,422,424,412,420,6881700
8/21/2025,NTBK,50,51,50,50,29731300
8/21/2025,NUSA,0,0,0,0,0
8/21/2025,NZIA,105,106,102,105,1462900
8/21/2025,OASA,206,216,200,204,124901900
8/21/2025,OBAT,434,446,426,440,5197100
8/21/2025,OBAT-W,80,90,79,88,3513700
8/21/2025,OBMD,199,212,198,206,1674400
8/21/2025,OCAP,0,0,0,0,0
8/21/2025,OILS,139,145,138,138,5126500
8/21/2025,OKAS,232,252,230,240,4860900
8/21/2025,OLIV,29,30,28,30,11851600
8/21/2025,OMED,186,191,180,188,3222100
8/21/2025,OMRE,0,0,0,0,0
8/21/2025,OPMS,79,105,77,93,163068100
8/21/2025,PACK,3620,3620,3280,3280,4558500
8/21/2025,PADA,30,33,30,33,15917100
8/21/2025,PADI,84,84,82,82,15048800
8/21/2025,PALM,378,382,370,370,729400
8/21/2025,PAMG,80,81,78,80,27334400
8/21/2025,PANI,15975,16000,15850,15875,3652800
8/21/2025,PANIBQCZ5A,98,98,97,97,376200
8/21/2025,PANIHDCZ5A,232,232,232,232,296500
8/21/2025,PANIZPCJ6A,104,104,98,99,2366200
8/21/2025,PANR,855,855,835,835,8270400
8/21/2025,PANS,1410,1410,1400,1405,56800
8/21/2025,PART,130,138,128,134,87926100
8/21/2025,PART-W,29,29,27,29,6280600
8/21/2025,PBID,480,482,476,478,712200
8/21/2025,PBRX,27,27,27,27,14575100
8/21/2025,PBSA,555,590,505,520,6410900
8/21/2025,PCAR,31,34,31,34,9866200
8/21/2025,PDES,494,496,492,494,88500
8/21/2025,PDPP,505,505,494,500,57900
8/21/2025,PEGE,113,116,112,114,1983600
8/21/2025,PEHA,330,330,310,328,232300
8/21/2025,PEVE,448,448,440,448,192500
8/21/2025,PGAS,1690,1735,1690,1725,63665100
8/21/2025,PGASBQCU5A,0,0,0,0,0
8/21/2025,PGASBQCZ5A,0,0,0,0,0
8/21/2025,PGASDRCG6A,0,0,0,0,0
8/21/2025,PGASHDCQ5A,0,0,0,0,0
8/21/2025,PGASZPCJ6A,47,48,47,48,1464200
8/21/2025,PGEO,1415,1465,1415,1420,85254200
8/21/2025,PGEOBQCX5B,41,41,39,41,28100
8/21/2025,PGEODRCJ6A,46,47,44,44,1470000
8/21/2025,PGEODRPV5A,31,31,28,30,690000
8/21/2025,PGEOHDCH6A,0,0,0,0,0
8/21/2025,PGEOHDCH6B,73,73,70,72,2036200
8/21/2025,PGEOHDCQ5A,0,0,0,0,0
8/21/2025,PGEOZPCJ6A,59,59,57,57,50200
8/21/2025,PGJO,0,0,0,0,0
8/21/2025,PGLI,164,172,161,167,222100
8/21/2025,PGUN,1385,1400,1385,1400,407100
8/21/2025,PICO,133,167,132,144,24908600
8/21/2025,PIPA,87,90,84,90,30287600
8/21/2025,PJAA,478,480,476,478,112800
8/21/2025,PKPK,595,605,580,580,220200
8/21/2025,PLAN,46,47,42,44,7250400
8/21/2025,PLAS,0,0,0,0,0
8/21/2025,PLIN,0,0,0,0,0
8/21/2025,PMJS,118,119,116,118,62300
8/21/2025,PMMP,0,0,0,0,0
8/21/2025,PMUI,124,124,121,122,3867200
8/21/2025,PNBN,1150,1160,1145,1155,6537100
8/21/2025,PNBS,51,51,50,51,8725200
8/21/2025,PNGO,2470,2950,2410,2530,144000
8/21/2025,PNIN,910,910,900,905,436200
8/21/2025,PNLF,262,264,256,260,83666700
8/21/2025,PNLFDRCJ6A,16,17,16,16,1904300
8/21/2025,PNLFHDCZ5A,0,0,0,0,0
8/21/2025,PNLFYUCV5A,12,13,12,13,7800
8/21/2025,PNLFZPCH6A,0,0,0,0,0
8/21/2025,PNSE,755,820,740,760,82800
8/21/2025,POLA,27,27,27,27,5538000
8/21/2025,POLI,760,760,760,760,100
8/21/2025,POLL,0,0,0,0,0
8/21/2025,POLU,7450,8125,6700,8125,26500
8/21/2025,POLY,17,17,17,17,453000
8/21/2025,POOL,0,0,0,0,0
8/21/2025,PORT,935,940,915,925,20500
8/21/2025,POSA,0,0,0,0,0
8/21/2025,POWR,700,710,695,705,3159100
8/21/2025,PPGL,101,102,99,102,1133900
8/21/2025,PPRE,101,118,101,112,261356100
8/21/2025,PPRI,250,260,234,244,51499700
8/21/2025,PPRO,0,0,0,0,0
8/21/2025,PRAY,610,620,605,620,9600
8/21/2025,PRDA,2830,2830,2780,2800,77500
8/21/2025,PRIM,67,90,66,90,388638900
8/21/2025,PSAB,442,444,420,428,137538100
8/21/2025,PSAT,1555,1560,1485,1505,2414700
8/21/2025,PSDN,90,90,86,87,794000
8/21/2025,PSGO,220,228,206,212,8090100
8/21/2025,PSKT,101,101,98,100,154422500
8/21/2025,PSSI,346,352,344,352,310800
8/21/2025,PTBA,2430,2440,2410,2430,8972300
8/21/2025,PTBABQCV5A,0,0,0,0,0
8/21/2025,PTBADRCG6A,29,29,29,29,200
8/21/2025,PTBAHDCQ5A,0,0,0,0,0
8/21/2025,PTBAYUCZ5A,99,99,99,99,100
8/21/2025,PTBAZPCH6A,0,0,0,0,0
8/21/2025,PTDU,0,0,0,0,0
8/21/2025,PTIS,392,402,392,394,5600
8/21/2025,PTMP,104,119,102,107,311771800
8/21/2025,PTMR,0,0,0,0,0
8/21/2025,PTPP,402,426,402,408,83818100
8/21/2025,PTPS,186,191,181,185,50238100
8/21/2025,PTPW,980,980,970,975,25100
8/21/2025,PTRO,4120,4190,3960,4090,57250100
8/21/2025,PTSN,272,338,272,336,15050400
8/21/2025,PTSP,980,1020,980,990,10400
8/21/2025,PUDP,222,222,212,220,9500
8/21/2025,PURA,20,20,20,20,12663400
8/21/2025,PURE,0,0,0,0,0
8/21/2025,PURI,194,198,189,190,728600
8/21/2025,PWON,392,392,384,386,86856600
8/21/2025,PWONHDCZ5A,0,0,0,0,0
8/21/2025,PWONZPCH6A,43,43,42,43,751700
8/21/2025,PYFA,0,0,0,0,0
8/21/2025,PYFA-W,0,0,0,0,0
8/21/2025,PZZA,214,216,204,208,5636400
8/21/2025,R-ABFII,0,0,0,0,0
8/21/2025,R-LQ45X,1013,1013,1011,1011,200
8/21/2025,RAAM,278,282,274,276,7308700
8/21/2025,RAFI,0,0,0,0,0
8/21/2025,RAJA,2890,2920,2710,2750,53007800
8/21/2025,RALS,392,398,392,398,8023700
8/21/2025,RANC,418,422,408,410,8200
8/21/2025,RATU,7000,7025,6550,6800,20908400
8/21/2025,RBMS,26,28,26,28,71900
8/21/2025,RCCC,190,204,190,200,1267900
8/21/2025,RDTX,12050,12275,11750,12175,5000
8/21/2025,REAL,43,43,42,42,2335000
8/21/2025,RELF,42,42,42,42,2650200
8/21/2025,RELI,535,555,525,540,91800
8/21/2025,RGAS,115,117,112,113,34102800
8/21/2025,RICY,42,42,41,41,307500
8/21/2025,RIGS,770,775,760,760,41300
8/21/2025,RIMO,0,0,0,0,0
8/21/2025,RISE,1055,1055,1050,1055,661100
8/21/2025,RMKE,790,795,770,780,1298900
8/21/2025,RMKO,109,110,106,107,1517900
8/21/2025,ROCK,0,0,0,0,0
8/21/2025,RODA,39,40,39,40,82100
8/21/2025,RONY,0,0,0,0,0
8/21/2025,ROTI,810,815,800,810,1092600
8/21/2025,RSCH,386,386,380,382,7226400
8/21/2025,RSGK,0,0,0,0,0
8/21/2025,RUIS,254,254,232,238,5923400
8/21/2025,RUNS,65,71,63,69,3531000
8/21/2025,SAFE,200,202,192,195,1539100
8/21/2025,SAGE,26,26,26,26,7114000
8/21/2025,SAME,362,386,358,364,6752900
8/21/2025,SAMF,334,340,334,338,44100
8/21/2025,SAPX,356,364,332,340,5710900
8/21/2025,SATU,234,236,234,234,3941500
8/21/2025,SBAT,0,0,0,0,0
8/21/2025,SBMA,121,152,121,133,31329600
8/21/2025,SCCO,2230,2280,2220,2270,62200
8/21/2025,SCMA,288,290,278,282,246698400
8/21/2025,SCMABQCZ5A,105,114,105,109,6311400
8/21/2025,SCMAHDCZ5A,0,0,0,0,0
8/21/2025,SCMAZPCG6A,138,142,138,142,4021600
8/21/2025,SCNP,175,179,174,178,14200
8/21/2025,SCPI,0,0,0,0,0
8/21/2025,SDMU,44,44,44,44,2653100
8/21/2025,SDPC,131,131,129,130,386000
8/21/2025,SDRA,292,294,290,294,725800
8/21/2025,SEMA,93,93,91,93,335700
8/21/2025,SFAN,1915,1920,1915,1915,99500
8/21/2025,SGER,332,336,328,336,133203600
8/21/2025,SGRO,4500,4970,4230,4840,12268900
8/21/2025,SHID,905,910,900,905,3400
8/21/2025,SHIP,4200,4400,4200,4250,33700
8/21/2025,SICO,116,117,113,115,4951800
8/21/2025,SIDO,535,540,535,540,18043200
8/21/2025,SILO,2170,2180,2120,2130,1369500
8/21/2025,SIMA,0,0,0,0,0
8/21/2025,SIMP,675,680,645,650,28021500
8/21/2025,SINI,3520,3690,3520,3680,4300
8/21/2025,SIPD,0,0,0,0,0
8/21/2025,SKBM,358,364,348,362,147800
8/21/2025,SKLT,189,191,188,189,97100
8/21/2025,SKRN,400,412,400,402,887400
8/21/2025,SKYB,0,0,0,0,0
8/21/2025,SLIS,74,78,70,70,137259700
8/21/2025,SLIS-W,10,10,9,10,814100
8/21/2025,SMAR,4960,6050,4960,6050,1185400
8/21/2025,SMBR,320,338,300,308,162979900
8/21/2025,SMCB,0,0,0,0,0
8/21/2025,SMDM,890,895,865,890,200800
8/21/2025,SMDR,336,342,334,340,14937400
8/21/2025,SMGA,108,111,107,108,41725300
8/21/2025,SMGR,2820,2840,2730,2770,14605200
8/21/2025,SMGRBQCU5A,9,9,6,8,1987000
8/21/2025,SMGRBQCX5B,0,0,0,0,0
8/21/2025,SMGRBQCZ5A,0,0,0,0,0
8/21/2025,SMGRDRCV5A,0,0,0,0,0
8/21/2025,SMGRHDCZ5A,0,0,0,0,0
8/21/2025,SMGRZPCJ6A,62,62,62,62,85500
8/21/2025,SMIL,400,448,400,448,365292800
8/21/2025,SMKL,162,162,158,160,46800
8/21/2025,SMKM,91,91,85,90,21092200
8/21/2025,SMLE,163,166,154,161,7355800
8/21/2025,SMMA,15875,15875,15000,15400,91000
8/21/2025,SMMT,995,1005,965,970,199000
8/21/2025,SMRA,472,476,454,460,80345400
8/21/2025,SMRADRCJ6A,38,38,35,35,85600
8/21/2025,SMRAHDCZ5A,0,0,0,0,0
8/21/2025,SMRAZPCH6A,70,71,67,67,100200
8/21/2025,SMRU,0,0,0,0,0
8/21/2025,SMSM,2020,2050,2000,2020,1480900
8/21/2025,SNLK,510,510,492,500,7754000
8/21/2025,SOCI,179,188,179,187,9232400
8/21/2025,SOFA,48,48,46,47,17132000
8/21/2025,SOHO,730,755,715,745,20800
8/21/2025,SOLA,177,184,174,184,161207900
8/21/2025,SONA,3800,3800,3700,3710,94300
8/21/2025,SOSS,800,840,775,840,771600
8/21/2025,SOTS,266,266,254,264,8100
8/21/2025,SOUL,86,94,86,94,4118000
8/21/2025,SPMA,298,300,288,300,372200
8/21/2025,SPRE,97,97,87,87,1198500
8/21/2025,SPTO,660,665,655,660,648800
8/21/2025,SQMI,0,0,0,0,0
8/21/2025,SRAJ,6175,6275,6100,6200,952600
8/21/2025,SRIL,0,0,0,0,0
8/21/2025,SRSN,59,78,59,69,442580200
8/21/2025,SRTG,1855,1855,1805,1805,7621000
8/21/2025,SRTGZPCG6A,0,0,0,0,0
8/21/2025,SSIA,2500,2520,2360,2370,56231900
8/21/2025,SSMS,1500,1510,1465,1465,10319500
8/21/2025,SSTM,186,190,184,184,54500
8/21/2025,STAA,1065,1065,1035,1045,12778100
8/21/2025,STAR,42,42,42,42,125500
8/21/2025,STRK,133,138,130,135,33207200
8/21/2025,STTP,10275,10275,10225,10225,2000
8/21/2025,SUGI,0,0,0,0,0
8/21/2025,SULI,111,111,108,110,1613100
8/21/2025,SUNI,760,775,760,770,531300
8/21/2025,SUPR,0,0,0,0,0
8/21/2025,SURE,3110,3160,3010,3150,9300
8/21/2025,SURI,124,132,122,131,375168100
8/21/2025,SWAT,0,0,0,0,0
8/21/2025,SWID,106,108,103,104,4828100
8/21/2025,TALF,316,372,292,310,702100
8/21/2025,TAMA,30,31,30,31,862400
8/21/2025,TAMU,22,22,22,22,26787400
8/21/2025,TAPG,1580,1585,1555,1560,21246600
8/21/2025,TAPGDRCJ6A,90,90,88,88,1400
8/21/2025,TAPGHDCH6A,0,0,0,0,0
8/21/2025,TAPGZPCH6A,0,0,0,0,0
8/21/2025,TARA,16,16,16,16,2254900
8/21/2025,TAXI,12,12,12,12,112886500
8/21/2025,TAYS,63,76,63,67,151898800
8/21/2025,TBIG,1920,1925,1920,1925,348700
8/21/2025,TBLA,800,805,785,790,4691100
8/21/2025,TBMS,1070,1070,1045,1045,39200
8/21/2025,TCID,2420,2480,2420,2480,400
8/21/2025,TCPI,5925,6000,5775,5850,9040200
8/21/2025,TDPM,0,0,0,0,0
8/21/2025,TEBE,1180,1215,1110,1110,8406100
8/21/2025,TECH,0,0,0,0,0
8/21/2025,TELE,0,0,0,0,0
8/21/2025,TFAS,130,133,128,132,530100
8/21/2025,TFCO,0,0,0,0,0
8/21/2025,TGKA,5950,5950,5950,5950,400
8/21/2025,TGRA,0,0,0,0,0
8/21/2025,TGUK,0,0,0,0,0
8/21/2025,TIFA,410,412,404,406,26100
8/21/2025,TINS,1035,1035,1020,1020,8176400
8/21/2025,TIRA,1940,1995,1875,1925,33700
8/21/2025,TIRT,0,0,0,0,0
8/21/2025,TKIM,7250,7250,6900,7175,3071800
8/21/2025,TKIMZPCG6A,109,109,106,108,144200
8/21/2025,TLDN,700,705,680,695,4004100
8/21/2025,TLKM,3210,3270,3210,3250,63861900
8/21/2025,TLKMBQCQ5A,61,61,61,61,1000
8/21/2025,TLKMBQCV5A,0,0,0,0,0
8/21/2025,TLKMDRCJ6A,90,90,88,89,81000
8/21/2025,TLKMDRCQ5B,0,0,0,0,0
8/21/2025,TLKMDRCX6A,0,0,0,0,0
8/21/2025,TLKMHDCJ6A,0,0,0,0,0
8/21/2025,TLKMHDCQ5A,0,0,0,0,0
8/21/2025,TLKMHDCV5A,0,0,0,0,0
8/21/2025,TLKMZPCF6A,0,0,0,0,0
8/21/2025,TMAS,139,140,136,137,3281500
8/21/2025,TMPO,147,150,147,148,919000
8/21/2025,TNCA,198,198,189,194,4108000
8/21/2025,TOBA,995,1025,955,985,79549400
8/21/2025,TOOL,52,54,51,52,3931000
8/21/2025,TOPS,0,0,0,0,0
8/21/2025,TOSK,58,58,55,56,33706700
8/21/2025,TOTL,735,740,730,735,1565800
8/21/2025,TOTO,250,252,248,250,1545500
8/21/2025,TOWR,625,630,610,615,14602200
8/21/2025,TOYS,0,0,0,0,0
8/21/2025,TPIA,9075,9075,8775,8850,8649600
8/21/2025,TPMA,585,590,580,585,4868200
8/21/2025,TRAM,0,0,0,0,0
8/21/2025,TRGU,194,195,191,193,155700
8/21/2025,TRIL,0,0,0,0,0
8/21/2025,TRIM,356,360,350,360,153800
8/21/2025,TRIN,105,105,101,102,2638600
8/21/2025,TRIN-W2,0,0,0,0,0
8/21/2025,TRIO,0,0,0,0,0
8/21/2025,TRIS,188,189,185,186,13600
8/21/2025,TRJA,140,144,139,140,130100
8/21/2025,TRON,104,105,101,102,3253400
8/21/2025,TRST,482,484,450,482,9100
8/21/2025,TRUE,28,28,28,28,3092500
8/21/2025,TRUK,177,179,170,173,214800
8/21/2025,TRUS,484,486,474,474,31400
8/21/2025,TSPC,2290,2290,2250,2280,2299000
8/21/2025,TUGU,970,980,955,955,3277700
8/21/2025,TYRE,128,128,123,127,358300
8/21/2025,UANG,0,0,0,0,0
8/21/2025,UCID,472,484,468,480,3484400
8/21/2025,UDNG,2200,2330,2200,2330,271600
8/21/2025,UFOE,182,185,180,181,103400
8/21/2025,ULTJ,1270,1280,1265,1265,2556400
8/21/2025,UNIC,8000,8100,8000,8100,7600
8/21/2025,UNIQ,406,408,398,400,28301300
8/21/2025,UNIT,0,0,0,0,0
8/21/2025,UNSP,143,143,141,143,1013000
8/21/2025,UNTD,82,83,80,81,13330700
8/21/2025,UNTR,24475,25850,24250,25800,10584600
8/21/2025,UNTRBQCV5A,0,0,0,0,0
8/21/2025,UNTRDRCG6A,132,155,132,155,86300
8/21/2025,UNTRHDCQ5A,0,0,0,0,0
8/21/2025,UNTRZPCJ6A,0,0,0,0,0
8/21/2025,UNVR,1800,1830,1800,1815,10486800
8/21/2025,UNVRBQCQ5A,6,6,2,3,12913300
8/21/2025,UNVRBQCU5A,35,36,35,36,12200
8/21/2025,UNVRBQCZ5A,0,0,0,0,0
8/21/2025,UNVRDRCG6A,53,53,53,53,49200
8/21/2025,UNVRHDCQ5A,0,0,0,0,0
8/21/2025,UNVRHDPG6A,0,0,0,0,0
8/21/2025,UNVRZPCH6A,0,0,0,0,0
8/21/2025,URBN,134,135,130,135,56400
8/21/2025,UVCR,71,90,71,76,122181600
8/21/2025,VAST,168,172,167,171,6672600
8/21/2025,VAST-W,14,14,13,14,95300
8/21/2025,VERN,145,146,138,138,5390400
8/21/2025,VERN-W,6,6,4,5,4240600
8/21/2025,VICI,625,630,615,625,488300
8/21/2025,VICO,177,179,176,177,364100
8/21/2025,VINS,122,124,122,122,78500
8/21/2025,VISI,133,136,133,133,4769900
8/21/2025,VIVA,20,20,20,20,7627800
8/21/2025,VKTR,95,97,95,97,18148000
8/21/2025,VOKS,194,198,194,195,27500
8/21/2025,VRNA,79,100,77,97,37552800
8/21/2025,VTNY,98,130,97,119,408466800
8/21/2025,WAPO,144,147,144,145,1466900
8/21/2025,WEGE,63,73,62,65,258325300
8/21/2025,WEHA,118,118,116,116,1474900
8/21/2025,WGSH,164,164,157,157,2640200
8/21/2025,WICO,0,0,0,0,0
8/21/2025,WIDI,23,24,22,24,46412800
8/21/2025,WIFI,2760,2860,2730,2780,90919700
8/21/2025,WIIM,815,825,815,820,811300
8/21/2025,WIKA,0,0,0,0,0
8/21/2025,WINE,210,214,210,212,658400
8/21/2025,WINR,27,28,27,28,53592000
8/21/2025,WINS,410,418,404,404,4604900
8/21/2025,WIRG,178,199,177,193,2841049300
8/21/2025,WMPP,0,0,0,0,0
8/21/2025,WMUU,14,15,14,15,20274200
8/21/2025,WOMF,342,342,338,340,63700
8/21/2025,WOOD,380,386,378,384,3602000
8/21/2025,WOWS,88,88,88,88,14683900
8/21/2025,WSBP,18,18,18,18,24719000
8/21/2025,WSKT,0,0,0,0,0
8/21/2025,WTON,99,104,98,98,36932600
8/21/2025,XAQA,0,0,0,0,0
8/21/2025,XBES,1097,1097,1097,1097,10100
8/21/2025,XBID,526,526,526,526,41000
8/21/2025,XBIG,0,0,0,0,0
8/21/2025,XBIN,599,599,599,599,40000
8/21/2025,XBLQ,494,494,492,492,1600
8/21/2025,XBNI,0,0,0,0,0
8/21/2025,XBSK,459,459,459,459,40000
8/21/2025,XCEG,109,111,109,111,700
8/21/2025,XCID,78,89,68,74,515400
8/21/2025,XCIS,109,119,93,110,86000
8/21/2025,XCLQ,108,108,90,97,265200
8/21/2025,XDIF,0,0,0,0,0
8/21/2025,XIFE,106,116,106,112,300
8/21/2025,XIHD,642,642,642,642,200
8/21/2025,XIIC,0,0,0,0,0
8/21/2025,XIID,0,0,0,0,0
8/21/2025,XIIF,473,473,473,473,5200
8/21/2025,XIIT,527,531,527,531,21600
8/21/2025,XIJI,632,635,628,628,7100
8/21/2025,XILV,164,164,104,124,97000
8/21/2025,XIML,246,246,246,246,100
8/21/2025,XIPB,0,0,0,0,0
8/21/2025,XIPI,230,230,224,224,2600
8/21/2025,XISB,0,0,0,0,0
8/21/2025,XISC,0,0,0,0,0
8/21/2025,XISI,358,358,358,358,100
8/21/2025,XISR,448,454,448,454,2500
8/21/2025,XKID,0,0,0,0,0
8/21/2025,XKIV,588,588,588,588,40000
8/21/2025,XKMS,1181,1188,1178,1188,200100
8/21/2025,XMGB,0,0,0,0,0
8/21/2025,XMIG,224,224,223,223,200100
8/21/2025,XMLF,915,915,911,911,42400
8/21/2025,XMSK,398,398,395,395,12300
8/21/2025,XNVE,0,0,0,0,0
8/21/2025,XPDV,526,622,526,622,400
8/21/2025,XPFT,0,0,0,0,0
8/21/2025,XPIN,648,650,645,645,61500
8/21/2025,XPLQ,665,665,570,570,25100
8/21/2025,XPSG,0,0,0,0,0
8/21/2025,XPTD,595,595,506,506,23000
8/21/2025,XSBC,252,276,214,230,98800
8/21/2025,XSPI,0,0,0,0,0
8/21/2025,XSSI,118,125,102,110,363800
8/21/2025,XSSK,713,713,713,713,20000
8/21/2025,YELO,53,53,53,53,11768200
8/21/2025,YOII,95,101,93,97,9034500
8/21/2025,YPAS,354,354,354,354,900
8/21/2025,YULE,2690,2690,2690,2690,200
8/21/2025,YUPI,1685,1695,1655,1690,57600
8/21/2025,ZATA,15,15,15,15,6896400
8/21/2025,ZBRA,0,0,0,0,0
8/21/2025,ZINC,17,17,17,17,128274300
8/21/2025,ZONE,745,745,735,745,177500
8/21/2025,ZYRX,163,178,151,156,45588500
