<date>,<ticker>,<open>,<high>,<low>,<close>,<volume>
8/26/2025,IHSG,7971.787,7978.067,7881.209,7905.757,5178758098
8/26/2025,IDX30,0.000,0.000,0.000,0.000,0
8/26/2025,IDX80,0.000,0.000,0.000,0.000,0
8/26/2025,AADI,6875,7275,6825,7275,66277300
8/26/2025,AALI,7500,7500,7175,7225,2355100
8/26/2025,ABBA,42,44,42,44,2089600
8/26/2025,ABDA,0,0,0,0,0
8/26/2025,ABMM,2980,2990,2960,2980,636200
8/26/2025,ACES,460,464,458,460,27424800
8/26/2025,ACESBQCV5A,3,3,2,2,1000500
8/26/2025,ACESBQCX5B,0,0,0,0,0
8/26/2025,ACESBQCZ5A,29,29,28,28,192800
8/26/2025,ACESDRCJ6A,16,17,16,17,2100
8/26/2025,ACESHDCZ5A,0,0,0,0,0
8/26/2025,ACESZPCJ6A,0,0,0,0,0
8/26/2025,ACRO,94,95,87,90,40445900
8/26/2025,ACRO-W,10,10,9,10,20167400
8/26/2025,ACST,162,177,155,159,162604500
8/26/2025,ADCP,50,50,50,50,3828700
8/26/2025,ADES,13775,14175,13775,13975,83400
8/26/2025,ADHI,294,304,288,294,77367600
8/26/2025,ADMF,9075,9100,9050,9050,53500
8/26/2025,ADMG,159,160,150,153,3114500
8/26/2025,ADMR,1010,1030,1000,1015,21438100
8/26/2025,ADMRDRCJ6A,33,35,33,35,13000
8/26/2025,ADMRZPCH6A,51,54,51,54,625000
8/26/2025,ADRO,1740,1780,1715,1735,957667000
8/26/2025,ADROBQCU5A,6,11,4,5,8436100
8/26/2025,ADROBQCZ5A,19,21,19,21,255400
8/26/2025,ADRODRCJ6A,61,61,61,61,1000
8/26/2025,ADRODRCX5A,37,40,36,39,104900
8/26/2025,ADROHDCZ5A,0,0,0,0,0
8/26/2025,ADROYUCZ5A,78,78,78,78,300
8/26/2025,ADROZPCF6A,31,32,31,32,200
8/26/2025,AEGS,52,53,51,53,3117300
8/26/2025,AGAR,250,260,250,256,88400
8/26/2025,AGII,895,905,880,890,917400
8/26/2025,AGRO,254,256,244,248,24337600
8/26/2025,AGRS,84,87,81,82,32655500
8/26/2025,AHAP,86,89,82,84,104064400
8/26/2025,AIMS,346,346,320,324,16900
8/26/2025,AISA,128,130,124,125,8015100
8/26/2025,AKKU,0,0,0,0,0
8/26/2025,AKPI,565,570,560,560,35600
8/26/2025,AKRA,1260,1270,1225,1225,22037000
8/26/2025,AKRABQCX5B,0,0,0,0,0
8/26/2025,AKRADRCX5A,36,36,36,36,100
8/26/2025,AKRAHDCH6A,0,0,0,0,0
8/26/2025,AKRAZPCJ6A,0,0,0,0,0
8/26/2025,AKRAZPCX5A,63,63,63,63,100
8/26/2025,AKSI,254,258,248,258,335500
8/26/2025,ALDO,505,505,490,494,51000
8/26/2025,ALII,575,575,560,560,3518100
8/26/2025,ALKA,318,320,308,314,121400
8/26/2025,ALMI,0,0,0,0,0
8/26/2025,ALTO,0,0,0,0,0
8/26/2025,AMAG,370,370,358,364,162300
8/26/2025,AMAN,120,122,118,118,2962600
8/26/2025,AMAR,224,226,216,220,5670300
8/26/2025,AMFG,3060,3130,3060,3120,111100
8/26/2025,AMIN,208,208,200,204,355500
8/26/2025,AMMN,8675,8700,8075,8075,661251400
8/26/2025,AMMNBQCZ5A,50,50,50,50,178000
8/26/2025,AMMNDRCJ6A,79,79,79,79,5100
8/26/2025,AMMNHDCH6A,0,0,0,0,0
8/26/2025,AMMNZPCG6A,0,0,0,0,0
8/26/2025,AMMS,147,156,141,149,5388400
8/26/2025,AMOR,498,510,496,500,220700
8/26/2025,AMRT,2270,2300,2220,2280,54638700
8/26/2025,AMRTBQCU5A,7,7,4,5,5751500
8/26/2025,AMRTDRCZ5A,40,40,39,39,67200
8/26/2025,AMRTHDCJ6A,34,34,34,34,5300
8/26/2025,AMRTHDCQ5A,1,2,1,1,840500
8/26/2025,AMRTZPCX5A,54,55,50,50,261200
8/26/2025,ANDI,31,31,31,31,27503400
8/26/2025,ANJT,1785,1795,1780,1790,7004200
8/26/2025,ANTM,2890,2920,2880,2880,84364800
8/26/2025,ANTMBQCU5A,258,258,258,258,100
8/26/2025,ANTMBQCX5A,56,56,56,56,100
8/26/2025,ANTMBQCZ5A,0,0,0,0,0
8/26/2025,ANTMDRCG6A,42,43,41,42,130000
8/26/2025,ANTMDRCX5A,274,274,268,268,149700
8/26/2025,ANTMDRPU5A,0,0,0,0,0
8/26/2025,ANTMDRPU5B,0,0,0,0,0
8/26/2025,ANTMHDCH6A,76,76,76,76,5000
8/26/2025,ANTMHDCH6B,115,115,115,115,600000
8/26/2025,ANTMHDCU5A,65,65,63,63,6800
8/26/2025,ANTMZPCJ6A,64,64,62,63,150100
8/26/2025,ANTMZPCX5A,0,0,0,0,0
8/26/2025,APEX,125,127,124,125,39152900
8/26/2025,APIC,1205,1205,1155,1155,9147000
8/26/2025,APII,177,177,173,176,7000
8/26/2025,APLI,466,510,466,480,82700
8/26/2025,APLN,112,114,109,109,27497500
8/26/2025,ARCI,695,710,670,690,31654500
8/26/2025,AREA,595,600,540,555,3716000
8/26/2025,ARGO,1440,1440,1370,1395,58100
8/26/2025,ARII,270,272,266,268,25300
8/26/2025,ARKA,38,38,38,38,9515700
8/26/2025,ARKO,1400,1400,1350,1350,1101700
8/26/2025,ARMY,0,0,0,0,0
8/26/2025,ARNA,575,580,560,570,5326400
8/26/2025,ARTA,3380,3380,3260,3280,1200
8/26/2025,ARTI,0,0,0,0,0
8/26/2025,ARTO,2310,2310,2250,2270,10640700
8/26/2025,ARTOBQCU5A,6,7,5,5,10713800
8/26/2025,ARTOBQCX5B,0,0,0,0,0
8/26/2025,ARTOBQCZ5A,33,33,32,33,597100
8/26/2025,ARTODRCK6A,94,94,90,90,84500
8/26/2025,ARTODRCX5A,63,64,62,63,1031200
8/26/2025,ARTOHDCZ5A,0,0,0,0,0
8/26/2025,ARTOZPCX5A,0,0,0,0,0
8/26/2025,ASBI,458,458,438,440,10600
8/26/2025,ASDM,560,560,550,550,11000
8/26/2025,ASGR,1260,1270,1100,1140,9259300
8/26/2025,ASHA,29,29,29,29,17349300
8/26/2025,ASII,5725,5725,5475,5625,79136200
8/26/2025,ASIIBQCU5A,0,0,0,0,0
8/26/2025,ASIIBQCZ5A,0,0,0,0,0
8/26/2025,ASIIDRCX5A,0,0,0,0,0
8/26/2025,ASIIDRCX6A,0,0,0,0,0
8/26/2025,ASIIHDCZ5A,0,0,0,0,0
8/26/2025,ASIIZPCJ6A,0,0,0,0,0
8/26/2025,ASJT,109,112,108,111,80900
8/26/2025,ASLC,117,122,109,112,248496800
8/26/2025,ASLI,0,0,0,0,0
8/26/2025,ASMI,23,23,22,22,7202800
8/26/2025,ASPI,452,456,410,428,2362900
8/26/2025,ASPR,102,102,98,100,20394500
8/26/2025,ASRI,185,185,177,182,104071500
8/26/2025,ASRM,284,284,274,274,75500
8/26/2025,ASSA,920,930,880,925,30192200
8/26/2025,ATAP,35,37,35,37,957800
8/26/2025,ATIC,402,406,398,406,378300
8/26/2025,ATLA,50,54,50,50,328681600
8/26/2025,AUTO,2480,2480,2410,2440,3776700
8/26/2025,AUTOZPCJ6A,38,38,38,38,10000
8/26/2025,AVIA,424,426,420,424,15114100
8/26/2025,AVIAZPCJ6A,20,20,19,19,22900
8/26/2025,AWAN,262,266,252,256,20795100
8/26/2025,AXIO,131,132,128,129,1023800
8/26/2025,AYAM,169,172,168,170,115770700
8/26/2025,AYLS,109,110,106,110,4691300
8/26/2025,BABP,67,69,60,60,356197600
8/26/2025,BABY,356,364,340,346,7843200
8/26/2025,BACA,158,158,144,145,21021000
8/26/2025,BAIK,111,111,107,107,5356200
8/26/2025,BAIK-W,10,10,9,10,1576900
8/26/2025,BAJA,132,133,128,130,1757200
8/26/2025,BALI,1455,1480,1400,1480,49800
8/26/2025,BANK,850,860,830,850,10963000
8/26/2025,BANK-W,0,0,0,0,0
8/26/2025,BAPA,60,64,59,60,7901600
8/26/2025,BAPI,17,17,17,17,4047700
8/26/2025,BATA,50,52,50,51,315900
8/26/2025,BATR,107,108,104,108,7520800
8/26/2025,BAUT,37,37,35,36,12610500
8/26/2025,BAYU,1360,1365,1305,1315,120500
8/26/2025,BBCA,8450,8475,8250,8250,326794200
8/26/2025,BBCABQCV5A,13,13,11,12,17595000
8/26/2025,BBCABQCX5A,28,28,28,28,3500
8/26/2025,BBCADRCF6A,59,59,54,54,449400
8/26/2025,BBCADRCX6A,4110,4110,4040,4040,3500
8/26/2025,BBCAHDCQ7A,78,78,74,74,14700
8/26/2025,BBCAHDCU5A,0,0,0,0,0
8/26/2025,BBCAHDCV5A,0,0,0,0,0
8/26/2025,BBCAZPCF6A,0,0,0,0,0
8/26/2025,BBCAZPCH6A,99,99,97,97,200
8/26/2025,BBHI,1580,1600,1570,1600,2414900
8/26/2025,BBKP,90,99,81,82,4146891000
8/26/2025,BBLD,970,970,940,945,59700
8/26/2025,BBMD,2080,2080,2080,2080,700
8/26/2025,BBNI,4430,4540,4370,4540,85603900
8/26/2025,BBNIBQCU5A,20,21,20,20,248000
8/26/2025,BBNIBQCV5A,0,0,0,0,0
8/26/2025,BBNIDRCX6A,0,0,0,0,0
8/26/2025,BBNIDRCZ5A,66,66,66,66,18100
8/26/2025,BBNIDRPU5A,10,10,9,9,141000
8/26/2025,BBNIHDCQ7A,0,0,0,0,0
8/26/2025,BBNIHDCU5A,0,0,0,0,0
8/26/2025,BBNIHDPU5A,145,146,134,134,7300
8/26/2025,BBNIYUCV5A,64,72,64,72,200
8/26/2025,BBNIZPCH6A,0,0,0,0,0
8/26/2025,BBNIZPCX5A,0,0,0,0,0
8/26/2025,BBRI,4220,4220,4170,4170,267465600
8/26/2025,BBRIBQCQ5A,1,1,1,1,2744800
8/26/2025,BBRIBQCU5A,31,31,30,31,2486500
8/26/2025,BBRIBQCZ5A,0,0,0,0,0
8/26/2025,BBRIDRCX5A,0,0,0,0,0
8/26/2025,BBRIDRCX6A,0,0,0,0,0
8/26/2025,BBRIHDCH6A,0,0,0,0,0
8/26/2025,BBRIHDCQ7A,110,110,110,110,5000
8/26/2025,BBRIYUCV5A,154,154,146,146,300
8/26/2025,BBRIZPCH6A,0,0,0,0,0
8/26/2025,BBRIZPCX5A,0,0,0,0,0
8/26/2025,BBRM,101,102,91,94,33029600
8/26/2025,BBSI,4030,4050,3880,4020,24300
8/26/2025,BBSS,250,254,242,244,9900
8/26/2025,BBTN,1300,1300,1260,1260,19669700
8/26/2025,BBTNHDCZ5A,0,0,0,0,0
8/26/2025,BBTNYUCZ5A,0,0,0,0,0
8/26/2025,BBTNZPCG6A,0,0,0,0,0
8/26/2025,BBYB,382,382,350,356,147555200
8/26/2025,BCAP,73,84,70,77,606027400
8/26/2025,BCIC,0,0,0,0,0
8/26/2025,BCIP,98,99,95,96,28106600
8/26/2025,BDKR,151,152,148,151,14282700
8/26/2025,BDMN,2560,2570,2540,2560,485700
8/26/2025,BEBS,0,0,0,0,0
8/26/2025,BEEF,324,328,294,308,36499000
8/26/2025,BEER,119,127,113,115,18440700
8/26/2025,BEKS,28,29,28,29,59097200
8/26/2025,BELI,376,378,370,374,379000
8/26/2025,BELL,55,56,54,54,19822500
8/26/2025,BESS,1010,1010,990,990,17800
8/26/2025,BEST,113,116,112,113,45830600
8/26/2025,BFIN,855,870,855,855,5139100
8/26/2025,BFINDRCK6A,36,36,36,36,138800
8/26/2025,BGTG,118,122,112,117,114439900
8/26/2025,BHAT,890,890,880,890,1260600
8/26/2025,BHIT,31,32,31,32,38281400
8/26/2025,BIKA,0,0,0,0,0
8/26/2025,BIKE,865,870,850,850,6072800
8/26/2025,BIMA,63,65,63,65,64600
8/26/2025,BINA,4410,4410,4350,4410,13900
8/26/2025,BINO,126,128,123,124,1593100
8/26/2025,BIPI,87,91,86,89,452818900
8/26/2025,BIPP,45,47,45,47,398200
8/26/2025,BIRD,1885,1890,1835,1835,4042400
8/26/2025,BISI,900,905,890,895,34800
8/26/2025,BJBR,805,805,795,800,2713600
8/26/2025,BJTM,530,535,525,525,8316100
8/26/2025,BKDP,43,44,43,44,1293500
8/26/2025,BKSL,147,149,142,146,497489900
8/26/2025,BKSW,78,79,72,73,31009600
8/26/2025,BLES,168,174,166,169,15607100
8/26/2025,BLOG,615,620,540,555,49457200
8/26/2025,BLTA,27,27,27,27,5396700
8/26/2025,BLTZ,0,0,0,0,0
8/26/2025,BLUE,318,318,314,314,70700
8/26/2025,BMAS,600,600,600,600,80100
8/26/2025,BMBL,30,31,29,31,17624700
8/26/2025,BMHS,191,191,188,189,2238700
8/26/2025,BMRI,4950,4950,4860,4900,308891700
8/26/2025,BMRIBQCU5A,2,2,2,2,975600
8/26/2025,BMRIBQCZ5A,0,0,0,0,0
8/26/2025,BMRIDRCX5A,0,0,0,0,0
8/26/2025,BMRIDRCX6A,2500,2500,2500,2500,1000
8/26/2025,BMRIHDCQ7A,0,0,0,0,0
8/26/2025,BMRIHDCU5A,97,97,94,94,110000
8/26/2025,BMRIHDPU5A,155,157,155,155,1200
8/26/2025,BMRIZPCH6A,73,73,72,72,500
8/26/2025,BMRIZPCX5A,44,44,43,43,98300
8/26/2025,BMSR,262,262,254,258,75900
8/26/2025,BMTR,147,152,146,149,103640800
8/26/2025,BNBA,810,810,790,800,72600
8/26/2025,BNBR,41,41,39,39,25882100
8/26/2025,BNGA,1730,1740,1725,1725,2993700
8/26/2025,BNGADRCK6A,0,0,0,0,0
8/26/2025,BNGAZPCH6A,0,0,0,0,0
8/26/2025,BNII,220,220,214,214,2883000
8/26/2025,BNLI,3060,3110,3010,3100,276200
8/26/2025,BOAT,110,120,109,111,32882400
8/26/2025,BOBA,190,191,183,184,516800
8/26/2025,BOGA,575,590,575,585,626100
8/26/2025,BOLA,204,208,199,208,695200
8/26/2025,BOLT,1070,1075,1065,1065,20600
8/26/2025,BOSS,0,0,0,0,0
8/26/2025,BPFI,344,346,344,344,32400
8/26/2025,BPII,580,585,580,580,148600
8/26/2025,BPTR,100,100,96,97,1634300
8/26/2025,BRAM,5175,5175,5125,5125,1300
8/26/2025,BREN,8975,9100,8650,8875,37895200
8/26/2025,BRIS,2760,2770,2740,2760,7566200
8/26/2025,BRISBQCZ5A,0,0,0,0,0
8/26/2025,BRISDRCJ6A,0,0,0,0,0
8/26/2025,BRISHDCH6A,0,0,0,0,0
8/26/2025,BRISHDCZ5A,0,0,0,0,0
8/26/2025,BRISYUCV5A,78,78,78,78,100
8/26/2025,BRISZPCG6A,54,54,54,54,4900
8/26/2025,BRMS,488,520,476,478,1856177900
8/26/2025,BRMSBQCZ5A,62,71,62,63,5800
8/26/2025,BRMSDRCJ6A,50,57,47,47,12794500
8/26/2025,BRMSDRPX5A,0,0,0,0,0
8/26/2025,BRMSHDCH6A,0,0,0,0,0
8/26/2025,BRMSHDCZ5A,0,0,0,0,0
8/26/2025,BRMSYUCV5A,41,45,35,35,348900
8/26/2025,BRMSZPCG6A,87,89,86,89,27200
8/26/2025,BRNA,760,780,755,770,57600
8/26/2025,BRPT,2260,2270,2100,2180,244076400
8/26/2025,BRPTBQCQ5A,0,0,0,0,0
8/26/2025,BRPTBQCV5A,296,296,288,296,400
8/26/2025,BRPTBQCX5B,71,73,63,63,475300
8/26/2025,BRPTBQCZ5A,635,640,635,640,200
8/26/2025,BRPTDRCF6A,189,189,171,171,86600
8/26/2025,BRPTDRCJ6A,100,100,86,87,861400
8/26/2025,BRPTDRCX5A,218,220,200,200,559700
8/26/2025,BRPTDRPV5A,9,11,9,11,3133200
8/26/2025,BRPTHDCH6A,0,0,0,0,0
8/26/2025,BRPTHDCH6B,0,0,0,0,0
8/26/2025,BRPTHDPG6A,276,284,276,284,37200
8/26/2025,BRPTYUCZ5A,121,121,121,121,100
8/26/2025,BRPTZPCF6A,192,196,192,196,900
8/26/2025,BRPTZPCX5A,276,282,276,282,300
8/26/2025,BRRC,82,88,81,82,51987200
8/26/2025,BRRC-W,10,11,10,10,7460900
8/26/2025,BSBK,54,54,53,53,17393900
8/26/2025,BSDE,970,1015,970,995,77990700
8/26/2025,BSDEDRCJ6A,37,41,37,41,500
8/26/2025,BSDEZPCH6A,0,0,0,0,0
8/26/2025,BSIM,940,950,930,930,98700
8/26/2025,BSML,103,105,102,103,57426900
8/26/2025,BSSR,3910,3920,3900,3920,343800
8/26/2025,BSWD,0,0,0,0,0
8/26/2025,BTEK,11,11,11,11,21148400
8/26/2025,BTEL,0,0,0,0,0
8/26/2025,BTON,386,388,382,388,28000
8/26/2025,BTPN,2170,2170,2130,2150,6900
8/26/2025,BTPS,1435,1435,1410,1435,5608200
8/26/2025,BTPSDRCK6A,0,0,0,0,0
8/26/2025,BTPSZPCH6A,0,0,0,0,0
8/26/2025,BUAH,1350,1650,1330,1405,4483800
8/26/2025,BUDI,222,226,220,222,88400
8/26/2025,BUKA,184,187,179,180,466851200
8/26/2025,BUKABQCZ5B,25,26,23,25,4386600
8/26/2025,BUKADRCK6A,0,0,0,0,0
8/26/2025,BUKAHDCZ5A,0,0,0,0,0
8/26/2025,BUKK,825,830,820,820,39200
8/26/2025,BULL,156,159,154,156,226069000
8/26/2025,BUMI,112,115,111,112,1346175800
8/26/2025,BUVA,368,376,340,368,192181900
8/26/2025,BVIC,137,149,120,122,207302800
8/26/2025,BVIC-W,50,58,40,48,1429400
8/26/2025,BWPT,0,0,0,0,0
8/26/2025,BYAN,18350,18350,18300,18325,6200
8/26/2025,CAKK,136,138,134,135,107400
8/26/2025,CAMP,212,234,208,212,20790900
8/26/2025,CANI,42,42,42,42,1693200
8/26/2025,CARE,292,294,284,292,17567400
8/26/2025,CARS,126,127,118,119,135279200
8/26/2025,CASA,1120,1130,1110,1115,4687900
8/26/2025,CASH,101,108,100,108,4619500
8/26/2025,CASS,2640,2700,2640,2690,125900
8/26/2025,CBDK,6975,6975,6425,6525,22998300
8/26/2025,CBMF,0,0,0,0,0
8/26/2025,CBPE,199,210,191,202,499700
8/26/2025,CBRE,147,147,147,147,4505200
8/26/2025,CBUT,1520,1630,1515,1580,371900
8/26/2025,CCSI,334,336,326,330,283400
8/26/2025,CDIA,1530,1555,1505,1505,88058400
8/26/2025,CEKA,2870,2870,2720,2760,46100
8/26/2025,CENT,127,128,121,123,24621400
8/26/2025,CFIN,334,334,328,330,2661300
8/26/2025,CGAS,127,130,124,128,13238600
8/26/2025,CHEK,204,206,199,202,40795500
8/26/2025,CHEM,101,103,101,101,7296700
8/26/2025,CHIP,1460,1460,1405,1415,78400
8/26/2025,CINT,161,161,158,160,284100
8/26/2025,CITA,4090,4100,4010,4070,222400
8/26/2025,CITY,109,109,104,105,7760100
8/26/2025,CLAY,1385,1410,1355,1395,206100
8/26/2025,CLEO,620,635,610,615,20200200
8/26/2025,CLPI,1230,1275,1205,1225,634800
8/26/2025,CMNP,1370,1380,1330,1330,460900
8/26/2025,CMNP-W,0,0,0,0,0
8/26/2025,CMNT,820,825,805,825,33455300
8/26/2025,CMPP,101,101,100,100,569900
8/26/2025,CMRY,4830,4980,4830,4900,967800
8/26/2025,CMRYDRCK6A,86,87,86,87,25000
8/26/2025,CMRYZPCJ6A,0,0,0,0,0
8/26/2025,CNKO,93,97,93,97,64087100
8/26/2025,CNMA,140,140,135,135,36316900
8/26/2025,CNTB,0,0,0,0,0
8/26/2025,CNTX,0,0,0,0,0
8/26/2025,COAL,40,40,39,39,14150500
8/26/2025,COCO,555,555,460,460,10536000
8/26/2025,COIN,0,0,0,0,0
8/26/2025,COWL,0,0,0,0,0
8/26/2025,CPIN,4500,4500,4420,4430,18824500
8/26/2025,CPINDRCG6A,64,64,64,64,10100
8/26/2025,CPINZPCJ6A,0,0,0,0,0
8/26/2025,CPRI,0,0,0,0,0
8/26/2025,CPRO,54,55,52,52,178501100
8/26/2025,CRAB,242,242,232,236,4587500
8/26/2025,CRSN,115,122,114,116,1691900
8/26/2025,CSAP,300,308,298,300,277100
8/26/2025,CSIS,124,125,118,121,3417000
8/26/2025,CSMI,0,0,0,0,0
8/26/2025,CSRA,790,790,745,765,3733900
8/26/2025,CTBN,5800,5800,5675,5675,1600
8/26/2025,CTRA,1080,1110,1065,1070,63482600
8/26/2025,CTRADRCJ6A,37,37,34,34,1934500
8/26/2025,CTRAYUCZ5A,88,88,88,88,100
8/26/2025,CTRAZPCG6A,58,58,55,55,27300
8/26/2025,CTTH,39,39,39,39,998700
8/26/2025,CUAN,1640,1700,1580,1700,1568520900
8/26/2025,CYBR,1020,1020,985,1005,24440000
8/26/2025,CYBR-W,575,580,555,555,1000
8/26/2025,DAAZ,3330,3330,3190,3230,592800
8/26/2025,DADA,24,24,24,24,1675000
8/26/2025,DART,173,181,166,171,1971200
8/26/2025,DATA,0,0,0,0,0
8/26/2025,DAYA,1025,1040,1005,1020,7700
8/26/2025,DCII,339425,339425,321700,321875,11800
8/26/2025,DEAL,0,0,0,0,0
8/26/2025,DEFI,590,590,585,585,26300
8/26/2025,DEPO,200,200,198,199,962100
8/26/2025,DEWA,228,236,226,226,432255400
8/26/2025,DEWI,112,112,110,112,41620400
8/26/2025,DFAM,65,86,65,86,165100100
8/26/2025,DGIK,101,101,94,95,9991900
8/26/2025,DGNS,146,154,144,149,27846200
8/26/2025,DGWG,434,436,422,426,10353700
8/26/2025,DIGI,26,29,26,29,2088300
8/26/2025,DILD,146,147,142,143,20605900
8/26/2025,DIVA,119,123,117,118,5912200
8/26/2025,DKFT,735,770,720,725,38635300
8/26/2025,DKHH,119,138,116,118,491228900
8/26/2025,DKHH-W,18,21,18,19,51858000
8/26/2025,DLTA,1985,1995,1980,1985,69000
8/26/2025,DMAS,140,141,139,139,33352500
8/26/2025,DMMX,344,374,344,366,8324100
8/26/2025,DMND,585,585,575,580,65300
8/26/2025,DNAR,129,135,124,124,10654700
8/26/2025,DNET,10375,10375,9500,9500,23500
8/26/2025,DOID,350,366,348,356,18241600
8/26/2025,DOOH,165,167,161,164,174064800
8/26/2025,DOSS,140,143,137,140,2674600
8/26/2025,DPNS,244,258,244,248,5700
8/26/2025,DPUM,65,71,63,64,37927800
8/26/2025,DRMA,1035,1045,995,1015,1539800
8/26/2025,DSFI,87,88,84,85,11493200
8/26/2025,DSNG,1660,1660,1480,1575,53846400
8/26/2025,DSNGDRCK6A,0,0,0,0,0
8/26/2025,DSSA,81500,90575,81100,90575,60270200
8/26/2025,DUCK,0,0,0,0,0
8/26/2025,DUTI,3460,3460,3140,3350,47300
8/26/2025,DVLA,1655,1675,1645,1675,42400
8/26/2025,DWGL,230,234,228,232,152000
8/26/2025,DYAN,92,96,91,94,20965300
8/26/2025,EAST,96,97,95,95,1553100
8/26/2025,ECII,206,206,190,193,1660600
8/26/2025,EDGE,4350,4350,4270,4280,38500
8/26/2025,EKAD,191,191,188,188,136100
8/26/2025,ELIT,216,216,202,204,44828600
8/26/2025,ELPI,322,322,318,318,293200
8/26/2025,ELSA,520,525,505,505,26346100
8/26/2025,ELSADRCJ6A,40,40,38,38,200
8/26/2025,ELSAZPCG6A,39,39,36,36,63900
8/26/2025,ELTY,19,19,19,19,52497800
8/26/2025,EMDE,100,101,99,100,3705100
8/26/2025,EMTK,1390,1430,1310,1360,180799400
8/26/2025,EMTKBQCZ5A,396,398,396,398,33500
8/26/2025,EMTKDRCK6A,82,82,70,74,302400
8/26/2025,EMTKHDCZ5A,292,294,290,290,113300
8/26/2025,EMTKYUCV5A,193,193,193,193,1200
8/26/2025,EMTKZPCH6A,192,192,170,173,13642500
8/26/2025,ENAK,705,710,695,710,824700
8/26/2025,ENRG,585,595,570,570,88470800
8/26/2025,ENRGBQCZ5A,28,29,27,27,402200
8/26/2025,ENRGDRCJ6A,79,81,76,76,158000
8/26/2025,ENRGHDCZ5A,220,220,220,220,900
8/26/2025,ENRGZPCG6A,178,178,178,178,100
8/26/2025,ENVY,0,0,0,0,0
8/26/2025,ENZO,36,37,36,37,4239500
8/26/2025,EPAC,27,27,27,27,18930600
8/26/2025,EPMT,2360,2380,2320,2320,21200
8/26/2025,ERAA,456,456,442,446,63087100
8/26/2025,ERAABQCZ5A,0,0,0,0,0
8/26/2025,ERAADRCJ6A,12,12,12,12,67000
8/26/2025,ERAAHDCZ5A,0,0,0,0,0
8/26/2025,ERAAZPCH6A,0,0,0,0,0
8/26/2025,ERAL,344,344,332,332,12619400
8/26/2025,ERTX,123,124,117,119,4210400
8/26/2025,ESIP,46,50,46,49,4407400
8/26/2025,ESSA,580,585,570,575,26093400
8/26/2025,ESSABQCZ5A,0,0,0,0,0
8/26/2025,ESSAHDCH6A,0,0,0,0,0
8/26/2025,ESSAYUCZ5A,0,0,0,0,0
8/26/2025,ESTA,65,69,63,64,8874500
8/26/2025,ESTI,52,55,52,55,1702300
8/26/2025,ETWA,0,0,0,0,0
8/26/2025,EURO,242,250,240,244,10007900
8/26/2025,EXCL,2940,2960,2900,2960,14139800
8/26/2025,EXCLHDCJ6A,0,0,0,0,0
8/26/2025,EXCLHDCQ5A,153,153,153,153,500
8/26/2025,EXCLZPCF6A,0,0,0,0,0
8/26/2025,FAPA,5800,5850,5750,5775,11700
8/26/2025,FAST,330,398,326,338,42527600
8/26/2025,FASW,0,0,0,0,0
8/26/2025,FILM,3760,4060,3190,3190,77309700
8/26/2025,FIMP,0,0,0,0,0
8/26/2025,FIRE,84,89,83,84,32492100
8/26/2025,FISH,0,0,0,0,0
8/26/2025,FITT,388,394,350,362,3185100
8/26/2025,FLMC,148,148,148,148,545400
8/26/2025,FMII,368,378,368,372,27400
8/26/2025,FOLK,83,83,80,82,654200
8/26/2025,FOOD,105,105,104,105,106700
8/26/2025,FORE,560,570,535,540,16192500
8/26/2025,FORU,1205,1240,1160,1200,698800
8/26/2025,FPNI,193,193,190,192,591000
8/26/2025,FUJI,488,600,412,432,5164200
8/26/2025,FUTR,184,184,184,184,66797800
8/26/2025,FWCT,159,161,149,154,5277800
8/26/2025,GAMA,0,0,0,0,0
8/26/2025,GDST,112,112,110,111,2359400
8/26/2025,GDYR,1155,1180,1155,1180,23100
8/26/2025,GEMA,125,127,124,124,9381400
8/26/2025,GEMS,9300,9375,9275,9325,92900
8/26/2025,GGRM,8875,8900,8675,8775,2267100
8/26/2025,GGRMZPCG6A,0,0,0,0,0
8/26/2025,GGRP,232,234,230,230,363200
8/26/2025,GHON,1640,1645,1640,1640,20100
8/26/2025,GIAA,69,69,69,69,37561800
8/26/2025,GJTL,1035,1040,1025,1030,2906700
8/26/2025,GJTLZPCJ6A,0,0,0,0,0
8/26/2025,GLOB,50,50,50,50,64200
8/26/2025,GLVA,332,332,324,328,99200
8/26/2025,GMFI,62,62,60,60,3627900
8/26/2025,GMTD,0,0,0,0,0
8/26/2025,GOLD,260,264,260,260,39500
8/26/2025,GOLF,212,212,210,210,1101100
8/26/2025,GOLL,0,0,0,0,0
8/26/2025,GOOD,378,384,378,384,314000
8/26/2025,GOTO,60,61,59,61,7395943700
8/26/2025,GOTOBQCZ5A,3,3,2,2,331800
8/26/2025,GOTODRCG6A,11,11,11,11,100
8/26/2025,GOTOHDCQ5A,3,3,2,2,539800
8/26/2025,GOTOM,0,0,0,0,0
8/26/2025,GOTOZPCH6A,28,28,28,28,3400
8/26/2025,GPRA,151,152,147,150,80685500
8/26/2025,GPSO,300,312,298,308,3784800
8/26/2025,GRIA,93,93,88,91,629400
8/26/2025,GRPH,76,81,70,72,64598000
8/26/2025,GRPM,57,61,54,56,10082300
8/26/2025,GRPM-W,16,16,14,15,6839400
8/26/2025,GSMF,85,107,83,92,191369100
8/26/2025,GTBO,224,226,208,212,2224200
8/26/2025,GTRA,141,141,137,139,1260800
8/26/2025,GTSI,69,69,69,69,45322100
8/26/2025,GULA,300,374,290,316,28137800
8/26/2025,GUNA,248,248,240,242,627600
8/26/2025,GWSA,154,156,153,153,71500
8/26/2025,GZCO,137,137,128,134,81194200
8/26/2025,HADE,19,19,19,19,2502500
8/26/2025,HAIS,198,199,192,195,3322100
8/26/2025,HAJJ,118,121,116,119,6599800
8/26/2025,HAJJ-W,13,14,12,13,5833400
8/26/2025,HALO,84,105,83,91,209878600
8/26/2025,HALO-W,10,13,9,13,99078100
8/26/2025,HATM,266,266,262,266,28252700
8/26/2025,HBAT,148,149,133,138,52661200
8/26/2025,HDFA,121,123,116,119,78600
8/26/2025,HDIT,54,57,54,57,27031800
8/26/2025,HEAL,1665,1735,1660,1735,27294700
8/26/2025,HEALBQCZ5A,38,39,38,39,378000
8/26/2025,HEALDRCJ6A,0,0,0,0,0
8/26/2025,HEALHDCH6A,0,0,0,0,0
8/26/2025,HEALYUCZ5A,74,74,74,74,100
8/26/2025,HEALZPCH6A,0,0,0,0,0
8/26/2025,HELI,256,284,250,260,1638100
8/26/2025,HERO,402,402,398,398,17900
8/26/2025,HEXA,5600,5625,5550,5600,431800
8/26/2025,HGII,152,154,150,152,9583300
8/26/2025,HILL,208,210,204,206,9498500
8/26/2025,HITS,0,0,0,0,0
8/26/2025,HKMU,0,0,0,0,0
8/26/2025,HMSP,535,540,530,535,10671800
8/26/2025,HOKI,84,84,80,82,67113200
8/26/2025,HOME,0,0,0,0,0
8/26/2025,HOMI,198,202,198,202,92400
8/26/2025,HOPE,0,0,0,0,0
8/26/2025,HOTL,0,0,0,0,0
8/26/2025,HRME,38,38,37,38,708300
8/26/2025,HRTA,655,660,635,640,13744600
8/26/2025,HRUM,855,925,850,900,78983800
8/26/2025,HRUMZPCG6A,40,42,38,38,27817300
8/26/2025,HUMI,136,145,121,137,765014600
8/26/2025,HUMI-W,25,29,22,27,173854200
8/26/2025,HYGN,165,166,161,163,3192500
8/26/2025,IATA,59,59,58,58,16395900
8/26/2025,IATA-W,26,26,26,26,7800
8/26/2025,IBFN,26,26,26,26,37100
8/26/2025,IBOS,41,45,38,42,83733600
8/26/2025,IBST,5750,6100,5750,6100,5500
8/26/2025,ICBP,9500,9575,9375,9375,9031900
8/26/2025,ICBPDRCX6A,4220,4220,4070,4070,22600
8/26/2025,ICBPHDCJ6A,60,60,55,55,1063300
8/26/2025,ICBPZPCX5A,36,36,33,34,219700
8/26/2025,ICON,40,40,40,40,476400
8/26/2025,IDEA,101,109,100,107,5288100
8/26/2025,IDPR,244,250,242,246,422700
8/26/2025,IFII,226,242,226,230,1223800
8/26/2025,IFSH,770,785,750,750,36900
8/26/2025,IGAR,535,545,535,535,17300
8/26/2025,IIKP,0,0,0,0,0
8/26/2025,IKAI,16,16,16,16,31878000
8/26/2025,IKAN,155,158,148,149,21683900
8/26/2025,IKBI,640,640,585,595,638700
8/26/2025,IKPM,194,236,192,199,1918100
8/26/2025,IMAS,1130,1145,1110,1115,426800
8/26/2025,IMJS,258,258,240,248,21024000
8/26/2025,IMPC,905,905,905,905,9567500
8/26/2025,INAF,0,0,0,0,0
8/26/2025,INAI,162,163,157,159,725200
8/26/2025,INCF,42,42,41,41,4712300
8/26/2025,INCI,625,625,615,620,65900
8/26/2025,INCO,3700,3730,3610,3620,9992700
8/26/2025,INCOBQCQ5A,0,0,0,0,0
8/26/2025,INCOBQCV5A,34,34,30,31,352800
8/26/2025,INCODRCK6A,67,67,67,67,7600
8/26/2025,INCODRCX5A,83,83,82,82,60000
8/26/2025,INCODRPV5A,0,0,0,0,0
8/26/2025,INCOHDCQ5A,46,46,36,36,955700
8/26/2025,INCOYUCZ5A,80,80,80,80,5900
8/26/2025,INCOZPCX5A,135,135,135,135,60000
8/26/2025,INDF,7700,7800,7625,7800,15558500
8/26/2025,INDFBQCV5A,0,0,0,0,0
8/26/2025,INDFDRCX6A,0,0,0,0,0
8/26/2025,INDFHDCJ6A,0,0,0,0,0
8/26/2025,INDO,230,232,224,230,3192400
8/26/2025,INDR,2650,3080,2570,2910,94700
8/26/2025,INDS,240,240,230,234,374000
8/26/2025,INDX,100,100,96,97,4732600
8/26/2025,INDY,1305,1350,1300,1335,10199800
8/26/2025,INDYZPCG6A,0,0,0,0,0
8/26/2025,INET,260,266,254,262,141392200
8/26/2025,INET-W,160,166,160,166,10841300
8/26/2025,INKP,7850,7850,7650,7650,5459100
8/26/2025,INKPBQCX5A,68,69,68,69,200
8/26/2025,INKPDRCF6A,195,195,195,195,13000
8/26/2025,INKPZPCF6A,112,112,111,111,200
8/26/2025,INOV,91,118,91,103,17783900
8/26/2025,INPC,202,202,183,184,79390700
8/26/2025,INPP,790,790,775,790,33500
8/26/2025,INPS,117,118,117,118,117100
8/26/2025,INRU,790,800,710,760,327000
8/26/2025,INTA,22,22,22,22,1688200
8/26/2025,INTD,195,202,193,193,2084400
8/26/2025,INTP,6900,7075,6850,7075,5366100
8/26/2025,INTPZPCG6A,72,75,72,75,709300
8/26/2025,IOTF,109,109,103,104,95484700
8/26/2025,IPAC,144,150,134,141,288000
8/26/2025,IPCC,1110,1115,1095,1095,1389900
8/26/2025,IPCM,300,302,298,298,2817000
8/26/2025,IPOL,143,144,140,143,40500
8/26/2025,IPPE,0,0,0,0,0
8/26/2025,IPTV,36,37,36,37,11418900
8/26/2025,IRRA,448,448,436,438,1196000
8/26/2025,IRSX,0,0,0,0,0
8/26/2025,ISAP,20,20,20,20,8560600
8/26/2025,ISAP-W,11,15,10,15,321660100
8/26/2025,ISAT,2060,2100,2060,2080,7845400
8/26/2025,ISATBQCU5A,30,30,28,29,178500
8/26/2025,ISATDRCG6A,66,66,66,66,70800
8/26/2025,ISATDRCX5A,0,0,0,0,0
8/26/2025,ISATHDCJ6A,30,32,30,32,150200
8/26/2025,ISATHDCQ5A,25,29,25,27,181800
8/26/2025,ISATZPCF6A,0,0,0,0,0
8/26/2025,ISEA,86,92,83,85,26471200
8/26/2025,ISSP,418,426,412,412,9116900
8/26/2025,ITIC,220,226,218,226,1038500
8/26/2025,ITMA,840,870,835,860,14342700
8/26/2025,ITMG,22400,22525,22375,22375,1590500
8/26/2025,ITMGZPCJ6A,69,69,69,69,7500
8/26/2025,JARR,1070,1335,1040,1335,86447400
8/26/2025,JAST,107,117,101,107,69893600
8/26/2025,JATI,147,148,144,145,8946700
8/26/2025,JAWA,154,155,152,153,1472000
8/26/2025,JAYA,98,99,97,98,806000
8/26/2025,JECC,1510,1660,1510,1610,3739600
8/26/2025,JGLE,15,15,15,15,24085600
8/26/2025,JIHD,810,810,750,770,3447900
8/26/2025,JKON,103,105,99,99,24940100
8/26/2025,JMAS,151,153,149,152,757500
8/26/2025,JPFA,1615,1625,1600,1605,12996300
8/26/2025,JPFABQCZ5A,0,0,0,0,0
8/26/2025,JPFADRCJ6A,0,0,0,0,0
8/26/2025,JPFAHDCZ5A,0,0,0,0,0
8/26/2025,JPFAZPCG6A,0,0,0,0,0
8/26/2025,JRPT,750,755,745,755,987100
8/26/2025,JSKY,0,0,0,0,0
8/26/2025,JSMR,3440,3460,3400,3420,10356000
8/26/2025,JSMRDRCK6A,0,0,0,0,0
8/26/2025,JSMRHDCH6A,0,0,0,0,0
8/26/2025,JSMRZPCG6A,0,0,0,0,0
8/26/2025,JSPT,4020,4140,4020,4050,17400
8/26/2025,JTPE,316,316,312,316,6004700
8/26/2025,KAEF,515,525,505,505,1339800
8/26/2025,KAQI,78,82,75,80,81113100
8/26/2025,KARW,750,750,720,720,178100
8/26/2025,KAYU,0,0,0,0,0
8/26/2025,KBAG,39,39,37,37,2998100
8/26/2025,KBLI,380,380,374,378,268300
8/26/2025,KBLM,388,388,370,378,456600
8/26/2025,KBLV,230,264,226,238,369649900
8/26/2025,KBRI,0,0,0,0,0
8/26/2025,KDSI,474,476,454,458,20300
8/26/2025,KDTN,121,121,120,120,2700
8/26/2025,KEEN,835,840,815,820,1484400
8/26/2025,KEJU,645,655,640,645,1852100
8/26/2025,KETR,300,372,298,328,7190300
8/26/2025,KIAS,0,0,0,0,0
8/26/2025,KICI,157,158,140,144,6152800
8/26/2025,KIJA,226,228,216,220,137321500
8/26/2025,KING,204,208,202,204,484400
8/26/2025,KING-W,11,13,10,12,31580600
8/26/2025,KINO,1120,1120,1090,1100,19500
8/26/2025,KIOS,86,102,85,90,133950900
8/26/2025,KJEN,148,150,137,140,5470500
8/26/2025,KKES,36,36,36,36,6986100
8/26/2025,KKGI,338,340,334,338,2175600
8/26/2025,KLAS,138,139,136,137,4713200
8/26/2025,KLBF,1300,1310,1265,1290,226638000
8/26/2025,KLBFBQCV5A,21,21,19,19,328200
8/26/2025,KLBFDRCG6A,26,26,26,26,6200
8/26/2025,KLBFZPCF6A,28,28,28,28,300
8/26/2025,KLBFZPCJ6A,34,34,34,34,100000
8/26/2025,KLIN,174,190,171,178,4733200
8/26/2025,KMDS,655,655,640,645,331000
8/26/2025,KMTR,302,304,284,294,1349800
8/26/2025,KOBX,143,147,142,144,447600
8/26/2025,KOCI,65,69,64,64,42320300
8/26/2025,KOCI-W,11,16,11,16,38877900
8/26/2025,KOIN,70,70,70,70,259600
8/26/2025,KOKA,102,103,100,100,8110200
8/26/2025,KONI,1290,1350,1145,1250,24200
8/26/2025,KOPI,350,350,344,348,363600
8/26/2025,KOTA,28,28,28,28,35713300
8/26/2025,KPIG,194,216,194,216,1900410100
8/26/2025,KRAS,290,292,284,292,22355400
8/26/2025,KREN,18,18,18,18,115385200
8/26/2025,KRYA,258,260,226,234,65542900
8/26/2025,KSIX,220,222,218,220,518500
8/26/2025,KUAS,76,78,75,76,17270300
8/26/2025,LABA,0,0,0,0,0
8/26/2025,LABS,143,143,139,142,230500
8/26/2025,LAJU,69,74,64,66,111828500
8/26/2025,LAND,39,39,39,39,7053000
8/26/2025,LAPD,105,105,99,99,11257500
8/26/2025,LCGP,0,0,0,0,0
8/26/2025,LCKM,216,218,208,210,19800
8/26/2025,LEAD,87,89,84,84,49535900
8/26/2025,LFLO,256,256,242,256,8800
8/26/2025,LIFE,0,0,0,0,0
8/26/2025,LINK,3360,3360,3360,3360,281300
8/26/2025,LION,368,370,362,362,26900
8/26/2025,LIVE,184,184,182,184,4875200
8/26/2025,LMAS,0,0,0,0,0
8/26/2025,LMAX,97,97,89,93,5804900
8/26/2025,LMPI,141,151,139,140,3372400
8/26/2025,LMSH,0,0,0,0,0
8/26/2025,LOPI,59,62,59,61,12612400
8/26/2025,LPCK,740,740,650,670,7333500
8/26/2025,LPGI,464,464,450,454,145900
8/26/2025,LPIN,440,440,410,426,919800
8/26/2025,LPKR,133,135,116,117,745221500
8/26/2025,LPLI,316,316,300,308,632700
8/26/2025,LPPF,1640,1645,1600,1605,2487600
8/26/2025,LPPS,90,91,78,81,39742400
8/26/2025,LRNA,173,197,166,179,3620400
8/26/2025,LSIP,1400,1410,1375,1380,10587700
8/26/2025,LSIPDRCK6A,51,51,51,51,366500
8/26/2025,LSIPYUCZ5A,77,77,75,75,200
8/26/2025,LSIPZPCG6A,0,0,0,0,0
8/26/2025,LTLS,855,860,845,845,62800
8/26/2025,LUCK,85,97,84,88,53102100
8/26/2025,LUCY,76,80,75,78,557200
8/26/2025,MABA,0,0,0,0,0
8/26/2025,MAGP,0,0,0,0,0
8/26/2025,MAHA,143,143,139,142,3388700
8/26/2025,MAIN,650,665,640,655,2038200
8/26/2025,MANG,45,46,43,44,15313400
8/26/2025,MANG-W,28,28,26,26,464100
8/26/2025,MAPA,660,670,645,650,34875400
8/26/2025,MAPABQCZ5A,27,28,27,27,179300
8/26/2025,MAPADRCJ6A,22,22,22,22,201900
8/26/2025,MAPAHDCZ5A,45,45,45,45,1100
8/26/2025,MAPAZPCH6A,40,41,40,41,1000
8/26/2025,MAPB,1780,1840,1550,1715,23500
8/26/2025,MAPI,1355,1360,1315,1320,16952300
8/26/2025,MAPIBQCV5A,15,15,14,15,2742100
8/26/2025,MAPIDRCX5A,34,34,33,33,15000
8/26/2025,MAPIZPCJ6A,0,0,0,0,0
8/26/2025,MARI,31,31,31,31,14083000
8/26/2025,MARK,660,680,660,665,15909900
8/26/2025,MASA,0,0,0,0,0
8/26/2025,MASB,3220,3240,3220,3220,900
8/26/2025,MAXI,51,52,50,51,27628100
8/26/2025,MAYA,234,234,224,224,10469500
8/26/2025,MBAP,1665,1675,1650,1665,54500
8/26/2025,MBMA,416,422,408,410,683847600
8/26/2025,MBMABQCX5A,17,17,15,16,703600
8/26/2025,MBMADRCX5A,25,26,24,26,876500
8/26/2025,MBMADRPX5A,24,24,24,24,350100
8/26/2025,MBMAHDCH6A,65,65,65,65,114600
8/26/2025,MBMAZPCX5A,0,0,0,0,0
8/26/2025,MBSS,1580,1595,1520,1520,3695600
8/26/2025,MBTO,140,142,132,136,10569900
8/26/2025,MCAS,950,950,900,925,409900
8/26/2025,MCOL,3860,3880,3780,3810,67000
8/26/2025,MCOR,82,83,76,77,48245400
8/26/2025,MDIA,33,33,33,33,1571000
8/26/2025,MDIY,1245,1250,1230,1235,665400
8/26/2025,MDKA,2260,2290,2230,2230,59861400
8/26/2025,MDKABQCV5A,89,90,89,90,178000
8/26/2025,MDKABQCX5B,41,42,41,42,178000
8/26/2025,MDKADRCK6A,0,0,0,0,0
8/26/2025,MDKADRCV5A,73,74,73,74,115000
8/26/2025,MDKADRPX5A,0,0,0,0,0
8/26/2025,MDKAHDCU5A,137,138,137,138,200
8/26/2025,MDKAHDCZ5A,0,0,0,0,0
8/26/2025,MDKAZPCF6A,66,66,65,65,600
8/26/2025,MDKI,164,171,163,169,3080300
8/26/2025,MDLA,284,304,258,272,42775400
8/26/2025,MDLN,77,84,71,73,213531200
8/26/2025,MDRN,19,19,19,19,5968700
8/26/2025,MEDC,1250,1255,1225,1225,25123100
8/26/2025,MEDCBQCV5A,52,54,52,54,100000
8/26/2025,MEDCBQCX5B,34,34,34,34,178000
8/26/2025,MEDCBQCZ5A,0,0,0,0,0
8/26/2025,MEDCDRCG6A,36,36,34,35,225700
8/26/2025,MEDCDRPV5A,0,0,0,0,0
8/26/2025,MEDCHDCH6A,0,0,0,0,0
8/26/2025,MEDCHDCQ5A,0,0,0,0,0
8/26/2025,MEDCZPCF6A,0,0,0,0,0
8/26/2025,MEDS,50,53,50,51,24155800
8/26/2025,MEGA,3320,3510,3300,3340,14000
8/26/2025,MEJA,61,61,58,58,18162600
8/26/2025,MEJA-W,10,11,9,11,21087500
8/26/2025,MENN,53,53,51,53,8346300
8/26/2025,MERI,270,274,262,266,7266900
8/26/2025,MERK,2800,2890,2800,2820,14600
8/26/2025,META,0,0,0,0,0
8/26/2025,MFIN,1360,1675,1175,1400,10234700
8/26/2025,MFMI,0,0,0,0,0
8/26/2025,MGLV,0,0,0,0,0
8/26/2025,MGNA,39,39,36,38,107100
8/26/2025,MGNA-W,23,23,23,23,28200
8/26/2025,MGRO,720,730,705,715,4541000
8/26/2025,MHKI,128,170,127,133,110004100
8/26/2025,MICE,492,494,488,488,32200
8/26/2025,MIDI,466,470,456,462,13491600
8/26/2025,MIKA,2320,2340,2300,2300,11674900
8/26/2025,MIKAZPCG6A,0,0,0,0,0
8/26/2025,MINA,169,175,169,175,68778200
8/26/2025,MINE,595,600,575,575,5062600
8/26/2025,MIRA,62,62,57,57,48191600
8/26/2025,MITI,199,199,186,190,2172700
8/26/2025,MKAP,356,360,356,360,152500
8/26/2025,MKNT,0,0,0,0,0
8/26/2025,MKPI,25600,25600,25225,25500,10300
8/26/2025,MKTR,106,106,104,105,1252800
8/26/2025,MKTR-W,8,8,7,8,2018800
8/26/2025,MLBI,6050,6075,5950,5975,117200
8/26/2025,MLIA,346,350,344,346,4024500
8/26/2025,MLPL,171,171,153,153,559338800
8/26/2025,MLPT,78500,80500,78350,79500,149000
8/26/2025,MMIX,264,268,256,268,7011200
8/26/2025,MMLP,550,555,540,545,11094800
8/26/2025,MNCN,268,274,264,266,41110500
8/26/2025,MOLI,208,212,208,210,253900
8/26/2025,MORA,416,416,402,412,86000
8/26/2025,MPIX,76,83,71,77,132109900
8/26/2025,MPIX-W,13,14,11,13,19066200
8/26/2025,MPMX,960,970,955,960,3219500
8/26/2025,MPOW,127,128,123,124,2268800
8/26/2025,MPPA,85,87,74,76,326641900
8/26/2025,MPRO,3470,3500,3450,3490,108600
8/26/2025,MPXL,114,132,113,130,98994900
8/26/2025,MRAT,242,242,238,238,1716700
8/26/2025,MREI,980,980,965,965,99600
8/26/2025,MSIE,34,37,33,37,11372000
8/26/2025,MSIN,484,490,476,482,29505200
8/26/2025,MSJA,308,312,304,312,1590000
8/26/2025,MSKY,85,109,84,94,477539200
8/26/2025,MSTI,1620,1625,1615,1620,4519300
8/26/2025,MTDL,595,600,580,585,6946400
8/26/2025,MTEL,600,615,600,605,17604400
8/26/2025,MTELDRCK6A,22,22,21,22,109400
8/26/2025,MTFN,15,15,15,15,14967700
8/26/2025,MTLA,458,460,454,460,80800
8/26/2025,MTMH,970,970,955,955,1490100
8/26/2025,MTPS,53,53,53,53,1442200
8/26/2025,MTRA,0,0,0,0,0
8/26/2025,MTSM,0,0,0,0,0
8/26/2025,MTWI,392,392,376,384,1132400
8/26/2025,MUTU,93,93,91,93,3415400
8/26/2025,MYOH,1690,1700,1685,1695,7700
8/26/2025,MYOR,2200,2230,2200,2200,3617100
8/26/2025,MYORDRCK6A,0,0,0,0,0
8/26/2025,MYORZPCH6A,0,0,0,0,0
8/26/2025,MYTX,0,0,0,0,0
8/26/2025,NAIK,157,157,154,154,45315800
8/26/2025,NAIK-W,28,28,26,27,19474400
8/26/2025,NANO,40,40,34,40,292464500
8/26/2025,NASA,30,30,30,30,604400
8/26/2025,NASI,95,95,90,92,10948000
8/26/2025,NATO,137,137,133,133,209600
8/26/2025,NAYZ,74,75,66,75,36194800
8/26/2025,NCKL,1020,1025,980,990,52889700
8/26/2025,NCKLDRCK6A,39,42,39,42,6775300
8/26/2025,NCKLYUCZ5A,85,85,85,85,100
8/26/2025,NCKLZPCJ6A,57,58,56,58,2804900
8/26/2025,NELY,354,356,350,350,1191200
8/26/2025,NEST,286,286,280,282,2181900
8/26/2025,NETV,135,137,134,135,1218500
8/26/2025,NFCX,1860,1860,1570,1850,150200
8/26/2025,NICE,420,422,412,420,3502200
8/26/2025,NICK,1300,1330,1300,1300,8200
8/26/2025,NICL,1075,1165,1070,1125,74817700
8/26/2025,NIKL,234,236,232,232,1517800
8/26/2025,NINE,0,0,0,0,0
8/26/2025,NIRO,123,123,120,121,135000
8/26/2025,NISP,1405,1410,1385,1400,3356500
8/26/2025,NOBU,615,620,585,590,16795600
8/26/2025,NPGF,58,58,55,56,8317500
8/26/2025,NRCA,820,850,805,805,8394400
8/26/2025,NSSS,428,428,414,416,7403400
8/26/2025,NTBK,52,56,52,52,74057100
8/26/2025,NUSA,0,0,0,0,0
8/26/2025,NZIA,103,106,102,103,1594200
8/26/2025,OASA,210,256,210,256,266895400
8/26/2025,OBAT,470,555,450,466,26831200
8/26/2025,OBAT-W,116,161,105,109,10394900
8/26/2025,OBMD,230,270,230,254,9196300
8/26/2025,OCAP,0,0,0,0,0
8/26/2025,OILS,139,141,138,139,1759500
8/26/2025,OKAS,258,310,258,290,63811600
8/26/2025,OLIV,39,39,39,39,2651800
8/26/2025,OMED,199,200,180,184,4471300
8/26/2025,OMRE,0,0,0,0,0
8/26/2025,OPMS,89,90,87,88,5620700
8/26/2025,PACK,2970,3070,2680,2680,21860900
8/26/2025,PADA,42,42,42,42,5253900
8/26/2025,PADI,83,84,80,80,19269600
8/26/2025,PALM,370,370,364,364,379400
8/26/2025,PAMG,83,88,82,84,145622600
8/26/2025,PANI,15850,15850,14625,15125,58401100
8/26/2025,PANIBQCZ5A,84,86,74,80,9581900
8/26/2025,PANIHDCZ5A,210,216,204,210,903000
8/26/2025,PANIZPCJ6A,100,100,83,88,14027500
8/26/2025,PANR,835,835,800,810,14239000
8/26/2025,PANS,1415,1415,1395,1405,315300
8/26/2025,PART,130,130,126,128,29366400
8/26/2025,PART-W,27,27,26,27,7009400
8/26/2025,PBID,486,488,484,486,240800
8/26/2025,PBRX,28,28,27,28,18673200
8/26/2025,PBSA,575,585,555,580,1490300
8/26/2025,PCAR,41,41,36,36,7504300
8/26/2025,PDES,500,505,500,500,1200
8/26/2025,PDPP,492,520,490,515,215200
8/26/2025,PEGE,122,122,113,116,2340900
8/26/2025,PEHA,326,330,326,330,75600
8/26/2025,PEVE,458,458,450,452,287000
8/26/2025,PGAS,1720,1725,1685,1705,46899600
8/26/2025,PGASBQCU5A,111,111,111,111,100
8/26/2025,PGASBQCZ5A,0,0,0,0,0
8/26/2025,PGASDRCG6A,72,72,70,70,12535200
8/26/2025,PGASZPCJ6A,0,0,0,0,0
8/26/2025,PGEO,1450,1595,1430,1555,264631200
8/26/2025,PGEOBQCX5B,42,52,42,51,209400
8/26/2025,PGEODRCJ6A,43,57,43,55,5737100
8/26/2025,PGEODRPV5A,26,26,22,23,2075400
8/26/2025,PGEOHDCH6A,67,76,67,74,911600
8/26/2025,PGEOHDCH6B,75,87,75,86,1500600
8/26/2025,PGEOZPCJ6A,59,69,59,68,1253400
8/26/2025,PGJO,0,0,0,0,0
8/26/2025,PGLI,171,173,170,173,22900
8/26/2025,PGUN,1445,1585,1445,1585,94500
8/26/2025,PICO,142,147,141,145,829900
8/26/2025,PIPA,97,97,95,96,7649400
8/26/2025,PJAA,496,505,494,498,328300
8/26/2025,PKPK,600,600,580,580,242100
8/26/2025,PLAN,44,48,43,48,14267000
8/26/2025,PLAS,0,0,0,0,0
8/26/2025,PLIN,0,0,0,0,0
8/26/2025,PMJS,116,117,114,115,1009600
8/26/2025,PMMP,0,0,0,0,0
8/26/2025,PMUI,139,144,134,134,26000900
8/26/2025,PNBN,1220,1220,1180,1185,17506300
8/26/2025,PNBS,56,56,52,53,69082000
8/26/2025,PNGO,2500,2510,2410,2410,23300
8/26/2025,PNIN,920,920,885,885,2464400
8/26/2025,PNLF,280,280,264,264,757307500
8/26/2025,PNLFDRCJ6A,18,18,17,17,10300
8/26/2025,PNLFHDCZ5A,0,0,0,0,0
8/26/2025,PNLFYUCV5A,0,0,0,0,0
8/26/2025,PNLFZPCH6A,46,46,45,45,200
8/26/2025,PNSE,750,780,750,765,9100
8/26/2025,POLA,29,29,28,29,4571700
8/26/2025,POLI,760,760,755,755,300
8/26/2025,POLL,0,0,0,0,0
8/26/2025,POLU,6275,7275,6000,6700,138200
8/26/2025,POLY,20,20,20,20,174800
8/26/2025,POOL,0,0,0,0,0
8/26/2025,PORT,935,945,920,935,11100
8/26/2025,POSA,0,0,0,0,0
8/26/2025,POWR,710,720,710,720,2768800
8/26/2025,PPGL,101,106,100,106,1536600
8/26/2025,PPRE,107,110,104,107,36403000
8/26/2025,PPRI,254,314,246,260,267909700
8/26/2025,PPRO,0,0,0,0,0
8/26/2025,PRAY,625,625,615,620,14500
8/26/2025,PRDA,2770,2780,2730,2770,229100
8/26/2025,PRIM,101,105,91,99,118701100
8/26/2025,PSAB,462,480,440,442,334439300
8/26/2025,PSAT,1655,1660,1550,1560,3887000
8/26/2025,PSDN,90,92,88,90,5003800
8/26/2025,PSGO,210,214,206,208,2267300
8/26/2025,PSKT,110,114,110,114,72724000
8/26/2025,PSSI,360,364,352,352,219500
8/26/2025,PTBA,2430,2500,2410,2500,20508700
8/26/2025,PTBABQCV5A,29,29,29,29,1500
8/26/2025,PTBADRCG6A,28,29,28,29,102200
8/26/2025,PTBAHDCQ5A,8,8,7,7,92400
8/26/2025,PTBAYUCZ5A,100,100,100,100,500
8/26/2025,PTBAZPCH6A,47,47,47,47,1100
8/26/2025,PTDU,0,0,0,0,0
8/26/2025,PTIS,420,422,390,410,149000
8/26/2025,PTMP,108,112,106,108,29712500
8/26/2025,PTMR,0,0,0,0,0
8/26/2025,PTPP,408,416,398,406,69851000
8/26/2025,PTPS,186,194,181,182,47388600
8/26/2025,PTPW,980,980,970,970,27900
8/26/2025,PTRO,4000,4010,3910,4010,104270500
8/26/2025,PTSN,354,426,350,382,11293300
8/26/2025,PTSP,1000,1015,990,990,6400
8/26/2025,PUDP,224,230,222,222,115100
8/26/2025,PURA,26,26,26,26,20470000
8/26/2025,PURE,0,0,0,0,0
8/26/2025,PURI,188,192,187,190,140500
8/26/2025,PWON,388,392,382,384,78318800
8/26/2025,PWONHDCZ5A,101,101,101,101,200
8/26/2025,PWONZPCH6A,41,41,40,40,937300
8/26/2025,PYFA,575,590,575,590,35219500
8/26/2025,PYFA-W,99,99,94,97,452800
8/26/2025,PZZA,210,242,202,212,31904100
8/26/2025,R-ABFII,0,0,0,0,0
8/26/2025,R-LQ45X,1010,1010,975,975,1700
8/26/2025,RAAM,298,302,284,290,17218200
8/26/2025,RAFI,0,0,0,0,0
8/26/2025,RAJA,2680,2830,2660,2810,54188500
8/26/2025,RALS,402,404,392,394,6075000
8/26/2025,RANC,418,460,410,424,475000
8/26/2025,RATU,6600,6800,6500,6625,30842000
8/26/2025,RBMS,33,33,33,33,1203100
8/26/2025,RCCC,171,174,168,170,308900
8/26/2025,RDTX,11925,11925,11925,11925,200
8/26/2025,REAL,45,45,43,43,5316000
8/26/2025,RELF,37,39,34,39,59703200
8/26/2025,RELI,805,850,720,805,2685200
8/26/2025,RGAS,115,115,114,114,6372900
8/26/2025,RICY,42,44,42,44,124400
8/26/2025,RIGS,740,765,735,755,223900
8/26/2025,RIMO,0,0,0,0,0
8/26/2025,RISE,1055,1055,1050,1055,640800
8/26/2025,RMKE,775,795,770,790,5034300
8/26/2025,RMKO,107,108,106,106,234000
8/26/2025,ROCK,0,0,0,0,0
8/26/2025,RODA,40,41,40,41,686400
8/26/2025,RONY,0,0,0,0,0
8/26/2025,ROTI,810,810,805,805,404900
8/26/2025,RSCH,382,382,376,380,4736700
8/26/2025,RSGK,0,0,0,0,0
8/26/2025,RUIS,234,234,220,224,4177400
8/26/2025,RUNS,74,80,73,80,3443600
8/26/2025,SAFE,185,192,180,186,401900
8/26/2025,SAGE,33,33,33,33,5420700
8/26/2025,SAME,374,384,368,368,6210700
8/26/2025,SAMF,336,336,330,336,116600
8/26/2025,SAPX,318,348,306,322,2057900
8/26/2025,SATU,230,232,230,232,3941700
8/26/2025,SBAT,0,0,0,0,0
8/26/2025,SBMA,137,142,133,137,3678100
8/26/2025,SCCO,2330,2360,2280,2280,58100
8/26/2025,SCMA,338,344,320,338,232288900
8/26/2025,SCMABQCZ5A,163,163,153,157,2800
8/26/2025,SCMADRCK6A,118,118,108,113,42600
8/26/2025,SCMAHDCZ5A,0,0,0,0,0
8/26/2025,SCMAZPCG6A,191,191,180,189,15300
8/26/2025,SCNP,191,195,183,187,18100
8/26/2025,SCPI,0,0,0,0,0
8/26/2025,SDMU,42,42,41,42,381200
8/26/2025,SDPC,131,131,130,131,84200
8/26/2025,SDRA,308,316,308,312,776300
8/26/2025,SEMA,91,93,91,93,669900
8/26/2025,SFAN,1915,1915,1915,1915,104600
8/26/2025,SGER,342,356,336,346,292871500
8/26/2025,SGRO,4680,4800,4650,4700,4533300
8/26/2025,SHID,875,930,875,900,11000
8/26/2025,SHIP,4600,4800,4280,4520,440400
8/26/2025,SICO,131,132,128,128,9098200
8/26/2025,SIDO,550,550,535,535,32346000
8/26/2025,SIDODRCK6A,0,0,0,0,0
8/26/2025,SILO,2190,2190,2130,2130,2212400
8/26/2025,SIMA,0,0,0,0,0
8/26/2025,SIMP,655,660,625,640,21562100
8/26/2025,SINI,3500,3900,3500,3600,32100
8/26/2025,SIPD,730,730,725,725,1300
8/26/2025,SKBM,362,374,358,358,143200
8/26/2025,SKLT,190,192,189,191,486700
8/26/2025,SKRN,406,410,404,406,245900
8/26/2025,SKYB,0,0,0,0,0
8/26/2025,SLIS,71,76,71,71,91603500
8/26/2025,SLIS-W,11,13,11,12,11270000
8/26/2025,SMAR,6875,6875,6150,6350,931700
8/26/2025,SMBR,314,316,310,312,19756500
8/26/2025,SMCB,0,0,0,0,0
8/26/2025,SMDM,865,1010,865,865,886100
8/26/2025,SMDR,344,348,342,346,18139800
8/26/2025,SMGA,113,113,105,110,130836400
8/26/2025,SMGR,2810,2820,2750,2770,7716000
8/26/2025,SMGRBQCU5A,8,8,5,5,13674700
8/26/2025,SMGRBQCX5B,72,72,72,72,35200
8/26/2025,SMGRBQCZ5A,0,0,0,0,0
8/26/2025,SMGRDRCV5A,0,0,0,0,0
8/26/2025,SMGRHDCZ5A,0,0,0,0,0
8/26/2025,SMGRZPCJ6A,0,0,0,0,0
8/26/2025,SMIL,472,494,470,490,266505300
8/26/2025,SMKL,164,165,161,164,178800
8/26/2025,SMKM,118,118,115,118,11442300
8/26/2025,SMLE,158,160,154,154,4437300
8/26/2025,SMMA,15475,15475,15100,15275,24600
8/26/2025,SMMT,1005,1200,1000,1135,1290000
8/26/2025,SMRA,476,488,462,464,82068000
8/26/2025,SMRADRCJ6A,42,43,39,40,781000
8/26/2025,SMRAHDCZ5A,0,0,0,0,0
8/26/2025,SMRAZPCH6A,71,77,71,71,123900
8/26/2025,SMRU,0,0,0,0,0
8/26/2025,SMSM,1955,1995,1905,1905,1267900
8/26/2025,SNLK,515,515,492,496,7610300
8/26/2025,SOCI,186,190,184,187,5952500
8/26/2025,SOFA,46,46,44,45,10827300
8/26/2025,SOHO,755,755,745,755,5800
8/26/2025,SOLA,177,179,172,174,149426400
8/26/2025,SONA,3720,3820,3720,3780,20700
8/26/2025,SOSS,760,760,710,720,169500
8/26/2025,SOTS,266,266,260,266,3100
8/26/2025,SOUL,96,101,91,92,3265100
8/26/2025,SPMA,300,300,294,296,124200
8/26/2025,SPRE,89,91,87,88,5095000
8/26/2025,SPTO,685,690,680,685,543000
8/26/2025,SQMI,0,0,0,0,0
8/26/2025,SRAJ,6650,6950,6600,6900,2177500
8/26/2025,SRIL,0,0,0,0,0
8/26/2025,SRSN,70,71,63,66,79649900
8/26/2025,SRTG,1815,1845,1800,1820,3402100
8/26/2025,SRTGDRCK6A,0,0,0,0,0
8/26/2025,SRTGZPCG6A,0,0,0,0,0
8/26/2025,SSIA,2380,2450,2330,2340,43158500
8/26/2025,SSMS,1520,1520,1450,1470,16252700
8/26/2025,SSTM,386,386,264,276,4381000
8/26/2025,STAA,1060,1060,1010,1010,19189300
8/26/2025,STAR,43,43,39,39,210200
8/26/2025,STRK,165,174,161,169,53516400
8/26/2025,STTP,10575,10575,10350,10350,1800
8/26/2025,SUGI,0,0,0,0,0
8/26/2025,SULI,107,108,105,108,503000
8/26/2025,SUNI,795,795,775,785,329900
8/26/2025,SUPR,0,0,0,0,0
8/26/2025,SURE,3040,3710,2900,3320,59300
8/26/2025,SURI,122,152,117,137,789397100
8/26/2025,SWAT,0,0,0,0,0
8/26/2025,SWID,107,108,102,102,2747700
8/26/2025,TALF,306,320,296,300,66800
8/26/2025,TAMA,38,38,35,35,1541800
8/26/2025,TAMU,28,28,28,28,15105400
8/26/2025,TAPG,1500,1500,1450,1450,95432500
8/26/2025,TAPGDRCJ6A,0,0,0,0,0
8/26/2025,TAPGHDCH6A,0,0,0,0,0
8/26/2025,TAPGZPCH6A,0,0,0,0,0
8/26/2025,TARA,19,19,19,19,1542900
8/26/2025,TAXI,15,15,15,15,29996200
8/26/2025,TAYS,65,70,64,66,38769000
8/26/2025,TBIG,1940,1940,1920,1930,107000
8/26/2025,TBLA,775,780,760,760,3048800
8/26/2025,TBMS,1040,1045,1025,1025,16200
8/26/2025,TCID,2500,2500,2480,2480,5000
8/26/2025,TCPI,6025,6025,5825,5825,11299500
8/26/2025,TDPM,0,0,0,0,0
8/26/2025,TEBE,1140,1400,1100,1285,45968000
8/26/2025,TECH,0,0,0,0,0
8/26/2025,TELE,0,0,0,0,0
8/26/2025,TFAS,135,135,132,132,261900
8/26/2025,TFCO,498,498,498,498,100
8/26/2025,TGKA,5900,5900,5850,5900,8200
8/26/2025,TGRA,0,0,0,0,0
8/26/2025,TGUK,0,0,0,0,0
8/26/2025,TIFA,424,440,414,416,155000
8/26/2025,TINS,1010,1020,1005,1010,7785900
8/26/2025,TIRA,1895,1935,1810,1885,104600
8/26/2025,TIRT,0,0,0,0,0
8/26/2025,TKIM,7125,7250,7050,7200,1786300
8/26/2025,TKIMZPCG6A,105,108,105,108,103500
8/26/2025,TLDN,725,725,700,710,1557700
8/26/2025,TLKM,3310,3320,3230,3260,227364800
8/26/2025,TLKMBQCQ5A,0,0,0,0,0
8/26/2025,TLKMBQCV5A,0,0,0,0,0
8/26/2025,TLKMDRCJ6A,87,89,87,89,90900
8/26/2025,TLKMDRCX6A,0,0,0,0,0
8/26/2025,TLKMHDCJ6A,0,0,0,0,0
8/26/2025,TLKMHDCV5A,0,0,0,0,0
8/26/2025,TLKMZPCF6A,0,0,0,0,0
8/26/2025,TMAS,139,140,136,137,4176400
8/26/2025,TMPO,150,150,146,146,1794400
8/26/2025,TNCA,208,210,199,200,4860300
8/26/2025,TOBA,1150,1410,1130,1350,996281000
8/26/2025,TOOL,63,78,60,65,227612100
8/26/2025,TOPS,0,0,0,0,0
8/26/2025,TOSK,54,63,53,58,321010100
8/26/2025,TOTL,750,760,745,755,2797100
8/26/2025,TOTO,258,258,256,256,2831900
8/26/2025,TOWR,690,700,635,635,89679700
8/26/2025,TOYS,0,0,0,0,0
8/26/2025,TPIA,8750,8775,8500,8750,19478700
8/26/2025,TPMA,595,600,590,595,5369700
8/26/2025,TRAM,0,0,0,0,0
8/26/2025,TRGU,195,195,193,195,189200
8/26/2025,TRIL,0,0,0,0,0
8/26/2025,TRIM,362,362,352,356,79500
8/26/2025,TRIN,103,105,99,100,2791700
8/26/2025,TRIN-W2,0,0,0,0,0
8/26/2025,TRIO,0,0,0,0,0
8/26/2025,TRIS,189,218,186,193,2420900
8/26/2025,TRJA,137,140,135,135,251300
8/26/2025,TRON,101,101,99,99,3874100
8/26/2025,TRST,500,500,496,500,22400
8/26/2025,TRUE,36,36,36,36,6842200
8/26/2025,TRUK,192,192,179,179,618200
8/26/2025,TRUS,482,482,474,480,800
8/26/2025,TSPC,2300,2310,2280,2300,690900
8/26/2025,TUGU,990,990,975,980,2849300
8/26/2025,TYRE,127,129,127,129,14500
8/26/2025,UANG,0,0,0,0,0
8/26/2025,UCID,486,486,468,478,2566500
8/26/2025,UDNG,0,0,0,0,0
8/26/2025,UFOE,183,183,175,179,220500
8/26/2025,ULTJ,1335,1335,1300,1305,7543700
8/26/2025,UNIC,8200,8250,7875,8125,108900
8/26/2025,UNIQ,400,410,388,400,55593000
8/26/2025,UNIT,0,0,0,0,0
8/26/2025,UNSP,150,151,150,151,825900
8/26/2025,UNTD,83,84,81,82,11601500
8/26/2025,UNTR,25450,25650,24475,24600,6672800
8/26/2025,UNTRBQCV5A,90,90,88,88,6200
8/26/2025,UNTRDRCG6A,149,149,131,131,10500
8/26/2025,UNTRZPCJ6A,0,0,0,0,0
8/26/2025,UNVR,1775,1800,1750,1790,14548700
8/26/2025,UNVRBQCQ5A,2,2,1,2,16877400
8/26/2025,UNVRBQCU5A,28,29,26,29,3594000
8/26/2025,UNVRBQCZ5A,0,0,0,0,0
8/26/2025,UNVRDRCG6A,50,50,47,48,134900
8/26/2025,UNVRHDCQ5A,0,0,0,0,0
8/26/2025,UNVRHDPG6A,0,0,0,0,0
8/26/2025,UNVRZPCH6A,51,51,50,50,16800
8/26/2025,URBN,135,135,131,135,11100
8/26/2025,UVCR,76,81,74,76,21162100
8/26/2025,VAST,179,183,178,180,6891700
8/26/2025,VAST-W,13,14,13,14,1007200
8/26/2025,VERN,141,144,133,136,5949000
8/26/2025,VERN-W,5,5,4,5,15239500
8/26/2025,VICI,615,625,600,620,655400
8/26/2025,VICO,197,198,182,186,3671300
8/26/2025,VINS,134,135,125,126,286000
8/26/2025,VISI,129,132,128,129,1000600
8/26/2025,VIVA,22,23,22,23,76662900
8/26/2025,VKTR,119,133,116,116,215139600
8/26/2025,VOKS,196,202,195,200,87400
8/26/2025,VRNA,91,120,88,91,77012600
8/26/2025,VTNY,114,115,111,112,16254500
8/26/2025,WAPO,143,146,140,142,729800
8/26/2025,WEGE,63,65,62,63,27666700
8/26/2025,WEHA,118,119,118,119,913300
8/26/2025,WGSH,162,164,156,158,340100
8/26/2025,WICO,0,0,0,0,0
8/26/2025,WIDI,30,30,28,30,58380000
8/26/2025,WIFI,2830,2900,2790,2870,131682300
8/26/2025,WIIM,825,825,800,810,1378800
8/26/2025,WIKA,0,0,0,0,0
8/26/2025,WINE,216,218,210,216,569400
8/26/2025,WINR,31,31,28,28,94455800
8/26/2025,WINS,418,422,408,414,6573100
8/26/2025,WIRG,216,218,206,208,1104300400
8/26/2025,WMPP,0,0,0,0,0
8/26/2025,WMUU,15,15,15,15,446343100
8/26/2025,WOMF,344,348,340,344,245500
8/26/2025,WOOD,364,366,352,360,6316100
8/26/2025,WOWS,104,104,95,95,49225800
8/26/2025,WSBP,22,22,22,22,38660000
8/26/2025,WSKT,0,0,0,0,0
8/26/2025,WTON,99,99,96,97,6961300
8/26/2025,XAQA,0,0,0,0,0
8/26/2025,XBES,1078,1078,1065,1065,10400
8/26/2025,XBID,521,521,519,519,40300
8/26/2025,XBIG,0,0,0,0,0
8/26/2025,XBIN,595,595,591,591,40100
8/26/2025,XBLQ,492,492,492,492,100
8/26/2025,XBNI,0,0,0,0,0
8/26/2025,XBSK,462,462,458,458,40100
8/26/2025,XCEG,113,113,112,112,300
8/26/2025,XCID,77,77,73,75,47000
8/26/2025,XCIS,95,109,95,106,35600
8/26/2025,XCLQ,100,100,87,90,80900
8/26/2025,XDIF,471,471,458,458,5300
8/26/2025,XIFE,97,114,97,113,8300
8/26/2025,XIHD,650,650,645,645,700
8/26/2025,XIIC,885,885,883,883,200
8/26/2025,XIID,0,0,0,0,0
8/26/2025,XIIF,477,477,477,477,10000
8/26/2025,XIIT,530,530,525,525,3400
8/26/2025,XIJI,633,633,628,628,8600
8/26/2025,XILV,164,164,121,129,46800
8/26/2025,XIML,240,240,240,240,100
8/26/2025,XIPB,0,0,0,0,0
8/26/2025,XIPI,226,226,226,226,100
8/26/2025,XISB,0,0,0,0,0
8/26/2025,XISC,0,0,0,0,0
8/26/2025,XISI,0,0,0,0,0
8/26/2025,XISR,462,462,455,455,400
8/26/2025,XKID,962,962,962,962,100
8/26/2025,XKIV,592,592,590,590,40200
8/26/2025,XKMS,1176,1178,1163,1170,200200
8/26/2025,XMGB,0,0,0,0,0
8/26/2025,XMIG,222,222,222,222,500
8/26/2025,XMLF,908,908,901,901,40100
8/26/2025,XMSK,396,396,396,396,16000
8/26/2025,XNVE,0,0,0,0,0
8/26/2025,XPDV,775,775,659,765,500
8/26/2025,XPFT,0,0,0,0,0
8/26/2025,XPIN,648,651,648,651,300
8/26/2025,XPLQ,507,630,432,630,61400
8/26/2025,XPSG,0,0,0,0,0
8/26/2025,XPTD,484,484,418,478,17300
8/26/2025,XSBC,188,199,160,164,231600
8/26/2025,XSPI,0,0,0,0,0
8/26/2025,XSSI,83,90,82,82,510900
8/26/2025,XSSK,712,712,712,712,20000
8/26/2025,YELO,69,69,57,57,49710100
8/26/2025,YOII,104,104,99,100,4197000
8/26/2025,YPAS,0,0,0,0,0
8/26/2025,YULE,2600,3360,2600,2800,61700
8/26/2025,YUPI,1685,1700,1675,1690,41900
8/26/2025,ZATA,18,18,18,18,4984800
8/26/2025,ZBRA,0,0,0,0,0
8/26/2025,ZINC,20,20,20,20,25237800
8/26/2025,ZONE,745,745,740,745,90300
8/26/2025,ZYRX,159,163,158,159,3654600
