<date>,<ticker>,<open>,<high>,<low>,<close>,<volume>
8/14/2025,IHSG,7909.016,7973.981,7892.911,7931.251,4467208635
8/14/2025,IDX30,0.000,0.000,0.000,0.000,0
8/14/2025,IDX80,0.000,0.000,0.000,0.000,0
8/14/2025,AADI,6950,7000,6900,6975,6071000
8/14/2025,AALI,7175,7250,7025,7125,1906700
8/14/2025,ABBA,38,39,38,38,932400
8/14/2025,ABDA,0,0,0,0,0
8/14/2025,ABMM,3000,3000,2970,2980,950000
8/14/2025,ACES,482,484,476,482,91985300
8/14/2025,ACESBQCV5A,2,3,2,3,1062300
8/14/2025,ACESBQCX5B,0,0,0,0,0
8/14/2025,ACESDRCJ6A,0,0,0,0,0
8/14/2025,ACESDRCQ5A,0,0,0,0,0
8/14/2025,ACESHDCZ5A,0,0,0,0,0
8/14/2025,ACESZPCJ6A,29,29,29,29,25000
8/14/2025,ACRO,78,78,73,74,20528300
8/14/2025,ACRO-W,8,8,7,7,6828900
8/14/2025,ACST,89,91,88,89,889900
8/14/2025,ADCP,50,57,50,53,252776500
8/14/2025,ADES,14225,14450,13900,14150,39400
8/14/2025,ADHI,284,298,282,284,195408400
8/14/2025,ADMF,9100,9150,9100,9125,21000
8/14/2025,ADMG,125,128,119,123,600800
8/14/2025,ADMR,1050,1065,1030,1050,26414800
8/14/2025,ADMRDRCJ6A,38,39,37,39,407900
8/14/2025,ADMRZPCH6A,60,60,59,59,254900
8/14/2025,ADRO,1830,1865,1830,1840,29782700
8/14/2025,ADROBQCU5A,14,15,14,14,40100
8/14/2025,ADROBQCZ5A,28,29,28,29,162700
8/14/2025,ADRODRCJ6A,0,0,0,0,0
8/14/2025,ADRODRCQ5A,0,0,0,0,0
8/14/2025,ADRODRCQ5B,0,0,0,0,0
8/14/2025,ADRODRCX5A,47,47,47,47,10100
8/14/2025,ADROHDCQ5A,2,2,1,1,38100
8/14/2025,ADROHDCZ5A,0,0,0,0,0
8/14/2025,ADROYUCZ5A,95,95,95,95,300
8/14/2025,ADROZPCF6A,37,37,37,37,500
8/14/2025,AEGS,54,54,50,50,12089500
8/14/2025,AGAR,246,250,236,248,27200
8/14/2025,AGII,910,915,900,910,475000
8/14/2025,AGRO,242,246,236,236,47674500
8/14/2025,AGRS,66,72,65,69,45504200
8/14/2025,AHAP,76,76,73,74,6557700
8/14/2025,AIMS,326,326,326,326,5800
8/14/2025,AISA,127,128,125,125,8711300
8/14/2025,AKKU,0,0,0,0,0
8/14/2025,AKPI,585,585,585,585,4200
8/14/2025,AKRA,1280,1280,1255,1255,13887400
8/14/2025,AKRABQCX5B,0,0,0,0,0
8/14/2025,AKRADRCQ5A,0,0,0,0,0
8/14/2025,AKRADRCX5A,0,0,0,0,0
8/14/2025,AKRAHDCH6A,0,0,0,0,0
8/14/2025,AKRAHDCQ5A,0,0,0,0,0
8/14/2025,AKRAZPCJ6A,62,62,59,59,1150000
8/14/2025,AKRAZPCX5A,0,0,0,0,0
8/14/2025,AKSI,254,256,250,252,79200
8/14/2025,ALDO,492,498,492,498,423600
8/14/2025,ALII,585,585,570,575,4061700
8/14/2025,ALKA,310,310,308,308,42200
8/14/2025,ALMI,0,0,0,0,0
8/14/2025,ALTO,0,0,0,0,0
8/14/2025,AMAG,356,360,356,360,24300
8/14/2025,AMAN,113,115,113,113,2928000
8/14/2025,AMAR,212,214,206,208,1861700
8/14/2025,AMFG,3060,3090,3040,3060,75700
8/14/2025,AMIN,174,179,173,177,89200
8/14/2025,AMMN,8575,8700,8500,8600,49699800
8/14/2025,AMMNBQCZ5A,58,60,58,59,26500
8/14/2025,AMMNDRCJ6A,85,86,85,85,16100
8/14/2025,AMMNHDCH6A,0,0,0,0,0
8/14/2025,AMMNZPCG6A,0,0,0,0,0
8/14/2025,AMMS,182,185,166,183,16585200
8/14/2025,AMOR,510,510,505,510,96800
8/14/2025,AMRT,2340,2380,2260,2310,58582100
8/14/2025,AMRTBQCU5A,11,11,9,9,22221700
8/14/2025,AMRTDRCQ5A,0,0,0,0,0
8/14/2025,AMRTDRCZ5A,44,44,44,44,100
8/14/2025,AMRTHDCJ6A,39,39,38,38,406800
8/14/2025,AMRTHDCQ5A,8,9,7,8,9783000
8/14/2025,AMRTZPCX5A,55,57,55,57,12300000
8/14/2025,ANDI,19,20,19,20,20849300
8/14/2025,ANJT,1755,1760,1750,1750,892300
8/14/2025,ANTM,2920,2940,2890,2890,109598600
8/14/2025,ANTMBQCU5A,0,0,0,0,0
8/14/2025,ANTMBQCX5A,66,66,62,62,74700
8/14/2025,ANTMBQCZ5A,0,0,0,0,0
8/14/2025,ANTMDRCG6A,45,45,45,45,86300
8/14/2025,ANTMDRCQ5A,0,0,0,0,0
8/14/2025,ANTMDRCX5A,276,276,272,272,219000
8/14/2025,ANTMDRPU5A,42,42,42,42,100
8/14/2025,ANTMDRPU5B,0,0,0,0,0
8/14/2025,ANTMHDCH6A,78,78,78,78,25000
8/14/2025,ANTMHDCH6B,0,0,0,0,0
8/14/2025,ANTMHDCQ5A,0,0,0,0,0
8/14/2025,ANTMHDCU5A,0,0,0,0,0
8/14/2025,ANTMYUCQ5A,0,0,0,0,0
8/14/2025,ANTMZPCJ6A,0,0,0,0,0
8/14/2025,ANTMZPCX5A,174,174,174,174,15000
8/14/2025,APEX,126,127,123,126,18599900
8/14/2025,APIC,1110,1140,1105,1140,6646800
8/14/2025,APII,173,179,170,174,173600
8/14/2025,APLI,480,496,480,496,1300
8/14/2025,APLN,106,107,103,103,18201700
8/14/2025,ARCI,685,720,670,720,29552600
8/14/2025,AREA,525,530,500,510,4926400
8/14/2025,ARGO,1270,1635,1250,1460,362500
8/14/2025,ARII,262,266,230,256,1477600
8/14/2025,ARKA,25,27,25,27,4865300
8/14/2025,ARKO,1155,1155,1130,1135,508500
8/14/2025,ARMY,0,0,0,0,0
8/14/2025,ARNA,575,575,565,570,2068900
8/14/2025,ARTA,3610,3620,3360,3500,21800
8/14/2025,ARTI,0,0,0,0,0
8/14/2025,ARTO,2170,2250,2100,2210,20037100
8/14/2025,ARTOBQCU5A,9,10,6,7,25675300
8/14/2025,ARTOBQCX5B,132,136,132,136,400000
8/14/2025,ARTOBQCZ5A,32,32,32,32,3000
8/14/2025,ARTODRCQ5A,0,0,0,0,0
8/14/2025,ARTODRCX5A,59,63,55,58,3917700
8/14/2025,ARTOHDCZ5A,143,143,139,143,750100
8/14/2025,ARTOZPCX5A,63,64,63,64,3600
8/14/2025,ASBI,444,460,420,440,53900
8/14/2025,ASDM,530,550,530,530,59400
8/14/2025,ASGR,1090,1090,1045,1075,621400
8/14/2025,ASHA,22,22,22,22,8859100
8/14/2025,ASII,5125,5150,5075,5100,31796500
8/14/2025,ASIIBQCU5A,0,0,0,0,0
8/14/2025,ASIIBQCZ5A,0,0,0,0,0
8/14/2025,ASIIDRCQ5A,0,0,0,0,0
8/14/2025,ASIIDRCQ5B,0,0,0,0,0
8/14/2025,ASIIDRCX5A,102,102,102,102,100
8/14/2025,ASIIDRCX6A,0,0,0,0,0
8/14/2025,ASIIDRPQ5A,0,0,0,0,0
8/14/2025,ASIIHDCZ5A,151,151,142,142,200
8/14/2025,ASIIZPCJ6A,94,94,94,94,2100
8/14/2025,ASJT,108,109,106,109,87900
8/14/2025,ASLC,64,65,62,64,155453800
8/14/2025,ASLI,0,0,0,0,0
8/14/2025,ASMI,18,18,18,18,2119200
8/14/2025,ASPI,302,366,294,352,16148700
8/14/2025,ASPR,100,100,96,98,19480800
8/14/2025,ASRI,174,175,169,169,71825000
8/14/2025,ASRM,282,282,276,276,30800
8/14/2025,ASSA,910,925,900,910,6228400
8/14/2025,ATAP,30,31,30,31,663200
8/14/2025,ATIC,404,404,394,402,238400
8/14/2025,ATLA,55,59,52,54,670966600
8/14/2025,AUTO,2320,2330,2270,2280,6489500
8/14/2025,AUTOZPCJ6A,33,33,31,32,622100
8/14/2025,AVIA,428,430,424,424,10018700
8/14/2025,AVIAZPCJ6A,0,0,0,0,0
8/14/2025,AWAN,258,266,252,258,18479300
8/14/2025,AXIO,126,128,125,126,1091500
8/14/2025,AYAM,171,174,168,171,153290300
8/14/2025,AYLS,104,108,103,105,5278200
8/14/2025,BABP,53,54,52,53,27793700
8/14/2025,BABY,338,344,334,340,7617200
8/14/2025,BACA,130,132,130,130,309200
8/14/2025,BAIK,94,97,93,94,5562400
8/14/2025,BAIK-W,9,9,8,8,606000
8/14/2025,BAJA,129,133,128,132,4860700
8/14/2025,BALI,1320,1345,1315,1335,17800
8/14/2025,BANK,845,850,835,845,5692600
8/14/2025,BANK-W,0,0,0,0,0
8/14/2025,BAPA,57,58,53,54,8970400
8/14/2025,BAPI,11,11,11,11,13509100
8/14/2025,BATA,51,51,50,51,24600
8/14/2025,BATR,103,106,98,102,5594700
8/14/2025,BAUT,37,37,36,36,5457700
8/14/2025,BAYU,1300,1315,1285,1290,356400
8/14/2025,BBCA,8925,8950,8750,8775,122930900
8/14/2025,BBCABQCV5A,30,30,2,5,125300
8/14/2025,BBCABQCX5A,0,0,0,0,0
8/14/2025,BBCADRCF6A,74,74,71,72,757500
8/14/2025,BBCADRCQ5A,0,0,0,0,0
8/14/2025,BBCADRCX6A,0,0,0,0,0
8/14/2025,BBCADRPQ5A,0,0,0,0,0
8/14/2025,BBCAHDCQ5A,0,0,0,0,0
8/14/2025,BBCAHDCQ7A,97,98,96,97,83200
8/14/2025,BBCAHDCU5A,0,0,0,0,0
8/14/2025,BBCAHDCV5A,0,0,0,0,0
8/14/2025,BBCAYUCQ5A,41,41,37,38,300
8/14/2025,BBCAZPCF6A,0,0,0,0,0
8/14/2025,BBCAZPCH6A,0,0,0,0,0
8/14/2025,BBHI,1550,1550,1505,1520,2547500
8/14/2025,BBKP,63,63,62,63,63441200
8/14/2025,BBLD,920,990,915,925,171700
8/14/2025,BBMD,2080,2120,2080,2110,1300
8/14/2025,BBNI,4400,4400,4360,4390,43156900
8/14/2025,BBNIBQCU5A,29,29,27,27,6000
8/14/2025,BBNIBQCV5A,0,0,0,0,0
8/14/2025,BBNIDRCQ5A,0,0,0,0,0
8/14/2025,BBNIDRCX6A,0,0,0,0,0
8/14/2025,BBNIDRCZ5A,66,67,66,66,306200
8/14/2025,BBNIDRPU5A,16,16,16,16,86400
8/14/2025,BBNIHDCQ5A,21,21,20,20,44600
8/14/2025,BBNIHDCQ7A,0,0,0,0,0
8/14/2025,BBNIHDCU5A,0,0,0,0,0
8/14/2025,BBNIHDPU5A,0,0,0,0,0
8/14/2025,BBNIYUCV5A,71,73,71,73,100200
8/14/2025,BBNIZPCH6A,0,0,0,0,0
8/14/2025,BBNIZPCX5A,0,0,0,0,0
8/14/2025,BBRI,4080,4100,4040,4060,164408100
8/14/2025,BBRIBQCQ5A,2,2,2,2,272100
8/14/2025,BBRIBQCU5A,32,32,32,32,1000
8/14/2025,BBRIBQCZ5A,0,0,0,0,0
8/14/2025,BBRIDRCQ5A,0,0,0,0,0
8/14/2025,BBRIDRCX5A,174,178,174,177,16600
8/14/2025,BBRIDRCX6A,2380,2380,2380,2380,3700
8/14/2025,BBRIHDCH6A,0,0,0,0,0
8/14/2025,BBRIHDCQ5A,17,18,15,17,1039700
8/14/2025,BBRIHDCQ7A,103,104,103,103,4518100
8/14/2025,BBRIYUCV5A,151,153,148,148,50300
8/14/2025,BBRIZPCH6A,109,109,109,109,100
8/14/2025,BBRIZPCX5A,93,96,93,96,28500
8/14/2025,BBRM,77,77,75,76,1247100
8/14/2025,BBSI,3990,4020,3720,4000,7700
8/14/2025,BBSS,264,268,254,264,48600
8/14/2025,BBTN,1340,1375,1325,1350,72254600
8/14/2025,BBTNHDCZ5A,0,0,0,0,0
8/14/2025,BBTNYUCZ5A,90,90,90,90,100
8/14/2025,BBTNZPCG6A,66,66,66,66,2000
8/14/2025,BBYB,348,356,332,344,141584100
8/14/2025,BCAP,69,69,65,65,63923400
8/14/2025,BCIC,0,0,0,0,0
8/14/2025,BCIP,94,95,92,93,28112600
8/14/2025,BDKR,157,159,153,157,17581300
8/14/2025,BDMN,2550,2590,2550,2570,721900
8/14/2025,BEBS,0,0,0,0,0
8/14/2025,BEEF,286,298,286,288,8230000
8/14/2025,BEER,104,104,99,101,1767700
8/14/2025,BEKS,26,26,26,26,8387000
8/14/2025,BELI,378,380,376,376,276000
8/14/2025,BELL,70,71,60,60,262421500
8/14/2025,BESS,1000,1065,1000,1015,37600
8/14/2025,BEST,106,107,104,104,5981900
8/14/2025,BFIN,880,885,855,865,13350800
8/14/2025,BGTG,84,102,84,96,399333000
8/14/2025,BHAT,870,880,865,875,1444300
8/14/2025,BHIT,31,31,30,30,11062300
8/14/2025,BIKA,0,0,0,0,0
8/14/2025,BIKE,820,830,805,820,3516000
8/14/2025,BIMA,51,51,50,50,72100
8/14/2025,BINA,4400,4500,4310,4480,60300
8/14/2025,BINO,116,116,111,114,2343900
8/14/2025,BIPI,90,91,88,88,141556100
8/14/2025,BIPP,40,40,39,39,22100
8/14/2025,BIRD,1895,1905,1885,1890,1704500
8/14/2025,BISI,890,895,865,870,803600
8/14/2025,BJBR,790,800,790,790,2198600
8/14/2025,BJTM,515,520,515,515,6451600
8/14/2025,BKDP,33,35,33,35,72200
8/14/2025,BKSL,152,153,148,150,180901200
8/14/2025,BKSW,62,67,61,64,110722100
8/14/2025,BLES,159,159,154,157,11595800
8/14/2025,BLOG,505,510,496,500,2764900
8/14/2025,BLTA,20,20,20,20,3471000
8/14/2025,BLTZ,0,0,0,0,0
8/14/2025,BLUE,312,316,312,316,29500
8/14/2025,BMAS,550,605,550,605,60500
8/14/2025,BMBL,28,30,26,30,32788000
8/14/2025,BMHS,189,193,185,191,5092600
8/14/2025,BMRI,4910,4930,4840,4850,109457100
8/14/2025,BMRIBQCU5A,5,5,5,5,3926600
8/14/2025,BMRIBQCZ5A,72,72,72,72,200000
8/14/2025,BMRIDRCQ5A,0,0,0,0,0
8/14/2025,BMRIDRCX5A,70,70,68,68,1519600
8/14/2025,BMRIDRCX6A,0,0,0,0,0
8/14/2025,BMRIHDCQ5A,3,3,3,3,15900
8/14/2025,BMRIHDCQ7A,107,108,107,107,7400
8/14/2025,BMRIHDCU5A,0,0,0,0,0
8/14/2025,BMRIHDPU5A,0,0,0,0,0
8/14/2025,BMRIYUCQ5A,17,17,16,16,200
8/14/2025,BMRIZPCH6A,72,73,72,73,36600
8/14/2025,BMRIZPCX5A,45,45,45,45,300
8/14/2025,BMSR,248,258,248,250,96400
8/14/2025,BMTR,147,147,144,144,21629300
8/14/2025,BNBA,810,825,805,820,166100
8/14/2025,BNBR,38,38,38,38,142181800
8/14/2025,BNGA,1730,1735,1720,1725,2498000
8/14/2025,BNGAZPCH6A,0,0,0,0,0
8/14/2025,BNII,222,222,210,210,3961900
8/14/2025,BNLI,3160,3160,3120,3140,51800
8/14/2025,BOAT,109,115,105,110,15294400
8/14/2025,BOBA,188,195,186,190,403700
8/14/2025,BOGA,595,610,585,600,473400
8/14/2025,BOLA,178,185,178,182,676100
8/14/2025,BOLT,1095,1095,1080,1080,6600
8/14/2025,BOSS,0,0,0,0,0
8/14/2025,BPFI,342,358,340,340,48700
8/14/2025,BPII,590,590,580,585,114600
8/14/2025,BPTR,99,105,98,99,3777300
8/14/2025,BRAM,5175,5175,5150,5175,1800
8/14/2025,BREN,9200,9375,9150,9225,37491300
8/14/2025,BRIS,2830,2830,2760,2770,16339500
8/14/2025,BRISBQCZ5A,0,0,0,0,0
8/14/2025,BRISDRCJ6A,53,53,53,53,100
8/14/2025,BRISHDCH6A,73,73,73,73,25100
8/14/2025,BRISHDCZ5A,0,0,0,0,0
8/14/2025,BRISYUCV5A,87,87,87,87,100
8/14/2025,BRISZPCG6A,60,60,59,59,62400
8/14/2025,BRMS,444,448,434,434,229375800
8/14/2025,BRMSBQCZ5A,54,54,52,52,33100
8/14/2025,BRMSDRCJ6A,40,40,40,40,100
8/14/2025,BRMSDRPX5A,28,28,27,27,29500
8/14/2025,BRMSHDCH6A,0,0,0,0,0
8/14/2025,BRMSHDCZ5A,0,0,0,0,0
8/14/2025,BRMSYUCV5A,29,29,29,29,300
8/14/2025,BRMSZPCG6A,0,0,0,0,0
8/14/2025,BRNA,945,950,910,940,1078100
8/14/2025,BRPT,2320,2370,2300,2300,84039600
8/14/2025,BRPTBQCQ5A,0,0,0,0,0
8/14/2025,BRPTBQCV5A,386,386,386,386,400
8/14/2025,BRPTBQCX5B,96,96,89,89,13500
8/14/2025,BRPTBQCZ5A,0,0,0,0,0
8/14/2025,BRPTDRCF6A,202,202,199,199,26300
8/14/2025,BRPTDRCJ6A,111,111,108,108,82400
8/14/2025,BRPTDRCQ5A,0,0,0,0,0
8/14/2025,BRPTDRCX5A,240,240,232,232,122000
8/14/2025,BRPTDRPV5A,12,12,12,12,905000
8/14/2025,BRPTHDCH6A,0,0,0,0,0
8/14/2025,BRPTHDCH6B,0,0,0,0,0
8/14/2025,BRPTHDCQ5A,0,0,0,0,0
8/14/2025,BRPTHDPG6A,266,266,266,266,4400
8/14/2025,BRPTYUCZ5A,142,142,142,142,100
8/14/2025,BRPTZPCF6A,0,0,0,0,0
8/14/2025,BRPTZPCX5A,318,318,316,316,300
8/14/2025,BRRC,79,88,78,86,92540600
8/14/2025,BRRC-W,9,10,9,10,4238000
8/14/2025,BSBK,53,54,52,53,39588900
8/14/2025,BSDE,910,915,890,900,24339800
8/14/2025,BSDEDRCJ6A,29,29,29,29,8400
8/14/2025,BSDEZPCH6A,42,42,42,42,131900
8/14/2025,BSIM,875,875,855,865,13500
8/14/2025,BSML,105,106,103,104,26623000
8/14/2025,BSSR,3910,3920,3900,3910,468000
8/14/2025,BSWD,0,0,0,0,0
8/14/2025,BTEK,7,7,7,7,480955600
8/14/2025,BTEL,0,0,0,0,0
8/14/2025,BTON,386,386,386,386,1100
8/14/2025,BTPN,2100,2100,2050,2050,79500
8/14/2025,BTPS,1510,1510,1450,1450,12410700
8/14/2025,BTPSZPCH6A,48,48,44,44,75300
8/14/2025,BUAH,1320,1375,1300,1330,269500
8/14/2025,BUDI,230,232,226,228,50700
8/14/2025,BUKA,172,178,172,175,175013900
8/14/2025,BUKABQCZ5B,23,23,22,22,3800000
8/14/2025,BUKAHDCZ5A,0,0,0,0,0
8/14/2025,BUKK,825,830,825,830,8800
8/14/2025,BULL,173,174,158,165,239446600
8/14/2025,BUMI,109,109,107,108,585649800
8/14/2025,BUVA,344,344,344,344,76622300
8/14/2025,BVIC,94,101,92,98,44213700
8/14/2025,BVIC-W,48,50,45,47,272200
8/14/2025,BWPT,119,135,119,134,1430640100
8/14/2025,BYAN,18300,18350,18250,18300,26000
8/14/2025,CAKK,135,138,132,133,79700
8/14/2025,CAMP,210,212,208,210,5117000
8/14/2025,CANI,39,39,39,39,256300
8/14/2025,CARE,284,292,282,292,17824300
8/14/2025,CARS,106,108,104,107,25631000
8/14/2025,CASA,1100,1120,1100,1105,4386500
8/14/2025,CASH,70,71,67,68,1330500
8/14/2025,CASS,2380,2430,2320,2320,321700
8/14/2025,CBDK,6000,6000,5875,5900,2241500
8/14/2025,CBMF,0,0,0,0,0
8/14/2025,CBPE,183,184,179,182,21700
8/14/2025,CBRE,0,0,0,0,0
8/14/2025,CBUT,1250,1250,1225,1235,23500
8/14/2025,CCSI,318,338,318,322,376300
8/14/2025,CDIA,1690,1705,1615,1635,264387000
8/14/2025,CEKA,2650,2650,2580,2630,33900
8/14/2025,CENT,101,103,100,101,9233000
8/14/2025,CFIN,324,328,314,318,2513400
8/14/2025,CGAS,117,120,116,118,8011800
8/14/2025,CHEK,197,208,194,202,42068400
8/14/2025,CHEM,112,116,102,105,93157700
8/14/2025,CHIP,1340,1345,1330,1340,77400
8/14/2025,CINT,157,206,157,160,21545100
8/14/2025,CITA,3980,4000,3900,3990,338200
8/14/2025,CITY,111,113,108,109,7436200
8/14/2025,CLAY,1305,1320,1260,1310,263500
8/14/2025,CLEO,595,625,595,615,14416700
8/14/2025,CLPI,1255,1265,1230,1260,137600
8/14/2025,CMNP,1320,1330,1310,1320,267100
8/14/2025,CMNP-W,396,510,396,510,3200
8/14/2025,CMNT,825,845,815,835,43691900
8/14/2025,CMPP,75,76,75,76,19200
8/14/2025,CMRY,4920,4940,4890,4890,1150100
8/14/2025,CMRYZPCJ6A,44,44,44,44,1000
8/14/2025,CNKO,96,97,96,97,221267000
8/14/2025,CNMA,140,141,135,140,40091800
8/14/2025,CNTB,0,0,0,0,0
8/14/2025,CNTX,0,0,0,0,0
8/14/2025,COAL,35,36,35,36,3785500
8/14/2025,COCO,0,0,0,0,0
8/14/2025,COIN,1630,1650,1570,1580,51978500
8/14/2025,COWL,0,0,0,0,0
8/14/2025,CPIN,4480,4510,4450,4450,10547000
8/14/2025,CPINDRCG6A,68,71,64,71,400
8/14/2025,CPINDRCQ5A,0,0,0,0,0
8/14/2025,CPINHDCQ5A,0,0,0,0,0
8/14/2025,CPINZPCJ6A,0,0,0,0,0
8/14/2025,CPRI,0,0,0,0,0
8/14/2025,CPRO,51,52,51,51,46511700
8/14/2025,CRAB,240,242,238,240,2990200
8/14/2025,CRSN,137,140,124,124,19879800
8/14/2025,CSAP,270,272,266,270,177800
8/14/2025,CSIS,107,107,103,104,3667200
8/14/2025,CSMI,0,0,0,0,0
8/14/2025,CSRA,725,765,720,740,2185600
8/14/2025,CTBN,5000,5000,4950,4950,3100
8/14/2025,CTRA,1070,1080,1050,1060,33964200
8/14/2025,CTRADRCJ6A,34,35,33,35,194100
8/14/2025,CTRAYUCZ5A,85,85,79,79,600
8/14/2025,CTRAZPCG6A,0,0,0,0,0
8/14/2025,CTTH,27,27,27,27,342700
8/14/2025,CUAN,1645,1685,1605,1610,296282000
8/14/2025,CYBR,1050,1120,1015,1055,26537000
8/14/2025,CYBR-W,590,650,510,620,131100
8/14/2025,DAAZ,3410,3460,3410,3450,135500
8/14/2025,DADA,15,15,15,15,61519200
8/14/2025,DART,158,158,155,155,41900
8/14/2025,DATA,1930,1960,1885,1930,5035400
8/14/2025,DAYA,1015,1050,985,1030,51300
8/14/2025,DCII,312200,336675,312200,336650,17900
8/14/2025,DEAL,0,0,0,0,0
8/14/2025,DEFI,985,985,985,985,3500
8/14/2025,DEPO,200,202,197,200,344100
8/14/2025,DEWA,222,228,222,226,148446600
8/14/2025,DEWI,105,105,102,104,41561200
8/14/2025,DFAM,53,54,53,54,346700
8/14/2025,DGIK,99,100,97,99,4749500
8/14/2025,DGNS,152,153,150,152,314200
8/14/2025,DGWG,420,422,410,416,14128000
8/14/2025,DIGI,25,25,25,25,1001600
8/14/2025,DILD,140,140,135,137,19510000
8/14/2025,DIVA,110,111,109,109,1145200
8/14/2025,DKFT,845,850,785,810,45618400
8/14/2025,DKHH,132,147,122,126,654959000
8/14/2025,DKHH-W,18,20,15,18,61752300
8/14/2025,DLTA,2010,2030,1985,1990,281200
8/14/2025,DMAS,139,141,139,139,36421000
8/14/2025,DMMX,346,354,336,346,2961900
8/14/2025,DMND,590,595,580,590,49700
8/14/2025,DNAR,121,129,116,123,25590600
8/14/2025,DNET,9350,9700,9000,9325,47000
8/14/2025,DOID,352,358,350,356,7064100
8/14/2025,DOOH,146,160,146,158,314867500
8/14/2025,DOSS,133,140,133,136,4069000
8/14/2025,DPNS,244,270,234,260,246000
8/14/2025,DPUM,57,58,52,53,17635000
8/14/2025,DRMA,970,970,950,955,1398500
8/14/2025,DSFI,85,96,84,88,113866700
8/14/2025,DSNG,1510,1545,1485,1530,40151800
8/14/2025,DSSA,87900,93500,87900,92000,9245200
8/14/2025,DUCK,0,0,0,0,0
8/14/2025,DUTI,3390,3390,3390,3390,300
8/14/2025,DVLA,1680,1680,1640,1670,88300
8/14/2025,DWGL,228,230,210,226,784200
8/14/2025,DYAN,86,87,84,85,1868800
8/14/2025,EAST,95,96,94,95,1855700
8/14/2025,ECII,181,195,179,185,1632500
8/14/2025,EDGE,4320,4320,4270,4290,67800
8/14/2025,EKAD,186,186,180,185,255000
8/14/2025,ELIT,188,202,185,202,36435300
8/14/2025,ELPI,318,322,314,314,848000
8/14/2025,ELSA,484,488,480,484,10403800
8/14/2025,ELSADRCJ6A,0,0,0,0,0
8/14/2025,ELSAZPCG6A,34,34,34,34,10000
8/14/2025,ELTY,13,13,13,13,55317200
8/14/2025,EMDE,89,90,87,88,2728000
8/14/2025,EMTK,980,1050,980,1015,148293500
8/14/2025,EMTKBQCZ5A,258,258,252,252,200
8/14/2025,EMTKHDCZ5A,0,0,0,0,0
8/14/2025,EMTKYUCV5A,113,118,113,113,36600
8/14/2025,EMTKZPCH6A,112,118,110,112,60000
8/14/2025,ENAK,705,720,705,720,603100
8/14/2025,ENRG,555,585,545,570,134042200
8/14/2025,ENRGDRCJ6A,71,81,71,78,2603100
8/14/2025,ENRGHDCZ5A,218,218,218,218,300
8/14/2025,ENRGZPCG6A,177,178,174,174,1320700
8/14/2025,ENVY,0,0,0,0,0
8/14/2025,ENZO,36,36,36,36,272000
8/14/2025,EPAC,16,17,16,17,5658600
8/14/2025,EPMT,2300,2300,2280,2280,46900
8/14/2025,ERAA,470,472,452,452,73838800
8/14/2025,ERAABQCZ5A,34,34,33,33,19200
8/14/2025,ERAADRCJ6A,14,15,13,13,138400
8/14/2025,ERAAHDCZ5A,42,42,42,42,34600
8/14/2025,ERAAZPCH6A,27,27,27,27,100
8/14/2025,ERAL,346,348,336,338,15918800
8/14/2025,ERTX,103,103,101,103,569500
8/14/2025,ESIP,40,40,40,40,789100
8/14/2025,ESSA,590,595,580,585,17156400
8/14/2025,ESSABQCZ5A,0,0,0,0,0
8/14/2025,ESSAHDCH6A,53,54,53,54,103000
8/14/2025,ESSAYUCZ5A,42,42,42,42,100
8/14/2025,ESTA,65,66,64,65,827300
8/14/2025,ESTI,45,45,44,45,254900
8/14/2025,ETWA,0,0,0,0,0
8/14/2025,EURO,246,250,236,238,966800
8/14/2025,EXCL,2910,2960,2910,2960,38366100
8/14/2025,EXCLHDCJ6A,65,65,65,65,1300
8/14/2025,EXCLHDCQ5A,160,160,158,158,800300
8/14/2025,EXCLZPCF6A,0,0,0,0,0
8/14/2025,FAPA,5725,5750,5700,5700,6800
8/14/2025,FAST,324,336,324,324,1223800
8/14/2025,FASW,0,0,0,0,0
8/14/2025,FILM,3800,3810,3690,3740,6142700
8/14/2025,FIMP,0,0,0,0,0
8/14/2025,FIRE,75,76,74,75,4383100
8/14/2025,FISH,0,0,0,0,0
8/14/2025,FITT,222,236,208,216,4122900
8/14/2025,FLMC,78,78,78,78,759800
8/14/2025,FMII,374,386,372,376,37700
8/14/2025,FOLK,81,83,81,81,718700
8/14/2025,FOOD,106,106,106,106,194900
8/14/2025,FORE,575,585,570,575,6291800
8/14/2025,FORU,1380,1385,1250,1280,911300
8/14/2025,FPNI,192,192,183,187,3894500
8/14/2025,FUJI,428,430,422,424,64500
8/14/2025,FUTR,0,0,0,0,0
8/14/2025,FWCT,154,155,152,154,359700
8/14/2025,GAMA,0,0,0,0,0
8/14/2025,GDST,108,109,107,108,2273400
8/14/2025,GDYR,1170,1180,1150,1150,7200
8/14/2025,GEMA,126,148,125,130,189239800
8/14/2025,GEMS,9200,9300,9200,9250,79500
8/14/2025,GGRM,8675,8750,8625,8725,501700
8/14/2025,GGRMZPCG6A,0,0,0,0,0
8/14/2025,GGRP,0,0,0,0,0
8/14/2025,GHON,1615,1615,1580,1605,10100
8/14/2025,GIAA,72,72,71,71,31432500
8/14/2025,GJTL,1050,1055,1040,1040,3253300
8/14/2025,GJTLZPCJ6A,27,27,27,27,30000
8/14/2025,GLOB,0,0,0,0,0
8/14/2025,GLVA,324,334,324,332,1200
8/14/2025,GMFI,61,62,61,62,3914800
8/14/2025,GMTD,2250,2250,2180,2240,1200
8/14/2025,GOLD,254,262,250,254,457700
8/14/2025,GOLF,212,214,210,214,1284600
8/14/2025,GOLL,0,0,0,0,0
8/14/2025,GOOD,380,386,376,384,323400
8/14/2025,GOTO,65,66,62,62,3815954900
8/14/2025,GOTOBQCZ5A,3,4,3,3,1011500
8/14/2025,GOTODRCG6A,12,12,12,12,1913300
8/14/2025,GOTODRCQ5A,0,0,0,0,0
8/14/2025,GOTOHDCQ5A,0,0,0,0,0
8/14/2025,GOTOM,0,0,0,0,0
8/14/2025,GOTOZPCH6A,0,0,0,0,0
8/14/2025,GPRA,149,153,145,148,144491400
8/14/2025,GPSO,378,384,360,372,1781300
8/14/2025,GRIA,93,94,91,94,4720300
8/14/2025,GRPH,94,98,77,77,199852600
8/14/2025,GRPM,50,52,48,50,4085400
8/14/2025,GRPM-W,15,15,12,13,7434900
8/14/2025,GSMF,57,75,57,75,22896400
8/14/2025,GTBO,186,186,175,185,806500
8/14/2025,GTRA,144,144,141,143,495400
8/14/2025,GTSI,46,46,46,46,5818000
8/14/2025,GULA,262,262,258,258,474600
8/14/2025,GUNA,244,246,240,240,1162300
8/14/2025,GWSA,157,157,152,156,832600
8/14/2025,GZCO,112,120,111,120,143625700
8/14/2025,HADE,12,12,12,12,39740000
8/14/2025,HAIS,192,192,189,190,1179600
8/14/2025,HAJJ,112,112,110,111,3344700
8/14/2025,HAJJ-W,13,13,12,13,2728500
8/14/2025,HALO,83,86,82,83,7779300
8/14/2025,HALO-W,10,10,9,10,1883400
8/14/2025,HATM,264,268,264,266,30358900
8/14/2025,HBAT,99,102,98,100,1449700
8/14/2025,HDFA,115,115,113,113,6000
8/14/2025,HDIT,33,33,33,33,13415900
8/14/2025,HEAL,1660,1675,1660,1660,6723200
8/14/2025,HEALDRCJ6A,0,0,0,0,0
8/14/2025,HEALHDCH6A,0,0,0,0,0
8/14/2025,HEALYUCZ5A,76,76,76,76,500
8/14/2025,HEALZPCH6A,0,0,0,0,0
8/14/2025,HELI,254,254,248,250,404400
8/14/2025,HERO,410,414,398,404,50600
8/14/2025,HEXA,5425,5475,5400,5475,289200
8/14/2025,HGII,147,147,144,146,10516500
8/14/2025,HILL,208,208,204,206,7510700
8/14/2025,HITS,0,0,0,0,0
8/14/2025,HKMU,0,0,0,0,0
8/14/2025,HMSP,545,550,540,540,5326400
8/14/2025,HOKI,86,89,85,87,18491500
8/14/2025,HOME,0,0,0,0,0
8/14/2025,HOMI,202,202,182,198,171500
8/14/2025,HOPE,0,0,0,0,0
8/14/2025,HOTL,0,0,0,0,0
8/14/2025,HRME,40,41,39,39,1335700
8/14/2025,HRTA,695,725,695,725,23403700
8/14/2025,HRUM,890,940,880,895,76626900
8/14/2025,HRUMZPCG6A,43,45,42,42,4433800
8/14/2025,HUMI,66,68,66,67,60823700
8/14/2025,HUMI-W,12,13,11,13,45313800
8/14/2025,HYGN,152,153,151,153,1190600
8/14/2025,IATA,58,60,58,59,14426900
8/14/2025,IATA-W,27,27,27,27,6900
8/14/2025,IBFN,17,17,16,17,876700
8/14/2025,IBOS,34,36,34,35,10390700
8/14/2025,IBST,5300,5300,5200,5200,800
8/14/2025,ICBP,9450,9825,9425,9725,25589500
8/14/2025,ICBPDRCQ5A,0,0,0,0,0
8/14/2025,ICBPDRCX6A,4160,4440,4160,4440,2000
8/14/2025,ICBPHDCJ6A,62,67,61,67,1509600
8/14/2025,ICBPHDCQ5A,0,0,0,0,0
8/14/2025,ICBPZPCX5A,41,45,41,45,16200
8/14/2025,ICON,38,38,37,37,49800
8/14/2025,IDEA,90,99,87,93,3138700
8/14/2025,IDPR,228,272,218,272,9539100
8/14/2025,IFII,224,226,222,224,95500
8/14/2025,IFSH,755,770,750,750,4900
8/14/2025,IGAR,545,545,540,545,3100
8/14/2025,IIKP,0,0,0,0,0
8/14/2025,IKAI,9,9,9,9,15218100
8/14/2025,IKAN,157,173,153,165,357894200
8/14/2025,IKBI,478,486,474,484,117400
8/14/2025,IKPM,195,195,191,194,481300
8/14/2025,IMAS,1075,1085,1060,1075,508800
8/14/2025,IMJS,268,272,262,270,8733600
8/14/2025,IMPC,0,0,0,0,0
8/14/2025,INAF,0,0,0,0,0
8/14/2025,INAI,157,159,156,158,164600
8/14/2025,INCF,24,26,24,26,901600
8/14/2025,INCI,595,595,585,590,20600
8/14/2025,INCO,4020,4020,3910,3930,4446100
8/14/2025,INCOBQCQ5A,0,0,0,0,0
8/14/2025,INCOBQCV5A,66,66,64,64,12800
8/14/2025,INCODRCQ5A,0,0,0,0,0
8/14/2025,INCODRCX5A,105,106,102,104,62200
8/14/2025,INCODRPV5A,0,0,0,0,0
8/14/2025,INCOHDCQ5A,133,133,123,123,43000
8/14/2025,INCOYUCZ5A,103,103,103,103,100
8/14/2025,INCOZPCX5A,0,0,0,0,0
8/14/2025,INDF,8000,8175,8000,8150,8223400
8/14/2025,INDFBQCV5A,0,0,0,0,0
8/14/2025,INDFDRCQ5A,0,0,0,0,0
8/14/2025,INDFDRCX6A,0,0,0,0,0
8/14/2025,INDFHDCJ6A,0,0,0,0,0
8/14/2025,INDFHDCQ5A,0,0,0,0,0
8/14/2025,INDO,198,210,195,197,11944600
8/14/2025,INDR,2670,2680,2570,2600,20300
8/14/2025,INDS,226,228,222,224,349500
8/14/2025,INDX,91,92,88,91,10204400
8/14/2025,INDY,1400,1405,1355,1360,9233800
8/14/2025,INDYZPCG6A,46,46,46,46,200
8/14/2025,INET,260,288,254,282,741067000
8/14/2025,INET-W,175,192,154,184,77146400
8/14/2025,INKP,8000,8150,7800,7800,15203200
8/14/2025,INKPBQCX5A,75,75,75,75,5900
8/14/2025,INKPDRCF6A,208,208,208,208,100
8/14/2025,INKPDRCQ5A,0,0,0,0,0
8/14/2025,INKPHDCQ5A,31,32,23,23,746900
8/14/2025,INKPZPCF6A,124,124,124,124,12200
8/14/2025,INOV,90,91,88,90,399700
8/14/2025,INPC,157,166,155,158,55602200
8/14/2025,INPP,780,790,780,790,13000
8/14/2025,INPS,103,103,103,103,1613900
8/14/2025,INRU,925,925,810,875,490200
8/14/2025,INTA,13,14,13,14,5711800
8/14/2025,INTD,190,190,188,190,72100
8/14/2025,INTP,6450,6525,6275,6525,3171700
8/14/2025,INTPZPCG6A,60,60,60,60,1700
8/14/2025,IOTF,84,112,84,112,2494558600
8/14/2025,IPAC,141,146,134,145,19300
8/14/2025,IPCC,1115,1115,1090,1110,1457600
8/14/2025,IPCM,294,296,292,292,1316400
8/14/2025,IPOL,133,137,133,134,51000
8/14/2025,IPPE,0,0,0,0,0
8/14/2025,IPTV,33,33,33,33,13225700
8/14/2025,IRRA,428,430,424,430,910800
8/14/2025,IRSX,0,0,0,0,0
8/14/2025,ISAP,15,15,13,14,55531900
8/14/2025,ISAP-W,4,5,4,5,28146700
8/14/2025,ISAT,2260,2300,2220,2220,15715100
8/14/2025,ISATBQCU5A,0,0,0,0,0
8/14/2025,ISATDRCG6A,91,91,87,87,300
8/14/2025,ISATDRCX5A,66,66,64,64,200
8/14/2025,ISATHDCJ6A,44,47,44,44,51000
8/14/2025,ISATHDCQ5A,0,0,0,0,0
8/14/2025,ISATZPCF6A,0,0,0,0,0
8/14/2025,ISEA,84,91,84,85,20584400
8/14/2025,ISSP,390,390,372,384,7535100
8/14/2025,ITIC,216,216,214,214,171600
8/14/2025,ITMA,765,775,765,765,634800
8/14/2025,ITMG,22475,22500,22400,22400,1698600
8/14/2025,ITMGZPCJ6A,0,0,0,0,0
8/14/2025,JARR,700,795,670,795,65113400
8/14/2025,JAST,93,114,92,113,125140200
8/14/2025,JATI,142,142,140,141,5275200
8/14/2025,JAWA,148,150,146,147,2351300
8/14/2025,JAYA,95,97,95,95,1093900
8/14/2025,JECC,865,880,860,875,19600
8/14/2025,JGLE,10,10,10,10,49096600
8/14/2025,JIHD,645,790,635,710,17152300
8/14/2025,JKON,101,104,91,93,67512500
8/14/2025,JMAS,150,154,145,152,3557600
8/14/2025,JPFA,1565,1575,1530,1535,30724600
8/14/2025,JPFABQCZ5A,0,0,0,0,0
8/14/2025,JPFADRCJ6A,31,31,29,29,248100
8/14/2025,JPFAHDCZ5A,0,0,0,0,0
8/14/2025,JPFAZPCG6A,0,0,0,0,0
8/14/2025,JRPT,740,750,740,750,801500
8/14/2025,JSKY,0,0,0,0,0
8/14/2025,JSMR,3600,3630,3540,3540,10059400
8/14/2025,JSMRHDCH6A,0,0,0,0,0
8/14/2025,JSMRZPCG6A,0,0,0,0,0
8/14/2025,JSPT,4000,4510,3990,4080,45600
8/14/2025,JTPE,274,300,274,300,18478500
8/14/2025,KAEF,540,545,525,535,2031500
8/14/2025,KAQI,75,87,67,79,940685300
8/14/2025,KARW,720,725,720,725,322600
8/14/2025,KAYU,0,0,0,0,0
8/14/2025,KBAG,31,32,31,32,1362000
8/14/2025,KBLI,380,380,370,374,79100
8/14/2025,KBLM,326,330,320,326,245600
8/14/2025,KBLV,102,102,97,98,60401100
8/14/2025,KBRI,0,0,0,0,0
8/14/2025,KDSI,474,476,460,476,267800
8/14/2025,KDTN,116,123,116,123,600
8/14/2025,KEEN,790,800,785,800,4963500
8/14/2025,KEJU,700,735,695,695,5477000
8/14/2025,KETR,274,276,254,264,1300400
8/14/2025,KIAS,0,0,0,0,0
8/14/2025,KICI,116,120,114,116,271400
8/14/2025,KIJA,204,204,200,202,77085800
8/14/2025,KING,206,208,202,206,546600
8/14/2025,KING-W,10,10,9,9,10359600
8/14/2025,KINO,1120,1125,1090,1095,23500
8/14/2025,KIOS,74,75,71,72,22665100
8/14/2025,KJEN,110,113,107,108,1013900
8/14/2025,KKES,28,28,27,27,398600
8/14/2025,KKGI,334,338,334,336,1868100
8/14/2025,KLAS,147,149,145,147,9635100
8/14/2025,KLBF,1400,1450,1385,1435,105068500
8/14/2025,KLBFBQCV5A,0,0,0,0,0
8/14/2025,KLBFDRCG6A,45,45,44,44,2300
8/14/2025,KLBFDRCQ5A,0,0,0,0,0
8/14/2025,KLBFHDCQ5A,0,0,0,0,0
8/14/2025,KLBFZPCF6A,0,0,0,0,0
8/14/2025,KLBFZPCJ6A,0,0,0,0,0
8/14/2025,KLIN,199,199,190,194,297000
8/14/2025,KMDS,685,685,640,655,308800
8/14/2025,KMTR,272,280,270,278,891200
8/14/2025,KOBX,140,142,139,139,1105600
8/14/2025,KOCI,60,68,58,60,93688500
8/14/2025,KOCI-W,9,10,8,9,9777000
8/14/2025,KOIN,65,65,65,65,6400
8/14/2025,KOKA,101,101,99,101,7291600
8/14/2025,KONI,1275,1275,1230,1275,11100
8/14/2025,KOPI,348,350,344,348,277000
8/14/2025,KOTA,20,20,20,20,16304200
8/14/2025,KPIG,210,214,208,208,65253300
8/14/2025,KRAS,264,268,260,264,15268000
8/14/2025,KREN,12,12,12,12,23678000
8/14/2025,KRYA,246,254,246,248,25134700
8/14/2025,KSIX,210,218,210,214,973100
8/14/2025,KUAS,72,72,68,70,14490800
8/14/2025,LABA,0,0,0,0,0
8/14/2025,LABS,135,140,135,138,1164900
8/14/2025,LAJU,60,62,53,54,93030200
8/14/2025,LAND,24,24,24,24,1909600
8/14/2025,LAPD,99,99,90,90,15887400
8/14/2025,LCGP,0,0,0,0,0
8/14/2025,LCKM,206,214,206,214,23500
8/14/2025,LEAD,71,73,71,72,6522600
8/14/2025,LFLO,256,268,236,264,22900
8/14/2025,LIFE,8250,9900,8250,9900,123700
8/14/2025,LINK,2120,2120,2120,2120,82200
8/14/2025,LION,374,374,362,372,25300
8/14/2025,LIVE,187,187,185,185,5204500
8/14/2025,LMAS,0,0,0,0,0
8/14/2025,LMAX,74,75,70,74,2171300
8/14/2025,LMPI,140,140,138,140,44000
8/14/2025,LMSH,0,0,0,0,0
8/14/2025,LOPI,58,59,56,57,6458600
8/14/2025,LPCK,505,525,505,510,1304200
8/14/2025,LPGI,438,438,422,430,13500
8/14/2025,LPIN,396,400,396,396,678800
8/14/2025,LPKR,91,96,90,92,159615800
8/14/2025,LPLI,286,302,286,296,428500
8/14/2025,LPPF,1570,1590,1570,1590,2323800
8/14/2025,LPPS,58,78,58,63,215637000
8/14/2025,LRNA,175,175,169,172,32000
8/14/2025,LSIP,1390,1395,1350,1370,14319400
8/14/2025,LSIPYUCZ5A,0,0,0,0,0
8/14/2025,LSIPZPCG6A,76,81,76,81,186700
8/14/2025,LTLS,865,865,850,855,215200
8/14/2025,LUCK,84,87,82,83,5209400
8/14/2025,LUCY,73,77,72,74,209500
8/14/2025,MABA,0,0,0,0,0
8/14/2025,MAGP,0,0,0,0,0
8/14/2025,MAHA,137,139,136,139,1863300
8/14/2025,MAIN,655,660,635,655,4484900
8/14/2025,MANG,39,39,37,39,4245000
8/14/2025,MANG-W,28,29,26,28,842800
8/14/2025,MAPA,690,710,670,685,74033900
8/14/2025,MAPADRCJ6A,24,26,23,23,2915400
8/14/2025,MAPAHDCZ5A,57,57,53,53,101800
8/14/2025,MAPAZPCH6A,0,0,0,0,0
8/14/2025,MAPB,1775,1805,1725,1805,2300
8/14/2025,MAPI,1280,1340,1255,1320,62217900
8/14/2025,MAPIBQCV5A,17,19,17,18,7875100
8/14/2025,MAPIDRCQ5A,5,10,5,9,5965700
8/14/2025,MAPIDRCX5A,34,35,33,35,37100
8/14/2025,MAPIHDCQ5A,0,0,0,0,0
8/14/2025,MAPIZPCJ6A,63,70,63,70,327400
8/14/2025,MARI,21,22,21,22,1176000
8/14/2025,MARK,660,675,660,670,12683100
8/14/2025,MASA,0,0,0,0,0
8/14/2025,MASB,3220,3300,3220,3300,200
8/14/2025,MAXI,56,61,53,54,50502600
8/14/2025,MAYA,191,196,190,192,6364100
8/14/2025,MBAP,1655,1660,1650,1655,43100
8/14/2025,MBMA,418,424,416,416,126019800
8/14/2025,MBMABQCX5A,20,21,19,20,363900
8/14/2025,MBMADRCQ5A,2,4,2,2,3044100
8/14/2025,MBMADRCX5A,28,29,27,27,299500
8/14/2025,MBMADRPX5A,27,27,27,27,139500
8/14/2025,MBMAHDCH6A,0,0,0,0,0
8/14/2025,MBMAHDCQ5A,1,2,1,2,8389900
8/14/2025,MBMAZPCX5A,55,55,53,54,11000
8/14/2025,MBSS,1355,1375,1335,1340,531400
8/14/2025,MBTO,114,115,111,111,2999200
8/14/2025,MCAS,980,1000,965,995,54400
8/14/2025,MCOL,4000,4010,3980,3980,48200
8/14/2025,MCOR,67,71,66,69,28572000
8/14/2025,MDIA,28,29,27,29,413600
8/14/2025,MDIY,1265,1265,1235,1240,233400
8/14/2025,MDKA,2250,2300,2230,2270,44524900
8/14/2025,MDKABQCV5A,96,97,96,97,101000
8/14/2025,MDKABQCX5B,0,0,0,0,0
8/14/2025,MDKADRCQ5A,0,0,0,0,0
8/14/2025,MDKADRCV5A,75,78,75,78,516100
8/14/2025,MDKADRPX5A,40,40,38,38,90800
8/14/2025,MDKAHDCU5A,0,0,0,0,0
8/14/2025,MDKAHDCZ5A,0,0,0,0,0
8/14/2025,MDKAYUCQ5A,111,111,111,111,5100
8/14/2025,MDKAZPCF6A,68,70,68,70,11000
8/14/2025,MDKI,162,163,159,162,711700
8/14/2025,MDLA,208,212,198,208,35859200
8/14/2025,MDLN,57,58,55,55,67146700
8/14/2025,MDRN,12,12,12,12,13567100
8/14/2025,MEDC,1270,1275,1225,1225,18318000
8/14/2025,MEDCBQCV5A,0,0,0,0,0
8/14/2025,MEDCBQCX5B,0,0,0,0,0
8/14/2025,MEDCBQCZ5A,39,39,39,39,23000
8/14/2025,MEDCDRCG6A,39,39,37,37,104700
8/14/2025,MEDCDRCQ5A,0,0,0,0,0
8/14/2025,MEDCDRPV5A,33,33,33,33,100
8/14/2025,MEDCHDCH6A,0,0,0,0,0
8/14/2025,MEDCHDCQ5A,0,0,0,0,0
8/14/2025,MEDCZPCF6A,36,36,36,36,653200
8/14/2025,MEDS,51,62,50,54,299556600
8/14/2025,MEGA,3290,3340,3260,3300,5200
8/14/2025,MEJA,47,47,47,47,22604400
8/14/2025,MEJA-W,8,8,7,7,33569400
8/14/2025,MENN,45,49,44,46,31118900
8/14/2025,MERI,290,292,284,286,7134700
8/14/2025,MERK,2800,2820,2790,2810,22500
8/14/2025,META,0,0,0,0,0
8/14/2025,MFIN,770,770,770,770,548000
8/14/2025,MFMI,0,0,0,0,0
8/14/2025,MGLV,745,815,700,815,473500
8/14/2025,MGNA,34,37,34,37,248200
8/14/2025,MGNA-W,18,18,18,18,2400
8/14/2025,MGRO,720,720,705,705,5238200
8/14/2025,MHKI,127,129,124,128,1313900
8/14/2025,MICE,525,565,488,490,94700
8/14/2025,MIDI,456,464,452,460,13345100
8/14/2025,MIKA,2440,2470,2410,2410,5266400
8/14/2025,MIKAZPCG6A,0,0,0,0,0
8/14/2025,MINA,0,0,0,0,0
8/14/2025,MINE,478,525,478,505,15133000
8/14/2025,MIRA,34,34,34,34,6096800
8/14/2025,MITI,184,186,180,181,305700
8/14/2025,MKAP,366,366,358,360,1064600
8/14/2025,MKNT,0,0,0,0,0
8/14/2025,MKPI,25500,25975,25400,25400,11300
8/14/2025,MKTR,108,108,105,108,1786100
8/14/2025,MKTR-W,8,8,8,8,700
8/14/2025,MLBI,6100,6125,6050,6125,35300
8/14/2025,MLIA,328,338,326,338,4860000
8/14/2025,MLPL,125,137,124,126,579490600
8/14/2025,MLPT,0,0,0,0,0
8/14/2025,MMIX,264,266,252,264,6401500
8/14/2025,MMLP,540,550,535,535,4680500
8/14/2025,MNCN,262,264,260,260,26311500
8/14/2025,MOLI,212,212,206,212,1810100
8/14/2025,MORA,390,396,386,390,31400
8/14/2025,MPIX,63,63,61,62,3913200
8/14/2025,MPIX-W,8,8,7,8,245300
8/14/2025,MPMX,965,970,960,970,2175400
8/14/2025,MPOW,121,123,121,121,1434700
8/14/2025,MPPA,72,77,71,72,231115200
8/14/2025,MPRO,3200,3230,3150,3220,398200
8/14/2025,MPXL,105,107,105,106,1018200
8/14/2025,MRAT,252,252,246,250,140700
8/14/2025,MREI,970,990,940,985,282500
8/14/2025,MSIE,32,33,29,30,4351000
8/14/2025,MSIN,490,496,482,492,28657800
8/14/2025,MSJA,306,308,304,308,872900
8/14/2025,MSKY,78,80,76,77,27257600
8/14/2025,MSTI,1655,1680,1640,1655,4949600
8/14/2025,MTDL,595,600,580,585,9915300
8/14/2025,MTEL,655,660,645,645,15909800
8/14/2025,MTFN,8,8,8,8,110546100
8/14/2025,MTLA,446,446,440,440,6700
8/14/2025,MTMH,910,910,900,905,61500
8/14/2025,MTPS,46,46,44,44,337300
8/14/2025,MTRA,0,0,0,0,0
8/14/2025,MTSM,0,0,0,0,0
8/14/2025,MTWI,386,400,374,400,1183800
8/14/2025,MUTU,92,93,90,92,593300
8/14/2025,MYOH,1690,1730,1690,1705,1800
8/14/2025,MYOR,2210,2250,2200,2230,21874000
8/14/2025,MYORZPCH6A,0,0,0,0,0
8/14/2025,MYTX,0,0,0,0,0
8/14/2025,NAIK,160,191,159,161,288878100
8/14/2025,NAIK-W,27,34,26,29,68609400
8/14/2025,NANO,24,24,23,24,33646000
8/14/2025,NASA,17,18,17,18,1574400
8/14/2025,NASI,86,94,85,87,36472700
8/14/2025,NATO,143,144,140,140,74700
8/14/2025,NAYZ,48,48,44,46,5587000
8/14/2025,NCKL,1005,1035,995,1010,67419000
8/14/2025,NCKLYUCZ5A,87,90,87,87,2017900
8/14/2025,NCKLZPCJ6A,58,62,57,59,436300
8/14/2025,NELY,346,346,334,344,1507700
8/14/2025,NEST,298,300,288,292,4919000
8/14/2025,NETV,144,145,141,142,3084800
8/14/2025,NFCX,1860,1870,1810,1870,63300
8/14/2025,NICE,430,434,426,430,3470700
8/14/2025,NICK,1325,1325,1270,1300,31600
8/14/2025,NICL,1015,1100,1005,1090,83354000
8/14/2025,NIKL,234,240,234,236,1225100
8/14/2025,NINE,178,181,167,170,46093300
8/14/2025,NIRO,129,130,123,128,12800
8/14/2025,NISP,1385,1400,1375,1380,2343600
8/14/2025,NOBU,550,565,540,560,6751400
8/14/2025,NPGF,57,60,54,54,28695200
8/14/2025,NRCA,790,805,740,740,18555200
8/14/2025,NSSS,424,426,402,412,6258900
8/14/2025,NTBK,67,72,57,57,191169600
8/14/2025,NUSA,0,0,0,0,0
8/14/2025,NZIA,105,107,102,104,2561600
8/14/2025,OASA,192,198,190,193,196363600
8/14/2025,OBAT,396,422,394,410,8399000
8/14/2025,OBAT-W,59,68,59,64,8240100
8/14/2025,OBMD,191,200,191,193,560400
8/14/2025,OCAP,0,0,0,0,0
8/14/2025,OILS,140,143,135,137,5238600
8/14/2025,OKAS,212,244,212,240,35383600
8/14/2025,OLIV,25,27,24,26,6251800
8/14/2025,OMED,186,190,185,186,1090100
8/14/2025,OMRE,0,0,0,0,0
8/14/2025,OPMS,74,80,74,80,15224400
8/14/2025,PACK,3940,4020,3870,3940,2593300
8/14/2025,PADA,28,28,28,28,4051900
8/14/2025,PADI,89,89,89,89,221663300
8/14/2025,PALM,378,378,366,368,536000
8/14/2025,PAMG,78,82,77,80,49745500
8/14/2025,PANI,16050,16075,15800,16000,7163100
8/14/2025,PANIHDCZ5A,238,238,236,236,35100
8/14/2025,PANIZPCJ6A,100,100,99,100,1062800
8/14/2025,PANR,800,810,785,810,9348900
8/14/2025,PANS,1410,1415,1400,1410,174600
8/14/2025,PART,135,136,130,136,28684500
8/14/2025,PART-W,29,30,28,29,3910800
8/14/2025,PBID,486,486,482,486,599200
8/14/2025,PBRX,27,27,27,27,17376000
8/14/2025,PBSA,410,440,410,440,6204400
8/14/2025,PCAR,33,33,31,31,3099200
8/14/2025,PDES,498,498,496,496,24100
8/14/2025,PDPP,505,520,492,510,225900
8/14/2025,PEGE,116,116,113,115,1529300
8/14/2025,PEHA,342,360,332,340,174100
8/14/2025,PEVE,438,450,426,446,1545800
8/14/2025,PGAS,1700,1700,1655,1660,38506800
8/14/2025,PGASBQCU5A,0,0,0,0,0
8/14/2025,PGASBQCZ5A,0,0,0,0,0
8/14/2025,PGASDRCG6A,71,71,68,68,206500
8/14/2025,PGASDRCQ5A,0,0,0,0,0
8/14/2025,PGASHDCQ5A,0,0,0,0,0
8/14/2025,PGASYUCQ5A,79,79,79,79,100
8/14/2025,PGASZPCJ6A,0,0,0,0,0
8/14/2025,PGEO,1530,1560,1505,1540,75123400
8/14/2025,PGEOBQCX5B,54,54,53,53,22000
8/14/2025,PGEODRCJ6A,53,56,53,55,610300
8/14/2025,PGEODRCQ5A,0,0,0,0,0
8/14/2025,PGEODRPV5A,28,28,27,27,9800
8/14/2025,PGEOHDCH6A,72,72,72,72,600
8/14/2025,PGEOHDCH6B,86,86,86,86,100000
8/14/2025,PGEOHDCQ5A,0,0,0,0,0
8/14/2025,PGEOZPCJ6A,69,69,69,69,100
8/14/2025,PGJO,0,0,0,0,0
8/14/2025,PGLI,163,177,162,165,169000
8/14/2025,PGUN,0,0,0,0,0
8/14/2025,PICO,133,136,131,134,592500
8/14/2025,PIPA,95,95,95,95,63393100
8/14/2025,PJAA,474,478,474,474,107800
8/14/2025,PKPK,605,610,560,585,459600
8/14/2025,PLAN,43,44,40,42,2700800
8/14/2025,PLAS,0,0,0,0,0
8/14/2025,PLIN,0,0,0,0,0
8/14/2025,PMJS,118,118,115,118,180100
8/14/2025,PMMP,0,0,0,0,0
8/14/2025,PMUI,125,126,121,122,7754800
8/14/2025,PNBN,1165,1175,1150,1150,4922300
8/14/2025,PNBS,50,56,50,52,218325000
8/14/2025,PNGO,2450,2460,2400,2430,19100
8/14/2025,PNIN,920,920,905,910,202800
8/14/2025,PNLF,262,264,256,258,95262300
8/14/2025,PNLFDRCJ6A,16,17,15,15,129800
8/14/2025,PNLFHDCZ5A,0,0,0,0,0
8/14/2025,PNLFYUCV5A,13,13,13,13,100
8/14/2025,PNLFZPCH6A,43,43,43,43,1000000
8/14/2025,PNSE,1010,1080,800,805,1118700
8/14/2025,POLA,22,22,21,21,1673200
8/14/2025,POLI,0,0,0,0,0
8/14/2025,POLL,0,0,0,0,0
8/14/2025,POLU,6475,6475,6475,6475,2200
8/14/2025,POLY,17,17,17,17,130800
8/14/2025,POOL,0,0,0,0,0
8/14/2025,PORT,925,965,920,965,24300
8/14/2025,POSA,0,0,0,0,0
8/14/2025,POWR,705,705,685,685,9182600
8/14/2025,PPGL,110,110,101,104,1123700
8/14/2025,PPRE,121,122,105,110,88341900
8/14/2025,PPRI,230,236,218,232,29687600
8/14/2025,PPRO,0,0,0,0,0
8/14/2025,PRAY,605,625,605,620,43500
8/14/2025,PRDA,2790,2800,2770,2780,300000
8/14/2025,PRIM,67,67,64,64,6234500
8/14/2025,PSAB,420,422,408,410,106983200
8/14/2025,PSAT,1620,1620,1575,1580,1738300
8/14/2025,PSDN,87,88,83,85,1147000
8/14/2025,PSGO,199,206,196,200,1535700
8/14/2025,PSKT,68,70,68,70,28838500
8/14/2025,PSSI,346,346,340,344,481300
8/14/2025,PTBA,2450,2460,2420,2420,8775800
8/14/2025,PTBABQCV5A,0,0,0,0,0
8/14/2025,PTBADRCG6A,31,31,30,30,307700
8/14/2025,PTBADRCQ5A,0,0,0,0,0
8/14/2025,PTBAHDCQ5A,0,0,0,0,0
8/14/2025,PTBAYUCZ5A,104,104,103,103,300
8/14/2025,PTBAZPCH6A,0,0,0,0,0
8/14/2025,PTDU,0,0,0,0,0
8/14/2025,PTIS,402,414,390,390,53100
8/14/2025,PTMP,98,112,96,112,227151300
8/14/2025,PTMR,0,0,0,0,0
8/14/2025,PTPP,414,422,406,408,33225000
8/14/2025,PTPS,158,171,158,160,63822800
8/14/2025,PTPW,990,995,985,985,25000
8/14/2025,PTRO,3940,4020,3920,4010,74632600
8/14/2025,PTSN,264,268,262,264,623600
8/14/2025,PTSP,970,990,970,990,29900
8/14/2025,PUDP,214,214,210,214,81200
8/14/2025,PURA,16,16,16,16,7370500
8/14/2025,PURE,0,0,0,0,0
8/14/2025,PURI,182,185,179,182,28600
8/14/2025,PWON,390,394,382,384,75148700
8/14/2025,PWONHDCZ5A,0,0,0,0,0
8/14/2025,PWONZPCH6A,44,44,44,44,23700
8/14/2025,PYFA,0,0,0,0,0
8/14/2025,PYFA-W,0,0,0,0,0
8/14/2025,PZZA,192,197,184,186,4892500
8/14/2025,R-ABFII,0,0,0,0,0
8/14/2025,R-LQ45X,1015,1015,1010,1011,5000
8/14/2025,RAAM,292,300,286,290,14513500
8/14/2025,RAFI,0,0,0,0,0
8/14/2025,RAJA,2970,3130,2910,3130,68291900
8/14/2025,RALS,392,394,390,392,4071000
8/14/2025,RANC,404,418,404,414,22100
8/14/2025,RATU,7350,7425,7175,7350,10574600
8/14/2025,RBMS,25,26,25,26,1460100
8/14/2025,RCCC,132,141,132,141,606700
8/14/2025,RDTX,11975,12175,11950,12025,700
8/14/2025,REAL,42,42,42,42,1756400
8/14/2025,RELF,29,30,28,30,30938500
8/14/2025,RELI,580,590,565,570,39800
8/14/2025,RGAS,113,114,111,111,13143100
8/14/2025,RICY,36,37,36,37,32000
8/14/2025,RIGS,750,790,740,780,124700
8/14/2025,RIMO,0,0,0,0,0
8/14/2025,RISE,1055,1055,1050,1055,637300
8/14/2025,RMKE,660,680,660,675,1640000
8/14/2025,RMKO,112,113,110,112,202300
8/14/2025,ROCK,0,0,0,0,0
8/14/2025,RODA,39,39,39,39,97000
8/14/2025,RONY,0,0,0,0,0
8/14/2025,ROTI,810,820,805,810,505300
8/14/2025,RSCH,390,390,382,386,4504400
8/14/2025,RSGK,0,0,0,0,0
8/14/2025,RUIS,216,222,216,220,618000
8/14/2025,RUNS,70,70,67,70,5511400
8/14/2025,SAFE,208,208,199,202,1358100
8/14/2025,SAGE,19,19,19,19,6270700
8/14/2025,SAME,322,332,322,322,1234500
8/14/2025,SAMF,342,344,322,340,475800
8/14/2025,SAPX,290,290,282,288,339300
8/14/2025,SATU,234,234,232,232,3469800
8/14/2025,SBAT,0,0,0,0,0
8/14/2025,SBMA,122,124,119,123,4547000
8/14/2025,SCCO,2280,2340,2250,2290,58100
8/14/2025,SCMA,240,252,240,242,199869200
8/14/2025,SCMABQCZ5A,80,80,80,80,1000000
8/14/2025,SCMAHDCZ5A,0,0,0,0,0
8/14/2025,SCMAZPCG6A,111,111,109,109,1000
8/14/2025,SCNP,184,184,171,177,50500
8/14/2025,SCPI,0,0,0,0,0
8/14/2025,SDMU,46,46,44,44,110000
8/14/2025,SDPC,130,132,128,130,861400
8/14/2025,SDRA,292,292,288,288,421500
8/14/2025,SEMA,90,91,88,89,482700
8/14/2025,SFAN,1910,1910,1905,1910,94500
8/14/2025,SGER,332,334,326,330,65237100
8/14/2025,SGRO,3100,3700,3090,3440,22449700
8/14/2025,SHID,900,995,890,950,253100
8/14/2025,SHIP,4080,4350,4080,4140,127300
8/14/2025,SICO,112,114,111,113,4225200
8/14/2025,SIDO,525,530,520,530,40929100
8/14/2025,SILO,2190,2190,2150,2180,1310700
8/14/2025,SIMA,0,0,0,0,0
8/14/2025,SIMP,630,665,620,650,47873500
8/14/2025,SINI,3800,3800,3730,3730,22600
8/14/2025,SIPD,745,745,740,740,1200
8/14/2025,SKBM,370,374,358,370,124400
8/14/2025,SKLT,191,191,189,191,53700
8/14/2025,SKRN,402,408,398,402,678400
8/14/2025,SKYB,0,0,0,0,0
8/14/2025,SLIS,80,86,67,72,518718800
8/14/2025,SLIS-W,11,11,8,9,28355400
8/14/2025,SMAR,4130,4480,4120,4250,514600
8/14/2025,SMBR,304,308,298,302,28672700
8/14/2025,SMCB,0,0,0,0,0
8/14/2025,SMDM,915,950,880,895,258900
8/14/2025,SMDR,354,356,344,348,22444400
8/14/2025,SMGA,107,110,104,109,64611000
8/14/2025,SMGR,2630,2750,2630,2650,11278200
8/14/2025,SMGRBQCU5A,7,9,6,8,866900
8/14/2025,SMGRBQCX5B,78,78,77,77,350000
8/14/2025,SMGRBQCZ5A,0,0,0,0,0
8/14/2025,SMGRDRCQ5A,0,0,0,0,0
8/14/2025,SMGRDRCV5A,51,51,51,51,100
8/14/2025,SMGRHDCZ5A,0,0,0,0,0
8/14/2025,SMGRZPCJ6A,56,58,56,57,4741400
8/14/2025,SMIL,390,400,388,392,167484900
8/14/2025,SMKL,162,164,158,159,77500
8/14/2025,SMKM,82,87,80,84,36341500
8/14/2025,SMLE,147,148,140,144,6922400
8/14/2025,SMMA,16950,17000,15900,16025,123200
8/14/2025,SMMT,995,1000,990,995,70100
8/14/2025,SMRA,458,462,450,450,68803100
8/14/2025,SMRADRCJ6A,37,37,35,36,1635400
8/14/2025,SMRAHDCZ5A,0,0,0,0,0
8/14/2025,SMRAZPCH6A,67,67,66,66,3700
8/14/2025,SMRU,0,0,0,0,0
8/14/2025,SMSM,1910,1925,1900,1900,746500
8/14/2025,SNLK,505,505,494,505,8518500
8/14/2025,SOCI,179,180,178,178,2764600
8/14/2025,SOFA,48,51,48,51,16912200
8/14/2025,SOHO,755,755,725,730,19700
8/14/2025,SOLA,172,182,168,180,271037400
8/14/2025,SONA,3800,3800,3650,3730,44300
8/14/2025,SOSS,545,610,545,570,78500
8/14/2025,SOTS,260,270,252,264,37000
8/14/2025,SOUL,68,74,68,71,6617800
8/14/2025,SPMA,278,284,276,278,549500
8/14/2025,SPRE,95,95,88,90,1680400
8/14/2025,SPTO,660,660,655,655,773800
8/14/2025,SQMI,0,0,0,0,0
8/14/2025,SRAJ,5550,5850,5500,5750,2257900
8/14/2025,SRIL,0,0,0,0,0
8/14/2025,SRSN,58,60,53,54,35961400
8/14/2025,SRTG,1805,1865,1800,1865,9660700
8/14/2025,SRTGZPCG6A,0,0,0,0,0
8/14/2025,SSIA,2410,2470,2390,2390,18439800
8/14/2025,SSMS,1375,1445,1370,1425,17246200
8/14/2025,SSTM,187,198,187,196,79900
8/14/2025,STAA,1010,1020,985,990,14855600
8/14/2025,STAR,36,36,35,35,404300
8/14/2025,STRK,133,135,129,130,36053200
8/14/2025,STTP,10450,10475,10050,10200,5600
8/14/2025,SUGI,0,0,0,0,0
8/14/2025,SULI,105,106,104,106,219700
8/14/2025,SUNI,775,780,765,775,474900
8/14/2025,SUPR,0,0,0,0,0
8/14/2025,SURE,3400,3400,3310,3350,34000
8/14/2025,SURI,113,116,108,110,449205000
8/14/2025,SWAT,0,0,0,0,0
8/14/2025,SWID,98,99,95,98,6114500
8/14/2025,TALF,296,302,284,298,4300
8/14/2025,TAMA,27,27,27,27,497500
8/14/2025,TAMU,19,19,19,19,4516000
8/14/2025,TAPG,1495,1505,1460,1470,11533100
8/14/2025,TAPGDRCJ6A,79,79,77,77,513300
8/14/2025,TAPGHDCH6A,0,0,0,0,0
8/14/2025,TAPGZPCH6A,0,0,0,0,0
8/14/2025,TARA,11,12,11,12,19073700
8/14/2025,TAXI,8,9,8,9,86637800
8/14/2025,TAYS,59,63,54,56,33485400
8/14/2025,TBIG,1915,1945,1915,1920,89500
8/14/2025,TBLA,745,775,740,775,8345000
8/14/2025,TBMS,1095,1100,1080,1090,60800
8/14/2025,TCID,2450,2490,2380,2430,9600
8/14/2025,TCPI,5950,5975,5850,5950,7995400
8/14/2025,TDPM,0,0,0,0,0
8/14/2025,TEBE,1135,1155,1095,1120,2650200
8/14/2025,TECH,0,0,0,0,0
8/14/2025,TELE,0,0,0,0,0
8/14/2025,TFAS,129,129,120,128,180600
8/14/2025,TFCO,0,0,0,0,0
8/14/2025,TGKA,5950,5950,5925,5925,500
8/14/2025,TGRA,0,0,0,0,0
8/14/2025,TGUK,0,0,0,0,0
8/14/2025,TIFA,412,412,404,408,69600
8/14/2025,TINS,1045,1050,1020,1025,17226200
8/14/2025,TIRA,2070,2080,1965,2000,101800
8/14/2025,TIRT,0,0,0,0,0
8/14/2025,TKIM,7250,7325,7100,7100,2423900
8/14/2025,TKIMZPCG6A,111,114,106,107,252200
8/14/2025,TLDN,625,630,615,630,1364600
8/14/2025,TLKM,3370,3490,3370,3420,232557200
8/14/2025,TLKMBQCQ5A,108,118,108,108,84400
8/14/2025,TLKMBQCV5A,165,178,165,178,908700
8/14/2025,TLKMDRCJ6A,104,107,104,105,150800
8/14/2025,TLKMDRCQ5A,0,0,0,0,0
8/14/2025,TLKMDRCQ5B,166,166,166,166,100
8/14/2025,TLKMDRCX6A,0,0,0,0,0
8/14/2025,TLKMHDCJ6A,94,94,91,91,106100
8/14/2025,TLKMHDCQ5A,110,110,110,110,304800
8/14/2025,TLKMHDCV5A,0,0,0,0,0
8/14/2025,TLKMYUCQ5A,0,0,0,0,0
8/14/2025,TLKMZPCF6A,0,0,0,0,0
8/14/2025,TMAS,128,133,128,130,11977800
8/14/2025,TMPO,148,150,145,147,1732500
8/14/2025,TNCA,185,216,174,198,35822900
8/14/2025,TOBA,1070,1070,1045,1060,68830300
8/14/2025,TOOL,55,55,53,54,17376400
8/14/2025,TOPS,0,0,0,0,0
8/14/2025,TOSK,50,66,50,64,1101313100
8/14/2025,TOTL,745,750,730,730,1906300
8/14/2025,TOTO,248,250,238,246,4269700
8/14/2025,TOWR,645,650,635,635,19832700
8/14/2025,TOYS,0,0,0,0,0
8/14/2025,TPIA,9125,9200,9075,9200,6203400
8/14/2025,TPMA,600,600,585,585,7919600
8/14/2025,TRAM,0,0,0,0,0
8/14/2025,TRGU,190,192,188,192,136400
8/14/2025,TRIL,0,0,0,0,0
8/14/2025,TRIM,352,356,352,356,42000
8/14/2025,TRIN,99,100,99,99,375700
8/14/2025,TRIN-W2,0,0,0,0,0
8/14/2025,TRIO,0,0,0,0,0
8/14/2025,TRIS,188,190,177,189,254600
8/14/2025,TRJA,141,142,138,140,264700
8/14/2025,TRON,99,112,98,105,12466300
8/14/2025,TRST,486,486,486,486,100
8/14/2025,TRUE,21,21,20,20,1300500
8/14/2025,TRUK,158,175,153,168,3440500
8/14/2025,TRUS,478,484,472,480,29300
8/14/2025,TSPC,2170,2170,2130,2170,2605400
8/14/2025,TUGU,960,985,955,980,4613700
8/14/2025,TYRE,126,128,126,128,176600
8/14/2025,UANG,400,424,360,424,12558600
8/14/2025,UCID,500,505,498,500,1999700
8/14/2025,UDNG,1720,1760,1605,1760,962300
8/14/2025,UFOE,172,183,172,183,2313400
8/14/2025,ULTJ,1280,1285,1270,1280,3570300
8/14/2025,UNIC,7900,8050,7900,8050,2500
8/14/2025,UNIQ,398,422,398,414,63261700
8/14/2025,UNIT,0,0,0,0,0
8/14/2025,UNSP,135,135,135,135,244300
8/14/2025,UNTD,79,80,77,78,7950400
8/14/2025,UNTR,24175,24275,24100,24175,2142100
8/14/2025,UNTRBQCV5A,0,0,0,0,0
8/14/2025,UNTRDRCG6A,128,128,128,128,64700
8/14/2025,UNTRDRCQ5A,0,0,0,0,0
8/14/2025,UNTRHDCQ5A,0,0,0,0,0
8/14/2025,UNTRZPCJ6A,0,0,0,0,0
8/14/2025,UNVR,1795,1915,1790,1830,85270700
8/14/2025,UNVRBQCQ5A,8,21,8,11,26275900
8/14/2025,UNVRBQCU5A,50,54,45,45,127400
8/14/2025,UNVRBQCZ5A,0,0,0,0,0
8/14/2025,UNVRDRCG6A,59,64,56,56,8803200
8/14/2025,UNVRDRCQ5A,0,0,0,0,0
8/14/2025,UNVRHDCQ5A,284,288,268,268,661400
8/14/2025,UNVRHDPG6A,0,0,0,0,0
8/14/2025,UNVRZPCH6A,62,62,57,57,340800
8/14/2025,URBN,129,138,129,131,551400
8/14/2025,UVCR,74,76,73,73,8464400
8/14/2025,VAST,167,175,166,170,8973000
8/14/2025,VAST-W,14,15,13,14,2812500
8/14/2025,VERN,155,159,152,156,516200
8/14/2025,VERN-W,6,7,5,6,31294300
8/14/2025,VICI,625,630,615,625,827400
8/14/2025,VICO,173,176,170,175,986200
8/14/2025,VINS,121,125,118,120,231000
8/14/2025,VISI,138,139,135,136,6320900
8/14/2025,VIVA,16,16,16,16,7725000
8/14/2025,VKTR,86,86,83,85,14891900
8/14/2025,VOKS,198,198,195,197,104000
8/14/2025,VRNA,76,83,74,82,3615800
8/14/2025,VTNY,92,93,90,92,15952900
8/14/2025,WAPO,141,145,140,142,905400
8/14/2025,WEGE,68,68,61,62,65780800
8/14/2025,WEHA,118,118,117,117,311400
8/14/2025,WGSH,174,177,166,172,957100
8/14/2025,WICO,0,0,0,0,0
8/14/2025,WIDI,21,22,20,22,19183400
8/14/2025,WIFI,2740,2910,2720,2900,169734100
8/14/2025,WIIM,810,815,800,805,1313500
8/14/2025,WIKA,0,0,0,0,0
8/14/2025,WINE,216,218,210,214,1413500
8/14/2025,WINR,27,27,27,27,5336700
8/14/2025,WINS,394,406,394,402,2948700
8/14/2025,WIRG,126,164,126,160,3616442500
8/14/2025,WMPP,0,0,0,0,0
8/14/2025,WMUU,13,13,13,13,25229900
8/14/2025,WOMF,340,342,338,340,25600
8/14/2025,WOOD,388,392,378,384,5187600
8/14/2025,WOWS,59,62,59,62,9933500
8/14/2025,WSBP,14,14,14,14,38346600
8/14/2025,WSKT,0,0,0,0,0
8/14/2025,WTON,102,103,94,96,37393700
8/14/2025,XAQA,0,0,0,0,0
8/14/2025,XBES,1131,1131,1131,1131,10200
8/14/2025,XBID,528,528,528,528,41000
8/14/2025,XBIG,0,0,0,0,0
8/14/2025,XBIN,599,599,599,599,40000
8/14/2025,XBLQ,496,496,496,496,4900
8/14/2025,XBNI,0,0,0,0,0
8/14/2025,XBSK,455,455,455,455,40000
8/14/2025,XCEG,112,112,112,112,100
8/14/2025,XCID,74,80,73,76,71700
8/14/2025,XCIS,96,117,96,101,60600
8/14/2025,XCLQ,85,114,85,100,391500
8/14/2025,XDIF,471,471,471,471,400
8/14/2025,XIFE,125,126,110,113,72400
8/14/2025,XIHD,650,650,642,642,82400
8/14/2025,XIIC,897,897,897,897,1200
8/14/2025,XIID,504,504,504,504,100
8/14/2025,XIIF,477,477,477,477,1000
8/14/2025,XIIT,535,535,530,532,16500
8/14/2025,XIJI,631,635,631,634,7800
8/14/2025,XILV,138,142,123,132,3800
8/14/2025,XIML,238,274,238,268,124400
8/14/2025,XIPB,207,207,206,206,7400
8/14/2025,XIPI,228,230,228,229,114600
8/14/2025,XISB,536,536,536,536,100
8/14/2025,XISC,0,0,0,0,0
8/14/2025,XISI,0,0,0,0,0
8/14/2025,XISR,446,446,446,446,1200
8/14/2025,XKID,0,0,0,0,0
8/14/2025,XKIV,575,577,575,577,40500
8/14/2025,XKMS,1199,1201,1191,1199,200100
8/14/2025,XMGB,1110,1110,1110,1110,100
8/14/2025,XMIG,225,225,225,225,200000
8/14/2025,XMLF,914,914,914,914,40200
8/14/2025,XMSK,389,389,389,389,100
8/14/2025,XNVE,0,0,0,0,0
8/14/2025,XPDV,785,785,621,629,14400
8/14/2025,XPFT,0,0,0,0,0
8/14/2025,XPIN,664,665,664,665,200
8/14/2025,XPLQ,511,625,511,625,8200
8/14/2025,XPSG,0,0,0,0,0
8/14/2025,XPTD,485,486,416,484,27700
8/14/2025,XSBC,290,408,290,294,11100
8/14/2025,XSPI,0,0,0,0,0
8/14/2025,XSSI,128,160,109,156,602900
8/14/2025,XSSK,707,707,707,707,20000
8/14/2025,YELO,38,38,38,38,5029500
8/14/2025,YOII,97,107,94,97,9671500
8/14/2025,YPAS,354,354,354,354,1000
8/14/2025,YULE,0,0,0,0,0
8/14/2025,YUPI,1715,1715,1680,1700,139000
8/14/2025,ZATA,12,13,12,13,14125000
8/14/2025,ZBRA,0,0,0,0,0
8/14/2025,ZINC,12,13,12,13,3542900
8/14/2025,ZONE,745,750,740,745,279100
8/14/2025,ZYRX,162,168,157,162,12878800
