<date>,<ticker>,<open>,<high>,<low>,<close>,<volume>
10/14/2025,IHSG,8269.480,8284.910,7974.030,8066.522,46426149900
10/14/2025,AADI,7900,8050,7550,7800,23768900
10/14/2025,AADIDRCN6A,95,95,84,85,783900
10/14/2025,AADIHDCK6A,100,100,86,92,2068100
10/14/2025,AADIYUCK6A,0,0,0,0,0
10/14/2025,AALI,7800,7975,7700,7875,2318200
10/14/2025,ABBA,67,80,67,80,21568600
10/14/2025,ABDA,0,0,0,0,0
10/14/2025,ABMM,2760,2780,2740,2750,1162300
10/14/2025,ACES,422,424,416,418,42559300
10/14/2025,ACESBQCV5A,3,3,2,3,4962400
10/14/2025,ACESBQCX5B,5,5,4,5,4449200
10/14/2025,ACESBQCZ5A,13,13,13,13,2100
10/14/2025,ACESDRCJ6A,12,12,10,10,745300
10/14/2025,ACESHDCZ5A,0,0,0,0,0
10/14/2025,ACESZPCJ6A,17,17,16,16,38400
10/14/2025,ACRO,87,88,80,83,15456200
10/14/2025,ACRO-W,11,12,10,11,7821900
10/14/2025,ACST,140,141,130,135,6512400
10/14/2025,ADCP,59,60,57,58,52133100
10/14/2025,ADES,13525,13600,13475,13575,47100
10/14/2025,ADHI,268,268,256,262,17591800
10/14/2025,ADMF,8650,8800,8625,8650,109400
10/14/2025,ADMG,135,137,132,133,752000
10/14/2025,ADMR,1380,1480,1290,1350,197125300
10/14/2025,ADMRDRCJ6A,70,85,62,68,11868500
10/14/2025,ADMRHDCJ6A,0,0,0,0,0
10/14/2025,ADMRZPCH6A,97,103,84,95,105800
10/14/2025,ADRO,1730,1770,1685,1705,142592200
10/14/2025,ADROBQCG6A,65,66,65,65,4000000
10/14/2025,ADROBQCZ5A,14,14,12,12,3369100
10/14/2025,ADRODRCJ6A,51,51,48,48,13000
10/14/2025,ADRODRCX5A,32,32,27,28,1157600
10/14/2025,ADROHDCZ5A,44,44,39,39,112500
10/14/2025,ADROHDPH6A,0,0,0,0,0
10/14/2025,ADROYUCZ5A,51,51,51,51,1100
10/14/2025,ADROZPCF6A,23,23,22,22,220800
10/14/2025,ADROZPCK6A,50,50,45,46,39700
10/14/2025,AEGS,45,45,42,42,18502100
10/14/2025,AGAR,250,264,242,242,231500
10/14/2025,AGII,0,0,0,0,0
10/14/2025,AGRO,230,234,220,222,28434800
10/14/2025,AGRS,72,73,69,70,5686000
10/14/2025,AHAP,88,92,84,86,44714400
10/14/2025,AIMS,498,498,494,494,138700
10/14/2025,AISA,139,140,131,132,18331700
10/14/2025,AKKU,0,0,0,0,0
10/14/2025,AKPI,555,570,550,565,58600
10/14/2025,AKRA,1090,1105,1065,1075,31616400
10/14/2025,AKRABQCX5B,0,0,0,0,0
10/14/2025,AKRADRCX5A,14,16,14,16,3313000
10/14/2025,AKRAHDCH6A,0,0,0,0,0
10/14/2025,AKRAZPCJ6A,33,33,32,32,2400
10/14/2025,AKRAZPCM6A,29,29,27,27,17200
10/14/2025,AKRAZPCX5A,34,65,31,65,1300
10/14/2025,AKSI,338,388,302,330,5344900
10/14/2025,ALDO,488,496,484,488,50900
10/14/2025,ALII,570,570,545,545,1511800
10/14/2025,ALKA,340,340,324,328,21100
10/14/2025,ALMI,0,0,0,0,0
10/14/2025,ALTO,0,0,0,0,0
10/14/2025,AMAG,350,358,350,352,49900
10/14/2025,AMAN,144,144,133,138,3725800
10/14/2025,AMAR,262,266,220,240,7324000
10/14/2025,AMFG,3340,3460,3320,3420,31200
10/14/2025,AMIN,242,252,234,250,811200
10/14/2025,AMMN,7675,7750,7075,7350,36120700
10/14/2025,AMMNBQCZ5A,21,22,14,18,10040400
10/14/2025,AMMNDRCJ6A,55,56,45,50,1563300
10/14/2025,AMMNHDCH6A,79,82,78,78,11000
10/14/2025,AMMNZPCG6A,38,38,29,29,55600
10/14/2025,AMMS,320,320,264,320,16791300
10/14/2025,AMOR,436,440,428,430,443500
10/14/2025,AMRT,2200,2220,2120,2140,128174000
10/14/2025,AMRTBQCH6A,33,35,32,33,7510400
10/14/2025,AMRTDRCZ5A,25,31,25,29,3176900
10/14/2025,AMRTHDCJ6A,21,24,20,21,11852500
10/14/2025,AMRTZPCK6A,24,28,24,25,188800
10/14/2025,AMRTZPCX5A,35,40,35,36,35800
10/14/2025,ANDI,26,26,25,25,14285900
10/14/2025,ANJT,2280,2320,2100,2290,1717800
10/14/2025,ANTM,3440,3500,3230,3350,322584900
10/14/2025,ANTMBQCX5A,73,76,60,65,715300
10/14/2025,ANTMBQCZ5A,0,0,0,0,0
10/14/2025,ANTMDRCG6A,60,60,49,53,3581800
10/14/2025,ANTMDRCG6B,87,89,74,78,352300
10/14/2025,ANTMDRCX5A,366,366,366,366,300000
10/14/2025,ANTMDRPZ5A,27,27,26,26,2100
10/14/2025,ANTMHDCH6A,94,94,92,92,2200
10/14/2025,ANTMHDCH6B,154,155,135,142,5903100
10/14/2025,ANTMHDPH6A,52,61,51,57,230300
10/14/2025,ANTMZPCJ6A,95,98,79,85,8748400
10/14/2025,ANTMZPCK6A,37,40,32,36,3317700
10/14/2025,ANTMZPCX5A,0,0,0,0,0
10/14/2025,APEX,134,134,122,131,64417400
10/14/2025,APIC,1135,1135,1115,1125,4783500
10/14/2025,APII,184,190,176,184,302500
10/14/2025,APLI,488,494,464,484,84100
10/14/2025,APLN,98,100,96,96,8191800
10/14/2025,ARCI,1325,1480,1290,1380,566878800
10/14/2025,AREA,510,530,500,505,2449200
10/14/2025,ARGO,1070,1070,1055,1060,8900
10/14/2025,ARII,280,280,262,274,751100
10/14/2025,ARKA,32,32,30,30,6238300
10/14/2025,ARKO,1620,1690,1510,1575,1450900
10/14/2025,ARMY,0,0,0,0,0
10/14/2025,ARNA,525,530,520,525,658000
10/14/2025,ARTA,3780,3780,3250,3250,199400
10/14/2025,ARTI,0,0,0,0,0
10/14/2025,ARTO,2150,2150,2000,2010,7161900
10/14/2025,ARTOBQCX5B,0,0,0,0,0
10/14/2025,ARTOBQCZ5A,12,12,9,9,4668300
10/14/2025,ARTODRCK6A,0,0,0,0,0
10/14/2025,ARTODRCX5A,42,42,42,42,2200
10/14/2025,ARTOHDCZ5A,0,0,0,0,0
10/14/2025,ARTOZPCK6A,39,39,39,39,2801300
10/14/2025,ARTOZPCX5A,0,0,0,0,0
10/14/2025,ASBI,448,560,448,498,356300
10/14/2025,ASDM,535,565,525,535,97800
10/14/2025,ASGR,1110,1120,1085,1095,2114400
10/14/2025,ASHA,102,102,92,92,32880100
10/14/2025,ASII,5800,6025,5800,5825,53099200
10/14/2025,ASIIBQCZ5A,0,0,0,0,0
10/14/2025,ASIIDRCX5A,0,0,0,0,0
10/14/2025,ASIIDRCX6A,0,0,0,0,0
10/14/2025,ASIIHDCZ5A,0,0,0,0,0
10/14/2025,ASIIZPCJ6A,133,133,131,131,10400
10/14/2025,ASIIZPCM6A,33,36,33,33,507700
10/14/2025,ASJT,120,125,118,118,960400
10/14/2025,ASLC,84,84,77,78,88265200
10/14/2025,ASLI,0,0,0,0,0
10/14/2025,ASMI,27,27,27,27,3504300
10/14/2025,ASPI,910,1125,910,1070,8581800
10/14/2025,ASPR,98,99,95,95,4664100
10/14/2025,ASRI,170,172,156,164,43217500
10/14/2025,ASRM,402,496,396,468,4873900
10/14/2025,ASSA,910,910,850,870,12195800
10/14/2025,ATAP,79,79,74,76,2221500
10/14/2025,ATIC,440,440,426,430,347000
10/14/2025,ATLA,77,79,69,72,288465500
10/14/2025,AUTO,2500,2530,2390,2440,7730900
10/14/2025,AUTODRCV6A,0,0,0,0,0
10/14/2025,AUTOZPCJ6A,34,35,34,35,100100
10/14/2025,AVIA,430,436,418,430,32523400
10/14/2025,AVIADRCV6A,0,0,0,0,0
10/14/2025,AVIAZPCJ6A,18,18,18,18,20400
10/14/2025,AWAN,226,226,220,222,22620500
10/14/2025,AXIO,126,126,123,124,926100
10/14/2025,AYAM,178,179,175,178,82943700
10/14/2025,AYLS,0,0,0,0,0
10/14/2025,BABP,53,53,51,52,22150200
10/14/2025,BABY,316,346,310,342,15384600
10/14/2025,BACA,140,148,139,140,5923800
10/14/2025,BAIK,112,114,104,104,1799100
10/14/2025,BAIK-W,11,12,10,11,10951600
10/14/2025,BAJA,165,169,150,163,9644100
10/14/2025,BALI,1180,1190,1120,1120,40700
10/14/2025,BANK,810,820,800,800,6361900
10/14/2025,BANK-W,575,575,575,575,100
10/14/2025,BAPA,70,70,61,62,10122300
10/14/2025,BAPI,24,24,24,24,5959800
10/14/2025,BATA,55,57,55,57,56900
10/14/2025,BATR,105,112,103,103,3998200
10/14/2025,BAUT,45,45,38,41,11202700
10/14/2025,BAYU,1310,1315,1295,1300,127100
10/14/2025,BBCA,7275,7350,7250,7250,151867600
10/14/2025,BBCABQCG6A,0,0,0,0,0
10/14/2025,BBCABQCV5A,4,10,4,6,18018900
10/14/2025,BBCABQCX5A,9,11,9,10,4312100
10/14/2025,BBCADRCF6A,19,19,17,18,1162700
10/14/2025,BBCADRCX6A,3090,3090,3050,3050,200
10/14/2025,BBCAHDCQ7A,39,39,38,38,4479600
10/14/2025,BBCAHDCV5A,2,3,1,2,50418100
10/14/2025,BBCAYUCK6A,147,147,145,145,600
10/14/2025,BBCAZPCF6A,11,12,10,12,3855900
10/14/2025,BBCAZPCH6A,0,0,0,0,0
10/14/2025,BBHI,1520,1550,1295,1500,2711400
10/14/2025,BBKP,71,71,68,68,192104900
10/14/2025,BBLD,900,905,880,880,26100
10/14/2025,BBMD,2040,2110,2040,2050,600
10/14/2025,BBNI,3910,3940,3800,3800,69452400
10/14/2025,BBNIBQCG6A,0,0,0,0,0
10/14/2025,BBNIBQCV5A,6,7,4,5,5344800
10/14/2025,BBNIDRCX6A,1895,1895,1890,1890,300
10/14/2025,BBNIDRCZ5A,31,31,28,28,5086600
10/14/2025,BBNIDRPZ5A,0,0,0,0,0
10/14/2025,BBNIHDCQ7A,61,61,61,61,5000
10/14/2025,BBNIYUCV5A,0,0,0,0,0
10/14/2025,BBNIZPCH6A,67,67,63,63,3000
10/14/2025,BBNIZPCX5A,0,0,0,0,0
10/14/2025,BBRI,3640,3690,3550,3550,278678800
10/14/2025,BBRIBQCJ6A,43,43,38,38,55900
10/14/2025,BBRIBQCZ5A,0,0,0,0,0
10/14/2025,BBRIDRCG6A,66,66,63,63,51000
10/14/2025,BBRIDRCN6A,86,86,80,80,545300
10/14/2025,BBRIDRCX5A,72,77,65,66,19015600
10/14/2025,BBRIDRCX6A,1925,1925,1860,1860,6600
10/14/2025,BBRIDRPZ5A,0,0,0,0,0
10/14/2025,BBRIHDCH6A,0,0,0,0,0
10/14/2025,BBRIHDCQ7A,68,69,63,63,103500
10/14/2025,BBRIYUCV5A,12,12,9,9,115300
10/14/2025,BBRIZPCH6A,64,64,58,58,94600
10/14/2025,BBRIZPCX5A,0,0,0,0,0
10/14/2025,BBRM,94,96,85,89,35111400
10/14/2025,BBSI,4950,4960,4210,4210,1036400
10/14/2025,BBSS,316,320,312,318,24100
10/14/2025,BBTN,1140,1160,1120,1130,28587300
10/14/2025,BBTNDRCV6A,55,55,53,53,1200
10/14/2025,BBTNHDCZ5A,0,0,0,0,0
10/14/2025,BBTNYUCZ5A,47,47,47,47,100
10/14/2025,BBTNZPCG6A,32,32,30,30,43600
10/14/2025,BBYB,378,380,352,356,114651000
10/14/2025,BCAP,59,60,55,57,47673800
10/14/2025,BCIC,166,166,166,166,2768000
10/14/2025,BCIP,112,114,108,111,40401000
10/14/2025,BDKR,171,175,161,167,40487900
10/14/2025,BDMN,2360,2380,2350,2350,2103400
10/14/2025,BEBS,0,0,0,0,0
10/14/2025,BEEF,585,585,585,585,2701600
10/14/2025,BEER,113,129,113,116,30021400
10/14/2025,BEKS,28,28,27,27,28325300
10/14/2025,BELI,368,370,364,366,399000
10/14/2025,BELL,65,66,62,63,24049300
10/14/2025,BESS,1090,1100,1060,1070,43600
10/14/2025,BEST,109,110,102,104,17453800
10/14/2025,BFIN,755,755,745,750,4921700
10/14/2025,BFINDRCK6A,21,21,21,21,90000
10/14/2025,BFINHDCM6A,0,0,0,0,0
10/14/2025,BFINZPCM6A,0,0,0,0,0
10/14/2025,BGTG,110,112,107,107,24426100
10/14/2025,BHAT,895,915,895,910,2345100
10/14/2025,BHIT,34,34,34,34,8485900
10/14/2025,BIKA,0,0,0,0,0
10/14/2025,BIKE,920,945,920,940,11100700
10/14/2025,BIMA,79,79,76,76,159900
10/14/2025,BINA,4500,4500,4500,4500,500
10/14/2025,BINO,129,129,125,128,1219300
10/14/2025,BIPI,100,103,96,97,243609900
10/14/2025,BIPP,45,45,41,41,690900
10/14/2025,BIRD,1810,1810,1755,1770,1649400
10/14/2025,BISI,895,895,875,875,116100
10/14/2025,BJBR,750,760,750,750,2718800
10/14/2025,BJTM,510,515,500,505,14123000
10/14/2025,BKDP,44,44,44,44,234900
10/14/2025,BKSL,140,143,131,133,705268700
10/14/2025,BKSW,62,63,60,60,3486300
10/14/2025,BLES,167,168,161,162,8345900
10/14/2025,BLOG,520,525,498,505,7778700
10/14/2025,BLTA,36,36,35,35,4009400
10/14/2025,BLTZ,2970,2970,2970,2970,200
10/14/2025,BLUE,805,805,805,805,2692800
10/14/2025,BMAS,715,715,675,700,40000
10/14/2025,BMBL,56,60,51,51,18697200
10/14/2025,BMHS,157,158,150,152,9840300
10/14/2025,BMRI,4220,4270,4090,4090,188516600
10/14/2025,BMRIBQCJ6A,0,0,0,0,0
10/14/2025,BMRIBQCZ5A,10,11,8,9,2384900
10/14/2025,BMRIDRCG6A,80,80,72,72,2000500
10/14/2025,BMRIDRCX5A,29,29,21,21,25500
10/14/2025,BMRIDRCX6A,1740,1740,1730,1730,300
10/14/2025,BMRIHDCQ7A,63,63,60,60,365000
10/14/2025,BMRIYUCK6A,0,0,0,0,0
10/14/2025,BMRIZPCH6A,40,40,35,35,5377900
10/14/2025,BMRIZPCX5A,11,11,10,10,218500
10/14/2025,BMSR,310,310,286,300,98700
10/14/2025,BMTR,147,147,143,143,33005800
10/14/2025,BNBA,670,695,640,650,3399800
10/14/2025,BNBR,55,55,52,52,42486100
10/14/2025,BNGA,1695,1715,1680,1685,2995300
10/14/2025,BNGADRCK6A,0,0,0,0,0
10/14/2025,BNGAZPCH6A,0,0,0,0,0
10/14/2025,BNII,206,206,200,204,1547000
10/14/2025,BNLI,5375,5450,4600,5200,277100
10/14/2025,BOAT,122,124,113,117,10157700
10/14/2025,BOBA,181,189,179,180,838700
10/14/2025,BOGA,500,500,496,500,166000
10/14/2025,BOLA,200,204,193,195,1245300
10/14/2025,BOLT,1060,1060,1050,1050,9200
10/14/2025,BOSS,0,0,0,0,0
10/14/2025,BPFI,320,342,320,336,275400
10/14/2025,BPII,545,550,545,545,111300
10/14/2025,BPTR,95,95,91,93,1048900
10/14/2025,BRAM,5250,5250,5050,5050,1000
10/14/2025,BREN,9850,9900,9100,9675,47403400
10/14/2025,BRIS,2580,2600,2540,2560,17570000
10/14/2025,BRISBQCZ5A,0,0,0,0,0
10/14/2025,BRISDRCJ6A,0,0,0,0,0
10/14/2025,BRISHDCH6A,49,49,49,49,1000
10/14/2025,BRISHDCZ5A,72,72,72,72,500
10/14/2025,BRISYUCV5A,0,0,0,0,0
10/14/2025,BRISZPCG6A,0,0,0,0,0
10/14/2025,BRMS,1100,1190,980,1090,1549474900
10/14/2025,BRMSBQCZ5A,324,356,318,324,95200
10/14/2025,BRMSDRCG6A,109,112,59,77,34986000
10/14/2025,BRMSDRCJ6A,214,244,200,216,410900
10/14/2025,BRMSDRPX5A,4,4,2,3,48479400
10/14/2025,BRMSHDCH6A,362,362,324,324,4100
10/14/2025,BRMSHDCZ5A,0,0,0,0,0
10/14/2025,BRMSYUCV5A,224,248,185,216,132200
10/14/2025,BRMSZPCG6A,332,332,332,332,1100
10/14/2025,BRNA,720,720,700,700,4300
10/14/2025,BRPT,4220,4230,3680,3940,247359600
10/14/2025,BRPTBQCV5A,0,0,0,0,0
10/14/2025,BRPTBQCX5B,388,390,338,346,54800
10/14/2025,BRPTBQCZ5A,0,0,0,0,0
10/14/2025,BRPTDRCF6A,466,466,450,450,4200
10/14/2025,BRPTDRCJ6A,306,306,246,274,71600
10/14/2025,BRPTDRCX5A,0,0,0,0,0
10/14/2025,BRPTHDCH6A,440,440,402,402,3900
10/14/2025,BRPTHDCH6B,0,0,0,0,0
10/14/2025,BRPTHDPG6A,66,85,65,73,3645500
10/14/2025,BRPTYUCZ5A,328,328,300,300,3000
10/14/2025,BRPTZPCF6A,0,0,0,0,0
10/14/2025,BRPTZPCK6A,109,109,94,101,111300
10/14/2025,BRPTZPCX5A,0,0,0,0,0
10/14/2025,BRRC,79,79,76,76,10271000
10/14/2025,BRRC-W,12,12,12,12,1226100
10/14/2025,BSBK,81,83,73,76,137687800
10/14/2025,BSDE,1020,1050,1000,1000,30630200
10/14/2025,BSDEBQCK6A,40,40,40,40,400000
10/14/2025,BSDEDRCG6A,58,58,56,56,17000
10/14/2025,BSDEDRCJ6A,36,36,36,36,20500
10/14/2025,BSDEHDCM6A,43,43,39,39,7700
10/14/2025,BSDEZPCH6A,57,57,52,52,2250000
10/14/2025,BSIM,860,860,850,860,7700
10/14/2025,BSML,163,169,152,162,44945500
10/14/2025,BSSR,3910,3910,3880,3880,462100
10/14/2025,BSWD,1000,1000,1000,1000,10700
10/14/2025,BTEK,22,22,22,22,36952600
10/14/2025,BTEL,0,0,0,0,0
10/14/2025,BTON,422,422,400,402,30000
10/14/2025,BTPN,2060,2080,2040,2050,36600
10/14/2025,BTPS,1355,1375,1320,1330,6896200
10/14/2025,BTPSDRCK6A,38,38,37,37,301400
10/14/2025,BTPSHDCJ6A,0,0,0,0,0
10/14/2025,BTPSZPCH6A,0,0,0,0,0
10/14/2025,BUAH,1415,1440,1405,1425,465900
10/14/2025,BUDI,214,214,210,212,51900
10/14/2025,BUKA,170,170,160,162,295032300
10/14/2025,BUKABQCZ5B,16,16,13,14,1735400
10/14/2025,BUKADRCK6A,17,17,15,15,696200
10/14/2025,BUKAHDCZ5A,0,0,0,0,0
10/14/2025,BUKAZPCM6A,39,39,35,35,939700
10/14/2025,BUKK,955,970,905,930,28000
10/14/2025,BULL,198,236,191,218,603035200
10/14/2025,BUMI,145,150,134,137,5092600800
10/14/2025,BUVA,745,745,745,745,140277100
10/14/2025,BVIC,104,105,99,100,10435600
10/14/2025,BVIC-W,43,43,41,42,8600
10/14/2025,BWPT,163,168,137,144,865580100
10/14/2025,BYAN,18175,18250,17975,18050,55400
10/14/2025,CAKK,181,181,172,172,1886000
10/14/2025,CAMP,214,222,210,210,2918900
10/14/2025,CANI,49,49,45,45,343000
10/14/2025,CARE,294,308,294,308,18389200
10/14/2025,CARS,147,149,136,138,99727300
10/14/2025,CASA,1075,1075,1010,1070,5929800
10/14/2025,CASH,122,122,107,107,5451900
10/14/2025,CASS,2330,2500,2290,2440,130200
10/14/2025,CBDK,6450,6625,6100,6250,17648100
10/14/2025,CBMF,0,0,0,0,0
10/14/2025,CBPE,222,238,220,220,176800
10/14/2025,CBRE,1065,1065,1065,1065,11101400
10/14/2025,CBUT,1550,1600,1450,1490,210400
10/14/2025,CCSI,364,370,348,362,337800
10/14/2025,CDIA,2280,2300,1940,2010,940722800
10/14/2025,CEKA,2550,2580,2510,2520,22900
10/14/2025,CENT,134,136,125,130,30730200
10/14/2025,CFIN,310,316,308,312,2872800
10/14/2025,CGAS,140,144,137,141,7801300
10/14/2025,CHEK,188,188,178,181,16886500
10/14/2025,CHEM,95,95,86,87,18067400
10/14/2025,CHIP,1500,1520,1425,1480,183100
10/14/2025,CINT,155,156,152,152,156600
10/14/2025,CITA,5200,5400,4850,5000,666500
10/14/2025,CITY,118,119,111,113,1499800
10/14/2025,CLAY,2880,2880,2880,2880,2200
10/14/2025,CLEO,515,515,500,505,10245900
10/14/2025,CLPI,1265,1270,1245,1250,68800
10/14/2025,CMNP,1275,1280,1260,1265,269100
10/14/2025,CMNP-W,260,260,260,260,200
10/14/2025,CMNT,800,800,755,760,16270300
10/14/2025,CMPP,128,128,106,112,930100
10/14/2025,CMRY,4700,4720,4520,4550,1455700
10/14/2025,CMRYDRCK6A,0,0,0,0,0
10/14/2025,CMRYZPCJ6A,0,0,0,0,0
10/14/2025,CNKO,99,99,90,93,62511900
10/14/2025,CNMA,119,119,114,116,39938900
10/14/2025,CNTB,0,0,0,0,0
10/14/2025,CNTX,0,0,0,0,0
10/14/2025,COAL,60,61,59,60,24439300
10/14/2025,COCO,340,348,288,288,45318300
10/14/2025,COIN,3430,3430,2920,2930,146882400
10/14/2025,COWL,0,0,0,0,0
10/14/2025,CPIN,4750,4810,4660,4660,3374800
10/14/2025,CPINDRCG6A,66,66,66,66,1300
10/14/2025,CPINZPCJ6A,0,0,0,0,0
10/14/2025,CPRI,0,0,0,0,0
10/14/2025,CPRO,64,66,58,61,536327100
10/14/2025,CRAB,258,258,252,254,3318000
10/14/2025,CRSN,122,123,115,116,1888400
10/14/2025,CSAP,316,316,310,310,249600
10/14/2025,CSIS,208,216,200,208,1978100
10/14/2025,CSMI,350,380,344,358,32349800
10/14/2025,CSRA,900,930,840,845,13067600
10/14/2025,CTBN,4590,5000,4590,5000,600
10/14/2025,CTRA,905,915,895,905,39614900
10/14/2025,CTRADRCJ6A,15,15,15,15,50300
10/14/2025,CTRAHDCK6A,0,0,0,0,0
10/14/2025,CTRAYUCZ5A,0,0,0,0,0
10/14/2025,CTRAZPCG6A,0,0,0,0,0
10/14/2025,CTTH,63,63,63,63,4839500
10/14/2025,CUAN,2820,2830,2360,2410,652533000
10/14/2025,CYBR,1200,1280,1170,1270,30464000
10/14/2025,CYBR-W,800,1050,730,840,1652800
10/14/2025,DAAZ,3000,3000,2750,2850,779700
10/14/2025,DADA,111,111,111,111,35170200
10/14/2025,DART,162,165,160,160,63800
10/14/2025,DATA,5350,5850,4560,5125,16963500
10/14/2025,DAYA,1100,1120,1060,1100,41100
10/14/2025,DCII,277000,277200,276925,276925,2100
10/14/2025,DEAL,0,0,0,0,0
10/14/2025,DEFI,0,0,0,0,0
10/14/2025,DEPO,284,284,264,270,442900
10/14/2025,DEWA,366,400,328,334,2167681900
10/14/2025,DEWI,117,118,113,117,63880200
10/14/2025,DFAM,83,84,77,82,2447900
10/14/2025,DGIK,92,107,92,98,39629400
10/14/2025,DGNS,140,145,140,141,708500
10/14/2025,DGWG,374,390,374,378,11222000
10/14/2025,DIGI,33,33,33,33,2729500
10/14/2025,DILD,130,131,127,127,12269600
10/14/2025,DIVA,199,200,188,195,9497900
10/14/2025,DKFT,820,835,715,750,121227300
10/14/2025,DKHH,88,89,79,83,18132500
10/14/2025,DKHH-W,17,17,16,16,6304400
10/14/2025,DLTA,1975,1985,1955,1955,52000
10/14/2025,DMAS,136,136,134,134,54377200
10/14/2025,DMMX,390,390,376,378,1870200
10/14/2025,DMND,575,595,570,590,89300
10/14/2025,DNAR,115,117,113,115,1379400
10/14/2025,DNET,9100,9925,9000,9100,49700
10/14/2025,DOID,348,348,330,330,14502100
10/14/2025,DOOH,168,171,149,165,186800800
10/14/2025,DOSS,160,167,151,153,5865500
10/14/2025,DPNS,300,306,290,290,115900
10/14/2025,DPUM,64,67,62,65,1812900
10/14/2025,DRMA,1000,1015,980,990,1477900
10/14/2025,DSFI,89,89,84,84,21180800
10/14/2025,DSNG,1660,1690,1595,1650,33180000
10/14/2025,DSNGDRCK6A,79,79,77,77,8100
10/14/2025,DSNGHDCK6A,0,0,0,0,0
10/14/2025,DSNGZPCM6A,0,0,0,0,0
10/14/2025,DSSA,105500,106975,104450,106400,1400500
10/14/2025,DUCK,0,0,0,0,0
10/14/2025,DUTI,4220,4220,4220,4220,200
10/14/2025,DVLA,1620,1625,1605,1620,15000
10/14/2025,DWGL,850,870,690,750,17549300
10/14/2025,DYAN,89,90,88,90,3921400
10/14/2025,EAST,94,94,92,93,1002000
10/14/2025,ECII,192,192,185,187,234100
10/14/2025,EDGE,4960,4960,4250,4650,146100
10/14/2025,EKAD,180,183,180,181,96500
10/14/2025,ELIT,186,187,177,179,10713800
10/14/2025,ELPI,442,448,398,420,2879200
10/14/2025,ELSA,496,500,484,486,22509100
10/14/2025,ELSADRCG6A,28,28,28,28,100
10/14/2025,ELSADRCJ6A,32,32,31,31,23700
10/14/2025,ELSAHDCK6A,35,35,35,35,2700
10/14/2025,ELSAZPCG6A,29,29,28,28,5038200
10/14/2025,ELTY,23,23,22,22,219018400
10/14/2025,EMAS,4500,4570,4150,4310,75361700
10/14/2025,EMDE,97,97,93,96,1661900
10/14/2025,EMTK,1365,1370,1230,1310,260361600
10/14/2025,EMTKBQCH6A,45,45,35,39,1093600
10/14/2025,EMTKBQCZ5A,396,396,396,396,200
10/14/2025,EMTKDRCK6A,69,69,57,63,3806300
10/14/2025,EMTKHDCK6A,90,90,76,87,78600
10/14/2025,EMTKHDCZ5A,0,0,0,0,0
10/14/2025,EMTKYUCV5A,186,186,186,186,400
10/14/2025,EMTKZPCH6A,172,172,162,168,42100
10/14/2025,EMTKZPCM6A,60,60,51,53,625700
10/14/2025,ENAK,660,685,630,685,941300
10/14/2025,ENRG,1015,1165,1015,1080,288872000
10/14/2025,ENRGBQCZ5A,119,132,112,112,101000
10/14/2025,ENRGDRCG6A,53,76,51,63,2663500
10/14/2025,ENRGDRCJ6A,230,230,214,218,178500
10/14/2025,ENRGHDCK6A,106,137,106,123,406400
10/14/2025,ENRGHDCZ5A,630,630,630,630,200
10/14/2025,ENRGZPCG6A,0,0,0,0,0
10/14/2025,ENRGZPCK6A,61,74,61,65,199800
10/14/2025,ENVY,0,0,0,0,0
10/14/2025,ENZO,35,35,35,35,744000
10/14/2025,EPAC,33,33,31,31,1829200
10/14/2025,EPMT,2250,2250,2220,2240,36800
10/14/2025,ERAA,428,432,408,412,70846300
10/14/2025,ERAABQCZ5A,10,10,10,10,23000
10/14/2025,ERAADRCJ6A,9,9,8,8,16028500
10/14/2025,ERAAHDCZ5A,0,0,0,0,0
10/14/2025,ERAAZPCH6A,17,17,17,17,100
10/14/2025,ERAL,330,338,312,314,48742500
10/14/2025,ERTX,194,194,176,191,3561600
10/14/2025,ESIP,150,150,134,134,29477200
10/14/2025,ESSA,665,675,620,625,104043500
10/14/2025,ESSABQCZ5A,42,45,36,38,1090200
10/14/2025,ESSADRCN6A,39,40,35,35,16160400
10/14/2025,ESSAHDCH6A,58,58,50,52,72300
10/14/2025,ESSAYUCZ5A,35,35,35,35,100
10/14/2025,ESSAZPCK6A,20,20,18,18,2025300
10/14/2025,ESTA,0,0,0,0,0
10/14/2025,ESTI,150,150,124,124,4510900
10/14/2025,ETWA,0,0,0,0,0
10/14/2025,EURO,380,404,380,404,194800
10/14/2025,EXCL,2600,2620,2520,2540,5736600
10/14/2025,EXCLHDCJ6A,27,27,24,24,2100
10/14/2025,EXCLZPCF6A,0,0,0,0,0
10/14/2025,EXCLZPCM6A,0,0,0,0,0
10/14/2025,FAPA,6150,6175,6125,6125,14300
10/14/2025,FAST,870,870,720,720,76969900
10/14/2025,FASW,0,0,0,0,0
10/14/2025,FILM,4440,5050,4220,4990,8297700
10/14/2025,FIMP,0,0,0,0,0
10/14/2025,FIRE,89,93,85,85,23017300
10/14/2025,FISH,2360,2360,2060,2170,74000
10/14/2025,FITT,1610,1610,1320,1320,956800
10/14/2025,FLMC,162,163,147,150,9242200
10/14/2025,FMII,356,380,352,352,109400
10/14/2025,FOLK,0,0,0,0,0
10/14/2025,FOOD,195,195,195,195,14000
10/14/2025,FORE,515,520,500,500,11341700
10/14/2025,FORU,1180,1215,1080,1135,211900
10/14/2025,FPNI,188,190,186,188,1171900
10/14/2025,FUJI,0,0,0,0,0
10/14/2025,FUTR,650,650,650,650,15053300
10/14/2025,FWCT,157,157,151,155,2558400
10/14/2025,GAMA,0,0,0,0,0
10/14/2025,GDST,113,115,112,113,2059100
10/14/2025,GDYR,1140,1140,1115,1125,69900
10/14/2025,GEMA,113,113,108,110,4238000
10/14/2025,GEMS,8950,9000,8825,8825,155100
10/14/2025,GGRM,12000,12250,11575,11800,2653800
10/14/2025,GGRMZPCG6A,85,100,83,87,3520800
10/14/2025,GGRP,230,230,220,226,879900
10/14/2025,GHON,1635,1640,1615,1620,4600
10/14/2025,GIAA,119,119,114,114,707314100
10/14/2025,GJTL,985,990,970,975,2972500
10/14/2025,GJTLZPCJ6A,0,0,0,0,0
10/14/2025,GLOB,132,132,120,120,27700
10/14/2025,GLVA,330,338,328,328,24900
10/14/2025,GMFI,94,94,93,93,26240000
10/14/2025,GMTD,2080,2120,2070,2070,10300
10/14/2025,GOLD,320,390,266,282,9892000
10/14/2025,GOLF,208,208,202,206,1315200
10/14/2025,GOLL,0,0,0,0,0
10/14/2025,GOOD,374,376,370,374,182400
10/14/2025,GOTO,55,56,54,55,3714276300
10/14/2025,GOTOBQCJ6A,8,8,7,7,4078700
10/14/2025,GOTOBQCZ5A,4,5,3,4,21830600
10/14/2025,GOTODRCG6A,8,8,6,8,5190700
10/14/2025,GOTOHDCK6A,13,13,13,13,14400
10/14/2025,GOTOM,0,0,0,0,0
10/14/2025,GOTOZPCH6A,21,21,20,21,81700
10/14/2025,GOTOZPCK6A,11,12,11,11,94700
10/14/2025,GPRA,126,127,123,124,43913500
10/14/2025,GPSO,1270,1270,1100,1270,16703300
10/14/2025,GRIA,114,115,108,113,3444400
10/14/2025,GRPH,70,70,66,69,6270600
10/14/2025,GRPM,60,62,59,60,2422000
10/14/2025,GRPM-W,18,18,15,16,13696100
10/14/2025,GSMF,93,94,84,88,5647300
10/14/2025,GTBO,244,250,220,236,2011200
10/14/2025,GTRA,306,306,280,292,3032000
10/14/2025,GTSI,98,100,87,94,157858000
10/14/2025,GULA,478,530,422,450,9760100
10/14/2025,GUNA,236,240,232,240,783300
10/14/2025,GWSA,140,144,139,141,437200
10/14/2025,GZCO,336,336,244,336,1127992400
10/14/2025,HADE,32,32,28,28,10637800
10/14/2025,HAIS,192,256,189,228,125220200
10/14/2025,HAJJ,122,123,117,120,14093400
10/14/2025,HAJJ-W,19,20,18,19,3307400
10/14/2025,HALO,153,196,153,173,321819400
10/14/2025,HALO-W,20,25,20,21,116374700
10/14/2025,HATM,248,250,242,248,26074700
10/14/2025,HBAT,200,228,189,200,4420100
10/14/2025,HDFA,146,150,143,145,203000
10/14/2025,HDIT,63,65,61,61,7136400
10/14/2025,HEAL,1555,1565,1530,1540,7954400
10/14/2025,HEALBQCZ5A,25,25,24,24,400
10/14/2025,HEALDRCJ6A,0,0,0,0,0
10/14/2025,HEALHDCH6A,0,0,0,0,0
10/14/2025,HEALYUCZ5A,41,41,41,41,18300
10/14/2025,HEALZPCH6A,0,0,0,0,0
10/14/2025,HELI,238,244,236,240,243500
10/14/2025,HERO,575,685,570,590,1096000
10/14/2025,HEXA,4580,4600,4520,4540,261400
10/14/2025,HGII,172,172,157,164,21093900
10/14/2025,HILL,196,196,186,190,5414500
10/14/2025,HITS,0,0,0,0,0
10/14/2025,HKMU,0,0,0,0,0
10/14/2025,HMSP,715,735,685,695,97012700
10/14/2025,HOKI,82,82,77,78,85172800
10/14/2025,HOME,0,0,0,0,0
10/14/2025,HOMI,356,406,326,400,10274800
10/14/2025,HOPE,142,142,142,142,69936900
10/14/2025,HOTL,0,0,0,0,0
10/14/2025,HRME,41,47,41,42,1329800
10/14/2025,HRTA,1170,1415,1160,1365,174006800
10/14/2025,HRUM,1265,1290,1160,1195,63758600
10/14/2025,HRUMDRCN6A,70,70,57,61,398000
10/14/2025,HRUMHDCK6A,89,89,74,74,744400
10/14/2025,HRUMZPCG6A,89,89,77,77,392800
10/14/2025,HRUMZPCM6A,53,53,43,49,206800
10/14/2025,HUMI,126,132,118,122,96422300
10/14/2025,HUMI-W,20,20,18,18,48467100
10/14/2025,HYGN,165,166,162,165,1845800
10/14/2025,IATA,76,76,75,75,6615600
10/14/2025,IATA-W,0,0,0,0,0
10/14/2025,IBFN,43,43,39,39,1667400
10/14/2025,IBOS,68,68,61,65,12966200
10/14/2025,IBST,5600,5600,5600,5600,100
10/14/2025,ICBP,8900,8900,8475,8475,10863700
10/14/2025,ICBPDRCX6A,3450,3450,3250,3250,2100
10/14/2025,ICBPHDCJ6A,32,32,26,26,175900
10/14/2025,ICBPZPCX5A,10,10,8,8,200700
10/14/2025,ICON,45,47,45,46,95600
10/14/2025,IDEA,64,64,57,58,11954600
10/14/2025,IDPR,660,665,660,660,1144800
10/14/2025,IFII,226,232,224,224,264200
10/14/2025,IFSH,820,820,790,795,9500
10/14/2025,IGAR,510,515,490,510,88900
10/14/2025,IIKP,0,0,0,0,0
10/14/2025,IKAI,21,21,21,21,27202500
10/14/2025,IKAN,120,122,108,108,13150400
10/14/2025,IKBI,520,520,505,505,240000
10/14/2025,IKPM,220,256,214,218,929700
10/14/2025,IMAS,1175,1180,1125,1145,673400
10/14/2025,IMJS,248,248,240,242,11559800
10/14/2025,IMPC,2530,2560,2140,2510,88894500
10/14/2025,INAF,0,0,0,0,0
10/14/2025,INAI,153,156,151,151,248500
10/14/2025,INCF,58,58,53,53,3398400
10/14/2025,INCI,620,620,600,610,285200
10/14/2025,INCO,4560,4680,4250,4270,19464600
10/14/2025,INCOBQCF6A,80,80,80,80,100
10/14/2025,INCOBQCJ6A,72,72,61,61,10300
10/14/2025,INCOBQCV5A,18,55,16,23,14600200
10/14/2025,INCODRCG6A,118,118,96,96,4500
10/14/2025,INCODRCK6A,100,100,100,100,10000
10/14/2025,INCODRCX5A,0,0,0,0,0
10/14/2025,INCOHDCJ6A,0,0,0,0,0
10/14/2025,INCOYUCZ5A,0,0,0,0,0
10/14/2025,INCOZPCK6A,54,54,54,54,17500
10/14/2025,INCOZPCX5A,0,0,0,0,0
10/14/2025,INDF,7250,7250,7050,7050,4105000
10/14/2025,INDFBQCV5A,4,4,2,3,4055600
10/14/2025,INDFDRCX6A,3520,3520,3490,3490,1700
10/14/2025,INDFHDCJ6A,0,0,0,0,0
10/14/2025,INDO,240,252,236,246,28146900
10/14/2025,INDR,3560,3650,3370,3420,103200
10/14/2025,INDS,238,238,230,232,497400
10/14/2025,INDX,204,204,204,204,4801400
10/14/2025,INDY,2350,2450,2220,2370,60560100
10/14/2025,INDYDRCN6A,146,146,130,141,364400
10/14/2025,INDYHDCJ6A,266,278,236,272,4700
10/14/2025,INDYZPCG6A,137,137,130,137,28200
10/14/2025,INET,286,316,276,296,883178200
10/14/2025,INET-W,195,220,180,202,19817200
10/14/2025,INKP,7600,7600,7300,7350,9590900
10/14/2025,INKPBQCX5A,40,41,38,38,136500
10/14/2025,INKPDRCF6A,172,172,160,160,2200
10/14/2025,INKPDRCG6A,76,76,65,66,200900
10/14/2025,INKPHDCK6A,0,0,0,0,0
10/14/2025,INKPZPCF6A,87,87,87,87,10000
10/14/2025,INKPZPCK6A,34,34,31,31,14100
10/14/2025,INOV,103,106,99,99,5090700
10/14/2025,INPC,153,155,150,151,11133200
10/14/2025,INPP,660,680,650,675,107400
10/14/2025,INPS,168,168,153,153,1165900
10/14/2025,INRU,740,760,665,695,26700
10/14/2025,INTA,55,55,45,45,16271100
10/14/2025,INTD,220,222,204,204,533600
10/14/2025,INTP,6075,6075,5925,5950,845600
10/14/2025,INTPDRCN6A,57,57,57,57,100
10/14/2025,INTPHDCM6A,0,0,0,0,0
10/14/2025,INTPZPCG6A,0,0,0,0,0
10/14/2025,INTPZPCM6A,32,32,32,32,27800
10/14/2025,IOTF,93,93,88,89,55424300
10/14/2025,IPAC,0,0,0,0,0
10/14/2025,IPCC,1045,1065,1040,1060,1608500
10/14/2025,IPCM,310,312,308,308,2736300
10/14/2025,IPOL,140,140,137,139,226500
10/14/2025,IPPE,0,0,0,0,0
10/14/2025,IPTV,42,42,40,42,5555900
10/14/2025,IRRA,426,460,426,444,5212200
10/14/2025,IRSX,320,320,282,290,31048700
10/14/2025,ISAP,39,39,35,35,99576600
10/14/2025,ISAP-W,21,21,19,19,39626500
10/14/2025,ISAT,1815,1845,1750,1755,18417300
10/14/2025,ISATBQCJ6A,0,0,0,0,0
10/14/2025,ISATDRCG6A,31,32,28,28,99300
10/14/2025,ISATDRCX5A,28,28,24,24,200
10/14/2025,ISATHDCJ6A,12,13,10,11,7244300
10/14/2025,ISATZPCF6A,0,0,0,0,0
10/14/2025,ISEA,90,90,87,88,3078000
10/14/2025,ISSP,414,414,400,404,2002400
10/14/2025,ITIC,360,360,332,350,3174700
10/14/2025,ITMA,1395,1450,1330,1445,2958100
10/14/2025,ITMG,22625,22625,22175,22300,1400100
10/14/2025,ITMGDRCV6A,149,149,149,149,100
10/14/2025,ITMGHDCJ6A,142,142,142,142,14300
10/14/2025,ITMGZPCJ6A,0,0,0,0,0
10/14/2025,JARR,9000,9600,6950,6950,11584600
10/14/2025,JAST,90,90,86,87,2701300
10/14/2025,JATI,118,122,112,113,6757200
10/14/2025,JAWA,157,158,146,149,4123700
10/14/2025,JAYA,101,102,99,99,2960300
10/14/2025,JECC,1180,1410,1105,1170,591400
10/14/2025,JGLE,21,21,20,20,64362800
10/14/2025,JIHD,610,620,570,580,2553500
10/14/2025,JKON,86,87,83,84,15181800
10/14/2025,JMAS,148,148,141,142,1382200
10/14/2025,JPFA,2180,2350,2170,2230,66389500
10/14/2025,JPFABQCZ5A,158,158,158,158,150000
10/14/2025,JPFADRCJ6A,90,106,89,98,5070200
10/14/2025,JPFAHDCZ5A,0,0,0,0,0
10/14/2025,JPFAZPCG6A,161,170,161,163,1550000
10/14/2025,JRPT,855,870,845,860,611300
10/14/2025,JSKY,0,0,0,0,0
10/14/2025,JSMR,3850,3900,3770,3780,9247200
10/14/2025,JSMRDRCK6A,0,0,0,0,0
10/14/2025,JSMRHDCH6A,123,123,122,122,400
10/14/2025,JSMRZPCG6A,0,0,0,0,0
10/14/2025,JSPT,3640,3640,3350,3520,24400
10/14/2025,JTPE,330,330,324,328,2296100
10/14/2025,KAEF,590,680,575,625,23908500
10/14/2025,KAQI,72,73,69,69,12815600
10/14/2025,KARW,545,545,505,505,289000
10/14/2025,KAYU,0,0,0,0,0
10/14/2025,KBAG,49,49,46,46,5197100
10/14/2025,KBLI,320,324,310,316,1007200
10/14/2025,KBLM,374,378,368,370,209300
10/14/2025,KBLV,302,302,302,302,60811200
10/14/2025,KBRI,0,0,0,0,0
10/14/2025,KDSI,466,484,458,470,23100
10/14/2025,KDTN,116,117,114,114,112400
10/14/2025,KEEN,1060,1065,975,1000,7216000
10/14/2025,KEJU,700,730,670,695,3427700
10/14/2025,KETR,650,650,560,600,14404500
10/14/2025,KIAS,0,0,0,0,0
10/14/2025,KICI,145,165,140,147,4250200
10/14/2025,KIJA,181,182,178,180,167028400
10/14/2025,KING,214,214,206,206,283600
10/14/2025,KING-W,14,14,12,14,17174500
10/14/2025,KINO,1145,1175,1140,1160,13900
10/14/2025,KIOS,72,74,68,70,25563600
10/14/2025,KJEN,240,270,204,220,12548000
10/14/2025,KKES,34,34,32,32,1318400
10/14/2025,KKGI,400,428,382,398,71042100
10/14/2025,KLAS,128,130,125,125,4505000
10/14/2025,KLBF,1095,1110,1055,1055,55476800
10/14/2025,KLBFBQCJ6A,0,0,0,0,0
10/14/2025,KLBFBQCV5A,4,4,2,4,2004800
10/14/2025,KLBFDRCG6A,11,11,8,9,3523300
10/14/2025,KLBFHDCK6A,0,0,0,0,0
10/14/2025,KLBFZPCF6A,11,11,10,10,1726100
10/14/2025,KLBFZPCJ6A,15,15,14,14,76400
10/14/2025,KLIN,169,178,161,165,13273700
10/14/2025,KMDS,665,665,630,635,60200
10/14/2025,KMTR,286,288,280,282,331000
10/14/2025,KOBX,153,154,145,145,3395300
10/14/2025,KOCI,88,89,78,82,17243200
10/14/2025,KOCI-W,19,19,16,18,7980000
10/14/2025,KOIN,78,78,77,77,9000
10/14/2025,KOKA,0,0,0,0,0
10/14/2025,KONI,1780,2210,1725,2070,92900
10/14/2025,KOPI,320,322,314,318,75000
10/14/2025,KOTA,31,31,29,29,8598600
10/14/2025,KPIG,162,170,157,160,110075200
10/14/2025,KRAS,348,348,316,322,51268900
10/14/2025,KREN,20,20,20,20,35388700
10/14/2025,KRYA,185,197,180,182,18549300
10/14/2025,KSIX,256,278,256,266,939600
10/14/2025,KUAS,70,75,67,70,50707700
10/14/2025,LABA,0,0,0,0,0
10/14/2025,LABS,141,142,139,140,1389500
10/14/2025,LAJU,77,78,67,71,59190000
10/14/2025,LAND,43,43,40,40,3800800
10/14/2025,LAPD,322,322,298,298,22699900
10/14/2025,LCGP,0,0,0,0,0
10/14/2025,LCKM,216,220,206,212,84200
10/14/2025,LEAD,82,88,80,83,61953700
10/14/2025,LFLO,410,414,368,368,159600
10/14/2025,LIFE,10950,10950,9800,10000,37700
10/14/2025,LINK,3250,3250,3250,3250,4600
10/14/2025,LION,488,488,464,466,215600
10/14/2025,LIVE,179,182,175,177,6053600
10/14/2025,LMAS,0,0,0,0,0
10/14/2025,LMAX,80,81,72,72,12046800
10/14/2025,LMPI,143,145,141,143,142900
10/14/2025,LMSH,0,0,0,0,0
10/14/2025,LOPI,103,105,93,95,35340800
10/14/2025,LPCK,620,620,595,600,1357800
10/14/2025,LPGI,585,760,560,620,965200
10/14/2025,LPIN,466,470,444,458,405100
10/14/2025,LPKR,98,99,93,94,289838500
10/14/2025,LPLI,0,0,0,0,0
10/14/2025,LPPF,1630,1645,1605,1615,2712000
10/14/2025,LPPS,187,188,154,160,33468800
10/14/2025,LRNA,181,190,180,181,1460800
10/14/2025,LSIP,1355,1360,1305,1320,7857100
10/14/2025,LSIPDRCK6A,0,0,0,0,0
10/14/2025,LSIPHDCJ6A,0,0,0,0,0
10/14/2025,LSIPYUCZ5A,49,49,49,49,100
10/14/2025,LSIPZPCG6A,0,0,0,0,0
10/14/2025,LTLS,840,860,835,835,58700
10/14/2025,LUCK,102,103,98,99,3015200
10/14/2025,LUCY,110,120,99,99,2392200
10/14/2025,MABA,0,0,0,0,0
10/14/2025,MAGP,0,0,0,0,0
10/14/2025,MAHA,141,144,138,140,8033000
10/14/2025,MAIN,730,750,720,720,2797900
10/14/2025,MANG,69,70,63,64,10385100
10/14/2025,MANG-W,23,24,21,22,10165000
10/14/2025,MAPA,575,575,540,560,41825600
10/14/2025,MAPABQCZ5A,9,10,8,10,5444100
10/14/2025,MAPADRCJ6A,12,12,10,10,22320200
10/14/2025,MAPAHDCZ5A,17,17,16,16,200
10/14/2025,MAPAZPCH6A,25,25,25,25,100
10/14/2025,MAPB,1580,1600,1525,1570,5900
10/14/2025,MAPI,1190,1195,1150,1160,17910300
10/14/2025,MAPIBQCV5A,2,3,2,3,8892900
10/14/2025,MAPIDRCX5A,12,12,10,10,3138000
10/14/2025,MAPIHDCK6A,0,0,0,0,0
10/14/2025,MAPIZPCJ6A,0,0,0,0,0
10/14/2025,MARI,41,41,39,39,5359500
10/14/2025,MARK,645,645,630,635,5688700
10/14/2025,MASA,0,0,0,0,0
10/14/2025,MASB,3250,3440,3190,3220,23700
10/14/2025,MAXI,58,59,55,57,34440800
10/14/2025,MAYA,256,260,240,242,14225500
10/14/2025,MBAP,1635,1650,1610,1610,130100
10/14/2025,MBMA,625,660,525,585,672403600
10/14/2025,MBMABQCX5A,55,63,33,40,4976400
10/14/2025,MBMADRCG6A,36,41,18,27,15806800
10/14/2025,MBMADRCX5A,82,86,53,67,544700
10/14/2025,MBMADRPX5A,4,5,2,4,42955000
10/14/2025,MBMAHDCH6A,113,113,95,107,13000
10/14/2025,MBMAYUCK6A,148,148,148,148,400
10/14/2025,MBMAZPCK6A,41,41,29,35,2857800
10/14/2025,MBMAZPCX5A,0,0,0,0,0
10/14/2025,MBSS,1360,1370,1260,1260,3453700
10/14/2025,MBTO,148,199,145,199,98543300
10/14/2025,MCAS,810,825,790,795,469800
10/14/2025,MCOL,3610,3630,3550,3600,27100
10/14/2025,MCOR,72,72,70,72,8801400
10/14/2025,MDIA,40,40,38,38,2773300
10/14/2025,MDIY,1095,1100,1065,1085,890000
10/14/2025,MDKA,2410,2440,2240,2350,123643100
10/14/2025,MDKABQCV5A,96,96,59,59,72700
10/14/2025,MDKABQCX5B,24,24,19,23,16312500
10/14/2025,MDKADRCG6A,73,73,64,64,54600
10/14/2025,MDKADRCK6A,70,71,68,70,250700
10/14/2025,MDKADRCV5A,78,83,74,74,92600
10/14/2025,MDKADRPX5A,0,0,0,0,0
10/14/2025,MDKAHDCZ5A,115,115,100,112,279500
10/14/2025,MDKAHDPH6A,109,113,109,113,5600
10/14/2025,MDKAHDPJ6A,56,57,56,57,5900
10/14/2025,MDKAYUCK6A,134,134,134,134,2500
10/14/2025,MDKAZPCF6A,65,66,55,61,5382500
10/14/2025,MDKI,197,197,186,189,3299500
10/14/2025,MDLA,248,252,230,240,15024100
10/14/2025,MDLN,64,65,62,63,31427400
10/14/2025,MDRN,72,72,72,72,10111800
10/14/2025,MEDC,1550,1560,1450,1500,63304400
10/14/2025,MEDCBQCV5A,92,107,82,82,17500
10/14/2025,MEDCBQCX5B,0,0,0,0,0
10/14/2025,MEDCBQCZ5A,57,57,48,48,330200
10/14/2025,MEDCDRCG6A,61,61,52,52,35200
10/14/2025,MEDCHDCH6A,0,0,0,0,0
10/14/2025,MEDCZPCF6A,55,55,54,54,200
10/14/2025,MEDS,85,85,71,73,75312200
10/14/2025,MEGA,3270,3280,3220,3220,3000
10/14/2025,MEJA,0,0,0,0,0
10/14/2025,MEJA-W,0,0,0,0,0
10/14/2025,MENN,56,58,52,54,24359700
10/14/2025,MERI,224,226,216,220,6150000
10/14/2025,MERK,2830,2850,2800,2840,47600
10/14/2025,META,0,0,0,0,0
10/14/2025,MFMI,0,0,0,0,0
10/14/2025,MGLV,478,488,438,438,1382500
10/14/2025,MGNA,49,49,41,41,2242200
10/14/2025,MGNA-W,0,0,0,0,0
10/14/2025,MGRO,765,775,755,765,5102000
10/14/2025,MHKI,312,314,272,290,77436900
10/14/2025,MICE,494,498,494,496,47300
10/14/2025,MIDI,420,422,412,420,5956000
10/14/2025,MIKA,2520,2650,2510,2520,11851900
10/14/2025,MIKADRCV6A,0,0,0,0,0
10/14/2025,MIKAZPCG6A,30,30,29,29,59600
10/14/2025,MINA,218,226,184,196,510320900
10/14/2025,MINE,505,505,482,486,4220800
10/14/2025,MIRA,58,58,54,54,8371200
10/14/2025,MITI,356,398,320,350,36989100
10/14/2025,MKAP,376,378,370,378,495400
10/14/2025,MKNT,0,0,0,0,0
10/14/2025,MKPI,25100,25100,25025,25025,6100
10/14/2025,MKTR,151,154,144,146,2577700
10/14/2025,MKTR-W,10,11,8,10,10022300
10/14/2025,MLBI,5800,5800,5775,5775,27800
10/14/2025,MLIA,352,354,348,352,2757800
10/14/2025,MLPL,200,216,185,189,424418000
10/14/2025,MLPT,204150,204150,189900,193150,29600
10/14/2025,MMIX,436,436,412,424,7881600
10/14/2025,MMLP,560,560,555,555,11330600
10/14/2025,MNCN,268,270,258,262,34859500
10/14/2025,MNCNDRCN6A,26,26,26,26,26100
10/14/2025,MNCNHDCM6A,0,0,0,0,0
10/14/2025,MNCNZPCM6A,12,12,12,12,100
10/14/2025,MOLI,400,408,340,340,31501300
10/14/2025,MORA,860,1075,840,1015,5860000
10/14/2025,MPIX,72,73,68,71,13358500
10/14/2025,MPIX-W,13,13,10,12,6846900
10/14/2025,MPMX,935,935,925,925,3177300
10/14/2025,MPOW,114,114,111,113,1359200
10/14/2025,MPPA,73,76,69,70,145418600
10/14/2025,MPRO,6125,6225,6050,6200,201400
10/14/2025,MPXL,193,228,188,222,44061700
10/14/2025,MRAT,422,525,422,525,6837900
10/14/2025,MREI,950,965,900,945,717300
10/14/2025,MSIE,59,59,54,54,18814000
10/14/2025,MSIN,550,550,510,510,25358900
10/14/2025,MSJA,298,300,294,296,4105400
10/14/2025,MSKY,88,90,84,85,11502500
10/14/2025,MSTI,1585,1605,1565,1565,2403000
10/14/2025,MTDL,600,605,585,585,6780000
10/14/2025,MTEL,565,575,550,565,13588800
10/14/2025,MTELDRCK6A,16,16,15,15,600
10/14/2025,MTELHDCM6A,0,0,0,0,0
10/14/2025,MTELZPCM6A,15,15,14,14,50500
10/14/2025,MTFN,19,19,18,18,171708200
10/14/2025,MTLA,430,432,428,430,24600
10/14/2025,MTMH,1360,1475,1300,1375,118400
10/14/2025,MTPS,74,74,62,63,3981300
10/14/2025,MTRA,0,0,0,0,0
10/14/2025,MTSM,0,0,0,0,0
10/14/2025,MTWI,350,350,346,346,54200
10/14/2025,MUTU,112,114,105,109,13671900
10/14/2025,MYOH,1675,1675,1640,1670,2500
10/14/2025,MYOR,2190,2190,2100,2110,8551700
10/14/2025,MYORDRCK6A,0,0,0,0,0
10/14/2025,MYORHDCM6A,50,50,47,47,400
10/14/2025,MYORZPCH6A,33,33,33,33,10000
10/14/2025,MYTX,0,0,0,0,0
10/14/2025,NAIK,121,125,119,119,21856600
10/14/2025,NAIK-W,23,23,21,22,6599400
10/14/2025,NANO,67,68,61,61,46993600
10/14/2025,NASA,37,37,37,37,2317200
10/14/2025,NASI,114,119,112,112,5018600
10/14/2025,NATO,147,150,141,146,425200
10/14/2025,NAYZ,125,128,108,123,13064700
10/14/2025,NCKL,1150,1245,1135,1200,250503800
10/14/2025,NCKLBQCM6A,0,0,0,0,0
10/14/2025,NCKLDRCK6A,53,60,52,57,646400
10/14/2025,NCKLHDCK6A,77,85,74,85,5261900
10/14/2025,NCKLYUCZ5A,0,0,0,0,0
10/14/2025,NCKLZPCJ6A,78,82,77,77,56800
10/14/2025,NCKLZPCM6A,34,43,34,39,1561300
10/14/2025,NELY,358,378,356,366,649000
10/14/2025,NEST,402,404,336,360,22280600
10/14/2025,NETV,127,127,107,107,11831200
10/14/2025,NFCX,1720,1720,1705,1715,536100
10/14/2025,NICE,432,438,422,426,3657800
10/14/2025,NICK,1145,1425,1140,1255,320400
10/14/2025,NICL,1135,1150,1040,1090,16924000
10/14/2025,NIKL,406,406,360,380,16145000
10/14/2025,NINE,0,0,0,0,0
10/14/2025,NIRO,122,123,120,122,18500
10/14/2025,NISP,1345,1345,1320,1325,7481200
10/14/2025,NOBU,535,545,515,520,13761500
10/14/2025,NPGF,61,61,58,59,13704200
10/14/2025,NRCA,880,890,780,795,25288400
10/14/2025,NSSS,530,545,515,535,9326000
10/14/2025,NTBK,0,0,0,0,0
10/14/2025,NUSA,0,0,0,0,0
10/14/2025,NZIA,108,111,106,108,2528000
10/14/2025,OASA,308,312,280,286,102470400
10/14/2025,OBAT,474,494,460,474,9145600
10/14/2025,OBAT-W,115,134,114,120,2836600
10/14/2025,OBMD,258,262,248,252,1032600
10/14/2025,OCAP,0,0,0,0,0
10/14/2025,OILS,230,232,210,212,9378600
10/14/2025,OKAS,164,164,153,154,13088500
10/14/2025,OLIV,187,187,187,187,8644400
10/14/2025,OMED,195,198,194,197,802800
10/14/2025,OMRE,0,0,0,0,0
10/14/2025,OPMS,118,123,113,120,4837300
10/14/2025,PACK,1690,1835,1650,1810,9212300
10/14/2025,PADA,98,98,87,87,34583800
10/14/2025,PADI,86,86,80,80,16448100
10/14/2025,PALM,398,402,388,392,769100
10/14/2025,PAMG,70,71,67,68,11027900
10/14/2025,PANI,14075,14500,13600,14000,21119600
10/14/2025,PANIBQCZ5A,39,41,32,34,914200
10/14/2025,PANIDRCG6A,83,83,71,74,2119100
10/14/2025,PANIHDCJ6A,107,112,99,102,6731400
10/14/2025,PANIHDCZ5A,150,155,140,144,401400
10/14/2025,PANIZPCJ6A,71,79,70,74,2336700
10/14/2025,PANR,640,660,595,620,4447800
10/14/2025,PANS,1385,1390,1370,1380,118400
10/14/2025,PART,124,135,108,115,129746800
10/14/2025,PART-W,20,22,18,19,34078900
10/14/2025,PBID,488,488,482,484,550200
10/14/2025,PBRX,36,36,35,35,18346300
10/14/2025,PBSA,890,890,860,865,3392000
10/14/2025,PCAR,34,35,33,33,2737700
10/14/2025,PDES,610,630,600,630,993400
10/14/2025,PDPP,430,430,402,412,357900
10/14/2025,PEGE,123,140,123,128,12230400
10/14/2025,PEHA,326,380,326,330,1080100
10/14/2025,PEVE,490,510,448,454,867200
10/14/2025,PGAS,1670,1695,1650,1660,22887400
10/14/2025,PGASBQCZ5A,0,0,0,0,0
10/14/2025,PGASDRCG6A,58,58,55,55,13400
10/14/2025,PGASDRCG6B,0,0,0,0,0
10/14/2025,PGASHDCK6A,60,60,60,60,100
10/14/2025,PGASZPCJ6A,37,37,36,36,112900
10/14/2025,PGEO,1460,1465,1330,1360,108663500
10/14/2025,PGEOBQCX5B,13,14,8,10,24396200
10/14/2025,PGEODRCJ6A,37,39,32,32,4622400
10/14/2025,PGEOHDCH6A,0,0,0,0,0
10/14/2025,PGEOHDCH6B,0,0,0,0,0
10/14/2025,PGEOHDPH6A,0,0,0,0,0
10/14/2025,PGEOYUCK6A,92,92,83,83,11300
10/14/2025,PGEOZPCJ6A,43,43,42,42,1788800
10/14/2025,PGEOZPCM6A,52,52,46,46,209000
10/14/2025,PGJO,890,895,825,875,622700
10/14/2025,PGLI,0,0,0,0,0
10/14/2025,PGUN,26575,26575,26575,26575,154500
10/14/2025,PICO,274,284,246,252,6059500
10/14/2025,PIPA,565,565,565,565,37604700
10/14/2025,PJAA,560,570,530,530,1488300
10/14/2025,PKPK,565,570,520,550,170200
10/14/2025,PLAN,50,50,46,46,8733400
10/14/2025,PLAS,0,0,0,0,0
10/14/2025,PLIN,0,0,0,0,0
10/14/2025,PMJS,119,119,115,117,148700
10/14/2025,PMMP,0,0,0,0,0
10/14/2025,PMUI,132,140,131,138,12112800
10/14/2025,PNBN,1015,1025,1000,1000,14302500
10/14/2025,PNBS,53,53,51,52,22535300
10/14/2025,PNGO,3200,3440,3050,3380,57700
10/14/2025,PNIN,790,795,770,780,1885300
10/14/2025,PNLF,234,236,226,228,65738800
10/14/2025,PNLFBQCM6A,18,18,17,18,42698900
10/14/2025,PNLFDRCJ6A,10,10,9,9,5804600
10/14/2025,PNLFHDCZ5A,0,0,0,0,0
10/14/2025,PNLFYUCV5A,2,3,2,2,6736000
10/14/2025,PNLFZPCH6A,0,0,0,0,0
10/14/2025,PNSE,705,750,705,720,49700
10/14/2025,POLA,40,43,39,43,5163500
10/14/2025,POLI,725,725,725,725,400
10/14/2025,POLL,0,0,0,0,0
10/14/2025,POLU,25100,30450,21575,30450,113000
10/14/2025,POLY,25,25,25,25,821400
10/14/2025,POOL,0,0,0,0,0
10/14/2025,PORT,1450,1665,1165,1320,1429700
10/14/2025,POSA,0,0,0,0,0
10/14/2025,POWR,695,700,690,690,8569000
10/14/2025,PPGL,120,120,112,115,1295700
10/14/2025,PPRE,89,90,87,88,5353300
10/14/2025,PPRI,432,434,380,412,56747600
10/14/2025,PPRO,0,0,0,0,0
10/14/2025,PRAY,740,755,735,755,31100
10/14/2025,PRDA,2510,2520,2490,2500,197200
10/14/2025,PRIM,85,86,81,81,20618200
10/14/2025,PSAB,655,690,580,625,701823500
10/14/2025,PSAT,1330,1350,1305,1325,1286100
10/14/2025,PSDN,105,134,101,126,99127400
10/14/2025,PSGO,286,290,242,254,15651900
10/14/2025,PSKT,128,128,117,121,55704100
10/14/2025,PSSI,344,346,340,342,266300
10/14/2025,PTBA,2350,2360,2280,2300,14060200
10/14/2025,PTBABQCV5A,7,7,5,6,607000
10/14/2025,PTBADRCG6A,0,0,0,0,0
10/14/2025,PTBAHDCM6A,52,52,50,50,30000
10/14/2025,PTBAYUCZ5A,0,0,0,0,0
10/14/2025,PTBAZPCH6A,0,0,0,0,0
10/14/2025,PTDU,0,0,0,0,0
10/14/2025,PTIS,438,450,406,414,240700
10/14/2025,PTMP,89,90,81,85,14715200
10/14/2025,PTMR,0,0,0,0,0
10/14/2025,PTPP,400,404,384,386,15794100
10/14/2025,PTPS,212,216,188,197,104528800
10/14/2025,PTPW,940,945,930,930,36700
10/14/2025,PTRO,7250,7325,6000,6700,122726000
10/14/2025,PTRODRCG6A,216,216,175,175,111700
10/14/2025,PTROHDCK6A,378,378,324,330,712700
10/14/2025,PTROYUCK6A,338,366,290,300,1100
10/14/2025,PTROZPCK6A,190,190,140,166,1099100
10/14/2025,PTSN,460,460,442,446,1936700
10/14/2025,PTSP,935,1050,900,930,97700
10/14/2025,PUDP,450,450,422,422,332500
10/14/2025,PURA,30,30,30,30,10547000
10/14/2025,PURE,0,0,0,0,0
10/14/2025,PURI,193,258,191,258,17136300
10/14/2025,PWON,368,370,358,360,37039600
10/14/2025,PWONDRCN6A,0,0,0,0,0
10/14/2025,PWONHDCZ5A,0,0,0,0,0
10/14/2025,PWONZPCH6A,0,0,0,0,0
10/14/2025,PYFA,640,645,540,590,169607100
10/14/2025,PYFA-W,125,131,118,122,2184900
10/14/2025,PZZA,250,256,238,240,2773200
10/14/2025,RAAM,292,292,274,284,18645300
10/14/2025,R-ABFII,0,0,0,0,0
10/14/2025,RAFI,16,16,16,16,3623700
10/14/2025,RAJA,5950,5975,4830,4840,198672300
10/14/2025,RAJADRCG6A,390,390,250,260,7424800
10/14/2025,RAJAHDCK6A,336,336,202,238,3315400
10/14/2025,RAJAZPCK6A,170,170,122,122,2129700
10/14/2025,RALS,398,398,394,394,3108600
10/14/2025,RANC,1220,1220,1000,1000,2468300
10/14/2025,RATU,10525,10600,8800,8925,75780100
10/14/2025,RBMS,40,40,40,40,325100
10/14/2025,RCCC,242,248,236,246,2398700
10/14/2025,RDTX,12125,12125,12100,12100,200
10/14/2025,REAL,71,74,67,69,106606800
10/14/2025,RELF,45,45,41,41,23395000
10/14/2025,RELI,650,650,630,635,75200
10/14/2025,RGAS,100,100,93,94,22894100
10/14/2025,RICY,78,78,67,74,1378300
10/14/2025,RIGS,815,815,770,770,56500
10/14/2025,RIMO,0,0,0,0,0
10/14/2025,RISE,4600,4600,4600,4600,70300
10/14/2025,R-LQ45X,950,965,950,955,23000
10/14/2025,RMKE,0,0,0,0,0
10/14/2025,RMKO,0,0,0,0,0
10/14/2025,ROCK,690,690,690,690,1200
10/14/2025,RODA,48,48,47,47,118500
10/14/2025,RONY,3730,3730,3420,3430,102200
10/14/2025,ROTI,795,795,785,795,349300
10/14/2025,RSCH,378,378,362,362,2355600
10/14/2025,RSGK,0,0,0,0,0
10/14/2025,RUIS,194,199,192,193,1041500
10/14/2025,RUNS,104,108,98,99,1510000
10/14/2025,SAFE,193,196,190,190,1360300
10/14/2025,SAGE,37,37,37,37,18392000
10/14/2025,SAME,320,322,300,306,5027500
10/14/2025,SAMF,320,320,314,314,173900
10/14/2025,SAPX,300,304,292,292,341700
10/14/2025,SATU,244,246,244,244,3043300
10/14/2025,SBAT,0,0,0,0,0
10/14/2025,SBMA,140,143,134,135,11726400
10/14/2025,SCCO,2330,2370,2310,2340,54000
10/14/2025,SCMA,424,426,382,402,249390300
10/14/2025,SCMABQCZ5A,234,234,234,234,1000000
10/14/2025,SCMADRCG6A,47,47,42,43,1083200
10/14/2025,SCMADRCK6A,164,164,158,158,1280800
10/14/2025,SCMAHDCK6A,71,71,68,68,168800
10/14/2025,SCMAHDCZ5A,382,382,382,382,1000
10/14/2025,SCMAYUCK6A,113,113,113,113,100
10/14/2025,SCMAZPCG6A,0,0,0,0,0
10/14/2025,SCMAZPCM6A,0,0,0,0,0
10/14/2025,SCNP,180,189,166,167,191200
10/14/2025,SCPI,0,0,0,0,0
10/14/2025,SDMU,84,84,82,83,15810100
10/14/2025,SDPC,136,139,136,136,440100
10/14/2025,SDRA,284,286,282,282,233800
10/14/2025,SEMA,98,99,95,96,1361000
10/14/2025,SFAN,1925,1925,1915,1915,68100
10/14/2025,SGER,334,338,322,332,125468000
10/14/2025,SGRO,4820,4890,4750,4830,1325000
10/14/2025,SHID,870,895,870,870,11500
10/14/2025,SHIP,5925,6000,5075,5750,89400
10/14/2025,SICO,131,132,129,129,6115500
10/14/2025,SIDO,515,530,515,530,26763400
10/14/2025,SIDODRCK6A,0,0,0,0,0
10/14/2025,SIDOZPCM6A,0,0,0,0,0
10/14/2025,SILO,1875,1885,1860,1870,797900
10/14/2025,SIMA,0,0,0,0,0
10/14/2025,SIMP,615,620,590,610,20205300
10/14/2025,SINI,5750,5750,5600,5600,238400
10/14/2025,SIPD,705,705,705,705,4000
10/14/2025,SKBM,452,476,436,438,185400
10/14/2025,SKLT,202,206,198,200,235400
10/14/2025,SKRN,610,635,570,590,506700
10/14/2025,SKYB,0,0,0,0,0
10/14/2025,SLIS,90,91,82,84,42657800
10/14/2025,SLIS-W,17,18,16,18,4877500
10/14/2025,SMAR,5025,5075,4840,4900,192300
10/14/2025,SMBR,278,282,272,272,11185200
10/14/2025,SMCB,0,0,0,0,0
10/14/2025,SMDM,985,990,850,870,1438800
10/14/2025,SMDR,310,312,300,304,23645400
10/14/2025,SMGA,99,102,95,96,60426800
10/14/2025,SMGR,2540,2550,2470,2470,11687300
10/14/2025,SMGRBQCX5B,27,27,26,26,611000
10/14/2025,SMGRBQCZ5A,8,9,8,9,180000
10/14/2025,SMGRDRCG6A,34,35,33,35,355500
10/14/2025,SMGRDRCV5A,0,0,0,0,0
10/14/2025,SMGRHDCZ5A,0,0,0,0,0
10/14/2025,SMGRZPCJ6A,0,0,0,0,0
10/14/2025,SMIL,545,570,530,545,131016100
10/14/2025,SMKL,168,170,166,170,192400
10/14/2025,SMKM,222,244,200,200,103129000
10/14/2025,SMLE,346,346,346,346,164600
10/14/2025,SMMA,14025,14025,13400,13600,23700
10/14/2025,SMMT,1400,1485,1330,1330,842200
10/14/2025,SMRA,396,402,388,388,53351000
10/14/2025,SMRADRCG6A,0,0,0,0,0
10/14/2025,SMRADRCJ6A,20,20,18,18,51400
10/14/2025,SMRAHDCZ5A,0,0,0,0,0
10/14/2025,SMRAZPCH6A,0,0,0,0,0
10/14/2025,SMRU,0,0,0,0,0
10/14/2025,SMSM,1750,1750,1725,1735,1547300
10/14/2025,SNLK,414,414,400,408,6551600
10/14/2025,SOCI,230,232,212,218,23937900
10/14/2025,SOFA,0,0,0,0,0
10/14/2025,SOHO,865,1015,865,1015,89800
10/14/2025,SOLA,150,162,145,157,263497900
10/14/2025,SONA,3910,4060,3400,3400,97400
10/14/2025,SOSS,1190,1300,1190,1300,1057300
10/14/2025,SOTS,400,400,336,362,717700
10/14/2025,SOUL,88,88,80,80,8554600
10/14/2025,SPMA,364,366,342,350,2119100
10/14/2025,SPRE,100,113,95,111,4687600
10/14/2025,SPTO,640,645,635,640,746800
10/14/2025,SQMI,0,0,0,0,0
10/14/2025,SRAJ,11025,11200,11000,11200,544900
10/14/2025,SRIL,0,0,0,0,0
10/14/2025,SRSN,77,78,66,67,183591100
10/14/2025,SRTG,1755,1810,1700,1700,14383700
10/14/2025,SRTGDRCK6A,73,73,72,72,44700
10/14/2025,SRTGHDCK6A,83,87,73,73,3561400
10/14/2025,SRTGZPCG6A,0,0,0,0,0
10/14/2025,SRTGZPCK6A,0,0,0,0,0
10/14/2025,SSIA,2040,2050,1730,1890,67623600
10/14/2025,SSMS,1640,1715,1625,1635,10064800
10/14/2025,SSTM,292,360,292,360,6375200
10/14/2025,STAA,1430,1530,1395,1440,29167000
10/14/2025,STAR,90,90,82,84,512700
10/14/2025,STRK,182,187,181,182,7561100
10/14/2025,STTP,10175,10175,10100,10100,2400
10/14/2025,SUGI,0,0,0,0,0
10/14/2025,SULI,153,153,139,150,6728200
10/14/2025,SUNI,820,820,800,820,600600
10/14/2025,SUPR,0,0,0,0,0
10/14/2025,SURE,2720,2720,2600,2680,11500
10/14/2025,SURI,109,112,105,107,27444800
10/14/2025,SWAT,0,0,0,0,0
10/14/2025,SWID,91,91,86,91,878300
10/14/2025,TALF,452,470,420,432,105000
10/14/2025,TAMA,33,34,33,34,2201800
10/14/2025,TAMU,31,32,31,31,8030900
10/14/2025,TAPG,1865,1895,1790,1825,23455900
10/14/2025,TAPGDRCG6A,0,0,0,0,0
10/14/2025,TAPGDRCJ6A,0,0,0,0,0
10/14/2025,TAPGHDCH6A,0,0,0,0,0
10/14/2025,TAPGZPCH6A,0,0,0,0,0
10/14/2025,TAPGZPCM6A,53,53,47,47,10000
10/14/2025,TARA,33,33,32,32,1841700
10/14/2025,TAXI,18,18,18,18,91818400
10/14/2025,TAYS,78,78,75,75,7462900
10/14/2025,TBIG,1800,1925,1800,1845,2511800
10/14/2025,TBLA,720,730,700,705,5167100
10/14/2025,TBMS,1470,1505,1400,1420,214200
10/14/2025,TCID,3170,3190,3150,3150,7800
10/14/2025,TCPI,6250,6425,6200,6275,7587700
10/14/2025,TDPM,0,0,0,0,0
10/14/2025,TEBE,4080,4080,4080,4080,5003100
10/14/2025,TECH,0,0,0,0,0
10/14/2025,TELE,0,0,0,0,0
10/14/2025,TFAS,410,410,350,350,9028300
10/14/2025,TFCO,0,0,0,0,0
10/14/2025,TGKA,5550,5550,5425,5550,1300
10/14/2025,TGRA,0,0,0,0,0
10/14/2025,TGUK,0,0,0,0,0
10/14/2025,TIFA,420,424,402,410,11500
10/14/2025,TINS,0,0,0,0,0
10/14/2025,TIRA,1515,1515,1400,1475,37100
10/14/2025,TIRT,0,0,0,0,0
10/14/2025,TKIM,6950,7100,6750,6900,1785400
10/14/2025,TKIMDRCN6A,85,85,84,84,20000
10/14/2025,TKIMHDCJ6A,61,61,61,61,100
10/14/2025,TKIMZPCG6A,88,88,88,88,100
10/14/2025,TKIMZPCK6A,28,28,27,27,9800
10/14/2025,TLDN,725,725,705,715,2726100
10/14/2025,TLKM,3050,3070,2960,2960,38518800
10/14/2025,TLKMBQCG6A,0,0,0,0,0
10/14/2025,TLKMBQCJ6A,0,0,0,0,0
10/14/2025,TLKMBQCV5A,0,0,0,0,0
10/14/2025,TLKMDRCJ6A,67,67,67,67,100
10/14/2025,TLKMDRCX6A,0,0,0,0,0
10/14/2025,TLKMHDCJ6A,43,43,43,43,100
10/14/2025,TLKMHDCV5A,0,0,0,0,0
10/14/2025,TLKMYUCK6A,0,0,0,0,0
10/14/2025,TLKMZPCF6A,0,0,0,0,0
10/14/2025,TLKMZPCM6A,0,0,0,0,0
10/14/2025,TMAS,132,136,128,130,5278900
10/14/2025,TMPO,169,169,160,163,3913700
10/14/2025,TNCA,234,234,214,224,2900000
10/14/2025,TOBA,1345,1355,1210,1230,185668600
10/14/2025,TOOL,65,69,65,66,9505800
10/14/2025,TOPS,0,0,0,0,0
10/14/2025,TOSK,70,93,70,93,1279198000
10/14/2025,TOTL,835,855,830,850,7879500
10/14/2025,TOTO,280,280,270,270,645700
10/14/2025,TOWR,525,560,525,540,60669900
10/14/2025,TOWRDRCN6A,18,21,18,19,4971500
10/14/2025,TOWRHDCK6A,27,27,25,26,3582400
10/14/2025,TOYS,0,0,0,0,0
10/14/2025,TPIA,8100,8125,7250,7475,25380200
10/14/2025,TPMA,570,570,560,565,6391600
10/14/2025,TRAM,0,0,0,0,0
10/14/2025,TRGU,179,179,170,173,438300
10/14/2025,TRIL,0,0,0,0,0
10/14/2025,TRIM,550,550,492,505,1942300
10/14/2025,TRIN,0,0,0,0,0
10/14/2025,TRIN-W2,0,0,0,0,0
10/14/2025,TRIO,0,0,0,0,0
10/14/2025,TRIS,180,184,178,180,386800
10/14/2025,TRJA,198,199,169,169,20869900
10/14/2025,TRON,87,87,81,82,9086700
10/14/2025,TRST,488,488,484,486,25700
10/14/2025,TRUE,0,0,0,0,0
10/14/2025,TRUK,336,340,280,280,6915600
10/14/2025,TRUS,442,442,420,440,9000
10/14/2025,TSPC,2540,2540,2460,2500,1387000
10/14/2025,TUGU,1015,1020,990,995,4458600
10/14/2025,TYRE,128,128,125,128,691100
10/14/2025,UANG,3540,3690,3010,3650,12407200
10/14/2025,UCID,448,452,448,450,758100
10/14/2025,UDNG,1870,1910,1730,1730,1564300
10/14/2025,UFOE,240,248,220,220,26853400
10/14/2025,ULTJ,1330,1355,1310,1335,5470300
10/14/2025,UNIC,8200,8200,8050,8050,6600
10/14/2025,UNIQ,362,368,352,358,26845500
10/14/2025,UNIT,0,0,0,0,0
10/14/2025,UNSP,164,170,164,170,1120300
10/14/2025,UNTD,88,92,84,84,19530700
10/14/2025,UNTR,26200,26225,25500,25525,1736400
10/14/2025,UNTRBQCV5A,76,76,76,76,1200
10/14/2025,UNTRDRCG6A,0,0,0,0,0
10/14/2025,UNTRHDCM6A,149,149,149,149,5300
10/14/2025,UNTRZPCJ6A,145,145,140,140,13100
10/14/2025,UNVR,1870,1870,1800,1800,26179800
10/14/2025,UNVRBQCZ5A,72,72,67,68,101600
10/14/2025,UNVRDRCG6A,48,48,44,44,681900
10/14/2025,UNVRHDCM6A,0,0,0,0,0
10/14/2025,UNVRHDPG6A,0,0,0,0,0
10/14/2025,UNVRZPCH6A,52,52,50,50,4625700
10/14/2025,UNVRZPCM6A,0,0,0,0,0
10/14/2025,URBN,142,142,134,139,32700
10/14/2025,UVCR,73,74,70,70,5002700
10/14/2025,VAST,155,155,149,151,599400
10/14/2025,VAST-W,14,14,12,13,1169200
10/14/2025,VERN,124,124,115,120,2731900
10/14/2025,VICI,625,630,620,625,534100
10/14/2025,VICO,191,192,167,177,2247100
10/14/2025,VINS,147,150,137,137,3151500
10/14/2025,VISI,185,192,185,191,10420300
10/14/2025,VIVA,34,34,31,31,10461900
10/14/2025,VKTR,260,260,240,240,27890800
10/14/2025,VOKS,306,306,272,280,526700
10/14/2025,VRNA,85,88,80,82,1096000
10/14/2025,VTNY,102,104,95,97,34394300
10/14/2025,WAPO,168,170,161,163,3052200
10/14/2025,WEGE,67,69,66,66,21635200
10/14/2025,WEHA,108,113,108,111,2163300
10/14/2025,WGSH,224,240,222,230,1210300
10/14/2025,WICO,0,0,0,0,0
10/14/2025,WIDI,45,47,41,41,18168000
10/14/2025,WIFI,3800,3800,3400,3760,322791900
10/14/2025,WIIM,1180,1195,1085,1095,29325500
10/14/2025,WIKA,0,0,0,0,0
10/14/2025,WINE,200,202,196,198,3153300
10/14/2025,WINR,38,38,38,38,14446600
10/14/2025,WINS,460,466,430,434,6612500
10/14/2025,WIRG,162,165,135,138,2093689400
10/14/2025,WMPP,0,0,0,0,0
10/14/2025,WMUU,35,35,34,34,82795300
10/14/2025,WOMF,336,338,334,334,50000
10/14/2025,WOOD,515,515,458,476,13816900
10/14/2025,WOWS,77,79,72,73,25943900
10/14/2025,WSBP,27,29,27,27,198439100
10/14/2025,WSKT,0,0,0,0,0
10/14/2025,WTON,101,102,97,97,17697900
10/14/2025,XAQA,0,0,0,0,0
10/14/2025,XBES,0,0,0,0,0
10/14/2025,XBID,497,497,497,497,40000
10/14/2025,XBIG,0,0,0,0,0
10/14/2025,XBIN,565,565,565,565,40000
10/14/2025,XBLQ,0,0,0,0,0
10/14/2025,XBNI,0,0,0,0,0
10/14/2025,XBSK,423,423,423,423,40000
10/14/2025,XCEG,103,103,102,102,7300
10/14/2025,XCID,52,53,49,52,597900
10/14/2025,XCIS,81,109,81,85,1940000
10/14/2025,XCLQ,95,95,90,90,2100
10/14/2025,XDIF,0,0,0,0,0
10/14/2025,XIFE,100,100,96,97,3000
10/14/2025,XIHD,605,605,599,604,25700
10/14/2025,XIIC,0,0,0,0,0
10/14/2025,XIID,500,500,491,491,5500
10/14/2025,XIIF,0,0,0,0,0
10/14/2025,XIIT,510,510,503,503,8500
10/14/2025,XIJI,675,677,673,673,1000
10/14/2025,XILV,94,112,94,104,19600
10/14/2025,XIML,256,256,230,231,12000
10/14/2025,XIPB,190,210,160,187,34100
10/14/2025,XIPI,210,210,210,210,5000
10/14/2025,XISB,0,0,0,0,0
10/14/2025,XISC,0,0,0,0,0
10/14/2025,XISI,0,0,0,0,0
10/14/2025,XISR,430,430,420,423,18600
10/14/2025,XKID,923,923,923,923,100
10/14/2025,XKIV,589,589,589,589,40000
10/14/2025,XKMS,1115,1115,1099,1107,200000
10/14/2025,XMGB,0,0,0,0,0
10/14/2025,XMIG,210,210,210,210,200000
10/14/2025,XMLF,852,852,852,852,40000
10/14/2025,XMSK,0,0,0,0,0
10/14/2025,XNVE,0,0,0,0,0
10/14/2025,XPDV,597,597,597,597,800
10/14/2025,XPFT,0,0,0,0,0
10/14/2025,XPIN,632,632,627,630,300
10/14/2025,XPLQ,523,523,523,523,100
10/14/2025,XPSG,0,0,0,0,0
10/14/2025,XPTD,465,465,465,465,100
10/14/2025,XSBC,100,120,95,99,1512200
10/14/2025,XSPI,0,0,0,0,0
10/14/2025,XSSI,87,87,85,86,478700
10/14/2025,XSSK,659,659,659,659,20000
10/14/2025,YELO,70,70,67,67,11485800
10/14/2025,YOII,99,102,98,99,4002100
10/14/2025,YPAS,550,550,550,550,10300
10/14/2025,YULE,2700,2700,2700,2700,100
10/14/2025,YUPI,1700,1755,1680,1720,55700
10/14/2025,ZATA,69,76,64,67,121600600
10/14/2025,ZBRA,0,0,0,0,0
10/14/2025,ZINC,36,36,33,33,15945600
10/14/2025,ZONE,600,600,575,575,74100
10/14/2025,ZYRX,146,147,139,144,916200
