<date>,<ticker>,<open>,<high>,<low>,<close>,<volume>
10/21/2025,IHSG,8165.690,8238.080,8161.190,8238.084,29953322700
10/21/2025,AADI,7900,8100,7850,8025,13861800
10/21/2025,AADIDRCN6A,92,97,92,96,950800
10/21/2025,AADIHDCK6A,95,100,95,99,1029400
10/21/2025,AADIYUCK6A,316,316,314,314,7700
10/21/2025,AALI,8000,8050,7950,8025,949200
10/21/2025,ABBA,64,64,60,60,9519600
10/21/2025,ABDA,0,0,0,0,0
10/21/2025,ABMM,2700,2890,2700,2830,3792200
10/21/2025,ACES,426,430,424,428,25930300
10/21/2025,ACESBQCV5A,1,2,1,1,53040900
10/21/2025,ACESBQCX5B,5,5,3,4,4109000
10/21/2025,ACESBQCZ5A,12,13,12,13,200
10/21/2025,ACESDRCJ6A,11,11,10,11,183200
10/21/2025,ACESHDCZ5A,0,0,0,0,0
10/21/2025,ACESZPCJ6A,17,17,17,17,200
10/21/2025,ACRO,83,90,83,85,24398000
10/21/2025,ACRO-W,9,9,7,7,11024600
10/21/2025,ACST,135,137,133,136,2726600
10/21/2025,ADCP,55,56,54,55,19819000
10/21/2025,ADES,13600,13950,13525,13950,19800
10/21/2025,ADHI,260,272,260,266,15489400
10/21/2025,ADMF,8700,8725,8600,8700,62200
10/21/2025,ADMG,133,136,129,133,493200
10/21/2025,ADMR,1275,1400,1270,1370,125689300
10/21/2025,ADMRDRCJ6A,58,72,58,69,6502200
10/21/2025,ADMRHDCJ6A,92,109,92,109,980500
10/21/2025,ADMRZPCH6A,81,96,81,89,557900
10/21/2025,ADRO,1695,1835,1695,1805,283345400
10/21/2025,ADROBQCG6A,59,70,59,68,4289300
10/21/2025,ADROBQCZ5A,9,11,9,10,5209800
10/21/2025,ADRODRCJ6A,48,56,48,56,693900
10/21/2025,ADRODRCX5A,28,36,28,35,9677600
10/21/2025,ADROHDCZ5A,37,43,37,43,624600
10/21/2025,ADROHDPH6A,101,101,98,98,51400
10/21/2025,ADROYUCZ5A,45,56,45,54,29000
10/21/2025,ADROZPCF6A,20,25,20,24,1215900
10/21/2025,ADROZPCK6A,45,55,45,51,4043900
10/21/2025,AEGS,41,43,41,43,3420300
10/21/2025,AGAR,234,254,234,244,121000
10/21/2025,AGII,1500,1500,1430,1500,4311000
10/21/2025,AGRO,224,228,222,224,15118000
10/21/2025,AGRS,69,70,68,69,5500200
10/21/2025,AHAP,82,87,82,83,14798500
10/21/2025,AIMS,362,396,362,396,52600
10/21/2025,AISA,136,138,134,137,6137600
10/21/2025,AKKU,0,0,0,0,0
10/21/2025,AKPI,565,580,565,580,114800
10/21/2025,AKRA,1090,1140,1090,1130,35361500
10/21/2025,AKRABQCX5B,13,16,13,16,3200
10/21/2025,AKRADRCX5A,13,17,13,16,3647600
10/21/2025,AKRAHDCH6A,42,45,41,45,16600
10/21/2025,AKRAZPCJ6A,36,36,36,36,14000
10/21/2025,AKRAZPCM6A,29,31,28,31,966400
10/21/2025,AKRAZPCX5A,0,0,0,0,0
10/21/2025,AKSI,300,376,300,376,10580100
10/21/2025,ALDO,494,498,492,492,194900
10/21/2025,ALII,580,590,550,570,3189400
10/21/2025,ALKA,344,376,336,356,280200
10/21/2025,ALMI,0,0,0,0,0
10/21/2025,ALTO,0,0,0,0,0
10/21/2025,AMAG,346,370,344,346,651800
10/21/2025,AMAN,140,143,137,139,601600
10/21/2025,AMAR,224,232,218,224,951200
10/21/2025,AMFG,3320,3550,3300,3550,46400
10/21/2025,AMIN,300,320,274,288,736700
10/21/2025,AMMN,7750,7825,7500,7675,22171400
10/21/2025,AMMNBQCZ5A,21,21,16,18,7100700
10/21/2025,AMMNDRCJ6A,53,55,51,54,1504500
10/21/2025,AMMNHDCH6A,75,75,75,75,300
10/21/2025,AMMNZPCG6A,37,38,35,35,4042300
10/21/2025,AMMS,308,320,306,310,4204100
10/21/2025,AMOR,422,424,418,422,884300
10/21/2025,AMRT,2240,2270,2200,2210,40600500
10/21/2025,AMRTBQCH6A,38,38,34,34,396700
10/21/2025,AMRTDRCZ5A,0,0,0,0,0
10/21/2025,AMRTHDCJ6A,28,28,23,23,1069700
10/21/2025,AMRTZPCK6A,30,30,29,29,700
10/21/2025,AMRTZPCX5A,41,41,41,41,100
10/21/2025,ANDI,24,24,23,24,6902400
10/21/2025,ANJT,2130,2430,2130,2250,1228600
10/21/2025,ANTM,3340,3350,3270,3290,96567900
10/21/2025,ANTMBQCX5A,55,56,52,52,161700
10/21/2025,ANTMBQCZ5A,0,0,0,0,0
10/21/2025,ANTMDRCG6A,50,50,48,48,361100
10/21/2025,ANTMDRCG6B,74,74,70,70,30300
10/21/2025,ANTMDRCX5A,0,0,0,0,0
10/21/2025,ANTMDRPZ5A,0,0,0,0,0
10/21/2025,ANTMHDCH6A,85,85,84,84,18100
10/21/2025,ANTMHDCH6B,133,134,133,134,50000
10/21/2025,ANTMHDPH6A,56,56,56,56,225000
10/21/2025,ANTMZPCJ6A,84,84,80,81,2537500
10/21/2025,ANTMZPCK6A,36,36,32,33,1251700
10/21/2025,ANTMZPCX5A,226,228,226,228,73300
10/21/2025,APEX,130,141,129,136,156621200
10/21/2025,APIC,1105,1135,1105,1120,5252800
10/21/2025,APII,185,187,180,186,101600
10/21/2025,APLI,474,490,464,472,83300
10/21/2025,APLN,101,104,100,102,23366600
10/21/2025,ARCI,1475,1495,1315,1325,173214700
10/21/2025,AREA,510,510,498,505,1383500
10/21/2025,ARGO,1020,1050,1005,1020,24100
10/21/2025,ARII,278,278,266,270,332900
10/21/2025,ARKA,30,30,30,30,10727300
10/21/2025,ARKO,1370,1420,1350,1350,1423900
10/21/2025,ARMY,0,0,0,0,0
10/21/2025,ARNA,520,525,515,520,14860200
10/21/2025,ARTA,3240,3590,3100,3140,10800
10/21/2025,ARTI,0,0,0,0,0
10/21/2025,ARTO,2020,2070,1995,2020,9718800
10/21/2025,ARTOBQCX5B,0,0,0,0,0
10/21/2025,ARTOBQCZ5A,8,9,7,8,758000
10/21/2025,ARTODRCK6A,59,59,59,59,400
10/21/2025,ARTODRCX5A,37,37,35,35,1000
10/21/2025,ARTOHDCZ5A,86,87,84,87,23500
10/21/2025,ARTOZPCK6A,0,0,0,0,0
10/21/2025,ARTOZPCX5A,0,0,0,0,0
10/21/2025,ASBI,510,510,462,494,13900
10/21/2025,ASDM,540,550,525,540,43400
10/21/2025,ASGR,1075,1090,1065,1075,661100
10/21/2025,ASHA,66,66,64,64,31770600
10/21/2025,ASII,6000,6050,5900,6000,46181700
10/21/2025,ASIIBQCZ5A,0,0,0,0,0
10/21/2025,ASIIDRCX5A,0,0,0,0,0
10/21/2025,ASIIDRCX6A,0,0,0,0,0
10/21/2025,ASIIHDCZ5A,172,180,172,180,900
10/21/2025,ASIIZPCJ6A,0,0,0,0,0
10/21/2025,ASIIZPCM6A,34,36,34,36,106700
10/21/2025,ASJT,128,130,125,127,189200
10/21/2025,ASLC,79,85,79,83,136908300
10/21/2025,ASLI,198,198,198,198,21330600
10/21/2025,ASMI,27,28,27,28,754200
10/21/2025,ASPI,0,0,0,0,0
10/21/2025,ASPR,99,101,96,99,9594600
10/21/2025,ASRI,170,180,169,177,104889300
10/21/2025,ASRM,408,436,368,384,688300
10/21/2025,ASSA,965,1035,965,1025,87080500
10/21/2025,ATAP,107,107,99,99,919500
10/21/2025,ATIC,426,430,420,426,140400
10/21/2025,ATLA,68,71,68,70,82997600
10/21/2025,AUTO,2360,2390,2290,2320,4035200
10/21/2025,AUTODRCV6A,59,59,59,59,100
10/21/2025,AUTOZPCJ6A,35,35,34,34,300
10/21/2025,AVIA,426,428,422,424,9059300
10/21/2025,AVIADRCV6A,0,0,0,0,0
10/21/2025,AVIAZPCJ6A,16,16,16,16,96700
10/21/2025,AWAN,222,226,218,226,19638300
10/21/2025,AXIO,121,122,119,121,387100
10/21/2025,AYAM,177,179,176,178,97410400
10/21/2025,AYLS,182,196,173,175,16238800
10/21/2025,BABP,53,55,52,53,49191600
10/21/2025,BABY,440,535,416,535,22208900
10/21/2025,BACA,143,143,140,140,1314200
10/21/2025,BAIK,102,104,100,100,558300
10/21/2025,BAIK-W,9,9,8,9,11980000
10/21/2025,BAJA,160,163,150,157,13222500
10/21/2025,BALI,1200,1200,1145,1175,25700
10/21/2025,BANK,815,850,815,825,8970500
10/21/2025,BANK-W,680,680,680,680,100
10/21/2025,BAPA,66,67,63,65,6329300
10/21/2025,BAPI,22,23,22,23,9907600
10/21/2025,BATA,56,56,56,56,123700
10/21/2025,BATR,105,106,104,105,1192100
10/21/2025,BAUT,40,40,38,40,3400400
10/21/2025,BAYU,1305,1315,1300,1305,120900
10/21/2025,BBCA,8100,8475,8100,8475,529802600
10/21/2025,BBCABQCG6A,77,120,77,120,241900
10/21/2025,BBCABQCV5A,2,3,1,1,14040300
10/21/2025,BBCABQCX5A,10,12,10,12,6973500
10/21/2025,BBCADRCF6A,28,39,28,38,45212100
10/21/2025,BBCADRCX6A,3830,4000,3830,3990,11100
10/21/2025,BBCAHDCQ7A,62,72,62,72,6823800
10/21/2025,BBCAYUCK6A,191,202,189,202,136000
10/21/2025,BBCAZPCF6A,18,26,18,25,32535800
10/21/2025,BBCAZPCH6A,81,87,78,87,2997300
10/21/2025,BBHI,1510,1530,1510,1520,580600
10/21/2025,BBKP,70,71,69,70,108073700
10/21/2025,BBLD,875,915,875,900,152000
10/21/2025,BBMD,2040,2040,2040,2040,100
10/21/2025,BBNI,4110,4130,4030,4050,88064800
10/21/2025,BBNIBQCG6A,57,57,57,57,200
10/21/2025,BBNIBQCV5A,1,2,1,1,29358000
10/21/2025,BBNIDRCX6A,0,0,0,0,0
10/21/2025,BBNIDRCZ5A,35,35,34,35,1800
10/21/2025,BBNIDRPZ5A,62,63,62,62,20400
10/21/2025,BBNIHDCQ7A,0,0,0,0,0
10/21/2025,BBNIZPCH6A,75,76,75,76,40500
10/21/2025,BBNIZPCX5A,0,0,0,0,0
10/21/2025,BBRI,3780,3790,3710,3760,293000200
10/21/2025,BBRIBQCJ6A,46,46,43,45,711800
10/21/2025,BBRIBQCZ5A,29,29,27,28,915900
10/21/2025,BBRIDRCG6A,75,76,71,74,2204500
10/21/2025,BBRIDRCN6A,90,91,90,91,13600
10/21/2025,BBRIDRCX5A,77,79,77,77,4628900
10/21/2025,BBRIDRCX6A,2020,2040,2020,2040,1500
10/21/2025,BBRIDRPZ5A,54,54,54,54,10000
10/21/2025,BBRIHDCH6A,98,98,98,98,13000
10/21/2025,BBRIHDCQ7A,75,75,72,73,235400
10/21/2025,BBRIZPCH6A,81,81,66,68,5948000
10/21/2025,BBRIZPCX5A,41,41,41,41,20000
10/21/2025,BBRM,85,85,83,85,2095000
10/21/2025,BBSI,4110,4200,3920,4050,47000
10/21/2025,BBSS,312,352,310,340,531300
10/21/2025,BBTN,1250,1260,1220,1225,55931500
10/21/2025,BBTNDRCV6A,70,70,66,66,740000
10/21/2025,BBTNHDCZ5A,0,0,0,0,0
10/21/2025,BBTNYUCZ5A,0,0,0,0,0
10/21/2025,BBTNZPCG6A,42,43,39,39,112300
10/21/2025,BBYB,360,366,352,356,54429900
10/21/2025,BCAP,56,57,55,56,55677900
10/21/2025,BCIC,158,158,151,151,621800
10/21/2025,BCIP,108,108,103,104,21568300
10/21/2025,BDKR,162,174,162,173,49241300
10/21/2025,BDMN,2390,2390,2350,2360,2368200
10/21/2025,BEBS,0,0,0,0,0
10/21/2025,BEEF,520,520,520,520,7333900
10/21/2025,BEER,121,126,120,124,2957000
10/21/2025,BEKS,26,27,26,27,26273900
10/21/2025,BELI,374,376,372,376,1633600
10/21/2025,BELL,61,62,60,62,7029500
10/21/2025,BESS,1400,1675,1400,1675,463500
10/21/2025,BEST,105,110,103,107,12428000
10/21/2025,BFIN,775,780,765,770,9271500
10/21/2025,BFINDRCK6A,0,0,0,0,0
10/21/2025,BFINHDCM6A,0,0,0,0,0
10/21/2025,BFINZPCM6A,0,0,0,0,0
10/21/2025,BGTG,114,117,112,113,41788700
10/21/2025,BHAT,940,950,930,945,1666300
10/21/2025,BHIT,33,33,33,33,11104800
10/21/2025,BIKA,0,0,0,0,0
10/21/2025,BIKE,960,960,920,930,2278900
10/21/2025,BIMA,70,70,69,69,32200
10/21/2025,BINA,4470,4500,4470,4490,3000
10/21/2025,BINO,127,127,125,126,1160500
10/21/2025,BIPI,89,91,88,89,136350100
10/21/2025,BIPP,40,41,40,41,272200
10/21/2025,BIRD,1760,1815,1720,1815,2970000
10/21/2025,BISI,890,890,870,880,931800
10/21/2025,BJBR,770,775,760,765,1961100
10/21/2025,BJTM,515,520,510,515,10176900
10/21/2025,BKDP,42,43,42,42,1214600
10/21/2025,BKSL,131,133,130,131,181183900
10/21/2025,BKSW,63,65,62,64,6997300
10/21/2025,BLES,160,163,159,163,5359400
10/21/2025,BLOG,505,515,498,510,8061000
10/21/2025,BLTA,34,34,32,34,2090100
10/21/2025,BLTZ,0,0,0,0,0
10/21/2025,BLUE,0,0,0,0,0
10/21/2025,BMAS,670,710,650,670,212500
10/21/2025,BMBL,46,46,43,45,7934600
10/21/2025,BMHS,156,157,153,155,2612900
10/21/2025,BMRI,4350,4390,4300,4350,230858900
10/21/2025,BMRIBQCJ6A,58,58,58,58,29000
10/21/2025,BMRIBQCZ5A,11,11,9,10,5636900
10/21/2025,BMRIDRCG6A,88,88,83,85,4237600
10/21/2025,BMRIDRCX5A,24,24,23,23,1100
10/21/2025,BMRIDRCX6A,1915,1950,1915,1950,1100
10/21/2025,BMRIHDCQ7A,68,68,68,68,25200
10/21/2025,BMRIYUCK6A,103,104,103,104,15100
10/21/2025,BMRIZPCH6A,43,43,40,41,814700
10/21/2025,BMRIZPCX5A,12,13,11,12,896100
10/21/2025,BMSR,300,300,278,296,55400
10/21/2025,BMTR,144,148,142,146,52943700
10/21/2025,BNBA,655,655,600,630,1179800
10/21/2025,BNBR,44,47,44,47,16839400
10/21/2025,BNGA,1715,1720,1695,1700,5069900
10/21/2025,BNGADRCK6A,0,0,0,0,0
10/21/2025,BNGAZPCH6A,44,44,42,43,22490100
10/21/2025,BNII,204,206,202,202,991200
10/21/2025,BNLI,5550,5700,5450,5675,211700
10/21/2025,BOAT,118,124,117,120,4826300
10/21/2025,BOBA,198,199,183,190,795400
10/21/2025,BOGA,500,500,496,498,129600
10/21/2025,BOLA,184,188,179,183,2513500
10/21/2025,BOLT,1055,1055,1050,1050,8400
10/21/2025,BOSS,0,0,0,0,0
10/21/2025,BPFI,326,336,320,332,13000
10/21/2025,BPII,545,550,545,550,134000
10/21/2025,BPTR,91,95,91,93,309900
10/21/2025,BRAM,5000,5150,4970,5125,2000
10/21/2025,BREN,9250,9350,9200,9250,10678300
10/21/2025,BRIS,2680,2700,2650,2670,24175700
10/21/2025,BRISBQCZ5A,36,36,36,36,11100
10/21/2025,BRISDRCJ6A,41,41,41,41,13900
10/21/2025,BRISHDCH6A,54,54,53,53,11000
10/21/2025,BRISHDCZ5A,0,0,0,0,0
10/21/2025,BRISZPCG6A,42,42,41,41,18000
10/21/2025,BRMS,995,1010,955,960,454613200
10/21/2025,BRMSBQCZ5A,262,264,258,264,30700
10/21/2025,BRMSDRCG6A,58,58,51,51,3506700
10/21/2025,BRMSDRCJ6A,179,182,172,172,24700
10/21/2025,BRMSDRPX5A,3,3,1,2,11461500
10/21/2025,BRMSHDCH6A,296,296,290,290,2200
10/21/2025,BRMSHDCZ5A,585,585,565,565,1100
10/21/2025,BRMSZPCG6A,290,290,278,278,3200
10/21/2025,BRNA,690,735,690,725,96800
10/21/2025,BRPT,3760,3860,3750,3790,70087600
10/21/2025,BRPTBQCV5A,990,990,990,990,100
10/21/2025,BRPTBQCX5B,302,302,302,302,1000
10/21/2025,BRPTBQCZ5A,0,0,0,0,0
10/21/2025,BRPTDRCF6A,408,408,408,408,300
10/21/2025,BRPTDRCJ6A,250,252,250,250,11100
10/21/2025,BRPTDRCX5A,0,0,0,0,0
10/21/2025,BRPTHDCH6A,364,364,364,364,100
10/21/2025,BRPTHDCH6B,0,0,0,0,0
10/21/2025,BRPTHDPG6A,74,75,71,75,281800
10/21/2025,BRPTYUCZ5A,0,0,0,0,0
10/21/2025,BRPTZPCF6A,0,0,0,0,0
10/21/2025,BRPTZPCK6A,92,92,90,91,58900
10/21/2025,BRPTZPCX5A,0,0,0,0,0
10/21/2025,BRRC,81,85,81,85,26409000
10/21/2025,BRRC-W,12,16,12,14,10353600
10/21/2025,BSBK,72,75,71,72,40395500
10/21/2025,BSDE,985,990,950,985,22742100
10/21/2025,BSDEBQCK6A,0,0,0,0,0
10/21/2025,BSDEDRCG6A,0,0,0,0,0
10/21/2025,BSDEDRCJ6A,33,33,33,33,169000
10/21/2025,BSDEHDCM6A,34,34,34,34,4100
10/21/2025,BSDEZPCH6A,48,48,45,47,47000
10/21/2025,BSIM,865,865,855,860,9000
10/21/2025,BSML,163,164,158,161,29320000
10/21/2025,BSSR,3890,3920,3880,3910,463400
10/21/2025,BSWD,0,0,0,0,0
10/21/2025,BTEK,16,17,16,17,305363700
10/21/2025,BTEL,0,0,0,0,0
10/21/2025,BTON,382,404,376,384,35000
10/21/2025,BTPN,2100,2110,2050,2050,31800
10/21/2025,BTPS,1450,1460,1400,1400,9300400
10/21/2025,BTPSDRCK6A,43,43,43,43,90100
10/21/2025,BTPSHDCJ6A,67,68,67,68,360000
10/21/2025,BTPSZPCH6A,37,37,35,35,5900
10/21/2025,BUAH,1450,1455,1400,1400,598900
10/21/2025,BUDI,210,210,208,210,31400
10/21/2025,BUKA,169,169,165,166,74967100
10/21/2025,BUKABQCZ5B,13,14,13,14,200600
10/21/2025,BUKADRCK6A,15,15,15,15,7471400
10/21/2025,BUKAHDCZ5A,0,0,0,0,0
10/21/2025,BUKAZPCM6A,37,37,36,36,1001400
10/21/2025,BUKK,900,930,890,925,51500
10/21/2025,BULL,200,264,196,264,413174500
10/21/2025,BUMI,131,137,131,132,1333397800
10/21/2025,BUVA,755,785,755,780,22932000
10/21/2025,BVIC,102,103,100,102,3864700
10/21/2025,BVIC-W,35,35,25,31,180100
10/21/2025,BWPT,156,162,153,154,256332100
10/21/2025,BYAN,18025,18125,17900,18100,54400
10/21/2025,CAKK,171,176,171,174,323400
10/21/2025,CAMP,210,214,210,212,1745000
10/21/2025,CANI,43,45,43,45,275800
10/21/2025,CARE,308,318,304,312,16615800
10/21/2025,CARS,132,134,128,129,11394800
10/21/2025,CASA,1065,1070,1050,1065,4028900
10/21/2025,CASH,96,105,94,105,4455400
10/21/2025,CASS,2360,2400,2300,2330,17700
10/21/2025,CBDK,6150,6225,6025,6075,7925300
10/21/2025,CBMF,0,0,0,0,0
10/21/2025,CBPE,226,274,200,230,2710300
10/21/2025,CBRE,1500,1510,1355,1405,84124600
10/21/2025,CBUT,1390,1390,1325,1325,139900
10/21/2025,CCSI,350,380,350,362,152300
10/21/2025,CDIA,1825,1975,1805,1880,438099700
10/21/2025,CEKA,2550,2570,2500,2560,46000
10/21/2025,CENT,120,134,119,132,46665200
10/21/2025,CFIN,306,312,306,310,1794700
10/21/2025,CGAS,142,144,140,140,3741200
10/21/2025,CHEK,182,186,181,184,6399400
10/21/2025,CHEM,91,93,88,89,6739800
10/21/2025,CHIP,1420,1420,1385,1400,125500
10/21/2025,CINT,154,154,154,154,37500
10/21/2025,CITA,4700,4820,4700,4820,265600
10/21/2025,CITY,123,130,119,125,3924700
10/21/2025,CLAY,2510,2650,2250,2470,361400
10/21/2025,CLEO,515,550,515,545,20676400
10/21/2025,CLPI,1260,1270,1255,1260,69900
10/21/2025,CMNP,1275,1285,1260,1285,146500
10/21/2025,CMNP-W,300,370,288,320,1700
10/21/2025,CMNT,775,785,765,785,26536700
10/21/2025,CMPP,108,108,108,108,9400
10/21/2025,CMRY,5025,5025,4930,5000,3090300
10/21/2025,CMRYDRCK6A,83,83,83,83,500
10/21/2025,CMRYZPCJ6A,0,0,0,0,0
10/21/2025,CNKO,83,83,80,80,39477300
10/21/2025,CNMA,117,119,116,118,18249900
10/21/2025,CNTB,0,0,0,0,0
10/21/2025,CNTX,0,0,0,0,0
10/21/2025,COAL,57,57,57,57,20180300
10/21/2025,COCO,256,306,252,306,348767300
10/21/2025,COIN,3090,3150,2970,2980,25875700
10/21/2025,COWL,0,0,0,0,0
10/21/2025,CPIN,4970,4990,4850,4890,4330400
10/21/2025,CPINDRCG6A,73,73,71,71,215000
10/21/2025,CPINZPCJ6A,0,0,0,0,0
10/21/2025,CPRI,0,0,0,0,0
10/21/2025,CPRO,60,62,59,62,176472300
10/21/2025,CRAB,268,280,266,276,3943100
10/21/2025,CRSN,112,115,110,113,156200
10/21/2025,CSAP,316,318,314,316,129000
10/21/2025,CSIS,192,195,189,189,1089300
10/21/2025,CSMI,312,318,292,306,15747300
10/21/2025,CSRA,1010,1025,940,965,2491600
10/21/2025,CTBN,4990,4990,4850,4990,500
10/21/2025,CTRA,910,920,895,915,23114000
10/21/2025,CTRADRCJ6A,15,16,15,16,1601500
10/21/2025,CTRAHDCK6A,33,35,33,35,22200
10/21/2025,CTRAYUCZ5A,0,0,0,0,0
10/21/2025,CTRAZPCG6A,0,0,0,0,0
10/21/2025,CTTH,99,99,85,85,9169100
10/21/2025,CUAN,2300,2420,2250,2270,184007800
10/21/2025,CYBR,1280,1330,1265,1270,17562500
10/21/2025,CYBR-W,860,895,855,865,9100
10/21/2025,DAAZ,2740,2780,2720,2720,331500
10/21/2025,DADA,55,57,51,51,2524920300
10/21/2025,DART,156,170,150,157,198800
10/21/2025,DATA,5975,6100,5675,5750,5329000
10/21/2025,DAYA,1180,1190,1125,1175,41800
10/21/2025,DCII,275900,280000,275900,279475,800
10/21/2025,DEAL,0,0,0,0,0
10/21/2025,DEFI,0,0,0,0,0
10/21/2025,DEPO,300,320,270,276,1607100
10/21/2025,DEWA,320,332,318,322,455399900
10/21/2025,DEWI,120,122,118,120,45630400
10/21/2025,DFAM,78,83,78,80,7859700
10/21/2025,DGIK,95,96,93,94,4043200
10/21/2025,DGNS,144,144,140,142,211600
10/21/2025,DGWG,386,392,386,390,9209800
10/21/2025,DIGI,35,35,32,32,2217500
10/21/2025,DILD,128,134,128,134,18303400
10/21/2025,DIVA,202,212,198,202,3328600
10/21/2025,DKFT,815,825,800,810,33448900
10/21/2025,DKHH,86,87,82,86,8809500
10/21/2025,DKHH-W,18,18,17,17,3447000
10/21/2025,DLTA,2010,2010,1990,1995,15000
10/21/2025,DMAS,133,136,133,135,23357600
10/21/2025,DMMX,378,392,378,390,1005500
10/21/2025,DMND,585,590,580,590,14700
10/21/2025,DNAR,115,117,114,115,279900
10/21/2025,DNET,9175,9200,9025,9150,9200
10/21/2025,DOID,324,338,322,334,10933600
10/21/2025,DOOH,142,146,139,143,162651400
10/21/2025,DOSS,149,154,146,150,1669500
10/21/2025,DPNS,286,302,286,290,163700
10/21/2025,DPUM,62,65,60,63,2158700
10/21/2025,DRMA,980,990,970,980,353400
10/21/2025,DSFI,85,88,85,86,4402600
10/21/2025,DSNG,1950,1950,1780,1855,34232800
10/21/2025,DSNGDRCK6A,0,0,0,0,0
10/21/2025,DSNGHDCK6A,0,0,0,0,0
10/21/2025,DSNGZPCM6A,0,0,0,0,0
10/21/2025,DSSA,102825,106775,102275,104800,1170300
10/21/2025,DUCK,0,0,0,0,0
10/21/2025,DUTI,4300,4300,4280,4280,400
10/21/2025,DVLA,1670,1680,1655,1675,363200
10/21/2025,DWGL,905,950,765,765,15007700
10/21/2025,DYAN,87,88,86,88,1112600
10/21/2025,EAST,92,94,92,94,1683200
10/21/2025,ECII,183,183,176,182,409600
10/21/2025,EDGE,4570,4570,4430,4570,46400
10/21/2025,EKAD,182,182,179,182,79100
10/21/2025,ELIT,177,180,175,178,2444800
10/21/2025,ELPI,422,430,418,428,700900
10/21/2025,ELSA,484,490,480,486,11740500
10/21/2025,ELSADRCG6A,0,0,0,0,0
10/21/2025,ELSADRCJ6A,29,29,29,29,25800
10/21/2025,ELSAHDCK6A,0,0,0,0,0
10/21/2025,ELSAZPCG6A,27,27,27,27,50000
10/21/2025,ELTY,22,22,22,22,51948000
10/21/2025,EMAS,4680,4690,4310,4340,47499300
10/21/2025,EMDE,94,98,93,97,757700
10/21/2025,EMTK,1370,1370,1290,1300,79497100
10/21/2025,EMTKBQCH6A,41,42,38,38,326300
10/21/2025,EMTKBQCZ5A,0,0,0,0,0
10/21/2025,EMTKDRCK6A,65,66,62,65,627700
10/21/2025,EMTKHDCK6A,91,91,83,83,30000
10/21/2025,EMTKHDCZ5A,286,286,274,274,2600
10/21/2025,EMTKZPCH6A,174,174,172,172,12000
10/21/2025,EMTKZPCM6A,55,55,52,52,92000
10/21/2025,ENAK,695,700,680,700,1383400
10/21/2025,ENRG,945,980,930,945,64683300
10/21/2025,ENRGBQCZ5A,83,83,83,83,100
10/21/2025,ENRGDRCG6A,41,43,39,42,30800
10/21/2025,ENRGDRCJ6A,175,175,175,175,100
10/21/2025,ENRGHDCK6A,97,97,95,95,600
10/21/2025,ENRGHDCZ5A,0,0,0,0,0
10/21/2025,ENRGZPCG6A,0,0,0,0,0
10/21/2025,ENRGZPCK6A,53,53,51,51,864900
10/21/2025,ENVY,0,0,0,0,0
10/21/2025,ENZO,36,36,35,35,931900
10/21/2025,EPAC,25,26,25,26,1984800
10/21/2025,EPMT,2290,2290,2270,2270,6200
10/21/2025,ERAA,420,434,418,428,88844900
10/21/2025,ERAABQCZ5A,11,11,10,10,452000
10/21/2025,ERAADRCJ6A,8,9,7,8,12852900
10/21/2025,ERAAHDCZ5A,19,20,19,20,200
10/21/2025,ERAAZPCH6A,17,17,17,17,34600
10/21/2025,ERAL,300,304,296,300,9695300
10/21/2025,ERTX,185,187,180,183,1518300
10/21/2025,ESIP,114,126,114,126,11022400
10/21/2025,ESSA,605,625,600,615,44523600
10/21/2025,ESSABQCZ5A,30,30,29,29,100100
10/21/2025,ESSADRCN6A,31,33,31,32,2351600
10/21/2025,ESSAHDCH6A,47,48,47,48,434000
10/21/2025,ESSAYUCZ5A,0,0,0,0,0
10/21/2025,ESSAZPCK6A,18,18,16,16,930600
10/21/2025,ESTA,226,226,226,226,27928500
10/21/2025,ESTI,122,129,122,129,5794400
10/21/2025,ETWA,0,0,0,0,0
10/21/2025,EURO,535,585,500,515,1659300
10/21/2025,EXCL,2420,2500,2420,2500,6710900
10/21/2025,EXCLHDCJ6A,19,21,18,21,4852400
10/21/2025,EXCLZPCF6A,41,41,41,41,4000
10/21/2025,EXCLZPCM6A,0,0,0,0,0
10/21/2025,FAPA,6175,6175,6125,6150,4300
10/21/2025,FAST,432,432,432,432,1944500
10/21/2025,FASW,0,0,0,0,0
10/21/2025,FILM,5300,5700,5200,5400,9449500
10/21/2025,FIMP,0,0,0,0,0
10/21/2025,FIRE,77,84,77,81,15741400
10/21/2025,FISH,2000,2030,1895,1935,53500
10/21/2025,FITT,800,1040,710,1040,3678600
10/21/2025,FLMC,150,165,146,165,10442000
10/21/2025,FMII,352,358,330,346,20000
10/21/2025,FOLK,188,188,188,188,1506500
10/21/2025,FOOD,198,216,198,216,1348000
10/21/2025,FORE,555,560,540,550,6756600
10/21/2025,FORU,1120,1170,1095,1135,131200
10/21/2025,FPNI,190,194,186,192,1839000
10/21/2025,FUJI,770,770,770,770,646900
10/21/2025,FUTR,590,730,575,725,368608600
10/21/2025,FWCT,150,152,140,147,8359000
10/21/2025,GAMA,0,0,0,0,0
10/21/2025,GDST,114,115,112,113,1240200
10/21/2025,GDYR,1080,1100,1075,1080,80300
10/21/2025,GEMA,109,109,107,107,3131900
10/21/2025,GEMS,8900,8950,8875,8900,76000
10/21/2025,GGRM,11850,12250,11750,11950,675000
10/21/2025,GGRMZPCG6A,91,94,86,90,779800
10/21/2025,GGRP,222,226,220,224,706000
10/21/2025,GHON,1660,1670,1650,1665,2400
10/21/2025,GIAA,114,114,114,114,88076100
10/21/2025,GJTL,980,995,975,995,4155800
10/21/2025,GJTLZPCJ6A,19,19,19,19,900
10/21/2025,GLOB,118,129,118,129,60100
10/21/2025,GLVA,328,332,324,330,12800
10/21/2025,GMFI,87,89,87,88,7259200
10/21/2025,GMTD,2070,2210,2030,2040,9400
10/21/2025,GOLD,392,428,322,326,10047500
10/21/2025,GOLF,202,206,200,204,1074800
10/21/2025,GOLL,0,0,0,0,0
10/21/2025,GOOD,368,368,360,362,1063400
10/21/2025,GOTO,55,56,54,56,1916916800
10/21/2025,GOTOBQCJ6A,7,8,7,7,2784100
10/21/2025,GOTOBQCZ5A,3,4,3,4,9902700
10/21/2025,GOTODRCG6A,7,7,6,7,1024700
10/21/2025,GOTOHDCK6A,13,14,13,14,12900
10/21/2025,GOTOM,0,0,0,0,0
10/21/2025,GOTOZPCH6A,0,0,0,0,0
10/21/2025,GOTOZPCK6A,11,12,11,12,25500
10/21/2025,GPRA,130,136,128,133,51690300
10/21/2025,GPSO,825,970,795,850,23767900
10/21/2025,GRIA,116,116,109,112,2340300
10/21/2025,GRPH,65,66,63,65,3307900
10/21/2025,GRPM,60,62,60,61,827200
10/21/2025,GRPM-W,17,17,16,17,3238800
10/21/2025,GSMF,86,90,86,88,989100
10/21/2025,GTBO,222,224,216,218,206300
10/21/2025,GTRA,284,304,278,284,3639000
10/21/2025,GTSI,143,169,133,136,2546253100
10/21/2025,GULA,448,460,438,440,7919200
10/21/2025,GUNA,248,276,244,262,10674600
10/21/2025,GWSA,143,143,139,140,31400
10/21/2025,GZCO,328,358,318,326,352392500
10/21/2025,HADE,25,27,25,27,5690000
10/21/2025,HAIS,200,220,195,208,12818200
10/21/2025,HAJJ,118,120,116,117,12425100
10/21/2025,HAJJ-W,16,16,14,15,4087100
10/21/2025,HALO,141,149,128,139,185208700
10/21/2025,HALO-W,17,19,17,18,12283300
10/21/2025,HATM,254,264,254,260,28241500
10/21/2025,HBAT,162,182,152,182,1859700
10/21/2025,HDFA,156,163,156,160,141500
10/21/2025,HDIT,49,55,49,55,9450100
10/21/2025,HEAL,1520,1525,1490,1510,7497400
10/21/2025,HEALBQCZ5A,0,0,0,0,0
10/21/2025,HEALDRCJ6A,32,32,32,32,600000
10/21/2025,HEALHDCH6A,0,0,0,0,0
10/21/2025,HEALYUCZ5A,0,0,0,0,0
10/21/2025,HEALZPCH6A,0,0,0,0,0
10/21/2025,HELI,236,240,234,240,31600
10/21/2025,HERO,605,610,550,600,86700
10/21/2025,HEXA,4550,4660,4530,4660,392100
10/21/2025,HGII,168,168,163,167,14180300
10/21/2025,HILL,156,204,155,161,69416200
10/21/2025,HITS,0,0,0,0,0
10/21/2025,HKMU,0,0,0,0,0
10/21/2025,HMSP,725,735,715,730,43067000
10/21/2025,HOKI,77,78,76,77,49623500
10/21/2025,HOME,0,0,0,0,0
10/21/2025,HOMI,390,436,354,376,5105300
10/21/2025,HOPE,146,147,142,146,24714500
10/21/2025,HOTL,0,0,0,0,0
10/21/2025,HRME,37,44,37,43,1003100
10/21/2025,HRTA,1430,1460,1335,1355,61577700
10/21/2025,HRUM,1090,1145,1080,1130,26144900
10/21/2025,HRUMDRCN6A,45,49,44,47,267100
10/21/2025,HRUMHDCK6A,55,59,54,59,608300
10/21/2025,HRUMZPCG6A,0,0,0,0,0
10/21/2025,HRUMZPCM6A,36,36,35,35,1500
10/21/2025,HUMI,142,150,131,133,599170900
10/21/2025,HUMI-W,21,23,19,20,51222100
10/21/2025,HYGN,165,166,163,166,540600
10/21/2025,IATA,69,75,69,70,5437500
10/21/2025,IATA-W,28,28,28,28,2000
10/21/2025,IBFN,39,39,39,39,94500
10/21/2025,IBOS,54,54,49,53,15805600
10/21/2025,IBST,5100,5100,5100,5100,300
10/21/2025,ICBP,9500,9500,9225,9275,3346700
10/21/2025,ICBPDRCX6A,3850,3850,3850,3850,1000
10/21/2025,ICBPHDCJ6A,42,44,40,40,661400
10/21/2025,ICBPZPCX5A,14,14,12,12,236300
10/21/2025,ICON,48,50,48,50,348600
10/21/2025,IDEA,74,75,69,75,24752100
10/21/2025,IDPR,396,396,396,396,801000
10/21/2025,IFII,228,230,226,226,231700
10/21/2025,IFSH,805,805,775,775,1300
10/21/2025,IGAR,500,505,500,505,3000
10/21/2025,IIKP,0,0,0,0,0
10/21/2025,IKAI,17,17,17,17,63347400
10/21/2025,IKAN,123,124,112,114,20392800
10/21/2025,IKBI,505,520,500,500,169100
10/21/2025,IKPM,240,244,236,242,1396800
10/21/2025,IMAS,1095,1150,1095,1130,416800
10/21/2025,IMJS,242,256,238,250,27492700
10/21/2025,IMPC,2640,2660,2570,2590,17095600
10/21/2025,INAF,0,0,0,0,0
10/21/2025,INAI,151,155,151,152,109300
10/21/2025,INCF,46,46,46,46,486400
10/21/2025,INCI,615,625,610,615,70200
10/21/2025,INCO,4340,4420,4270,4320,4880100
10/21/2025,INCOBQCF6A,81,81,81,81,1500
10/21/2025,INCOBQCJ6A,55,58,55,57,520700
10/21/2025,INCOBQCV5A,5,5,1,2,10401400
10/21/2025,INCODRCG6A,0,0,0,0,0
10/21/2025,INCODRCK6A,96,96,96,96,1500
10/21/2025,INCODRCX5A,0,0,0,0,0
10/21/2025,INCOHDCJ6A,112,112,112,112,1000
10/21/2025,INCOYUCZ5A,0,0,0,0,0
10/21/2025,INCOZPCK6A,56,56,56,56,150000
10/21/2025,INCOZPCX5A,0,0,0,0,0
10/21/2025,INDF,7325,7325,7175,7275,4968000
10/21/2025,INDFBQCV5A,2,2,1,1,13034000
10/21/2025,INDFDRCX6A,3670,3670,3670,3670,1000
10/21/2025,INDFHDCJ6A,20,20,19,20,840600
10/21/2025,INDO,240,244,238,242,4091400
10/21/2025,INDR,3250,3370,3150,3290,74700
10/21/2025,INDS,226,232,224,226,496800
10/21/2025,INDX,170,212,168,212,173023700
10/21/2025,INDY,2500,2570,2350,2420,40945100
10/21/2025,INDYDRCN6A,148,160,134,139,787300
10/21/2025,INDYHDCJ6A,302,302,270,270,12100
10/21/2025,INDYZPCG6A,155,155,152,153,28900
10/21/2025,INET,272,282,272,272,108048900
10/21/2025,INET-W,184,189,180,181,2415700
10/21/2025,INKP,7500,7550,7425,7450,2887700
10/21/2025,INKPBQCX5A,0,0,0,0,0
10/21/2025,INKPDRCF6A,0,0,0,0,0
10/21/2025,INKPDRCG6A,0,0,0,0,0
10/21/2025,INKPHDCK6A,0,0,0,0,0
10/21/2025,INKPZPCF6A,0,0,0,0,0
10/21/2025,INKPZPCK6A,31,31,31,31,3200
10/21/2025,INOV,98,100,97,99,521600
10/21/2025,INPC,152,155,150,152,10086300
10/21/2025,INPP,630,690,620,690,224900
10/21/2025,INPS,111,121,111,121,1192200
10/21/2025,INRU,755,755,710,720,38100
10/21/2025,INTA,42,42,41,41,1844900
10/21/2025,INTD,208,226,204,220,270200
10/21/2025,INTP,6275,6300,6000,6050,804500
10/21/2025,INTPDRCN6A,56,56,56,56,100
10/21/2025,INTPHDCM6A,0,0,0,0,0
10/21/2025,INTPZPCG6A,0,0,0,0,0
10/21/2025,INTPZPCM6A,0,0,0,0,0
10/21/2025,IOTF,85,89,85,89,24358300
10/21/2025,IPAC,362,362,352,352,314400
10/21/2025,IPCC,1125,1145,1110,1120,7150500
10/21/2025,IPCM,310,312,308,310,983300
10/21/2025,IPOL,142,142,138,140,48000
10/21/2025,IPPE,0,0,0,0,0
10/21/2025,IPTV,38,40,38,40,6327000
10/21/2025,IRRA,444,450,438,442,944000
10/21/2025,IRSX,258,258,256,256,8701300
10/21/2025,ISAP,32,35,31,34,52646200
10/21/2025,ISAP-W,18,20,17,19,25971700
10/21/2025,ISAT,1815,1920,1810,1920,28596300
10/21/2025,ISATBQCJ6A,41,41,40,40,4000
10/21/2025,ISATDRCG6A,33,38,33,36,3355400
10/21/2025,ISATDRCX5A,28,28,28,28,100
10/21/2025,ISATHDCJ6A,12,16,12,16,11080500
10/21/2025,ISATZPCF6A,25,25,25,25,13300
10/21/2025,ISEA,87,91,82,86,15232000
10/21/2025,ISSP,406,412,404,406,1620400
10/21/2025,ITIC,366,370,334,354,5029000
10/21/2025,ITMA,1465,1480,1360,1410,480500
10/21/2025,ITMG,22450,22650,22450,22550,1169100
10/21/2025,ITMGDRCV6A,0,0,0,0,0
10/21/2025,ITMGHDCJ6A,140,142,140,142,12500
10/21/2025,ITMGZPCJ6A,0,0,0,0,0
10/21/2025,JARR,3120,3120,3120,3120,4282800
10/21/2025,JAST,87,87,83,84,4073600
10/21/2025,JATI,115,115,111,112,2311400
10/21/2025,JAWA,154,157,152,156,3089000
10/21/2025,JAYA,101,104,101,102,386800
10/21/2025,JECC,1130,1185,1115,1145,81400
10/21/2025,JGLE,19,19,19,19,50606000
10/21/2025,JIHD,595,605,590,605,1973300
10/21/2025,JKON,86,86,83,84,5480200
10/21/2025,JMAS,164,167,153,156,11134500
10/21/2025,JPFA,2410,2420,2340,2390,13700300
10/21/2025,JPFABQCZ5A,0,0,0,0,0
10/21/2025,JPFADRCJ6A,116,118,114,114,45200
10/21/2025,JPFAHDCZ5A,0,0,0,0,0
10/21/2025,JPFAZPCG6A,0,0,0,0,0
10/21/2025,JRPT,860,870,855,870,515200
10/21/2025,JSKY,0,0,0,0,0
10/21/2025,JSMR,3900,3990,3820,3960,9037800
10/21/2025,JSMRDRCK6A,81,87,78,86,64500
10/21/2025,JSMRHDCH6A,131,131,131,131,4100
10/21/2025,JSMRZPCG6A,52,57,49,56,719900
10/21/2025,JSPT,3840,3890,3650,3740,22600
10/21/2025,JTPE,332,334,330,334,450700
10/21/2025,KAEF,600,620,600,615,1817100
10/21/2025,KAQI,67,68,65,67,3877900
10/21/2025,KARW,442,442,406,406,651700
10/21/2025,KAYU,0,0,0,0,0
10/21/2025,KBAG,47,47,46,46,2004700
10/21/2025,KBLI,316,322,314,320,323500
10/21/2025,KBLM,360,360,344,358,444700
10/21/2025,KBLV,216,258,216,242,35727300
10/21/2025,KBRI,0,0,0,0,0
10/21/2025,KDSI,468,472,460,464,5700
10/21/2025,KDTN,111,111,106,109,206400
10/21/2025,KEEN,1010,1160,1010,1070,26739300
10/21/2025,KEJU,720,730,705,715,1786400
10/21/2025,KETR,550,595,550,585,8748100
10/21/2025,KIAS,0,0,0,0,0
10/21/2025,KICI,226,236,208,220,1794300
10/21/2025,KIJA,180,181,178,181,14584000
10/21/2025,KING,208,208,202,204,309900
10/21/2025,KING-W,12,13,12,13,2262200
10/21/2025,KINO,1210,1220,1185,1215,35100
10/21/2025,KIOS,67,71,66,71,9130800
10/21/2025,KJEN,192,195,188,193,2433500
10/21/2025,KKES,32,32,29,29,2082900
10/21/2025,KKGI,376,384,372,376,6534400
10/21/2025,KLAS,129,131,127,129,7085800
10/21/2025,KLBF,1230,1230,1190,1220,61675400
10/21/2025,KLBFBQCJ6A,0,0,0,0,0
10/21/2025,KLBFBQCV5A,1,2,1,1,26477000
10/21/2025,KLBFDRCG6A,15,16,14,14,743900
10/21/2025,KLBFHDCK6A,0,0,0,0,0
10/21/2025,KLBFZPCF6A,16,17,16,16,74700
10/21/2025,KLBFZPCJ6A,0,0,0,0,0
10/21/2025,KLIN,182,190,179,186,609800
10/21/2025,KMDS,645,665,625,645,29300
10/21/2025,KMTR,284,286,280,286,373800
10/21/2025,KOBX,148,156,147,151,3692000
10/21/2025,KOCI,82,85,81,81,3573700
10/21/2025,KOCI-W,16,17,14,16,4577100
10/21/2025,KOIN,71,78,71,78,344400
10/21/2025,KOKA,0,0,0,0,0
10/21/2025,KONI,3030,3780,2580,2680,793800
10/21/2025,KOPI,304,312,300,312,338200
10/21/2025,KOTA,29,31,29,30,9702500
10/21/2025,KPIG,151,154,148,154,108726700
10/21/2025,KRAS,318,346,316,340,43062500
10/21/2025,KREN,17,17,17,17,29855200
10/21/2025,KRYA,191,193,170,174,22317600
10/21/2025,KSIX,254,266,246,250,92500
10/21/2025,KUAS,67,67,66,66,1135600
10/21/2025,LABA,292,292,292,292,2716400
10/21/2025,LABS,142,142,140,141,1070900
10/21/2025,LAJU,67,71,67,69,10351500
10/21/2025,LAND,40,41,40,41,853400
10/21/2025,LAPD,200,210,200,210,35396300
10/21/2025,LCGP,0,0,0,0,0
10/21/2025,LCKM,210,246,206,210,404200
10/21/2025,LEAD,77,84,76,83,69984700
10/21/2025,LFLO,460,466,424,466,411500
10/21/2025,LIFE,10025,10025,9750,9800,6600
10/21/2025,LINK,2530,2530,2530,2530,205600
10/21/2025,LION,440,450,430,440,156300
10/21/2025,LIVE,182,188,179,183,3655700
10/21/2025,LMAS,0,0,0,0,0
10/21/2025,LMAX,78,78,66,70,4128100
10/21/2025,LMPI,146,148,145,148,143400
10/21/2025,LMSH,0,0,0,0,0
10/21/2025,LOPI,87,91,83,88,3774500
10/21/2025,LPCK,595,600,580,595,300000
10/21/2025,LPGI,675,675,625,635,76000
10/21/2025,LPIN,454,462,452,456,190600
10/21/2025,LPKR,93,96,92,93,201632400
10/21/2025,LPLI,620,620,600,600,203700
10/21/2025,LPPF,1620,1650,1620,1640,1342500
10/21/2025,LPPS,148,149,142,143,5039700
10/21/2025,LRNA,179,185,176,177,502300
10/21/2025,LSIP,1365,1370,1345,1360,6575400
10/21/2025,LSIPDRCK6A,43,43,42,42,2300
10/21/2025,LSIPHDCJ6A,0,0,0,0,0
10/21/2025,LSIPYUCZ5A,0,0,0,0,0
10/21/2025,LSIPZPCG6A,0,0,0,0,0
10/21/2025,LTLS,840,850,835,840,146000
10/21/2025,LUCK,93,97,93,95,1498900
10/21/2025,LUCY,99,109,94,101,706200
10/21/2025,MABA,0,0,0,0,0
10/21/2025,MAGP,0,0,0,0,0
10/21/2025,MAHA,140,149,140,143,7366200
10/21/2025,MAIN,790,805,785,800,4122300
10/21/2025,MANG,72,79,66,66,16230800
10/21/2025,MANG-W,24,24,22,23,3595500
10/21/2025,MAPA,645,645,615,620,31909200
10/21/2025,MAPABQCZ5A,14,14,12,12,1341100
10/21/2025,MAPADRCJ6A,15,16,14,14,738200
10/21/2025,MAPAHDCZ5A,22,22,22,22,100
10/21/2025,MAPAZPCH6A,30,30,30,30,3400
10/21/2025,MAPB,1610,1630,1570,1630,3800
10/21/2025,MAPI,1285,1290,1230,1240,19716400
10/21/2025,MAPIBQCV5A,1,2,1,1,16806500
10/21/2025,MAPIDRCX5A,15,15,12,13,2154600
10/21/2025,MAPIHDCK6A,81,81,75,75,4300
10/21/2025,MAPIZPCJ6A,54,54,54,54,2500
10/21/2025,MARI,35,37,35,37,2347400
10/21/2025,MARK,660,675,650,670,14201000
10/21/2025,MASA,0,0,0,0,0
10/21/2025,MASB,3270,3340,3250,3280,1800
10/21/2025,MAXI,56,56,54,55,6581800
10/21/2025,MAYA,240,254,240,248,5739700
10/21/2025,MBAP,1620,1640,1600,1630,150600
10/21/2025,MBMA,585,610,585,605,161661100
10/21/2025,MBMABQCX5A,39,45,37,40,1018700
10/21/2025,MBMADRCG6A,25,28,24,27,6311800
10/21/2025,MBMADRCX5A,65,68,64,68,25300
10/21/2025,MBMADRPX5A,4,4,3,4,3386300
10/21/2025,MBMAHDCH6A,103,103,103,103,5000
10/21/2025,MBMAYUCK6A,128,131,128,131,3500
10/21/2025,MBMAZPCK6A,34,35,33,35,299700
10/21/2025,MBMAZPCX5A,0,0,0,0,0
10/21/2025,MBSS,1525,1545,1445,1465,3337000
10/21/2025,MBTO,242,272,212,224,23301000
10/21/2025,MCAS,815,860,810,845,841600
10/21/2025,MCOL,3600,3650,3600,3640,14100
10/21/2025,MCOR,72,73,71,72,2874400
10/21/2025,MDIA,33,33,33,33,2314900
10/21/2025,MDIY,1050,1065,1050,1060,505300
10/21/2025,MDKA,2320,2430,2320,2370,66054900
10/21/2025,MDKABQCV5A,81,89,78,78,179200
10/21/2025,MDKABQCX5B,19,19,17,17,90800
10/21/2025,MDKADRCG6A,69,73,68,68,430000
10/21/2025,MDKADRCK6A,67,68,65,65,204200
10/21/2025,MDKADRPX5A,0,0,0,0,0
10/21/2025,MDKAHDCZ5A,105,111,105,105,81800
10/21/2025,MDKAHDPH6A,108,108,107,107,200
10/21/2025,MDKAHDPJ6A,55,55,55,55,225000
10/21/2025,MDKAYUCK6A,0,0,0,0,0
10/21/2025,MDKAZPCF6A,61,64,57,57,52500
10/21/2025,MDKI,185,189,180,184,956100
10/21/2025,MDLA,238,240,232,240,2553300
10/21/2025,MDLN,61,64,61,64,8814900
10/21/2025,MDRN,45,45,45,45,15612100
10/21/2025,MEDC,1380,1410,1365,1400,32949200
10/21/2025,MEDCBQCV5A,17,24,14,16,6804100
10/21/2025,MEDCBQCX5B,23,24,23,24,100000
10/21/2025,MEDCBQCZ5A,0,0,0,0,0
10/21/2025,MEDCDRCG6A,41,42,41,42,99000
10/21/2025,MEDCHDCH6A,0,0,0,0,0
10/21/2025,MEDCZPCF6A,41,41,41,41,500000
10/21/2025,MEDS,72,80,71,73,62917800
10/21/2025,MEGA,3300,3300,3250,3260,14900
10/21/2025,MEJA,0,0,0,0,0
10/21/2025,MEJA-W,0,0,0,0,0
10/21/2025,MENN,52,54,50,52,13068500
10/21/2025,MERI,218,222,216,218,1994400
10/21/2025,MERK,2800,2840,2760,2810,24500
10/21/2025,META,0,0,0,0,0
10/21/2025,MFMI,0,0,0,0,0
10/21/2025,MGLV,418,454,410,440,348200
10/21/2025,MGNA,42,42,42,42,855400
10/21/2025,MGNA-W,0,0,0,0,0
10/21/2025,MGRO,765,765,755,760,4671400
10/21/2025,MHKI,272,276,264,266,42907300
10/21/2025,MICE,492,515,492,496,258600
10/21/2025,MIDI,444,444,424,430,10041800
10/21/2025,MIKA,2590,2620,2530,2550,6011200
10/21/2025,MIKADRCV6A,0,0,0,0,0
10/21/2025,MIKAZPCG6A,0,0,0,0,0
10/21/2025,MINA,183,187,178,178,137747300
10/21/2025,MINE,490,555,486,535,16619400
10/21/2025,MIRA,42,44,40,40,14670700
10/21/2025,MITI,316,326,316,322,1511500
10/21/2025,MKAP,350,350,348,348,72700
10/21/2025,MKNT,0,0,0,0,0
10/21/2025,MKPI,24575,24575,24550,24550,6200
10/21/2025,MKTR,140,144,136,137,1714000
10/21/2025,MKTR-W,3,3,2,3,4767100
10/21/2025,MLBI,5875,5975,5800,5900,78500
10/21/2025,MLIA,344,344,342,344,2472500
10/21/2025,MLPL,153,163,147,154,259677900
10/21/2025,MLPT,106200,106200,90300,90300,134700
10/21/2025,MMIX,460,490,450,464,6979000
10/21/2025,MMLP,560,565,560,560,3101900
10/21/2025,MNCN,264,274,262,270,28084700
10/21/2025,MNCNDRCN6A,0,0,0,0,0
10/21/2025,MNCNHDCM6A,27,27,27,27,2300
10/21/2025,MNCNZPCM6A,12,14,12,13,7194700
10/21/2025,MOLI,332,336,318,324,4190600
10/21/2025,MORA,1080,1350,1065,1350,6073600
10/21/2025,MPIX,69,70,68,69,6565300
10/21/2025,MPIX-W,10,10,9,10,2334300
10/21/2025,MPMX,930,940,925,930,3210500
10/21/2025,MPOW,112,113,110,110,402400
10/21/2025,MPPA,63,66,62,64,39289300
10/21/2025,MPRO,6600,6600,5625,6600,1008400
10/21/2025,MPXL,204,206,199,202,2144400
10/21/2025,MRAT,424,448,420,432,708400
10/21/2025,MREI,955,990,930,985,262200
10/21/2025,MSIE,52,53,49,52,3026800
10/21/2025,MSIN,505,520,500,520,30117000
10/21/2025,MSJA,300,300,296,298,3015300
10/21/2025,MSKY,78,87,76,87,11945300
10/21/2025,MSTI,1595,1620,1585,1595,1910400
10/21/2025,MTDL,600,610,590,610,4693800
10/21/2025,MTEL,555,570,550,560,10286500
10/21/2025,MTELDRCK6A,14,14,14,14,100
10/21/2025,MTELHDCM6A,20,20,20,20,200
10/21/2025,MTELZPCM6A,14,15,14,14,3585900
10/21/2025,MTFN,15,15,15,15,35940300
10/21/2025,MTLA,432,436,416,436,369100
10/21/2025,MTMH,1260,1260,1240,1240,7200
10/21/2025,MTPS,55,55,55,55,1170400
10/21/2025,MTRA,0,0,0,0,0
10/21/2025,MTSM,0,0,0,0,0
10/21/2025,MTWI,348,348,346,346,40000
10/21/2025,MUTU,111,111,106,108,1453600
10/21/2025,MYOH,1690,1690,1685,1690,9500
10/21/2025,MYOR,2220,2250,2160,2220,8893500
10/21/2025,MYORDRCK6A,69,69,61,62,625100
10/21/2025,MYORHDCM6A,51,51,51,51,200
10/21/2025,MYORZPCH6A,33,33,33,33,250000
10/21/2025,MYTX,0,0,0,0,0
10/21/2025,NAIK,115,130,114,124,65701700
10/21/2025,NAIK-W,22,24,21,23,10496100
10/21/2025,NANO,54,58,54,58,18892000
10/21/2025,NASA,38,38,33,33,3585900
10/21/2025,NASI,106,111,106,108,3026100
10/21/2025,NATO,145,145,142,143,30300
10/21/2025,NAYZ,158,158,143,147,17251300
10/21/2025,NCKL,1230,1270,1210,1260,75473900
10/21/2025,NCKLBQCM6A,55,57,55,55,98700
10/21/2025,NCKLDRCK6A,58,64,57,61,1105500
10/21/2025,NCKLHDCK6A,83,89,82,89,1455700
10/21/2025,NCKLYUCZ5A,124,129,124,129,166000
10/21/2025,NCKLZPCJ6A,84,87,83,87,276600
10/21/2025,NCKLZPCM6A,40,43,39,42,330600
10/21/2025,NELY,356,360,352,356,632500
10/21/2025,NEST,348,360,336,356,12598700
10/21/2025,NETV,109,109,105,107,3475400
10/21/2025,NFCX,1665,1665,1600,1600,98500
10/21/2025,NICE,436,442,430,434,1808100
10/21/2025,NICK,1235,1235,1180,1230,5000
10/21/2025,NICL,1060,1060,1040,1045,3331100
10/21/2025,NIKL,380,398,376,382,3511900
10/21/2025,NINE,0,0,0,0,0
10/21/2025,NIRO,121,163,121,163,12514000
10/21/2025,NISP,1360,1380,1355,1355,4590800
10/21/2025,NOBU,500,510,498,500,5799000
10/21/2025,NPGF,59,61,58,60,5957200
10/21/2025,NRCA,755,790,730,775,7443000
10/21/2025,NSSS,530,535,515,530,5913100
10/21/2025,NTBK,0,0,0,0,0
10/21/2025,NUSA,0,0,0,0,0
10/21/2025,NZIA,106,107,105,106,595600
10/21/2025,OASA,278,288,278,286,249750200
10/21/2025,OBAT,498,515,490,505,2924100
10/21/2025,OBAT-W,145,148,141,146,187200
10/21/2025,OBMD,270,286,266,270,1998800
10/21/2025,OCAP,0,0,0,0,0
10/21/2025,OILS,190,198,189,194,3060300
10/21/2025,OKAS,166,167,159,165,18613300
10/21/2025,OLIV,115,126,113,113,20851900
10/21/2025,OMED,198,198,196,198,592500
10/21/2025,OMRE,476,476,476,476,500
10/21/2025,OPMS,101,101,91,93,15164700
10/21/2025,PACK,2700,2880,2360,2880,58287600
10/21/2025,PADA,110,110,96,96,28586300
10/21/2025,PADI,81,81,79,81,5282000
10/21/2025,PALM,384,390,382,382,170100
10/21/2025,PAMG,65,66,63,65,7108500
10/21/2025,PANI,14425,14425,14150,14350,6298900
10/21/2025,PANIBQCZ5A,34,34,33,34,687400
10/21/2025,PANIDRCG6A,76,77,76,77,580000
10/21/2025,PANIHDCJ6A,106,109,106,107,1135200
10/21/2025,PANIHDCZ5A,143,146,143,146,9900
10/21/2025,PANIZPCJ6A,67,67,65,65,1653000
10/21/2025,PANR,650,670,640,670,4280500
10/21/2025,PANS,1380,1390,1370,1385,222400
10/21/2025,PART,122,122,117,118,37847400
10/21/2025,PART-W,16,17,15,16,5229700
10/21/2025,PBID,484,486,478,480,1119600
10/21/2025,PBRX,32,35,32,35,18624100
10/21/2025,PBSA,910,920,890,900,610600
10/21/2025,PCAR,34,35,34,35,1301500
10/21/2025,PDES,630,645,605,645,2584600
10/21/2025,PDPP,396,416,394,404,102500
10/21/2025,PEGE,126,127,121,127,1434200
10/21/2025,PEHA,332,340,332,336,126900
10/21/2025,PEVE,490,496,484,492,274200
10/21/2025,PGAS,1700,1730,1680,1710,41770900
10/21/2025,PGASBQCZ5A,0,0,0,0,0
10/21/2025,PGASDRCG6A,60,60,60,60,5000
10/21/2025,PGASDRCG6B,0,0,0,0,0
10/21/2025,PGASHDCK6A,0,0,0,0,0
10/21/2025,PGASZPCJ6A,40,40,40,40,2000000
10/21/2025,PGEO,1305,1350,1300,1335,46905900
10/21/2025,PGEOBQCX5B,5,7,4,6,14085400
10/21/2025,PGEODRCJ6A,29,31,29,30,404000
10/21/2025,PGEOHDCH6A,35,38,35,36,7500
10/21/2025,PGEOHDCH6B,44,47,44,46,5700
10/21/2025,PGEOHDPH6A,127,127,127,127,2800
10/21/2025,PGEOYUCK6A,77,80,77,79,3500
10/21/2025,PGEOZPCJ6A,39,39,39,39,6500
10/21/2025,PGEOZPCM6A,43,45,43,44,80900
10/21/2025,PGJO,1095,1175,1090,1175,4412500
10/21/2025,PGLI,466,466,388,450,13932700
10/21/2025,PGUN,12525,12525,12525,12525,13300
10/21/2025,PICO,240,256,230,246,1879900
10/21/2025,PIPA,338,338,338,338,14544300
10/21/2025,PJAA,545,555,525,525,728800
10/21/2025,PKPK,565,565,535,565,231700
10/21/2025,PLAN,44,47,41,43,7427500
10/21/2025,PLAS,0,0,0,0,0
10/21/2025,PLIN,0,0,0,0,0
10/21/2025,PMJS,116,120,116,120,107700
10/21/2025,PMMP,0,0,0,0,0
10/21/2025,PMUI,150,164,146,164,78705700
10/21/2025,PNBN,1015,1015,995,1010,13878900
10/21/2025,PNBS,52,53,51,53,25058300
10/21/2025,PNGO,3140,3350,2950,3250,379300
10/21/2025,PNIN,785,785,755,785,1003200
10/21/2025,PNLF,240,242,232,236,75540500
10/21/2025,PNLFBQCM6A,18,19,17,18,7128700
10/21/2025,PNLFDRCJ6A,10,10,9,10,385500
10/21/2025,PNLFHDCZ5A,0,0,0,0,0
10/21/2025,PNLFZPCH6A,0,0,0,0,0
10/21/2025,PNSE,740,775,735,750,19900
10/21/2025,POLA,36,36,36,36,984200
10/21/2025,POLI,765,765,755,755,1600
10/21/2025,POLL,0,0,0,0,0
10/21/2025,POLU,26775,27450,24800,26000,26600
10/21/2025,POLY,20,22,20,22,506400
10/21/2025,POOL,0,0,0,0,0
10/21/2025,PORT,1555,1680,1495,1570,493600
10/21/2025,POSA,0,0,0,0,0
10/21/2025,POWR,700,710,695,705,4269700
10/21/2025,PPGL,125,135,118,118,1962000
10/21/2025,PPRE,87,89,83,86,5430900
10/21/2025,PPRI,418,422,400,400,13110300
10/21/2025,PPRO,0,0,0,0,0
10/21/2025,PRAY,750,780,730,755,25300
10/21/2025,PRDA,2540,2570,2540,2570,40500
10/21/2025,PRIM,79,82,78,81,3910900
10/21/2025,PSAB,660,670,615,615,219044300
10/21/2025,PSAT,1365,1385,1365,1365,785700
10/21/2025,PSDN,107,112,105,106,5273400
10/21/2025,PSGO,264,264,252,252,1702600
10/21/2025,PSKT,125,132,125,132,12402000
10/21/2025,PSSI,344,346,340,346,75300
10/21/2025,PTBA,2270,2340,2270,2340,16072500
10/21/2025,PTBABQCV5A,2,3,2,2,69400
10/21/2025,PTBADRCG6A,15,17,15,16,74983900
10/21/2025,PTBAHDCM6A,51,51,51,51,24200
10/21/2025,PTBAYUCZ5A,69,72,68,72,2300
10/21/2025,PTBAZPCH6A,31,32,30,32,834100
10/21/2025,PTDU,0,0,0,0,0
10/21/2025,PTIS,402,410,398,406,31000
10/21/2025,PTMP,84,86,82,84,3676100
10/21/2025,PTMR,0,0,0,0,0
10/21/2025,PTPP,384,398,382,386,19098700
10/21/2025,PTPS,222,224,212,218,26886200
10/21/2025,PTPW,935,940,935,940,12700
10/21/2025,PTRO,6775,7100,6775,6875,45997300
10/21/2025,PTRODRCG6A,185,198,183,183,153700
10/21/2025,PTROHDCK6A,348,362,348,354,3691500
10/21/2025,PTROYUCK6A,356,356,352,352,4200
10/21/2025,PTROZPCK6A,179,181,175,175,625600
10/21/2025,PTSN,440,450,440,448,653700
10/21/2025,PTSP,935,960,890,925,63800
10/21/2025,PUDP,795,795,680,680,883300
10/21/2025,PURA,29,30,29,29,4041200
10/21/2025,PURE,0,0,0,0,0
10/21/2025,PURI,290,314,280,300,12063900
10/21/2025,PWON,366,374,360,370,66805200
10/21/2025,PWONDRCN6A,30,30,29,29,3400
10/21/2025,PWONHDCZ5A,56,61,56,61,1800
10/21/2025,PWONZPCH6A,29,31,29,31,2200
10/21/2025,PYFA,515,565,515,555,43911500
10/21/2025,PYFA-W,117,120,116,117,84100
10/21/2025,PZZA,258,264,254,254,3169100
10/21/2025,R-ABFII,0,0,0,0,0
10/21/2025,R-LQ45X,980,995,980,995,19200
10/21/2025,RAAM,268,286,258,264,15256500
10/21/2025,RAFI,22,22,22,22,2576000
10/21/2025,RAJA,4500,4740,4470,4550,59493300
10/21/2025,RAJADRCG6A,218,244,218,220,4925600
10/21/2025,RAJAHDCK6A,214,224,212,214,400300
10/21/2025,RAJAZPCK6A,108,115,107,107,260300
10/21/2025,RALS,394,402,394,398,3483700
10/21/2025,RANC,880,880,880,880,408100
10/21/2025,RATU,8000,8550,7925,8225,18301500
10/21/2025,RBMS,38,38,37,37,288300
10/21/2025,RCCC,240,240,230,230,144300
10/21/2025,RDTX,0,0,0,0,0
10/21/2025,REAL,71,72,66,66,159765600
10/21/2025,RELF,42,43,41,41,8486400
10/21/2025,RELI,650,650,610,620,12500
10/21/2025,RGAS,94,95,92,95,13014600
10/21/2025,RICY,66,66,66,66,142800
10/21/2025,RIGS,790,800,785,795,43100
10/21/2025,RIMO,0,0,0,0,0
10/21/2025,RISE,7300,7300,7300,7300,3084200
10/21/2025,RMKE,2040,2260,2040,2200,10973800
10/21/2025,RMKO,212,216,212,212,16014400
10/21/2025,ROCK,625,625,570,620,600
10/21/2025,RODA,41,41,37,40,195800
10/21/2025,RONY,2880,2880,2700,2700,49600
10/21/2025,ROTI,790,795,785,790,127900
10/21/2025,RSCH,380,384,376,376,10028100
10/21/2025,RSGK,0,0,0,0,0
10/21/2025,RUIS,193,197,192,195,802200
10/21/2025,RUNS,90,97,83,87,2908300
10/21/2025,SAFE,185,185,175,184,1679800
10/21/2025,SAGE,31,35,31,35,8761400
10/21/2025,SAME,306,312,306,308,426300
10/21/2025,SAMF,314,316,310,314,457700
10/21/2025,SAPX,298,298,288,290,386700
10/21/2025,SATU,244,246,244,246,4203900
10/21/2025,SBAT,0,0,0,0,0
10/21/2025,SBMA,138,139,135,136,984600
10/21/2025,SCCO,2340,2370,2320,2330,43100
10/21/2025,SCMA,374,376,364,368,95720100
10/21/2025,SCMABQCZ5A,0,0,0,0,0
10/21/2025,SCMADRCG6A,29,31,27,31,1040500
10/21/2025,SCMADRCK6A,126,126,126,126,4000
10/21/2025,SCMAHDCK6A,55,56,54,55,88900
10/21/2025,SCMAHDCZ5A,368,368,364,364,253000
10/21/2025,SCMAYUCK6A,94,94,92,93,25500
10/21/2025,SCMAZPCG6A,212,212,212,212,2400
10/21/2025,SCMAZPCM6A,58,58,55,56,310800
10/21/2025,SCNP,168,208,163,175,4805100
10/21/2025,SCPI,0,0,0,0,0
10/21/2025,SDMU,71,71,64,64,3500300
10/21/2025,SDPC,136,138,135,135,181800
10/21/2025,SDRA,280,282,280,280,423300
10/21/2025,SEMA,97,98,96,97,209100
10/21/2025,SFAN,1915,1920,1915,1920,73400
10/21/2025,SGER,442,484,398,480,1097083900
10/21/2025,SGRO,5625,5775,5400,5575,2200600
10/21/2025,SHID,870,870,820,860,13300
10/21/2025,SHIP,6025,6025,5500,5675,84600
10/21/2025,SICO,129,130,128,129,2014700
10/21/2025,SIDO,560,565,550,555,21525600
10/21/2025,SIDODRCK6A,32,32,30,31,56800
10/21/2025,SIDOZPCM6A,18,18,18,18,14300
10/21/2025,SILO,1880,1900,1860,1885,853700
10/21/2025,SIMA,0,0,0,0,0
10/21/2025,SIMP,615,625,615,620,8743900
10/21/2025,SINI,4600,4610,4600,4610,91500
10/21/2025,SIPD,710,710,710,710,100
10/21/2025,SKBM,436,438,410,422,251000
10/21/2025,SKLT,199,204,194,202,455800
10/21/2025,SKRN,625,650,610,650,960300
10/21/2025,SKYB,0,0,0,0,0
10/21/2025,SLIS,84,89,82,83,28895400
10/21/2025,SLIS-W,17,18,15,17,4208800
10/21/2025,SMAR,5075,5400,5000,5100,209800
10/21/2025,SMBR,264,272,260,266,9372100
10/21/2025,SMCB,0,0,0,0,0
10/21/2025,SMDM,870,890,840,865,246200
10/21/2025,SMDR,306,314,302,310,12475100
10/21/2025,SMGA,106,123,106,117,441763000
10/21/2025,SMGR,2550,2610,2500,2570,6144800
10/21/2025,SMGRBQCX5B,23,26,23,26,53600
10/21/2025,SMGRBQCZ5A,8,9,6,9,2643000
10/21/2025,SMGRDRCG6A,34,48,34,34,21214600
10/21/2025,SMGRHDCZ5A,53,58,53,58,200
10/21/2025,SMGRZPCJ6A,42,43,42,43,1500000
10/21/2025,SMIL,575,585,550,575,126175700
10/21/2025,SMKL,167,170,166,167,96800
10/21/2025,SMKM,165,175,156,156,41918500
10/21/2025,SMLE,338,338,308,322,16768600
10/21/2025,SMMA,13500,13500,13100,13200,33100
10/21/2025,SMMT,1345,1450,1345,1400,208000
10/21/2025,SMRA,390,404,388,398,75631600
10/21/2025,SMRADRCG6A,0,0,0,0,0
10/21/2025,SMRADRCJ6A,0,0,0,0,0
10/21/2025,SMRAHDCZ5A,0,0,0,0,0
10/21/2025,SMRAZPCH6A,39,40,39,40,4800
10/21/2025,SMRU,0,0,0,0,0
10/21/2025,SMSM,1850,1850,1805,1805,594900
10/21/2025,SNLK,404,410,400,408,9623500
10/21/2025,SOCI,222,230,220,222,11153800
10/21/2025,SOFA,195,195,195,195,1761300
10/21/2025,SOHO,1195,1195,1025,1170,108700
10/21/2025,SOLA,136,138,134,136,13123400
10/21/2025,SONA,3000,3120,2900,2900,159800
10/21/2025,SOSS,1185,1400,1020,1165,561900
10/21/2025,SOTS,330,348,314,328,108600
10/21/2025,SOUL,79,83,77,80,743700
10/21/2025,SPMA,350,356,348,350,520300
10/21/2025,SPRE,91,106,91,104,728600
10/21/2025,SPTO,640,645,635,640,1170800
10/21/2025,SQMI,0,0,0,0,0
10/21/2025,SRAJ,11650,11825,9925,11825,3648800
10/21/2025,SRIL,0,0,0,0,0
10/21/2025,SRSN,68,68,65,67,20568000
10/21/2025,SRTG,1665,1735,1655,1700,8299700
10/21/2025,SRTGDRCK6A,66,73,66,73,17200
10/21/2025,SRTGHDCK6A,67,74,65,74,38200
10/21/2025,SRTGZPCG6A,69,69,68,68,35900
10/21/2025,SRTGZPCK6A,34,34,33,33,105000
10/21/2025,SSIA,1815,1860,1800,1820,21347800
10/21/2025,SSMS,1640,1700,1625,1700,7760200
10/21/2025,SSTM,392,440,352,440,4024700
10/21/2025,STAA,1735,1805,1690,1765,20982800
10/21/2025,STAR,73,80,73,80,71300
10/21/2025,STRK,159,160,146,156,12750200
10/21/2025,STTP,10200,10375,10100,10350,3500
10/21/2025,SUGI,0,0,0,0,0
10/21/2025,SULI,150,180,148,153,34477400
10/21/2025,SUNI,800,800,790,800,781000
10/21/2025,SUPR,0,0,0,0,0
10/21/2025,SURE,2650,2780,2620,2690,6500
10/21/2025,SURI,102,102,99,101,4529000
10/21/2025,SWAT,0,0,0,0,0
10/21/2025,SWID,89,93,88,89,1231400
10/21/2025,TALF,400,490,400,420,335700
10/21/2025,TAMA,34,34,34,34,503700
10/21/2025,TAMU,26,26,26,26,10741800
10/21/2025,TAPG,1870,1885,1850,1855,5978800
10/21/2025,TAPGDRCG6A,0,0,0,0,0
10/21/2025,TAPGDRCJ6A,0,0,0,0,0
10/21/2025,TAPGHDCH6A,0,0,0,0,0
10/21/2025,TAPGZPCH6A,154,154,154,154,500
10/21/2025,TAPGZPCM6A,50,50,49,49,400
10/21/2025,TARA,29,30,29,30,1564200
10/21/2025,TAXI,13,15,13,15,187409500
10/21/2025,TAYS,71,73,70,72,4515300
10/21/2025,TBIG,1930,1930,1885,1900,337600
10/21/2025,TBLA,740,765,735,765,8313200
10/21/2025,TBMS,1490,1500,1260,1475,115000
10/21/2025,TCID,3050,3180,3050,3140,6200
10/21/2025,TCPI,6425,6550,6250,6550,7659800
10/21/2025,TDPM,0,0,0,0,0
10/21/2025,TEBE,1930,2100,1930,1930,27080400
10/21/2025,TECH,0,0,0,0,0
10/21/2025,TELE,0,0,0,0,0
10/21/2025,TFAS,262,280,246,254,7604500
10/21/2025,TFCO,0,0,0,0,0
10/21/2025,TGKA,5500,5500,5425,5425,400
10/21/2025,TGRA,0,0,0,0,0
10/21/2025,TGUK,0,0,0,0,0
10/21/2025,TIFA,404,404,400,402,14900
10/21/2025,TINS,0,0,0,0,0
10/21/2025,TIRA,1445,1495,1385,1425,48700
10/21/2025,TIRT,0,0,0,0,0
10/21/2025,TKIM,7050,7075,6950,7000,933800
10/21/2025,TKIMDRCN6A,0,0,0,0,0
10/21/2025,TKIMHDCJ6A,61,61,61,61,700
10/21/2025,TKIMZPCG6A,88,88,88,88,6000
10/21/2025,TKIMZPCK6A,27,27,27,27,21300
10/21/2025,TLDN,825,835,810,820,978300
10/21/2025,TLKM,2970,3290,2970,3280,223104600
10/21/2025,TLKMBQCG6A,0,0,0,0,0
10/21/2025,TLKMBQCJ6A,45,60,45,60,123400
10/21/2025,TLKMBQCV5A,3,9,2,8,6298600
10/21/2025,TLKMDRCJ6A,63,85,63,85,25805500
10/21/2025,TLKMDRCX6A,0,0,0,0,0
10/21/2025,TLKMHDCJ6A,40,58,40,57,588800
10/21/2025,TLKMYUCK6A,112,116,112,116,10300
10/21/2025,TLKMZPCF6A,76,89,76,89,8100
10/21/2025,TLKMZPCM6A,41,52,41,52,51700
10/21/2025,TMAS,128,130,127,129,5204600
10/21/2025,TMPO,165,167,163,167,1175100
10/21/2025,TNCA,250,250,230,234,1816800
10/21/2025,TOBA,1135,1165,1125,1125,36916200
10/21/2025,TOOL,56,59,53,54,23600800
10/21/2025,TOPS,0,0,0,0,0
10/21/2025,TOSK,75,89,74,75,535308100
10/21/2025,TOTL,905,905,880,885,1916300
10/21/2025,TOTO,272,274,268,272,701900
10/21/2025,TOWR,550,550,540,545,15635400
10/21/2025,TOWRDRCN6A,19,20,19,19,281900
10/21/2025,TOWRHDCK6A,25,25,25,25,3116700
10/21/2025,TOYS,0,0,0,0,0
10/21/2025,TPIA,7050,7175,7050,7175,5941900
10/21/2025,TPMA,570,575,565,570,4928300
10/21/2025,TRAM,0,0,0,0,0
10/21/2025,TRGU,178,185,177,179,420700
10/21/2025,TRIL,0,0,0,0,0
10/21/2025,TRIM,498,555,498,550,2411300
10/21/2025,TRIN,276,276,276,276,21772200
10/21/2025,TRIN-W2,0,0,0,0,0
10/21/2025,TRIO,0,0,0,0,0
10/21/2025,TRIS,180,183,177,182,252100
10/21/2025,TRJA,167,167,161,165,2401800
10/21/2025,TRON,78,80,76,78,6680100
10/21/2025,TRST,482,484,474,484,23300
10/21/2025,TRUE,125,125,125,125,58889400
10/21/2025,TRUK,308,312,280,290,2234500
10/21/2025,TRUS,440,446,422,438,41100
10/21/2025,TSPC,2680,2680,2600,2660,2210400
10/21/2025,TUGU,1025,1170,1025,1115,35116800
10/21/2025,TYRE,128,130,125,128,49700
10/21/2025,UANG,2600,3020,2600,2890,2290100
10/21/2025,UCID,462,462,456,456,421700
10/21/2025,UDNG,2100,2160,2020,2140,320700
10/21/2025,UFOE,197,214,194,199,4543600
10/21/2025,ULTJ,1355,1360,1335,1340,1538100
10/21/2025,UNIC,8100,8100,8000,8000,2600
10/21/2025,UNIQ,362,364,356,360,24674600
10/21/2025,UNIT,0,0,0,0,0
10/21/2025,UNSP,163,163,162,162,109900
10/21/2025,UNTD,85,85,84,84,6747700
10/21/2025,UNTR,26800,26975,26475,26950,4098600
10/21/2025,UNTRBQCV5A,79,87,79,83,500
10/21/2025,UNTRDRCG6A,169,170,169,170,162000
10/21/2025,UNTRHDCM6A,0,0,0,0,0
10/21/2025,UNTRZPCJ6A,162,163,159,159,18000
10/21/2025,UNVR,2100,2110,2020,2050,29597600
10/21/2025,UNVRBQCZ5A,111,112,111,112,29700
10/21/2025,UNVRDRCG6A,71,71,68,69,265200
10/21/2025,UNVRHDCM6A,0,0,0,0,0
10/21/2025,UNVRHDPG6A,47,49,47,49,351000
10/21/2025,UNVRZPCH6A,70,70,67,68,422300
10/21/2025,UNVRZPCM6A,0,0,0,0,0
10/21/2025,URBN,141,142,139,141,478200
10/21/2025,UVCR,65,70,65,69,5670500
10/21/2025,VAST,150,151,149,151,231700
10/21/2025,VAST-W,12,13,12,12,443300
10/21/2025,VERN,121,122,117,119,1214400
10/21/2025,VICI,615,615,595,615,10300
10/21/2025,VICO,184,185,179,181,540600
10/21/2025,VINS,145,145,139,140,3464500
10/21/2025,VISI,192,195,191,193,6810300
10/21/2025,VIVA,31,32,31,32,2894600
10/21/2025,VKTR,300,304,288,300,38464600
10/21/2025,VOKS,274,274,266,274,75300
10/21/2025,VRNA,82,86,80,85,92100
10/21/2025,VTNY,93,94,92,93,17919500
10/21/2025,WAPO,230,292,210,292,115772600
10/21/2025,WEGE,62,67,62,63,18921200
10/21/2025,WEHA,103,107,103,106,2447200
10/21/2025,WGSH,240,258,232,248,1955600
10/21/2025,WICO,0,0,0,0,0
10/21/2025,WIDI,35,38,33,38,16162200
10/21/2025,WIFI,3300,3390,3200,3200,129567900
10/21/2025,WIIM,1150,1170,1115,1155,5743300
10/21/2025,WIKA,0,0,0,0,0
10/21/2025,WINE,200,200,195,197,2868700
10/21/2025,WINR,35,37,35,37,14629000
10/21/2025,WINS,420,428,420,428,643100
10/21/2025,WIRG,118,122,118,121,174029100
10/21/2025,WMPP,0,0,0,0,0
10/21/2025,WMUU,32,33,32,33,27400300
10/21/2025,WOMF,332,336,330,332,94900
10/21/2025,WOOD,484,505,476,492,5695100
10/21/2025,WOWS,71,78,71,75,48436300
10/21/2025,WSBP,25,27,25,27,42502600
10/21/2025,WSKT,0,0,0,0,0
10/21/2025,WTON,99,101,98,100,7523000
10/21/2025,XAQA,0,0,0,0,0
10/21/2025,XBES,0,0,0,0,0
10/21/2025,XBID,525,525,525,525,40000
10/21/2025,XBIG,0,0,0,0,0
10/21/2025,XBIN,597,597,597,597,40000
10/21/2025,XBLQ,0,0,0,0,0
10/21/2025,XBNI,0,0,0,0,0
10/21/2025,XBSK,449,449,449,449,40000
10/21/2025,XCEG,103,106,103,106,118000
10/21/2025,XCID,50,51,50,51,64600
10/21/2025,XCIS,73,89,73,86,61200
10/21/2025,XCLQ,90,103,76,91,766300
10/21/2025,XDIF,0,0,0,0,0
10/21/2025,XIFE,100,110,92,105,6500
10/21/2025,XIHD,615,650,615,630,2100
10/21/2025,XIIC,0,0,0,0,0
10/21/2025,XIID,504,505,504,505,400
10/21/2025,XIIF,452,457,452,457,119000
10/21/2025,XIIT,513,527,513,527,23500
10/21/2025,XIJI,670,676,670,676,40900
10/21/2025,XILV,97,121,97,112,253500
10/21/2025,XIML,206,243,206,243,20600
10/21/2025,XIPB,178,201,178,185,69500
10/21/2025,XIPI,221,221,221,221,5000
10/21/2025,XISB,0,0,0,0,0
10/21/2025,XISC,1170,1170,1170,1170,200
10/21/2025,XISI,332,332,332,332,100
10/21/2025,XISR,445,445,441,441,2600
10/21/2025,XKID,973,973,973,973,1200
10/21/2025,XKIV,601,604,601,604,40100
10/21/2025,XKMS,1155,1168,1155,1168,200100
10/21/2025,XMGB,1138,1138,1138,1138,100
10/21/2025,XMIG,219,219,219,219,200
10/21/2025,XMLF,895,899,895,899,55000
10/21/2025,XMSK,387,387,387,387,100
10/21/2025,XNVE,0,0,0,0,0
10/21/2025,XPDV,610,755,610,622,16400
10/21/2025,XPFT,561,561,561,561,1000
10/21/2025,XPIN,649,657,649,657,700
10/21/2025,XPLQ,531,532,531,532,9200
10/21/2025,XPSG,395,406,394,406,9400
10/21/2025,XPTD,469,475,392,475,10700
10/21/2025,XSBC,100,102,100,102,62800
10/21/2025,XSPI,0,0,0,0,0
10/21/2025,XSSI,85,86,83,86,103200
10/21/2025,XSSK,697,697,697,697,20000
10/21/2025,YELO,60,66,60,66,7767900
10/21/2025,YOII,101,103,100,101,2505300
10/21/2025,YPAS,590,590,580,585,35000
10/21/2025,YULE,2710,2710,2600,2710,11400
10/21/2025,YUPI,1695,1735,1685,1710,73000
10/21/2025,ZATA,59,61,56,58,33064400
10/21/2025,ZBRA,0,0,0,0,0
10/21/2025,ZINC,30,30,30,30,13878000
10/21/2025,ZONE,570,575,560,565,105700
10/21/2025,ZYRX,140,148,139,147,1717300
