<date>,<ticker>,<open>,<high>,<low>,<close>,<volume>
8/11/2025,IHSG,7589.464,7630.107,7533.385,7605.925,1278022900
8/11/2025,IDX30,0.000,0.000,0.000,0.000,0
8/11/2025,IDX80,0.000,0.000,0.000,0.000,0
8/11/2025,AADI,7325,7350,7175,7200,11771400
8/11/2025,AALI,6950,7200,6900,7175,3112200
8/11/2025,ABBA,37,37,36,36,486800
8/11/2025,ABDA,0,0,0,0,0
8/11/2025,ABMM,2990,3000,2970,2990,806900
8/11/2025,ACES,472,480,470,476,54847900
8/11/2025,ACESBQCV5A,2,3,2,3,912100
8/11/2025,ACESBQCX5B,17,17,17,17,2300
8/11/2025,ACESDRCJ6A,19,19,19,19,220000
8/11/2025,ACESDRCQ5A,1,2,1,2,647300
8/11/2025,ACESHDCZ5A,51,52,51,52,200
8/11/2025,ACESZPCJ6A,0,0,0,0,0
8/11/2025,ACRO,69,73,68,70,13377300
8/11/2025,ACRO-W,7,8,6,8,2529200
8/11/2025,ACST,85,90,84,88,12226800
8/11/2025,ADCP,50,50,50,50,1200700
8/11/2025,ADES,14200,15050,14175,14925,206900
8/11/2025,ADHI,252,284,252,282,136291300
8/11/2025,ADMF,9050,9050,9025,9050,69500
8/11/2025,ADMG,122,128,120,125,398900
8/11/2025,ADMR,1120,1135,1110,1110,17914700
8/11/2025,ADMRDRCJ6A,46,46,45,46,401200
8/11/2025,ADMRZPCH6A,69,69,68,68,140500
8/11/2025,ADRO,1800,1830,1790,1810,68257400
8/11/2025,ADROBQCU5A,14,14,14,14,100
8/11/2025,ADROBQCZ5A,29,43,29,43,100100
8/11/2025,ADRODRCJ6A,70,71,69,69,400
8/11/2025,ADRODRCQ5A,1,3,1,2,30272100
8/11/2025,ADRODRCQ5B,12,12,12,12,3600
8/11/2025,ADRODRCX5A,44,45,43,43,275200
8/11/2025,ADROHDCQ5A,2,3,1,2,2300
8/11/2025,ADROHDCZ5A,0,0,0,0,0
8/11/2025,ADROYUCZ5A,92,92,90,90,11400
8/11/2025,ADROZPCF6A,0,0,0,0,0
8/11/2025,AEGS,58,60,53,55,15337200
8/11/2025,AGAR,250,268,250,260,113100
8/11/2025,AGII,890,915,890,910,297400
8/11/2025,AGRO,210,220,210,218,40722500
8/11/2025,AGRS,65,66,64,65,3228700
8/11/2025,AHAP,66,68,65,67,5618400
8/11/2025,AIMS,346,346,320,326,24400
8/11/2025,AISA,125,130,125,129,2874800
8/11/2025,AKKU,0,0,0,0,0
8/11/2025,AKPI,580,585,575,585,4800
8/11/2025,AKRA,1305,1310,1280,1285,7210100
8/11/2025,AKRABQCX5B,0,0,0,0,0
8/11/2025,AKRADRCQ5A,6,6,6,6,20900
8/11/2025,AKRADRCX5A,45,45,45,45,100
8/11/2025,AKRAHDCH6A,78,78,78,78,4000
8/11/2025,AKRAHDCQ5A,23,23,23,23,100
8/11/2025,AKRAZPCJ6A,63,63,63,63,464000
8/11/2025,AKRAZPCX5A,0,0,0,0,0
8/11/2025,AKSI,248,252,246,252,93600
8/11/2025,ALDO,498,498,492,492,3900
8/11/2025,ALII,575,585,570,575,3868300
8/11/2025,ALKA,314,314,304,312,23600
8/11/2025,ALMI,0,0,0,0,0
8/11/2025,ALTO,0,0,0,0,0
8/11/2025,AMAG,360,360,350,350,56300
8/11/2025,AMAN,114,114,111,113,1091300
8/11/2025,AMAR,206,214,200,212,3252900
8/11/2025,AMFG,3150,3150,3000,3050,72900
8/11/2025,AMIN,172,175,172,173,114700
8/11/2025,AMMN,8700,8700,8025,8300,38771100
8/11/2025,AMMNBQCZ5A,50,53,50,53,2200800
8/11/2025,AMMNDRCJ6A,80,80,77,77,5600
8/11/2025,AMMNHDCH6A,0,0,0,0,0
8/11/2025,AMMNZPCG6A,63,63,62,63,212600
8/11/2025,AMMS,126,140,123,140,16330600
8/11/2025,AMOR,515,515,500,505,114700
8/11/2025,AMRT,2360,2400,2340,2380,11434700
8/11/2025,AMRTBQCU5A,15,16,14,15,901700
8/11/2025,AMRTDRCQ5A,1,1,1,1,145700
8/11/2025,AMRTDRCZ5A,0,0,0,0,0
8/11/2025,AMRTHDCQ5A,12,12,10,10,200
8/11/2025,AMRTZPCX5A,0,0,0,0,0
8/11/2025,ANDI,17,17,17,17,3360300
8/11/2025,ANJT,1760,1770,1755,1765,642200
8/11/2025,ANTM,3060,3070,2930,2940,141894900
8/11/2025,ANTMBQCU5A,0,0,0,0,0
8/11/2025,ANTMBQCX5A,77,77,68,68,4081900
8/11/2025,ANTMBQCZ5A,615,615,615,615,100
8/11/2025,ANTMDRCG6A,51,51,48,48,384900
8/11/2025,ANTMDRCQ5A,248,248,248,248,100
8/11/2025,ANTMDRCX5A,298,298,280,280,239500
8/11/2025,ANTMDRPU5A,41,42,41,42,5500
8/11/2025,ANTMDRPU5B,21,22,21,22,200
8/11/2025,ANTMHDCH6A,87,87,82,82,13100
8/11/2025,ANTMHDCH6B,131,131,126,126,100200
8/11/2025,ANTMHDCQ5A,0,0,0,0,0
8/11/2025,ANTMHDCU5A,0,0,0,0,0
8/11/2025,ANTMYUCQ5A,338,338,324,324,200
8/11/2025,ANTMZPCJ6A,75,75,71,71,93700
8/11/2025,ANTMZPCX5A,0,0,0,0,0
8/11/2025,APEX,127,128,123,123,23866800
8/11/2025,APIC,1080,1090,1070,1075,5111500
8/11/2025,APII,173,173,170,170,17100
8/11/2025,APLI,498,498,480,498,3400
8/11/2025,APLN,102,108,101,106,40389400
8/11/2025,ARCI,715,715,610,665,107536300
8/11/2025,AREA,410,440,406,440,1470900
8/11/2025,ARGO,1335,1340,1335,1335,26100
8/11/2025,ARII,266,268,262,266,52200
8/11/2025,ARKA,24,24,24,24,767900
8/11/2025,ARKO,1075,1130,1065,1130,948700
8/11/2025,ARMY,0,0,0,0,0
8/11/2025,ARNA,580,580,575,575,1182500
8/11/2025,ARTA,2940,3670,2790,3660,74900
8/11/2025,ARTI,0,0,0,0,0
8/11/2025,ARTO,1870,2020,1870,2000,28077400
8/11/2025,ARTOBQCU5A,5,7,5,7,1286400
8/11/2025,ARTOBQCX5B,99,99,99,99,1000200
8/11/2025,ARTOBQCZ5A,0,0,0,0,0
8/11/2025,ARTODRCQ5A,2,2,1,1,4786900
8/11/2025,ARTODRCX5A,43,47,43,46,35800
8/11/2025,ARTOHDCZ5A,110,112,110,112,500
8/11/2025,ARTOZPCX5A,46,46,46,46,5000
8/11/2025,ASBI,434,438,434,436,1300
8/11/2025,ASDM,535,555,535,535,14700
8/11/2025,ASGR,1065,1085,1045,1080,1124500
8/11/2025,ASHA,19,19,19,19,4085900
8/11/2025,ASII,4920,4930,4870,4900,21955000
8/11/2025,ASIIBQCU5A,0,0,0,0,0
8/11/2025,ASIIBQCZ5A,0,0,0,0,0
8/11/2025,ASIIDRCQ5A,0,0,0,0,0
8/11/2025,ASIIDRCQ5B,0,0,0,0,0
8/11/2025,ASIIDRCX5A,88,88,87,87,11500
8/11/2025,ASIIDRCX6A,2900,2900,2900,2900,100
8/11/2025,ASIIDRPQ5A,0,0,0,0,0
8/11/2025,ASIIHDCZ5A,0,0,0,0,0
8/11/2025,ASIIZPCJ6A,84,85,83,83,13600
8/11/2025,ASJT,108,110,108,110,14800
8/11/2025,ASLC,65,66,63,64,23043600
8/11/2025,ASLI,0,0,0,0,0
8/11/2025,ASMI,18,18,17,17,1620400
8/11/2025,ASPI,290,290,272,276,337200
8/11/2025,ASPR,95,95,92,94,10382500
8/11/2025,ASRI,162,167,160,165,58323600
8/11/2025,ASRM,276,280,276,280,8900
8/11/2025,ASSA,920,965,910,965,23820000
8/11/2025,ATAP,28,29,28,29,137500
8/11/2025,ATIC,398,406,394,404,176400
8/11/2025,ATLA,50,50,50,50,1275200
8/11/2025,AUTO,2200,2200,2170,2180,2294800
8/11/2025,AUTOZPCJ6A,0,0,0,0,0
8/11/2025,AVIA,434,436,428,428,20757500
8/11/2025,AVIAZPCJ6A,0,0,0,0,0
8/11/2025,AWAN,268,274,256,266,18285400
8/11/2025,AXIO,121,129,119,126,4423400
8/11/2025,AYAM,170,171,167,171,112482800
8/11/2025,AYLS,101,104,100,103,5149600
8/11/2025,BABP,52,53,51,52,8826700
8/11/2025,BABY,334,338,326,334,10235800
8/11/2025,BACA,130,131,130,130,557900
8/11/2025,BAIK,94,96,94,94,1083100
8/11/2025,BAIK-W,9,9,8,9,514400
8/11/2025,BAJA,126,135,124,131,8684700
8/11/2025,BALI,1300,1310,1300,1305,5300
8/11/2025,BANK,820,830,810,820,6374700
8/11/2025,BANK-W,0,0,0,0,0
8/11/2025,BAPA,50,50,50,50,65800
8/11/2025,BAPI,10,10,9,9,2452400
8/11/2025,BATA,50,51,50,51,32400
8/11/2025,BATR,104,105,100,103,5647000
8/11/2025,BAUT,30,33,30,33,21464800
8/11/2025,BAYU,1295,1295,1280,1280,67700
8/11/2025,BBCA,8500,8550,8425,8550,128561300
8/11/2025,BBCABQCV5A,26,26,24,25,20600
8/11/2025,BBCABQCX5A,41,41,41,41,1000
8/11/2025,BBCADRCF6A,62,66,62,65,16600
8/11/2025,BBCADRCQ5A,6,6,6,6,85400
8/11/2025,BBCADRCX6A,0,0,0,0,0
8/11/2025,BBCADRPQ5A,37,37,29,29,2120000
8/11/2025,BBCAHDCQ5A,2,2,2,2,100
8/11/2025,BBCAHDCU5A,60,60,60,60,3000
8/11/2025,BBCAHDCV5A,0,0,0,0,0
8/11/2025,BBCAYUCQ5A,30,31,30,31,29700
8/11/2025,BBCAZPCF6A,47,48,47,47,38600
8/11/2025,BBCAZPCH6A,108,111,108,110,17500
8/11/2025,BBHI,1470,1625,1470,1595,8277800
8/11/2025,BBKP,60,62,59,60,122340800
8/11/2025,BBLD,995,995,915,915,74900
8/11/2025,BBMD,0,0,0,0,0
8/11/2025,BBNI,4090,4220,4080,4200,61703500
8/11/2025,BBNIBQCU5A,23,23,23,23,500
8/11/2025,BBNIBQCV5A,0,0,0,0,0
8/11/2025,BBNIDRCQ5A,0,0,0,0,0
8/11/2025,BBNIDRCX6A,0,0,0,0,0
8/11/2025,BBNIDRCZ5A,56,60,56,60,701300
8/11/2025,BBNIDRPU5A,20,20,20,20,100
8/11/2025,BBNIHDCQ5A,11,13,11,13,35800
8/11/2025,BBNIHDCU5A,0,0,0,0,0
8/11/2025,BBNIHDPU5A,0,0,0,0,0
8/11/2025,BBNIYUCV5A,61,62,60,62,49200
8/11/2025,BBNIZPCH6A,97,100,97,100,23200
8/11/2025,BBNIZPCX5A,0,0,0,0,0
8/11/2025,BBRI,3720,3810,3720,3810,143167900
8/11/2025,BBRIBQCQ5A,0,0,0,0,0
8/11/2025,BBRIBQCU5A,0,0,0,0,0
8/11/2025,BBRIBQCZ5A,81,81,80,80,600
8/11/2025,BBRIDRCQ5A,4,4,4,4,31300
8/11/2025,BBRIDRCX5A,131,137,131,137,186200
8/11/2025,BBRIDRCX6A,2120,2120,2120,2120,2800
8/11/2025,BBRIHDCH6A,0,0,0,0,0
8/11/2025,BBRIHDCQ5A,0,0,0,0,0
8/11/2025,BBRIYUCV5A,0,0,0,0,0
8/11/2025,BBRIZPCH6A,0,0,0,0,0
8/11/2025,BBRIZPCX5A,73,73,73,73,800
8/11/2025,BBRM,72,80,72,76,8841500
8/11/2025,BBSI,3890,4020,3890,4020,21100
8/11/2025,BBSS,268,268,252,264,111200
8/11/2025,BBTN,1110,1220,1105,1205,70689200
8/11/2025,BBTNHDCZ5A,86,86,86,86,5700
8/11/2025,BBTNYUCZ5A,55,68,55,66,20200
8/11/2025,BBTNZPCG6A,38,48,38,45,8667200
8/11/2025,BBYB,262,288,260,288,153442200
8/11/2025,BCAP,63,63,61,61,24818000
8/11/2025,BCIC,0,0,0,0,0
8/11/2025,BCIP,94,95,93,95,33466800
8/11/2025,BDKR,154,155,152,154,14624100
8/11/2025,BDMN,2510,2560,2510,2560,1571000
8/11/2025,BEBS,0,0,0,0,0
8/11/2025,BEEF,312,342,304,340,57182200
8/11/2025,BEER,106,106,99,101,3259800
8/11/2025,BEKS,23,23,23,23,10450000
8/11/2025,BELI,380,384,380,382,43200
8/11/2025,BELL,50,50,50,50,235900
8/11/2025,BESS,1005,1095,1000,1015,191500
8/11/2025,BEST,102,103,100,101,7459000
8/11/2025,BFIN,860,870,850,855,5786100
8/11/2025,BGTG,77,79,76,79,17920900
8/11/2025,BHAT,840,845,830,845,1877700
8/11/2025,BHIT,30,30,30,30,10580300
8/11/2025,BIKA,0,0,0,0,0
8/11/2025,BIKE,805,850,805,820,4464700
8/11/2025,BIMA,46,46,46,46,28300
8/11/2025,BINA,4380,4390,4280,4390,11800
8/11/2025,BINO,111,113,109,111,363000
8/11/2025,BIPI,95,95,88,89,135215600
8/11/2025,BIPP,37,37,37,37,110100
8/11/2025,BIRD,1910,1930,1900,1925,1278100
8/11/2025,BISI,880,890,880,890,154000
8/11/2025,BJBR,775,780,770,780,3170800
8/11/2025,BJTM,505,515,505,510,11090800
8/11/2025,BKDP,33,33,33,33,143000
8/11/2025,BKSL,158,167,154,155,983690800
8/11/2025,BKSW,61,61,59,61,5585100
8/11/2025,BLES,160,165,159,163,4334300
8/11/2025,BLOG,478,530,476,505,26760000
8/11/2025,BLTA,20,20,20,20,2842900
8/11/2025,BLTZ,1800,1800,1800,1800,100
8/11/2025,BLUE,310,314,308,310,72500
8/11/2025,BMAS,550,550,550,550,800
8/11/2025,BMBL,35,38,33,33,18993600
8/11/2025,BMHS,190,191,186,188,2487600
8/11/2025,BMRI,4710,4780,4700,4720,105204200
8/11/2025,BMRIBQCU5A,4,5,4,4,1453400
8/11/2025,BMRIBQCZ5A,0,0,0,0,0
8/11/2025,BMRIDRCQ5A,1,1,1,1,76800
8/11/2025,BMRIDRCX5A,65,65,62,62,150200
8/11/2025,BMRIDRCX6A,0,0,0,0,0
8/11/2025,BMRIHDCQ5A,0,0,0,0,0
8/11/2025,BMRIHDCU5A,0,0,0,0,0
8/11/2025,BMRIHDPU5A,0,0,0,0,0
8/11/2025,BMRIYUCQ5A,16,16,15,15,93000
8/11/2025,BMRIZPCH6A,69,69,69,69,100000
8/11/2025,BMRIZPCX5A,41,41,40,40,1850100
8/11/2025,BMSR,252,252,244,252,4700
8/11/2025,BMTR,142,145,140,145,71501500
8/11/2025,BNBA,800,810,790,805,66600
8/11/2025,BNBR,36,36,36,36,13787300
8/11/2025,BNGA,1700,1715,1700,1705,2796300
8/11/2025,BNGAZPCH6A,0,0,0,0,0
8/11/2025,BNII,202,208,202,204,2236400
8/11/2025,BNLI,3250,3250,3100,3150,82000
8/11/2025,BOAT,107,109,104,107,6373400
8/11/2025,BOBA,181,183,179,181,102100
8/11/2025,BOGA,590,600,580,600,488200
8/11/2025,BOLA,185,195,181,185,2574000
8/11/2025,BOLT,1065,1065,1060,1060,7300
8/11/2025,BOSS,0,0,0,0,0
8/11/2025,BPFI,340,340,328,336,10300
8/11/2025,BPII,585,590,585,585,241300
8/11/2025,BPTR,97,101,97,100,440700
8/11/2025,BRAM,5175,5225,5025,5225,2900
8/11/2025,BREN,8050,8825,7850,8750,84544500
8/11/2025,BRIS,2710,2750,2700,2730,12263900
8/11/2025,BRISBQCZ5A,0,0,0,0,0
8/11/2025,BRISDRCJ6A,0,0,0,0,0
8/11/2025,BRISHDCH6A,70,70,70,70,3700
8/11/2025,BRISHDCZ5A,0,0,0,0,0
8/11/2025,BRISYUCV5A,80,80,80,80,15100
8/11/2025,BRISZPCG6A,55,55,55,55,5000
8/11/2025,BRMS,450,452,438,444,299641200
8/11/2025,BRMSBQCZ5A,0,0,0,0,0
8/11/2025,BRMSDRCJ6A,43,43,42,43,128700
8/11/2025,BRMSHDCH6A,0,0,0,0,0
8/11/2025,BRMSHDCZ5A,0,0,0,0,0
8/11/2025,BRMSYUCV5A,32,32,32,32,23100
8/11/2025,BRMSZPCG6A,0,0,0,0,0
8/11/2025,BRNA,660,835,660,835,319100
8/11/2025,BRPT,2480,2490,2330,2350,126946000
8/11/2025,BRPTBQCQ5A,0,0,0,0,0
8/11/2025,BRPTBQCV5A,0,0,0,0,0
8/11/2025,BRPTBQCX5B,106,110,98,110,29100
8/11/2025,BRPTBQCZ5A,0,0,0,0,0
8/11/2025,BRPTDRCF6A,220,220,204,204,46100
8/11/2025,BRPTDRCJ6A,118,123,112,112,280300
8/11/2025,BRPTDRCQ5A,268,268,262,262,200
8/11/2025,BRPTDRCX5A,252,282,244,282,714200
8/11/2025,BRPTDRPV5A,11,12,11,12,2337900
8/11/2025,BRPTHDCH6A,189,189,189,189,2300
8/11/2025,BRPTHDCH6B,159,159,155,155,28200
8/11/2025,BRPTHDCQ5A,0,0,0,0,0
8/11/2025,BRPTHDPG6A,256,256,256,256,500
8/11/2025,BRPTYUCZ5A,154,154,149,149,200
8/11/2025,BRPTZPCF6A,0,0,0,0,0
8/11/2025,BRPTZPCX5A,338,338,338,338,100
8/11/2025,BRRC,74,80,73,80,39924100
8/11/2025,BRRC-W,9,11,9,11,7977400
8/11/2025,BSBK,53,54,51,53,73352700
8/11/2025,BSDE,840,890,835,880,46268700
8/11/2025,BSDEDRCJ6A,25,28,25,28,914600
8/11/2025,BSDEZPCH6A,0,0,0,0,0
8/11/2025,BSIM,850,890,850,850,79200
8/11/2025,BSML,105,107,101,104,48006100
8/11/2025,BSSR,3910,3930,3900,3900,464200
8/11/2025,BSWD,0,0,0,0,0
8/11/2025,BTEK,5,5,5,5,44168000
8/11/2025,BTEL,0,0,0,0,0
8/11/2025,BTON,384,388,384,388,800
8/11/2025,BTPN,2060,2080,2060,2080,12100
8/11/2025,BTPS,1440,1470,1420,1470,21777600
8/11/2025,BTPSZPCH6A,0,0,0,0,0
8/11/2025,BUAH,1315,1325,1310,1320,33300
8/11/2025,BUDI,232,232,228,230,117800
8/11/2025,BUKA,176,181,171,174,401528900
8/11/2025,BUKABQCZ5B,23,24,22,23,13133000
8/11/2025,BUKAHDCZ5A,146,146,141,141,13200
8/11/2025,BUKK,825,825,810,810,31200
8/11/2025,BULL,133,152,131,152,568564000
8/11/2025,BUMI,110,110,106,108,934484500
8/11/2025,BUVA,0,0,0,0,0
8/11/2025,BVIC,93,95,90,93,7207000
8/11/2025,BVIC-W,48,48,47,47,300
8/11/2025,BWPT,118,126,117,120,382024600
8/11/2025,BYAN,18350,18350,18300,18300,21400
8/11/2025,CAKK,131,134,129,133,43500
8/11/2025,CAMP,210,212,210,212,1633600
8/11/2025,CANI,38,38,38,38,64400
8/11/2025,CARE,264,270,262,266,18898900
8/11/2025,CARS,109,115,102,106,37769600
8/11/2025,CASA,1080,1090,1070,1080,4522900
8/11/2025,CASH,60,66,59,66,2668300
8/11/2025,CASS,2250,2600,2250,2330,443600
8/11/2025,CBDK,5825,6000,5825,6000,3813300
8/11/2025,CBMF,0,0,0,0,0
8/11/2025,CBPE,173,199,173,176,307300
8/11/2025,CBRE,0,0,0,0,0
8/11/2025,CBUT,1200,1250,1160,1170,13800
8/11/2025,CCSI,320,322,308,322,562600
8/11/2025,CDIA,1580,1605,1500,1515,288111400
8/11/2025,CEKA,2580,2640,2560,2590,18700
8/11/2025,CENT,99,107,99,102,29399100
8/11/2025,CFIN,314,320,310,314,1890500
8/11/2025,CGAS,115,115,112,115,12419600
8/11/2025,CHEK,198,202,196,200,21068200
8/11/2025,CHEM,82,105,82,105,436647800
8/11/2025,CHIP,1330,1330,1310,1330,70600
8/11/2025,CINT,156,161,155,155,394900
8/11/2025,CITA,3910,3920,3870,3900,57500
8/11/2025,CITY,102,125,100,116,132352700
8/11/2025,CLAY,1250,1335,1210,1300,156300
8/11/2025,CLEO,575,615,575,610,25480500
8/11/2025,CLPI,1255,1265,1240,1245,62500
8/11/2025,CMNP,1300,1310,1300,1300,149800
8/11/2025,CMNP-W,0,0,0,0,0
8/11/2025,CMNT,825,910,820,910,71098800
8/11/2025,CMPP,73,73,72,72,235200
8/11/2025,CMRY,5000,5050,4970,5000,602400
8/11/2025,CMRYZPCJ6A,0,0,0,0,0
8/11/2025,CNKO,74,74,74,74,29378900
8/11/2025,CNMA,141,142,137,140,23370900
8/11/2025,CNTB,0,0,0,0,0
8/11/2025,CNTX,0,0,0,0,0
8/11/2025,COAL,33,34,33,34,2613700
8/11/2025,COCO,0,0,0,0,0
8/11/2025,COIN,1505,1745,1370,1630,544467900
8/11/2025,COWL,0,0,0,0,0
8/11/2025,CPIN,4500,4540,4460,4460,5937700
8/11/2025,CPINDRCG6A,70,70,69,69,300
8/11/2025,CPINDRCQ5A,0,0,0,0,0
8/11/2025,CPINHDCQ5A,6,6,6,6,800
8/11/2025,CPINZPCJ6A,43,43,42,42,207800
8/11/2025,CPRI,0,0,0,0,0
8/11/2025,CPRO,51,52,50,51,52735800
8/11/2025,CRAB,234,238,234,238,2081700
8/11/2025,CRSN,109,110,107,109,125200
8/11/2025,CSAP,264,266,260,260,52500
8/11/2025,CSIS,102,110,102,105,5218400
8/11/2025,CSMI,422,422,404,416,7523900
8/11/2025,CSRA,745,750,725,745,3778100
8/11/2025,CTBN,6050,6050,6050,6050,2700
8/11/2025,CTRA,960,1010,955,1000,48267000
8/11/2025,CTRADRCJ6A,28,28,28,28,100
8/11/2025,CTRAYUCZ5A,60,67,59,67,5800
8/11/2025,CTRAZPCG6A,0,0,0,0,0
8/11/2025,CTTH,27,27,25,25,15000
8/11/2025,CUAN,1575,1590,1520,1535,241535300
8/11/2025,CYBR,900,950,870,935,25398100
8/11/2025,CYBR-W,505,520,490,515,12600
8/11/2025,DAAZ,3580,3580,3470,3510,134000
8/11/2025,DADA,10,12,10,12,155906300
8/11/2025,DART,156,162,156,157,26000
8/11/2025,DATA,1955,2040,1950,1970,24286500
8/11/2025,DAYA,1000,1025,985,1000,18200
8/11/2025,DCII,252975,252975,252975,252975,5700
8/11/2025,DEAL,0,0,0,0,0
8/11/2025,DEFI,0,0,0,0,0
8/11/2025,DEPO,202,212,199,200,222700
8/11/2025,DEWA,222,230,218,224,309197500
8/11/2025,DEWI,104,105,103,105,74059300
8/11/2025,DFAM,53,53,51,53,194900
8/11/2025,DGIK,94,97,92,95,5365100
8/11/2025,DGNS,153,153,150,152,747900
8/11/2025,DGWG,410,412,400,402,7531500
8/11/2025,DIGI,24,24,24,24,702900
8/11/2025,DILD,129,133,129,133,22063100
8/11/2025,DIVA,107,109,106,107,2920200
8/11/2025,DKFT,875,875,785,830,81505800
8/11/2025,DKHH,74,79,73,78,70459000
8/11/2025,DKHH-W,14,16,14,16,6602400
8/11/2025,DLTA,2010,2020,2000,2010,85700
8/11/2025,DMAS,138,139,137,138,32704400
8/11/2025,DMMX,358,370,350,354,1052500
8/11/2025,DMND,575,580,565,580,153500
8/11/2025,DNAR,113,117,113,115,2818500
8/11/2025,DNET,9500,9525,9225,9225,3200
8/11/2025,DOID,352,358,352,358,4424500
8/11/2025,DOOH,158,163,153,162,159909100
8/11/2025,DOSS,137,138,131,134,2032300
8/11/2025,DPNS,240,250,238,240,25100
8/11/2025,DPUM,50,50,50,50,120000
8/11/2025,DRMA,960,970,960,965,459400
8/11/2025,DSFI,82,87,81,83,24442000
8/11/2025,DSNG,1485,1490,1405,1450,24793700
8/11/2025,DSSA,82500,88000,82500,84200,7420000
8/11/2025,DUCK,0,0,0,0,0
8/11/2025,DUTI,3400,3400,3400,3400,1600
8/11/2025,DVLA,1655,1675,1645,1645,55800
8/11/2025,DWGL,236,236,228,232,196600
8/11/2025,DYAN,86,86,84,85,1738500
8/11/2025,EAST,95,96,93,95,3327100
8/11/2025,ECII,177,181,176,179,368600
8/11/2025,EDGE,4230,4380,4220,4350,48300
8/11/2025,EKAD,183,184,180,183,42600
8/11/2025,ELIT,181,185,180,184,9691100
8/11/2025,ELPI,320,326,312,312,416500
8/11/2025,ELSA,480,486,480,484,10456600
8/11/2025,ELSADRCJ6A,36,36,36,36,100
8/11/2025,ELSAZPCG6A,0,0,0,0,0
8/11/2025,ELTY,11,11,11,11,32268200
8/11/2025,EMDE,90,90,88,89,670700
8/11/2025,EMTK,890,990,870,960,300786300
8/11/2025,EMTKBQCZ5A,206,210,206,210,200
8/11/2025,EMTKHDCZ5A,151,171,151,165,6000
8/11/2025,EMTKYUCV5A,90,108,86,102,419500
8/11/2025,EMTKZPCH6A,87,107,87,104,20420300
8/11/2025,ENAK,715,715,690,715,523900
8/11/2025,ENRG,545,550,515,535,103401900
8/11/2025,ENRGDRCJ6A,72,72,68,68,18100
8/11/2025,ENRGHDCZ5A,200,200,183,183,2200
8/11/2025,ENRGZPCG6A,0,0,0,0,0
8/11/2025,ENVY,0,0,0,0,0
8/11/2025,ENZO,32,35,32,34,68900
8/11/2025,EPAC,14,15,14,15,2106300
8/11/2025,EPMT,2300,2300,2290,2290,11000
8/11/2025,ERAA,446,474,446,460,208611300
8/11/2025,ERAABQCZ5A,35,37,35,35,9900
8/11/2025,ERAADRCJ6A,15,15,14,15,1337800
8/11/2025,ERAAHDCZ5A,41,44,40,44,19500
8/11/2025,ERAAZPCH6A,26,27,26,27,938700
8/11/2025,ERAL,354,360,346,348,15983800
8/11/2025,ERTX,103,103,100,102,858600
8/11/2025,ESIP,38,39,38,39,672100
8/11/2025,ESSA,600,605,590,595,18614700
8/11/2025,ESSABQCZ5A,0,0,0,0,0
8/11/2025,ESSAHDCH6A,0,0,0,0,0
8/11/2025,ESSAYUCZ5A,44,44,44,44,100
8/11/2025,ESTA,65,65,64,64,303900
8/11/2025,ESTI,46,46,43,43,858900
8/11/2025,ETWA,0,0,0,0,0
8/11/2025,EURO,236,238,220,232,625500
8/11/2025,EXCL,2640,2780,2640,2700,33630000
8/11/2025,EXCLHDCQ5A,0,0,0,0,0
8/11/2025,EXCLZPCF6A,82,86,82,83,3584100
8/11/2025,FAPA,5600,5650,5600,5650,10300
8/11/2025,FAST,332,338,322,328,1924800
8/11/2025,FASW,0,0,0,0,0
8/11/2025,FILM,3700,3990,3690,3740,47860900
8/11/2025,FIMP,76,76,76,76,63200
8/11/2025,FIRE,73,73,71,73,2226700
8/11/2025,FISH,0,0,0,0,0
8/11/2025,FITT,212,214,195,198,1021600
8/11/2025,FLMC,62,65,58,62,1711900
8/11/2025,FMII,372,384,360,376,173800
8/11/2025,FOLK,82,83,81,82,313700
8/11/2025,FOOD,101,102,101,102,2200
8/11/2025,FORE,565,585,560,570,7324100
8/11/2025,FORU,1475,1595,1445,1455,759300
8/11/2025,FPNI,192,194,189,191,1171000
8/11/2025,FUJI,416,422,404,420,147900
8/11/2025,FUTR,112,148,112,147,1346092600
8/11/2025,FWCT,154,154,147,149,2069000
8/11/2025,GAMA,0,0,0,0,0
8/11/2025,GDST,106,129,104,107,158658700
8/11/2025,GDYR,1165,1175,1165,1170,6600
8/11/2025,GEMA,102,103,99,101,11817500
8/11/2025,GEMS,9500,9500,9200,9400,278100
8/11/2025,GGRM,8575,8675,8525,8600,427900
8/11/2025,GGRMZPCG6A,38,39,37,37,250600
8/11/2025,GGRP,0,0,0,0,0
8/11/2025,GHON,1620,1620,1600,1600,11700
8/11/2025,GIAA,70,72,70,72,81141900
8/11/2025,GJTL,1020,1030,1015,1025,4106300
8/11/2025,GJTLZPCJ6A,25,25,25,25,5000
8/11/2025,GLOB,50,50,50,50,31500
8/11/2025,GLVA,334,334,330,334,153300
8/11/2025,GMFI,60,60,60,60,954900
8/11/2025,GMTD,2220,2220,2190,2190,2700
8/11/2025,GOLD,252,260,244,244,105600
8/11/2025,GOLF,218,218,212,214,570700
8/11/2025,GOLL,0,0,0,0,0
8/11/2025,GOOD,382,384,376,380,322800
8/11/2025,GOTO,62,63,61,62,1588434100
8/11/2025,GOTOBQCZ5A,3,4,3,3,1232100
8/11/2025,GOTODRCG6A,12,12,12,12,2001000
8/11/2025,GOTODRCQ5A,0,0,0,0,0
8/11/2025,GOTOHDCQ5A,0,0,0,0,0
8/11/2025,GOTOM,0,0,0,0,0
8/11/2025,GOTOZPCH6A,0,0,0,0,0
8/11/2025,GPRA,158,159,154,156,116406000
8/11/2025,GPSO,370,404,354,404,3427400
8/11/2025,GRIA,93,97,92,93,780300
8/11/2025,GRPH,50,51,50,50,2012100
8/11/2025,GRPM,48,48,46,47,741100
8/11/2025,GRPM-W,13,13,12,13,188200
8/11/2025,GSMF,55,55,54,55,47700
8/11/2025,GTBO,189,191,180,187,1127000
8/11/2025,GTRA,142,145,141,143,909200
8/11/2025,GTSI,45,48,45,47,5174600
8/11/2025,GULA,262,262,252,258,435000
8/11/2025,GUNA,248,250,246,250,241400
8/11/2025,GWSA,155,160,152,159,4726700
8/11/2025,GZCO,107,111,107,109,27714800
8/11/2025,HADE,9,9,9,9,18623100
8/11/2025,HAIS,187,190,187,189,560200
8/11/2025,HAJJ,114,114,110,111,2676200
8/11/2025,HAJJ-W,14,14,12,13,2492100
8/11/2025,HALO,80,81,79,81,5634900
8/11/2025,HALO-W,9,9,8,9,1327900
8/11/2025,HATM,266,272,262,272,36785000
8/11/2025,HBAT,103,103,100,102,492400
8/11/2025,HDFA,113,113,112,113,74300
8/11/2025,HDIT,26,26,26,26,6081200
8/11/2025,HEAL,1650,1675,1645,1650,9808300
8/11/2025,HEALDRCJ6A,56,56,54,54,1900
8/11/2025,HEALHDCH6A,0,0,0,0,0
8/11/2025,HEALYUCZ5A,76,80,76,80,3000
8/11/2025,HEALZPCH6A,0,0,0,0,0
8/11/2025,HELI,254,254,250,252,203200
8/11/2025,HERO,412,424,400,406,168700
8/11/2025,HEXA,5400,5450,5375,5400,415700
8/11/2025,HGII,147,147,143,146,10980100
8/11/2025,HILL,202,204,200,202,110541600
8/11/2025,HITS,0,0,0,0,0
8/11/2025,HKMU,0,0,0,0,0
8/11/2025,HMSP,525,540,520,540,16998900
8/11/2025,HOKI,85,86,82,85,16502300
8/11/2025,HOME,0,0,0,0,0
8/11/2025,HOMI,198,200,194,197,76900
8/11/2025,HOPE,0,0,0,0,0
8/11/2025,HOTL,0,0,0,0,0
8/11/2025,HRME,35,35,35,35,2889300
8/11/2025,HRTA,740,750,700,705,22794000
8/11/2025,HRUM,865,880,855,870,13718700
8/11/2025,HRUMZPCG6A,36,37,36,37,8000
8/11/2025,HUMI,70,70,66,66,106281900
8/11/2025,HUMI-W,16,16,12,13,90853700
8/11/2025,HYGN,155,155,152,154,687500
8/11/2025,IATA,56,56,56,56,3092900
8/11/2025,IATA-W,29,29,29,29,21500
8/11/2025,IBFN,16,17,16,17,174800
8/11/2025,IBOS,37,38,34,34,15667600
8/11/2025,IBST,0,0,0,0,0
8/11/2025,ICBP,9350,9600,9350,9550,7665100
8/11/2025,ICBPDRCQ5A,1,1,1,1,384400
8/11/2025,ICBPDRCX6A,4280,4280,4280,4280,500
8/11/2025,ICBPHDCQ5A,0,0,0,0,0
8/11/2025,ICBPZPCX5A,41,41,41,41,70000
8/11/2025,ICON,40,40,39,39,190700
8/11/2025,IDEA,82,85,75,75,1934500
8/11/2025,IDPR,214,230,212,220,956400
8/11/2025,IFII,220,222,216,220,272200
8/11/2025,IFSH,760,760,740,755,5800
8/11/2025,IGAR,555,560,555,560,10400
8/11/2025,IIKP,0,0,0,0,0
8/11/2025,IKAI,8,9,8,8,2089900
8/11/2025,IKAN,129,139,126,132,121575900
8/11/2025,IKBI,468,478,464,474,545400
8/11/2025,IKPM,194,195,192,195,674200
8/11/2025,IMAS,1075,1110,1070,1075,848800
8/11/2025,IMJS,258,270,258,268,41782300
8/11/2025,IMPC,0,0,0,0,0
8/11/2025,INAF,0,0,0,0,0
8/11/2025,INAI,158,161,156,159,236900
8/11/2025,INCF,30,30,28,28,532100
8/11/2025,INCI,600,600,580,595,33100
8/11/2025,INCO,4030,4080,3920,3920,12747300
8/11/2025,INCOBQCQ5A,0,0,0,0,0
8/11/2025,INCOBQCV5A,78,78,68,68,30700
8/11/2025,INCODRCQ5A,11,11,5,6,15117200
8/11/2025,INCODRCX5A,114,114,108,108,113400
8/11/2025,INCODRPV5A,33,33,33,33,100
8/11/2025,INCOHDCQ5A,153,153,129,129,104000
8/11/2025,INCOYUCZ5A,111,111,105,105,8500
8/11/2025,INCOZPCX5A,173,173,173,173,1000
8/11/2025,INDF,8150,8200,7975,8075,5238000
8/11/2025,INDFBQCV5A,101,101,95,95,200
8/11/2025,INDFDRCQ5A,16,16,16,16,100
8/11/2025,INDFDRCX6A,0,0,0,0,0
8/11/2025,INDFHDCQ5A,0,0,0,0,0
8/11/2025,INDO,190,191,187,190,802400
8/11/2025,INDR,2290,2360,2280,2340,34800
8/11/2025,INDS,216,216,212,214,50200
8/11/2025,INDX,93,97,86,93,43440800
8/11/2025,INDY,1350,1370,1325,1355,5576200
8/11/2025,INDYZPCG6A,44,44,44,44,1700
8/11/2025,INET,288,296,274,286,193198800
8/11/2025,INET-W,196,198,179,188,25154100
8/11/2025,INKP,8150,8200,7850,8125,12842200
8/11/2025,INKPBQCX5A,85,86,85,85,600
8/11/2025,INKPDRCF6A,224,228,220,226,208800
8/11/2025,INKPDRCQ5A,53,53,48,49,1300
8/11/2025,INKPHDCQ5A,33,33,25,30,3232600
8/11/2025,INKPZPCF6A,0,0,0,0,0
8/11/2025,INOV,87,88,85,87,365700
8/11/2025,INPC,151,157,151,156,11032600
8/11/2025,INPP,780,790,780,790,12100
8/11/2025,INPS,126,126,124,125,261500
8/11/2025,INRU,660,815,630,665,548800
8/11/2025,INTA,13,13,13,13,700800
8/11/2025,INTD,190,191,188,188,39600
8/11/2025,INTP,6175,6750,6175,6650,8647000
8/11/2025,INTPZPCG6A,61,69,61,69,6401800
8/11/2025,IOTF,84,85,82,83,52650800
8/11/2025,IPAC,141,141,131,140,1500
8/11/2025,IPCC,1085,1100,1075,1085,1267500
8/11/2025,IPCM,294,298,290,292,1541900
8/11/2025,IPOL,134,136,133,133,73800
8/11/2025,IPPE,0,0,0,0,0
8/11/2025,IPTV,29,29,29,29,10674100
8/11/2025,IRRA,428,436,426,436,1579900
8/11/2025,IRSX,0,0,0,0,0
8/11/2025,ISAP,15,16,14,16,139071900
8/11/2025,ISAP-W,5,5,4,5,15688900
8/11/2025,ISAT,2230,2260,2160,2260,5765400
8/11/2025,ISATBQCU5A,0,0,0,0,0
8/11/2025,ISATDRCG6A,84,88,84,88,1400
8/11/2025,ISATDRCX5A,65,65,65,65,100
8/11/2025,ISATHDCQ5A,94,115,94,111,32000
8/11/2025,ISATZPCF6A,54,55,54,55,536200
8/11/2025,ISEA,84,86,82,84,7329000
8/11/2025,ISSP,386,400,378,396,10281200
8/11/2025,ITIC,222,222,218,220,138800
8/11/2025,ITMA,740,775,735,755,92871200
8/11/2025,ITMG,23350,23775,23350,23700,2788200
8/11/2025,ITMGZPCJ6A,0,0,0,0,0
8/11/2025,JARR,635,735,635,700,38878700
8/11/2025,JAST,94,96,94,96,7887300
8/11/2025,JATI,143,149,142,146,21661000
8/11/2025,JAWA,145,160,145,148,12708500
8/11/2025,JAYA,94,95,93,94,604700
8/11/2025,JECC,840,870,820,830,14600
8/11/2025,JGLE,9,9,8,9,7738400
8/11/2025,JIHD,610,640,605,625,1431800
8/11/2025,JKON,75,82,74,78,66071000
8/11/2025,JMAS,136,137,135,135,393600
8/11/2025,JPFA,1590,1600,1565,1585,11957700
8/11/2025,JPFABQCZ5A,0,0,0,0,0
8/11/2025,JPFADRCJ6A,33,33,33,33,28400
8/11/2025,JPFAHDCZ5A,128,128,128,128,9500
8/11/2025,JPFAZPCG6A,0,0,0,0,0
8/11/2025,JRPT,745,750,745,750,575700
8/11/2025,JSKY,0,0,0,0,0
8/11/2025,JSMR,3530,3570,3510,3560,5813100
8/11/2025,JSMRHDCH6A,0,0,0,0,0
8/11/2025,JSMRZPCG6A,0,0,0,0,0
8/11/2025,JSPT,4200,4210,4120,4140,15600
8/11/2025,JTPE,266,268,264,268,4445500
8/11/2025,KAEF,525,545,525,545,1122500
8/11/2025,KAQI,50,50,50,50,895900
8/11/2025,KARW,620,625,620,620,769200
8/11/2025,KAYU,0,0,0,0,0
8/11/2025,KBAG,30,30,30,30,287600
8/11/2025,KBLI,370,372,366,370,125200
8/11/2025,KBLM,328,328,318,324,254500
8/11/2025,KBLV,91,104,82,95,297758000
8/11/2025,KBRI,0,0,0,0,0
8/11/2025,KDSI,478,478,452,478,85900
8/11/2025,KDTN,121,121,119,121,5100
8/11/2025,KEEN,785,795,785,795,3798000
8/11/2025,KEJU,640,645,610,615,5000000
8/11/2025,KETR,284,290,268,272,3074200
8/11/2025,KIAS,0,0,0,0,0
8/11/2025,KICI,113,113,111,113,92600
8/11/2025,KIJA,199,206,197,199,204088300
8/11/2025,KING,214,216,210,214,318400
8/11/2025,KING-W,11,12,10,11,2941100
8/11/2025,KINO,1100,1110,1090,1100,16800
8/11/2025,KIOS,69,80,68,73,76128300
8/11/2025,KJEN,104,107,104,107,692900
8/11/2025,KKES,33,33,31,31,61900
8/11/2025,KKGI,328,336,328,332,3252100
8/11/2025,KLAS,145,150,140,150,24504600
8/11/2025,KLBF,1375,1385,1350,1370,48976400
8/11/2025,KLBFBQCV5A,42,43,42,43,103800
8/11/2025,KLBFDRCG6A,39,39,37,37,200
8/11/2025,KLBFDRCQ5A,0,0,0,0,0
8/11/2025,KLBFHDCQ5A,7,8,7,8,17900
8/11/2025,KLBFZPCF6A,0,0,0,0,0
8/11/2025,KLBFZPCJ6A,0,0,0,0,0
8/11/2025,KLIN,193,202,175,183,4755200
8/11/2025,KMDS,625,660,620,650,507400
8/11/2025,KMTR,272,272,262,270,884100
8/11/2025,KOBX,142,143,139,139,655400
8/11/2025,KOCI,59,63,57,59,31933400
8/11/2025,KOCI-W,8,9,7,8,18684200
8/11/2025,KOIN,63,65,63,65,3200
8/11/2025,KOKA,104,105,97,97,19930500
8/11/2025,KONI,1200,1290,1200,1230,4600
8/11/2025,KOPI,348,350,348,348,132200
8/11/2025,KOTA,16,17,16,17,11712100
8/11/2025,KPIG,202,210,199,202,86046400
8/11/2025,KRAS,262,274,260,266,25234700
8/11/2025,KREN,9,9,9,9,11201000
8/11/2025,KRYA,268,300,264,270,230155100
8/11/2025,KSIX,199,206,199,204,319900
8/11/2025,KUAS,68,68,62,66,19426800
8/11/2025,LABA,0,0,0,0,0
8/11/2025,LABS,133,136,133,136,489100
8/11/2025,LAJU,50,50,50,50,1993400
8/11/2025,LAND,29,29,27,27,2235800
8/11/2025,LAPD,85,85,85,85,9667500
8/11/2025,LCGP,0,0,0,0,0
8/11/2025,LCKM,212,212,208,210,39400
8/11/2025,LEAD,70,71,69,71,9527800
8/11/2025,LFLO,270,270,258,262,5900
8/11/2025,LIFE,7275,7400,7000,7225,5500
8/11/2025,LINK,1800,1800,1800,1800,300
8/11/2025,LION,370,370,360,368,31200
8/11/2025,LIVE,185,187,160,187,27707100
8/11/2025,LMAS,0,0,0,0,0
8/11/2025,LMAX,74,77,67,72,15034000
8/11/2025,LMPI,138,140,137,139,80900
8/11/2025,LMSH,0,0,0,0,0
8/11/2025,LOPI,64,66,58,59,18098400
8/11/2025,LPCK,510,515,500,510,1123200
8/11/2025,LPGI,428,438,400,420,146200
8/11/2025,LPIN,400,400,394,394,92700
8/11/2025,LPKR,87,89,86,89,35507500
8/11/2025,LPLI,274,290,274,280,24100
8/11/2025,LPPF,1575,1575,1550,1555,2122900
8/11/2025,LPPS,59,63,58,59,5521300
8/11/2025,LRNA,166,177,161,168,238200
8/11/2025,LSIP,1335,1385,1335,1380,15088200
8/11/2025,LSIPYUCZ5A,78,78,78,78,100
8/11/2025,LSIPZPCG6A,82,82,82,82,140000
8/11/2025,LTLS,830,870,825,855,214000
8/11/2025,LUCK,84,86,82,84,5757900
8/11/2025,LUCY,73,73,70,73,95700
8/11/2025,MABA,0,0,0,0,0
8/11/2025,MAGP,0,0,0,0,0
8/11/2025,MAHA,135,137,134,136,3017500
8/11/2025,MAIN,630,635,615,620,3256000
8/11/2025,MANG,40,43,37,41,35046700
8/11/2025,MANG-W,31,31,25,30,819900
8/11/2025,MAPA,650,655,645,645,12328000
8/11/2025,MAPADRCJ6A,21,21,21,21,100
8/11/2025,MAPAHDCZ5A,48,48,48,48,31300
8/11/2025,MAPAZPCH6A,0,0,0,0,0
8/11/2025,MAPB,1790,1790,1750,1750,58100
8/11/2025,MAPI,1205,1220,1175,1215,10649100
8/11/2025,MAPIBQCV5A,0,0,0,0,0
8/11/2025,MAPIDRCQ5A,4,7,3,7,6431200
8/11/2025,MAPIDRCX5A,26,26,26,26,100
8/11/2025,MAPIHDCQ5A,0,0,0,0,0
8/11/2025,MAPIZPCJ6A,0,0,0,0,0
8/11/2025,MARI,21,22,21,21,2667300
8/11/2025,MARK,660,665,645,655,25017500
8/11/2025,MASA,0,0,0,0,0
8/11/2025,MASB,3310,3340,3300,3300,500
8/11/2025,MAXI,51,51,50,50,555700
8/11/2025,MAYA,184,188,184,187,2192800
8/11/2025,MBAP,1660,1675,1650,1665,28100
8/11/2025,MBMA,430,450,430,434,301399900
8/11/2025,MBMABQCX5A,25,26,23,23,9263400
8/11/2025,MBMADRCQ5A,2,8,2,5,22969200
8/11/2025,MBMADRCX5A,33,35,31,32,1238300
8/11/2025,MBMAHDCH6A,0,0,0,0,0
8/11/2025,MBMAHDCQ5A,2,3,2,3,6923400
8/11/2025,MBMAZPCX5A,64,64,63,63,200
8/11/2025,MBSS,1430,1435,1390,1390,690000
8/11/2025,MBTO,122,152,110,114,122666000
8/11/2025,MCAS,960,960,940,945,81500
8/11/2025,MCOL,4000,4000,3980,4000,19700
8/11/2025,MCOR,66,66,65,66,3416300
8/11/2025,MDIA,27,27,27,27,1653700
8/11/2025,MDIY,1290,1290,1265,1280,316600
8/11/2025,MDKA,2460,2500,2370,2390,30406700
8/11/2025,MDKABQCV5A,0,0,0,0,0
8/11/2025,MDKABQCX5B,0,0,0,0,0
8/11/2025,MDKADRCQ5A,34,36,32,33,27700
8/11/2025,MDKADRCV5A,100,100,90,90,161800
8/11/2025,MDKAHDCU5A,0,0,0,0,0
8/11/2025,MDKAHDCZ5A,161,161,161,161,35200
8/11/2025,MDKAYUCQ5A,141,141,141,141,100
8/11/2025,MDKAZPCF6A,85,85,85,85,50000
8/11/2025,MDKI,160,161,160,161,230100
8/11/2025,MDLA,200,206,194,199,21401900
8/11/2025,MDLN,53,62,53,61,180331200
8/11/2025,MDRN,11,11,11,11,13161300
8/11/2025,MEDC,1205,1250,1190,1240,33254500
8/11/2025,MEDCBQCV5A,0,0,0,0,0
8/11/2025,MEDCBQCX5B,0,0,0,0,0
8/11/2025,MEDCBQCZ5A,0,0,0,0,0
8/11/2025,MEDCDRCG6A,37,38,37,37,49800
8/11/2025,MEDCDRCQ5A,34,34,32,32,200
8/11/2025,MEDCDRPV5A,35,35,35,35,100
8/11/2025,MEDCHDCH6A,0,0,0,0,0
8/11/2025,MEDCHDCQ5A,52,52,52,52,3000
8/11/2025,MEDCZPCF6A,36,36,36,36,1700
8/11/2025,MEDS,50,50,50,50,18100
8/11/2025,MEGA,3250,3300,3240,3300,5300
8/11/2025,MEJA,44,44,44,44,17345600
8/11/2025,MEJA-W,7,8,7,8,22668200
8/11/2025,MENN,47,47,45,45,13493800
8/11/2025,MERI,278,288,270,278,11128000
8/11/2025,MERK,2840,2850,2800,2800,49300
8/11/2025,META,0,0,0,0,0
8/11/2025,MFIN,585,585,585,585,250800
8/11/2025,MFMI,0,0,0,0,0
8/11/2025,MGLV,515,620,515,620,782000
8/11/2025,MGNA,31,31,31,31,886000
8/11/2025,MGNA-W,0,0,0,0,0
8/11/2025,MGRO,715,725,710,725,4656000
8/11/2025,MHKI,126,126,121,125,1196400
8/11/2025,MICE,474,520,474,484,1314600
8/11/2025,MIDI,468,486,462,478,40543000
8/11/2025,MIKA,2420,2440,2390,2410,4668500
8/11/2025,MIKAZPCG6A,0,0,0,0,0
8/11/2025,MINA,0,0,0,0,0
8/11/2025,MINE,476,488,472,482,4786400
8/11/2025,MIRA,27,29,27,29,9641200
8/11/2025,MITI,183,186,180,184,167600
8/11/2025,MKAP,350,350,348,348,97800
8/11/2025,MKNT,0,0,0,0,0
8/11/2025,MKPI,25975,27125,24550,26400,22700
8/11/2025,MKTR,107,108,105,106,2024500
8/11/2025,MKTR-W,9,9,6,7,6463600
8/11/2025,MLBI,6200,6200,6000,6150,251900
8/11/2025,MLIA,324,326,320,324,3976900
8/11/2025,MLPL,119,128,118,120,286840900
8/11/2025,MLPT,43000,51600,43000,51600,73100
8/11/2025,MMIX,240,250,240,248,5869200
8/11/2025,MMLP,535,540,530,535,7206400
8/11/2025,MNCN,258,262,256,262,16013700
8/11/2025,MOLI,206,212,204,206,1190800
8/11/2025,MORA,378,380,378,380,100000
8/11/2025,MPIX,62,63,61,62,2424100
8/11/2025,MPIX-W,8,8,7,7,211300
8/11/2025,MPMX,965,970,960,965,1930900
8/11/2025,MPOW,124,132,120,125,9197500
8/11/2025,MPPA,72,76,71,72,157251600
8/11/2025,MPRO,2950,3080,2930,3050,975100
8/11/2025,MPXL,105,106,104,106,561600
8/11/2025,MRAT,248,266,248,254,220200
8/11/2025,MREI,935,1005,910,940,236200
8/11/2025,MSIE,36,36,30,32,15757800
8/11/2025,MSIN,498,510,486,505,26437500
8/11/2025,MSJA,304,308,300,308,1690500
8/11/2025,MSKY,73,76,71,73,22425700
8/11/2025,MSTI,1665,1700,1650,1670,3929000
8/11/2025,MTDL,590,605,575,590,8408400
8/11/2025,MTEL,635,645,630,640,14828500
8/11/2025,MTFN,5,5,5,5,199882500
8/11/2025,MTLA,438,450,438,446,5700
8/11/2025,MTMH,880,900,875,890,20700
8/11/2025,MTPS,45,45,38,38,703900
8/11/2025,MTRA,0,0,0,0,0
8/11/2025,MTSM,0,0,0,0,0
8/11/2025,MTWI,382,438,368,398,2231700
8/11/2025,MUTU,91,92,90,91,453700
8/11/2025,MYOH,1700,1700,1690,1700,1600
8/11/2025,MYOR,2220,2230,2190,2190,4072400
8/11/2025,MYORZPCH6A,0,0,0,0,0
8/11/2025,MYTX,0,0,0,0,0
8/11/2025,NAIK,155,159,155,158,5596600
8/11/2025,NAIK-W,29,29,26,27,4488100
8/11/2025,NANO,26,27,24,26,123106200
8/11/2025,NASA,17,17,17,17,706500
8/11/2025,NASI,83,85,83,85,2026500
8/11/2025,NATO,144,155,140,146,613700
8/11/2025,NAYZ,57,57,47,47,15619000
8/11/2025,NCKL,1015,1065,1000,1000,118223800
8/11/2025,NCKLYUCZ5A,94,98,89,89,420900
8/11/2025,NCKLZPCJ6A,61,66,58,59,335600
8/11/2025,NELY,352,354,348,352,1216600
8/11/2025,NEST,296,316,288,290,5498900
8/11/2025,NETV,144,146,136,144,4613100
8/11/2025,NFCX,1895,1900,1815,1900,236600
8/11/2025,NICE,432,436,420,432,3281300
8/11/2025,NICK,1300,1300,1250,1275,23000
8/11/2025,NICL,1020,1070,1020,1030,5206400
8/11/2025,NIKL,232,236,228,232,481700
8/11/2025,NINE,193,199,176,177,80178000
8/11/2025,NIRO,120,134,120,128,38700
8/11/2025,NISP,1350,1380,1350,1380,11413800
8/11/2025,NOBU,530,540,525,535,4858700
8/11/2025,NPGF,50,50,50,50,701100
8/11/2025,NRCA,990,1010,850,850,58176800
8/11/2025,NSSS,422,430,416,428,5694900
8/11/2025,NTBK,50,50,50,50,146800
8/11/2025,NUSA,0,0,0,0,0
8/11/2025,NZIA,92,107,89,97,37048700
8/11/2025,OASA,198,198,187,188,29642900
8/11/2025,OBAT,398,398,388,390,1733400
8/11/2025,OBAT-W,61,61,56,58,3432600
8/11/2025,OBMD,198,198,190,194,759200
8/11/2025,OCAP,0,0,0,0,0
8/11/2025,OILS,134,155,130,140,25339200
8/11/2025,OKAS,210,224,208,214,4848100
8/11/2025,OLIV,24,24,22,23,5295700
8/11/2025,OMED,184,185,182,185,971000
8/11/2025,OMRE,430,430,430,430,100
8/11/2025,OPMS,70,74,70,72,9227900
8/11/2025,PACK,3890,3900,3820,3840,1660800
8/11/2025,PADA,22,22,22,22,10799100
8/11/2025,PADI,68,68,68,68,8806800
8/11/2025,PALM,378,386,378,386,350500
8/11/2025,PAMG,79,82,79,80,22268400
8/11/2025,PANI,15950,16475,15900,16450,12217400
8/11/2025,PANIHDCZ5A,240,254,240,250,697600
8/11/2025,PANIZPCJ6A,101,107,101,107,1252700
8/11/2025,PANR,755,775,730,755,13365200
8/11/2025,PANS,1390,1400,1390,1400,43700
8/11/2025,PART,135,140,132,137,27102800
8/11/2025,PART-W,32,33,30,30,9559500
8/11/2025,PBID,480,482,480,482,402600
8/11/2025,PBRX,23,24,23,24,22240800
8/11/2025,PBSA,408,414,400,408,1879500
8/11/2025,PCAR,28,29,28,28,434500
8/11/2025,PDES,560,560,540,545,205500
8/11/2025,PDPP,498,500,492,500,4188200
8/11/2025,PEGE,114,117,113,114,709100
8/11/2025,PEHA,340,344,334,340,24900
8/11/2025,PEVE,452,500,410,432,760300
8/11/2025,PGAS,1685,1695,1660,1670,17115700
8/11/2025,PGASBQCU5A,0,0,0,0,0
8/11/2025,PGASBQCZ5A,0,0,0,0,0
8/11/2025,PGASDRCG6A,73,73,69,69,117100
8/11/2025,PGASDRCQ5A,19,19,18,18,73800
8/11/2025,PGASHDCQ5A,0,0,0,0,0
8/11/2025,PGASYUCQ5A,77,77,77,77,100
8/11/2025,PGASZPCJ6A,46,46,45,45,62800
8/11/2025,PGEO,1635,1645,1555,1565,115680700
8/11/2025,PGEOBQCX5B,61,61,60,60,1600
8/11/2025,PGEODRCJ6A,64,64,59,59,163800
8/11/2025,PGEODRCQ5A,110,110,110,110,400
8/11/2025,PGEODRPV5A,26,26,26,26,200
8/11/2025,PGEOHDCH6A,84,84,80,80,16800
8/11/2025,PGEOHDCH6B,0,0,0,0,0
8/11/2025,PGEOHDCQ5A,0,0,0,0,0
8/11/2025,PGEOZPCJ6A,76,76,73,73,35800
8/11/2025,PGJO,0,0,0,0,0
8/11/2025,PGLI,162,170,161,164,166300
8/11/2025,PGUN,0,0,0,0,0
8/11/2025,PICO,135,135,130,130,1026400
8/11/2025,PIPA,88,88,88,88,28864700
8/11/2025,PJAA,470,476,466,468,188000
8/11/2025,PKPK,605,610,595,605,44000
8/11/2025,PLAN,46,47,43,46,1489400
8/11/2025,PLAS,0,0,0,0,0
8/11/2025,PLIN,0,0,0,0,0
8/11/2025,PMJS,117,118,115,115,117300
8/11/2025,PMMP,0,0,0,0,0
8/11/2025,PMUI,113,116,112,115,8106700
8/11/2025,PNBN,1150,1160,1140,1150,7043600
8/11/2025,PNBS,50,50,50,50,133800
8/11/2025,PNGO,2360,2800,2310,2570,84400
8/11/2025,PNIN,885,900,885,900,224800
8/11/2025,PNLF,252,254,250,252,53130300
8/11/2025,PNLFDRCJ6A,15,15,15,15,68000
8/11/2025,PNLFHDCZ5A,0,0,0,0,0
8/11/2025,PNLFYUCV5A,0,0,0,0,0
8/11/2025,PNLFZPCH6A,0,0,0,0,0
8/11/2025,PNSE,735,770,680,720,40400
8/11/2025,POLA,18,18,18,18,481100
8/11/2025,POLI,725,725,725,725,100
8/11/2025,POLL,0,0,0,0,0
8/11/2025,POLU,0,0,0,0,0
8/11/2025,POLY,17,17,16,16,28400
8/11/2025,POOL,0,0,0,0,0
8/11/2025,PORT,945,950,910,945,46400
8/11/2025,POSA,0,0,0,0,0
8/11/2025,POWR,705,710,700,700,2239400
8/11/2025,PPGL,104,110,104,105,2134000
8/11/2025,PPRE,61,79,60,79,77720500
8/11/2025,PPRI,332,358,250,250,138998800
8/11/2025,PPRO,0,0,0,0,0
8/11/2025,PRAY,620,620,600,620,12100
8/11/2025,PRDA,2970,2970,2820,2830,313500
8/11/2025,PRIM,63,64,61,62,6751800
8/11/2025,PSAB,424,424,404,410,95763000
8/11/2025,PSAT,1485,1515,1420,1470,2102500
8/11/2025,PSDN,83,84,83,83,102200
8/11/2025,PSGO,199,204,197,202,700500
8/11/2025,PSKT,63,68,63,68,18541800
8/11/2025,PSSI,346,348,342,346,428800
8/11/2025,PTBA,2400,2420,2400,2410,8915300
8/11/2025,PTBABQCV5A,0,0,0,0,0
8/11/2025,PTBADRCG6A,0,0,0,0,0
8/11/2025,PTBADRCQ5A,0,0,0,0,0
8/11/2025,PTBAHDCQ5A,0,0,0,0,0
8/11/2025,PTBAYUCZ5A,0,0,0,0,0
8/11/2025,PTBAZPCH6A,0,0,0,0,0
8/11/2025,PTDU,0,0,0,0,0
8/11/2025,PTIS,388,414,380,386,117300
8/11/2025,PTMP,99,101,97,98,9534100
8/11/2025,PTMR,0,0,0,0,0
8/11/2025,PTPP,388,418,388,414,88420300
8/11/2025,PTPS,147,163,145,162,84534300
8/11/2025,PTPW,965,965,960,965,18600
8/11/2025,PTRO,3750,3780,3670,3710,27975600
8/11/2025,PTSN,262,262,250,254,1862100
8/11/2025,PTSP,995,1000,960,995,105800
8/11/2025,PUDP,206,214,206,210,6700
8/11/2025,PURA,15,15,15,15,6423300
8/11/2025,PURE,0,0,0,0,0
8/11/2025,PURI,181,185,176,184,412600
8/11/2025,PWON,370,388,370,384,92776600
8/11/2025,PWONHDCZ5A,105,105,105,105,13800
8/11/2025,PWONZPCH6A,0,0,0,0,0
8/11/2025,PYFA,525,555,520,545,65044500
8/11/2025,PYFA-W,97,98,94,94,911900
8/11/2025,PZZA,178,195,178,185,4858600
8/11/2025,R-ABFII,0,0,0,0,0
8/11/2025,R-LQ45X,978,978,969,973,1500
8/11/2025,RAAM,294,310,292,296,9064600
8/11/2025,RAFI,0,0,0,0,0
8/11/2025,RAJA,2650,2700,2590,2610,26667300
8/11/2025,RALS,392,394,388,390,5405600
8/11/2025,RANC,408,416,408,416,11800
8/11/2025,RATU,7275,7325,7025,7025,10726800
8/11/2025,RBMS,24,25,24,25,113400
8/11/2025,RCCC,110,119,110,117,320600
8/11/2025,RDTX,12050,12050,12050,12050,100
8/11/2025,REAL,42,42,41,41,2552600
8/11/2025,RELF,25,25,24,24,21354200
8/11/2025,RELI,595,650,595,605,63500
8/11/2025,RGAS,111,114,111,112,5833700
8/11/2025,RICY,33,33,33,33,68200
8/11/2025,RIGS,795,795,750,775,10600
8/11/2025,RIMO,0,0,0,0,0
8/11/2025,RISE,1055,1065,1050,1055,232000
8/11/2025,RMKE,610,630,610,625,2707200
8/11/2025,RMKO,109,112,108,109,189200
8/11/2025,ROCK,0,0,0,0,0
8/11/2025,RODA,35,37,35,37,229700
8/11/2025,RONY,0,0,0,0,0
8/11/2025,ROTI,810,810,800,810,540300
8/11/2025,RSCH,400,460,384,392,1741200
8/11/2025,RSGK,0,0,0,0,0
8/11/2025,RUIS,210,218,208,216,813700
8/11/2025,RUNS,63,63,59,61,623300
8/11/2025,SAFE,208,218,196,200,1489900
8/11/2025,SAGE,18,18,18,18,19286200
8/11/2025,SAME,322,342,320,332,5024200
8/11/2025,SAMF,342,346,340,344,63200
8/11/2025,SAPX,300,300,294,298,87200
8/11/2025,SATU,230,232,230,232,4913200
8/11/2025,SBAT,0,0,0,0,0
8/11/2025,SBMA,125,126,121,122,1971200
8/11/2025,SCCO,2300,2320,2240,2240,166400
8/11/2025,SCMA,242,256,236,248,438900200
8/11/2025,SCMABQCZ5A,74,82,74,82,2200
8/11/2025,SCMAHDCZ5A,232,240,220,228,19900
8/11/2025,SCMAZPCG6A,111,111,111,111,100
8/11/2025,SCNP,173,188,173,182,302400
8/11/2025,SCPI,0,0,0,0,0
8/11/2025,SDMU,46,46,45,45,619400
8/11/2025,SDPC,130,130,129,129,16400
8/11/2025,SDRA,290,294,290,290,334600
8/11/2025,SEMA,91,93,90,91,595700
8/11/2025,SFAN,1910,1910,1905,1905,100000
8/11/2025,SGER,348,350,340,340,194066600
8/11/2025,SGRO,2890,3010,2890,2960,2736700
8/11/2025,SHID,870,930,870,910,53000
8/11/2025,SHIP,4070,4290,4040,4050,51500
8/11/2025,SICO,109,113,109,112,3350300
8/11/2025,SIDO,510,515,505,510,38135900
8/11/2025,SILO,2110,2120,2100,2120,181600
8/11/2025,SIMA,0,0,0,0,0
8/11/2025,SIMP,620,635,620,625,20931100
8/11/2025,SINI,3460,3460,3200,3200,19600
8/11/2025,SIPD,700,700,700,700,5500
8/11/2025,SKBM,356,360,348,358,48100
8/11/2025,SKLT,187,190,187,190,315900
8/11/2025,SKRN,400,402,398,400,214200
8/11/2025,SKYB,0,0,0,0,0
8/11/2025,SLIS,50,50,50,50,125300
8/11/2025,SLIS-W,8,8,8,8,228100
8/11/2025,SMAR,4020,4290,4020,4150,326900
8/11/2025,SMBR,290,306,280,296,71341300
8/11/2025,SMCB,0,0,0,0,0
8/11/2025,SMDM,1000,1130,900,925,5871000
8/11/2025,SMDR,330,346,330,342,33655700
8/11/2025,SMGA,111,116,107,109,85408300
8/11/2025,SMGR,2480,2690,2480,2670,22180200
8/11/2025,SMGRBQCU5A,6,10,5,9,547700
8/11/2025,SMGRBQCX5B,70,72,70,72,1000
8/11/2025,SMGRBQCZ5A,0,0,0,0,0
8/11/2025,SMGRDRCQ5A,1,1,1,1,10000
8/11/2025,SMGRDRCV5A,43,53,43,51,19793900
8/11/2025,SMGRHDCZ5A,92,95,92,95,1400000
8/11/2025,SMGRZPCJ6A,0,0,0,0,0
8/11/2025,SMIL,346,362,346,362,128385100
8/11/2025,SMKL,160,161,156,156,324700
8/11/2025,SMKM,74,75,72,74,6592600
8/11/2025,SMLE,127,134,127,133,6017800
8/11/2025,SMMA,16400,17400,16300,16325,201700
8/11/2025,SMMT,1015,1015,985,1005,98300
8/11/2025,SMRA,418,448,416,442,140890500
8/11/2025,SMRADRCJ6A,30,34,30,33,582100
8/11/2025,SMRAHDCZ5A,149,151,149,151,400000
8/11/2025,SMRAZPCH6A,57,63,57,63,47000
8/11/2025,SMRU,0,0,0,0,0
8/11/2025,SMSM,1965,1965,1875,1875,689000
8/11/2025,SNLK,505,510,494,505,6398300
8/11/2025,SOCI,184,184,181,182,835000
8/11/2025,SOFA,48,49,47,49,1765200
8/11/2025,SOHO,690,695,690,695,1100
8/11/2025,SOLA,172,181,168,175,185747300
8/11/2025,SONA,3880,3900,3600,3730,99200
8/11/2025,SOSS,675,815,590,620,2579800
8/11/2025,SOTS,262,270,262,264,14400
8/11/2025,SOUL,78,78,68,68,9616300
8/11/2025,SPMA,272,278,272,278,167200
8/11/2025,SPRE,95,95,89,90,700500
8/11/2025,SPTO,655,660,655,660,181600
8/11/2025,SQMI,0,0,0,0,0
8/11/2025,SRAJ,5000,5850,4960,5050,1024900
8/11/2025,SRIL,0,0,0,0,0
8/11/2025,SRSN,52,53,51,52,3442700
8/11/2025,SRTG,1765,1825,1765,1780,10865900
8/11/2025,SRTGZPCG6A,0,0,0,0,0
8/11/2025,SSIA,2500,2580,2500,2500,24491700
8/11/2025,SSMS,1355,1400,1340,1380,8951500
8/11/2025,SSTM,189,195,184,195,81900
8/11/2025,STAA,965,995,965,990,10908900
8/11/2025,STAR,41,41,41,41,333700
8/11/2025,STRK,140,145,134,134,128717000
8/11/2025,STTP,10225,10450,10200,10200,1200
8/11/2025,SUGI,0,0,0,0,0
8/11/2025,SULI,105,106,101,103,799300
8/11/2025,SUNI,800,800,775,795,369500
8/11/2025,SUPR,0,0,0,0,0
8/11/2025,SURE,4320,4320,3700,3700,292800
8/11/2025,SURI,113,114,109,110,276351900
8/11/2025,SWAT,0,0,0,0,0
8/11/2025,SWID,105,106,100,100,5792200
8/11/2025,TALF,300,302,282,300,3300
8/11/2025,TAMA,31,31,31,31,522400
8/11/2025,TAMU,18,18,18,18,20569500
8/11/2025,TAPG,1485,1500,1465,1500,16284600
8/11/2025,TAPGDRCJ6A,72,74,72,74,10800
8/11/2025,TAPGHDCH6A,181,185,181,185,620400
8/11/2025,TAPGZPCH6A,92,92,92,92,600
8/11/2025,TARA,10,10,10,10,18204200
8/11/2025,TAXI,8,8,7,7,68446500
8/11/2025,TAYS,50,50,50,50,211200
8/11/2025,TBIG,1940,1945,1920,1925,199500
8/11/2025,TBLA,760,770,740,750,14675900
8/11/2025,TBMS,1095,1190,1095,1115,146200
8/11/2025,TCID,2390,2450,2390,2440,900
8/11/2025,TCPI,6100,6100,5975,6000,8283500
8/11/2025,TDPM,0,0,0,0,0
8/11/2025,TEBE,1160,1210,1110,1150,6690600
8/11/2025,TECH,0,0,0,0,0
8/11/2025,TELE,0,0,0,0,0
8/11/2025,TFAS,132,134,128,130,242900
8/11/2025,TFCO,0,0,0,0,0
8/11/2025,TGKA,6000,6000,6000,6000,1000
8/11/2025,TGRA,0,0,0,0,0
8/11/2025,TGUK,0,0,0,0,0
8/11/2025,TIFA,470,482,450,452,121800
8/11/2025,TINS,1005,1010,995,1000,6939200
8/11/2025,TIRA,2020,2080,1980,2040,82600
8/11/2025,TIRT,0,0,0,0,0
8/11/2025,TKIM,7150,7375,6800,7325,6898700
8/11/2025,TKIMZPCG6A,100,113,100,113,656200
8/11/2025,TLDN,620,635,615,625,1708200
8/11/2025,TLKM,2990,3010,2970,2990,74978300
8/11/2025,TLKMBQCQ5A,0,0,0,0,0
8/11/2025,TLKMBQCV5A,0,0,0,0,0
8/11/2025,TLKMDRCJ6A,73,73,73,73,6800
8/11/2025,TLKMDRCQ5A,45,45,45,45,41500
8/11/2025,TLKMDRCQ5B,103,107,103,103,300
8/11/2025,TLKMDRCX6A,1850,1850,1850,1850,200
8/11/2025,TLKMHDCQ5A,0,0,0,0,0
8/11/2025,TLKMHDCV5A,0,0,0,0,0
8/11/2025,TLKMYUCQ5A,0,0,0,0,0
8/11/2025,TLKMZPCF6A,0,0,0,0,0
8/11/2025,TMAS,128,128,126,127,1432300
8/11/2025,TMPO,147,150,144,147,2280200
8/11/2025,TNCA,138,139,135,138,832700
8/11/2025,TOBA,1045,1070,1040,1045,54985500
8/11/2025,TOOL,50,61,50,53,86642700
8/11/2025,TOPS,0,0,0,0,0
8/11/2025,TOSK,50,50,50,50,33000
8/11/2025,TOTL,720,730,720,725,1099600
8/11/2025,TOTO,250,254,246,252,1561500
8/11/2025,TOWR,625,650,615,645,29646000
8/11/2025,TOYS,0,0,0,0,0
8/11/2025,TPIA,8900,8925,8775,8800,5058100
8/11/2025,TPMA,585,590,575,585,4961500
8/11/2025,TRAM,0,0,0,0,0
8/11/2025,TRGU,185,188,185,188,5300
8/11/2025,TRIL,0,0,0,0,0
8/11/2025,TRIM,352,360,348,360,66100
8/11/2025,TRIN,96,100,96,98,484200
8/11/2025,TRIN-W2,0,0,0,0,0
8/11/2025,TRIO,0,0,0,0,0
8/11/2025,TRIS,183,185,183,184,20600
8/11/2025,TRJA,137,137,135,137,376400
8/11/2025,TRON,101,102,100,101,2360600
8/11/2025,TRST,494,498,474,498,22300
8/11/2025,TRUE,20,20,20,20,720900
8/11/2025,TRUK,150,150,143,148,172000
8/11/2025,TRUS,456,474,434,466,18500
8/11/2025,TSPC,2160,2160,2120,2160,1370200
8/11/2025,TUGU,945,950,930,935,2437300
8/11/2025,TYRE,129,129,126,128,74300
8/11/2025,UANG,222,222,216,218,682600
8/11/2025,UCID,500,505,498,500,257000
8/11/2025,UDNG,1520,1550,1295,1475,383800
8/11/2025,UFOE,170,170,167,170,109000
8/11/2025,ULTJ,1280,1285,1265,1280,3632500
8/11/2025,UNIC,7950,7975,7950,7950,1200
8/11/2025,UNIQ,404,406,390,404,49567900
8/11/2025,UNIT,0,0,0,0,0
8/11/2025,UNSP,135,135,125,125,183300
8/11/2025,UNTD,77,77,76,76,5844000
8/11/2025,UNTR,24200,24450,24125,24275,1923100
8/11/2025,UNTRBQCV5A,0,0,0,0,0
8/11/2025,UNTRDRCG6A,131,131,129,129,10100
8/11/2025,UNTRDRCQ5A,17,17,17,17,100
8/11/2025,UNTRHDCQ5A,0,0,0,0,0
8/11/2025,UNTRZPCJ6A,0,0,0,0,0
8/11/2025,UNVR,1755,1780,1750,1760,18272400
8/11/2025,UNVRBQCQ5A,12,12,10,11,131400
8/11/2025,UNVRBQCU5A,0,0,0,0,0
8/11/2025,UNVRBQCZ5A,0,0,0,0,0
8/11/2025,UNVRDRCG6A,50,50,49,49,235100
8/11/2025,UNVRDRCQ5A,3,3,2,2,2025100
8/11/2025,UNVRHDCQ5A,0,0,0,0,0
8/11/2025,UNVRHDPG6A,0,0,0,0,0
8/11/2025,UNVRZPCH6A,0,0,0,0,0
8/11/2025,URBN,132,132,129,132,283900
8/11/2025,UVCR,71,72,70,72,605200
8/11/2025,VAST,148,158,146,155,2594700
8/11/2025,VAST-W,13,14,13,14,420700
8/11/2025,VERN,156,158,149,149,1105300
8/11/2025,VERN-W,6,7,5,7,14666400
8/11/2025,VICI,630,635,625,630,571600
8/11/2025,VICO,167,179,166,173,1786700
8/11/2025,VINS,118,120,116,116,36900
8/11/2025,VISI,135,138,130,137,6625100
8/11/2025,VIVA,14,14,14,14,1167000
8/11/2025,VKTR,83,84,79,81,18403100
8/11/2025,VOKS,192,197,190,196,402600
8/11/2025,VRNA,73,74,72,72,161900
8/11/2025,VTNY,94,94,87,89,23685600
8/11/2025,WAPO,140,144,139,139,556200
8/11/2025,WEGE,51,66,50,63,338496300
8/11/2025,WEHA,122,122,120,120,632800
8/11/2025,WGSH,175,180,170,175,3233200
8/11/2025,WICO,0,0,0,0,0
8/11/2025,WIDI,23,24,21,21,51326800
8/11/2025,WIFI,2600,2720,2490,2700,139450200
8/11/2025,WIIM,780,795,775,795,375900
8/11/2025,WIKA,0,0,0,0,0
8/11/2025,WINE,220,220,210,212,639700
8/11/2025,WINR,28,28,26,26,12516100
8/11/2025,WINS,394,402,394,400,2646200
8/11/2025,WIRG,117,122,117,118,372597200
8/11/2025,WMPP,0,0,0,0,0
8/11/2025,WMUU,12,12,12,12,3450000
8/11/2025,WOMF,340,342,340,340,31200
8/11/2025,WOOD,396,396,390,392,1493000
8/11/2025,WOWS,59,59,59,59,3880400
8/11/2025,WSBP,12,12,12,12,135634800
8/11/2025,WSKT,0,0,0,0,0
8/11/2025,WTON,90,110,89,97,217037400
8/11/2025,XAQA,0,0,0,0,0
8/11/2025,XBES,1058,1058,1058,1058,10000
8/11/2025,XBID,510,510,508,508,40100
8/11/2025,XBIG,0,0,0,0,0
8/11/2025,XBIN,578,578,573,573,40100
8/11/2025,XBLQ,487,487,487,487,100
8/11/2025,XBNI,0,0,0,0,0
8/11/2025,XBSK,441,441,439,439,41400
8/11/2025,XCEG,106,106,106,106,500
8/11/2025,XCID,75,81,67,75,4261900
8/11/2025,XCIS,110,112,96,96,150200
8/11/2025,XCLQ,70,88,70,88,3300
8/11/2025,XDIF,0,0,0,0,0
8/11/2025,XIFE,110,133,107,111,323700
8/11/2025,XIHD,635,635,614,614,10400
8/11/2025,XIIC,0,0,0,0,0
8/11/2025,XIID,490,490,490,490,100
8/11/2025,XIIF,0,0,0,0,0
8/11/2025,XIIT,508,513,508,510,12700
8/11/2025,XIJI,619,619,615,615,4700
8/11/2025,XILV,149,149,130,130,68400
8/11/2025,XIML,160,253,160,249,481800
8/11/2025,XIPB,199,199,199,199,300
8/11/2025,XIPI,221,221,221,221,3500
8/11/2025,XISB,536,536,536,536,100
8/11/2025,XISC,0,0,0,0,0
8/11/2025,XISI,349,349,349,349,200
8/11/2025,XISR,430,433,430,430,6200
8/11/2025,XKID,0,0,0,0,0
8/11/2025,XKIV,560,565,559,565,40600
8/11/2025,XKMS,1148,1148,1148,1148,100
8/11/2025,XMGB,1109,1109,1109,1109,100
8/11/2025,XMIG,216,216,214,214,200100
8/11/2025,XMLF,880,880,880,880,40000
8/11/2025,XMSK,378,378,378,378,100
8/11/2025,XNVE,0,0,0,0,0
8/11/2025,XPDV,595,740,595,738,31300
8/11/2025,XPFT,0,0,0,0,0
8/11/2025,XPIN,631,633,630,630,1900
8/11/2025,XPLQ,0,0,0,0,0
8/11/2025,XPSG,0,0,0,0,0
8/11/2025,XPTD,400,465,400,406,10800
8/11/2025,XSBC,370,442,370,384,134800
8/11/2025,XSPI,812,812,812,812,100
8/11/2025,XSSI,112,112,96,96,221200
8/11/2025,XSSK,682,682,682,682,20000
8/11/2025,YELO,30,30,30,30,4774100
8/11/2025,YOII,93,95,92,94,3647200
8/11/2025,YPAS,0,0,0,0,0
8/11/2025,YULE,0,0,0,0,0
8/11/2025,YUPI,1700,1720,1550,1630,377900
8/11/2025,ZATA,12,12,12,12,52978600
8/11/2025,ZBRA,0,0,0,0,0
8/11/2025,ZINC,13,13,13,13,1471700
8/11/2025,ZONE,750,750,740,750,130100
8/11/2025,ZYRX,128,140,126,136,20795600
