<date>,<ticker>,<open>,<high>,<low>,<close>,<volume>
8/22/2025,IHSG,7910.099,7913.387,7858.851,7858.851,8608535587
8/22/2025,IDX30,0.000,0.000,0.000,0.000,0
8/22/2025,IDX80,0.000,0.000,0.000,0.000,0
8/22/2025,AADI,6900,6925,6825,6825,4821600
8/22/2025,AALI,7300,7575,7300,7450,1870000
8/22/2025,ABBA,39,39,38,39,1021700
8/22/2025,ABDA,0,0,0,0,0
8/22/2025,ABMM,3000,3000,2970,2990,880200
8/22/2025,ACES,464,464,454,456,47923300
8/22/2025,ACESBQCV5A,3,3,2,2,4684200
8/22/2025,ACESBQCX5B,0,0,0,0,0
8/22/2025,ACESBQCZ5A,32,32,32,32,177600
8/22/2025,ACESDRCJ6A,17,17,17,17,100100
8/22/2025,ACESHDCZ5A,0,0,0,0,0
8/22/2025,ACESZPCJ6A,25,25,25,25,100000
8/22/2025,ACRO,115,115,93,95,373431900
8/22/2025,ACRO-W,10,10,8,10,43528900
8/22/2025,ACST,197,204,153,158,345882700
8/22/2025,ADCP,50,51,50,50,13428200
8/22/2025,ADES,13550,14100,13500,14100,58600
8/22/2025,ADHI,296,306,288,290,151822800
8/22/2025,ADMF,9150,9150,9100,9125,56700
8/22/2025,ADMG,140,186,140,163,65610000
8/22/2025,ADMR,1025,1035,1015,1025,10343600
8/22/2025,ADMRDRCJ6A,35,36,34,35,48800
8/22/2025,ADMRZPCH6A,55,55,53,53,308000
8/22/2025,ADRO,1790,1800,1775,1775,55696800
8/22/2025,ADROBQCU5A,8,8,8,8,200000
8/22/2025,ADROBQCZ5A,24,24,22,22,297200
8/22/2025,ADRODRCJ6A,65,65,65,65,10500
8/22/2025,ADRODRCX5A,41,42,40,40,380000
8/22/2025,ADROHDCQ5A,0,0,0,0,0
8/22/2025,ADROHDCZ5A,0,0,0,0,0
8/22/2025,ADROYUCZ5A,83,83,83,83,100
8/22/2025,ADROZPCF6A,0,0,0,0,0
8/22/2025,AEGS,53,56,50,54,10129700
8/22/2025,AGAR,238,290,232,274,1886700
8/22/2025,AGII,900,900,880,895,962200
8/22/2025,AGRO,240,250,236,240,37630200
8/22/2025,AGRS,71,81,70,75,94689200
8/22/2025,AHAP,77,100,76,86,256631200
8/22/2025,AIMS,358,358,350,350,46100
8/22/2025,AISA,128,131,126,126,4964200
8/22/2025,AKKU,0,0,0,0,0
8/22/2025,AKPI,570,575,565,570,8900
8/22/2025,AKRA,1235,1245,1220,1230,12616000
8/22/2025,AKRABQCX5B,0,0,0,0,0
8/22/2025,AKRADRCX5A,0,0,0,0,0
8/22/2025,AKRAHDCH6A,64,64,64,64,20000
8/22/2025,AKRAHDCQ5A,0,0,0,0,0
8/22/2025,AKRAZPCJ6A,0,0,0,0,0
8/22/2025,AKRAZPCX5A,0,0,0,0,0
8/22/2025,AKSI,252,254,248,252,101100
8/22/2025,ALDO,496,505,496,500,93100
8/22/2025,ALII,565,575,560,565,3353400
8/22/2025,ALKA,310,318,310,316,14100
8/22/2025,ALMI,0,0,0,0,0
8/22/2025,ALTO,0,0,0,0,0
8/22/2025,AMAG,370,376,366,370,87000
8/22/2025,AMAN,125,125,119,120,1637800
8/22/2025,AMAR,220,220,212,212,696500
8/22/2025,AMFG,3070,3070,3040,3060,85700
8/22/2025,AMIN,193,216,193,210,2668800
8/22/2025,AMMN,8700,8775,8550,8600,63688800
8/22/2025,AMMNBQCZ5A,56,58,56,58,177700
8/22/2025,AMMNDRCJ6A,0,0,0,0,0
8/22/2025,AMMNHDCH6A,0,0,0,0,0
8/22/2025,AMMNZPCG6A,0,0,0,0,0
8/22/2025,AMMS,158,173,143,152,20406900
8/22/2025,AMOR,498,500,494,494,62500
8/22/2025,AMRT,2370,2390,2290,2300,17419100
8/22/2025,AMRTBQCU5A,11,12,7,7,30263200
8/22/2025,AMRTDRCZ5A,0,0,0,0,0
8/22/2025,AMRTHDCJ6A,44,44,39,39,62600
8/22/2025,AMRTHDCQ5A,3,3,2,2,189200
8/22/2025,AMRTZPCX5A,0,0,0,0,0
8/22/2025,ANDI,27,27,27,27,185122700
8/22/2025,ANJT,1775,1780,1740,1765,2533500
8/22/2025,ANTM,2840,2870,2820,2820,29415000
8/22/2025,ANTMBQCU5A,0,0,0,0,0
8/22/2025,ANTMBQCX5A,53,53,53,53,1200
8/22/2025,ANTMBQCZ5A,0,0,0,0,0
8/22/2025,ANTMDRCG6A,41,41,41,41,100
8/22/2025,ANTMDRCX5A,262,266,258,258,68500
8/22/2025,ANTMDRPU5A,0,0,0,0,0
8/22/2025,ANTMDRPU5B,18,18,17,17,200
8/22/2025,ANTMHDCH6A,0,0,0,0,0
8/22/2025,ANTMHDCH6B,0,0,0,0,0
8/22/2025,ANTMHDCQ5A,0,0,0,0,0
8/22/2025,ANTMHDCU5A,0,0,0,0,0
8/22/2025,ANTMZPCJ6A,62,63,59,59,300
8/22/2025,ANTMZPCX5A,0,0,0,0,0
8/22/2025,APEX,126,126,124,124,27688100
8/22/2025,APIC,1135,1180,1135,1175,6101900
8/22/2025,APII,172,178,172,177,80400
8/22/2025,APLI,480,482,480,482,1300
8/22/2025,APLN,109,109,107,108,11243800
8/22/2025,ARCI,655,680,640,655,25386900
8/22/2025,AREA,525,620,500,600,10305000
8/22/2025,ARGO,1535,1535,1420,1445,182600
8/22/2025,ARII,268,270,264,270,229500
8/22/2025,ARKA,31,33,31,33,7825400
8/22/2025,ARKO,1455,1470,1410,1440,771300
8/22/2025,ARMY,0,0,0,0,0
8/22/2025,ARNA,580,580,570,575,836800
8/22/2025,ARTA,3790,3790,3230,3370,44200
8/22/2025,ARTI,0,0,0,0,0
8/22/2025,ARTO,2220,2330,2200,2210,22245200
8/22/2025,ARTOBQCU5A,6,9,5,6,48286600
8/22/2025,ARTOBQCX5B,134,147,134,147,1400000
8/22/2025,ARTOBQCZ5A,31,35,29,30,1196900
8/22/2025,ARTODRCX5A,61,68,60,60,949300
8/22/2025,ARTOHDCZ5A,148,148,148,148,200000
8/22/2025,ARTOZPCX5A,65,68,65,68,388800
8/22/2025,ASBI,448,462,438,450,23000
8/22/2025,ASDM,570,570,535,555,77400
8/22/2025,ASGR,1080,1345,1070,1280,10570000
8/22/2025,ASHA,25,26,25,25,15305200
8/22/2025,ASII,5650,5775,5600,5700,73126900
8/22/2025,ASIIBQCU5A,0,0,0,0,0
8/22/2025,ASIIBQCZ5A,0,0,0,0,0
8/22/2025,ASIIDRCQ5B,0,0,0,0,0
8/22/2025,ASIIDRCX5A,0,0,0,0,0
8/22/2025,ASIIDRCX6A,3670,3670,3670,3670,200
8/22/2025,ASIIHDCZ5A,0,0,0,0,0
8/22/2025,ASIIZPCJ6A,135,135,135,135,16700
8/22/2025,ASJT,106,107,105,107,42800
8/22/2025,ASLC,0,0,0,0,0
8/22/2025,ASLI,0,0,0,0,0
8/22/2025,ASMI,21,23,21,23,15507000
8/22/2025,ASPI,390,430,380,416,7332100
8/22/2025,ASPR,97,98,97,97,4577000
8/22/2025,ASRI,183,185,178,180,58655400
8/22/2025,ASRM,282,284,280,282,30800
8/22/2025,ASSA,935,965,920,965,12881800
8/22/2025,ATAP,34,34,34,34,552200
8/22/2025,ATIC,406,406,390,398,507200
8/22/2025,ATLA,50,50,50,50,16502800
8/22/2025,AUTO,2310,2460,2310,2460,11837300
8/22/2025,AUTOZPCJ6A,33,38,33,38,25300
8/22/2025,AVIA,428,428,422,426,14972300
8/22/2025,AVIAZPCJ6A,0,0,0,0,0
8/22/2025,AWAN,262,262,254,254,18685500
8/22/2025,AXIO,130,132,127,128,932500
8/22/2025,AYAM,169,175,167,170,171831900
8/22/2025,AYLS,109,113,108,109,13891500
8/22/2025,BABP,53,56,50,56,163439500
8/22/2025,BABY,342,358,338,354,8139100
8/22/2025,BACA,133,134,131,134,666700
8/22/2025,BAIK,115,118,111,113,24418800
8/22/2025,BAIK-W,8,9,8,9,1177700
8/22/2025,BAJA,136,136,131,131,2953300
8/22/2025,BALI,1360,1360,1305,1360,35400
8/22/2025,BANK,830,845,830,840,6859700
8/22/2025,BANK-W,0,0,0,0,0
8/22/2025,BAPA,61,62,58,58,5361800
8/22/2025,BAPI,15,15,15,15,7691500
8/22/2025,BATA,50,50,50,50,117600
8/22/2025,BATR,103,110,101,108,18756500
8/22/2025,BAUT,36,38,36,37,32379500
8/22/2025,BAYU,1340,1365,1325,1365,134100
8/22/2025,BBCA,8575,8575,8450,8450,66394100
8/22/2025,BBCABQCV5A,16,16,15,15,100900
8/22/2025,BBCABQCX5A,33,33,33,33,190000
8/22/2025,BBCADRCF6A,60,61,59,60,17700
8/22/2025,BBCADRCX6A,0,0,0,0,0
8/22/2025,BBCAHDCQ5A,0,0,0,0,0
8/22/2025,BBCAHDCQ7A,80,81,80,81,8000
8/22/2025,BBCAHDCU5A,0,0,0,0,0
8/22/2025,BBCAHDCV5A,0,0,0,0,0
8/22/2025,BBCAZPCF6A,43,43,43,43,2000
8/22/2025,BBCAZPCH6A,0,0,0,0,0
8/22/2025,BBHI,1560,1580,1535,1555,1030700
8/22/2025,BBKP,62,66,62,63,395182000
8/22/2025,BBLD,1150,1405,960,965,2434000
8/22/2025,BBMD,2110,2110,2080,2110,1100
8/22/2025,BBNI,4500,4500,4380,4390,32633000
8/22/2025,BBNIBQCU5A,23,23,23,23,43400
8/22/2025,BBNIBQCV5A,0,0,0,0,0
8/22/2025,BBNIDRCX6A,0,0,0,0,0
8/22/2025,BBNIDRCZ5A,0,0,0,0,0
8/22/2025,BBNIDRPU5A,11,12,10,12,553500
8/22/2025,BBNIHDCQ7A,0,0,0,0,0
8/22/2025,BBNIHDCU5A,0,0,0,0,0
8/22/2025,BBNIHDPU5A,0,0,0,0,0
8/22/2025,BBNIYUCV5A,72,72,70,70,200
8/22/2025,BBNIZPCH6A,0,0,0,0,0
8/22/2025,BBNIZPCX5A,0,0,0,0,0
8/22/2025,BBRI,4170,4170,4100,4100,71971500
8/22/2025,BBRIBQCQ5A,2,2,1,1,15754500
8/22/2025,BBRIBQCU5A,31,32,29,29,14814800
8/22/2025,BBRIBQCZ5A,0,0,0,0,0
8/22/2025,BBRIDRCX5A,0,0,0,0,0
8/22/2025,BBRIDRCX6A,0,0,0,0,0
8/22/2025,BBRIHDCH6A,0,0,0,0,0
8/22/2025,BBRIHDCQ5A,0,0,0,0,0
8/22/2025,BBRIHDCQ7A,106,106,105,105,3000
8/22/2025,BBRIYUCV5A,151,152,147,147,4000200
8/22/2025,BBRIZPCH6A,109,109,109,109,1000
8/22/2025,BBRIZPCX5A,0,0,0,0,0
8/22/2025,BBRM,78,84,78,83,6901900
8/22/2025,BBSI,0,0,0,0,0
8/22/2025,BBSS,254,254,242,250,131900
8/22/2025,BBTN,1285,1300,1265,1270,11752600
8/22/2025,BBTNHDCZ5A,0,0,0,0,0
8/22/2025,BBTNYUCZ5A,0,0,0,0,0
8/22/2025,BBTNZPCG6A,53,53,53,53,10900
8/22/2025,BBYB,346,368,342,342,188153200
8/22/2025,BCAP,65,65,62,64,38077300
8/22/2025,BCIC,0,0,0,0,0
8/22/2025,BCIP,97,98,95,97,22757600
8/22/2025,BDKR,150,151,147,151,12699300
8/22/2025,BDMN,2570,2580,2560,2580,514500
8/22/2025,BEBS,0,0,0,0,0
8/22/2025,BEEF,292,322,288,318,50173700
8/22/2025,BEER,114,126,114,117,35234300
8/22/2025,BEKS,25,26,25,26,30797800
8/22/2025,BELI,372,376,370,372,532800
8/22/2025,BELL,55,58,54,55,40274800
8/22/2025,BESS,1020,1045,985,1010,31700
8/22/2025,BEST,108,109,106,107,11623700
8/22/2025,BFIN,875,880,860,865,3461400
8/22/2025,BGTG,104,109,102,106,102333000
8/22/2025,BHAT,880,895,870,870,2339200
8/22/2025,BHIT,30,30,29,29,6873000
8/22/2025,BIKA,0,0,0,0,0
8/22/2025,BIKE,840,850,830,845,5413400
8/22/2025,BIMA,60,60,60,60,270700
8/22/2025,BINA,4400,4500,4390,4400,19300
8/22/2025,BINO,126,129,125,129,2456500
8/22/2025,BIPI,86,89,86,87,237321300
8/22/2025,BIPP,40,44,40,44,147800
8/22/2025,BIRD,1890,1905,1875,1890,953900
8/22/2025,BISI,890,895,885,890,87800
8/22/2025,BJBR,800,805,795,800,1494700
8/22/2025,BJTM,520,525,515,520,6649400
8/22/2025,BKDP,36,37,36,37,127700
8/22/2025,BKSL,150,153,147,147,307662700
8/22/2025,BKSW,64,73,63,68,96334400
8/22/2025,BLES,158,163,158,162,12731800
8/22/2025,BLOG,510,520,510,515,4053100
8/22/2025,BLTA,23,23,23,23,6589400
8/22/2025,BLTZ,1800,1800,1800,1800,700
8/22/2025,BLUE,324,324,308,320,262900
8/22/2025,BMAS,695,695,650,650,58200
8/22/2025,BMBL,30,30,28,29,2619100
8/22/2025,BMHS,191,195,189,190,4834500
8/22/2025,BMRI,4920,4920,4870,4890,73104500
8/22/2025,BMRIBQCU5A,3,3,3,3,72800
8/22/2025,BMRIBQCZ5A,0,0,0,0,0
8/22/2025,BMRIDRCX5A,0,0,0,0,0
8/22/2025,BMRIDRCX6A,0,0,0,0,0
8/22/2025,BMRIHDCQ5A,0,0,0,0,0
8/22/2025,BMRIHDCQ7A,107,107,107,107,1000
8/22/2025,BMRIHDCU5A,0,0,0,0,0
8/22/2025,BMRIHDPU5A,0,0,0,0,0
8/22/2025,BMRIZPCH6A,73,73,72,72,1900
8/22/2025,BMRIZPCX5A,44,44,44,44,500
8/22/2025,BMSR,258,258,250,252,19400
8/22/2025,BMTR,141,143,139,142,40762200
8/22/2025,BNBA,815,815,800,805,112400
8/22/2025,BNBR,40,40,38,38,23607600
8/22/2025,BNGA,1740,1740,1725,1725,1341100
8/22/2025,BNGAZPCH6A,0,0,0,0,0
8/22/2025,BNII,214,218,210,214,3845700
8/22/2025,BNLI,3080,3080,3030,3040,86300
8/22/2025,BOAT,108,110,107,109,3287800
8/22/2025,BOBA,202,208,188,196,757200
8/22/2025,BOGA,575,585,565,575,594400
8/22/2025,BOLA,195,210,190,199,6729000
8/22/2025,BOLT,1070,1070,1060,1065,7500
8/22/2025,BOSS,0,0,0,0,0
8/22/2025,BPFI,350,350,338,342,8900
8/22/2025,BPII,585,595,585,585,187900
8/22/2025,BPTR,99,100,96,100,309600
8/22/2025,BRAM,5150,5375,5150,5150,4600
8/22/2025,BREN,8425,8575,8350,8525,18611300
8/22/2025,BRIS,2760,2760,2720,2730,7512200
8/22/2025,BRISBQCZ5A,0,0,0,0,0
8/22/2025,BRISDRCJ6A,0,0,0,0,0
8/22/2025,BRISHDCH6A,0,0,0,0,0
8/22/2025,BRISHDCZ5A,114,114,113,113,6600
8/22/2025,BRISYUCV5A,76,76,76,76,100
8/22/2025,BRISZPCG6A,0,0,0,0,0
8/22/2025,BRMS,484,486,474,478,286989400
8/22/2025,BRMSBQCZ5A,62,63,62,62,179600
8/22/2025,BRMSDRCJ6A,48,49,48,49,1636200
8/22/2025,BRMSDRPX5A,22,22,22,22,2000
8/22/2025,BRMSHDCH6A,0,0,0,0,0
8/22/2025,BRMSHDCZ5A,0,0,0,0,0
8/22/2025,BRMSYUCV5A,37,37,35,35,300
8/22/2025,BRMSZPCG6A,75,75,74,74,2700
8/22/2025,BRNA,750,775,740,750,48000
8/22/2025,BRPT,2300,2300,2250,2250,44320300
8/22/2025,BRPTBQCQ5A,0,0,0,0,0
8/22/2025,BRPTBQCV5A,0,0,0,0,0
8/22/2025,BRPTBQCX5B,81,81,79,80,179900
8/22/2025,BRPTBQCZ5A,0,0,0,0,0
8/22/2025,BRPTDRCF6A,191,194,191,191,9600
8/22/2025,BRPTDRCJ6A,101,102,101,101,115200
8/22/2025,BRPTDRCX5A,228,230,226,226,70200
8/22/2025,BRPTDRPV5A,0,0,0,0,0
8/22/2025,BRPTHDCH6A,0,0,0,0,0
8/22/2025,BRPTHDCH6B,0,0,0,0,0
8/22/2025,BRPTHDCQ5A,0,0,0,0,0
8/22/2025,BRPTHDPG6A,0,0,0,0,0
8/22/2025,BRPTYUCZ5A,130,130,128,128,200
8/22/2025,BRPTZPCF6A,0,0,0,0,0
8/22/2025,BRPTZPCX5A,0,0,0,0,0
8/22/2025,BRRC,83,84,81,82,12868100
8/22/2025,BRRC-W,10,10,9,10,6514800
8/22/2025,BSBK,51,52,51,52,42213100
8/22/2025,BSDE,950,960,935,940,17622500
8/22/2025,BSDEDRCJ6A,34,34,33,33,222000
8/22/2025,BSDEZPCH6A,0,0,0,0,0
8/22/2025,BSIM,945,1025,900,905,472300
8/22/2025,BSML,102,104,102,102,30123100
8/22/2025,BSSR,3920,3920,3860,3910,559500
8/22/2025,BSWD,0,0,0,0,0
8/22/2025,BTEK,9,9,9,9,32662600
8/22/2025,BTEL,0,0,0,0,0
8/22/2025,BTON,388,388,384,384,4500
8/22/2025,BTPN,2110,2180,2100,2180,201500
8/22/2025,BTPS,1455,1455,1420,1430,4883600
8/22/2025,BTPSZPCH6A,0,0,0,0,0
8/22/2025,BUAH,1325,1380,1280,1325,330400
8/22/2025,BUDI,222,224,220,222,19800
8/22/2025,BUKA,176,189,176,180,571681100
8/22/2025,BUKABQCZ5B,23,25,23,24,15611000
8/22/2025,BUKAHDCZ5A,0,0,0,0,0
8/22/2025,BUKK,815,820,815,815,32700
8/22/2025,BULL,160,160,153,153,203131900
8/22/2025,BUMI,111,113,110,110,356278600
8/22/2025,BUVA,294,362,278,352,643819200
8/22/2025,BVIC,99,108,99,104,73344700
8/22/2025,BVIC-W,48,50,47,49,90900
8/22/2025,BWPT,152,167,150,159,1139492200
8/22/2025,BYAN,18350,18350,18200,18200,13800
8/22/2025,CAKK,136,136,135,136,100200
8/22/2025,CAMP,212,214,210,212,5007200
8/22/2025,CANI,42,42,42,42,816500
8/22/2025,CARE,286,302,282,300,19658900
8/22/2025,CARS,115,130,113,123,299745100
8/22/2025,CASA,1115,1130,1105,1115,4494700
8/22/2025,CASH,84,90,82,90,2487100
8/22/2025,CASS,2290,2840,2240,2660,427100
8/22/2025,CBDK,5975,6100,5950,6050,6435600
8/22/2025,CBMF,0,0,0,0,0
8/22/2025,CBPE,185,248,185,204,4341500
8/22/2025,CBRE,0,0,0,0,0
8/22/2025,CBUT,1235,1525,1210,1440,159200
8/22/2025,CCSI,332,340,326,336,338400
8/22/2025,CDIA,1455,1515,1410,1485,198009600
8/22/2025,CEKA,2860,2880,2710,2750,90800
8/22/2025,CENT,132,133,125,131,61189200
8/22/2025,CFIN,334,336,328,328,3365400
8/22/2025,CGAS,125,126,122,125,10751900
8/22/2025,CHEK,210,210,204,204,17221700
8/22/2025,CHEM,103,110,101,103,62846900
8/22/2025,CHIP,1440,1465,1440,1455,66000
8/22/2025,CINT,162,162,160,161,458200
8/22/2025,CITA,4120,4120,4040,4070,162000
8/22/2025,CITY,109,109,104,104,5242600
8/22/2025,CLAY,1330,1395,1315,1375,331800
8/22/2025,CLEO,585,590,580,585,7418400
8/22/2025,CLPI,1265,1285,1255,1270,71800
8/22/2025,CMNP,1390,1440,1360,1390,490800
8/22/2025,CMNP-W,418,420,368,420,3400
8/22/2025,CMNT,820,825,805,815,32614500
8/22/2025,CMPP,87,87,87,87,208800
8/22/2025,CMRY,4870,4990,4870,4970,839900
8/22/2025,CMRYZPCJ6A,0,0,0,0,0
8/22/2025,CNKO,95,95,90,90,157799100
8/22/2025,CNMA,141,142,138,139,27547500
8/22/2025,CNTB,0,0,0,0,0
8/22/2025,CNTX,0,0,0,0,0
8/22/2025,COAL,42,42,42,42,5514000
8/22/2025,COCO,468,468,468,468,7706800
8/22/2025,COIN,1535,1910,1530,1910,391997800
8/22/2025,COWL,0,0,0,0,0
8/22/2025,CPIN,4520,4580,4520,4520,7556800
8/22/2025,CPINDRCG6A,69,71,69,69,52900
8/22/2025,CPINHDCQ5A,0,0,0,0,0
8/22/2025,CPINZPCJ6A,0,0,0,0,0
8/22/2025,CPRI,0,0,0,0,0
8/22/2025,CPRO,51,52,51,52,27452900
8/22/2025,CRAB,242,242,236,242,3375000
8/22/2025,CRSN,116,118,115,116,907500
8/22/2025,CSAP,304,304,298,298,241000
8/22/2025,CSIS,118,121,114,121,9544900
8/22/2025,CSMI,0,0,0,0,0
8/22/2025,CSRA,820,820,775,775,3584500
8/22/2025,CTBN,5825,5825,5825,5825,8400
8/22/2025,CTRA,1025,1040,1010,1010,17612500
8/22/2025,CTRADRCJ6A,29,31,29,31,200
8/22/2025,CTRAYUCZ5A,0,0,0,0,0
8/22/2025,CTRAZPCG6A,0,0,0,0,0
8/22/2025,CTTH,31,33,31,33,2547100
8/22/2025,CUAN,1650,1665,1620,1635,220944600
8/22/2025,CYBR,1020,1030,975,985,18426600
8/22/2025,CYBR-W,575,600,560,560,17500
8/22/2025,DAAZ,3380,3420,3340,3350,218200
8/22/2025,DADA,20,20,20,20,1283400
8/22/2025,DART,170,175,166,170,190200
8/22/2025,DATA,3190,3260,2730,3060,36164500
8/22/2025,DAYA,1025,1090,1000,1050,15600
8/22/2025,DCII,345100,345125,340000,340000,2800
8/22/2025,DEAL,0,0,0,0,0
8/22/2025,DEFI,660,720,660,720,363400
8/22/2025,DEPO,199,200,196,200,955500
8/22/2025,DEWA,226,226,220,220,288936100
8/22/2025,DEWI,107,113,106,113,56089000
8/22/2025,DFAM,72,72,62,63,44910900
8/22/2025,DGIK,103,103,100,102,4490800
8/22/2025,DGNS,150,152,145,148,1974400
8/22/2025,DGWG,442,444,434,434,9864200
8/22/2025,DIGI,27,27,27,27,957900
8/22/2025,DILD,146,146,142,143,16477700
8/22/2025,DIVA,113,117,108,116,8669700
8/22/2025,DKFT,700,715,695,695,26704400
8/22/2025,DKHH,123,127,118,119,203303600
8/22/2025,DKHH-W,18,19,17,17,12679400
8/22/2025,DLTA,1980,1995,1980,1985,71600
8/22/2025,DMAS,140,141,139,139,21882400
8/22/2025,DMMX,336,336,322,322,2273100
8/22/2025,DMND,585,585,570,585,55000
8/22/2025,DNAR,122,125,121,123,4296200
8/22/2025,DNET,9275,9500,9200,9400,10600
8/22/2025,DOID,352,354,346,348,10442600
8/22/2025,DOOH,159,168,157,160,174497800
8/22/2025,DOSS,140,141,136,139,2516700
8/22/2025,DPNS,256,258,240,254,60100
8/22/2025,DPUM,67,70,64,67,16896200
8/22/2025,DRMA,1045,1090,1030,1045,6710300
8/22/2025,DSFI,84,89,83,85,30628400
8/22/2025,DSNG,1675,1680,1630,1675,50403500
8/22/2025,DSSA,81050,82250,78000,78825,6700600
8/22/2025,DUCK,0,0,0,0,0
8/22/2025,DUTI,3850,3850,3840,3840,77800
8/22/2025,DVLA,1650,1675,1650,1650,14500
8/22/2025,DWGL,226,230,218,224,294300
8/22/2025,DYAN,93,94,88,89,23258100
8/22/2025,EAST,95,100,95,96,8511900
8/22/2025,ECII,185,193,183,187,965300
8/22/2025,EDGE,4420,4420,4350,4410,42300
8/22/2025,EKAD,187,189,185,188,663100
8/22/2025,ELIT,196,234,193,226,134609200
8/22/2025,ELPI,322,324,318,322,465400
8/22/2025,ELSA,530,530,515,515,32864300
8/22/2025,ELSADRCJ6A,43,43,41,42,215800
8/22/2025,ELSAZPCG6A,43,43,39,40,135800
8/22/2025,ELTY,17,17,17,17,27534100
8/22/2025,EMDE,102,102,98,101,4060600
8/22/2025,EMTK,1070,1195,1060,1170,199003300
8/22/2025,EMTKBQCZ5A,0,0,0,0,0
8/22/2025,EMTKHDCZ5A,204,222,204,222,738000
8/22/2025,EMTKYUCV5A,130,149,130,149,8300
8/22/2025,EMTKZPCH6A,125,138,123,138,217500
8/22/2025,ENAK,705,715,705,715,679700
8/22/2025,ENRG,560,565,545,555,32849900
8/22/2025,ENRGBQCZ5A,25,26,24,26,879000
8/22/2025,ENRGDRCJ6A,73,74,73,73,3029000
8/22/2025,ENRGHDCZ5A,0,0,0,0,0
8/22/2025,ENRGZPCG6A,161,161,161,161,100000
8/22/2025,ENVY,0,0,0,0,0
8/22/2025,ENZO,36,38,36,38,29500
8/22/2025,EPAC,23,23,23,23,11145200
8/22/2025,EPMT,2350,2360,2340,2350,65400
8/22/2025,ERAA,454,458,450,452,29789700
8/22/2025,ERAABQCZ5A,0,0,0,0,0
8/22/2025,ERAADRCJ6A,12,12,12,12,70000
8/22/2025,ERAAHDCZ5A,0,0,0,0,0
8/22/2025,ERAAZPCH6A,0,0,0,0,0
8/22/2025,ERAL,348,350,332,336,16689100
8/22/2025,ERTX,112,117,111,113,3523700
8/22/2025,ESIP,39,42,39,42,756400
8/22/2025,ESSA,585,590,580,585,13223700
8/22/2025,ESSABQCZ5A,0,0,0,0,0
8/22/2025,ESSAHDCH6A,52,53,52,53,3900
8/22/2025,ESSAYUCZ5A,41,41,41,41,100
8/22/2025,ESTA,65,66,64,65,2404900
8/22/2025,ESTI,46,48,45,48,753400
8/22/2025,ETWA,0,0,0,0,0
8/22/2025,EURO,248,252,238,246,32500
8/22/2025,EXCL,2910,2950,2910,2930,7563200
8/22/2025,EXCLHDCJ6A,63,63,63,63,100
8/22/2025,EXCLHDCQ5A,0,0,0,0,0
8/22/2025,EXCLZPCF6A,0,0,0,0,0
8/22/2025,FAPA,5725,5750,5725,5750,5500
8/22/2025,FAST,320,324,310,316,2399200
8/22/2025,FASW,0,0,0,0,0
8/22/2025,FILM,3800,3820,3720,3730,15718600
8/22/2025,FIMP,0,0,0,0,0
8/22/2025,FIRE,80,87,79,85,68730100
8/22/2025,FISH,0,0,0,0,0
8/22/2025,FITT,316,374,302,374,20294000
8/22/2025,FLMC,123,123,123,123,157100
8/22/2025,FMII,370,380,364,378,44800
8/22/2025,FOLK,83,84,80,82,334400
8/22/2025,FOOD,104,104,102,102,20500
8/22/2025,FORE,575,575,560,570,5528700
8/22/2025,FORU,1205,1205,1160,1190,553900
8/22/2025,FPNI,190,193,190,191,505900
8/22/2025,FUJI,440,540,440,452,1189900
8/22/2025,FUTR,0,0,0,0,0
8/22/2025,FWCT,153,159,153,157,1925000
8/22/2025,GAMA,0,0,0,0,0
8/22/2025,GDST,112,113,110,112,2126500
8/22/2025,GDYR,1155,1155,1145,1145,1200
8/22/2025,GEMA,128,130,124,127,16224000
8/22/2025,GEMS,9275,9350,9250,9350,100500
8/22/2025,GGRM,8975,9025,8900,8900,299700
8/22/2025,GGRMZPCG6A,0,0,0,0,0
8/22/2025,GGRP,250,250,248,248,703600
8/22/2025,GHON,1625,1640,1625,1635,29200
8/22/2025,GIAA,70,71,70,71,25188700
8/22/2025,GJTL,1040,1050,1030,1035,3638100
8/22/2025,GJTLZPCJ6A,25,25,25,25,20000
8/22/2025,GLOB,50,50,50,50,23400
8/22/2025,GLVA,334,336,330,336,700
8/22/2025,GMFI,61,61,61,61,511500
8/22/2025,GMTD,2270,2270,2260,2270,2700
8/22/2025,GOLD,258,260,258,258,36000
8/22/2025,GOLF,212,214,210,212,2743200
8/22/2025,GOLL,0,0,0,0,0
8/22/2025,GOOD,380,386,378,384,299300
8/22/2025,GOTO,60,62,60,61,2296673100
8/22/2025,GOTOBQCZ5A,3,3,3,3,5100
8/22/2025,GOTODRCG6A,10,10,10,10,300
8/22/2025,GOTOHDCQ5A,3,3,3,3,1000
8/22/2025,GOTOM,0,0,0,0,0
8/22/2025,GOTOZPCH6A,0,0,0,0,0
8/22/2025,GPRA,155,156,152,152,78719400
8/22/2025,GPSO,334,334,306,310,6501000
8/22/2025,GRIA,94,94,88,92,877500
8/22/2025,GRPH,79,80,76,78,8056500
8/22/2025,GRPM,53,53,50,52,4224800
8/22/2025,GRPM-W,14,14,13,14,1253800
8/22/2025,GSMF,87,93,83,84,14086300
8/22/2025,GTBO,183,186,179,185,235600
8/22/2025,GTRA,141,144,138,140,668100
8/22/2025,GTSI,54,58,54,58,50294600
8/22/2025,GULA,362,374,290,296,44022900
8/22/2025,GUNA,252,256,246,248,646700
8/22/2025,GWSA,157,157,153,156,376900
8/22/2025,GZCO,137,141,133,138,106738200
8/22/2025,HADE,17,17,17,17,2571600
8/22/2025,HAIS,191,196,191,196,5915000
8/22/2025,HAJJ,121,125,117,121,14120100
8/22/2025,HAJJ-W,12,14,12,13,11543500
8/22/2025,HALO,84,85,82,84,7070000
8/22/2025,HALO-W,9,10,9,9,6129200
8/22/2025,HATM,266,268,264,266,23270100
8/22/2025,HBAT,136,136,136,136,1063100
8/22/2025,HDFA,119,119,116,117,41000
8/22/2025,HDIT,48,48,48,48,8709500
8/22/2025,HEAL,1745,1750,1680,1680,25675900
8/22/2025,HEALBQCZ5A,47,48,44,44,181100
8/22/2025,HEALDRCJ6A,0,0,0,0,0
8/22/2025,HEALHDCH6A,0,0,0,0,0
8/22/2025,HEALYUCZ5A,83,83,80,80,300
8/22/2025,HEALZPCH6A,0,0,0,0,0
8/22/2025,HELI,250,252,248,252,451200
8/22/2025,HERO,382,402,376,400,622700
8/22/2025,HEXA,5575,5575,5525,5550,238500
8/22/2025,HGII,151,151,148,150,9400400
8/22/2025,HILL,206,208,204,206,7146500
8/22/2025,HITS,0,0,0,0,0
8/22/2025,HKMU,0,0,0,0,0
8/22/2025,HMSP,540,540,535,535,6440700
8/22/2025,HOKI,85,85,83,84,28726700
8/22/2025,HOME,0,0,0,0,0
8/22/2025,HOMI,200,246,197,197,2370700
8/22/2025,HOPE,0,0,0,0,0
8/22/2025,HOTL,0,0,0,0,0
8/22/2025,HRME,39,39,37,38,1045600
8/22/2025,HRTA,650,655,640,640,7551800
8/22/2025,HRUM,870,875,850,860,9181000
8/22/2025,HRUMZPCG6A,34,34,34,34,42200
8/22/2025,HUMI,81,108,80,108,1771104200
8/22/2025,HUMI-W,15,22,14,22,299015600
8/22/2025,HYGN,164,168,163,166,4932200
8/22/2025,IATA,56,57,56,57,5125100
8/22/2025,IATA-W,26,26,26,26,9000
8/22/2025,IBFN,22,22,22,22,284300
8/22/2025,IBOS,48,48,41,44,59191500
8/22/2025,IBST,0,0,0,0,0
8/22/2025,ICBP,9600,9675,9550,9575,3331700
8/22/2025,ICBPDRCX6A,0,0,0,0,0
8/22/2025,ICBPHDCJ6A,0,0,0,0,0
8/22/2025,ICBPHDCQ5A,0,0,0,0,0
8/22/2025,ICBPZPCX5A,0,0,0,0,0
8/22/2025,ICON,39,39,39,39,493100
8/22/2025,IDEA,91,98,88,92,2429900
8/22/2025,IDPR,252,256,238,244,2677200
8/22/2025,IFII,224,226,222,224,227900
8/22/2025,IFSH,750,815,750,775,46600
8/22/2025,IGAR,535,540,525,540,21700
8/22/2025,IIKP,0,0,0,0,0
8/22/2025,IKAI,14,14,14,14,2973300
8/22/2025,IKAN,155,163,148,154,74630100
8/22/2025,IKBI,525,640,492,640,2887100
8/22/2025,IKPM,196,196,192,194,661600
8/22/2025,IMAS,1115,1130,1115,1120,433100
8/22/2025,IMJS,258,266,258,262,10589900
8/22/2025,IMPC,0,0,0,0,0
8/22/2025,INAF,0,0,0,0,0
8/22/2025,INAI,157,158,156,156,110500
8/22/2025,INCF,37,39,37,39,3628100
8/22/2025,INCI,620,630,610,625,92900
8/22/2025,INCO,3700,3750,3670,3690,4983300
8/22/2025,INCOBQCQ5A,0,0,0,0,0
8/22/2025,INCOBQCV5A,39,39,36,37,908100
8/22/2025,INCODRCX5A,0,0,0,0,0
8/22/2025,INCODRPV5A,0,0,0,0,0
8/22/2025,INCOHDCQ5A,52,63,52,56,271000
8/22/2025,INCOYUCZ5A,83,83,83,83,100
8/22/2025,INCOZPCX5A,0,0,0,0,0
8/22/2025,INDF,7975,8000,7850,7850,4607300
8/22/2025,INDFBQCV5A,0,0,0,0,0
8/22/2025,INDFDRCX6A,0,0,0,0,0
8/22/2025,INDFHDCJ6A,0,0,0,0,0
8/22/2025,INDFHDCQ5A,0,0,0,0,0
8/22/2025,INDO,230,238,226,232,13656700
8/22/2025,INDR,2600,2630,2500,2620,27100
8/22/2025,INDS,234,258,228,242,989600
8/22/2025,INDX,96,99,94,98,8522500
8/22/2025,INDY,1350,1355,1330,1345,5428900
8/22/2025,INDYZPCG6A,0,0,0,0,0
8/22/2025,INET,260,260,252,252,105575600
8/22/2025,INET-W,160,160,150,152,41738400
8/22/2025,INKP,7700,7850,7675,7750,5231600
8/22/2025,INKPBQCX5A,69,69,69,69,100
8/22/2025,INKPDRCF6A,200,200,200,200,600
8/22/2025,INKPHDCQ5A,0,0,0,0,0
8/22/2025,INKPZPCF6A,116,116,112,115,110600
8/22/2025,INOV,89,90,87,89,342700
8/22/2025,INPC,169,193,169,189,145217700
8/22/2025,INPP,790,790,740,780,185800
8/22/2025,INPS,119,119,116,116,197100
8/22/2025,INRU,830,845,800,820,40600
8/22/2025,INTA,19,19,19,19,6635800
8/22/2025,INTD,191,204,190,192,1106100
8/22/2025,INTP,6725,6725,6525,6600,1581500
8/22/2025,INTPZPCG6A,66,66,66,66,22600
8/22/2025,IOTF,112,114,109,109,94294600
8/22/2025,IPAC,136,140,135,140,11600
8/22/2025,IPCC,1085,1105,1080,1100,2778800
8/22/2025,IPCM,300,302,296,296,1736000
8/22/2025,IPOL,136,152,136,144,1300800
8/22/2025,IPPE,0,0,0,0,0
8/22/2025,IPTV,36,36,35,36,9851500
8/22/2025,IRRA,432,432,426,430,1123800
8/22/2025,IRSX,0,0,0,0,0
8/22/2025,ISAP,18,18,18,18,19008500
8/22/2025,ISAP-W,6,7,5,7,63922000
8/22/2025,ISAT,2160,2190,2090,2090,18725800
8/22/2025,ISATBQCU5A,39,41,32,32,753600
8/22/2025,ISATDRCG6A,80,80,72,72,13700
8/22/2025,ISATDRCX5A,0,0,0,0,0
8/22/2025,ISATHDCJ6A,35,36,35,35,24100
8/22/2025,ISATHDCQ5A,0,0,0,0,0
8/22/2025,ISATZPCF6A,48,48,47,47,123500
8/22/2025,ISEA,84,85,82,83,3669800
8/22/2025,ISSP,388,398,384,394,2930200
8/22/2025,ITIC,216,218,214,216,217200
8/22/2025,ITMA,850,910,825,830,82702100
8/22/2025,ITMG,22350,22350,22225,22300,1067500
8/22/2025,ITMGZPCJ6A,0,0,0,0,0
8/22/2025,JARR,1055,1060,955,1020,27380200
8/22/2025,JAST,110,113,106,108,9408900
8/22/2025,JATI,145,148,143,146,10242400
8/22/2025,JAWA,154,159,150,157,4857400
8/22/2025,JAYA,98,101,96,98,3728900
8/22/2025,JECC,855,1065,845,1065,546800
8/22/2025,JGLE,13,13,13,13,41371000
8/22/2025,JIHD,735,765,725,745,3839100
8/22/2025,JKON,103,104,99,101,26331200
8/22/2025,JMAS,146,165,144,154,13974500
8/22/2025,JPFA,1655,1660,1615,1645,27097900
8/22/2025,JPFABQCZ5A,0,0,0,0,0
8/22/2025,JPFADRCJ6A,0,0,0,0,0
8/22/2025,JPFAHDCZ5A,0,0,0,0,0
8/22/2025,JPFAZPCG6A,0,0,0,0,0
8/22/2025,JRPT,755,755,750,755,93000
8/22/2025,JSKY,0,0,0,0,0
8/22/2025,JSMR,3430,3430,3290,3310,26391400
8/22/2025,JSMRHDCH6A,0,0,0,0,0
8/22/2025,JSMRZPCG6A,37,37,36,36,351100
8/22/2025,JSPT,4100,4190,4000,4050,17200
8/22/2025,JTPE,302,308,300,306,7650700
8/22/2025,KAEF,515,535,515,515,2166200
8/22/2025,KAQI,78,79,74,77,72726100
8/22/2025,KARW,830,830,830,830,245600
8/22/2025,KAYU,0,0,0,0,0
8/22/2025,KBAG,38,38,38,38,2402100
8/22/2025,KBLI,378,378,370,374,99500
8/22/2025,KBLM,416,416,386,400,804300
8/22/2025,KBLV,228,232,202,222,265754300
8/22/2025,KBRI,0,0,0,0,0
8/22/2025,KDSI,470,476,470,474,6600
8/22/2025,KDTN,120,123,119,120,40400
8/22/2025,KEEN,810,815,805,805,2057400
8/22/2025,KEJU,660,670,650,650,1429000
8/22/2025,KETR,300,306,290,296,2518100
8/22/2025,KIAS,0,0,0,0,0
8/22/2025,KICI,124,129,120,128,1086700
8/22/2025,KIJA,230,232,212,220,329653400
8/22/2025,KING,206,206,202,204,249800
8/22/2025,KING-W,10,10,9,9,4873600
8/22/2025,KINO,1095,1100,1095,1100,24300
8/22/2025,KIOS,87,88,82,84,26804200
8/22/2025,KJEN,131,135,124,132,9194000
8/22/2025,KKES,30,30,30,30,898800
8/22/2025,KKGI,344,344,336,338,2912700
8/22/2025,KLAS,141,144,140,142,4978400
8/22/2025,KLBF,1395,1410,1335,1355,84423900
8/22/2025,KLBFBQCV5A,0,0,0,0,0
8/22/2025,KLBFDRCG6A,36,36,34,36,1129400
8/22/2025,KLBFHDCQ5A,0,0,0,0,0
8/22/2025,KLBFZPCF6A,33,35,33,34,520200
8/22/2025,KLBFZPCJ6A,41,42,41,42,180000
8/22/2025,KLIN,180,187,177,183,1301500
8/22/2025,KMDS,650,675,650,655,155600
8/22/2025,KMTR,276,284,276,278,756100
8/22/2025,KOBX,143,143,140,141,308600
8/22/2025,KOCI,63,63,61,62,10758600
8/22/2025,KOCI-W,10,10,9,10,2298400
8/22/2025,KOIN,66,66,66,66,81000
8/22/2025,KOKA,106,113,103,103,65848100
8/22/2025,KONI,1270,1350,1200,1260,19000
8/22/2025,KOPI,352,352,350,352,865500
8/22/2025,KOTA,24,24,24,24,28382200
8/22/2025,KPIG,188,190,185,186,58704400
8/22/2025,KRAS,300,300,290,290,26753700
8/22/2025,KREN,16,16,16,16,100792800
8/22/2025,KRYA,244,246,238,244,17713500
8/22/2025,KSIX,226,232,216,220,523600
8/22/2025,KUAS,73,76,70,73,32194700
8/22/2025,LABA,0,0,0,0,0
8/22/2025,LABS,142,142,139,141,369600
8/22/2025,LAJU,63,64,59,59,67015800
8/22/2025,LAND,33,33,33,33,4349500
8/22/2025,LAPD,0,0,0,0,0
8/22/2025,LCGP,0,0,0,0,0
8/22/2025,LCKM,206,220,206,220,6000
8/22/2025,LEAD,78,85,77,79,73913700
8/22/2025,LFLO,254,258,232,250,85800
8/22/2025,LIFE,0,0,0,0,0
8/22/2025,LINK,3390,3390,3390,3390,85400
8/22/2025,LION,374,376,350,364,77700
8/22/2025,LIVE,184,184,182,184,5801200
8/22/2025,LMAS,0,0,0,0,0
8/22/2025,LMAX,83,86,78,81,5516600
8/22/2025,LMPI,139,141,138,141,316700
8/22/2025,LMSH,0,0,0,0,0
8/22/2025,LOPI,64,64,58,62,25169300
8/22/2025,LPCK,640,675,600,655,2762100
8/22/2025,LPGI,438,545,438,460,1044500
8/22/2025,LPIN,418,426,416,424,542100
8/22/2025,LPKR,97,100,96,99,59256500
8/22/2025,LPLI,304,308,300,302,384800
8/22/2025,LPPF,1595,1600,1590,1590,1318800
8/22/2025,LPPS,88,88,83,85,19434800
8/22/2025,LRNA,176,176,171,172,27300
8/22/2025,LSIP,1420,1430,1410,1415,14293800
8/22/2025,LSIPYUCZ5A,0,0,0,0,0
8/22/2025,LSIPZPCG6A,0,0,0,0,0
8/22/2025,LTLS,850,850,840,850,263800
8/22/2025,LUCK,85,88,83,85,6211900
8/22/2025,LUCY,76,78,75,75,148500
8/22/2025,MABA,0,0,0,0,0
8/22/2025,MAGP,0,0,0,0,0
8/22/2025,MAHA,147,148,144,144,2497000
8/22/2025,MAIN,665,665,655,660,2255100
8/22/2025,MANG,46,46,43,45,21251700
8/22/2025,MANG-W,28,29,28,28,336200
8/22/2025,MAPA,650,655,640,650,15909300
8/22/2025,MAPABQCZ5A,25,26,25,26,185700
8/22/2025,MAPADRCJ6A,20,20,20,20,300000
8/22/2025,MAPAHDCZ5A,0,0,0,0,0
8/22/2025,MAPAZPCH6A,0,0,0,0,0
8/22/2025,MAPB,1835,1835,1700,1730,12400
8/22/2025,MAPI,1340,1355,1305,1350,25536500
8/22/2025,MAPIBQCV5A,14,17,14,17,8861800
8/22/2025,MAPIDRCQ5A,0,0,0,0,0
8/22/2025,MAPIDRCX5A,33,33,33,33,40000
8/22/2025,MAPIHDCQ5A,0,0,0,0,0
8/22/2025,MAPIZPCJ6A,70,70,68,68,3000
8/22/2025,MARI,27,27,27,27,13810700
8/22/2025,MARK,660,680,655,655,24232000
8/22/2025,MASA,0,0,0,0,0
8/22/2025,MASB,3280,3280,3270,3270,200
8/22/2025,MAXI,50,53,50,51,43111800
8/22/2025,MAYA,222,230,220,224,17343400
8/22/2025,MBAP,1670,1675,1665,1670,42700
8/22/2025,MBMA,426,428,412,414,167793300
8/22/2025,MBMABQCX5A,19,19,16,16,2763300
8/22/2025,MBMADRCQ5A,0,0,0,0,0
8/22/2025,MBMADRCX5A,28,28,26,26,147300
8/22/2025,MBMADRPX5A,25,26,25,25,117600
8/22/2025,MBMAHDCH6A,0,0,0,0,0
8/22/2025,MBMAHDCQ5A,0,0,0,0,0
8/22/2025,MBMAZPCX5A,51,52,50,50,812000
8/22/2025,MBSS,1860,2160,1540,1650,28651200
8/22/2025,MBTO,111,124,107,123,15240100
8/22/2025,MCAS,940,995,925,975,61400
8/22/2025,MCOL,3880,3900,3850,3880,42500
8/22/2025,MCOR,74,77,74,74,10390400
8/22/2025,MDIA,31,33,31,33,756000
8/22/2025,MDIY,1255,1260,1235,1250,2015300
8/22/2025,MDKA,2280,2320,2260,2280,13695900
8/22/2025,MDKABQCV5A,97,98,92,92,3100
8/22/2025,MDKABQCX5B,0,0,0,0,0
8/22/2025,MDKADRCV5A,79,79,76,76,12100
8/22/2025,MDKADRPX5A,0,0,0,0,0
8/22/2025,MDKAHDCU5A,0,0,0,0,0
8/22/2025,MDKAHDCZ5A,129,129,129,129,100
8/22/2025,MDKAZPCF6A,0,0,0,0,0
8/22/2025,MDKI,160,162,160,162,59600
8/22/2025,MDLA,262,276,244,264,87912600
8/22/2025,MDLN,68,70,63,67,140546500
8/22/2025,MDRN,17,17,17,17,2748900
8/22/2025,MEDC,1205,1245,1205,1240,28233700
8/22/2025,MEDCBQCV5A,0,0,0,0,0
8/22/2025,MEDCBQCX5B,0,0,0,0,0
8/22/2025,MEDCBQCZ5A,0,0,0,0,0
8/22/2025,MEDCDRCG6A,34,36,34,36,892600
8/22/2025,MEDCDRPV5A,31,31,31,31,7500
8/22/2025,MEDCHDCH6A,0,0,0,0,0
8/22/2025,MEDCHDCQ5A,29,31,29,31,2200
8/22/2025,MEDCZPCF6A,0,0,0,0,0
8/22/2025,MEDS,50,54,50,50,57396400
8/22/2025,MEGA,3320,3320,3290,3310,1000
8/22/2025,MEJA,63,65,56,60,48262400
8/22/2025,MEJA-W,9,10,9,9,9530000
8/22/2025,MENN,46,46,45,45,8661800
8/22/2025,MERI,262,282,254,264,24358600
8/22/2025,MERK,2800,2810,2790,2800,10600
8/22/2025,META,0,0,0,0,0
8/22/2025,MFIN,2290,2290,1595,1595,4349100
8/22/2025,MFMI,0,0,0,0,0
8/22/2025,MGLV,0,0,0,0,0
8/22/2025,MGNA,38,38,38,38,651800
8/22/2025,MGNA-W,27,27,19,21,123800
8/22/2025,MGRO,720,730,705,710,6456200
8/22/2025,MHKI,126,127,125,126,811400
8/22/2025,MICE,494,494,488,494,33400
8/22/2025,MIDI,478,484,468,470,20399500
8/22/2025,MIKA,2380,2390,2350,2350,7122300
8/22/2025,MIKAZPCG6A,0,0,0,0,0
8/22/2025,MINA,160,160,154,154,166485100
8/22/2025,MINE,600,615,570,575,5192100
8/22/2025,MIRA,52,52,52,52,5543000
8/22/2025,MITI,188,200,186,190,8883300
8/22/2025,MKAP,358,360,358,360,70600
8/22/2025,MKNT,0,0,0,0,0
8/22/2025,MKPI,25475,25575,25400,25400,7800
8/22/2025,MKTR,107,108,105,106,1833500
8/22/2025,MKTR-W,7,7,6,7,1922200
8/22/2025,MLBI,5950,6000,5925,5925,44300
8/22/2025,MLIA,342,342,338,340,3375100
8/22/2025,MLPL,143,149,140,144,243635200
8/22/2025,MLPT,75000,80500,75000,75925,184300
8/22/2025,MMIX,282,288,256,270,9732000
8/22/2025,MMLP,545,550,540,545,3656300
8/22/2025,MNCN,252,262,252,256,38802400
8/22/2025,MOLI,212,216,208,208,708400
8/22/2025,MORA,410,412,398,402,372400
8/22/2025,MPIX,64,74,63,67,200566900
8/22/2025,MPIX-W,8,10,7,10,17164700
8/22/2025,MPMX,960,965,960,960,4327800
8/22/2025,MPOW,125,127,122,123,3916100
8/22/2025,MPPA,74,76,72,74,50696000
8/22/2025,MPRO,3300,3340,3220,3340,186600
8/22/2025,MPXL,112,116,111,111,11450500
8/22/2025,MRAT,246,246,240,240,1560500
8/22/2025,MREI,970,980,955,960,51500
8/22/2025,MSIE,32,35,31,34,7037000
8/22/2025,MSIN,498,498,488,490,28140900
8/22/2025,MSJA,314,314,306,314,4505900
8/22/2025,MSKY,79,88,78,82,75140300
8/22/2025,MSTI,1635,1640,1620,1625,2707200
8/22/2025,MTDL,585,595,580,590,8187400
8/22/2025,MTEL,625,625,605,605,7346000
8/22/2025,MTFN,13,13,13,13,10419100
8/22/2025,MTLA,450,450,438,444,138500
8/22/2025,MTMH,960,985,930,955,1504000
8/22/2025,MTPS,58,58,53,53,2297600
8/22/2025,MTRA,0,0,0,0,0
8/22/2025,MTSM,0,0,0,0,0
8/22/2025,MTWI,400,400,392,394,36100
8/22/2025,MUTU,92,95,91,92,3829400
8/22/2025,MYOH,1705,1705,1685,1695,50800
8/22/2025,MYOR,2280,2290,2200,2220,3076000
8/22/2025,MYORZPCH6A,44,44,43,43,200
8/22/2025,MYTX,0,0,0,0,0
8/22/2025,NAIK,164,164,159,161,67496500
8/22/2025,NAIK-W,28,30,27,29,22402900
8/22/2025,NANO,31,34,31,34,55166500
8/22/2025,NASA,26,26,26,26,2564500
8/22/2025,NASI,91,93,88,90,8011500
8/22/2025,NATO,142,154,135,135,1135300
8/22/2025,NAYZ,63,63,63,63,2013400
8/22/2025,NCKL,980,1005,980,1000,34326400
8/22/2025,NCKLYUCZ5A,83,83,83,83,100
8/22/2025,NCKLZPCJ6A,56,58,56,58,5427500
8/22/2025,NELY,350,354,350,352,411700
8/22/2025,NEST,286,286,280,286,2523800
8/22/2025,NETV,137,137,135,137,1116500
8/22/2025,NFCX,1810,1895,1810,1895,54100
8/22/2025,NICE,420,422,414,418,3153500
8/22/2025,NICK,1295,1295,1270,1290,9000
8/22/2025,NICL,1080,1085,1055,1075,11887000
8/22/2025,NIKL,240,250,238,240,2489500
8/22/2025,NINE,224,236,218,236,88019200
8/22/2025,NIRO,121,122,120,121,93100
8/22/2025,NISP,1400,1415,1400,1400,3924900
8/22/2025,NOBU,550,635,545,580,38567600
8/22/2025,NPGF,51,64,50,54,125226900
8/22/2025,NRCA,840,855,800,840,10489600
8/22/2025,NSSS,422,424,416,420,8691300
8/22/2025,NTBK,50,59,50,53,170201300
8/22/2025,NUSA,0,0,0,0,0
8/22/2025,NZIA,105,105,103,104,1359900
8/22/2025,OASA,204,230,202,222,105525400
8/22/2025,OBAT,446,458,442,454,4738100
8/22/2025,OBAT-W,90,120,88,100,2980800
8/22/2025,OBMD,206,212,206,206,1264100
8/22/2025,OCAP,0,0,0,0,0
8/22/2025,OILS,139,142,138,138,2089600
8/22/2025,OKAS,242,258,238,248,8074800
8/22/2025,OLIV,30,33,30,33,41677200
8/22/2025,OMED,189,200,188,196,5491500
8/22/2025,OMRE,0,0,0,0,0
8/22/2025,OPMS,93,93,87,89,24931500
8/22/2025,PACK,3280,3280,2960,2960,4159500
8/22/2025,PADA,36,36,36,36,4303000
8/22/2025,PADI,81,81,78,78,17770800
8/22/2025,PALM,374,374,366,374,420800
8/22/2025,PAMG,80,81,79,81,21874500
8/22/2025,PANI,15875,16450,15875,16000,11135900
8/22/2025,PANIBQCZ5A,97,97,97,97,177600
8/22/2025,PANIHDCZ5A,232,240,232,236,2247700
8/22/2025,PANIZPCJ6A,100,104,98,99,14927100
8/22/2025,PANR,835,845,820,830,10898600
8/22/2025,PANS,1405,1415,1400,1410,224300
8/22/2025,PART,134,134,130,130,24647500
8/22/2025,PART-W,28,29,23,28,9686100
8/22/2025,PBID,480,484,480,482,617000
8/22/2025,PBRX,27,27,27,27,8533000
8/22/2025,PBSA,525,575,492,555,6543100
8/22/2025,PCAR,37,37,37,37,4317500
8/22/2025,PDES,494,500,494,500,135500
8/22/2025,PDPP,505,505,490,500,198100
8/22/2025,PEGE,115,117,112,114,3015000
8/22/2025,PEHA,330,330,314,330,23500
8/22/2025,PEVE,450,450,432,444,227700
8/22/2025,PGAS,1730,1740,1710,1720,30190200
8/22/2025,PGASBQCU5A,0,0,0,0,0
8/22/2025,PGASBQCZ5A,0,0,0,0,0
8/22/2025,PGASDRCG6A,74,76,73,73,269100
8/22/2025,PGASHDCQ5A,0,0,0,0,0
8/22/2025,PGASZPCJ6A,0,0,0,0,0
8/22/2025,PGEO,1425,1445,1415,1415,42276100
8/22/2025,PGEOBQCX5B,0,0,0,0,0
8/22/2025,PGEODRCJ6A,45,47,43,47,1291700
8/22/2025,PGEODRPV5A,30,30,28,28,500
8/22/2025,PGEOHDCH6A,0,0,0,0,0
8/22/2025,PGEOHDCH6B,69,69,69,69,100000
8/22/2025,PGEOHDCQ5A,0,0,0,0,0
8/22/2025,PGEOZPCJ6A,56,56,56,56,12500
8/22/2025,PGJO,0,0,0,0,0
8/22/2025,PGLI,174,174,167,171,146900
8/22/2025,PGUN,1420,1445,1420,1445,102600
8/22/2025,PICO,147,153,139,143,4681000
8/22/2025,PIPA,99,99,98,98,23366100
8/22/2025,PJAA,480,490,480,488,461900
8/22/2025,PKPK,600,600,580,590,50300
8/22/2025,PLAN,48,48,43,44,2579800
8/22/2025,PLAS,0,0,0,0,0
8/22/2025,PLIN,0,0,0,0,0
8/22/2025,PMJS,117,119,117,119,80100
8/22/2025,PMMP,0,0,0,0,0
8/22/2025,PMUI,123,131,122,124,47180700
8/22/2025,PNBN,1160,1195,1160,1170,10864800
8/22/2025,PNBS,51,52,50,51,33865000
8/22/2025,PNGO,2590,2650,2440,2520,57100
8/22/2025,PNIN,905,915,900,905,398400
8/22/2025,PNLF,260,270,258,260,101552400
8/22/2025,PNLFDRCJ6A,17,17,15,15,9300
8/22/2025,PNLFHDCZ5A,0,0,0,0,0
8/22/2025,PNLFYUCV5A,12,12,12,12,15400
8/22/2025,PNLFZPCH6A,0,0,0,0,0
8/22/2025,PNSE,770,775,740,760,23900
8/22/2025,POLA,29,29,29,29,3590600
8/22/2025,POLI,760,760,760,760,100
8/22/2025,POLL,0,0,0,0,0
8/22/2025,POLU,8125,8125,6925,7025,130200
8/22/2025,POLY,18,18,18,18,383800
8/22/2025,POOL,0,0,0,0,0
8/22/2025,PORT,925,945,925,940,4700
8/22/2025,POSA,0,0,0,0,0
8/22/2025,POWR,710,715,705,710,4229500
8/22/2025,PPGL,102,102,99,100,404500
8/22/2025,PPRE,112,112,105,107,35538400
8/22/2025,PPRI,244,248,236,236,17558700
8/22/2025,PPRO,0,0,0,0,0
8/22/2025,PRAY,615,620,615,620,2400
8/22/2025,PRDA,2800,2800,2780,2790,40000
8/22/2025,PRIM,93,116,92,102,953376400
8/22/2025,PSAB,430,436,420,422,94212500
8/22/2025,PSAT,1500,1550,1500,1520,839200
8/22/2025,PSDN,88,114,86,89,86811600
8/22/2025,PSGO,216,218,208,212,3251500
8/22/2025,PSKT,102,102,95,95,40781900
8/22/2025,PSSI,352,360,352,358,779300
8/22/2025,PTBA,2430,2430,2410,2420,4639600
8/22/2025,PTBABQCV5A,0,0,0,0,0
8/22/2025,PTBADRCG6A,0,0,0,0,0
8/22/2025,PTBAHDCQ5A,0,0,0,0,0
8/22/2025,PTBAYUCZ5A,100,100,100,100,100
8/22/2025,PTBAZPCH6A,0,0,0,0,0
8/22/2025,PTDU,0,0,0,0,0
8/22/2025,PTIS,392,430,380,422,617800
8/22/2025,PTMP,108,109,106,107,26648800
8/22/2025,PTMR,0,0,0,0,0
8/22/2025,PTPP,408,416,398,400,25782800
8/22/2025,PTPS,185,189,181,183,26077800
8/22/2025,PTPW,980,980,970,970,24900
8/22/2025,PTRO,4100,4120,4050,4050,26128400
8/22/2025,PTSN,336,350,308,312,10109800
8/22/2025,PTSP,1010,1020,1005,1020,4500
8/22/2025,PUDP,214,228,214,222,177000
8/22/2025,PURA,22,22,22,22,13337300
8/22/2025,PURE,0,0,0,0,0
8/22/2025,PURI,191,194,190,192,458400
8/22/2025,PWON,388,390,382,382,58794600
8/22/2025,PWONHDCZ5A,0,0,0,0,0
8/22/2025,PWONZPCH6A,41,42,41,41,627400
8/22/2025,PYFA,0,0,0,0,0
8/22/2025,PYFA-W,0,0,0,0,0
8/22/2025,PZZA,208,210,198,206,9411400
8/22/2025,R-ABFII,0,0,0,0,0
8/22/2025,R-LQ45X,1008,1010,970,1010,18600
8/22/2025,RAAM,276,284,274,284,10701700
8/22/2025,RAFI,0,0,0,0,0
8/22/2025,RAJA,2760,2770,2700,2710,24461500
8/22/2025,RALS,400,406,398,402,5251000
8/22/2025,RANC,412,412,404,412,32100
8/22/2025,RATU,6875,6875,6600,6625,9511600
8/22/2025,RBMS,27,28,27,28,426500
8/22/2025,RCCC,200,220,180,181,1542600
8/22/2025,RDTX,12400,12400,12225,12225,600
8/22/2025,REAL,42,45,42,45,17483800
8/22/2025,RELF,43,46,38,39,114199000
8/22/2025,RELI,530,675,530,545,800300
8/22/2025,RGAS,113,116,113,115,10378600
8/22/2025,RICY,41,41,41,41,83200
8/22/2025,RIGS,750,750,745,745,296300
8/22/2025,RIMO,0,0,0,0,0
8/22/2025,RISE,1055,1055,1050,1055,605800
8/22/2025,RMKE,780,785,765,770,819500
8/22/2025,RMKO,107,109,105,108,2006800
8/22/2025,ROCK,0,0,0,0,0
8/22/2025,RODA,41,41,40,40,165000
8/22/2025,RONY,0,0,0,0,0
8/22/2025,ROTI,810,810,795,805,3522400
8/22/2025,RSCH,384,384,376,376,1332900
8/22/2025,RSGK,0,0,0,0,0
8/22/2025,RUIS,238,248,232,236,2485500
8/22/2025,RUNS,68,70,65,67,1442400
8/22/2025,SAFE,195,202,188,191,1978000
8/22/2025,SAGE,28,28,28,28,3496300
8/22/2025,SAME,366,384,356,378,16128800
8/22/2025,SAMF,340,342,338,340,342400
8/22/2025,SAPX,340,354,326,330,1694800
8/22/2025,SATU,234,236,232,232,3197300
8/22/2025,SBAT,0,0,0,0,0
8/22/2025,SBMA,136,144,133,138,21201900
8/22/2025,SCCO,2250,2310,2240,2310,146600
8/22/2025,SCMA,284,310,276,300,663869200
8/22/2025,SCMABQCZ5A,111,134,105,128,869000
8/22/2025,SCMAHDCZ5A,286,306,286,300,2600
8/22/2025,SCMAZPCG6A,150,164,147,157,2900
8/22/2025,SCNP,178,184,178,182,25500
8/22/2025,SCPI,0,0,0,0,0
8/22/2025,SDMU,47,47,46,46,697000
8/22/2025,SDPC,130,131,129,129,96600
8/22/2025,SDRA,294,302,290,302,829000
8/22/2025,SEMA,93,94,91,93,412800
8/22/2025,SFAN,1915,1915,1915,1915,83600
8/22/2025,SGER,336,338,328,338,184013100
8/22/2025,SGRO,4840,4970,4700,4780,9629400
8/22/2025,SHID,905,925,905,915,12800
8/22/2025,SHIP,4250,4360,4250,4310,43200
8/22/2025,SICO,117,133,116,124,48711000
8/22/2025,SIDO,540,540,530,540,25838400
8/22/2025,SILO,2130,2170,2110,2150,1153800
8/22/2025,SIMA,0,0,0,0,0
8/22/2025,SIMP,655,665,645,650,14307700
8/22/2025,SINI,3650,3650,3650,3650,500
8/22/2025,SIPD,745,745,730,730,1600
8/22/2025,SKBM,368,368,360,368,9400
8/22/2025,SKLT,189,191,187,190,69700
8/22/2025,SKRN,408,408,402,406,200200
8/22/2025,SKYB,0,0,0,0,0
8/22/2025,SLIS,71,71,67,68,36731700
8/22/2025,SLIS-W,10,10,9,10,997100
8/22/2025,SMAR,7250,7250,5700,6625,4147500
8/22/2025,SMBR,310,318,304,304,30974200
8/22/2025,SMCB,0,0,0,0,0
8/22/2025,SMDM,880,895,860,870,165300
8/22/2025,SMDR,342,356,342,346,62959600
8/22/2025,SMGA,109,126,109,118,431633400
8/22/2025,SMGR,2780,2800,2740,2750,3354000
8/22/2025,SMGRBQCU5A,6,7,6,6,7264700
8/22/2025,SMGRBQCX5B,0,0,0,0,0
8/22/2025,SMGRBQCZ5A,0,0,0,0,0
8/22/2025,SMGRDRCV5A,0,0,0,0,0
8/22/2025,SMGRHDCZ5A,0,0,0,0,0
8/22/2025,SMGRZPCJ6A,63,63,62,62,15300
8/22/2025,SMIL,448,482,448,480,563926100
8/22/2025,SMKL,160,162,158,160,95300
8/22/2025,SMKM,93,99,89,99,61261100
8/22/2025,SMLE,164,164,158,161,3193900
8/22/2025,SMMA,15475,15825,15250,15500,36600
8/22/2025,SMMT,970,1000,970,1000,61600
8/22/2025,SMRA,460,464,452,458,31718300
8/22/2025,SMRADRCJ6A,35,35,35,35,3000
8/22/2025,SMRAHDCZ5A,0,0,0,0,0
8/22/2025,SMRAZPCH6A,66,66,66,66,1600
8/22/2025,SMRU,0,0,0,0,0
8/22/2025,SMSM,2040,2040,1990,1995,677500
8/22/2025,SNLK,500,500,494,500,7435700
8/22/2025,SOCI,188,190,182,183,7334500
8/22/2025,SOFA,47,48,46,47,8642000
8/22/2025,SOHO,750,760,745,755,89200
8/22/2025,SOLA,184,196,178,178,454909100
8/22/2025,SONA,3750,3880,3670,3700,36300
8/22/2025,SOSS,0,0,0,0,0
8/22/2025,SOTS,262,272,260,268,97700
8/22/2025,SOUL,103,103,86,88,4968900
8/22/2025,SPMA,300,304,292,300,300300
8/22/2025,SPRE,93,93,86,89,3010300
8/22/2025,SPTO,665,680,660,670,2177900
8/22/2025,SQMI,0,0,0,0,0
8/22/2025,SRAJ,6200,6425,6150,6425,1891800
8/22/2025,SRIL,0,0,0,0,0
8/22/2025,SRSN,71,74,64,65,129070400
8/22/2025,SRTG,1815,1835,1800,1805,3381600
8/22/2025,SRTGZPCG6A,0,0,0,0,0
8/22/2025,SSIA,2390,2400,2330,2340,22436600
8/22/2025,SSMS,1500,1515,1465,1480,12095000
8/22/2025,SSTM,193,248,193,248,2286800
8/22/2025,STAA,1050,1060,1040,1045,12948200
8/22/2025,STAR,42,43,42,43,124600
8/22/2025,STRK,135,162,135,159,120834900
8/22/2025,STTP,10400,10800,10250,10300,17600
8/22/2025,SUGI,0,0,0,0,0
8/22/2025,SULI,110,110,108,110,404900
8/22/2025,SUNI,770,770,760,765,305900
8/22/2025,SUPR,0,0,0,0,0
8/22/2025,SURE,3160,3190,3100,3110,15800
8/22/2025,SURI,131,132,123,124,432135000
8/22/2025,SWAT,0,0,0,0,0
8/22/2025,SWID,104,107,103,104,2078700
8/22/2025,TALF,310,340,294,296,104100
8/22/2025,TAMA,31,32,31,32,925600
8/22/2025,TAMU,23,24,20,24,37368500
8/22/2025,TAPG,1565,1565,1540,1550,14768300
8/22/2025,TAPGDRCJ6A,0,0,0,0,0
8/22/2025,TAPGHDCH6A,0,0,0,0,0
8/22/2025,TAPGZPCH6A,0,0,0,0,0
8/22/2025,TARA,17,17,17,17,1668800
8/22/2025,TAXI,13,13,13,13,137317700
8/22/2025,TAYS,69,72,64,65,54987300
8/22/2025,TBIG,1935,1935,1915,1915,609300
8/22/2025,TBLA,800,800,775,780,1871200
8/22/2025,TBMS,1055,1055,1020,1040,39200
8/22/2025,TCID,2480,2480,2480,2480,200
8/22/2025,TCPI,5875,6025,5800,6025,8290500
8/22/2025,TDPM,0,0,0,0,0
8/22/2025,TEBE,1130,1165,1110,1120,2970500
8/22/2025,TECH,0,0,0,0,0
8/22/2025,TELE,0,0,0,0,0
8/22/2025,TFAS,133,135,132,133,220900
8/22/2025,TFCO,498,498,498,498,100
8/22/2025,TGKA,5950,5950,5950,5950,300
8/22/2025,TGRA,0,0,0,0,0
8/22/2025,TGUK,0,0,0,0,0
8/22/2025,TIFA,406,420,404,408,81300
8/22/2025,TINS,1025,1025,1005,1005,6433200
8/22/2025,TIRA,1925,2020,1905,1910,68200
8/22/2025,TIRT,0,0,0,0,0
8/22/2025,TKIM,7175,7325,7150,7150,986600
8/22/2025,TKIMZPCG6A,107,107,106,106,138500
8/22/2025,TLDN,695,700,685,695,1389000
8/22/2025,TLKM,3270,3290,3220,3240,61351700
8/22/2025,TLKMBQCQ5A,62,62,61,61,1700
8/22/2025,TLKMBQCV5A,0,0,0,0,0
8/22/2025,TLKMDRCJ6A,88,90,88,90,54400
8/22/2025,TLKMDRCQ5B,0,0,0,0,0
8/22/2025,TLKMDRCX6A,0,0,0,0,0
8/22/2025,TLKMHDCJ6A,72,72,71,71,2300
8/22/2025,TLKMHDCQ5A,0,0,0,0,0
8/22/2025,TLKMHDCV5A,0,0,0,0,0
8/22/2025,TLKMZPCF6A,114,114,114,114,300
8/22/2025,TMAS,137,140,136,137,6011400
8/22/2025,TMPO,148,150,146,146,846500
8/22/2025,TNCA,194,199,192,195,3178100
8/22/2025,TOBA,985,1070,985,1050,146928100
8/22/2025,TOOL,53,70,52,64,252871700
8/22/2025,TOPS,0,0,0,0,0
8/22/2025,TOSK,56,56,53,55,38364400
8/22/2025,TOTL,735,750,730,750,3239100
8/22/2025,TOTO,250,254,250,252,1319500
8/22/2025,TOWR,615,615,600,605,19873500
8/22/2025,TOYS,0,0,0,0,0
8/22/2025,TPIA,8825,8875,8750,8775,3876700
8/22/2025,TPMA,580,590,580,585,4209300
8/22/2025,TRAM,0,0,0,0,0
8/22/2025,TRGU,195,195,189,195,250400
8/22/2025,TRIL,0,0,0,0,0
8/22/2025,TRIM,360,360,350,358,20200
8/22/2025,TRIN,103,105,99,101,2372900
8/22/2025,TRIN-W2,0,0,0,0,0
8/22/2025,TRIO,0,0,0,0,0
8/22/2025,TRIS,187,188,186,186,3900
8/22/2025,TRJA,140,142,136,138,588800
8/22/2025,TRON,102,104,99,100,3952800
8/22/2025,TRST,474,500,474,500,50500
8/22/2025,TRUE,30,30,30,30,7907200
8/22/2025,TRUK,176,191,174,184,4266700
8/22/2025,TRUS,474,480,460,474,39400
8/22/2025,TSPC,2270,2280,2250,2280,565700
8/22/2025,TUGU,965,975,960,970,1401800
8/22/2025,TYRE,127,128,125,128,171300
8/22/2025,UANG,0,0,0,0,0
8/22/2025,UCID,480,486,476,486,2568800
8/22/2025,UDNG,0,0,0,0,0
8/22/2025,UFOE,195,230,180,180,7281900
8/22/2025,ULTJ,1265,1280,1265,1275,1309800
8/22/2025,UNIC,8075,8200,8075,8175,2500
8/22/2025,UNIQ,402,406,384,384,26833700
8/22/2025,UNIT,0,0,0,0,0
8/22/2025,UNSP,143,143,143,143,614800
8/22/2025,UNTD,81,81,79,80,7813700
8/22/2025,UNTR,25900,25900,25400,25800,4907200
8/22/2025,UNTRBQCV5A,112,113,111,113,852800
8/22/2025,UNTRDRCG6A,154,156,150,156,13475800
8/22/2025,UNTRHDCQ5A,0,0,0,0,0
8/22/2025,UNTRZPCJ6A,0,0,0,0,0
8/22/2025,UNVR,1830,1830,1770,1770,14344500
8/22/2025,UNVRBQCQ5A,3,3,1,1,13059600
8/22/2025,UNVRBQCU5A,34,34,20,20,1328800
8/22/2025,UNVRBQCZ5A,0,0,0,0,0
8/22/2025,UNVRDRCG6A,53,53,51,51,402200
8/22/2025,UNVRHDCQ5A,0,0,0,0,0
8/22/2025,UNVRHDPG6A,0,0,0,0,0
8/22/2025,UNVRZPCH6A,53,53,53,53,1900
8/22/2025,URBN,135,135,131,134,4500
8/22/2025,UVCR,77,78,73,74,15007700
8/22/2025,VAST,171,176,170,175,9562400
8/22/2025,VAST-W,13,14,12,14,4876200
8/22/2025,VERN,141,149,138,142,5099600
8/22/2025,VERN-W,5,6,4,5,32618800
8/22/2025,VICI,625,630,610,610,516400
8/22/2025,VICO,179,193,179,190,7847100
8/22/2025,VINS,122,135,121,128,3607700
8/22/2025,VISI,133,134,131,132,5064000
8/22/2025,VIVA,22,22,22,22,1790600
8/22/2025,VKTR,98,124,97,118,448865400
8/22/2025,VOKS,195,234,194,194,3282300
8/22/2025,VRNA,98,99,89,91,26591800
8/22/2025,VTNY,120,122,110,111,56342600
8/22/2025,WAPO,146,148,145,146,1248500
8/22/2025,WEGE,65,65,62,62,36314700
8/22/2025,WEHA,117,119,117,117,1308100
8/22/2025,WGSH,159,160,156,157,1288100
8/22/2025,WICO,0,0,0,0,0
8/22/2025,WIDI,25,26,25,26,41126400
8/22/2025,WIFI,2790,2800,2740,2740,41802400
8/22/2025,WIIM,820,830,815,830,733800
8/22/2025,WIKA,0,0,0,0,0
8/22/2025,WINE,212,214,210,214,370500
8/22/2025,WINR,30,30,27,27,67706900
8/22/2025,WINS,404,412,404,406,2045000
8/22/2025,WIRG,198,242,194,222,3439220000
8/22/2025,WMPP,0,0,0,0,0
8/22/2025,WMUU,14,15,14,15,161525600
8/22/2025,WOMF,340,342,340,342,137400
8/22/2025,WOOD,384,386,370,374,10306700
8/22/2025,WOWS,96,96,96,96,15781300
8/22/2025,WSBP,19,19,19,19,41236400
8/22/2025,WSKT,0,0,0,0,0
8/22/2025,WTON,100,101,97,98,8801300
8/22/2025,XAQA,0,0,0,0,0
8/22/2025,XBES,1096,1096,1091,1091,10200
8/22/2025,XBID,525,526,524,524,42400
8/22/2025,XBIG,0,0,0,0,0
8/22/2025,XBIN,597,597,597,597,40000
8/22/2025,XBLQ,0,0,0,0,0
8/22/2025,XBNI,0,0,0,0,0
8/22/2025,XBSK,459,460,458,460,41600
8/22/2025,XCEG,110,110,110,110,200
8/22/2025,XCID,74,80,74,74,126000
8/22/2025,XCIS,97,111,96,108,37900
8/22/2025,XCLQ,97,97,87,91,56600
8/22/2025,XDIF,0,0,0,0,0
8/22/2025,XIFE,96,113,96,113,18100
8/22/2025,XIHD,645,650,644,644,4600
8/22/2025,XIIC,0,0,0,0,0
8/22/2025,XIID,0,0,0,0,0
8/22/2025,XIIF,476,476,474,474,2000
8/22/2025,XIIT,531,531,527,527,23300
8/22/2025,XIJI,625,639,625,635,4900
8/22/2025,XILV,106,160,106,130,28500
8/22/2025,XIML,222,266,222,266,4700
8/22/2025,XIPB,0,0,0,0,0
8/22/2025,XIPI,223,226,223,226,7100
8/22/2025,XISB,0,0,0,0,0
8/22/2025,XISC,0,0,0,0,0
8/22/2025,XISI,0,0,0,0,0
8/22/2025,XISR,0,0,0,0,0
8/22/2025,XKID,0,0,0,0,0
8/22/2025,XKIV,588,590,588,590,40400
8/22/2025,XKMS,1188,1190,1186,1187,200000
8/22/2025,XMGB,0,0,0,0,0
8/22/2025,XMIG,221,221,221,221,200000
8/22/2025,XMLF,909,909,907,907,40900
8/22/2025,XMSK,0,0,0,0,0
8/22/2025,XNVE,0,0,0,0,0
8/22/2025,XPDV,531,622,531,622,700
8/22/2025,XPFT,0,0,0,0,0
8/22/2025,XPIN,647,647,647,647,150000
8/22/2025,XPLQ,710,710,494,580,18300
8/22/2025,XPSG,0,0,0,0,0
8/22/2025,XPTD,506,506,486,486,1300
8/22/2025,XSBC,230,256,200,210,93900
8/22/2025,XSPI,0,0,0,0,0
8/22/2025,XSSI,110,111,99,99,251400
8/22/2025,XSSK,720,720,714,714,20100
8/22/2025,YELO,58,58,58,58,14130200
8/22/2025,YOII,99,125,99,105,79898600
8/22/2025,YPAS,0,0,0,0,0
8/22/2025,YULE,0,0,0,0,0
8/22/2025,YUPI,1685,1695,1675,1690,17700
8/22/2025,ZATA,16,16,16,16,4989600
8/22/2025,ZBRA,0,0,0,0,0
8/22/2025,ZINC,18,18,18,18,20708400
8/22/2025,ZONE,745,750,740,745,133000
8/22/2025,ZYRX,156,160,152,157,4346800
