<date>,<ticker>,<open>,<high>,<low>,<close>,<volume>
9/12/2025,IHSG,7819.000,7854.810,7790.790,7854.060,31160664800
9/12/2025,IDX30,0.000,0.000,0.000,0.000,0
9/12/2025,IDX80,0.000,0.000,0.000,0.000,0
9/12/2025,AADI,7050,7075,7000,7000,4272200
9/12/2025,AADIHDCK6A,77,77,77,77,100
9/12/2025,AALI,7375,7400,7350,7350,836300
9/12/2025,ABBA,45,45,45,45,2930500
9/12/2025,ABDA,2970,2970,2970,2970,200
9/12/2025,ABMM,2910,2940,2900,2910,725200
9/12/2025,ACES,438,438,432,434,22693400
9/12/2025,ACESBQCV5A,2,2,1,2,2073700
9/12/2025,ACESBQCX5B,10,10,10,10,300
9/12/2025,ACESBQCZ5A,19,19,19,19,100
9/12/2025,ACESDRCJ6A,14,14,14,14,5000
9/12/2025,ACESHDCZ5A,0,0,0,0,0
9/12/2025,ACESZPCJ6A,20,20,20,20,2600
9/12/2025,ACRO,85,87,84,85,11671700
9/12/2025,ACRO-W,11,12,11,11,15450000
9/12/2025,ACST,135,137,131,134,5515700
9/12/2025,ADCP,59,59,57,59,36316300
9/12/2025,ADES,13500,13525,13375,13525,13700
9/12/2025,ADHI,280,282,276,276,8835500
9/12/2025,ADMF,8975,9000,8925,8975,27100
9/12/2025,ADMG,145,153,145,150,1894000
9/12/2025,ADMR,990,1010,990,990,14120600
9/12/2025,ADMRDRCJ6A,31,32,30,30,549400
9/12/2025,ADMRHDCJ6A,52,52,51,51,1600
9/12/2025,ADMRZPCH6A,50,50,49,49,1600
9/12/2025,ADRO,1685,1695,1670,1670,77099600
9/12/2025,ADROBQCU5A,2,2,2,2,46800
9/12/2025,ADROBQCZ5A,0,0,0,0,0
9/12/2025,ADRODRCJ6A,0,0,0,0,0
9/12/2025,ADRODRCX5A,31,32,31,32,85000
9/12/2025,ADROHDCZ5A,48,48,48,48,9300
9/12/2025,ADROHDPH6A,0,0,0,0,0
9/12/2025,ADROYUCZ5A,0,0,0,0,0
9/12/2025,ADROZPCF6A,0,0,0,0,0
9/12/2025,ADROZPCK6A,0,0,0,0,0
9/12/2025,AEGS,43,45,42,44,47894100
9/12/2025,AGAR,246,250,246,248,28700
9/12/2025,AGII,765,770,725,735,1892700
9/12/2025,AGRO,252,256,248,250,38659800
9/12/2025,AGRS,75,78,75,75,7949300
9/12/2025,AHAP,77,79,76,78,8217900
9/12/2025,AIMS,290,300,290,300,76200
9/12/2025,AISA,121,122,120,121,1752800
9/12/2025,AKKU,0,0,0,0,0
9/12/2025,AKPI,560,570,555,555,19100
9/12/2025,AKRA,1230,1230,1205,1205,10286500
9/12/2025,AKRABQCX5B,0,0,0,0,0
9/12/2025,AKRADRCX5A,31,31,31,31,100
9/12/2025,AKRAHDCH6A,62,62,62,62,100000
9/12/2025,AKRAZPCJ6A,0,0,0,0,0
9/12/2025,AKRAZPCX5A,0,0,0,0,0
9/12/2025,AKSI,240,262,240,252,769200
9/12/2025,ALDO,498,498,492,498,81100
9/12/2025,ALII,540,545,535,545,2857900
9/12/2025,ALKA,320,330,316,324,19500
9/12/2025,ALMI,0,0,0,0,0
9/12/2025,ALTO,0,0,0,0,0
9/12/2025,AMAG,372,374,370,370,14500
9/12/2025,AMAN,120,121,118,120,1088400
9/12/2025,AMAR,210,222,210,214,2664300
9/12/2025,AMFG,3300,3300,3250,3300,4200
9/12/2025,AMIN,252,260,226,240,5196600
9/12/2025,AMMN,8075,8175,7950,8175,51282000
9/12/2025,AMMNBQCZ5A,35,38,35,38,1810000
9/12/2025,AMMNDRCJ6A,68,68,66,68,315300
9/12/2025,AMMNHDCH6A,0,0,0,0,0
9/12/2025,AMMNZPCG6A,0,0,0,0,0
9/12/2025,AMMS,256,280,242,256,7125500
9/12/2025,AMOR,466,470,464,466,123100
9/12/2025,AMRT,2210,2210,2140,2150,19951700
9/12/2025,AMRTBQCU5A,1,2,1,2,304400
9/12/2025,AMRTDRCZ5A,31,31,31,31,100
9/12/2025,AMRTHDCJ6A,28,28,28,28,30400
9/12/2025,AMRTZPCK6A,0,0,0,0,0
9/12/2025,AMRTZPCX5A,0,0,0,0,0
9/12/2025,ANDI,33,33,33,33,57699000
9/12/2025,ANJT,1790,1795,1790,1790,1020200
9/12/2025,ANTM,3430,3520,3420,3490,126314000
9/12/2025,ANTMBQCU5A,0,0,0,0,0
9/12/2025,ANTMBQCX5A,94,100,94,99,2557400
9/12/2025,ANTMBQCZ5A,0,0,0,0,0
9/12/2025,ANTMDRCG6A,65,68,64,66,607700
9/12/2025,ANTMDRCX5A,366,374,360,374,153500
9/12/2025,ANTMHDCH6A,109,109,109,109,1700
9/12/2025,ANTMHDCH6B,0,0,0,0,0
9/12/2025,ANTMHDCU5A,128,142,122,139,348000
9/12/2025,ANTMHDPH6A,66,66,63,63,27200
9/12/2025,ANTMZPCJ6A,98,104,98,102,1088300
9/12/2025,ANTMZPCK6A,42,44,42,44,571000
9/12/2025,ANTMZPCX5A,0,0,0,0,0
9/12/2025,APEX,122,126,122,124,20316300
9/12/2025,APIC,1125,1150,1125,1130,5233400
9/12/2025,APII,176,179,174,175,60300
9/12/2025,APLI,474,478,474,474,2400
9/12/2025,APLN,106,106,104,105,6101000
9/12/2025,ARCI,875,990,875,975,132331500
9/12/2025,AREA,555,575,500,500,9273700
9/12/2025,ARGO,1270,1305,1270,1275,33400
9/12/2025,ARII,252,268,252,264,220200
9/12/2025,ARKA,35,38,35,38,11734200
9/12/2025,ARKO,1380,1460,1380,1460,1772100
9/12/2025,ARMY,0,0,0,0,0
9/12/2025,ARNA,550,550,545,550,2992900
9/12/2025,ARTA,3330,3330,3110,3220,4200
9/12/2025,ARTI,0,0,0,0,0
9/12/2025,ARTO,2160,2180,2100,2120,5942500
9/12/2025,ARTOBQCU5A,2,2,1,2,2365000
9/12/2025,ARTOBQCX5B,0,0,0,0,0
9/12/2025,ARTOBQCZ5A,22,22,19,20,46400
9/12/2025,ARTODRCK6A,73,73,73,73,20000
9/12/2025,ARTODRCX5A,53,53,50,50,1100
9/12/2025,ARTOHDCZ5A,0,0,0,0,0
9/12/2025,ARTOZPCK6A,0,0,0,0,0
9/12/2025,ARTOZPCX5A,0,0,0,0,0
9/12/2025,ASBI,458,462,434,442,14200
9/12/2025,ASDM,545,545,530,530,9800
9/12/2025,ASGR,1225,1240,1210,1230,299500
9/12/2025,ASHA,55,55,55,55,22715000
9/12/2025,ASII,5625,5700,5600,5675,30653500
9/12/2025,ASIIBQCU5A,36,36,31,33,381700
9/12/2025,ASIIBQCZ5A,0,0,0,0,0
9/12/2025,ASIIDRCX5A,130,130,130,130,100
9/12/2025,ASIIDRCX6A,0,0,0,0,0
9/12/2025,ASIIHDCZ5A,0,0,0,0,0
9/12/2025,ASIIZPCJ6A,0,0,0,0,0
9/12/2025,ASJT,111,116,109,109,296800
9/12/2025,ASLC,99,99,94,97,121287800
9/12/2025,ASLI,0,0,0,0,0
9/12/2025,ASMI,44,44,44,44,8813100
9/12/2025,ASPI,0,0,0,0,0
9/12/2025,ASPR,94,98,94,94,6766700
9/12/2025,ASRI,176,177,172,173,16507000
9/12/2025,ASRM,274,280,274,280,78400
9/12/2025,ASSA,905,905,885,900,7520200
9/12/2025,ATAP,53,53,53,53,308500
9/12/2025,ATIC,436,446,432,446,135600
9/12/2025,ATLA,62,74,61,69,1396883000
9/12/2025,AUTO,2300,2340,2290,2330,2570200
9/12/2025,AUTOZPCJ6A,31,31,31,31,3300
9/12/2025,AVIA,426,428,422,424,7876700
9/12/2025,AVIAZPCJ6A,19,19,19,19,100
9/12/2025,AWAN,256,256,252,256,17496200
9/12/2025,AXIO,129,130,127,127,682300
9/12/2025,AYAM,177,179,171,174,106186500
9/12/2025,AYLS,103,111,102,106,13600900
9/12/2025,BABP,62,62,59,60,16486200
9/12/2025,BABY,310,310,300,300,8665200
9/12/2025,BACA,135,138,134,137,1333900
9/12/2025,BAIK,99,100,97,98,1629200
9/12/2025,BAIK-W,10,12,10,11,5572700
9/12/2025,BAJA,120,125,120,123,944600
9/12/2025,BALI,1350,1380,1305,1330,63600
9/12/2025,BANK,800,815,800,810,7221400
9/12/2025,BANK-W,0,0,0,0,0
9/12/2025,BAPA,85,87,82,84,19701100
9/12/2025,BAPI,34,34,34,34,12627500
9/12/2025,BATA,52,52,51,51,1065300
9/12/2025,BATR,108,110,106,109,3203300
9/12/2025,BAUT,40,40,39,39,16876500
9/12/2025,BAYU,1280,1295,1270,1280,796000
9/12/2025,BBCA,7975,7975,7850,7925,156084700
9/12/2025,BBCABQCV5A,3,4,3,4,1916300
9/12/2025,BBCABQCX5A,10,10,10,10,75900
9/12/2025,BBCADRCF6A,41,41,39,39,56100
9/12/2025,BBCADRCX6A,3670,3670,3670,3670,100
9/12/2025,BBCAHDCQ7A,60,60,58,58,45000
9/12/2025,BBCAHDCU5A,0,0,0,0,0
9/12/2025,BBCAHDCV5A,0,0,0,0,0
9/12/2025,BBCAZPCF6A,26,26,26,26,24000
9/12/2025,BBCAZPCH6A,0,0,0,0,0
9/12/2025,BBHI,1520,1520,1480,1490,1232000
9/12/2025,BBKP,77,79,76,78,182806400
9/12/2025,BBLD,925,925,900,915,27900
9/12/2025,BBMD,2200,2200,2180,2180,1100
9/12/2025,BBNI,4430,4530,4330,4520,109797000
9/12/2025,BBNIBQCU5A,6,9,4,4,5387800
9/12/2025,BBNIBQCV5A,47,47,42,42,3311700
9/12/2025,BBNIDRCX6A,2540,2560,2540,2560,200
9/12/2025,BBNIDRCZ5A,65,66,65,66,1000100
9/12/2025,BBNIHDCQ7A,0,0,0,0,0
9/12/2025,BBNIHDCU5A,0,0,0,0,0
9/12/2025,BBNIHDPU5A,0,0,0,0,0
9/12/2025,BBNIYUCV5A,52,58,52,58,40000
9/12/2025,BBNIZPCH6A,0,0,0,0,0
9/12/2025,BBNIZPCX5A,0,0,0,0,0
9/12/2025,BBRI,4180,4190,4110,4180,235383800
9/12/2025,BBRIBQCU5A,10,10,8,9,1473100
9/12/2025,BBRIBQCZ5A,88,91,88,91,4007900
9/12/2025,BBRIDRCX5A,168,170,166,170,196900
9/12/2025,BBRIDRCX6A,2440,2440,2440,2440,12500
9/12/2025,BBRIHDCH6A,0,0,0,0,0
9/12/2025,BBRIHDCQ7A,0,0,0,0,0
9/12/2025,BBRIYUCV5A,122,124,122,124,10200
9/12/2025,BBRIZPCH6A,0,0,0,0,0
9/12/2025,BBRIZPCX5A,0,0,0,0,0
9/12/2025,BBRM,89,90,85,86,16936000
9/12/2025,BBSI,4030,4100,4000,4060,19300
9/12/2025,BBSS,288,290,278,280,33200
9/12/2025,BBTN,1385,1445,1370,1410,113504400
9/12/2025,BBTNHDCZ5A,0,0,0,0,0
9/12/2025,BBTNYUCZ5A,95,95,90,94,20200
9/12/2025,BBTNZPCG6A,66,73,65,69,200200
9/12/2025,BBYB,348,356,338,348,97461900
9/12/2025,BCAP,72,72,69,70,41685100
9/12/2025,BCIC,0,0,0,0,0
9/12/2025,BCIP,106,107,102,105,33451800
9/12/2025,BDKR,155,157,153,156,12573000
9/12/2025,BDMN,2520,2540,2500,2500,705100
9/12/2025,BEBS,0,0,0,0,0
9/12/2025,BEEF,328,328,320,324,15489300
9/12/2025,BEER,106,107,104,104,695800
9/12/2025,BEKS,25,27,25,27,96785800
9/12/2025,BELI,350,374,348,366,484500
9/12/2025,BELL,66,67,64,66,18786900
9/12/2025,BESS,1105,1105,1015,1030,71900
9/12/2025,BEST,118,119,114,115,15338000
9/12/2025,BFIN,775,830,770,805,32944500
9/12/2025,BFINDRCK6A,0,0,0,0,0
9/12/2025,BGTG,111,116,110,110,30821400
9/12/2025,BHAT,900,900,885,890,1278800
9/12/2025,BHIT,34,34,34,34,18979300
9/12/2025,BIKA,0,0,0,0,0
9/12/2025,BIKE,1040,1080,1040,1055,8312400
9/12/2025,BIMA,77,79,77,79,184400
9/12/2025,BINA,4500,4500,4500,4500,15400
9/12/2025,BINO,127,134,124,128,2275900
9/12/2025,BIPI,78,80,76,80,357347500
9/12/2025,BIPP,49,49,48,48,85300
9/12/2025,BIRD,1765,1785,1760,1785,1188900
9/12/2025,BISI,890,895,880,885,37800
9/12/2025,BJBR,770,775,765,770,7641800
9/12/2025,BJTM,520,525,515,520,6053500
9/12/2025,BKDP,37,38,36,38,1167400
9/12/2025,BKSL,131,134,130,132,191345600
9/12/2025,BKSW,69,73,69,70,14218400
9/12/2025,BLES,158,158,156,156,1977600
9/12/2025,BLOG,560,575,545,555,6711000
9/12/2025,BLTA,40,40,39,39,8562200
9/12/2025,BLTZ,1800,1800,1800,1800,100
9/12/2025,BLUE,322,356,320,340,1775500
9/12/2025,BMAS,790,825,705,785,242200
9/12/2025,BMBL,47,48,44,46,15840000
9/12/2025,BMHS,180,182,176,178,4725400
9/12/2025,BMRI,4500,4550,4480,4520,216960200
9/12/2025,BMRIBQCU5A,2,2,1,2,421800
9/12/2025,BMRIBQCZ5A,26,26,26,26,5500
9/12/2025,BMRIDRCX5A,45,46,44,44,1432600
9/12/2025,BMRIDRCX6A,2130,2170,2130,2140,21000
9/12/2025,BMRIHDCQ7A,0,0,0,0,0
9/12/2025,BMRIHDCU5A,0,0,0,0,0
9/12/2025,BMRIHDPU5A,0,0,0,0,0
9/12/2025,BMRIZPCH6A,54,54,54,54,20000
9/12/2025,BMRIZPCX5A,27,27,26,27,421700
9/12/2025,BMSR,276,308,272,282,2967700
9/12/2025,BMTR,141,141,138,140,37802700
9/12/2025,BNBA,775,775,755,760,285100
9/12/2025,BNBR,42,44,42,44,43728500
9/12/2025,BNGA,1705,1725,1705,1715,2704600
9/12/2025,BNGADRCK6A,0,0,0,0,0
9/12/2025,BNGAZPCH6A,0,0,0,0,0
9/12/2025,BNII,214,214,210,210,554100
9/12/2025,BNLI,3330,3390,3110,3360,422300
9/12/2025,BOAT,132,133,129,131,12459700
9/12/2025,BOBA,170,172,166,170,194900
9/12/2025,BOGA,570,585,550,560,958200
9/12/2025,BOLA,196,200,194,195,436900
9/12/2025,BOLT,1055,1055,1050,1050,2800
9/12/2025,BOSS,0,0,0,0,0
9/12/2025,BPFI,326,348,324,336,60100
9/12/2025,BPII,580,585,560,560,115800
9/12/2025,BPTR,95,99,95,98,722600
9/12/2025,BRAM,5225,5225,5175,5200,2000
9/12/2025,BREN,8700,8850,8600,8650,16236100
9/12/2025,BRIS,2710,2750,2690,2690,31513000
9/12/2025,BRISBQCZ5A,59,59,56,56,21000
9/12/2025,BRISDRCJ6A,48,48,45,45,1500
9/12/2025,BRISHDCH6A,64,65,62,62,95500
9/12/2025,BRISHDCZ5A,100,100,100,100,1100
9/12/2025,BRISYUCV5A,0,0,0,0,0
9/12/2025,BRISZPCG6A,0,0,0,0,0
9/12/2025,BRMS,494,510,492,510,529221100
9/12/2025,BRMSBQCZ5A,62,62,62,62,200000
9/12/2025,BRMSDRCJ6A,50,52,50,52,340700
9/12/2025,BRMSDRPX5A,16,16,16,16,101300
9/12/2025,BRMSHDCH6A,0,0,0,0,0
9/12/2025,BRMSHDCZ5A,0,0,0,0,0
9/12/2025,BRMSYUCV5A,34,34,34,34,200
9/12/2025,BRMSZPCG6A,0,0,0,0,0
9/12/2025,BRNA,705,745,705,725,19900
9/12/2025,BRPT,2270,2400,2230,2260,286413300
9/12/2025,BRPTBQCV5A,0,0,0,0,0
9/12/2025,BRPTBQCX5B,74,74,69,69,114400
9/12/2025,BRPTBQCZ5A,700,700,700,700,200
9/12/2025,BRPTDRCF6A,196,198,185,187,73300
9/12/2025,BRPTDRCJ6A,100,107,96,96,1221800
9/12/2025,BRPTDRCX5A,222,222,222,222,100
9/12/2025,BRPTDRPV5A,5,5,4,5,387200
9/12/2025,BRPTHDCH6A,0,0,0,0,0
9/12/2025,BRPTHDCH6B,134,141,133,138,104800
9/12/2025,BRPTHDPG6A,238,244,238,244,2200
9/12/2025,BRPTYUCZ5A,0,0,0,0,0
9/12/2025,BRPTZPCF6A,224,224,224,224,900
9/12/2025,BRPTZPCK6A,0,0,0,0,0
9/12/2025,BRPTZPCX5A,0,0,0,0,0
9/12/2025,BRRC,74,78,74,76,7279600
9/12/2025,BRRC-W,14,15,14,15,3398400
9/12/2025,BSBK,66,89,66,89,2864848400
9/12/2025,BSDE,1110,1115,1090,1095,15515500
9/12/2025,BSDEDRCJ6A,51,51,51,51,1000000
9/12/2025,BSDEZPCH6A,0,0,0,0,0
9/12/2025,BSIM,860,905,860,905,53800
9/12/2025,BSML,104,107,103,105,8297100
9/12/2025,BSSR,3910,3940,3910,3930,253600
9/12/2025,BSWD,0,0,0,0,0
9/12/2025,BTEK,22,22,22,22,10568000
9/12/2025,BTEL,0,0,0,0,0
9/12/2025,BTON,378,384,370,382,37500
9/12/2025,BTPN,2100,2150,2080,2080,19700
9/12/2025,BTPS,1560,1565,1495,1500,23605900
9/12/2025,BTPSDRCK6A,0,0,0,0,0
9/12/2025,BTPSHDCJ6A,0,0,0,0,0
9/12/2025,BTPSZPCH6A,0,0,0,0,0
9/12/2025,BUAH,1455,1470,1430,1435,102500
9/12/2025,BUDI,216,218,216,218,2900
9/12/2025,BUKA,159,162,155,156,189293300
9/12/2025,BUKABQCZ5B,16,16,15,15,4217000
9/12/2025,BUKADRCK6A,15,15,15,15,10600
9/12/2025,BUKAHDCZ5A,106,106,105,105,1900
9/12/2025,BUKK,850,865,850,855,22900
9/12/2025,BULL,162,167,157,162,384193100
9/12/2025,BUMI,109,111,108,110,535937100
9/12/2025,BUVA,346,384,340,364,426237600
9/12/2025,BVIC,111,132,111,116,150080100
9/12/2025,BVIC-W,44,52,43,46,1060900
9/12/2025,BWPT,150,150,147,147,30399400
9/12/2025,BYAN,18350,18350,18200,18300,7900
9/12/2025,CAKK,141,142,140,141,35300
9/12/2025,CAMP,218,218,210,214,1675500
9/12/2025,CANI,41,42,41,42,928700
9/12/2025,CARE,314,318,306,310,16869700
9/12/2025,CARS,139,139,132,134,74108800
9/12/2025,CASA,1150,1165,1145,1160,4664400
9/12/2025,CASH,94,97,91,92,2186500
9/12/2025,CASS,2570,2670,2570,2660,106300
9/12/2025,CBDK,6075,6125,6000,6100,4823300
9/12/2025,CBMF,0,0,0,0,0
9/12/2025,CBPE,191,191,182,189,431500
9/12/2025,CBRE,0,0,0,0,0
9/12/2025,CBUT,1650,1730,1515,1635,438900
9/12/2025,CCSI,406,406,372,378,1558100
9/12/2025,CDIA,1380,1435,1350,1385,62356100
9/12/2025,CEKA,2660,2690,2660,2660,8200
9/12/2025,CENT,119,120,116,118,4970300
9/12/2025,CFIN,324,324,314,316,13014800
9/12/2025,CGAS,149,157,146,156,19664700
9/12/2025,CHEK,202,202,198,200,8010500
9/12/2025,CHEM,93,107,90,102,78643400
9/12/2025,CHIP,1405,1425,1405,1420,79200
9/12/2025,CINT,159,169,156,157,323500
9/12/2025,CITA,4120,4140,4050,4080,142100
9/12/2025,CITY,108,114,107,109,7685000
9/12/2025,CLAY,1565,1570,1565,1570,65600
9/12/2025,CLEO,515,535,515,535,11321200
9/12/2025,CLPI,1250,1270,1245,1260,107400
9/12/2025,CMNP,1355,1365,1345,1360,142700
9/12/2025,CMNP-W,430,500,354,382,9300
9/12/2025,CMNT,820,835,815,830,40050600
9/12/2025,CMPP,89,89,87,87,172700
9/12/2025,CMRY,4800,4800,4780,4800,8417400
9/12/2025,CMRYDRCK6A,0,0,0,0,0
9/12/2025,CMRYZPCJ6A,0,0,0,0,0
9/12/2025,CNKO,100,100,96,96,32027500
9/12/2025,CNMA,130,131,129,130,25962000
9/12/2025,CNTB,0,0,0,0,0
9/12/2025,CNTX,0,0,0,0,0
9/12/2025,COAL,50,55,50,55,16524800
9/12/2025,COCO,500,505,480,498,3712100
9/12/2025,COIN,2310,2320,2050,2170,72942700
9/12/2025,COWL,0,0,0,0,0
9/12/2025,CPIN,4690,4720,4660,4700,5046800
9/12/2025,CPINDRCG6A,73,73,73,73,100000
9/12/2025,CPINZPCJ6A,0,0,0,0,0
9/12/2025,CPRI,0,0,0,0,0
9/12/2025,CPRO,58,59,56,57,249240700
9/12/2025,CRAB,242,244,240,242,1182000
9/12/2025,CRSN,106,109,106,108,245600
9/12/2025,CSAP,298,300,290,292,334800
9/12/2025,CSIS,125,129,123,129,2034400
9/12/2025,CSMI,362,362,344,352,6114100
9/12/2025,CSRA,845,850,815,830,2627500
9/12/2025,CTBN,5125,5175,5125,5175,900
9/12/2025,CTRA,970,970,945,945,39469400
9/12/2025,CTRADRCJ6A,22,22,21,21,33400
9/12/2025,CTRAHDCK6A,0,0,0,0,0
9/12/2025,CTRAYUCZ5A,49,49,49,49,100
9/12/2025,CTRAZPCG6A,0,0,0,0,0
9/12/2025,CTTH,42,42,42,42,493200
9/12/2025,CUAN,1435,1470,1420,1430,73018400
9/12/2025,CYBR,1040,1060,1035,1040,22773400
9/12/2025,CYBR-W,740,800,660,685,1148700
9/12/2025,DAAZ,2930,2980,2870,2910,265900
9/12/2025,DADA,66,66,66,66,16207200
9/12/2025,DART,157,159,154,156,155900
9/12/2025,DATA,5075,5075,4500,4500,7345400
9/12/2025,DAYA,1005,1010,970,1005,6300
9/12/2025,DCII,301500,308100,301500,303500,2700
9/12/2025,DEAL,0,0,0,0,0
9/12/2025,DEFI,318,350,318,350,24000
9/12/2025,DEPO,208,222,208,220,2415900
9/12/2025,DEWA,216,222,214,220,165148800
9/12/2025,DEWI,107,107,101,104,52199900
9/12/2025,DFAM,80,82,78,79,3945600
9/12/2025,DGIK,94,96,94,95,1634600
9/12/2025,DGNS,140,149,140,145,27304400
9/12/2025,DGWG,406,414,406,412,10159500
9/12/2025,DIGI,31,32,31,32,1443700
9/12/2025,DILD,136,138,134,136,6762400
9/12/2025,DIVA,127,130,123,128,11526500
9/12/2025,DKFT,685,700,685,685,12707900
9/12/2025,DKHH,105,107,102,104,16426800
9/12/2025,DKHH-W,16,17,15,16,3507000
9/12/2025,DLTA,1995,2000,1960,1980,58700
9/12/2025,DMAS,139,139,137,137,26064600
9/12/2025,DMMX,390,392,380,386,3505400
9/12/2025,DMND,570,575,570,575,125800
9/12/2025,DNAR,122,125,121,121,2864700
9/12/2025,DNET,9050,9150,9025,9050,11900
9/12/2025,DOID,356,364,356,356,9724000
9/12/2025,DOOH,163,166,158,160,244133400
9/12/2025,DOSS,180,187,176,186,15958700
9/12/2025,DPNS,308,348,308,318,364300
9/12/2025,DPUM,69,72,66,68,5860000
9/12/2025,DRMA,1000,1000,990,1000,512600
9/12/2025,DSFI,82,82,80,80,2982800
9/12/2025,DSNG,1690,1695,1615,1660,18908400
9/12/2025,DSNGDRCK6A,82,82,82,82,100
9/12/2025,DSSA,98950,102575,96475,102350,2682800
9/12/2025,DUCK,0,0,0,0,0
9/12/2025,DUTI,4310,4570,4300,4380,8600
9/12/2025,DVLA,1610,1610,1600,1605,38100
9/12/2025,DWGL,230,256,226,240,2028300
9/12/2025,DYAN,88,89,84,85,3481600
9/12/2025,EAST,94,95,92,94,4493800
9/12/2025,ECII,188,195,187,188,622300
9/12/2025,EDGE,4150,4340,4150,4260,31300
9/12/2025,EKAD,190,190,186,188,135000
9/12/2025,ELIT,182,185,181,184,8574000
9/12/2025,ELPI,352,352,348,352,272400
9/12/2025,ELSA,505,505,496,498,10278900
9/12/2025,ELSADRCJ6A,36,36,36,36,276600
9/12/2025,ELSAZPCG6A,35,35,34,34,489500
9/12/2025,ELTY,16,16,16,16,553110100
9/12/2025,EMDE,99,103,99,100,2714900
9/12/2025,EMTK,1225,1260,1205,1225,36666400
9/12/2025,EMTKBQCZ5A,0,0,0,0,0
9/12/2025,EMTKDRCK6A,61,61,59,59,5800
9/12/2025,EMTKHDCZ5A,0,0,0,0,0
9/12/2025,EMTKYUCV5A,163,163,163,163,12400
9/12/2025,EMTKZPCH6A,0,0,0,0,0
9/12/2025,ENAK,695,705,685,705,1516700
9/12/2025,ENRG,595,610,585,610,82077300
9/12/2025,ENRGBQCZ5A,26,30,26,30,4792600
9/12/2025,ENRGDRCJ6A,79,84,79,82,4023200
9/12/2025,ENRGHDCK6A,0,0,0,0,0
9/12/2025,ENRGHDCZ5A,228,234,228,234,8800
9/12/2025,ENRGZPCG6A,0,0,0,0,0
9/12/2025,ENRGZPCK6A,0,0,0,0,0
9/12/2025,ENVY,0,0,0,0,0
9/12/2025,ENZO,39,40,39,40,588400
9/12/2025,EPAC,39,39,39,39,22386800
9/12/2025,EPMT,2310,2310,2290,2290,3400
9/12/2025,ERAA,442,448,442,444,24713900
9/12/2025,ERAABQCZ5A,0,0,0,0,0
9/12/2025,ERAADRCJ6A,11,11,11,11,9000
9/12/2025,ERAAHDCZ5A,32,33,31,31,338200
9/12/2025,ERAAZPCH6A,21,21,21,21,952400
9/12/2025,ERAL,330,342,330,334,10102400
9/12/2025,ERTX,127,127,123,126,703900
9/12/2025,ESIP,52,55,51,55,1647700
9/12/2025,ESSA,685,690,655,680,106700300
9/12/2025,ESSABQCZ5A,76,76,55,57,177600
9/12/2025,ESSAHDCH6A,63,64,61,64,105100
9/12/2025,ESSAYUCZ5A,49,50,49,50,2000
9/12/2025,ESSAZPCK6A,23,23,21,23,6177800
9/12/2025,ESTA,75,76,72,73,16330200
9/12/2025,ESTI,55,59,55,59,12200600
9/12/2025,ETWA,0,0,0,0,0
9/12/2025,EURO,282,286,274,286,28600
9/12/2025,EXCL,2590,2640,2590,2590,2133100
9/12/2025,EXCLHDCJ6A,33,33,32,32,11100
9/12/2025,EXCLZPCF6A,0,0,0,0,0
9/12/2025,FAPA,6025,6050,6000,6025,4700
9/12/2025,FAST,324,328,318,324,2680900
9/12/2025,FASW,0,0,0,0,0
9/12/2025,FILM,4000,4170,3990,4130,14761300
9/12/2025,FIMP,0,0,0,0,0
9/12/2025,FIRE,82,110,82,99,823923700
9/12/2025,FISH,0,0,0,0,0
9/12/2025,FITT,835,835,835,835,5854900
9/12/2025,FLMC,234,234,234,234,485400
9/12/2025,FMII,360,370,358,368,92700
9/12/2025,FOLK,79,81,77,79,1393500
9/12/2025,FOOD,170,170,170,170,369000
9/12/2025,FORE,505,510,500,510,2612800
9/12/2025,FORU,1180,1195,1150,1165,476700
9/12/2025,FPNI,194,195,190,194,545800
9/12/2025,FUJI,422,470,416,436,5677200
9/12/2025,FUTR,388,410,370,402,573274500
9/12/2025,FWCT,157,160,150,154,2300700
9/12/2025,GAMA,0,0,0,0,0
9/12/2025,GDST,110,112,107,109,1107800
9/12/2025,GDYR,1155,1190,1150,1170,2800
9/12/2025,GEMA,117,119,115,119,9586800
9/12/2025,GEMS,9050,9100,9025,9075,76800
9/12/2025,GGRM,8950,8950,8825,8850,545700
9/12/2025,GGRMZPCG6A,37,38,37,38,40800
9/12/2025,GGRP,228,250,214,224,2771700
9/12/2025,GHON,1640,1695,1635,1690,13400
9/12/2025,GIAA,67,68,67,68,15567400
9/12/2025,GJTL,1020,1025,1015,1015,1777800
9/12/2025,GJTLZPCJ6A,21,21,21,21,45000
9/12/2025,GLOB,52,52,52,52,47800
9/12/2025,GLVA,330,330,326,330,2000
9/12/2025,GMFI,62,62,58,58,1399900
9/12/2025,GMTD,2150,2200,2110,2200,2200
9/12/2025,GOLD,284,284,276,280,89700
9/12/2025,GOLF,210,212,208,212,1145900
9/12/2025,GOLL,0,0,0,0,0
9/12/2025,GOOD,368,370,366,370,92700
9/12/2025,GOTO,57,58,56,57,1246327000
9/12/2025,GOTOBQCZ5A,3,5,3,4,64972300
9/12/2025,GOTODRCG6A,0,0,0,0,0
9/12/2025,GOTOM,0,0,0,0,0
9/12/2025,GOTOZPCH6A,0,0,0,0,0
9/12/2025,GOTOZPCK6A,12,12,12,12,105500
9/12/2025,GPRA,133,135,130,134,52024400
9/12/2025,GPSO,268,282,266,278,5920900
9/12/2025,GRIA,143,143,139,141,10847500
9/12/2025,GRPH,73,74,68,69,54391000
9/12/2025,GRPM,55,57,54,55,5383800
9/12/2025,GRPM-W,15,15,14,15,1360300
9/12/2025,GSMF,97,99,95,98,2799100
9/12/2025,GTBO,190,252,188,214,30982500
9/12/2025,GTRA,141,142,138,140,892600
9/12/2025,GTSI,95,96,90,93,43136800
9/12/2025,GULA,362,374,352,364,2858800
9/12/2025,GUNA,234,242,234,238,63300
9/12/2025,GWSA,153,155,153,154,495100
9/12/2025,GZCO,206,218,202,214,113158800
9/12/2025,HADE,38,38,38,38,13414300
9/12/2025,HAIS,191,192,188,190,1993500
9/12/2025,HAJJ,121,122,118,120,8008800
9/12/2025,HAJJ-W,16,17,15,16,2710400
9/12/2025,HALO,84,84,82,84,2867900
9/12/2025,HALO-W,14,14,12,14,6580700
9/12/2025,HATM,256,256,252,256,30734900
9/12/2025,HBAT,182,200,176,200,7523700
9/12/2025,HDFA,126,127,121,122,331400
9/12/2025,HDIT,62,62,60,60,8265800
9/12/2025,HEAL,1725,1740,1705,1730,10795900
9/12/2025,HEALBQCZ5A,41,41,41,41,100
9/12/2025,HEALDRCJ6A,0,0,0,0,0
9/12/2025,HEALHDCH6A,0,0,0,0,0
9/12/2025,HEALYUCZ5A,79,83,79,81,4500
9/12/2025,HEALZPCH6A,0,0,0,0,0
9/12/2025,HELI,246,250,238,246,110200
9/12/2025,HERO,390,394,380,394,49100
9/12/2025,HEXA,5475,5500,5400,5475,408000
9/12/2025,HGII,145,145,143,145,4028900
9/12/2025,HILL,206,206,202,206,1622400
9/12/2025,HITS,0,0,0,0,0
9/12/2025,HKMU,0,0,0,0,0
9/12/2025,HMSP,550,550,535,540,25558000
9/12/2025,HOKI,80,81,78,80,24359800
9/12/2025,HOME,0,0,0,0,0
9/12/2025,HOMI,212,248,212,220,7796500
9/12/2025,HOPE,151,172,141,152,32680300
9/12/2025,HOTL,0,0,0,0,0
9/12/2025,HRME,41,44,41,44,2317000
9/12/2025,HRTA,835,865,830,860,44231000
9/12/2025,HRUM,1110,1180,1105,1135,74268400
9/12/2025,HRUMHDCK6A,72,74,66,67,1825800
9/12/2025,HRUMZPCG6A,65,65,65,65,15000
9/12/2025,HUMI,149,155,148,151,162115300
9/12/2025,HUMI-W,25,26,24,25,18089800
9/12/2025,HYGN,161,162,158,162,941000
9/12/2025,IATA,77,77,77,77,48500100
9/12/2025,IATA-W,31,31,31,31,75800
9/12/2025,IBFN,31,33,31,33,1162200
9/12/2025,IBOS,44,47,43,47,49863800
9/12/2025,IBST,5000,6100,5000,6100,1700
9/12/2025,ICBP,9300,9400,9175,9250,4228300
9/12/2025,ICBPDRCX6A,0,0,0,0,0
9/12/2025,ICBPHDCJ6A,47,47,47,47,3000
9/12/2025,ICBPZPCX5A,0,0,0,0,0
9/12/2025,ICON,47,49,47,48,763200
9/12/2025,IDEA,94,103,93,103,7508800
9/12/2025,IDPR,250,270,250,254,906700
9/12/2025,IFII,240,240,230,234,530400
9/12/2025,IFSH,825,875,790,805,45600
9/12/2025,IGAR,0,0,0,0,0
9/12/2025,IIKP,0,0,0,0,0
9/12/2025,IKAI,33,33,33,33,7959800
9/12/2025,IKAN,131,133,130,130,6294300
9/12/2025,IKBI,500,510,498,500,129000
9/12/2025,IKPM,212,212,204,210,1533600
9/12/2025,IMAS,1100,1145,1070,1095,191200
9/12/2025,IMJS,238,252,234,248,17309200
9/12/2025,IMPC,1390,1400,1345,1345,11527500
9/12/2025,INAF,0,0,0,0,0
9/12/2025,INAI,154,156,151,151,32500
9/12/2025,INCF,45,45,45,45,7200400
9/12/2025,INCI,605,605,595,595,88400
9/12/2025,INCO,3770,4020,3770,4000,18162400
9/12/2025,INCOBQCV5A,25,40,25,40,916800
9/12/2025,INCODRCK6A,72,84,72,84,10100
9/12/2025,INCODRCX5A,93,104,93,103,650100
9/12/2025,INCODRPV5A,0,0,0,0,0
9/12/2025,INCOHDCJ6A,95,95,95,95,32500
9/12/2025,INCOYUCZ5A,0,0,0,0,0
9/12/2025,INCOZPCK6A,41,48,41,48,410300
9/12/2025,INCOZPCX5A,0,0,0,0,0
9/12/2025,INDF,7500,7575,7450,7550,4229700
9/12/2025,INDFBQCV5A,0,0,0,0,0
9/12/2025,INDFDRCX6A,3970,3970,3970,3970,1000
9/12/2025,INDFHDCJ6A,0,0,0,0,0
9/12/2025,INDO,246,252,242,250,5510500
9/12/2025,INDR,2580,3180,2580,3100,143400
9/12/2025,INDS,224,224,220,224,11200
9/12/2025,INDX,90,100,90,94,30219100
9/12/2025,INDY,1910,2060,1910,2000,131590600
9/12/2025,INDYHDCJ6A,180,204,180,196,659700
9/12/2025,INDYZPCG6A,96,105,93,100,634300
9/12/2025,INET,220,226,216,218,95758500
9/12/2025,INET-W,129,131,124,125,9732900
9/12/2025,INKP,7625,7875,7625,7775,4178900
9/12/2025,INKPBQCX5A,0,0,0,0,0
9/12/2025,INKPDRCF6A,188,199,188,191,1082300
9/12/2025,INKPZPCF6A,106,106,106,106,20000
9/12/2025,INKPZPCK6A,38,39,38,39,5000
9/12/2025,INOV,96,103,94,95,4182200
9/12/2025,INPC,169,174,168,170,15216900
9/12/2025,INPP,780,780,765,775,70900
9/12/2025,INPS,118,120,118,120,367800
9/12/2025,INRU,775,805,775,795,54800
9/12/2025,INTA,25,25,25,25,4213000
9/12/2025,INTD,200,202,197,199,236000
9/12/2025,INTP,7025,7200,7025,7150,1094900
9/12/2025,INTPZPCG6A,77,78,77,78,200
9/12/2025,IOTF,93,94,91,92,27684800
9/12/2025,IPAC,155,155,141,145,6400
9/12/2025,IPCC,1125,1130,1110,1115,1249600
9/12/2025,IPCM,292,296,292,294,1057600
9/12/2025,IPOL,137,140,135,139,66200
9/12/2025,IPPE,0,0,0,0,0
9/12/2025,IPTV,42,42,42,42,9257600
9/12/2025,IRRA,426,456,416,426,8687300
9/12/2025,IRSX,167,167,167,167,5689400
9/12/2025,ISAP,39,39,36,39,373132500
9/12/2025,ISAP-W,15,15,12,14,90133900
9/12/2025,ISAT,1905,1940,1880,1890,6014000
9/12/2025,ISATBQCU5A,5,6,5,5,50900
9/12/2025,ISATDRCG6A,0,0,0,0,0
9/12/2025,ISATDRCX5A,37,37,37,37,253900
9/12/2025,ISATHDCJ6A,0,0,0,0,0
9/12/2025,ISATZPCF6A,0,0,0,0,0
9/12/2025,ISEA,91,92,87,90,23149100
9/12/2025,ISSP,404,414,402,406,1801300
9/12/2025,ITIC,232,242,230,238,743400
9/12/2025,ITMA,1380,1510,1225,1360,22677000
9/12/2025,ITMG,22250,22400,22250,22325,704500
9/12/2025,ITMGHDCJ6A,0,0,0,0,0
9/12/2025,ITMGZPCJ6A,65,65,65,65,10000
9/12/2025,JARR,1770,1770,1620,1620,5913800
9/12/2025,JAST,98,99,96,98,3425200
9/12/2025,JATI,133,135,131,132,1928000
9/12/2025,JAWA,145,151,145,148,945700
9/12/2025,JAYA,100,102,99,99,870400
9/12/2025,JECC,1120,1125,1090,1115,60300
9/12/2025,JGLE,15,15,15,15,68558700
9/12/2025,JIHD,675,680,655,675,808800
9/12/2025,JKON,86,87,82,83,48240000
9/12/2025,JMAS,149,166,145,155,9953000
9/12/2025,JPFA,1915,1955,1895,1935,40676900
9/12/2025,JPFABQCZ5A,0,0,0,0,0
9/12/2025,JPFADRCJ6A,66,66,61,65,838100
9/12/2025,JPFAHDCZ5A,210,210,210,210,394900
9/12/2025,JPFAZPCG6A,0,0,0,0,0
9/12/2025,JRPT,800,805,795,800,696800
9/12/2025,JSKY,0,0,0,0,0
9/12/2025,JSMR,3480,3500,3430,3480,3885000
9/12/2025,JSMRDRCK6A,0,0,0,0,0
9/12/2025,JSMRHDCH6A,0,0,0,0,0
9/12/2025,JSMRZPCG6A,0,0,0,0,0
9/12/2025,JSPT,3890,4040,3810,4040,11100
9/12/2025,JTPE,318,326,316,326,2693000
9/12/2025,KAEF,505,525,505,510,1618400
9/12/2025,KAQI,70,71,68,69,10399500
9/12/2025,KARW,585,585,585,585,406600
9/12/2025,KAYU,0,0,0,0,0
9/12/2025,KBAG,46,46,46,46,17715600
9/12/2025,KBLI,370,374,370,372,35300
9/12/2025,KBLM,378,386,378,382,65600
9/12/2025,KBLV,246,304,246,304,470771000
9/12/2025,KBRI,0,0,0,0,0
9/12/2025,KDSI,470,470,470,470,800
9/12/2025,KDTN,124,129,124,124,932400
9/12/2025,KEEN,840,840,825,830,2639400
9/12/2025,KEJU,610,610,600,600,576200
9/12/2025,KETR,590,600,570,575,5394500
9/12/2025,KIAS,0,0,0,0,0
9/12/2025,KICI,145,145,135,145,1870000
9/12/2025,KIJA,200,200,196,199,105162500
9/12/2025,KING,198,200,197,200,286200
9/12/2025,KING-W,14,14,13,14,2125000
9/12/2025,KINO,1115,1140,1110,1130,36700
9/12/2025,KIOS,83,84,81,82,8741300
9/12/2025,KJEN,193,230,190,208,143043600
9/12/2025,KKES,37,38,37,38,1572000
9/12/2025,KKGI,330,332,322,326,2094900
9/12/2025,KLAS,131,135,130,134,3193300
9/12/2025,KLBF,1200,1205,1175,1180,59780200
9/12/2025,KLBFBQCV5A,3,3,3,3,41700
9/12/2025,KLBFDRCG6A,18,18,18,18,100
9/12/2025,KLBFZPCF6A,20,20,20,20,1400200
9/12/2025,KLBFZPCJ6A,0,0,0,0,0
9/12/2025,KLIN,190,200,180,191,1612100
9/12/2025,KMDS,615,635,615,620,84100
9/12/2025,KMTR,292,294,286,292,294700
9/12/2025,KOBX,143,144,140,142,345700
9/12/2025,KOCI,62,63,61,61,6494400
9/12/2025,KOCI-W,16,16,14,15,2714600
9/12/2025,KOIN,74,78,74,77,34500
9/12/2025,KOKA,94,96,92,95,5128800
9/12/2025,KONI,1770,1820,1650,1710,32400
9/12/2025,KOPI,330,340,324,328,383900
9/12/2025,KOTA,35,35,35,35,25161900
9/12/2025,KPIG,197,198,185,194,55772300
9/12/2025,KRAS,306,330,306,316,73901400
9/12/2025,KREN,19,19,19,19,65066800
9/12/2025,KRYA,276,282,242,244,396498100
9/12/2025,KSIX,236,236,230,236,730800
9/12/2025,KUAS,72,73,70,71,7174900
9/12/2025,LABA,0,0,0,0,0
9/12/2025,LABS,142,143,140,142,314000
9/12/2025,LAJU,75,76,73,74,37801800
9/12/2025,LAND,41,41,41,41,3525700
9/12/2025,LAPD,155,155,155,155,9893700
9/12/2025,LCGP,0,0,0,0,0
9/12/2025,LCKM,212,214,206,210,29700
9/12/2025,LEAD,80,90,77,84,117703500
9/12/2025,LFLO,250,264,250,264,107300
9/12/2025,LIFE,16700,16700,16675,16700,39200
9/12/2025,LINK,3260,3260,3190,3190,153800
9/12/2025,LION,585,855,585,840,5782600
9/12/2025,LIVE,242,258,238,252,39697700
9/12/2025,LMAS,0,0,0,0,0
9/12/2025,LMAX,74,75,71,75,5249900
9/12/2025,LMPI,145,145,143,143,28300
9/12/2025,LMSH,0,0,0,0,0
9/12/2025,LOPI,82,82,82,82,4196900
9/12/2025,LPCK,620,635,595,635,848700
9/12/2025,LPGI,452,456,436,438,76300
9/12/2025,LPIN,414,418,412,416,45000
9/12/2025,LPKR,103,105,101,102,143449400
9/12/2025,LPLI,312,324,306,318,381500
9/12/2025,LPPF,1625,1645,1615,1615,1089200
9/12/2025,LPPS,83,84,80,83,3768400
9/12/2025,LRNA,180,185,180,180,23600
9/12/2025,LSIP,1330,1335,1300,1315,10232800
9/12/2025,LSIPDRCK6A,42,42,42,42,100
9/12/2025,LSIPHDCJ6A,0,0,0,0,0
9/12/2025,LSIPYUCZ5A,58,59,58,59,200
9/12/2025,LSIPZPCG6A,66,66,66,66,1000000
9/12/2025,LTLS,845,845,835,840,60700
9/12/2025,LUCK,100,100,93,95,48570800
9/12/2025,LUCY,93,95,91,93,1288300
9/12/2025,MABA,0,0,0,0,0
9/12/2025,MAGP,0,0,0,0,0
9/12/2025,MAHA,164,165,158,158,20681700
9/12/2025,MAIN,710,720,705,710,3686500
9/12/2025,MANG,54,56,51,54,21461600
9/12/2025,MANG-W,27,28,26,27,2532100
9/12/2025,MAPA,590,595,580,590,35609200
9/12/2025,MAPABQCZ5A,16,16,16,16,1543700
9/12/2025,MAPADRCJ6A,14,15,14,14,3900200
9/12/2025,MAPAHDCZ5A,0,0,0,0,0
9/12/2025,MAPAZPCH6A,0,0,0,0,0
9/12/2025,MAPB,1690,1710,1690,1700,6800
9/12/2025,MAPI,1190,1190,1165,1180,23768100
9/12/2025,MAPIBQCV5A,3,4,3,4,6247900
9/12/2025,MAPIDRCX5A,17,18,17,17,239200
9/12/2025,MAPIHDCK6A,0,0,0,0,0
9/12/2025,MAPIZPCJ6A,0,0,0,0,0
9/12/2025,MARI,36,36,36,36,4463800
9/12/2025,MARK,640,650,630,635,12187100
9/12/2025,MASA,0,0,0,0,0
9/12/2025,MASB,3320,3320,3290,3300,500
9/12/2025,MAXI,58,59,56,57,16071800
9/12/2025,MAYA,244,300,240,268,155070200
9/12/2025,MBAP,1610,1610,1600,1605,46000
9/12/2025,MBMA,424,464,424,462,570881900
9/12/2025,MBMABQCX5A,15,21,15,20,27710600
9/12/2025,MBMADRCX5A,26,33,26,33,3144200
9/12/2025,MBMADRPX5A,19,19,17,17,402200
9/12/2025,MBMAHDCH6A,66,72,66,72,113000
9/12/2025,MBMAZPCK6A,22,23,22,23,42600
9/12/2025,MBMAZPCX5A,64,66,64,66,9600
9/12/2025,MBSS,1525,1575,1510,1520,845400
9/12/2025,MBTO,116,119,115,117,741600
9/12/2025,MCAS,980,1010,860,870,3101800
9/12/2025,MCOL,3660,3660,3580,3620,42000
9/12/2025,MCOR,75,76,74,75,7607600
9/12/2025,MDIA,38,38,37,37,1718300
9/12/2025,MDIY,1040,1120,1040,1065,3230800
9/12/2025,MDKA,2550,2560,2480,2530,69258700
9/12/2025,MDKABQCV5A,127,131,122,127,6900
9/12/2025,MDKABQCX5B,44,44,44,44,6600000
9/12/2025,MDKADRCK6A,83,86,83,85,403600
9/12/2025,MDKADRCV5A,100,103,96,102,60200
9/12/2025,MDKADRPX5A,0,0,0,0,0
9/12/2025,MDKAHDCU5A,168,178,168,178,150000
9/12/2025,MDKAHDCZ5A,150,150,146,148,14800
9/12/2025,MDKAZPCF6A,82,83,81,83,7500100
9/12/2025,MDKI,161,161,156,160,358600
9/12/2025,MDLA,240,242,234,240,7267400
9/12/2025,MDLN,70,70,67,68,26241900
9/12/2025,MDRN,36,36,33,33,28317400
9/12/2025,MEDC,1235,1240,1210,1230,15991800
9/12/2025,MEDCBQCV5A,38,40,38,40,84600
9/12/2025,MEDCBQCX5B,24,25,24,25,1800
9/12/2025,MEDCBQCZ5A,26,27,26,27,3000
9/12/2025,MEDCDRCG6A,31,31,31,31,377600
9/12/2025,MEDCDRPV5A,0,0,0,0,0
9/12/2025,MEDCHDCH6A,0,0,0,0,0
9/12/2025,MEDCZPCF6A,0,0,0,0,0
9/12/2025,MEDS,68,74,65,71,112628400
9/12/2025,MEGA,3310,3320,3270,3290,2000
9/12/2025,MEJA,92,96,88,94,55562100
9/12/2025,MEJA-W,30,32,28,31,27460900
9/12/2025,MENN,61,66,60,63,33952500
9/12/2025,MERI,224,226,220,222,2664700
9/12/2025,MERK,2810,2830,2800,2810,3600
9/12/2025,META,0,0,0,0,0
9/12/2025,MFIN,1005,1070,995,995,306600
9/12/2025,MFMI,0,0,0,0,0
9/12/2025,MGLV,1395,1395,1395,1395,847000
9/12/2025,MGNA,44,44,40,43,298100
9/12/2025,MGNA-W,40,40,40,40,500
9/12/2025,MGRO,745,780,735,765,7955400
9/12/2025,MHKI,161,164,151,159,56165800
9/12/2025,MICE,492,492,488,490,29700
9/12/2025,MIDI,452,454,448,448,21315400
9/12/2025,MIKA,2300,2340,2280,2290,5699700
9/12/2025,MIKAZPCG6A,0,0,0,0,0
9/12/2025,MINA,162,173,159,168,300601800
9/12/2025,MINE,575,605,570,600,10381700
9/12/2025,MIRA,65,67,65,67,4091800
9/12/2025,MITI,360,362,314,324,19364500
9/12/2025,MKAP,348,352,342,348,712000
9/12/2025,MKNT,0,0,0,0,0
9/12/2025,MKPI,25100,25550,24100,25550,9900
9/12/2025,MKTR,136,141,130,136,14635800
9/12/2025,MKTR-W,15,17,14,15,75338400
9/12/2025,MLBI,5825,5950,5825,5875,19000
9/12/2025,MLIA,352,352,350,350,3270300
9/12/2025,MLPL,138,146,137,144,271650000
9/12/2025,MLPT,72300,85975,72250,80025,59700
9/12/2025,MMIX,390,398,358,388,10031900
9/12/2025,MMLP,535,540,530,540,3622000
9/12/2025,MNCN,258,260,252,258,24461000
9/12/2025,MOLI,224,224,218,222,1334600
9/12/2025,MORA,422,436,422,434,22000
9/12/2025,MPIX,71,72,70,71,9500500
9/12/2025,MPIX-W,13,14,12,14,2780200
9/12/2025,MPMX,950,955,925,935,18167700
9/12/2025,MPOW,115,119,114,117,681800
9/12/2025,MPPA,72,76,71,74,121292100
9/12/2025,MPRO,4530,4710,4500,4620,164600
9/12/2025,MPXL,144,190,137,190,166994000
9/12/2025,MRAT,218,222,216,218,596600
9/12/2025,MREI,970,990,950,950,1146300
9/12/2025,MSIE,58,62,55,60,25539700
9/12/2025,MSIN,595,595,570,590,16104000
9/12/2025,MSJA,302,306,298,302,2366300
9/12/2025,MSKY,95,96,90,91,36732200
9/12/2025,MSTI,1550,1550,1510,1530,875300
9/12/2025,MTDL,685,685,620,625,13993500
9/12/2025,MTEL,580,590,575,580,2519900
9/12/2025,MTELDRCK6A,19,19,19,19,400
9/12/2025,MTFN,12,13,12,13,473164800
9/12/2025,MTLA,436,436,434,434,23600
9/12/2025,MTMH,1180,1245,1175,1190,252300
9/12/2025,MTPS,45,45,45,45,483800
9/12/2025,MTRA,0,0,0,0,0
9/12/2025,MTSM,0,0,0,0,0
9/12/2025,MTWI,370,370,360,368,56000
9/12/2025,MUTU,97,99,95,99,5739500
9/12/2025,MYOH,1720,1720,1705,1705,1100
9/12/2025,MYOR,2070,2120,2060,2080,5609000
9/12/2025,MYORDRCK6A,0,0,0,0,0
9/12/2025,MYORZPCH6A,0,0,0,0,0
9/12/2025,MYTX,0,0,0,0,0
9/12/2025,NAIK,141,142,137,137,16564400
9/12/2025,NAIK-W,25,25,23,24,4064600
9/12/2025,NANO,72,79,67,70,203501000
9/12/2025,NASA,50,50,49,50,3059500
9/12/2025,NASI,89,92,88,90,3987900
9/12/2025,NATO,140,144,134,139,309800
9/12/2025,NAYZ,0,0,0,0,0
9/12/2025,NCKL,1065,1100,1055,1090,45698100
9/12/2025,NCKLDRCK6A,48,48,46,48,126600
9/12/2025,NCKLYUCZ5A,97,98,97,98,100100
9/12/2025,NCKLZPCJ6A,65,68,64,68,14000
9/12/2025,NELY,350,354,350,352,328500
9/12/2025,NEST,268,280,262,276,8004300
9/12/2025,NETV,131,132,129,131,1403400
9/12/2025,NFCX,1975,2000,1815,1815,106200
9/12/2025,NICE,458,525,452,498,127155100
9/12/2025,NICK,1360,1360,1350,1350,4400
9/12/2025,NICL,1020,1050,1020,1040,6175500
9/12/2025,NIKL,234,234,228,230,1584800
9/12/2025,NINE,0,0,0,0,0
9/12/2025,NIRO,121,122,120,122,20300
9/12/2025,NISP,1370,1385,1365,1370,4016800
9/12/2025,NOBU,540,555,540,555,4658400
9/12/2025,NPGF,59,62,57,61,54792200
9/12/2025,NRCA,1055,1105,1015,1080,21737500
9/12/2025,NSSS,444,446,434,446,6613900
9/12/2025,NTBK,61,65,59,61,69683400
9/12/2025,NUSA,0,0,0,0,0
9/12/2025,NZIA,95,99,94,95,2949100
9/12/2025,OASA,276,276,256,264,256088200
9/12/2025,OBAT,476,482,466,472,2180100
9/12/2025,OBAT-W,108,113,104,110,2831600
9/12/2025,OBMD,294,306,288,294,841900
9/12/2025,OCAP,0,0,0,0,0
9/12/2025,OILS,138,139,134,137,375100
9/12/2025,OKAS,276,282,266,266,4580600
9/12/2025,OLIV,91,99,90,99,14688600
9/12/2025,OMED,190,190,184,190,479300
9/12/2025,OMRE,0,0,0,0,0
9/12/2025,OPMS,86,93,86,88,13013900
9/12/2025,PACK,2140,2260,1960,2260,22097300
9/12/2025,PADA,47,49,46,49,13976500
9/12/2025,PADI,72,78,72,78,23930800
9/12/2025,PALM,410,424,406,412,961600
9/12/2025,PAMG,74,85,73,78,157604200
9/12/2025,PANI,14050,14100,13800,13850,4448000
9/12/2025,PANIBQCZ5A,50,50,50,50,6800
9/12/2025,PANIHDCJ6A,0,0,0,0,0
9/12/2025,PANIHDCZ5A,167,167,165,165,1300
9/12/2025,PANIZPCJ6A,75,75,68,69,7227300
9/12/2025,PANR,725,725,700,700,692100
9/12/2025,PANS,1390,1395,1370,1390,158800
9/12/2025,PART,116,116,113,113,19351700
9/12/2025,PART-W,21,22,19,20,16645600
9/12/2025,PBID,490,492,486,488,265100
9/12/2025,PBRX,50,50,50,50,95148600
9/12/2025,PBSA,0,0,0,0,0
9/12/2025,PCAR,53,53,53,53,20235700
9/12/2025,PDES,466,466,464,464,7800
9/12/2025,PDPP,484,492,478,490,22200
9/12/2025,PEGE,114,119,112,116,2075200
9/12/2025,PEHA,336,336,328,332,38200
9/12/2025,PEVE,440,440,428,436,55500
9/12/2025,PGAS,1770,1800,1760,1795,72938300
9/12/2025,PGASBQCU5A,0,0,0,0,0
9/12/2025,PGASBQCZ5A,0,0,0,0,0
9/12/2025,PGASDRCG6A,0,0,0,0,0
9/12/2025,PGASHDCK6A,84,85,84,85,112500
9/12/2025,PGASZPCJ6A,51,51,51,51,24300
9/12/2025,PGEO,1405,1440,1390,1400,45950600
9/12/2025,PGEOBQCX5B,23,24,23,23,322700
9/12/2025,PGEODRCJ6A,40,40,39,39,3725600
9/12/2025,PGEODRPV5A,0,0,0,0,0
9/12/2025,PGEOHDCH6A,54,54,52,52,300
9/12/2025,PGEOHDCH6B,64,65,61,61,9500
9/12/2025,PGEOZPCJ6A,0,0,0,0,0
9/12/2025,PGJO,0,0,0,0,0
9/12/2025,PGLI,191,252,178,252,4410300
9/12/2025,PGUN,4230,4230,4230,4230,203900
9/12/2025,PICO,143,168,141,159,21431700
9/12/2025,PIPA,0,0,0,0,0
9/12/2025,PJAA,480,494,480,486,382700
9/12/2025,PKPK,590,590,565,565,262100
9/12/2025,PLAN,56,59,54,56,12595200
9/12/2025,PLAS,0,0,0,0,0
9/12/2025,PLIN,0,0,0,0,0
9/12/2025,PMJS,119,120,117,119,193000
9/12/2025,PMMP,0,0,0,0,0
9/12/2025,PMUI,130,131,128,128,10707100
9/12/2025,PNBN,1140,1140,1125,1135,2460100
9/12/2025,PNBS,55,56,54,55,23676300
9/12/2025,PNGO,2410,2410,2400,2410,2900
9/12/2025,PNIN,835,835,825,830,778900
9/12/2025,PNLF,254,254,250,252,58205400
9/12/2025,PNLFDRCJ6A,14,14,14,14,100
9/12/2025,PNLFHDCZ5A,0,0,0,0,0
9/12/2025,PNLFYUCV5A,0,0,0,0,0
9/12/2025,PNLFZPCH6A,38,38,38,38,33100
9/12/2025,PNSE,780,820,760,775,16400
9/12/2025,POLA,36,36,36,36,1168600
9/12/2025,POLI,785,785,710,710,4400
9/12/2025,POLL,0,0,0,0,0
9/12/2025,POLU,0,0,0,0,0
9/12/2025,POLY,29,29,28,28,439500
9/12/2025,POOL,0,0,0,0,0
9/12/2025,PORT,1030,1030,960,980,56300
9/12/2025,POSA,0,0,0,0,0
9/12/2025,POWR,695,705,695,700,1953700
9/12/2025,PPGL,105,106,102,104,866100
9/12/2025,PPRE,98,99,96,98,10048300
9/12/2025,PPRI,0,0,0,0,0
9/12/2025,PPRO,0,0,0,0,0
9/12/2025,PRAY,680,680,660,680,12600
9/12/2025,PRDA,2750,2780,2720,2720,97600
9/12/2025,PRIM,91,91,87,88,8964000
9/12/2025,PSAB,535,585,525,575,266589100
9/12/2025,PSAT,1370,1375,1355,1365,640500
9/12/2025,PSDN,98,98,95,97,2151500
9/12/2025,PSGO,206,210,200,206,950200
9/12/2025,PSKT,117,118,117,117,14061700
9/12/2025,PSSI,348,350,342,346,82000
9/12/2025,PTBA,2380,2400,2380,2390,10868900
9/12/2025,PTBABQCV5A,0,0,0,0,0
9/12/2025,PTBADRCG6A,0,0,0,0,0
9/12/2025,PTBAYUCZ5A,88,88,88,88,100
9/12/2025,PTBAZPCH6A,0,0,0,0,0
9/12/2025,PTDU,0,0,0,0,0
9/12/2025,PTIS,408,414,400,410,65000
9/12/2025,PTMP,96,98,94,96,15486800
9/12/2025,PTMR,0,0,0,0,0
9/12/2025,PTPP,354,356,346,348,13918600
9/12/2025,PTPS,161,174,161,169,20891900
9/12/2025,PTPW,950,955,950,950,29500
9/12/2025,PTRO,3750,3920,3750,3870,74013200
9/12/2025,PTROHDCK6A,125,125,121,121,82100
9/12/2025,PTROZPCK6A,62,65,62,63,36300
9/12/2025,PTSN,482,482,470,470,1392300
9/12/2025,PTSP,895,920,865,910,233100
9/12/2025,PUDP,230,234,230,230,38300
9/12/2025,PURA,37,37,37,37,25041700
9/12/2025,PURE,0,0,0,0,0
9/12/2025,PURI,187,206,187,192,1553700
9/12/2025,PWON,364,374,362,366,90311300
9/12/2025,PWONHDCZ5A,0,0,0,0,0
9/12/2025,PWONZPCH6A,0,0,0,0,0
9/12/2025,PYFA,515,520,498,505,27870300
9/12/2025,PYFA-W,99,100,98,99,193800
9/12/2025,PZZA,224,234,222,230,7154700
9/12/2025,R-ABFII,0,0,0,0,0
9/12/2025,R-LQ45X,1035,1035,980,980,13100
9/12/2025,RAAM,306,328,302,304,22184400
9/12/2025,RAFI,0,0,0,0,0
9/12/2025,RAJA,2810,2920,2790,2830,46364900
9/12/2025,RAJAHDCK6A,88,93,87,87,3845800
9/12/2025,RAJAZPCK6A,44,46,44,46,15600
9/12/2025,RALS,392,394,390,392,1122200
9/12/2025,RANC,418,426,410,422,460100
9/12/2025,RATU,5575,5750,5575,5600,4252500
9/12/2025,RBMS,44,45,44,45,13967500
9/12/2025,RCCC,240,258,216,238,1374300
9/12/2025,RDTX,11975,13500,11550,11600,8500
9/12/2025,REAL,61,71,59,66,514230100
9/12/2025,RELF,60,61,54,57,54171100
9/12/2025,RELI,650,665,640,645,17200
9/12/2025,RGAS,115,115,101,105,196676100
9/12/2025,RICY,88,88,85,85,1669200
9/12/2025,RIGS,800,810,780,810,76700
9/12/2025,RIMO,0,0,0,0,0
9/12/2025,RISE,1095,1105,1090,1100,404400
9/12/2025,RMKE,970,970,955,965,2432200
9/12/2025,RMKO,133,137,131,131,1339800
9/12/2025,ROCK,600,660,600,660,50400
9/12/2025,RODA,47,47,46,47,889900
9/12/2025,RONY,0,0,0,0,0
9/12/2025,ROTI,820,830,805,810,4413900
9/12/2025,RSCH,372,372,366,366,433700
9/12/2025,RSGK,0,0,0,0,0
9/12/2025,RUIS,214,228,193,202,29473800
9/12/2025,RUNS,104,111,100,109,559100
9/12/2025,SAFE,181,187,181,183,71900
9/12/2025,SAGE,38,44,38,44,26081700
9/12/2025,SAME,312,312,304,310,1407400
9/12/2025,SAMF,328,334,326,332,60400
9/12/2025,SAPX,306,308,300,300,227300
9/12/2025,SATU,240,242,240,242,4433000
9/12/2025,SBAT,0,0,0,0,0
9/12/2025,SBMA,135,137,133,135,807600
9/12/2025,SCCO,2300,2300,2280,2290,31100
9/12/2025,SCMA,308,316,304,310,94659200
9/12/2025,SCMABQCZ5A,129,129,129,129,200
9/12/2025,SCMADRCK6A,94,95,94,94,4600
9/12/2025,SCMAHDCZ5A,0,0,0,0,0
9/12/2025,SCMAZPCG6A,0,0,0,0,0
9/12/2025,SCNP,190,190,179,184,82600
9/12/2025,SCPI,0,0,0,0,0
9/12/2025,SDMU,73,73,72,72,4959200
9/12/2025,SDPC,132,133,131,131,33700
9/12/2025,SDRA,300,302,294,296,221100
9/12/2025,SEMA,99,99,97,99,1037800
9/12/2025,SFAN,1920,1925,1920,1920,72900
9/12/2025,SGER,346,346,334,340,88796200
9/12/2025,SGRO,4600,4780,4560,4710,2353100
9/12/2025,SHID,870,905,870,900,13800
9/12/2025,SHIP,4460,4490,3860,4080,770900
9/12/2025,SICO,120,121,119,119,1049400
9/12/2025,SIDO,535,545,530,540,32041400
9/12/2025,SIDODRCK6A,0,0,0,0,0
9/12/2025,SILO,2160,2200,2120,2200,646600
9/12/2025,SIMA,0,0,0,0,0
9/12/2025,SIMP,635,650,630,630,10759800
9/12/2025,SINI,3700,3800,3700,3800,105900
9/12/2025,SIPD,725,725,725,725,3300
9/12/2025,SKBM,358,358,340,354,20700
9/12/2025,SKLT,195,195,187,189,73100
9/12/2025,SKRN,406,406,404,406,95600
9/12/2025,SKYB,0,0,0,0,0
9/12/2025,SLIS,103,107,95,104,125585000
9/12/2025,SLIS-W,19,20,18,19,8309700
9/12/2025,SMAR,5675,5725,5600,5650,159300
9/12/2025,SMBR,296,302,294,298,18220300
9/12/2025,SMCB,0,0,0,0,0
9/12/2025,SMDM,840,840,795,825,487100
9/12/2025,SMDR,332,336,330,336,8413500
9/12/2025,SMGA,115,116,107,110,64593600
9/12/2025,SMGR,2830,2880,2810,2870,12843000
9/12/2025,SMGRBQCU5A,2,2,1,2,950500
9/12/2025,SMGRBQCX5B,0,0,0,0,0
9/12/2025,SMGRBQCZ5A,0,0,0,0,0
9/12/2025,SMGRDRCV5A,0,0,0,0,0
9/12/2025,SMGRHDCZ5A,0,0,0,0,0
9/12/2025,SMGRZPCJ6A,0,0,0,0,0
9/12/2025,SMIL,655,675,605,630,256154500
9/12/2025,SMKL,163,164,162,162,36700
9/12/2025,SMKM,170,170,170,170,12387600
9/12/2025,SMLE,153,176,150,171,33785700
9/12/2025,SMMA,15300,15650,15300,15600,11400
9/12/2025,SMMT,1210,1215,1200,1210,224800
9/12/2025,SMRA,452,460,446,452,50643000
9/12/2025,SMRADRCJ6A,33,33,32,32,7000
9/12/2025,SMRAHDCZ5A,0,0,0,0,0
9/12/2025,SMRAZPCH6A,0,0,0,0,0
9/12/2025,SMRU,0,0,0,0,0
9/12/2025,SMSM,1920,1920,1890,1890,381900
9/12/2025,SNLK,462,466,452,456,5670100
9/12/2025,SOCI,191,195,190,194,5253800
9/12/2025,SOFA,56,60,55,60,38523300
9/12/2025,SOHO,740,765,730,735,19500
9/12/2025,SOLA,141,146,139,145,32230800
9/12/2025,SONA,4320,4400,4100,4380,110300
9/12/2025,SOSS,0,0,0,0,0
9/12/2025,SOTS,286,346,280,346,1623900
9/12/2025,SOUL,93,97,90,90,1321600
9/12/2025,SPMA,290,290,282,284,329500
9/12/2025,SPRE,78,79,76,77,952100
9/12/2025,SPTO,675,680,670,680,199500
9/12/2025,SQMI,0,0,0,0,0
9/12/2025,SRAJ,8950,9000,8700,9000,2129700
9/12/2025,SRIL,0,0,0,0,0
9/12/2025,SRSN,68,69,65,66,24332200
9/12/2025,SRTG,1930,1990,1920,1925,6899100
9/12/2025,SRTGDRCK6A,106,106,103,103,40200
9/12/2025,SRTGHDCK6A,0,0,0,0,0
9/12/2025,SRTGZPCG6A,104,104,104,104,97800
9/12/2025,SRTGZPCK6A,0,0,0,0,0
9/12/2025,SSIA,2000,2010,1950,1960,26385100
9/12/2025,SSMS,1410,1445,1405,1430,8173500
9/12/2025,SSTM,294,300,280,288,453100
9/12/2025,STAA,1070,1090,1055,1060,10674700
9/12/2025,STAR,73,73,73,73,138400
9/12/2025,STRK,0,0,0,0,0
9/12/2025,STTP,10175,10200,10150,10200,900
9/12/2025,SUGI,0,0,0,0,0
9/12/2025,SULI,92,108,91,99,7454100
9/12/2025,SUNI,850,860,820,845,1318600
9/12/2025,SUPR,0,0,0,0,0
9/12/2025,SURE,2830,2840,2630,2780,26500
9/12/2025,SURI,108,115,96,112,333453000
9/12/2025,SWAT,0,0,0,0,0
9/12/2025,SWID,100,103,98,98,2479500
9/12/2025,TALF,392,404,374,388,43200
9/12/2025,TAMA,42,42,42,42,2790900
9/12/2025,TAMU,34,34,34,34,14284300
9/12/2025,TAPG,1495,1530,1490,1520,18649000
9/12/2025,TAPGDRCJ6A,81,81,81,81,100
9/12/2025,TAPGHDCH6A,0,0,0,0,0
9/12/2025,TAPGZPCH6A,0,0,0,0,0
9/12/2025,TARA,50,50,50,50,33899800
9/12/2025,TAXI,18,18,18,18,109323700
9/12/2025,TAYS,75,77,74,77,7808500
9/12/2025,TBIG,1860,1910,1850,1885,254600
9/12/2025,TBLA,745,745,730,740,2191200
9/12/2025,TBMS,1025,1030,1010,1025,81100
9/12/2025,TCID,2790,3090,2590,3040,378400
9/12/2025,TCPI,5800,5850,5775,5850,8009900
9/12/2025,TDPM,0,0,0,0,0
9/12/2025,TEBE,1880,1960,1750,1810,8835600
9/12/2025,TECH,0,0,0,0,0
9/12/2025,TELE,0,0,0,0,0
9/12/2025,TFAS,185,185,168,172,19668600
9/12/2025,TFCO,0,0,0,0,0
9/12/2025,TGKA,5700,5700,5675,5700,500
9/12/2025,TGRA,0,0,0,0,0
9/12/2025,TGUK,0,0,0,0,0
9/12/2025,TIFA,402,402,396,402,12400
9/12/2025,TINS,1080,1130,1080,1125,32045200
9/12/2025,TIRA,1515,1645,1415,1645,469900
9/12/2025,TIRT,0,0,0,0,0
9/12/2025,TKIM,7375,7450,7300,7325,817700
9/12/2025,TKIMHDCJ6A,0,0,0,0,0
9/12/2025,TKIMZPCG6A,111,113,109,109,170100
9/12/2025,TKIMZPCK6A,0,0,0,0,0
9/12/2025,TLDN,720,720,700,705,870300
9/12/2025,TLKM,3090,3110,3050,3100,61521400
9/12/2025,TLKMBQCV5A,0,0,0,0,0
9/12/2025,TLKMDRCJ6A,0,0,0,0,0
9/12/2025,TLKMDRCX6A,0,0,0,0,0
9/12/2025,TLKMHDCJ6A,50,52,50,51,8600
9/12/2025,TLKMHDCV5A,0,0,0,0,0
9/12/2025,TLKMZPCF6A,0,0,0,0,0
9/12/2025,TMAS,138,139,136,137,4883000
9/12/2025,TMPO,182,187,178,179,10655400
9/12/2025,TNCA,169,173,165,172,543100
9/12/2025,TOBA,1285,1315,1265,1270,124589500
9/12/2025,TOOL,63,66,62,63,6891000
9/12/2025,TOPS,0,0,0,0,0
9/12/2025,TOSK,66,67,63,66,45897000
9/12/2025,TOTL,770,785,765,770,3000800
9/12/2025,TOTO,260,260,256,258,1443800
9/12/2025,TOWR,590,595,580,585,13587000
9/12/2025,TOWRHDCK6A,0,0,0,0,0
9/12/2025,TOYS,0,0,0,0,0
9/12/2025,TPIA,7850,8050,7800,7900,7539100
9/12/2025,TPMA,580,585,575,575,5790800
9/12/2025,TRAM,0,0,0,0,0
9/12/2025,TRGU,174,174,170,170,297700
9/12/2025,TRIL,0,0,0,0,0
9/12/2025,TRIM,374,376,360,376,172500
9/12/2025,TRIN,93,94,90,93,1589900
9/12/2025,TRIN-W2,0,0,0,0,0
9/12/2025,TRIO,0,0,0,0,0
9/12/2025,TRIS,185,189,185,187,172300
9/12/2025,TRJA,138,139,136,137,557600
9/12/2025,TRON,89,92,89,91,5381400
9/12/2025,TRST,492,492,474,490,37700
9/12/2025,TRUE,44,48,44,48,18751400
9/12/2025,TRUK,278,284,260,282,2601800
9/12/2025,TRUS,478,482,474,476,24200
9/12/2025,TSPC,2260,2280,2230,2280,617400
9/12/2025,TUGU,970,975,965,970,1672700
9/12/2025,TYRE,128,129,125,128,101700
9/12/2025,UANG,2060,2060,2060,2060,1245800
9/12/2025,UCID,450,450,440,440,11045900
9/12/2025,UDNG,3090,3090,3090,3090,314200
9/12/2025,UFOE,177,183,175,177,137500
9/12/2025,ULTJ,1275,1280,1270,1275,2131600
9/12/2025,UNIC,8000,8000,7975,7975,300
9/12/2025,UNIQ,368,376,360,372,29417200
9/12/2025,UNIT,0,0,0,0,0
9/12/2025,UNSP,159,160,159,160,1728100
9/12/2025,UNTD,87,87,85,86,10714100
9/12/2025,UNTR,26650,26650,26175,26475,2220400
9/12/2025,UNTRBQCV5A,0,0,0,0,0
9/12/2025,UNTRDRCG6A,160,160,157,157,72600
9/12/2025,UNTRZPCJ6A,156,156,156,156,3000
9/12/2025,UNVR,1720,1725,1690,1695,10326000
9/12/2025,UNVRBQCU5A,8,9,7,7,4635900
9/12/2025,UNVRBQCZ5A,0,0,0,0,0
9/12/2025,UNVRDRCG6A,39,40,39,40,900100
9/12/2025,UNVRHDPG6A,0,0,0,0,0
9/12/2025,UNVRZPCH6A,45,45,45,45,22000
9/12/2025,URBN,138,146,137,139,105400
9/12/2025,UVCR,76,76,74,75,3124500
9/12/2025,VAST,194,195,189,189,3405900
9/12/2025,VAST-W,14,15,13,14,1833500
9/12/2025,VERN,125,127,121,123,2554700
9/12/2025,VERN-W,5,6,4,5,100988200
9/12/2025,VICI,625,630,620,625,517100
9/12/2025,VICO,186,220,186,206,17907600
9/12/2025,VINS,137,175,137,143,29356300
9/12/2025,VISI,147,154,147,152,7002700
9/12/2025,VIVA,37,42,37,42,38878700
9/12/2025,VKTR,119,120,116,116,11780200
9/12/2025,VOKS,0,0,0,0,0
9/12/2025,VRNA,89,92,85,88,4836800
9/12/2025,VTNY,105,106,101,103,11538200
9/12/2025,WAPO,172,176,171,174,3144800
9/12/2025,WEGE,76,78,73,75,43740400
9/12/2025,WEHA,115,116,114,114,640200
9/12/2025,WGSH,194,214,187,202,1869500
9/12/2025,WICO,0,0,0,0,0
9/12/2025,WIDI,46,49,46,49,47908600
9/12/2025,WIFI,2600,2660,2570,2600,55008700
9/12/2025,WIIM,800,810,800,800,1287800
9/12/2025,WIKA,0,0,0,0,0
9/12/2025,WINE,218,218,210,218,583600
9/12/2025,WINR,31,31,31,31,18718400
9/12/2025,WINS,408,410,406,408,1199100
9/12/2025,WIRG,183,185,176,176,855136500
9/12/2025,WMPP,0,0,0,0,0
9/12/2025,WMUU,24,24,24,24,10745800
9/12/2025,WOMF,344,344,340,344,45800
9/12/2025,WOOD,364,370,362,362,1579600
9/12/2025,WOWS,97,107,96,98,373438200
9/12/2025,WSBP,30,30,30,30,80571300
9/12/2025,WSKT,0,0,0,0,0
9/12/2025,WTON,105,106,103,104,10771400
9/12/2025,XAQA,0,0,0,0,0
9/12/2025,XBES,1032,1033,1032,1033,10200
9/12/2025,XBID,511,512,511,512,40900
9/12/2025,XBIG,0,0,0,0,0
9/12/2025,XBIN,581,581,581,581,40000
9/12/2025,XBLQ,0,0,0,0,0
9/12/2025,XBNI,0,0,0,0,0
9/12/2025,XBSK,453,453,453,453,40000
9/12/2025,XCEG,106,106,106,106,24000
9/12/2025,XCID,68,78,66,69,11905800
9/12/2025,XCIS,84,100,84,98,9400
9/12/2025,XCLQ,74,89,74,89,10300
9/12/2025,XDIF,0,0,0,0,0
9/12/2025,XIFE,103,103,103,103,100
9/12/2025,XIHD,628,632,628,632,6000
9/12/2025,XIIC,0,0,0,0,0
9/12/2025,XIID,0,0,0,0,0
9/12/2025,XIIF,467,467,467,467,100
9/12/2025,XIIT,510,635,500,635,33400
9/12/2025,XIJI,0,0,0,0,0
9/12/2025,XILV,104,130,104,112,11200
9/12/2025,XIML,247,256,228,248,102500
9/12/2025,XIPB,0,0,0,0,0
9/12/2025,XIPI,0,0,0,0,0
9/12/2025,XISB,0,0,0,0,0
9/12/2025,XISC,0,0,0,0,0
9/12/2025,XISI,0,0,0,0,0
9/12/2025,XISR,449,449,449,449,100
9/12/2025,XKID,946,946,946,946,100
9/12/2025,XKIV,595,595,595,595,40000
9/12/2025,XKMS,1130,1137,1129,1137,201000
9/12/2025,XMGB,1120,1120,1120,1120,1000
9/12/2025,XMIG,216,216,216,216,200000
9/12/2025,XMLF,885,885,884,884,40500
9/12/2025,XMSK,386,392,386,392,1600
9/12/2025,XNVE,0,0,0,0,0
9/12/2025,XPDV,561,639,561,575,700
9/12/2025,XPFT,0,0,0,0,0
9/12/2025,XPIN,644,644,644,644,100
9/12/2025,XPLQ,434,513,434,513,200
9/12/2025,XPSG,0,0,0,0,0
9/12/2025,XPTD,469,469,469,469,5300
9/12/2025,XSBC,100,114,97,100,2741600
9/12/2025,XSPI,0,0,0,0,0
9/12/2025,XSSI,79,82,76,81,1069100
9/12/2025,XSSK,705,705,705,705,20000
9/12/2025,YELO,68,68,68,68,13013900
9/12/2025,YOII,96,105,92,94,16419800
9/12/2025,YPAS,0,0,0,0,0
9/12/2025,YULE,2690,2700,2500,2700,1900
9/12/2025,YUPI,1605,1610,1585,1600,14500
9/12/2025,ZATA,30,30,30,30,9346900
9/12/2025,ZBRA,0,0,0,0,0
9/12/2025,ZINC,33,33,33,33,17904900
9/12/2025,ZONE,740,750,740,750,122500
9/12/2025,ZYRX,146,155,141,149,4796800
