<date>,<ticker>,<open>,<high>,<low>,<close>,<volume>
10/27/2025,IHSG,8322.220,8354.670,7959.170,8117.151,37726836800
10/27/2025,AADI,7850,8200,7775,7975,29506000
10/27/2025,AADIDRCN6A,97,99,90,92,2271800
10/27/2025,AADIHDCK6A,95,102,90,95,5971000
10/27/2025,AADIYUCK6A,0,0,0,0,0
10/27/2025,AALI,8000,8075,7700,7975,2512800
10/27/2025,ABBA,64,64,61,61,2084100
10/27/2025,ABDA,0,0,0,0,0
10/27/2025,ABMM,2840,2850,2800,2820,941000
10/27/2025,ACES,446,460,436,450,95923300
10/27/2025,ACESBQCX5B,4,6,4,5,9557500
10/27/2025,ACESBQCZ5A,16,16,14,16,192800
10/27/2025,ACESDRCJ6A,12,14,12,13,22333900
10/27/2025,ACESHDCZ5A,21,21,21,21,100
10/27/2025,ACESZPCJ6A,19,19,19,19,2003100
10/27/2025,ACRO,86,87,84,85,6544400
10/27/2025,ACRO-W,8,8,7,8,8237000
10/27/2025,ACST,136,142,133,135,7139400
10/27/2025,ADCP,56,58,54,56,44091100
10/27/2025,ADES,16150,16500,14300,15925,318600
10/27/2025,ADHI,268,272,260,264,20311200
10/27/2025,ADMF,8750,8750,8625,8625,87800
10/27/2025,ADMG,148,160,142,150,9967200
10/27/2025,ADMR,1325,1460,1320,1420,177413600
10/27/2025,ADMRDRCJ6A,63,79,63,74,6027400
10/27/2025,ADMRHDCJ6A,100,119,99,119,1110700
10/27/2025,ADMRZPCH6A,91,100,88,98,797100
10/27/2025,ADRO,1760,1815,1735,1785,126426000
10/27/2025,ADROBQCG6A,0,0,0,0,0
10/27/2025,ADROBQCZ5A,9,10,8,8,1020400
10/27/2025,ADRODRCJ6A,51,51,50,50,30100
10/27/2025,ADRODRCX5A,32,32,29,31,56100
10/27/2025,ADROHDCZ5A,41,41,41,41,3400
10/27/2025,ADROHDPH6A,100,103,100,103,400000
10/27/2025,ADROYUCZ5A,48,48,48,48,100
10/27/2025,ADROZPCF6A,22,22,20,20,1531800
10/27/2025,ADROZPCK6A,50,51,47,48,3500
10/27/2025,AEGS,58,58,52,54,111220200
10/27/2025,AGAR,244,244,232,240,177300
10/27/2025,AGII,1425,1425,1380,1380,704000
10/27/2025,AGRO,228,230,218,228,25625000
10/27/2025,AGRS,69,70,68,69,1811100
10/27/2025,AHAP,94,94,88,91,49282100
10/27/2025,AIMS,510,575,442,466,9647000
10/27/2025,AISA,147,148,140,142,14704100
10/27/2025,AKKU,29,29,29,29,89100
10/27/2025,AKPI,585,600,570,585,6400
10/27/2025,AKRA,1230,1260,1210,1215,70441000
10/27/2025,AKRABQCX5B,22,23,19,21,16518800
10/27/2025,AKRADRCX5A,25,27,23,24,1670500
10/27/2025,AKRAHDCH6A,58,58,53,53,370900
10/27/2025,AKRAZPCJ6A,43,45,43,45,5400
10/27/2025,AKRAZPCM6A,38,38,37,38,323100
10/27/2025,AKRAZPCX5A,0,0,0,0,0
10/27/2025,AKSI,414,434,376,414,1948700
10/27/2025,ALDO,510,510,500,500,20700
10/27/2025,ALII,565,565,540,540,2825400
10/27/2025,ALKA,356,356,336,356,35700
10/27/2025,ALMI,0,0,0,0,0
10/27/2025,ALTO,0,0,0,0,0
10/27/2025,AMAG,378,382,370,380,2355400
10/27/2025,AMAN,156,158,145,147,3759000
10/27/2025,AMAR,226,228,222,228,661300
10/27/2025,AMFG,3630,3650,3520,3650,14000
10/27/2025,AMIN,294,296,254,276,2448800
10/27/2025,AMMN,7700,7700,7125,7200,34505100
10/27/2025,AMMNBQCZ5A,17,17,11,12,19719600
10/27/2025,AMMNDRCJ6A,51,52,45,45,50800
10/27/2025,AMMNHDCH6A,76,76,76,76,500
10/27/2025,AMMNZPCG6A,32,33,29,29,1733000
10/27/2025,AMMS,376,410,376,410,2871400
10/27/2025,AMOR,422,426,418,420,470800
10/27/2025,AMRT,2200,2210,2100,2130,31208600
10/27/2025,AMRTBQCH6A,31,31,29,30,8300
10/27/2025,AMRTDRCZ5A,0,0,0,0,0
10/27/2025,AMRTHDCJ6A,21,21,18,19,2877400
10/27/2025,AMRTZPCK6A,0,0,0,0,0
10/27/2025,AMRTZPCX5A,0,0,0,0,0
10/27/2025,ANDI,24,24,24,24,6066100
10/27/2025,ANJT,2170,2200,2090,2130,1008300
10/27/2025,ANTM,3150,3210,3100,3150,84512600
10/27/2025,ANTMBQCX5A,37,39,33,33,1997800
10/27/2025,ANTMBQCZ5A,0,0,0,0,0
10/27/2025,ANTMDRCG6A,42,43,40,40,108200
10/27/2025,ANTMDRCG6B,53,55,53,55,600300
10/27/2025,ANTMDRCX5A,322,322,310,310,600
10/27/2025,ANTMDRPZ5A,28,28,28,28,741500
10/27/2025,ANTMHDCH6A,77,77,75,75,13000
10/27/2025,ANTMHDCH6B,122,122,117,117,81200
10/27/2025,ANTMHDPH6A,60,64,59,62,45600
10/27/2025,ANTMZPCJ6A,70,72,68,68,184900
10/27/2025,ANTMZPCK6A,29,30,27,29,495800
10/27/2025,ANTMZPCX5A,195,195,185,185,80200
10/27/2025,APEX,132,133,126,131,31034800
10/27/2025,APIC,1145,1150,1115,1115,4603800
10/27/2025,APII,188,188,183,186,57500
10/27/2025,APLI,478,488,442,472,113800
10/27/2025,APLN,101,102,99,99,6484400
10/27/2025,ARCI,1195,1235,1145,1170,76649700
10/27/2025,AREA,540,540,510,510,1167700
10/27/2025,ARGO,1070,1165,1015,1040,49900
10/27/2025,ARII,270,278,260,268,252500
10/27/2025,ARKA,30,30,29,30,3258200
10/27/2025,ARKO,1395,1395,1340,1355,1588400
10/27/2025,ARMY,0,0,0,0,0
10/27/2025,ARNA,535,545,530,545,8532800
10/27/2025,ARTA,3230,3230,3010,3010,3600
10/27/2025,ARTI,0,0,0,0,0
10/27/2025,ARTO,2070,2170,2060,2160,17079600
10/27/2025,ARTOBQCX5B,0,0,0,0,0
10/27/2025,ARTOBQCZ5A,8,10,7,10,4203900
10/27/2025,ARTODRCK6A,66,66,66,66,287500
10/27/2025,ARTODRCX5A,40,43,39,43,231900
10/27/2025,ARTOHDCZ5A,0,0,0,0,0
10/27/2025,ARTOZPCK6A,39,43,39,43,1526800
10/27/2025,ARTOZPCX5A,0,0,0,0,0
10/27/2025,ASBI,484,484,470,474,18700
10/27/2025,ASDM,565,585,565,570,176700
10/27/2025,ASGR,1140,1170,1135,1165,2421200
10/27/2025,ASHA,65,65,64,64,18232700
10/27/2025,ASII,6600,6725,6375,6600,64262300
10/27/2025,ASIIBQCZ5A,204,210,204,210,1000
10/27/2025,ASIIDRCX5A,199,199,199,199,30000
10/27/2025,ASIIDRCX6A,0,0,0,0,0
10/27/2025,ASIIHDCZ5A,0,0,0,0,0
10/27/2025,ASIIZPCJ6A,187,187,176,176,100000
10/27/2025,ASIIZPCM6A,47,47,44,45,1255500
10/27/2025,ASJT,128,175,128,133,12266400
10/27/2025,ASLC,99,111,98,103,775484400
10/27/2025,ASLI,176,188,172,188,32788300
10/27/2025,ASMI,27,27,26,26,2666200
10/27/2025,ASPI,0,0,0,0,0
10/27/2025,ASPR,103,103,98,100,6428400
10/27/2025,ASRI,162,165,160,163,28640700
10/27/2025,ASRM,392,420,380,384,718400
10/27/2025,ASSA,1095,1140,1055,1100,26898600
10/27/2025,ATAP,93,93,92,92,221900
10/27/2025,ATIC,438,440,412,428,354800
10/27/2025,ATLA,69,70,66,67,125293000
10/27/2025,AUTO,2440,2530,2420,2490,7044200
10/27/2025,AUTODRCV6A,0,0,0,0,0
10/27/2025,AUTOZPCJ6A,39,41,38,38,1500000
10/27/2025,AVIA,416,420,412,416,14058500
10/27/2025,AVIADRCV6A,0,0,0,0,0
10/27/2025,AVIAZPCJ6A,0,0,0,0,0
10/27/2025,AWAN,244,254,238,250,24101600
10/27/2025,AXIO,123,125,121,122,320800
10/27/2025,AYAM,180,180,175,179,107466300
10/27/2025,AYLS,0,0,0,0,0
10/27/2025,BABP,53,54,52,53,8455600
10/27/2025,BABY,402,500,398,498,32246900
10/27/2025,BACA,140,144,137,141,1641100
10/27/2025,BAIK,102,109,99,103,3146600
10/27/2025,BAIK-W,10,11,9,10,18209200
10/27/2025,BAJA,159,159,151,153,3873000
10/27/2025,BALI,1240,1240,1170,1225,141300
10/27/2025,BANK,830,845,825,845,5421700
10/27/2025,BANK-W,705,705,705,705,100
10/27/2025,BAPA,72,73,62,66,12831400
10/27/2025,BAPI,23,23,22,22,3013600
10/27/2025,BATA,55,55,55,55,7400
10/27/2025,BATR,107,110,106,107,2190700
10/27/2025,BAUT,40,41,40,41,2923000
10/27/2025,BAYU,1310,1335,1310,1335,695900
10/27/2025,BBCA,8325,8425,8200,8350,182275600
10/27/2025,BBCABQCG6A,80,83,75,78,4777100
10/27/2025,BBCABQCX5A,11,11,8,10,2868500
10/27/2025,BBCADRCF6A,34,34,31,33,1206300
10/27/2025,BBCADRCX6A,3920,3920,3920,3920,400
10/27/2025,BBCAHDCQ7A,68,68,62,66,550100
10/27/2025,BBCAYUCK6A,191,191,191,191,1100
10/27/2025,BBCAZPCF6A,24,24,20,22,3862900
10/27/2025,BBCAZPCH6A,81,82,77,80,2825100
10/27/2025,BBHI,1495,1495,1450,1490,901600
10/27/2025,BBKP,69,71,66,68,180738800
10/27/2025,BBLD,915,920,910,915,121800
10/27/2025,BBMD,2110,2110,2110,2110,200
10/27/2025,BBNI,4440,4450,4270,4370,102355700
10/27/2025,BBNIBQCG6A,72,72,71,71,11000
10/27/2025,BBNIDRCX6A,0,0,0,0,0
10/27/2025,BBNIDRCZ5A,47,48,45,48,45600
10/27/2025,BBNIDRPZ5A,45,45,45,45,1300
10/27/2025,BBNIHDCQ7A,86,86,86,86,30000
10/27/2025,BBNIZPCH6A,93,94,88,91,11900
10/27/2025,BBNIZPCX5A,0,0,0,0,0
10/27/2025,BBRI,3880,3930,3750,3860,332539600
10/27/2025,BBRIBQCJ6A,46,46,46,46,1010000
10/27/2025,BBRIBQCZ5A,28,28,24,26,6200
10/27/2025,BBRIDRCG6A,81,81,74,74,125600
10/27/2025,BBRIDRCN6A,94,94,91,92,8700
10/27/2025,BBRIDRCX5A,77,77,77,77,4000
10/27/2025,BBRIDRCX6A,2070,2070,2070,2070,100
10/27/2025,BBRIDRPZ5A,46,51,46,51,133300
10/27/2025,BBRIHDCH6A,0,0,0,0,0
10/27/2025,BBRIHDCQ7A,81,81,74,76,149500
10/27/2025,BBRIZPCH6A,77,77,66,71,583600
10/27/2025,BBRIZPCX5A,0,0,0,0,0
10/27/2025,BBRM,88,92,85,85,11388700
10/27/2025,BBSI,4050,4150,4000,4020,14400
10/27/2025,BBSS,390,396,350,358,326300
10/27/2025,BBTN,1215,1235,1190,1205,50417800
10/27/2025,BBTNDRCV6A,0,0,0,0,0
10/27/2025,BBTNHDCZ5A,79,79,79,79,100
10/27/2025,BBTNYUCZ5A,0,0,0,0,0
10/27/2025,BBTNZPCG6A,38,38,35,36,150400
10/27/2025,BBYB,378,404,362,398,244751700
10/27/2025,BCAP,54,55,53,53,24942800
10/27/2025,BCIC,152,154,152,152,209600
10/27/2025,BCIP,109,114,106,112,61136400
10/27/2025,BDKR,164,170,161,165,34026300
10/27/2025,BDMN,2390,2390,2360,2380,1049500
10/27/2025,BEBS,0,0,0,0,0
10/27/2025,BEEF,520,530,424,476,36236300
10/27/2025,BEER,131,132,117,118,4568300
10/27/2025,BEKS,25,25,25,25,59897700
10/27/2025,BELI,370,376,368,376,1149600
10/27/2025,BELL,63,64,62,63,9206700
10/27/2025,BESS,1525,1585,1480,1550,106600
10/27/2025,BEST,107,109,105,106,8697700
10/27/2025,BFIN,780,790,765,780,63511800
10/27/2025,BFINDRCK6A,0,0,0,0,0
10/27/2025,BFINHDCM6A,0,0,0,0,0
10/27/2025,BFINZPCM6A,21,21,19,20,97000
10/27/2025,BGTG,114,116,110,112,31635000
10/27/2025,BHAT,960,960,940,945,1539900
10/27/2025,BHIT,33,34,33,34,6408200
10/27/2025,BIKA,0,0,0,0,0
10/27/2025,BIKE,945,950,890,900,3248800
10/27/2025,BIMA,81,81,70,70,177900
10/27/2025,BINA,4410,4490,4410,4490,2800
10/27/2025,BINO,134,139,126,132,1518900
10/27/2025,BIPI,87,88,80,84,1003522100
10/27/2025,BIPP,42,43,42,43,156300
10/27/2025,BIRD,1810,1830,1775,1780,1898700
10/27/2025,BISI,875,885,870,880,360500
10/27/2025,BJBR,790,795,775,790,5630200
10/27/2025,BJTM,520,530,515,525,16075000
10/27/2025,BKDP,40,40,38,40,62000
10/27/2025,BKSL,128,130,117,130,621887400
10/27/2025,BKSW,63,63,61,63,4484400
10/27/2025,BLES,164,165,158,163,6000400
10/27/2025,BLOG,500,505,490,505,2589400
10/27/2025,BLTA,33,34,33,33,3359900
10/27/2025,BLTZ,0,0,0,0,0
10/27/2025,BLUE,0,0,0,0,0
10/27/2025,BMAS,665,665,660,665,6900
10/27/2025,BMBL,43,45,43,44,5925800
10/27/2025,BMHS,161,163,156,156,2975800
10/27/2025,BMRI,4590,4600,4410,4470,245576100
10/27/2025,BMRIBQCJ6A,0,0,0,0,0
10/27/2025,BMRIBQCZ5A,13,13,8,10,9202800
10/27/2025,BMRIDRCG6A,103,103,87,89,4522800
10/27/2025,BMRIDRCX5A,29,29,26,26,500
10/27/2025,BMRIDRCX6A,2060,2060,2000,2010,36900
10/27/2025,BMRIHDCQ7A,80,80,73,73,11000
10/27/2025,BMRIYUCK6A,106,106,106,106,8400
10/27/2025,BMRIZPCH6A,49,49,43,44,1309300
10/27/2025,BMRIZPCX5A,16,16,12,12,687300
10/27/2025,BMSR,322,328,310,320,184800
10/27/2025,BMTR,144,144,140,144,39457000
10/27/2025,BNBA,630,635,605,615,1429000
10/27/2025,BNBR,45,45,41,41,38302700
10/27/2025,BNGA,1720,1720,1695,1700,4013500
10/27/2025,BNGADRCK6A,0,0,0,0,0
10/27/2025,BNGAZPCH6A,42,42,42,42,100000
10/27/2025,BNII,204,204,200,204,2109300
10/27/2025,BNLI,5900,6150,5025,5450,412800
10/27/2025,BOAT,118,120,113,117,3319400
10/27/2025,BOBA,212,212,200,200,871000
10/27/2025,BOGA,500,500,494,494,46900
10/27/2025,BOLA,190,195,181,188,373100
10/27/2025,BOLT,1050,1055,1050,1055,11300
10/27/2025,BOSS,0,0,0,0,0
10/27/2025,BPFI,324,324,320,320,29800
10/27/2025,BPII,550,550,545,550,98300
10/27/2025,BPTR,96,97,92,93,581400
10/27/2025,BRAM,5075,5400,5050,5050,11600
10/27/2025,BREN,9050,9075,7800,8900,156992400
10/27/2025,BRIS,2650,2650,2550,2600,13353300
10/27/2025,BRISBQCZ5A,0,0,0,0,0
10/27/2025,BRISDRCJ6A,38,38,38,38,40900
10/27/2025,BRISHDCH6A,0,0,0,0,0
10/27/2025,BRISHDCZ5A,0,0,0,0,0
10/27/2025,BRISZPCG6A,35,35,35,35,30000
10/27/2025,BRMS,890,945,840,865,1027531000
10/27/2025,BRMSBQCZ5A,0,0,0,0,0
10/27/2025,BRMSDRCG6A,37,45,32,34,6333900
10/27/2025,BRMSDRCJ6A,158,167,140,140,1115700
10/27/2025,BRMSDRPX5A,2,3,1,2,11520700
10/27/2025,BRMSHDCH6A,262,262,262,262,100
10/27/2025,BRMSHDCZ5A,0,0,0,0,0
10/27/2025,BRMSZPCG6A,252,266,220,228,33400
10/27/2025,BRNA,720,720,700,700,25100
10/27/2025,BRPT,3650,3680,3120,3300,370527600
10/27/2025,BRPTBQCV5A,805,820,805,820,400
10/27/2025,BRPTBQCX5B,224,268,154,268,89900
10/27/2025,BRPTBQCZ5A,1340,1340,1130,1170,1400
10/27/2025,BRPTDRCF6A,378,378,360,360,200
10/27/2025,BRPTDRCJ6A,224,224,169,188,1399800
10/27/2025,BRPTDRCX5A,430,430,370,370,1400
10/27/2025,BRPTHDCH6A,282,282,256,276,1952200
10/27/2025,BRPTHDCH6B,0,0,0,0,0
10/27/2025,BRPTHDPG6A,76,110,75,97,5375800
10/27/2025,BRPTYUCZ5A,200,200,200,200,100
10/27/2025,BRPTZPCF6A,460,460,438,438,300
10/27/2025,BRPTZPCK6A,86,86,64,70,1324000
10/27/2025,BRPTZPCX5A,555,555,488,488,600
10/27/2025,BRRC,151,151,120,151,165989200
10/27/2025,BRRC-W,31,31,26,31,60586200
10/27/2025,BSBK,72,75,68,69,96016600
10/27/2025,BSDE,955,975,945,960,14974900
10/27/2025,BSDEBQCK6A,33,33,33,33,530000
10/27/2025,BSDEDRCG6A,0,0,0,0,0
10/27/2025,BSDEDRCJ6A,31,31,30,30,950000
10/27/2025,BSDEHDCM6A,31,32,31,32,595000
10/27/2025,BSDEZPCH6A,45,45,44,44,6300
10/27/2025,BSIM,870,885,850,875,50300
10/27/2025,BSML,162,165,159,164,17450200
10/27/2025,BSSR,3990,4000,3960,3990,747600
10/27/2025,BSWD,1000,1000,1000,1000,200
10/27/2025,BTEK,17,17,16,16,92359900
10/27/2025,BTEL,0,0,0,0,0
10/27/2025,BTON,398,398,384,390,14600
10/27/2025,BTPN,2140,2350,2070,2260,366900
10/27/2025,BTPS,1385,1390,1330,1380,7560900
10/27/2025,BTPSDRCK6A,0,0,0,0,0
10/27/2025,BTPSHDCJ6A,0,0,0,0,0
10/27/2025,BTPSZPCH6A,0,0,0,0,0
10/27/2025,BUAH,700,745,665,740,2898200
10/27/2025,BUDI,214,214,210,210,34800
10/27/2025,BUKA,166,169,162,168,187609600
10/27/2025,BUKABQCZ5B,13,13,12,13,6339800
10/27/2025,BUKADRCK6A,15,16,14,15,19330800
10/27/2025,BUKAHDCZ5A,0,0,0,0,0
10/27/2025,BUKAZPCM6A,36,36,35,35,172500
10/27/2025,BUKK,920,920,900,920,16000
10/27/2025,BULL,348,348,290,290,46680200
10/27/2025,BUMI,135,137,128,132,1246959300
10/27/2025,BUVA,765,865,650,720,514454700
10/27/2025,BVIC,106,107,103,103,3353200
10/27/2025,BVIC-W,27,27,23,24,45800
10/27/2025,BWPT,151,153,137,141,315271500
10/27/2025,BYAN,18200,18225,18000,18075,27900
10/27/2025,CAKK,180,180,170,173,3175800
10/27/2025,CAMP,214,216,210,212,1474500
10/27/2025,CANI,50,50,45,45,62500
10/27/2025,CARE,308,316,304,308,19013900
10/27/2025,CARS,133,133,126,130,80401200
10/27/2025,CASA,1120,1130,1080,1100,2937400
10/27/2025,CASH,101,104,95,99,1438400
10/27/2025,CASS,2450,2550,2430,2480,54000
10/27/2025,CBDK,6125,6225,5550,5950,27219100
10/27/2025,CBMF,0,0,0,0,0
10/27/2025,CBPE,300,370,256,260,18337200
10/27/2025,CBRE,1660,1730,1420,1525,200462100
10/27/2025,CBUT,1315,1335,1295,1315,17700
10/27/2025,CCSI,366,368,342,350,498100
10/27/2025,CDIA,1895,1965,1590,1765,633916000
10/27/2025,CEKA,2560,2560,2500,2510,15500
10/27/2025,CENT,142,146,133,139,33680300
10/27/2025,CFIN,316,324,312,316,2941300
10/27/2025,CGAS,149,156,143,147,22304700
10/27/2025,CHEK,187,189,182,182,6021100
10/27/2025,CHEM,95,96,90,90,4839400
10/27/2025,CHIP,1390,1405,1260,1350,391700
10/27/2025,CINT,153,166,150,152,1116700
10/27/2025,CITA,4870,5300,4800,5000,1235500
10/27/2025,CITY,168,170,152,158,10909200
10/27/2025,CLAY,3640,3640,3100,3100,298800
10/27/2025,CLEO,545,550,515,525,11017600
10/27/2025,CLPI,1275,1310,1255,1300,266300
10/27/2025,CMNP,1330,1335,1295,1305,120700
10/27/2025,CMNP-W,308,320,300,320,6200
10/27/2025,CMNT,780,780,760,770,23229900
10/27/2025,CMPP,107,107,98,98,338500
10/27/2025,CMRY,5150,5175,5025,5125,1337500
10/27/2025,CMRYDRCK6A,0,0,0,0,0
10/27/2025,CMRYZPCJ6A,0,0,0,0,0
10/27/2025,CNKO,90,90,80,80,69734500
10/27/2025,CNMA,117,117,114,114,35571100
10/27/2025,CNTB,0,0,0,0,0
10/27/2025,CNTX,0,0,0,0,0
10/27/2025,COAL,60,60,56,56,10631300
10/27/2025,COCO,400,440,332,356,298790200
10/27/2025,COIN,2940,2970,2480,2600,151441500
10/27/2025,COWL,0,0,0,0,0
10/27/2025,CPIN,5250,5250,5025,5125,6289200
10/27/2025,CPINDRCG6A,86,86,80,80,650000
10/27/2025,CPINZPCJ6A,51,51,51,51,13000
10/27/2025,CPRI,0,0,0,0,0
10/27/2025,CPRO,61,62,58,59,267840500
10/27/2025,CRAB,286,288,280,288,4796600
10/27/2025,CRSN,111,117,109,112,2041300
10/27/2025,CSAP,384,384,330,336,6890600
10/27/2025,CSIS,226,226,214,216,2553900
10/27/2025,CSMI,316,316,286,292,18535100
10/27/2025,CSRA,930,940,885,900,3994100
10/27/2025,CTBN,0,0,0,0,0
10/27/2025,CTRA,895,910,885,900,16917500
10/27/2025,CTRADRCJ6A,14,14,14,14,35100
10/27/2025,CTRAHDCK6A,31,31,31,31,5600
10/27/2025,CTRAYUCZ5A,0,0,0,0,0
10/27/2025,CTRAZPCG6A,0,0,0,0,0
10/27/2025,CTTH,87,87,79,87,15456000
10/27/2025,CUAN,2190,2230,1870,2030,309639300
10/27/2025,CYBR,1305,1340,1295,1315,15138800
10/27/2025,CYBR-W,950,950,845,920,12000
10/27/2025,DAAZ,2720,2730,2630,2630,400400
10/27/2025,DADA,50,50,50,50,25522300
10/27/2025,DART,158,160,154,159,54300
10/27/2025,DATA,5575,5600,5125,5275,4085200
10/27/2025,DAYA,1195,1230,1175,1200,109500
10/27/2025,DCII,273900,273900,273850,273900,1100
10/27/2025,DEAL,0,0,0,0,0
10/27/2025,DEFI,0,0,0,0,0
10/27/2025,DEPO,290,298,268,274,838900
10/27/2025,DEWA,316,320,286,296,841894200
10/27/2025,DEWI,118,122,111,116,64939900
10/27/2025,DFAM,80,80,72,74,11165800
10/27/2025,DGIK,99,102,95,100,11068100
10/27/2025,DGNS,150,151,147,150,1865400
10/27/2025,DGWG,410,424,410,416,15372000
10/27/2025,DIGI,34,34,32,32,1728300
10/27/2025,DILD,131,134,130,131,8846400
10/27/2025,DIVA,228,228,210,220,6575300
10/27/2025,DKFT,735,750,715,750,25271900
10/27/2025,DKHH,86,88,82,84,13964800
10/27/2025,DKHH-W,17,18,16,17,5238000
10/27/2025,DLTA,2020,2050,2000,2030,173000
10/27/2025,DMAS,132,135,131,133,73759200
10/27/2025,DMMX,398,400,378,390,3118200
10/27/2025,DMND,590,595,585,590,56200
10/27/2025,DNAR,116,117,113,114,1054800
10/27/2025,DNET,9150,9275,9000,9050,17100
10/27/2025,DOID,332,342,326,330,6927300
10/27/2025,DOOH,142,143,130,135,59329300
10/27/2025,DOSS,152,152,146,147,1872900
10/27/2025,DPNS,310,310,308,308,272500
10/27/2025,DPUM,64,65,62,63,840400
10/27/2025,DRMA,1070,1200,1040,1120,20565400
10/27/2025,DSFI,87,88,83,84,7883500
10/27/2025,DSNG,1725,1740,1565,1650,31334700
10/27/2025,DSNGDRCK6A,81,81,69,69,80900
10/27/2025,DSNGHDCK6A,0,0,0,0,0
10/27/2025,DSNGZPCM6A,0,0,0,0,0
10/27/2025,DSSA,102300,102450,86600,88800,2238500
10/27/2025,DUCK,0,0,0,0,0
10/27/2025,DUTI,4250,4340,4240,4240,13700
10/27/2025,DVLA,1710,1715,1690,1700,322600
10/27/2025,DWGL,406,406,406,406,5503000
10/27/2025,DYAN,89,90,87,88,1180700
10/27/2025,EAST,94,94,92,93,1040100
10/27/2025,ECII,183,183,177,181,262400
10/27/2025,EDGE,4540,4740,4460,4530,87900
10/27/2025,EKAD,184,184,181,183,73200
10/27/2025,ELIT,179,182,175,177,6558300
10/27/2025,ELPI,446,458,442,450,1467200
10/27/2025,ELSA,510,525,500,510,41663700
10/27/2025,ELSADRCG6A,0,0,0,0,0
10/27/2025,ELSADRCJ6A,35,35,35,35,15000
10/27/2025,ELSAHDCK6A,0,0,0,0,0
10/27/2025,ELSAZPCG6A,33,33,31,31,20500
10/27/2025,ELTY,21,21,20,21,50748100
10/27/2025,EMAS,4300,4330,4070,4150,29226300
10/27/2025,EMDE,97,98,94,96,819500
10/27/2025,EMTK,1110,1120,1000,1070,233853900
10/27/2025,EMTKBQCH6A,21,21,15,17,131000
10/27/2025,EMTKBQCZ5A,280,280,280,280,200
10/27/2025,EMTKDRCK6A,44,44,35,41,3187200
10/27/2025,EMTKHDCK6A,49,50,49,50,82000
10/27/2025,EMTKHDCZ5A,193,193,175,193,400
10/27/2025,EMTKZPCH6A,128,146,108,146,78700
10/27/2025,EMTKZPCM6A,37,37,30,34,276500
10/27/2025,ENAK,700,700,675,690,947800
10/27/2025,ENRG,920,940,790,820,325553700
10/27/2025,ENRGBQCZ5A,0,0,0,0,0
10/27/2025,ENRGDRCG6A,31,31,19,21,9749100
10/27/2025,ENRGDRCJ6A,0,0,0,0,0
10/27/2025,ENRGHDCK6A,89,89,66,66,156600
10/27/2025,ENRGHDCZ5A,0,0,0,0,0
10/27/2025,ENRGZPCG6A,0,0,0,0,0
10/27/2025,ENRGZPCK6A,40,40,40,40,700
10/27/2025,ENVY,0,0,0,0,0
10/27/2025,ENZO,42,42,41,41,6443900
10/27/2025,EPAC,25,25,25,25,1565100
10/27/2025,EPMT,2310,2310,2290,2290,32700
10/27/2025,ERAA,428,430,414,416,46336100
10/27/2025,ERAABQCZ5A,10,10,8,8,477100
10/27/2025,ERAADRCJ6A,9,9,7,8,8749600
10/27/2025,ERAAHDCZ5A,0,0,0,0,0
10/27/2025,ERAAZPCH6A,17,17,15,15,555500
10/27/2025,ERAL,298,302,290,296,11093000
10/27/2025,ERTX,179,184,166,170,2649000
10/27/2025,ESIP,113,113,109,110,5026400
10/27/2025,ESSA,610,615,580,590,50112700
10/27/2025,ESSABQCZ5A,0,0,0,0,0
10/27/2025,ESSADRCN6A,30,30,28,29,2510400
10/27/2025,ESSAHDCH6A,44,44,44,44,1500000
10/27/2025,ESSAYUCZ5A,28,28,25,25,1100
10/27/2025,ESSAZPCK6A,16,16,15,15,135100
10/27/2025,ESTA,200,200,200,200,6797900
10/27/2025,ESTI,125,125,120,125,1652700
10/27/2025,ETWA,0,0,0,0,0
10/27/2025,EURO,404,444,404,428,313000
10/27/2025,EXCL,2600,2600,2440,2450,15128300
10/27/2025,EXCLHDCJ6A,25,26,21,21,400200
10/27/2025,EXCLZPCF6A,0,0,0,0,0
10/27/2025,EXCLZPCM6A,26,27,25,25,35600
10/27/2025,FAPA,6225,6300,6225,6275,13600
10/27/2025,FAST,740,780,590,615,91069100
10/27/2025,FASW,0,0,0,0,0
10/27/2025,FILM,5600,5725,4830,5450,5317400
10/27/2025,FIMP,0,0,0,0,0
10/27/2025,FIRE,85,86,81,82,8321000
10/27/2025,FISH,1860,1860,1650,1760,78200
10/27/2025,FITT,1115,1120,960,1065,536800
10/27/2025,FLMC,185,200,185,199,10901700
10/27/2025,FMII,366,366,364,364,8400
10/27/2025,FOLK,208,210,208,210,8735700
10/27/2025,FOOD,310,310,310,310,595900
10/27/2025,FORE,535,545,510,540,11768200
10/27/2025,FORU,1155,1285,1105,1170,902300
10/27/2025,FPNI,191,194,188,189,565600
10/27/2025,FUJI,755,755,755,755,2433400
10/27/2025,FUTR,720,750,620,700,147825400
10/27/2025,FWCT,151,153,142,145,8249300
10/27/2025,GAMA,0,0,0,0,0
10/27/2025,GDST,116,117,112,114,2208000
10/27/2025,GDYR,1095,1105,1065,1065,503900
10/27/2025,GEMA,99,100,92,97,19359200
10/27/2025,GEMS,8975,9050,8875,8950,120100
10/27/2025,GGRM,12350,13950,12350,13700,8996700
10/27/2025,GGRMZPCG6A,99,137,99,130,15405700
10/27/2025,GGRP,224,224,210,220,1008900
10/27/2025,GHON,1720,1720,1670,1670,18500
10/27/2025,GIAA,113,113,105,105,97701400
10/27/2025,GJTL,1065,1075,1015,1040,19979200
10/27/2025,GJTLZPCJ6A,24,24,20,22,1121100
10/27/2025,GLOB,0,0,0,0,0
10/27/2025,GLVA,350,358,344,346,93100
10/27/2025,GMFI,99,99,93,93,19922300
10/27/2025,GMTD,2160,2160,2070,2070,1000
10/27/2025,GOLD,294,298,280,286,650900
10/27/2025,GOLF,200,202,199,200,688000
10/27/2025,GOLL,0,0,0,0,0
10/27/2025,GOOD,364,364,360,360,404000
10/27/2025,GOTO,56,57,54,55,5325151600
10/27/2025,GOTOBQCJ6A,8,8,6,7,1696000
10/27/2025,GOTOBQCZ5A,3,4,3,4,4944500
10/27/2025,GOTODRCG6A,7,7,6,7,543700
10/27/2025,GOTOHDCK6A,14,15,13,13,1800700
10/27/2025,GOTOM,0,0,0,0,0
10/27/2025,GOTOZPCH6A,22,30,20,30,4575900
10/27/2025,GOTOZPCK6A,12,12,10,11,97000
10/27/2025,GPRA,127,127,118,121,25417800
10/27/2025,GPSO,710,875,700,845,73497900
10/27/2025,GRIA,111,112,108,110,1627400
10/27/2025,GRPH,65,65,63,63,4533900
10/27/2025,GRPM,62,66,59,62,5742500
10/27/2025,GRPM-W,16,17,15,16,9126700
10/27/2025,GSMF,86,89,85,87,685600
10/27/2025,GTBO,210,228,200,202,806900
10/27/2025,GTRA,310,330,292,322,3998100
10/27/2025,GTSI,128,132,115,120,303517600
10/27/2025,GULA,426,440,380,384,6106200
10/27/2025,GUNA,272,282,268,274,3414500
10/27/2025,GWSA,137,144,137,140,174200
10/27/2025,GZCO,286,294,260,274,163913100
10/27/2025,HADE,24,24,22,22,1782900
10/27/2025,HAIS,210,214,204,210,3840000
10/27/2025,HAJJ,119,120,112,113,9779200
10/27/2025,HAJJ-W,15,16,14,14,6745600
10/27/2025,HALO,129,133,117,124,148980100
10/27/2025,HALO-W,17,17,16,17,4740800
10/27/2025,HATM,268,284,266,280,43842700
10/27/2025,HBAT,160,180,157,169,1605200
10/27/2025,HDFA,168,169,160,167,204600
10/27/2025,HDIT,54,54,52,54,2360800
10/27/2025,HEAL,1485,1505,1465,1500,24502400
10/27/2025,HEALBQCZ5A,0,0,0,0,0
10/27/2025,HEALDRCJ6A,30,30,29,29,306500
10/27/2025,HEALHDCH6A,95,95,95,95,200
10/27/2025,HEALYUCZ5A,29,29,27,28,280500
10/27/2025,HEALZPCH6A,46,46,44,44,1800
10/27/2025,HELI,238,254,232,242,319600
10/27/2025,HERO,590,600,550,555,135200
10/27/2025,HEXA,4670,4670,4580,4630,292300
10/27/2025,HGII,166,167,159,159,9845600
10/27/2025,HILL,158,159,152,158,2219300
10/27/2025,HITS,0,0,0,0,0
10/27/2025,HKMU,0,0,0,0,0
10/27/2025,HMSP,800,860,790,835,402217900
10/27/2025,HOKI,79,80,76,77,82145500
10/27/2025,HOME,0,0,0,0,0
10/27/2025,HOMI,428,496,422,460,4187400
10/27/2025,HOPE,131,131,118,118,15541300
10/27/2025,HOTL,0,0,0,0,0
10/27/2025,HRME,40,42,36,36,308000
10/27/2025,HRTA,1250,1300,1205,1220,23008900
10/27/2025,HRUM,1095,1125,1070,1105,30374400
10/27/2025,HRUMDRCN6A,43,47,41,42,5241500
10/27/2025,HRUMHDCK6A,52,56,52,53,900200
10/27/2025,HRUMZPCG6A,63,63,57,58,218800
10/27/2025,HRUMZPCM6A,35,36,31,31,34600
10/27/2025,HUMI,131,136,125,126,125727500
10/27/2025,HUMI-W,21,22,19,20,28929500
10/27/2025,HYGN,165,165,160,165,722100
10/27/2025,IATA,69,70,69,70,10025300
10/27/2025,IATA-W,0,0,0,0,0
10/27/2025,IBFN,45,45,45,45,896100
10/27/2025,IBOS,53,54,49,51,9537200
10/27/2025,IBST,5625,5625,5500,5500,400
10/27/2025,ICBP,8800,8975,8750,8850,8921900
10/27/2025,ICBPDRCX6A,0,0,0,0,0
10/27/2025,ICBPHDCJ6A,31,31,27,27,983300
10/27/2025,ICBPZPCX5A,7,7,6,6,3731800
10/27/2025,ICON,49,49,46,48,42700
10/27/2025,IDEA,81,81,67,68,17200300
10/27/2025,IDPR,442,464,394,418,4879000
10/27/2025,IFII,222,226,220,220,298700
10/27/2025,IFSH,795,830,795,795,4200
10/27/2025,IGAR,500,505,498,498,12100
10/27/2025,IIKP,0,0,0,0,0
10/27/2025,IKAI,16,16,15,15,70260000
10/27/2025,IKAN,109,115,103,105,18733700
10/27/2025,IKBI,530,585,515,550,1443600
10/27/2025,IKPM,234,238,232,232,914000
10/27/2025,IMAS,1150,1150,1095,1110,230200
10/27/2025,IMJS,246,248,232,234,16801100
10/27/2025,IMPC,2810,2820,2380,2380,86790800
10/27/2025,INAF,0,0,0,0,0
10/27/2025,INAI,153,154,146,152,231600
10/27/2025,INCF,46,46,44,44,1167800
10/27/2025,INCI,620,630,615,615,205300
10/27/2025,INCO,4270,4330,4200,4280,6327600
10/27/2025,INCOBQCF6A,75,75,75,75,13500
10/27/2025,INCOBQCJ6A,55,55,52,53,82000
10/27/2025,INCODRCG6A,83,85,82,82,13200
10/27/2025,INCODRCK6A,91,91,90,90,23000
10/27/2025,INCODRCX5A,120,120,120,120,3000
10/27/2025,INCOHDCJ6A,107,107,107,107,20000
10/27/2025,INCOYUCZ5A,0,0,0,0,0
10/27/2025,INCOZPCK6A,53,53,53,53,20000
10/27/2025,INCOZPCX5A,186,188,186,188,2900
10/27/2025,INDF,7300,7450,7300,7450,12897100
10/27/2025,INDFDRCX6A,3700,3790,3700,3720,2900
10/27/2025,INDFHDCJ6A,22,22,21,21,32500
10/27/2025,INDO,240,252,228,234,44021600
10/27/2025,INDR,3370,3370,3120,3290,38700
10/27/2025,INDS,226,230,224,228,387500
10/27/2025,INDX,179,200,161,171,55800900
10/27/2025,INDY,2250,2260,2130,2190,25150500
10/27/2025,INDYDRCN6A,118,118,105,110,581800
10/27/2025,INDYHDCJ6A,232,232,232,232,4500
10/27/2025,INDYZPCG6A,120,120,112,115,45400
10/27/2025,INET,300,302,274,282,352322900
10/27/2025,INET-W,200,208,186,190,7030100
10/27/2025,INKP,7600,7625,7400,7625,4453400
10/27/2025,INKPBQCX5A,0,0,0,0,0
10/27/2025,INKPDRCF6A,160,163,157,163,123000
10/27/2025,INKPDRCG6A,67,67,66,66,4900
10/27/2025,INKPHDCK6A,0,0,0,0,0
10/27/2025,INKPZPCF6A,0,0,0,0,0
10/27/2025,INKPZPCK6A,32,32,30,30,23900
10/27/2025,INOV,97,98,96,97,640400
10/27/2025,INPC,154,155,148,152,11165200
10/27/2025,INPP,650,700,640,690,157500
10/27/2025,INPS,146,146,146,146,1254000
10/27/2025,INRU,695,720,695,710,182100
10/27/2025,INTA,43,43,42,42,681800
10/27/2025,INTD,222,222,212,218,21000
10/27/2025,INTP,6450,6525,6300,6350,1210400
10/27/2025,INTPDRCN6A,0,0,0,0,0
10/27/2025,INTPHDCM6A,0,0,0,0,0
10/27/2025,INTPZPCG6A,0,0,0,0,0
10/27/2025,INTPZPCM6A,0,0,0,0,0
10/27/2025,IOTF,88,89,83,85,23706800
10/27/2025,IPAC,346,346,346,346,166000
10/27/2025,IPCC,1175,1200,1150,1170,3485700
10/27/2025,IPCM,308,312,308,312,1786700
10/27/2025,IPOL,139,140,137,139,82000
10/27/2025,IPPE,0,0,0,0,0
10/27/2025,IPTV,39,39,39,39,14959400
10/27/2025,IRRA,466,468,448,452,1748400
10/27/2025,IRSX,228,228,206,210,12956900
10/27/2025,ISAP,33,34,32,33,59193300
10/27/2025,ISAP-W,18,18,16,17,33035500
10/27/2025,ISAT,1920,1945,1850,1945,9654100
10/27/2025,ISATBQCJ6A,0,0,0,0,0
10/27/2025,ISATDRCG6A,0,0,0,0,0
10/27/2025,ISATDRCX5A,0,0,0,0,0
10/27/2025,ISATHDCJ6A,15,15,12,14,16612400
10/27/2025,ISATZPCF6A,0,0,0,0,0
10/27/2025,ISEA,90,93,82,84,13818600
10/27/2025,ISSP,438,444,424,432,4334000
10/27/2025,ITIC,378,410,366,386,33354700
10/27/2025,ITMA,1360,1365,1285,1360,1048200
10/27/2025,ITMG,22700,22875,22575,22725,974600
10/27/2025,ITMGDRCV6A,148,148,145,145,16200
10/27/2025,ITMGHDCJ6A,142,143,139,141,17100
10/27/2025,ITMGZPCJ6A,60,60,58,59,607500
10/27/2025,JARR,4900,4960,3850,3930,65823100
10/27/2025,JAST,86,88,83,83,2198200
10/27/2025,JATI,114,114,108,109,3609500
10/27/2025,JAWA,169,170,157,157,6479700
10/27/2025,JAYA,107,108,103,104,2977600
10/27/2025,JECC,1240,1300,1150,1155,150400
10/27/2025,JGLE,17,18,17,18,55405200
10/27/2025,JIHD,585,590,565,570,921900
10/27/2025,JKON,87,89,84,85,15741300
10/27/2025,JMAS,186,191,163,167,13131100
10/27/2025,JPFA,2680,2710,2410,2650,23414400
10/27/2025,JPFABQCZ5A,0,0,0,0,0
10/27/2025,JPFADRCJ6A,155,158,145,145,223400
10/27/2025,JPFAHDCZ5A,446,452,446,452,800
10/27/2025,JPFAZPCG6A,242,242,240,240,60000
10/27/2025,JRPT,860,865,845,860,324000
10/27/2025,JSKY,0,0,0,0,0
10/27/2025,JSMR,3860,3900,3780,3860,8189800
10/27/2025,JSMRDRCK6A,79,82,77,79,1474800
10/27/2025,JSMRHDCH6A,0,0,0,0,0
10/27/2025,JSMRZPCG6A,50,51,50,50,39600
10/27/2025,JSPT,3560,3590,3350,3430,14000
10/27/2025,JTPE,340,340,336,338,539000
10/27/2025,KAEF,625,630,605,615,3003300
10/27/2025,KAQI,67,67,65,66,10908200
10/27/2025,KARW,565,565,565,565,559700
10/27/2025,KAYU,0,0,0,0,0
10/27/2025,KBAG,45,45,43,44,5051800
10/27/2025,KBLI,324,326,318,322,219100
10/27/2025,KBLM,354,362,354,360,146300
10/27/2025,KBLV,204,224,174,210,121618700
10/27/2025,KBRI,0,0,0,0,0
10/27/2025,KDSI,460,486,458,472,35200
10/27/2025,KDTN,112,151,111,144,32960500
10/27/2025,KEEN,990,1015,950,990,6029900
10/27/2025,KEJU,800,800,735,755,2115200
10/27/2025,KETR,560,590,545,580,13952800
10/27/2025,KIAS,0,0,0,0,0
10/27/2025,KICI,202,208,190,197,1271700
10/27/2025,KIJA,183,189,181,183,44250500
10/27/2025,KING,212,214,208,210,268800
10/27/2025,KING-W,13,14,12,13,7777900
10/27/2025,KINO,1250,1250,1215,1230,19700
10/27/2025,KIOS,68,69,65,65,4800900
10/27/2025,KJEN,199,202,191,198,3007200
10/27/2025,KKES,31,31,30,30,1122500
10/27/2025,KKGI,358,360,316,322,55030200
10/27/2025,KLAS,134,139,132,137,15569000
10/27/2025,KLBF,1240,1290,1220,1275,147021500
10/27/2025,KLBFBQCJ6A,49,49,48,48,3600
10/27/2025,KLBFDRCG6A,19,20,15,19,2634500
10/27/2025,KLBFHDCK6A,68,71,68,71,8500
10/27/2025,KLBFZPCF6A,17,19,16,19,363700
10/27/2025,KLBFZPCJ6A,27,27,23,26,66600
10/27/2025,KLIN,182,183,167,180,952400
10/27/2025,KMDS,715,715,665,700,85700
10/27/2025,KMTR,300,302,294,294,117100
10/27/2025,KOBX,151,152,148,150,1215200
10/27/2025,KOCI,88,89,83,87,8214500
10/27/2025,KOCI-W,18,18,17,17,2708900
10/27/2025,KOIN,86,86,85,85,231700
10/27/2025,KOKA,0,0,0,0,0
10/27/2025,KONI,0,0,0,0,0
10/27/2025,KOPI,304,310,300,302,168700
10/27/2025,KOTA,33,33,31,31,10535900
10/27/2025,KPIG,150,151,142,143,109627500
10/27/2025,KRAS,326,328,312,320,15228500
10/27/2025,KREN,17,17,16,16,12107400
10/27/2025,KRYA,198,202,181,188,30971500
10/27/2025,KSIX,256,280,240,270,375000
10/27/2025,KUAS,66,66,62,64,2556600
10/27/2025,LABA,270,290,262,290,28454300
10/27/2025,LABS,143,144,139,141,1855600
10/27/2025,LAJU,68,68,65,66,14824300
10/27/2025,LAND,37,37,36,36,944600
10/27/2025,LAPD,236,236,210,214,7786400
10/27/2025,LCGP,0,0,0,0,0
10/27/2025,LCKM,216,216,208,208,2000
10/27/2025,LEAD,84,89,80,82,42384800
10/27/2025,LFLO,480,500,452,500,94400
10/27/2025,LIFE,9400,9400,8950,9025,9500
10/27/2025,LINK,2790,2790,2610,2790,11700
10/27/2025,LION,418,438,404,406,294500
10/27/2025,LIVE,183,183,172,178,4397700
10/27/2025,LMAS,0,0,0,0,0
10/27/2025,LMAX,90,90,74,78,6567700
10/27/2025,LMPI,147,147,141,145,198600
10/27/2025,LMSH,0,0,0,0,0
10/27/2025,LOPI,95,102,91,102,22657800
10/27/2025,LPCK,595,600,580,600,498800
10/27/2025,LPGI,780,790,720,770,111400
10/27/2025,LPIN,464,468,454,464,260400
10/27/2025,LPKR,92,93,89,90,131412500
10/27/2025,LPLI,755,900,640,640,2597900
10/27/2025,LPPF,1695,1720,1665,1685,2460900
10/27/2025,LPPS,133,133,112,120,22149200
10/27/2025,LRNA,183,187,179,179,179000
10/27/2025,LSIP,1380,1390,1360,1365,4637000
10/27/2025,LSIPDRCK6A,0,0,0,0,0
10/27/2025,LSIPHDCJ6A,46,46,46,46,1700
10/27/2025,LSIPYUCZ5A,49,49,49,49,100
10/27/2025,LSIPZPCG6A,0,0,0,0,0
10/27/2025,LTLS,855,855,845,850,29900
10/27/2025,LUCK,100,100,93,97,1668800
10/27/2025,LUCY,100,105,98,100,271900
10/27/2025,MABA,0,0,0,0,0
10/27/2025,MAGP,0,0,0,0,0
10/27/2025,MAHA,140,141,138,139,6397900
10/27/2025,MAIN,925,935,845,890,11974100
10/27/2025,MANG,63,65,58,64,2333700
10/27/2025,MANG-W,23,23,22,23,3495300
10/27/2025,MAPA,630,670,620,665,61330000
10/27/2025,MAPABQCZ5A,14,16,14,15,46300
10/27/2025,MAPADRCJ6A,16,18,15,17,3047500
10/27/2025,MAPAHDCZ5A,20,20,20,20,100
10/27/2025,MAPAZPCH6A,34,34,34,34,100
10/27/2025,MAPB,1560,1605,1560,1600,2900
10/27/2025,MAPI,1190,1205,1160,1185,33528100
10/27/2025,MAPIDRCX5A,8,9,6,8,3776200
10/27/2025,MAPIHDCK6A,62,62,62,62,500
10/27/2025,MAPIZPCJ6A,45,45,45,45,500
10/27/2025,MARI,36,36,35,35,704700
10/27/2025,MARK,655,680,650,665,16572700
10/27/2025,MASA,0,0,0,0,0
10/27/2025,MASB,3320,3320,3280,3320,400
10/27/2025,MAXI,55,56,54,55,7686000
10/27/2025,MAYA,246,250,236,238,7127400
10/27/2025,MBAP,1625,1630,1595,1600,224700
10/27/2025,MBMA,590,610,555,610,251873300
10/27/2025,MBMABQCX5A,35,40,29,40,4219200
10/27/2025,MBMADRCG6A,23,27,19,26,19266000
10/27/2025,MBMADRCX5A,69,70,69,70,20100
10/27/2025,MBMADRPX5A,3,4,2,3,3804500
10/27/2025,MBMAHDCH6A,0,0,0,0,0
10/27/2025,MBMAYUCK6A,124,124,124,124,100
10/27/2025,MBMAZPCK6A,35,35,32,35,411300
10/27/2025,MBMAZPCX5A,117,117,117,117,400
10/27/2025,MBSS,1410,1430,1350,1415,1933600
10/27/2025,MBTO,230,238,216,222,3940800
10/27/2025,MCAS,860,875,805,810,356300
10/27/2025,MCOL,3800,3860,3750,3780,22900
10/27/2025,MCOR,71,72,70,72,6824300
10/27/2025,MDIA,33,34,33,33,3216400
10/27/2025,MDIY,1045,1050,1035,1035,2014700
10/27/2025,MDKA,2220,2250,2100,2250,52975100
10/27/2025,MDKABQCX5B,11,11,7,10,23445600
10/27/2025,MDKADRCG6A,55,55,45,54,397000
10/27/2025,MDKADRCK6A,50,58,49,58,104300
10/27/2025,MDKADRPX5A,18,18,18,18,100
10/27/2025,MDKAHDCZ5A,84,84,72,84,621900
10/27/2025,MDKAHDPH6A,0,0,0,0,0
10/27/2025,MDKAHDPJ6A,0,0,0,0,0
10/27/2025,MDKAYUCK6A,0,0,0,0,0
10/27/2025,MDKAZPCF6A,48,48,41,41,1097500
10/27/2025,MDKI,187,190,184,186,1672800
10/27/2025,MDLA,256,260,238,242,13203400
10/27/2025,MDLN,63,64,60,62,19156700
10/27/2025,MDRN,51,51,45,45,16844000
10/27/2025,MEDC,1375,1380,1295,1330,64215600
10/27/2025,MEDCBQCX5B,20,20,15,15,7104200
10/27/2025,MEDCBQCZ5A,22,22,21,21,250800
10/27/2025,MEDCDRCG6A,33,33,31,31,106100
10/27/2025,MEDCHDCH6A,96,96,92,92,12300
10/27/2025,MEDCZPCF6A,36,36,29,33,1480900
10/27/2025,MEDS,72,72,69,71,9952100
10/27/2025,MEGA,3270,3280,3270,3270,8800
10/27/2025,MEJA,0,0,0,0,0
10/27/2025,MEJA-W,0,0,0,0,0
10/27/2025,MENN,52,59,51,53,24754600
10/27/2025,MERI,224,224,216,218,3889700
10/27/2025,MERK,2920,2920,2850,2870,34800
10/27/2025,META,0,0,0,0,0
10/27/2025,MFMI,0,0,0,0,0
10/27/2025,MGLV,346,412,346,378,564800
10/27/2025,MGNA,60,60,55,55,17702600
10/27/2025,MGNA-W,46,46,45,45,51100
10/27/2025,MGRO,760,770,755,760,5023300
10/27/2025,MHKI,250,250,220,234,41917800
10/27/2025,MICE,540,650,530,650,1410900
10/27/2025,MIDI,418,428,410,416,4794000
10/27/2025,MIKA,2560,2590,2510,2530,3167000
10/27/2025,MIKADRCV6A,63,63,63,63,700
10/27/2025,MIKAZPCG6A,0,0,0,0,0
10/27/2025,MINA,187,202,168,176,343153000
10/27/2025,MINE,510,510,488,494,2361600
10/27/2025,MIRA,33,33,31,31,10020500
10/27/2025,MITI,318,324,300,308,4424600
10/27/2025,MKAP,348,348,336,342,863700
10/27/2025,MKNT,0,0,0,0,0
10/27/2025,MKPI,24425,24425,23250,24250,6800
10/27/2025,MKTR,155,158,144,146,3157400
10/27/2025,MKTR-W,6,7,3,3,26860800
10/27/2025,MLBI,5950,5975,5875,5900,21600
10/27/2025,MLIA,344,346,344,344,2781900
10/27/2025,MLPL,138,140,127,133,317556500
10/27/2025,MLPT,84750,84750,73500,74025,57900
10/27/2025,MMIX,256,256,222,226,6699800
10/27/2025,MMLP,560,560,555,560,4927900
10/27/2025,MNCN,266,266,256,260,22404700
10/27/2025,MNCNDRCN6A,0,0,0,0,0
10/27/2025,MNCNHDCM6A,27,27,26,26,1000
10/27/2025,MNCNZPCM6A,11,12,11,11,30200
10/27/2025,MOLI,308,312,288,308,6601000
10/27/2025,MORA,0,0,0,0,0
10/27/2025,MPIX,67,68,66,66,14162500
10/27/2025,MPIX-W,10,10,9,10,851200
10/27/2025,MPMX,940,950,935,945,3024500
10/27/2025,MPOW,112,114,110,112,470500
10/27/2025,MPPA,64,65,60,63,43451100
10/27/2025,MPRO,6600,6600,6375,6600,88500
10/27/2025,MPXL,210,262,202,258,38552500
10/27/2025,MRAT,448,448,424,426,512700
10/27/2025,MREI,995,1000,955,960,98400
10/27/2025,MSIE,52,58,52,58,20194300
10/27/2025,MSIN,520,520,486,490,33153700
10/27/2025,MSJA,300,300,296,298,1394200
10/27/2025,MSKY,83,86,78,81,26393400
10/27/2025,MSTI,1540,1545,1510,1535,2737300
10/27/2025,MTDL,605,605,590,595,7507100
10/27/2025,MTEL,570,570,555,565,4044400
10/27/2025,MTELDRCK6A,15,15,15,15,100100
10/27/2025,MTELHDCM6A,19,19,19,19,3000
10/27/2025,MTELZPCM6A,14,14,14,14,15800
10/27/2025,MTFN,16,16,15,15,64686600
10/27/2025,MTLA,438,440,428,440,69000
10/27/2025,MTMH,1220,1220,1145,1145,97400
10/27/2025,MTPS,72,72,67,72,4755600
10/27/2025,MTRA,0,0,0,0,0
10/27/2025,MTSM,0,0,0,0,0
10/27/2025,MTWI,350,350,340,348,34800
10/27/2025,MUTU,103,105,101,103,4459000
10/27/2025,MYOH,1650,1700,1620,1620,70300
10/27/2025,MYOR,2130,2150,2090,2140,5535400
10/27/2025,MYORDRCK6A,0,0,0,0,0
10/27/2025,MYORHDCM6A,0,0,0,0,0
10/27/2025,MYORZPCH6A,30,30,28,30,250300
10/27/2025,MYTX,0,0,0,0,0
10/27/2025,NAIK,120,122,115,118,10512300
10/27/2025,NAIK-W,22,22,20,22,1837500
10/27/2025,NANO,50,56,50,55,11742900
10/27/2025,NASA,31,34,31,34,1281600
10/27/2025,NASI,107,107,99,101,8716400
10/27/2025,NATO,149,150,142,148,8476100
10/27/2025,NAYZ,163,175,151,172,10875000
10/27/2025,NCKL,1245,1275,1200,1240,59643900
10/27/2025,NCKLBQCM6A,55,55,52,52,3200
10/27/2025,NCKLDRCK6A,63,63,56,59,2489700
10/27/2025,NCKLHDCK6A,83,85,81,84,7000
10/27/2025,NCKLYUCZ5A,0,0,0,0,0
10/27/2025,NCKLZPCJ6A,89,89,86,87,1700
10/27/2025,NCKLZPCM6A,42,43,39,39,1075300
10/27/2025,NELY,360,376,358,362,192800
10/27/2025,NEST,350,366,344,354,20915500
10/27/2025,NETV,110,110,105,107,3334700
10/27/2025,NFCX,1805,1950,1715,1730,201500
10/27/2025,NICE,440,440,422,430,3663900
10/27/2025,NICK,1245,1490,1215,1345,415700
10/27/2025,NICL,1060,1070,1010,1040,4818200
10/27/2025,NIKL,356,358,338,340,2814000
10/27/2025,NINE,0,0,0,0,0
10/27/2025,NIRO,274,342,270,274,12989700
10/27/2025,NISP,1355,1365,1345,1350,4235300
10/27/2025,NOBU,500,505,490,496,10915500
10/27/2025,NPGF,61,62,59,60,8298400
10/27/2025,NRCA,750,760,670,695,12450400
10/27/2025,NSSS,505,505,482,500,7966600
10/27/2025,NTBK,135,135,134,134,106807700
10/27/2025,NUSA,0,0,0,0,0
10/27/2025,NZIA,110,110,103,107,2515500
10/27/2025,OASA,238,248,220,220,208117800
10/27/2025,OBAT,530,535,500,525,4000200
10/27/2025,OBAT-W,170,173,159,170,349600
10/27/2025,OBMD,254,256,248,250,1264800
10/27/2025,OCAP,0,0,0,0,0
10/27/2025,OILS,216,230,210,212,14677800
10/27/2025,OKAS,160,161,152,154,9458500
10/27/2025,OLIV,122,123,111,114,22903800
10/27/2025,OMED,186,189,183,187,2380600
10/27/2025,OMRE,476,476,476,476,100
10/27/2025,OPMS,104,105,89,98,14100100
10/27/2025,PACK,2560,2800,2310,2430,7799000
10/27/2025,PADA,118,118,118,118,78454100
10/27/2025,PADI,79,79,76,79,12176300
10/27/2025,PALM,386,386,376,384,664500
10/27/2025,PAMG,65,69,63,64,12934500
10/27/2025,PANI,14075,14200,13100,13700,22418100
10/27/2025,PANIBQCZ5A,25,28,20,24,930300
10/27/2025,PANIDRCG6A,67,68,59,59,71500
10/27/2025,PANIHDCJ6A,99,100,86,94,29474700
10/27/2025,PANIHDCZ5A,124,125,118,125,8200
10/27/2025,PANIZPCJ6A,62,62,52,56,18301900
10/27/2025,PANR,670,670,635,635,1112700
10/27/2025,PANS,1390,1395,1380,1380,152000
10/27/2025,PART,119,119,113,116,49550400
10/27/2025,PART-W,16,16,15,16,9886400
10/27/2025,PBID,490,490,484,484,530000
10/27/2025,PBRX,36,36,33,36,11337900
10/27/2025,PBSA,915,920,855,875,4270800
10/27/2025,PCAR,38,38,34,34,2292500
10/27/2025,PDES,0,0,0,0,0
10/27/2025,PDPP,400,406,358,384,742400
10/27/2025,PEGE,127,129,122,122,2610400
10/27/2025,PEHA,350,350,332,334,252800
10/27/2025,PEVE,555,565,494,510,3053800
10/27/2025,PGAS,1725,1745,1680,1700,51018500
10/27/2025,PGASBQCZ5A,0,0,0,0,0
10/27/2025,PGASDRCG6A,62,63,56,57,1261500
10/27/2025,PGASDRCG6B,79,79,79,79,5000
10/27/2025,PGASHDCK6A,61,61,61,61,10000
10/27/2025,PGASZPCJ6A,0,0,0,0,0
10/27/2025,PGEO,1325,1335,1260,1285,39861000
10/27/2025,PGEOBQCX5B,5,5,3,4,19376400
10/27/2025,PGEODRCJ6A,29,29,25,25,864900
10/27/2025,PGEOHDCH6A,34,34,34,34,100
10/27/2025,PGEOHDCH6B,0,0,0,0,0
10/27/2025,PGEOHDPH6A,0,0,0,0,0
10/27/2025,PGEOYUCK6A,72,72,72,72,100
10/27/2025,PGEOZPCJ6A,37,37,37,37,300
10/27/2025,PGEOZPCM6A,39,40,39,40,100500
10/27/2025,PGJO,1100,1125,1035,1080,2656200
10/27/2025,PGLI,0,0,0,0,0
10/27/2025,PGUN,18500,18500,14025,14025,807700
10/27/2025,PICO,244,246,222,236,1922100
10/27/2025,PIPA,380,386,336,336,94721300
10/27/2025,PJAA,535,540,520,530,323100
10/27/2025,PKPK,580,585,535,570,184500
10/27/2025,PLAN,46,47,44,45,4669900
10/27/2025,PLAS,0,0,0,0,0
10/27/2025,PLIN,0,0,0,0,0
10/27/2025,PMJS,119,119,115,115,284200
10/27/2025,PMMP,0,0,0,0,0
10/27/2025,PMUI,155,162,151,157,23415400
10/27/2025,PNBN,1030,1030,990,1005,26173500
10/27/2025,PNBS,53,53,51,52,16722600
10/27/2025,PNGO,3150,3200,3030,3030,77200
10/27/2025,PNIN,795,795,780,795,475100
10/27/2025,PNLF,240,244,234,238,74993200
10/27/2025,PNLFBQCM6A,19,19,17,17,6174200
10/27/2025,PNLFDRCJ6A,11,11,9,10,450300
10/27/2025,PNLFHDCZ5A,29,29,29,29,100
10/27/2025,PNLFZPCH6A,0,0,0,0,0
10/27/2025,PNSE,760,795,715,740,14800
10/27/2025,POLA,37,37,35,35,3202100
10/27/2025,POLI,740,740,700,740,3700
10/27/2025,POLL,0,0,0,0,0
10/27/2025,POLU,24000,26400,22675,25800,75100
10/27/2025,POLY,27,27,25,25,1198800
10/27/2025,POOL,0,0,0,0,0
10/27/2025,PORT,1355,1355,1155,1190,137000
10/27/2025,POSA,0,0,0,0,0
10/27/2025,POWR,710,730,695,705,14599200
10/27/2025,PPGL,132,138,124,134,2314500
10/27/2025,PPRE,119,145,119,138,650675900
10/27/2025,PPRI,372,376,344,362,13684300
10/27/2025,PPRO,0,0,0,0,0
10/27/2025,PRAY,765,795,745,795,158000
10/27/2025,PRDA,2610,2620,2580,2610,97400
10/27/2025,PRIM,81,82,78,79,9441500
10/27/2025,PSAB,570,585,550,560,79184500
10/27/2025,PSAT,1345,1360,1325,1335,1123200
10/27/2025,PSDN,107,108,102,104,4044700
10/27/2025,PSGO,268,268,254,262,1959000
10/27/2025,PSKT,120,120,110,116,26721100
10/27/2025,PSSI,348,350,344,350,283000
10/27/2025,PTBA,2350,2370,2300,2340,30696100
10/27/2025,PTBABQCV5A,2,2,1,1,5573500
10/27/2025,PTBADRCG6A,21,21,16,16,278000
10/27/2025,PTBAHDCM6A,0,0,0,0,0
10/27/2025,PTBAYUCZ5A,74,74,73,73,4400
10/27/2025,PTBAZPCH6A,0,0,0,0,0
10/27/2025,PTDU,0,0,0,0,0
10/27/2025,PTIS,410,410,396,396,25600
10/27/2025,PTMP,85,86,81,83,14382000
10/27/2025,PTMR,0,0,0,0,0
10/27/2025,PTPP,390,392,376,386,25763300
10/27/2025,PTPS,216,224,197,202,59033000
10/27/2025,PTPW,970,980,960,960,59500
10/27/2025,PTRO,7225,7375,6100,6475,357028400
10/27/2025,PTRODRCG6A,208,214,33,168,4448500
10/27/2025,PTROHDCK6A,380,380,276,306,15723800
10/27/2025,PTROYUCK6A,286,290,286,290,1400
10/27/2025,PTROZPCK6A,210,210,141,156,4872100
10/27/2025,PTSN,448,448,402,408,7121600
10/27/2025,PTSP,945,970,900,925,9300
10/27/2025,PUDP,0,0,0,0,0
10/27/2025,PURA,26,26,25,25,13877000
10/27/2025,PURE,0,0,0,0,0
10/27/2025,PURI,266,378,266,372,53131500
10/27/2025,PWON,368,370,364,368,42998800
10/27/2025,PWONDRCN6A,0,0,0,0,0
10/27/2025,PWONHDCZ5A,0,0,0,0,0
10/27/2025,PWONZPCH6A,29,29,28,28,388400
10/27/2025,PYFA,525,535,490,535,51206300
10/27/2025,PYFA-W,121,121,113,116,223900
10/27/2025,PZZA,268,268,252,258,2446400
10/27/2025,R-ABFII,0,0,0,0,0
10/27/2025,R-LQ45X,1050,1050,995,1003,7400
10/27/2025,RAAM,284,286,272,280,8307800
10/27/2025,RAFI,30,30,30,30,13371700
10/27/2025,RAJA,4490,4520,3780,3890,126945100
10/27/2025,RAJADRCG6A,214,214,142,152,4994800
10/27/2025,RAJAHDCK6A,200,200,149,159,2947000
10/27/2025,RAJAZPCK6A,102,102,75,89,2487600
10/27/2025,RALS,428,438,422,434,15895400
10/27/2025,RANC,1015,1015,830,835,1432700
10/27/2025,RATU,8075,8150,6825,6850,48080300
10/27/2025,RBMS,36,36,35,35,343200
10/27/2025,RCCC,234,254,232,238,1574800
10/27/2025,RDTX,12025,12275,12000,12275,1400
10/27/2025,REAL,73,93,73,93,3061954500
10/27/2025,RELF,43,45,40,42,15257700
10/27/2025,RELI,610,630,610,610,3900
10/27/2025,RGAS,96,97,94,97,22650400
10/27/2025,RICY,66,66,66,66,103400
10/27/2025,RIGS,825,825,790,795,238500
10/27/2025,RIMO,0,0,0,0,0
10/27/2025,RISE,15100,15100,10725,10725,6701600
10/27/2025,RMKE,2710,2710,2400,2710,2602500
10/27/2025,RMKO,210,230,210,230,2982000
10/27/2025,ROCK,555,575,555,575,20900
10/27/2025,RODA,43,45,43,45,420400
10/27/2025,RONY,3890,3890,3190,3800,43100
10/27/2025,ROTI,795,805,790,800,395800
10/27/2025,RSCH,402,408,376,386,9911100
10/27/2025,RSGK,0,0,0,0,0
10/27/2025,RUIS,204,210,197,199,459100
10/27/2025,RUNS,93,96,92,92,166800
10/27/2025,SAFE,177,181,174,178,859700
10/27/2025,SAGE,34,34,33,34,1533300
10/27/2025,SAME,306,306,300,304,1138600
10/27/2025,SAMF,312,316,310,312,194100
10/27/2025,SAPX,292,300,290,300,1103500
10/27/2025,SATU,254,254,250,252,3066200
10/27/2025,SBAT,0,0,0,0,0
10/27/2025,SBMA,135,136,133,135,1919200
10/27/2025,SCCO,2340,2400,2330,2400,120700
10/27/2025,SCMA,346,348,314,324,242723800
10/27/2025,SCMABQCZ5A,167,167,144,144,200
10/27/2025,SCMADRCG6A,20,20,12,18,7038900
10/27/2025,SCMADRCK6A,99,101,91,94,81700
10/27/2025,SCMAHDCK6A,44,44,38,40,295100
10/27/2025,SCMAHDCZ5A,320,320,318,318,281000
10/27/2025,SCMAYUCK6A,71,71,71,71,100
10/27/2025,SCMAZPCG6A,190,190,162,173,9200
10/27/2025,SCMAZPCM6A,40,43,40,43,101500
10/27/2025,SCNP,160,166,158,158,439800
10/27/2025,SCPI,0,0,0,0,0
10/27/2025,SDMU,70,70,64,64,704900
10/27/2025,SDPC,140,141,136,139,537600
10/27/2025,SDRA,282,282,278,282,864600
10/27/2025,SEMA,103,105,100,101,2791000
10/27/2025,SFAN,1925,1925,1910,1915,68300
10/27/2025,SGER,478,505,462,498,540429900
10/27/2025,SGRO,5250,5275,4920,5100,3178100
10/27/2025,SHID,870,870,865,870,17300
10/27/2025,SHIP,5375,5600,5000,5275,152500
10/27/2025,SICO,130,131,126,128,1578500
10/27/2025,SIDO,565,575,555,570,41435900
10/27/2025,SIDODRCK6A,31,32,31,32,102400
10/27/2025,SIDOZPCM6A,19,19,18,19,89100
10/27/2025,SILO,1890,1910,1870,1895,1290300
10/27/2025,SIMA,0,0,0,0,0
10/27/2025,SIMP,630,635,605,615,13813600
10/27/2025,SINI,4970,4970,4900,4900,29800
10/27/2025,SIPD,725,725,725,725,100
10/27/2025,SKBM,422,525,416,462,1724600
10/27/2025,SKLT,202,208,200,202,200200
10/27/2025,SKRN,1010,1010,1010,1010,5377000
10/27/2025,SKYB,0,0,0,0,0
10/27/2025,SLIS,77,78,68,71,37252900
10/27/2025,SLIS-W,15,16,13,15,4987000
10/27/2025,SMAR,5325,5325,5050,5175,249300
10/27/2025,SMBR,270,274,262,266,4733900
10/27/2025,SMCB,0,0,0,0,0
10/27/2025,SMDM,850,850,800,830,512300
10/27/2025,SMDR,316,320,308,318,17502500
10/27/2025,SMGA,132,134,125,131,124893800
10/27/2025,SMGR,2690,2780,2640,2740,9539300
10/27/2025,SMGRBQCX5B,0,0,0,0,0
10/27/2025,SMGRBQCZ5A,10,11,9,9,6493600
10/27/2025,SMGRDRCG6A,45,48,42,44,139700
10/27/2025,SMGRHDCZ5A,67,67,63,63,2300
10/27/2025,SMGRZPCJ6A,0,0,0,0,0
10/27/2025,SMIL,600,600,525,550,149146800
10/27/2025,SMKL,171,172,160,169,489600
10/27/2025,SMKM,193,196,165,173,76107500
10/27/2025,SMLE,360,364,306,306,27920100
10/27/2025,SMMA,13300,13325,12200,12200,25300
10/27/2025,SMMT,1455,1765,1450,1635,2230600
10/27/2025,SMRA,392,396,388,396,58485800
10/27/2025,SMRADRCG6A,0,0,0,0,0
10/27/2025,SMRADRCJ6A,18,18,17,18,5202000
10/27/2025,SMRAHDCZ5A,0,0,0,0,0
10/27/2025,SMRAZPCH6A,0,0,0,0,0
10/27/2025,SMRU,0,0,0,0,0
10/27/2025,SMSM,1835,1855,1815,1820,618900
10/27/2025,SNLK,416,416,404,408,7717300
10/27/2025,SOCI,218,218,204,210,11693000
10/27/2025,SOFA,280,280,280,280,8743700
10/27/2025,SOHO,0,0,0,0,0
10/27/2025,SOLA,134,136,125,131,14482400
10/27/2025,SONA,3000,3000,2720,2790,48800
10/27/2025,SOSS,1140,1140,1035,1050,156500
10/27/2025,SOTS,352,352,328,330,62600
10/27/2025,SOUL,76,82,76,81,2733000
10/27/2025,SPMA,382,396,374,384,2824200
10/27/2025,SPRE,100,114,100,110,2465600
10/27/2025,SPTO,640,650,635,640,1300600
10/27/2025,SQMI,0,0,0,0,0
10/27/2025,SRAJ,11825,11825,11300,11800,872100
10/27/2025,SRIL,0,0,0,0,0
10/27/2025,SRSN,66,67,64,65,22879400
10/27/2025,SRTG,1650,1675,1625,1660,3854300
10/27/2025,SRTGDRCK6A,63,63,63,63,3500
10/27/2025,SRTGHDCK6A,0,0,0,0,0
10/27/2025,SRTGZPCG6A,0,0,0,0,0
10/27/2025,SRTGZPCK6A,29,30,29,30,990900
10/27/2025,SSIA,1765,1800,1620,1645,43555500
10/27/2025,SSMS,1685,1715,1650,1675,9503700
10/27/2025,SSTM,448,560,448,560,789300
10/27/2025,STAA,1570,1700,1450,1455,32708500
10/27/2025,STAR,81,81,80,80,17700
10/27/2025,STRK,172,172,149,150,21368900
10/27/2025,STTP,10275,10275,10200,10200,1000
10/27/2025,SUGI,0,0,0,0,0
10/27/2025,SULI,154,154,142,145,2671500
10/27/2025,SUNI,785,790,770,780,443800
10/27/2025,SUPR,0,0,0,0,0
10/27/2025,SURE,2700,2750,2700,2720,4000
10/27/2025,SURI,100,101,97,100,13677100
10/27/2025,SWAT,0,0,0,0,0
10/27/2025,SWID,89,90,85,87,837500
10/27/2025,TALF,400,452,398,414,41100
10/27/2025,TAMA,30,30,30,30,308200
10/27/2025,TAMU,26,27,26,27,6900900
10/27/2025,TAPG,1770,1790,1690,1720,26952300
10/27/2025,TAPGDRCG6A,37,37,37,37,799000
10/27/2025,TAPGDRCJ6A,110,115,110,115,200
10/27/2025,TAPGHDCH6A,236,246,236,246,300
10/27/2025,TAPGZPCH6A,130,136,127,136,36400
10/27/2025,TAPGZPCM6A,38,43,37,39,246000
10/27/2025,TARA,30,30,27,27,2054700
10/27/2025,TAXI,15,15,14,14,41753400
10/27/2025,TAYS,73,74,70,74,6152500
10/27/2025,TBIG,1910,1925,1855,1855,546300
10/27/2025,TBLA,795,815,780,790,7413600
10/27/2025,TBMS,1525,1550,1460,1480,135900
10/27/2025,TCID,3200,3200,3100,3110,20100
10/27/2025,TCPI,7250,7375,7075,7275,7637200
10/27/2025,TDPM,0,0,0,0,0
10/27/2025,TEBE,2850,2970,2300,2320,46572800
10/27/2025,TECH,0,0,0,0,0
10/27/2025,TELE,0,0,0,0,0
10/27/2025,TFAS,260,260,230,252,2889800
10/27/2025,TFCO,500,500,500,500,100
10/27/2025,TGKA,5300,5350,5300,5300,4100
10/27/2025,TGRA,0,0,0,0,0
10/27/2025,TGUK,0,0,0,0,0
10/27/2025,TIFA,408,410,398,400,3900
10/27/2025,TINS,2600,2600,2400,2410,33689600
10/27/2025,TIRA,1340,1425,1310,1330,95200
10/27/2025,TIRT,0,0,0,0,0
10/27/2025,TKIM,6975,7025,6775,6975,1330600
10/27/2025,TKIMDRCN6A,80,81,76,77,920200
10/27/2025,TKIMHDCJ6A,0,0,0,0,0
10/27/2025,TKIMZPCG6A,0,0,0,0,0
10/27/2025,TKIMZPCK6A,0,0,0,0,0
10/27/2025,TLDN,830,835,790,805,1302600
10/27/2025,TLKM,3320,3360,3280,3330,105683900
10/27/2025,TLKMBQCG6A,60,60,60,60,900
10/27/2025,TLKMBQCJ6A,0,0,0,0,0
10/27/2025,TLKMDRCJ6A,81,81,80,80,1160700
10/27/2025,TLKMDRCX6A,0,0,0,0,0
10/27/2025,TLKMHDCJ6A,61,64,61,61,759700
10/27/2025,TLKMYUCK6A,118,118,118,118,100
10/27/2025,TLKMZPCF6A,103,103,100,103,110900
10/27/2025,TLKMZPCM6A,52,53,52,52,120500
10/27/2025,TMAS,131,132,128,129,4057400
10/27/2025,TMPO,162,165,161,163,1651300
10/27/2025,TNCA,250,254,236,248,1487100
10/27/2025,TOBA,1055,1070,950,975,196801900
10/27/2025,TOOL,56,56,54,55,6239100
10/27/2025,TOPS,0,0,0,0,0
10/27/2025,TOSK,74,75,71,74,52215500
10/27/2025,TOTL,935,960,920,950,5848200
10/27/2025,TOTO,282,284,278,280,1573700
10/27/2025,TOWR,535,540,520,525,29370100
10/27/2025,TOWRDRCN6A,18,18,17,17,323900
10/27/2025,TOWRHDCK6A,23,23,22,22,44500
10/27/2025,TOYS,0,0,0,0,0
10/27/2025,TPIA,7350,7650,7075,7400,25760900
10/27/2025,TPMA,580,600,575,580,5825600
10/27/2025,TRAM,0,0,0,0,0
10/27/2025,TRGU,182,186,181,183,820100
10/27/2025,TRIL,0,0,0,0,0
10/27/2025,TRIM,545,545,496,505,942800
10/27/2025,TRIN,330,330,330,330,34524000
10/27/2025,TRIN-W2,12,12,12,12,2500
10/27/2025,TRIO,0,0,0,0,0
10/27/2025,TRIS,182,182,179,180,250500
10/27/2025,TRJA,163,164,159,160,481500
10/27/2025,TRON,78,83,75,75,11866400
10/27/2025,TRST,482,484,460,478,53700
10/27/2025,TRUE,0,0,0,0,0
10/27/2025,TRUK,284,302,280,284,2869800
10/27/2025,TRUS,434,434,416,420,36500
10/27/2025,TSPC,2790,2840,2760,2790,1195700
10/27/2025,TUGU,1095,1095,1020,1040,16800300
10/27/2025,TYRE,125,127,124,127,89700
10/27/2025,UANG,2890,2890,2440,2470,3663600
10/27/2025,UCID,462,462,454,458,966400
10/27/2025,UDNG,2600,2860,2340,2720,1146000
10/27/2025,UFOE,194,194,178,185,3170500
10/27/2025,ULTJ,1370,1375,1340,1360,3167400
10/27/2025,UNIC,8150,8225,7975,8000,10000
10/27/2025,UNIQ,350,358,330,334,29344000
10/27/2025,UNIT,0,0,0,0,0
10/27/2025,UNSP,172,172,171,171,530800
10/27/2025,UNTD,86,87,84,86,14645500
10/27/2025,UNTR,27025,27925,27025,27900,5861000
10/27/2025,UNTRBQCV5A,90,96,90,96,13000
10/27/2025,UNTRDRCG6A,185,188,185,188,280100
10/27/2025,UNTRHDCM6A,187,193,185,189,90500
10/27/2025,UNTRZPCJ6A,170,179,170,177,13200
10/27/2025,UNVR,2580,2840,2530,2710,277535000
10/27/2025,UNVRBQCZ5A,294,356,262,316,3116800
10/27/2025,UNVRDRCG6A,132,169,129,149,994300
10/27/2025,UNVRHDCM6A,199,222,199,208,1153700
10/27/2025,UNVRHDPG6A,25,25,20,20,2782500
10/27/2025,UNVRZPCH6A,114,136,110,128,4192700
10/27/2025,UNVRZPCM6A,116,147,116,141,3934800
10/27/2025,URBN,136,142,134,141,122400
10/27/2025,UVCR,69,71,67,68,12120800
10/27/2025,VAST,157,158,152,155,284900
10/27/2025,VAST-W,13,13,11,13,894400
10/27/2025,VERN,119,121,117,118,1321300
10/27/2025,VICI,620,620,610,615,198700
10/27/2025,VICO,185,185,180,182,692600
10/27/2025,VINS,146,151,143,144,389700
10/27/2025,VISI,196,199,195,196,7625900
10/27/2025,VIVA,29,30,29,30,3668700
10/27/2025,VKTR,338,344,302,310,71699800
10/27/2025,VOKS,272,278,264,276,82200
10/27/2025,VRNA,88,88,83,84,560200
10/27/2025,VTNY,96,96,91,92,16554200
10/27/2025,WAPO,185,197,182,191,26645600
10/27/2025,WEGE,71,80,68,70,269499700
10/27/2025,WEHA,109,110,105,106,1408600
10/27/2025,WGSH,262,286,252,270,4786500
10/27/2025,WICO,0,0,0,0,0
10/27/2025,WIDI,40,43,38,41,13193700
10/27/2025,WIFI,3220,3250,2880,3020,156307500
10/27/2025,WIIM,1220,1315,1215,1250,36031100
10/27/2025,WIKA,0,0,0,0,0
10/27/2025,WINE,206,206,199,206,2097800
10/27/2025,WINR,36,36,34,35,14145600
10/27/2025,WINS,446,450,430,434,2018500
10/27/2025,WIRG,115,117,106,106,407763900
10/27/2025,WMPP,0,0,0,0,0
10/27/2025,WMUU,34,34,31,31,45823700
10/27/2025,WOMF,332,338,332,336,284200
10/27/2025,WOOD,480,480,430,454,13087700
10/27/2025,WOWS,80,88,79,88,118502400
10/27/2025,WSBP,25,26,25,26,47141900
10/27/2025,WSKT,0,0,0,0,0
10/27/2025,WTON,100,106,100,102,51089600
10/27/2025,XAQA,0,0,0,0,0
10/27/2025,XBES,0,0,0,0,0
10/27/2025,XBID,536,536,529,529,40100
10/27/2025,XBIG,0,0,0,0,0
10/27/2025,XBIN,603,603,600,600,40400
10/27/2025,XBLQ,500,500,492,492,200
10/27/2025,XBNI,0,0,0,0,0
10/27/2025,XBSK,460,460,460,460,40000
10/27/2025,XCEG,108,108,106,106,300
10/27/2025,XCID,51,53,51,53,104500
10/27/2025,XCIS,80,84,76,84,5300
10/27/2025,XCLQ,87,95,76,86,20600
10/27/2025,XDIF,760,760,525,540,16900
10/27/2025,XIFE,107,115,100,109,2200
10/27/2025,XIHD,660,670,647,651,4600
10/27/2025,XIIC,0,0,0,0,0
10/27/2025,XIID,513,513,513,513,100
10/27/2025,XIIF,458,458,457,457,70000
10/27/2025,XIIT,545,545,535,535,1600
10/27/2025,XIJI,696,696,664,670,20000
10/27/2025,XILV,120,121,102,113,2100
10/27/2025,XIML,253,253,248,248,6700
10/27/2025,XIPB,180,196,180,187,11800
10/27/2025,XIPI,224,224,220,220,50000
10/27/2025,XISB,306,306,306,306,100
10/27/2025,XISC,960,960,820,950,3500
10/27/2025,XISI,345,345,345,345,200
10/27/2025,XISR,455,455,455,455,2300
10/27/2025,XKID,980,980,980,980,100
10/27/2025,XKIV,612,612,608,610,40200
10/27/2025,XKMS,1174,1174,1141,1157,210800
10/27/2025,XMGB,1138,1138,1138,1138,100
10/27/2025,XMIG,220,220,218,218,200100
10/27/2025,XMLF,901,901,901,901,40100
10/27/2025,XMSK,403,403,394,395,2100
10/27/2025,XNVE,0,0,0,0,0
10/27/2025,XPDV,540,770,540,560,15200
10/27/2025,XPFT,0,0,0,0,0
10/27/2025,XPIN,667,667,636,636,700
10/27/2025,XPLQ,0,0,0,0,0
10/27/2025,XPSG,388,424,386,393,7000
10/27/2025,XPTD,489,489,488,488,1100
10/27/2025,XSBC,105,105,105,105,11800
10/27/2025,XSPI,0,0,0,0,0
10/27/2025,XSSI,87,88,87,88,41000
10/27/2025,XSSK,715,715,715,715,20000
10/27/2025,YELO,66,66,65,66,7125100
10/27/2025,YOII,103,103,98,101,1986500
10/27/2025,YPAS,525,525,515,515,2600
10/27/2025,YULE,2700,2800,2600,2680,80600
10/27/2025,YUPI,1710,1745,1660,1700,104700
10/27/2025,ZATA,70,74,64,70,229490800
10/27/2025,ZBRA,0,0,0,0,0
10/27/2025,ZINC,33,33,31,31,7184800
10/27/2025,ZONE,575,585,565,575,77600
10/27/2025,ZYRX,144,145,135,139,1108000
