<date>,<ticker>,<open>,<high>,<low>,<close>,<volume>
11/7/2025,IHSG,8346.580,8398.770,8332.600,8394.590,24895369100
11/7/2025,AADI,8750,8825,8475,8525,12403800
11/7/2025,AADIDRCN6A,115,115,107,110,468300
11/7/2025,AADIHDCK6A,115,117,108,108,369600
11/7/2025,AADIYUCK6A,354,356,336,336,3900
11/7/2025,AALI,7850,7850,7725,7800,954700
11/7/2025,ABBA,57,58,57,58,1803900
11/7/2025,ABDA,0,0,0,0,0
11/7/2025,ABMM,3010,3010,2990,2990,902900
11/7/2025,ACES,446,464,446,458,93749800
11/7/2025,ACESBQCG6A,14,14,13,13,100000
11/7/2025,ACESBQCK6A,19,20,18,20,106100
11/7/2025,ACESBQCX5B,3,3,2,2,23115700
11/7/2025,ACESBQCZ5A,12,14,12,14,270800
11/7/2025,ACESDRCJ6A,12,13,12,13,5457300
11/7/2025,ACESHDCZ5A,0,0,0,0,0
11/7/2025,ACESZPCJ6A,19,20,19,20,105000
11/7/2025,ACRO,89,89,87,88,5157400
11/7/2025,ACRO-W,7,7,6,6,1787700
11/7/2025,ACST,131,132,130,130,1298300
11/7/2025,ADCP,55,56,54,54,8309700
11/7/2025,ADES,15025,15025,14925,14975,48200
11/7/2025,ADHI,268,270,264,268,6951800
11/7/2025,ADMF,8850,8900,8825,8825,69400
11/7/2025,ADMG,151,153,150,153,1381000
11/7/2025,ADMR,1415,1440,1390,1400,43921500
11/7/2025,ADMRDRCJ6A,75,76,70,72,5387400
11/7/2025,ADMRHDCJ6A,117,117,116,116,1200
11/7/2025,ADMRZPCH6A,0,0,0,0,0
11/7/2025,ADRO,1925,1960,1905,1945,104734700
11/7/2025,ADROBQCG6A,0,0,0,0,0
11/7/2025,ADROBQCJ6A,66,67,64,67,104000
11/7/2025,ADROBQCN6A,71,71,70,70,1563600
11/7/2025,ADROBQCZ5A,6,7,6,7,3662700
11/7/2025,ADRODRCJ6A,62,65,62,63,3793600
11/7/2025,ADRODRCX5A,44,45,44,44,305000
11/7/2025,ADROHDCZ5A,48,52,48,51,564300
11/7/2025,ADROHDPH6A,74,74,73,73,10800
11/7/2025,ADROYUCZ5A,57,57,57,57,100
11/7/2025,ADROZPCF6A,26,27,26,27,23000
11/7/2025,ADROZPCK6A,62,62,62,62,600500
11/7/2025,AEGS,71,77,69,77,34682100
11/7/2025,AGAR,238,242,238,242,33500
11/7/2025,AGII,1255,1385,1250,1350,4884100
11/7/2025,AGRO,230,230,226,230,8672100
11/7/2025,AGRS,71,73,70,71,4958200
11/7/2025,AHAP,87,88,86,87,5383100
11/7/2025,AIMS,406,416,378,400,2071400
11/7/2025,AISA,146,146,144,145,3371300
11/7/2025,AKKU,39,43,39,42,1347300
11/7/2025,AKPI,600,600,580,580,26900
11/7/2025,AKRA,1250,1255,1235,1250,9832800
11/7/2025,AKRABQCX5B,15,15,13,13,297600
11/7/2025,AKRADRCX5A,24,24,22,22,157100
11/7/2025,AKRAHDCH6A,0,0,0,0,0
11/7/2025,AKRAZPCJ6A,0,0,0,0,0
11/7/2025,AKRAZPCM6A,0,0,0,0,0
11/7/2025,AKRAZPCX5A,52,52,51,51,61800
11/7/2025,AKSI,400,410,378,378,1269900
11/7/2025,ALDO,525,530,515,525,497700
11/7/2025,ALII,570,625,555,600,6538100
11/7/2025,ALKA,366,382,356,364,18500
11/7/2025,ALMI,0,0,0,0,0
11/7/2025,ALTO,0,0,0,0,0
11/7/2025,AMAG,380,384,374,380,164100
11/7/2025,AMAN,153,154,150,153,1315300
11/7/2025,AMAR,226,228,222,228,258100
11/7/2025,AMFG,3510,3560,3500,3560,17800
11/7/2025,AMIN,258,262,254,256,46800
11/7/2025,AMMN,7000,7100,6900,7025,20791400
11/7/2025,AMMNBQCZ5A,8,8,6,7,9731500
11/7/2025,AMMNDRCJ6A,40,40,37,39,57800
11/7/2025,AMMNHDCH6A,58,58,58,58,2800
11/7/2025,AMMNZPCG6A,22,22,22,22,170500
11/7/2025,AMMS,0,0,0,0,0
11/7/2025,AMOR,420,424,414,420,587800
11/7/2025,AMRT,1900,1920,1900,1910,23275100
11/7/2025,AMRTBQCF6A,17,17,17,17,20000
11/7/2025,AMRTBQCH6A,18,18,18,18,1000
11/7/2025,AMRTBQCJ6A,39,39,38,38,441100
11/7/2025,AMRTDRCZ5A,13,14,13,14,47600
11/7/2025,AMRTHDCJ6A,9,10,8,10,20726200
11/7/2025,AMRTZPCK6A,16,16,15,16,386900
11/7/2025,AMRTZPCX5A,0,0,0,0,0
11/7/2025,ANDI,22,23,22,23,7940700
11/7/2025,ANJT,2210,2210,2100,2140,701400
11/7/2025,ANTM,2930,2940,2900,2900,91022900
11/7/2025,ANTMBQCG6A,40,40,39,39,162000
11/7/2025,ANTMBQCJ6A,52,52,50,50,91000
11/7/2025,ANTMBQCN6A,75,75,74,74,71400
11/7/2025,ANTMBQCX5A,11,11,10,10,394200
11/7/2025,ANTMBQCZ5A,0,0,0,0,0
11/7/2025,ANTMDRCG6A,28,28,28,28,20000
11/7/2025,ANTMDRCG6B,35,36,34,35,382300
11/7/2025,ANTMDRCX5A,268,268,268,268,1900
11/7/2025,ANTMDRPZ5A,32,32,32,32,100
11/7/2025,ANTMHDCH6A,56,56,56,56,109900
11/7/2025,ANTMHDCH6B,98,98,98,98,1000
11/7/2025,ANTMHDPH6A,68,70,68,70,32300
11/7/2025,ANTMZPCJ6A,53,53,51,52,237200
11/7/2025,ANTMZPCK6A,22,22,21,21,77400
11/7/2025,ANTMZPCX5A,138,138,138,138,1100
11/7/2025,APEX,130,132,129,130,12229600
11/7/2025,APIC,1145,1160,1140,1155,5020300
11/7/2025,APII,190,190,186,190,61000
11/7/2025,APLI,450,462,440,456,171800
11/7/2025,APLN,98,99,97,99,7598100
11/7/2025,ARCI,1185,1185,1145,1150,47917600
11/7/2025,AREA,540,540,525,535,1282600
11/7/2025,ARGO,1080,1110,1080,1090,7200
11/7/2025,ARII,274,274,268,274,90300
11/7/2025,ARKA,28,28,28,28,1724200
11/7/2025,ARKO,1620,1635,1590,1620,329300
11/7/2025,ARMY,0,0,0,0,0
11/7/2025,ARNA,550,555,545,550,877200
11/7/2025,ARTA,0,0,0,0,0
11/7/2025,ARTI,0,0,0,0,0
11/7/2025,ARTO,2090,2160,2080,2150,9176500
11/7/2025,ARTOBQCG6A,27,27,27,27,500000
11/7/2025,ARTOBQCJ6A,36,36,36,36,200000
11/7/2025,ARTOBQCN6A,49,49,48,48,130000
11/7/2025,ARTOBQCX5B,54,54,54,54,2500
11/7/2025,ARTOBQCZ5A,7,12,7,11,17758400
11/7/2025,ARTODRCK6A,60,64,60,64,294700
11/7/2025,ARTODRCX5A,38,44,38,43,13500
11/7/2025,ARTOHDCN6A,56,59,55,58,2545100
11/7/2025,ARTOHDCZ5A,0,0,0,0,0
11/7/2025,ARTOZPCK6A,39,43,39,41,222700
11/7/2025,ARTOZPCX5A,38,38,38,38,41700
11/7/2025,ASBI,478,478,464,474,14500
11/7/2025,ASDM,600,620,595,595,31600
11/7/2025,ASGR,1200,1205,1185,1200,450400
11/7/2025,ASHA,40,40,40,40,12293800
11/7/2025,ASII,6325,6450,6300,6425,42960800
11/7/2025,ASIIBQCZ5A,0,0,0,0,0
11/7/2025,ASIIDRCX5A,0,0,0,0,0
11/7/2025,ASIIDRCX6A,0,0,0,0,0
11/7/2025,ASIIHDCZ5A,0,0,0,0,0
11/7/2025,ASIIZPCJ6A,0,0,0,0,0
11/7/2025,ASIIZPCM6A,42,42,42,42,218100
11/7/2025,ASJT,129,131,125,127,270000
11/7/2025,ASLC,91,92,89,89,44246900
11/7/2025,ASLI,181,182,173,173,12657800
11/7/2025,ASMI,26,26,26,26,69300
11/7/2025,ASPI,750,830,725,735,2729700
11/7/2025,ASPR,99,104,98,99,12184000
11/7/2025,ASRI,162,168,162,167,15705900
11/7/2025,ASRM,354,362,344,346,348000
11/7/2025,ASSA,1080,1090,1050,1060,3330200
11/7/2025,ATAP,80,80,77,77,638000
11/7/2025,ATIC,700,830,615,720,7239200
11/7/2025,ATLA,65,69,63,65,220739300
11/7/2025,AUTO,2700,2740,2680,2710,3221800
11/7/2025,AUTODRCV6A,0,0,0,0,0
11/7/2025,AUTOHDCN6A,49,49,49,49,213200
11/7/2025,AUTOZPCJ6A,0,0,0,0,0
11/7/2025,AVIA,468,474,458,460,29295400
11/7/2025,AVIADRCV6A,78,78,76,76,4000
11/7/2025,AVIAHDCN6A,47,47,47,47,90500
11/7/2025,AVIAZPCJ6A,22,23,21,22,240900
11/7/2025,AWAN,250,250,232,236,20959100
11/7/2025,AXIO,140,140,130,135,6740400
11/7/2025,AYAM,181,181,178,181,85818200
11/7/2025,AYLS,0,0,0,0,0
11/7/2025,BABP,53,55,53,55,21228500
11/7/2025,BABY,340,350,320,330,34539800
11/7/2025,BACA,140,141,139,141,1006400
11/7/2025,BAIK,101,101,99,99,262800
11/7/2025,BAIK-W,9,9,8,9,3817800
11/7/2025,BAJA,160,165,158,159,8468900
11/7/2025,BALI,1170,1195,1165,1195,6500
11/7/2025,BANK,855,855,830,845,4087700
11/7/2025,BANK-W,0,0,0,0,0
11/7/2025,BAPA,82,87,78,81,61555300
11/7/2025,BAPI,20,22,20,22,8109600
11/7/2025,BATA,65,66,65,65,1142400
11/7/2025,BATR,108,109,107,108,253800
11/7/2025,BAUT,37,38,37,38,1304700
11/7/2025,BAYU,1330,1345,1320,1330,54900
11/7/2025,BBCA,8550,8675,8550,8675,75241900
11/7/2025,BBCABQCG6A,83,85,83,85,11500
11/7/2025,BBCABQCJ6A,47,47,46,47,18643200
11/7/2025,BBCABQCN6A,64,64,55,56,69800
11/7/2025,BBCABQCX5A,3,4,2,3,4892700
11/7/2025,BBCADRCF6A,36,37,34,37,161400
11/7/2025,BBCADRCX6A,0,0,0,0,0
11/7/2025,BBCAHDCQ7A,73,76,73,76,41500
11/7/2025,BBCAYUCK6A,208,208,202,206,1400
11/7/2025,BBCAZPCF6A,24,25,23,25,1096300
11/7/2025,BBCAZPCH6A,89,90,89,89,602100
11/7/2025,BBCAZPCN6A,65,66,65,66,18700
11/7/2025,BBHI,1480,1480,1450,1460,342600
11/7/2025,BBKP,67,68,66,67,96407200
11/7/2025,BBLD,900,900,900,900,200
11/7/2025,BBMD,2060,2060,2050,2050,300
11/7/2025,BBNI,4440,4500,4440,4500,36148800
11/7/2025,BBNIBQCG6A,0,0,0,0,0
11/7/2025,BBNIBQCJ6A,65,65,64,64,84000
11/7/2025,BBNIBQCN6A,75,75,74,74,57600
11/7/2025,BBNIDRCX6A,0,0,0,0,0
11/7/2025,BBNIDRCZ5A,49,49,49,49,200
11/7/2025,BBNIDRPZ5A,34,34,34,34,105000
11/7/2025,BBNIHDCQ7A,92,92,92,92,200
11/7/2025,BBNIZPCH6A,0,0,0,0,0
11/7/2025,BBNIZPCX5A,40,40,40,40,4100
11/7/2025,BBRI,4000,4010,3980,3980,87287600
11/7/2025,BBRIBQCG6A,47,47,46,46,338600
11/7/2025,BBRIBQCJ6A,0,0,0,0,0
11/7/2025,BBRIBQCN6A,63,63,57,57,81400
11/7/2025,BBRIBQCZ5A,0,0,0,0,0
11/7/2025,BBRIDRCG6A,84,84,84,84,200
11/7/2025,BBRIDRCN6A,100,100,100,100,2100
11/7/2025,BBRIDRCX5A,90,93,90,90,11000
11/7/2025,BBRIDRCX6A,0,0,0,0,0
11/7/2025,BBRIDRPZ5A,0,0,0,0,0
11/7/2025,BBRIHDCH6A,0,0,0,0,0
11/7/2025,BBRIHDCQ7A,87,87,86,86,2300
11/7/2025,BBRIZPCH6A,79,79,78,78,40300
11/7/2025,BBRIZPCN6A,67,67,67,67,100
11/7/2025,BBRIZPCX5A,0,0,0,0,0
11/7/2025,BBRM,86,87,85,86,1948700
11/7/2025,BBSI,3990,4020,3980,4000,5200
11/7/2025,BBSS,348,352,340,348,40700
11/7/2025,BBTN,1225,1245,1215,1230,31514100
11/7/2025,BBTNDRCV6A,64,64,63,63,66700
11/7/2025,BBTNHDCZ5A,0,0,0,0,0
11/7/2025,BBTNYUCZ5A,55,55,55,55,100
11/7/2025,BBTNZPCG6A,38,38,38,38,2300
11/7/2025,BBYB,398,398,386,394,43740100
11/7/2025,BCAP,57,57,55,56,9421400
11/7/2025,BCIC,147,150,145,150,244900
11/7/2025,BCIP,113,113,106,110,41259600
11/7/2025,BDKR,170,178,168,176,49561300
11/7/2025,BDMN,2530,2550,2520,2530,802900
11/7/2025,BEBS,0,0,0,0,0
11/7/2025,BEEF,540,545,510,510,9232700
11/7/2025,BEER,123,145,122,127,14230600
11/7/2025,BEKS,28,29,28,29,104025400
11/7/2025,BELI,438,442,412,442,8744900
11/7/2025,BELL,66,68,64,66,21992700
11/7/2025,BESS,1650,1690,1600,1600,19700
11/7/2025,BEST,105,106,103,105,3419500
11/7/2025,BFIN,770,795,770,780,17059400
11/7/2025,BFINDRCK6A,23,23,23,23,46000
11/7/2025,BFINHDCM6A,33,33,33,33,24700
11/7/2025,BFINZPCM6A,19,19,19,19,71400
11/7/2025,BGTG,109,110,108,109,6878600
11/7/2025,BHAT,1020,1035,1015,1025,1928000
11/7/2025,BHIT,34,34,33,33,5380300
11/7/2025,BIKA,0,0,0,0,0
11/7/2025,BIKE,870,870,810,830,5132100
11/7/2025,BIMA,78,78,73,75,76700
11/7/2025,BINA,4500,4500,4500,4500,1800
11/7/2025,BINO,129,132,128,128,1018600
11/7/2025,BIPI,80,81,79,80,320984300
11/7/2025,BIPP,44,44,43,43,175200
11/7/2025,BIRD,1830,1830,1785,1805,1169300
11/7/2025,BISI,900,910,890,895,334500
11/7/2025,BJBR,810,815,810,815,1380100
11/7/2025,BJTM,545,550,545,545,7529500
11/7/2025,BKDP,38,39,38,39,86300
11/7/2025,BKSL,114,121,113,121,275047400
11/7/2025,BKSW,63,64,62,64,4231000
11/7/2025,BLES,159,160,158,159,3460700
11/7/2025,BLOG,496,498,490,490,2099400
11/7/2025,BLTA,27,27,27,27,3883300
11/7/2025,BLTZ,0,0,0,0,0
11/7/2025,BLUE,2600,2600,2600,2600,4092700
11/7/2025,BMAS,670,675,665,665,17200
11/7/2025,BMBL,41,45,41,45,10137500
11/7/2025,BMHS,155,155,152,153,3390300
11/7/2025,BMRI,4750,4780,4740,4750,58845500
11/7/2025,BMRIBQCG6A,0,0,0,0,0
11/7/2025,BMRIBQCJ6A,0,0,0,0,0
11/7/2025,BMRIBQCZ5A,9,10,8,9,17391400
11/7/2025,BMRIDRCG6A,0,0,0,0,0
11/7/2025,BMRIDRCX5A,30,30,30,30,12900
11/7/2025,BMRIDRCX6A,0,0,0,0,0
11/7/2025,BMRIHDCQ7A,89,89,89,89,600
11/7/2025,BMRIYUCK6A,0,0,0,0,0
11/7/2025,BMRIZPCH6A,54,54,53,53,21200
11/7/2025,BMRIZPCX5A,15,15,15,15,3600
11/7/2025,BMSR,310,310,300,308,180500
11/7/2025,BMTR,142,143,141,141,53808500
11/7/2025,BNBA,615,615,600,615,343500
11/7/2025,BNBR,38,38,38,38,6355100
11/7/2025,BNGA,1745,1760,1740,1745,6895500
11/7/2025,BNGADRCK6A,0,0,0,0,0
11/7/2025,BNGAZPCH6A,0,0,0,0,0
11/7/2025,BNII,204,206,202,206,896600
11/7/2025,BNLI,5275,5325,5200,5275,73900
11/7/2025,BOAT,126,128,125,126,5980500
11/7/2025,BOBA,220,220,199,206,1226000
11/7/2025,BOGA,490,498,488,494,2726200
11/7/2025,BOLA,180,180,178,179,304100
11/7/2025,BOLT,1120,1120,1110,1110,9600
11/7/2025,BOSS,0,0,0,0,0
11/7/2025,BPFI,320,324,306,314,202800
11/7/2025,BPII,550,550,540,540,163200
11/7/2025,BPTR,94,94,92,93,137700
11/7/2025,BRAM,5050,5150,5050,5150,600
11/7/2025,BREN,9925,9975,9750,9975,32421800
11/7/2025,BRIS,2490,2530,2490,2510,16252400
11/7/2025,BRISBQCZ5A,19,19,18,18,200
11/7/2025,BRISDRCJ6A,31,32,31,31,29600
11/7/2025,BRISHDCH6A,0,0,0,0,0
11/7/2025,BRISHDCZ5A,0,0,0,0,0
11/7/2025,BRISZPCG6A,0,0,0,0,0
11/7/2025,BRMS,965,980,940,955,516113100
11/7/2025,BRMSBQCZ5A,236,236,236,236,200
11/7/2025,BRMSDRCG6A,47,47,41,44,4590000
11/7/2025,BRMSDRCJ6A,177,177,165,168,278200
11/7/2025,BRMSDRPX5A,2,2,1,1,45334300
11/7/2025,BRMSHDCH6A,0,0,0,0,0
11/7/2025,BRMSHDCZ5A,0,0,0,0,0
11/7/2025,BRMSZPCG6A,272,272,270,270,12400
11/7/2025,BRMSZPCN6A,65,65,42,44,1099800
11/7/2025,BRNA,735,740,710,715,3900
11/7/2025,BRPT,3590,3670,3560,3590,97233900
11/7/2025,BRPTBQCF6A,59,60,57,59,2101200
11/7/2025,BRPTBQCH6A,77,80,75,78,122800
11/7/2025,BRPTBQCK6A,94,94,85,86,28800
11/7/2025,BRPTBQCX5B,250,296,240,296,156800
11/7/2025,BRPTBQCZ5A,0,0,0,0,0
11/7/2025,BRPTDRCF6A,372,372,372,372,600
11/7/2025,BRPTDRCJ6A,224,224,218,218,23300
11/7/2025,BRPTDRCX5A,442,448,438,448,802000
11/7/2025,BRPTHDCH6A,328,328,320,320,22000
11/7/2025,BRPTHDCH6B,290,290,290,290,124200
11/7/2025,BRPTHDPG6A,68,68,62,65,172300
11/7/2025,BRPTYUCZ5A,236,236,236,236,100
11/7/2025,BRPTZPCF6A,454,454,454,454,11000
11/7/2025,BRPTZPCK6A,83,84,81,81,54300
11/7/2025,BRPTZPCN6A,91,92,89,90,500
11/7/2025,BRPTZPCX5A,0,0,0,0,0
11/7/2025,BRRC,134,135,122,130,26263600
11/7/2025,BRRC-W,16,17,15,16,14962100
11/7/2025,BSBK,72,77,70,73,227973000
11/7/2025,BSDE,955,985,955,975,11251300
11/7/2025,BSDEBQCK6A,0,0,0,0,0
11/7/2025,BSDEDRCG6A,0,0,0,0,0
11/7/2025,BSDEDRCJ6A,33,33,33,33,100
11/7/2025,BSDEHDCM6A,0,0,0,0,0
11/7/2025,BSDEZPCH6A,44,44,43,43,3600
11/7/2025,BSDEZPCN6A,29,31,29,31,200
11/7/2025,BSIM,875,880,875,880,11100
11/7/2025,BSML,208,210,197,202,26794000
11/7/2025,BSSR,4180,4210,4180,4210,1950700
11/7/2025,BSWD,0,0,0,0,0
11/7/2025,BTEK,15,15,15,15,72416600
11/7/2025,BTEL,0,0,0,0,0
11/7/2025,BTON,390,390,384,384,5300
11/7/2025,BTPN,2130,2150,2120,2130,18600
11/7/2025,BTPS,1400,1430,1395,1425,6141200
11/7/2025,BTPSDRCK6A,40,40,40,40,193900
11/7/2025,BTPSHDCJ6A,0,0,0,0,0
11/7/2025,BTPSZPCH6A,0,0,0,0,0
11/7/2025,BUAH,700,700,685,695,776500
11/7/2025,BUDI,224,224,214,222,1362300
11/7/2025,BUKA,167,169,165,166,205679000
11/7/2025,BUKABQCZ5B,11,12,10,11,780900
11/7/2025,BUKADRCK6A,14,15,14,14,219900
11/7/2025,BUKAHDCZ5A,0,0,0,0,0
11/7/2025,BUKAZPCM6A,36,36,35,35,6583500
11/7/2025,BUKK,985,1005,980,1000,216500
11/7/2025,BULL,216,216,204,208,180530600
11/7/2025,BUMI,142,143,140,141,887304600
11/7/2025,BUVA,780,955,765,885,305561600
11/7/2025,BUVA-R,0,0,0,0,0
11/7/2025,BVIC,102,105,101,104,4348800
11/7/2025,BVIC-W,19,22,19,21,90400
11/7/2025,BWPT,141,142,139,141,41682800
11/7/2025,BYAN,17900,18075,17875,17875,13700
11/7/2025,CAKK,179,179,175,179,65100
11/7/2025,CAMP,216,220,212,218,1748200
11/7/2025,CANI,46,46,45,45,47000
11/7/2025,CARE,328,330,322,328,20912300
11/7/2025,CARS,131,132,129,131,27071900
11/7/2025,CASA,1100,1105,1090,1100,4263000
11/7/2025,CASH,135,135,111,116,6648800
11/7/2025,CASS,2750,3170,2610,2830,150500
11/7/2025,CBDK,6200,6300,6150,6200,3221400
11/7/2025,CBMF,0,0,0,0,0
11/7/2025,CBPE,292,298,272,274,690300
11/7/2025,CBRE,1300,1380,1200,1265,109456700
11/7/2025,CBUT,1320,1325,1300,1320,10500
11/7/2025,CCSI,356,356,344,348,111800
11/7/2025,CDIA,1815,1920,1800,1915,301758800
11/7/2025,CEKA,2560,2680,2450,2500,210200
11/7/2025,CENT,141,142,136,139,10871000
11/7/2025,CFIN,320,322,318,320,762500
11/7/2025,CGAS,148,152,147,150,3792200
11/7/2025,CHEK,183,184,180,182,3324600
11/7/2025,CHEM,115,121,106,121,354429400
11/7/2025,CHIP,1365,1380,1325,1375,207400
11/7/2025,CINT,180,188,175,176,1317100
11/7/2025,CITA,4700,4700,4620,4650,101100
11/7/2025,CITY,176,220,168,173,41203500
11/7/2025,CLAY,2820,2850,2700,2830,51800
11/7/2025,CLEO,520,525,515,525,3838600
11/7/2025,CLPI,1450,1455,1435,1440,32400
11/7/2025,CMNP,1415,1420,1360,1390,878800
11/7/2025,CMNP-W,350,380,316,358,34500
11/7/2025,CMNT,775,775,760,765,20512000
11/7/2025,CMPP,95,95,93,93,49400
11/7/2025,CMRY,5950,6150,5925,6075,3876700
11/7/2025,CMRYDRCK6A,0,0,0,0,0
11/7/2025,CMRYHDCN6A,100,100,100,100,600
11/7/2025,CMRYZPCJ6A,65,68,65,68,25400
11/7/2025,CNKO,60,62,60,62,38127600
11/7/2025,CNMA,115,117,115,116,42059700
11/7/2025,CNTB,0,0,0,0,0
11/7/2025,CNTX,0,0,0,0,0
11/7/2025,COAL,57,57,57,57,4891600
11/7/2025,COCO,428,440,418,430,105820000
11/7/2025,COIN,3100,3150,3030,3120,23291400
11/7/2025,COWL,0,0,0,0,0
11/7/2025,CPIN,4770,4790,4590,4620,18917200
11/7/2025,CPINDRCG6A,60,60,57,57,73600
11/7/2025,CPINHDCN6A,0,0,0,0,0
11/7/2025,CPINZPCJ6A,39,39,36,36,91700
11/7/2025,CPINZPCN6A,0,0,0,0,0
11/7/2025,CPRI,0,0,0,0,0
11/7/2025,CPRO,62,62,60,61,111823000
11/7/2025,CRAB,296,296,290,292,4062000
11/7/2025,CRSN,114,149,113,132,142763300
11/7/2025,CSAP,326,334,324,324,192000
11/7/2025,CSIS,232,240,230,236,1661700
11/7/2025,CSMI,250,252,234,246,14697000
11/7/2025,CSRA,835,835,815,825,651700
11/7/2025,CTBN,0,0,0,0,0
11/7/2025,CTRA,895,900,885,895,20333400
11/7/2025,CTRADRCJ6A,14,14,13,13,5185300
11/7/2025,CTRAHDCK6A,0,0,0,0,0
11/7/2025,CTRAYUCZ5A,28,28,28,28,100
11/7/2025,CTRAZPCG6A,21,21,21,21,100
11/7/2025,CTTH,88,88,88,88,1746600
11/7/2025,CUAN,2150,2300,2140,2290,233503600
11/7/2025,CYBR,1330,1345,1315,1340,12892700
11/7/2025,CYBR-W,975,975,920,930,39500
11/7/2025,DAAZ,2410,2410,2370,2400,515300
11/7/2025,DADA,50,50,50,50,4247000
11/7/2025,DART,167,167,164,164,51200
11/7/2025,DATA,4720,4760,4540,4700,3589900
11/7/2025,DAYA,1255,1500,1210,1350,279100
11/7/2025,DCII,260600,261025,260600,261025,600
11/7/2025,DEAL,0,0,0,0,0
11/7/2025,DEFI,0,0,0,0,0
11/7/2025,DEPO,260,268,256,258,167100
11/7/2025,DEWA,342,354,340,348,307839300
11/7/2025,DEWI,121,121,116,117,26981500
11/7/2025,DFAM,91,93,79,80,61385200
11/7/2025,DGIK,94,98,93,95,4775100
11/7/2025,DGNS,144,147,143,145,7958200
11/7/2025,DGWG,416,426,414,420,12218500
11/7/2025,DIGI,38,38,35,35,1552800
11/7/2025,DILD,129,131,129,130,9448900
11/7/2025,DIVA,204,204,190,193,1799700
11/7/2025,DKFT,730,735,715,730,6559600
11/7/2025,DKHH,89,96,89,91,49583400
11/7/2025,DKHH-W,17,19,17,17,34634900
11/7/2025,DLTA,2080,2140,2080,2090,11900
11/7/2025,DMAS,133,134,132,133,14771500
11/7/2025,DMMX,386,386,374,380,594400
11/7/2025,DMND,635,635,610,620,201400
11/7/2025,DNAR,120,127,119,124,11790500
11/7/2025,DNET,9000,9075,8950,8975,6900
11/7/2025,DOID,330,334,328,330,2756300
11/7/2025,DOOH,141,147,141,142,144453800
11/7/2025,DOSS,160,160,153,156,4215500
11/7/2025,DPNS,0,0,0,0,0
11/7/2025,DPUM,65,69,63,66,12342200
11/7/2025,DRMA,1040,1045,1030,1040,641500
11/7/2025,DSFI,87,88,85,86,4330400
11/7/2025,DSNG,1820,1825,1740,1760,24499700
11/7/2025,DSNGDRCK6A,0,0,0,0,0
11/7/2025,DSNGHDCK6A,101,101,101,101,58200
11/7/2025,DSNGZPCM6A,60,60,60,60,2300
11/7/2025,DSSA,96300,101000,94600,100000,2231500
11/7/2025,DUCK,0,0,0,0,0
11/7/2025,DUTI,4300,4300,4290,4290,200
11/7/2025,DVLA,1650,1655,1650,1655,22200
11/7/2025,DWGL,368,368,320,342,18727200
11/7/2025,DYAN,88,89,87,88,2500600
11/7/2025,EAST,94,94,93,93,353000
11/7/2025,ECII,180,181,179,179,402700
11/7/2025,EDGE,4310,4360,4300,4350,11900
11/7/2025,EKAD,187,190,186,190,420000
11/7/2025,ELIT,180,180,178,179,2670700
11/7/2025,ELPI,740,760,650,690,4130600
11/7/2025,ELSA,505,515,500,505,20333100
11/7/2025,ELSADRCG6A,24,24,24,24,3000000
11/7/2025,ELSADRCJ6A,33,33,31,32,34900
11/7/2025,ELSAHDCK6A,35,35,35,35,415700
11/7/2025,ELSAZPCG6A,0,0,0,0,0
11/7/2025,ELSAZPCN6A,22,22,22,22,100
11/7/2025,ELTY,19,20,19,20,39845100
11/7/2025,EMAS,4100,4130,4060,4070,4761700
11/7/2025,EMDE,96,97,93,95,1018700
11/7/2025,EMTK,1200,1285,1190,1275,321201700
11/7/2025,EMTKBQCH6A,23,32,23,30,10285300
11/7/2025,EMTKBQCZ5A,0,0,0,0,0
11/7/2025,EMTKDRCK6A,51,58,51,57,2387300
11/7/2025,EMTKHDCK6A,64,76,64,74,444100
11/7/2025,EMTKHDCZ5A,0,0,0,0,0
11/7/2025,EMTKZPCH6A,145,160,145,159,174400
11/7/2025,EMTKZPCM6A,42,48,42,48,1728700
11/7/2025,ENAK,690,700,680,690,555700
11/7/2025,ENRG,880,895,865,870,59805600
11/7/2025,ENRGBQCZ5A,0,0,0,0,0
11/7/2025,ENRGDRCG6A,27,27,24,24,8300
11/7/2025,ENRGDRCJ6A,0,0,0,0,0
11/7/2025,ENRGHDCK6A,82,82,82,82,600
11/7/2025,ENRGHDCZ5A,0,0,0,0,0
11/7/2025,ENRGZPCG6A,0,0,0,0,0
11/7/2025,ENRGZPCK6A,45,45,43,43,14200
11/7/2025,ENVY,0,0,0,0,0
11/7/2025,ENZO,43,43,43,43,320000
11/7/2025,EPAC,21,22,21,22,874900
11/7/2025,EPMT,2370,2390,2350,2350,6100
11/7/2025,ERAA,424,430,422,428,28866400
11/7/2025,ERAABQCZ5A,5,6,5,6,277200
11/7/2025,ERAADRCJ6A,7,8,7,8,1805700
11/7/2025,ERAAHDCZ5A,13,13,13,13,5000
11/7/2025,ERAAZPCH6A,0,0,0,0,0
11/7/2025,ERAL,288,296,286,292,5629900
11/7/2025,ERTX,179,184,177,178,1805900
11/7/2025,ESIP,108,110,108,110,4129300
11/7/2025,ESSA,630,670,630,655,119524200
11/7/2025,ESSABQCZ5A,30,34,30,34,2840500
11/7/2025,ESSADRCN6A,34,36,33,35,478000
11/7/2025,ESSAHDCH6A,50,51,49,51,10500
11/7/2025,ESSAYUCZ5A,31,32,31,32,10100
11/7/2025,ESSAZPCK6A,18,19,17,18,1293700
11/7/2025,ESTA,228,236,220,222,11164500
11/7/2025,ESTI,128,129,128,128,357000
11/7/2025,ETWA,0,0,0,0,0
11/7/2025,EURO,324,332,310,318,249000
11/7/2025,EXCL,2740,2750,2690,2740,5969100
11/7/2025,EXCLHDCJ6A,28,31,28,31,205800
11/7/2025,EXCLZPCF6A,0,0,0,0,0
11/7/2025,EXCLZPCM6A,0,0,0,0,0
11/7/2025,EXCLZPCN6A,35,36,35,36,3700
11/7/2025,FAPA,6200,6225,6175,6200,8000
11/7/2025,FAST,605,615,585,595,17875900
11/7/2025,FASW,0,0,0,0,0
11/7/2025,FILM,5675,5775,5400,5625,7682800
11/7/2025,FIMP,0,0,0,0,0
11/7/2025,FIRE,83,84,82,83,3409200
11/7/2025,FISH,1740,1745,1680,1680,233800
11/7/2025,FITT,940,975,940,955,285500
11/7/2025,FLMC,230,230,208,208,7267500
11/7/2025,FMII,362,362,352,356,15600
11/7/2025,FOLK,312,320,290,296,4075700
11/7/2025,FOOD,0,0,0,0,0
11/7/2025,FORE,510,525,505,510,4611400
11/7/2025,FORU,1175,1175,1080,1140,123900
11/7/2025,FPNI,422,515,422,515,235002400
11/7/2025,FUJI,700,740,685,715,1871300
11/7/2025,FUTR,805,810,740,750,152194900
11/7/2025,FWCT,142,143,140,141,4253900
11/7/2025,GAMA,0,0,0,0,0
11/7/2025,GDST,118,118,115,115,1673100
11/7/2025,GDYR,1115,1120,1115,1115,12200
11/7/2025,GEMA,94,99,88,92,55522200
11/7/2025,GEMS,9100,9375,9075,9275,435100
11/7/2025,GGRM,17300,17300,16775,16850,3259800
11/7/2025,GGRMZPCG6A,216,224,208,208,1612200
11/7/2025,GGRP,206,252,200,204,19031700
11/7/2025,GHON,1715,1715,1700,1710,1700
11/7/2025,GIAA,110,110,110,110,35472900
11/7/2025,GJTL,1055,1095,1050,1080,19813000
11/7/2025,GJTLZPCJ6A,22,25,22,24,6037900
11/7/2025,GLOB,0,0,0,0,0
11/7/2025,GLVA,356,382,356,370,198000
11/7/2025,GMFI,86,86,86,86,2496400
11/7/2025,GMTD,2200,2750,2200,2750,69000
11/7/2025,GOLD,294,300,292,292,117400
11/7/2025,GOLF,200,202,200,200,543600
11/7/2025,GOLL,0,0,0,0,0
11/7/2025,GOOD,364,366,358,366,369100
11/7/2025,GOTO,61,63,60,61,3833751700
11/7/2025,GOTOBQCJ6A,8,9,8,9,5026600
11/7/2025,GOTOBQCQ6A,11,11,9,10,888200
11/7/2025,GOTOBQCZ5A,3,4,3,4,10271100
11/7/2025,GOTODRCG6A,8,9,7,8,1394000
11/7/2025,GOTOHDCK6A,18,18,16,18,2300
11/7/2025,GOTOM,0,0,0,0,0
11/7/2025,GOTOZPCH6A,24,26,24,25,2873900
11/7/2025,GOTOZPCK6A,14,14,13,13,400
11/7/2025,GPRA,130,132,129,131,9722000
11/7/2025,GPSO,815,815,775,780,2605700
11/7/2025,GRIA,99,101,98,99,2640500
11/7/2025,GRPH,65,65,63,64,4753100
11/7/2025,GRPM,60,62,60,60,1075000
11/7/2025,GRPM-W,16,16,15,15,3186600
11/7/2025,GSMF,96,97,94,96,2494900
11/7/2025,GTBO,210,212,206,208,85200
11/7/2025,GTRA,318,330,312,320,3786900
11/7/2025,GTSI,123,125,120,123,82237400
11/7/2025,GULA,404,406,390,392,1393500
11/7/2025,GUNA,278,280,274,276,233000
11/7/2025,GWSA,148,148,144,145,285200
11/7/2025,GZCO,276,280,270,276,38074200
11/7/2025,HADE,24,24,24,24,259100
11/7/2025,HAIS,212,214,206,208,3335600
11/7/2025,HAJJ,118,119,116,118,10157300
11/7/2025,HAJJ-W,15,16,15,15,1369900
11/7/2025,HALO,109,117,107,113,83596800
11/7/2025,HALO-W,14,14,12,14,5621200
11/7/2025,HATM,282,282,276,280,20712000
11/7/2025,HBAT,216,236,212,234,3501600
11/7/2025,HDFA,160,206,160,193,34036900
11/7/2025,HDIT,44,48,44,48,3055900
11/7/2025,HEAL,1505,1505,1450,1480,5507300
11/7/2025,HEALBQCZ5A,10,10,10,10,58100
11/7/2025,HEALDRCJ6A,0,0,0,0,0
11/7/2025,HEALHDCH6A,0,0,0,0,0
11/7/2025,HEALYUCZ5A,20,20,20,20,100500
11/7/2025,HEALZPCH6A,0,0,0,0,0
11/7/2025,HEALZPCN6A,0,0,0,0,0
11/7/2025,HELI,246,246,242,242,196300
11/7/2025,HERO,525,555,525,525,227200
11/7/2025,HEXA,4640,4670,4640,4650,143200
11/7/2025,HGII,160,161,158,160,6556000
11/7/2025,HILL,160,176,159,161,6050800
11/7/2025,HITS,0,0,0,0,0
11/7/2025,HKMU,0,0,0,0,0
11/7/2025,HMSP,870,875,850,855,68132700
11/7/2025,HOKI,75,75,73,74,29086900
11/7/2025,HOME,0,0,0,0,0
11/7/2025,HOMI,482,492,420,454,3256100
11/7/2025,HOPE,120,121,112,118,4884900
11/7/2025,HOTL,0,0,0,0,0
11/7/2025,HRME,39,39,39,39,90400
11/7/2025,HRTA,1240,1245,1215,1220,12390400
11/7/2025,HRUM,1030,1055,1030,1040,12210900
11/7/2025,HRUMDRCN6A,35,37,35,35,525000
11/7/2025,HRUMHDCK6A,41,42,41,41,165000
11/7/2025,HRUMZPCG6A,50,50,49,49,203000
11/7/2025,HRUMZPCM6A,28,29,28,28,62000
11/7/2025,HUMI,124,126,122,124,20020800
11/7/2025,HUMI-W,20,20,19,20,6340600
11/7/2025,HYGN,173,173,170,173,532400
11/7/2025,IATA,70,70,69,70,3681200
11/7/2025,IBFN,48,48,48,48,340900
11/7/2025,IBOS,53,54,51,52,13546700
11/7/2025,IBST,5050,5050,5050,5050,200
11/7/2025,ICBP,8550,8650,8550,8600,5446000
11/7/2025,ICBPDRCX6A,0,0,0,0,0
11/7/2025,ICBPHDCJ6A,21,23,21,22,71000
11/7/2025,ICBPZPCX5A,4,4,2,3,2064400
11/7/2025,ICON,43,50,43,50,409500
11/7/2025,IDEA,74,75,69,72,2071700
11/7/2025,IDPR,304,352,302,312,1504900
11/7/2025,IFII,226,230,224,230,181100
11/7/2025,IFSH,790,830,785,815,41600
11/7/2025,IGAR,500,510,500,505,17200
11/7/2025,IIKP,0,0,0,0,0
11/7/2025,IKAI,14,14,14,14,40513500
11/7/2025,IKAN,117,118,114,115,9856800
11/7/2025,IKBI,545,545,530,545,17600
11/7/2025,IKPM,238,242,232,238,1934400
11/7/2025,IMAS,1145,1165,1120,1155,338900
11/7/2025,IMJS,238,246,236,240,21937100
11/7/2025,IMPC,2720,2740,2590,2620,34279600
11/7/2025,INAF,0,0,0,0,0
11/7/2025,INAI,154,155,150,154,37800
11/7/2025,INCF,44,44,43,43,327300
11/7/2025,INCI,675,695,650,660,117500
11/7/2025,INCO,4550,4580,4440,4510,4862100
11/7/2025,INCOBQCF6A,0,0,0,0,0
11/7/2025,INCOBQCJ6A,60,60,60,60,100
11/7/2025,INCOBQCN6A,108,108,107,107,59600
11/7/2025,INCODRCG6A,0,0,0,0,0
11/7/2025,INCODRCK6A,0,0,0,0,0
11/7/2025,INCODRCX5A,0,0,0,0,0
11/7/2025,INCOHDCJ6A,0,0,0,0,0
11/7/2025,INCOYUCZ5A,0,0,0,0,0
11/7/2025,INCOZPCK6A,0,0,0,0,0
11/7/2025,INCOZPCN6A,96,96,96,96,6100
11/7/2025,INCOZPCX5A,0,0,0,0,0
11/7/2025,INDF,7075,7150,7050,7125,4622900
11/7/2025,INDFDRCX6A,0,0,0,0,0
11/7/2025,INDFHDCJ6A,15,15,15,15,90300
11/7/2025,INDO,226,226,222,224,4600800
11/7/2025,INDR,2930,3080,2700,2930,239900
11/7/2025,INDS,228,228,224,226,135800
11/7/2025,INDX,174,178,166,170,14249500
11/7/2025,INDY,1945,1950,1915,1920,8525900
11/7/2025,INDYDRCN6A,78,78,78,78,1000
11/7/2025,INDYHDCJ6A,169,171,169,169,1900
11/7/2025,INDYZPCG6A,88,88,88,88,3500
11/7/2025,INDYZPCN6A,0,0,0,0,0
11/7/2025,INET,314,344,314,320,1286319600
11/7/2025,INET-W,216,246,212,222,18745100
11/7/2025,INKP,7525,7525,7350,7500,3649900
11/7/2025,INKPBQCX5A,23,25,22,25,66500
11/7/2025,INKPDRCF6A,148,148,148,148,100
11/7/2025,INKPDRCG6A,57,58,54,58,15575200
11/7/2025,INKPHDCK6A,0,0,0,0,0
11/7/2025,INKPZPCF6A,0,0,0,0,0
11/7/2025,INKPZPCK6A,29,29,28,29,14100
11/7/2025,INOV,150,154,142,147,13339200
11/7/2025,INPC,154,160,154,158,17856800
11/7/2025,INPP,670,695,665,695,28900
11/7/2025,INPS,160,167,160,167,373300
11/7/2025,INRU,700,720,700,720,31800
11/7/2025,INTA,38,38,38,38,447900
11/7/2025,INTD,216,242,216,218,1124600
11/7/2025,INTP,6475,6700,6475,6675,1764500
11/7/2025,INTPDRCN6A,0,0,0,0,0
11/7/2025,INTPHDCM6A,0,0,0,0,0
11/7/2025,INTPZPCG6A,58,58,58,58,100
11/7/2025,INTPZPCM6A,0,0,0,0,0
11/7/2025,IOTF,84,92,84,87,102098600
11/7/2025,IPAC,250,250,228,242,1299600
11/7/2025,IPCC,1200,1210,1190,1190,823100
11/7/2025,IPCM,328,328,326,328,743400
11/7/2025,IPOL,135,176,131,133,51677300
11/7/2025,IPPE,0,0,0,0,0
11/7/2025,IPTV,40,40,40,40,3215800
11/7/2025,IRRA,446,452,446,448,572900
11/7/2025,IRSX,206,206,200,202,8741200
11/7/2025,ISAP,31,31,29,31,34174800
11/7/2025,ISAP-W,16,20,15,18,120540900
11/7/2025,ISAT,1990,2160,1975,2150,58884400
11/7/2025,ISATBQCF6A,25,32,25,31,158400
11/7/2025,ISATBQCJ6A,51,55,51,55,57700
11/7/2025,ISATDRCG6A,40,56,40,53,13953100
11/7/2025,ISATDRCX5A,38,49,37,48,3200
11/7/2025,ISATHDCJ6A,16,25,16,24,34575500
11/7/2025,ISATZPCF6A,29,32,27,30,77200
11/7/2025,ISEA,85,91,85,87,14660400
11/7/2025,ISSP,424,424,418,422,426600
11/7/2025,ITIC,466,470,438,448,6543600
11/7/2025,ITMA,1240,1295,1220,1265,20003800
11/7/2025,ITMG,23400,23425,23300,23400,1131000
11/7/2025,ITMGDRCV6A,154,154,154,154,5000
11/7/2025,ITMGHDCJ6A,147,148,147,148,6200
11/7/2025,ITMGZPCJ6A,0,0,0,0,0
11/7/2025,JARR,3730,3770,3660,3670,10211000
11/7/2025,JAST,92,94,91,93,6752300
11/7/2025,JATI,119,133,118,121,51676000
11/7/2025,JAWA,177,178,170,172,9817900
11/7/2025,JAYA,109,109,107,107,975700
11/7/2025,JECC,1110,1125,1095,1115,123700
11/7/2025,JGLE,18,19,18,19,49590600
11/7/2025,JIHD,595,610,595,600,679000
11/7/2025,JKON,83,85,83,84,7478900
11/7/2025,JMAS,152,155,150,151,1358500
11/7/2025,JPFA,2430,2430,2260,2300,46691500
11/7/2025,JPFABQCZ5A,0,0,0,0,0
11/7/2025,JPFADRCJ6A,117,117,99,99,238000
11/7/2025,JPFAHDCZ5A,0,0,0,0,0
11/7/2025,JPFAZPCG6A,185,185,185,185,100000
11/7/2025,JPFAZPCN6A,26,27,21,25,675000
11/7/2025,JRPT,860,865,855,865,1081100
11/7/2025,JSKY,0,0,0,0,0
11/7/2025,JSMR,3580,3610,3530,3580,8017100
11/7/2025,JSMRDRCK6A,0,0,0,0,0
11/7/2025,JSMRHDCH6A,0,0,0,0,0
11/7/2025,JSMRZPCG6A,0,0,0,0,0
11/7/2025,JSPT,3460,3490,3450,3480,6100
11/7/2025,JTPE,368,376,366,370,7429000
11/7/2025,KAEF,565,590,565,580,1390100
11/7/2025,KAQI,72,74,69,72,39166100
11/7/2025,KARW,555,555,555,555,311200
11/7/2025,KAYU,0,0,0,0,0
11/7/2025,KBAG,42,42,42,42,1356100
11/7/2025,KBLI,346,346,338,342,447200
11/7/2025,KBLM,372,372,358,358,181400
11/7/2025,KBLV,145,146,141,142,17463200
11/7/2025,KBRI,0,0,0,0,0
11/7/2025,KDSI,462,470,454,468,132400
11/7/2025,KDTN,165,208,158,200,66915700
11/7/2025,KEEN,1090,1100,1025,1040,16092600
11/7/2025,KEJU,745,750,730,735,601300
11/7/2025,KETR,400,408,398,400,5134000
11/7/2025,KIAS,0,0,0,0,0
11/7/2025,KICI,270,270,250,264,1375600
11/7/2025,KIJA,191,191,189,191,11792100
11/7/2025,KING,204,208,204,206,475900
11/7/2025,KING-W,11,12,10,11,7466700
11/7/2025,KINO,1280,1320,1280,1300,37200
11/7/2025,KIOS,78,80,76,78,14025600
11/7/2025,KJEN,192,192,186,190,966500
11/7/2025,KKES,26,27,26,26,808300
11/7/2025,KKGI,326,330,324,326,3010800
11/7/2025,KLAS,129,131,125,128,12934600
11/7/2025,KLBF,1255,1300,1255,1265,103737300
11/7/2025,KLBFBQCF6A,29,29,29,29,10128000
11/7/2025,KLBFBQCJ6A,0,0,0,0,0
11/7/2025,KLBFDRCG6A,17,19,17,18,182000
11/7/2025,KLBFHDCK6A,72,72,71,71,4300
11/7/2025,KLBFZPCF6A,18,19,18,19,3300
11/7/2025,KLBFZPCJ6A,0,0,0,0,0
11/7/2025,KLIN,170,173,167,168,240000
11/7/2025,KMDS,710,710,695,710,14400
11/7/2025,KMTR,278,336,274,276,7382800
11/7/2025,KOBX,166,166,162,164,640900
11/7/2025,KOCI,84,85,83,83,2579200
11/7/2025,KOCI-W,15,15,14,15,294000
11/7/2025,KOIN,73,73,68,68,78700
11/7/2025,KOKA,0,0,0,0,0
11/7/2025,KONI,0,0,0,0,0
11/7/2025,KOPI,332,332,318,326,1025300
11/7/2025,KOTA,35,35,35,35,6078900
11/7/2025,KPIG,147,148,143,147,82237100
11/7/2025,KRAS,344,360,342,350,53681100
11/7/2025,KREN,16,16,16,16,41224100
11/7/2025,KRYA,194,196,185,186,27803400
11/7/2025,KSIX,334,370,328,362,4817800
11/7/2025,KUAS,66,67,65,67,916100
11/7/2025,LABA,298,300,238,250,210874100
11/7/2025,LABS,143,144,142,143,1118400
11/7/2025,LAJU,70,70,68,69,12795900
11/7/2025,LAND,29,30,29,30,1325400
11/7/2025,LAPD,175,182,175,182,15921500
11/7/2025,LCGP,0,0,0,0,0
11/7/2025,LCKM,210,252,210,234,2399900
11/7/2025,LEAD,77,78,76,77,33118900
11/7/2025,LFLO,545,545,498,498,112400
11/7/2025,LIFE,8475,8475,8200,8450,1400
11/7/2025,LINK,3200,3250,3050,3150,221000
11/7/2025,LION,412,414,406,414,76400
11/7/2025,LIVE,204,206,200,204,5268500
11/7/2025,LMAS,0,0,0,0,0
11/7/2025,LMAX,82,89,80,88,4754300
11/7/2025,LMPI,148,148,144,147,23800
11/7/2025,LMSH,0,0,0,0,0
11/7/2025,LOPI,90,95,88,89,6380200
11/7/2025,LPCK,600,600,590,595,271500
11/7/2025,LPGI,740,925,740,760,1098800
11/7/2025,LPIN,460,460,454,454,181800
11/7/2025,LPKR,87,88,86,87,30245700
11/7/2025,LPLI,525,525,482,486,683800
11/7/2025,LPPF,1735,1745,1705,1740,1107000
11/7/2025,LPPS,118,118,112,116,10511500
11/7/2025,LRNA,177,184,176,176,327800
11/7/2025,LSIP,1410,1420,1400,1415,4998400
11/7/2025,LSIPDRCK6A,0,0,0,0,0
11/7/2025,LSIPHDCJ6A,0,0,0,0,0
11/7/2025,LSIPYUCZ5A,51,51,51,51,100
11/7/2025,LSIPZPCG6A,0,0,0,0,0
11/7/2025,LTLS,865,880,860,875,204300
11/7/2025,LUCK,111,114,110,110,15106900
11/7/2025,LUCY,110,110,106,107,32100
11/7/2025,MABA,0,0,0,0,0
11/7/2025,MAGP,0,0,0,0,0
11/7/2025,MAHA,140,141,139,140,2203100
11/7/2025,MAIN,830,835,810,810,3026400
11/7/2025,MANG,54,55,53,54,5176300
11/7/2025,MANG-W,20,21,19,20,9019900
11/7/2025,MAPA,785,785,755,770,24742300
11/7/2025,MAPABQCZ5A,27,27,25,25,700
11/7/2025,MAPADRCJ6A,27,27,26,27,122000
11/7/2025,MAPAHDCZ5A,0,0,0,0,0
11/7/2025,MAPAZPCH6A,45,45,45,45,111100
11/7/2025,MAPB,1620,1620,1615,1615,2000
11/7/2025,MAPI,1440,1445,1385,1390,30503900
11/7/2025,MAPIBQCK6A,44,44,44,44,3357800
11/7/2025,MAPIDRCX5A,23,23,18,20,4700900
11/7/2025,MAPIHDCK6A,106,106,104,104,65000
11/7/2025,MAPIZPCJ6A,67,67,67,67,209600
11/7/2025,MARI,32,32,32,32,992800
11/7/2025,MARK,670,690,665,675,17327300
11/7/2025,MASB,3230,3230,3230,3230,100
11/7/2025,MAXI,56,57,54,55,18636200
11/7/2025,MAYA,238,242,234,234,2967300
11/7/2025,MBAP,1620,1625,1585,1600,127900
11/7/2025,MBMA,640,660,630,645,115837300
11/7/2025,MBMABQCX5A,46,53,44,48,4030600
11/7/2025,MBMADRCG6A,28,30,27,29,3309400
11/7/2025,MBMADRCX5A,83,83,83,83,2700
11/7/2025,MBMADRPX5A,1,2,1,1,45888100
11/7/2025,MBMAHDCH6A,0,0,0,0,0
11/7/2025,MBMAHDCN6A,0,0,0,0,0
11/7/2025,MBMAYUCK6A,142,142,142,142,1800
11/7/2025,MBMAZPCK6A,39,39,38,38,101900
11/7/2025,MBMAZPCN6A,31,31,31,31,1100
11/7/2025,MBMAZPCX5A,0,0,0,0,0
11/7/2025,MBSS,1370,1390,1355,1365,1120400
11/7/2025,MBTO,194,196,186,186,4364100
11/7/2025,MCAS,810,810,790,810,136100
11/7/2025,MCOL,3810,3850,3810,3850,31700
11/7/2025,MCOR,74,74,72,73,9028200
11/7/2025,MDIA,32,33,32,33,469400
11/7/2025,MDIY,1085,1085,1070,1070,1317300
11/7/2025,MDKA,2430,2450,2400,2420,22585400
11/7/2025,MDKABQCX5B,10,11,10,10,23930300
11/7/2025,MDKADRCG6A,66,66,65,65,106000
11/7/2025,MDKADRCK6A,66,66,66,66,2500
11/7/2025,MDKADRPX5A,4,4,4,4,10800
11/7/2025,MDKAHDCN6A,73,73,73,73,100
11/7/2025,MDKAHDCZ5A,97,97,97,97,800
11/7/2025,MDKAHDPH6A,0,0,0,0,0
11/7/2025,MDKAHDPJ6A,0,0,0,0,0
11/7/2025,MDKAYUCK6A,0,0,0,0,0
11/7/2025,MDKAZPCF6A,60,60,60,60,800
11/7/2025,MDKI,191,206,189,202,8564500
11/7/2025,MDLA,238,240,236,236,1252100
11/7/2025,MDLN,60,62,59,60,18422200
11/7/2025,MDRN,41,41,41,41,5827800
11/7/2025,MEDC,1320,1330,1310,1320,25869100
11/7/2025,MEDCBQCX5B,10,10,8,9,30379000
11/7/2025,MEDCBQCZ5A,0,0,0,0,0
11/7/2025,MEDCDRCG6A,29,31,29,31,257400
11/7/2025,MEDCHDCH6A,0,0,0,0,0
11/7/2025,MEDCZPCF6A,0,0,0,0,0
11/7/2025,MEDS,61,65,60,64,34126900
11/7/2025,MEGA,3300,3300,3280,3280,4000
11/7/2025,MEJA,0,0,0,0,0
11/7/2025,MEJA-W,0,0,0,0,0
11/7/2025,MENN,0,0,0,0,0
11/7/2025,MERI,216,216,212,212,2252100
11/7/2025,MERK,3100,3120,3060,3100,131700
11/7/2025,META,0,0,0,0,0
11/7/2025,MFMI,0,0,0,0,0
11/7/2025,MGLV,805,860,710,850,2419200
11/7/2025,MGNA,94,94,93,93,9153300
11/7/2025,MGNA-W,63,83,63,82,140200
11/7/2025,MGRO,765,770,750,760,5883000
11/7/2025,MHKI,256,256,246,250,14634700
11/7/2025,MICE,650,675,640,655,453100
11/7/2025,MIDI,410,412,404,406,10491000
11/7/2025,MIKA,2630,2700,2630,2640,4000600
11/7/2025,MIKADRCV6A,0,0,0,0,0
11/7/2025,MIKAHDCN6A,0,0,0,0,0
11/7/2025,MIKAZPCG6A,0,0,0,0,0
11/7/2025,MINA,179,195,177,182,467071200
11/7/2025,MINE,488,490,482,486,3509400
11/7/2025,MIRA,39,39,39,39,23170400
11/7/2025,MITI,300,300,290,300,2421200
11/7/2025,MKAP,348,348,344,346,117100
11/7/2025,MKNT,0,0,0,0,0
11/7/2025,MKPI,24425,24425,24400,24425,6100
11/7/2025,MKTR,147,153,143,145,3470400
11/7/2025,MLBI,5825,5875,5800,5800,365300
11/7/2025,MLIA,342,342,336,338,2507200
11/7/2025,MLPL,131,132,129,130,50562500
11/7/2025,MLPT,79800,79800,78600,78800,7700
11/7/2025,MMIX,248,248,238,242,4132100
11/7/2025,MMLP,565,565,560,565,1126200
11/7/2025,MNCN,268,274,266,270,21463200
11/7/2025,MNCNDRCN6A,0,0,0,0,0
11/7/2025,MNCNHDCM6A,26,27,26,27,6700
11/7/2025,MNCNZPCM6A,13,13,12,12,1026600
11/7/2025,MOLI,294,306,290,302,2529000
11/7/2025,MORA,2370,2370,2370,2370,2940500
11/7/2025,MPIX,67,67,64,66,4949200
11/7/2025,MPIX-W,10,10,9,10,390000
11/7/2025,MPMX,970,970,965,965,2907100
11/7/2025,MPOW,118,118,116,117,2950300
11/7/2025,MPPA,60,61,59,59,27312000
11/7/2025,MPRO,6950,7150,6600,7000,117600
11/7/2025,MPXL,232,236,230,234,2666200
11/7/2025,MRAT,388,390,378,384,331000
11/7/2025,MREI,985,990,965,985,143400
11/7/2025,MSIE,49,51,45,49,20511100
11/7/2025,MSIN,525,530,505,510,29592100
11/7/2025,MSJA,292,296,290,292,3722500
11/7/2025,MSKY,82,82,80,80,3606600
11/7/2025,MSTI,1455,1455,1420,1420,953200
11/7/2025,MTDL,600,605,595,595,7662800
11/7/2025,MTEL,555,560,550,560,5683400
11/7/2025,MTELDRCK6A,14,14,14,14,8000
11/7/2025,MTELHDCM6A,0,0,0,0,0
11/7/2025,MTELZPCM6A,13,13,13,13,17400
11/7/2025,MTFN,17,17,17,17,36186300
11/7/2025,MTLA,426,450,424,450,364000
11/7/2025,MTMH,1160,1195,1135,1145,54300
11/7/2025,MTPS,0,0,0,0,0
11/7/2025,MTRA,0,0,0,0,0
11/7/2025,MTSM,0,0,0,0,0
11/7/2025,MTWI,356,356,350,350,23000
11/7/2025,MUTU,108,111,106,106,1384300
11/7/2025,MYOH,1565,1565,1550,1550,51000
11/7/2025,MYOR,2030,2060,2010,2050,19661100
11/7/2025,MYORDRCK6A,47,49,45,49,3150300
11/7/2025,MYORHDCM6A,40,40,40,40,18400
11/7/2025,MYORZPCH6A,0,0,0,0,0
11/7/2025,MYTX,0,0,0,0,0
11/7/2025,NAIK,118,120,117,119,6132700
11/7/2025,NAIK-W,18,18,17,18,4646000
11/7/2025,NANO,54,55,52,53,12119600
11/7/2025,NASA,29,30,29,30,2311500
11/7/2025,NASI,102,105,101,103,3031300
11/7/2025,NATO,150,150,146,147,110600
11/7/2025,NAYZ,172,172,165,172,629800
11/7/2025,NCKL,1105,1140,1105,1125,41150200
11/7/2025,NCKLBQCM6A,39,39,38,39,238200
11/7/2025,NCKLDRCK6A,45,46,45,46,2000800
11/7/2025,NCKLHDCK6A,65,65,65,65,6300
11/7/2025,NCKLYUCZ5A,102,103,101,103,7100
11/7/2025,NCKLZPCJ6A,69,69,68,68,3600
11/7/2025,NCKLZPCM6A,30,32,30,31,210500
11/7/2025,NELY,350,350,346,348,287300
11/7/2025,NEST,368,370,360,362,11506500
11/7/2025,NETV,107,108,105,106,1244300
11/7/2025,NFCX,1725,1780,1725,1755,29400
11/7/2025,NICE,416,418,410,416,2722900
11/7/2025,NICK,1260,1260,1175,1175,18600
11/7/2025,NICL,965,985,965,970,3234900
11/7/2025,NIKL,372,380,362,362,5715500
11/7/2025,NINE,0,0,0,0,0
11/7/2025,NIRO,0,0,0,0,0
11/7/2025,NISP,1390,1390,1380,1385,2684200
11/7/2025,NOBU,505,515,505,505,1912900
11/7/2025,NPGF,62,64,61,61,13589200
11/7/2025,NRCA,685,840,665,840,45314200
11/7/2025,NSSS,500,500,494,500,4162300
11/7/2025,NTBK,185,206,161,170,534629500
11/7/2025,NUSA,0,0,0,0,0
11/7/2025,NZIA,111,111,109,110,280100
11/7/2025,OASA,218,220,208,212,91065900
11/7/2025,OBAT,442,442,424,434,1334100
11/7/2025,OBAT-W,91,94,87,90,1544300
11/7/2025,OBMD,254,254,244,248,325600
11/7/2025,OCAP,0,0,0,0,0
11/7/2025,OILS,206,214,200,208,7938600
11/7/2025,OKAS,144,144,140,141,4202900
11/7/2025,OLIV,113,123,113,123,39986000
11/7/2025,OMED,196,198,194,197,806800
11/7/2025,OMRE,0,0,0,0,0
11/7/2025,OPMS,108,126,103,106,152828700
11/7/2025,PACK,2800,2920,2700,2800,10033900
11/7/2025,PADA,100,103,100,102,28211800
11/7/2025,PADI,71,78,71,76,7275800
11/7/2025,PALM,386,394,386,386,537800
11/7/2025,PAMG,69,70,67,69,2663300
11/7/2025,PANI,14325,14825,14300,14575,14359800
11/7/2025,PANIBQCZ5A,25,27,24,25,1278700
11/7/2025,PANIDRCG6A,72,75,70,71,693900
11/7/2025,PANIHDCJ6A,102,110,102,105,6399100
11/7/2025,PANIHDCN6A,90,92,89,89,385700
11/7/2025,PANIHDCZ5A,135,142,135,135,291300
11/7/2025,PANIZPCJ6A,64,67,62,65,6190900
11/7/2025,PANIZPCN6A,0,0,0,0,0
11/7/2025,PANR,680,680,660,660,1480900
11/7/2025,PANS,1445,1460,1445,1455,84000
11/7/2025,PART,133,138,132,134,48040100
11/7/2025,PART-W,21,21,19,21,13944500
11/7/2025,PBID,490,494,488,488,503900
11/7/2025,PBRX,38,39,38,39,24620500
11/7/2025,PBSA,935,935,920,930,509900
11/7/2025,PCAR,34,36,34,35,1332600
11/7/2025,PDES,635,635,605,610,38400
11/7/2025,PDPP,404,422,398,406,477800
11/7/2025,PEGE,126,130,125,125,652400
11/7/2025,PEHA,330,330,320,328,304100
11/7/2025,PEVE,498,505,498,505,237500
11/7/2025,PGAS,1730,1765,1725,1760,41713200
11/7/2025,PGASBQCZ5A,0,0,0,0,0
11/7/2025,PGASDRCG6A,0,0,0,0,0
11/7/2025,PGASDRCG6B,0,0,0,0,0
11/7/2025,PGASHDCK6A,0,0,0,0,0
11/7/2025,PGASZPCJ6A,40,40,40,40,11400
11/7/2025,PGEO,1275,1275,1260,1270,22450600
11/7/2025,PGEOBQCF6A,25,25,24,24,268500
11/7/2025,PGEOBQCJ6A,35,35,35,35,5000
11/7/2025,PGEOBQCX5B,3,3,1,3,14746900
11/7/2025,PGEODRCJ6A,22,23,22,23,500100
11/7/2025,PGEOHDCH6A,0,0,0,0,0
11/7/2025,PGEOHDCH6B,0,0,0,0,0
11/7/2025,PGEOHDPH6A,0,0,0,0,0
11/7/2025,PGEOYUCK6A,68,68,68,68,100
11/7/2025,PGEOZPCJ6A,30,30,30,30,16700
11/7/2025,PGEOZPCM6A,0,0,0,0,0
11/7/2025,PGJO,1025,1050,985,1000,200200
11/7/2025,PGLI,515,515,464,490,4646800
11/7/2025,PGUN,13100,13325,12950,13175,47200
11/7/2025,PICO,276,280,248,252,16882600
11/7/2025,PIPA,300,312,274,292,195907000
11/7/2025,PJAA,515,530,515,515,54500
11/7/2025,PJHB,515,515,515,515,19423200
11/7/2025,PJHB-W,452,510,416,484,124191400
11/7/2025,PKPK,625,625,605,625,280200
11/7/2025,PLAN,47,51,47,50,8089500
11/7/2025,PLAS,0,0,0,0,0
11/7/2025,PLIN,0,0,0,0,0
11/7/2025,PMJS,117,118,116,117,40000
11/7/2025,PMMP,0,0,0,0,0
11/7/2025,PMUI,152,152,146,150,2271000
11/7/2025,PNBN,1020,1025,1010,1015,6244600
11/7/2025,PNBS,54,56,53,54,51699200
11/7/2025,PNGO,3090,3130,3090,3090,22100
11/7/2025,PNIN,800,800,785,790,1191500
11/7/2025,PNLF,240,240,236,236,30161200
11/7/2025,PNLFBQCM6A,18,18,18,18,1500
11/7/2025,PNLFDRCJ6A,10,10,10,10,1000
11/7/2025,PNLFHDCZ5A,0,0,0,0,0
11/7/2025,PNLFZPCH6A,0,0,0,0,0
11/7/2025,PNSE,720,720,710,720,6900
11/7/2025,POLA,38,38,35,35,1589800
11/7/2025,POLI,760,760,760,760,100
11/7/2025,POLL,0,0,0,0,0
11/7/2025,POLU,24950,25225,23575,24800,22800
11/7/2025,POLY,26,26,26,26,717100
11/7/2025,POOL,0,0,0,0,0
11/7/2025,PORT,1235,1250,1215,1220,11800
11/7/2025,POSA,0,0,0,0,0
11/7/2025,POWR,705,710,700,710,4828900
11/7/2025,PPGL,140,147,126,140,3911400
11/7/2025,PPRE,120,125,118,123,21892200
11/7/2025,PPRI,330,338,322,326,5361200
11/7/2025,PPRO,0,0,0,0,0
11/7/2025,PRAY,825,840,755,825,132900
11/7/2025,PRDA,2580,2580,2550,2560,66000
11/7/2025,PRIM,79,85,78,79,31164100
11/7/2025,PSAB,570,575,560,560,55585300
11/7/2025,PSAT,1350,1350,1335,1345,327300
11/7/2025,PSDN,104,104,102,102,2292800
11/7/2025,PSGO,224,226,220,220,637500
11/7/2025,PSKT,128,137,128,136,16848300
11/7/2025,PSSI,350,350,346,348,192000
11/7/2025,PTBA,2390,2390,2370,2390,9184800
11/7/2025,PTBADRCG6A,16,16,16,16,408200
11/7/2025,PTBAHDCM6A,0,0,0,0,0
11/7/2025,PTBAYUCZ5A,72,72,72,72,200
11/7/2025,PTBAZPCH6A,0,0,0,0,0
11/7/2025,PTDU,0,0,0,0,0
11/7/2025,PTIS,406,406,394,398,19400
11/7/2025,PTMP,85,90,84,85,17651900
11/7/2025,PTMR,0,0,0,0,0
11/7/2025,PTPP,378,382,376,378,4089300
11/7/2025,PTPS,206,206,200,200,10677400
11/7/2025,PTPW,960,960,940,950,63600
11/7/2025,PTRO,7950,8725,7900,8550,114080900
11/7/2025,PTRODRCG6A,256,314,244,300,3371900
11/7/2025,PTROHDCK6A,440,510,432,496,1796000
11/7/2025,PTROYUCK6A,432,478,430,478,23600
11/7/2025,PTROZPCK6A,222,256,222,246,11735300
11/7/2025,PTROZPCN6A,111,128,108,128,1256100
11/7/2025,PTSN,374,380,374,376,445600
11/7/2025,PTSP,1270,1285,1155,1200,192900
11/7/2025,PUDP,735,735,710,710,118300
11/7/2025,PURA,26,26,26,26,1676200
11/7/2025,PURE,0,0,0,0,0
11/7/2025,PURI,615,615,615,615,1589500
11/7/2025,PWON,368,372,366,372,27437100
11/7/2025,PWONDRCN6A,29,29,29,29,100
11/7/2025,PWONHDCZ5A,47,47,47,47,2400
11/7/2025,PWONZPCH6A,65,65,28,28,2300
11/7/2025,PYFA,494,540,488,505,42511500
11/7/2025,PYFA-W,117,120,117,119,135700
11/7/2025,PZZA,228,234,228,232,874100
11/7/2025,RAAM,250,256,250,254,8725500
11/7/2025,R-ABFII,0,0,0,0,0
11/7/2025,RAFI,41,41,38,40,9333000
11/7/2025,RAJA,4310,4630,4260,4600,70177800
11/7/2025,RAJADRCG6A,185,220,183,218,7349900
11/7/2025,RAJAHDCK6A,186,212,184,212,5360100
11/7/2025,RAJAZPCK6A,100,106,92,105,8545000
11/7/2025,RALS,448,448,440,440,8256100
11/7/2025,RANC,870,945,840,870,385100
11/7/2025,RATU,8600,8900,8475,8900,17109900
11/7/2025,RBMS,34,34,34,34,877600
11/7/2025,RCCC,202,202,195,197,2816800
11/7/2025,RDTX,12250,12275,12250,12275,200
11/7/2025,REAL,74,74,71,72,54496500
11/7/2025,RELF,42,44,42,44,7195900
11/7/2025,RELI,660,660,630,650,21900
11/7/2025,RGAS,100,103,97,102,29507800
11/7/2025,RICY,62,62,62,62,334900
11/7/2025,RIGS,785,785,780,780,23200
11/7/2025,RIMO,0,0,0,0,0
11/7/2025,RISE,8050,8550,7900,8550,965300
11/7/2025,R-LQ45X,1050,1050,1026,1026,41700
11/7/2025,RMKE,2760,2860,2720,2790,12998600
11/7/2025,RMKO,226,236,216,224,2594100
11/7/2025,ROCK,515,515,500,500,16500
11/7/2025,RODA,45,45,45,45,141300
11/7/2025,RONY,3290,3290,3290,3290,5700
11/7/2025,ROTI,795,800,790,795,220700
11/7/2025,RSCH,380,382,376,376,1353300
11/7/2025,RSGK,0,0,0,0,0
11/7/2025,RUIS,194,195,192,194,457200
11/7/2025,RUNS,99,106,99,102,395900
11/7/2025,SAFE,248,286,234,262,11991100
11/7/2025,SAGE,31,32,31,32,1982500
11/7/2025,SAME,300,310,296,296,4443800
11/7/2025,SAMF,314,316,310,316,49300
11/7/2025,SAPX,314,314,304,312,758000
11/7/2025,SATU,248,254,248,254,7000800
11/7/2025,SBAT,0,0,0,0,0
11/7/2025,SBMA,131,132,130,132,872500
11/7/2025,SCCO,2380,2480,2380,2400,29800
11/7/2025,SCMA,370,396,364,382,324301200
11/7/2025,SCMABQCZ5A,0,0,0,0,0
11/7/2025,SCMADRCG6A,23,29,22,26,4715100
11/7/2025,SCMADRCK6A,123,140,121,133,57900
11/7/2025,SCMAHDCK6A,54,61,54,57,4434000
11/7/2025,SCMAHDCZ5A,384,386,380,380,1050100
11/7/2025,SCMAYUCK6A,100,101,100,101,30500
11/7/2025,SCMAZPCG6A,228,230,228,228,12900
11/7/2025,SCMAZPCM6A,54,61,54,58,168700
11/7/2025,SCNP,164,165,158,160,1037100
11/7/2025,SCPI,0,0,0,0,0
11/7/2025,SDMU,59,60,59,60,885100
11/7/2025,SDPC,136,140,135,138,95300
11/7/2025,SDRA,290,298,286,288,118600
11/7/2025,SEMA,103,104,102,103,673900
11/7/2025,SFAN,1925,1925,1915,1920,78300
11/7/2025,SGER,498,520,484,496,87972800
11/7/2025,SGRO,5200,5450,5100,5350,2399700
11/7/2025,SHID,900,910,860,875,36800
11/7/2025,SHIP,5250,5325,5150,5200,76800
11/7/2025,SICO,136,137,133,134,3572500
11/7/2025,SIDO,575,575,560,565,28106800
11/7/2025,SIDODRCK6A,0,0,0,0,0
11/7/2025,SIDOHDCN6A,0,0,0,0,0
11/7/2025,SIDOZPCM6A,0,0,0,0,0
11/7/2025,SILO,2320,2350,2250,2340,6557000
11/7/2025,SIMA,0,0,0,0,0
11/7/2025,SIMP,640,640,630,635,7447400
11/7/2025,SINI,6950,6950,6750,6750,205000
11/7/2025,SIPD,705,705,705,705,21000
11/7/2025,SKBM,498,505,480,496,209700
11/7/2025,SKLT,214,218,210,214,593400
11/7/2025,SKRN,765,775,745,745,1924500
11/7/2025,SKYB,0,0,0,0,0
11/7/2025,SLIS,81,81,79,80,9772400
11/7/2025,SLIS-W,14,14,13,14,2237700
11/7/2025,SMAR,5175,5200,5100,5100,81500
11/7/2025,SMBR,292,310,288,300,91352500
11/7/2025,SMCB,0,0,0,0,0
11/7/2025,SMDM,815,830,810,820,178000
11/7/2025,SMDR,314,316,310,310,14544100
11/7/2025,SMGA,120,120,115,116,66502100
11/7/2025,SMGR,2900,2900,2840,2880,7351100
11/7/2025,SMGRBQCX5B,36,36,30,31,50200
11/7/2025,SMGRBQCZ5A,10,10,8,10,11418300
11/7/2025,SMGRDRCG6A,51,51,51,51,500
11/7/2025,SMGRHDCZ5A,71,71,71,71,2200
11/7/2025,SMGRZPCJ6A,0,0,0,0,0
11/7/2025,SMIL,452,458,452,454,79301500
11/7/2025,SMKL,163,170,160,160,362500
11/7/2025,SMKM,175,181,155,159,39889400
11/7/2025,SMLE,304,304,292,304,5389900
11/7/2025,SMMA,13050,13300,13050,13300,15700
11/7/2025,SMMT,1900,1900,1680,1710,2656100
11/7/2025,SMRA,394,398,392,396,26811200
11/7/2025,SMRADRCG6A,30,30,30,30,1700
11/7/2025,SMRADRCJ6A,18,18,18,18,5075500
11/7/2025,SMRAHDCZ5A,0,0,0,0,0
11/7/2025,SMRAZPCH6A,37,37,36,36,201600
11/7/2025,SMRU,0,0,0,0,0
11/7/2025,SMSM,1910,1925,1900,1920,1008900
11/7/2025,SNLK,410,410,402,410,8136800
11/7/2025,SOCI,212,214,210,210,3269100
11/7/2025,SOFA,278,296,270,280,8016300
11/7/2025,SOHO,0,0,0,0,0
11/7/2025,SOLA,132,133,131,132,2695200
11/7/2025,SONA,2690,2690,2440,2460,333600
11/7/2025,SOSS,850,850,845,845,22100
11/7/2025,SOTS,326,326,316,318,35100
11/7/2025,SOUL,81,81,75,80,1516200
11/7/2025,SPMA,370,376,352,368,3880900
11/7/2025,SPRE,123,136,121,133,10027600
11/7/2025,SPTO,665,670,665,670,574700
11/7/2025,SQMI,0,0,0,0,0
11/7/2025,SRAJ,11750,11825,11525,11700,169800
11/7/2025,SRIL,0,0,0,0,0
11/7/2025,SRSN,66,67,64,64,18071500
11/7/2025,SRTG,1690,1700,1665,1675,3533700
11/7/2025,SRTGDRCK6A,65,65,64,64,400000
11/7/2025,SRTGHDCK6A,62,64,62,62,2720900
11/7/2025,SRTGZPCG6A,0,0,0,0,0
11/7/2025,SRTGZPCK6A,29,29,29,29,167300
11/7/2025,SSIA,1560,1810,1545,1710,125029100
11/7/2025,SSMS,1620,1620,1580,1595,6600200
11/7/2025,SSTM,0,0,0,0,0
11/7/2025,STAA,1440,1440,1305,1355,27716000
11/7/2025,STAR,69,69,69,69,54200
11/7/2025,STRK,172,173,169,170,6353400
11/7/2025,STTP,10225,10350,10050,10150,3700
11/7/2025,SUGI,0,0,0,0,0
11/7/2025,SULI,138,140,133,135,1030600
11/7/2025,SUNI,795,800,790,800,326500
11/7/2025,SUPR,0,0,0,0,0
11/7/2025,SURE,2680,2690,2650,2670,2500
11/7/2025,SURI,101,109,99,103,125228800
11/7/2025,SWAT,0,0,0,0,0
11/7/2025,SWID,89,89,87,88,534500
11/7/2025,TALF,466,570,458,505,3288700
11/7/2025,TAMA,31,31,28,28,4428800
11/7/2025,TAMU,32,32,32,32,11542000
11/7/2025,TAPG,1820,1840,1800,1825,6621200
11/7/2025,TAPGDRCG6A,43,43,41,43,1232500
11/7/2025,TAPGDRCJ6A,121,121,121,121,5200
11/7/2025,TAPGHDCH6A,0,0,0,0,0
11/7/2025,TAPGZPCH6A,144,144,144,144,300
11/7/2025,TAPGZPCM6A,43,45,43,44,19500
11/7/2025,TARA,24,26,24,26,1528600
11/7/2025,TAXI,15,15,15,15,74446000
11/7/2025,TAYS,79,94,78,81,339579900
11/7/2025,TBIG,2170,2200,2160,2200,243600
11/7/2025,TBLA,745,750,740,740,2980300
11/7/2025,TBMS,1370,1370,1340,1345,63800
11/7/2025,TCID,3120,3790,3080,3200,247600
11/7/2025,TCPI,8550,8550,7975,8050,6316700
11/7/2025,TDPM,0,0,0,0,0
11/7/2025,TEBE,2410,2450,2330,2400,6684600
11/7/2025,TECH,0,0,0,0,0
11/7/2025,TELE,0,0,0,0,0
11/7/2025,TFAS,244,246,236,238,1445100
11/7/2025,TFCO,0,0,0,0,0
11/7/2025,TGKA,5300,5300,5275,5275,1100
11/7/2025,TGRA,0,0,0,0,0
11/7/2025,TGUK,0,0,0,0,0
11/7/2025,TIFA,404,486,404,410,201900
11/7/2025,TINS,2850,2990,2800,2920,117464700
11/7/2025,TIRA,1535,1700,1430,1690,788900
11/7/2025,TIRT,0,0,0,0,0
11/7/2025,TKIM,6950,7025,6925,7000,593200
11/7/2025,TKIMDRCN6A,78,78,78,78,10000
11/7/2025,TKIMHDCJ6A,0,0,0,0,0
11/7/2025,TKIMZPCG6A,82,83,81,82,550100
11/7/2025,TKIMZPCK6A,0,0,0,0,0
11/7/2025,TLDN,730,730,720,730,724000
11/7/2025,TLKM,3460,3490,3420,3470,58917900
11/7/2025,TLKMBQCG6A,63,65,63,65,125000
11/7/2025,TLKMBQCJ6A,67,67,67,67,100
11/7/2025,TLKMDRCJ6A,89,89,89,89,13600
11/7/2025,TLKMDRCX6A,0,0,0,0,0
11/7/2025,TLKMHDCJ6A,70,71,68,71,568500
11/7/2025,TLKMYUCK6A,126,126,126,126,100
11/7/2025,TLKMZPCF6A,0,0,0,0,0
11/7/2025,TLKMZPCM6A,59,59,59,59,500
11/7/2025,TMAS,130,130,128,128,1578700
11/7/2025,TMPO,171,171,167,169,2121600
11/7/2025,TNCA,246,254,236,246,1365800
11/7/2025,TOBA,835,855,815,835,96382200
11/7/2025,TOOL,67,67,64,66,20269400
11/7/2025,TOPS,0,0,0,0,0
11/7/2025,TOSK,78,78,75,76,29801100
11/7/2025,TOTL,910,915,905,910,1479200
11/7/2025,TOTO,290,294,288,290,839900
11/7/2025,TOWR,535,545,535,540,17578600
11/7/2025,TOWRDRCN6A,17,17,17,17,100
11/7/2025,TOWRHDCK6A,0,0,0,0,0
11/7/2025,TOYS,0,0,0,0,0
11/7/2025,TPIA,7125,7150,7000,7050,6587300
11/7/2025,TPMA,585,590,580,580,2710800
11/7/2025,TRAM,0,0,0,0,0
11/7/2025,TRGU,185,187,183,186,170900
11/7/2025,TRIL,0,0,0,0,0
11/7/2025,TRIM,630,685,585,620,8397200
11/7/2025,TRIN,416,422,352,400,8095500
11/7/2025,TRIN-W2,200,202,200,202,5200
11/7/2025,TRIO,0,0,0,0,0
11/7/2025,TRIS,226,226,202,206,5835400
11/7/2025,TRJA,158,160,153,157,299400
11/7/2025,TRON,74,82,72,74,58708100
11/7/2025,TRST,476,480,470,480,22800
11/7/2025,TRUE,115,115,113,113,50663400
11/7/2025,TRUK,366,370,336,356,1790400
11/7/2025,TRUS,422,440,422,430,16100
11/7/2025,TSPC,2990,3040,2970,3000,3029400
11/7/2025,TUGU,1035,1040,1020,1035,1108700
11/7/2025,TYRE,129,129,126,127,32700
11/7/2025,UANG,2130,2270,1995,2170,1765600
11/7/2025,UCID,446,446,442,444,459600
11/7/2025,UDNG,4620,4620,3780,3890,2155100
11/7/2025,UFOE,185,186,180,185,831200
11/7/2025,ULTJ,1475,1485,1455,1480,2247000
11/7/2025,UNIC,9350,9700,9300,9425,32700
11/7/2025,UNIQ,360,370,358,364,34430100
11/7/2025,UNIT,0,0,0,0,0
11/7/2025,UNSP,172,172,168,168,40700
11/7/2025,UNTD,123,128,97,97,227532400
11/7/2025,UNTR,27375,27575,27200,27500,1718000
11/7/2025,UNTRDRCG6A,176,178,176,178,5900
11/7/2025,UNTRHDCM6A,178,178,177,177,4000
11/7/2025,UNTRZPCJ6A,0,0,0,0,0
11/7/2025,UNVR,2600,2610,2520,2530,48504400
11/7/2025,UNVRBQCG6A,58,58,55,55,101200
11/7/2025,UNVRBQCK6A,61,61,60,60,90000
11/7/2025,UNVRBQCZ5A,0,0,0,0,0
11/7/2025,UNVRDRCG6A,130,131,126,126,102300
11/7/2025,UNVRHDCM6A,180,180,177,177,45000
11/7/2025,UNVRHDPG6A,18,20,18,20,632000
11/7/2025,UNVRZPCH6A,124,124,108,108,3600
11/7/2025,UNVRZPCM6A,118,118,114,114,60000
11/7/2025,URBN,139,139,137,138,494300
11/7/2025,UVCR,129,130,116,121,57311000
11/7/2025,VAST,141,142,137,139,605300
11/7/2025,VAST-W,13,14,13,13,2396600
11/7/2025,VERN,122,122,119,121,1120500
11/7/2025,VICI,630,635,615,625,270200
11/7/2025,VICO,187,187,184,184,184100
11/7/2025,VINS,156,162,154,156,2013300
11/7/2025,VISI,202,206,202,204,6170700
11/7/2025,VIVA,29,29,28,29,10249000
11/7/2025,VKTR,350,352,342,350,64419400
11/7/2025,VOKS,280,280,256,268,163400
11/7/2025,VRNA,87,89,85,87,332300
11/7/2025,VTNY,93,93,91,91,9593400
11/7/2025,WAPO,177,187,176,176,12708800
11/7/2025,WEGE,67,68,65,65,10201200
11/7/2025,WEHA,106,107,105,106,450900
11/7/2025,WGSH,270,292,266,278,3145000
11/7/2025,WICO,0,0,0,0,0
11/7/2025,WIDI,42,42,40,41,6100600
11/7/2025,WIFI,3380,3430,3320,3340,61557800
11/7/2025,WIIM,1480,1485,1395,1395,18974100
11/7/2025,WIKA,0,0,0,0,0
11/7/2025,WINE,200,200,196,198,2951100
11/7/2025,WINR,38,38,37,37,9002500
11/7/2025,WINS,444,454,424,434,4512900
11/7/2025,WIRG,106,109,104,107,109933300
11/7/2025,WMPP,0,0,0,0,0
11/7/2025,WMUU,27,27,26,26,111072400
11/7/2025,WOMF,334,334,332,334,31700
11/7/2025,WOOD,486,490,446,448,18858800
11/7/2025,WOWS,79,80,73,75,120117500
11/7/2025,WSBP,22,23,22,23,35960800
11/7/2025,WSKT,0,0,0,0,0
11/7/2025,WTON,101,103,101,101,9485800
11/7/2025,XAQA,0,0,0,0,0
11/7/2025,XBES,0,0,0,0,0
11/7/2025,XBID,546,546,546,546,40000
11/7/2025,XBIG,0,0,0,0,0
11/7/2025,XBIN,614,614,614,614,40000
11/7/2025,XBLQ,0,0,0,0,0
11/7/2025,XBNI,0,0,0,0,0
11/7/2025,XBSK,470,470,470,470,40000
11/7/2025,XCEG,112,112,112,112,10500
11/7/2025,XCID,59,59,57,58,382000
11/7/2025,XCIS,73,84,73,75,33900
11/7/2025,XCLQ,107,110,92,93,86600
11/7/2025,XDIF,580,580,478,478,45100
11/7/2025,XIFE,115,115,113,113,200
11/7/2025,XIHD,671,671,671,671,200
11/7/2025,XIIC,0,0,0,0,0
11/7/2025,XIID,0,0,0,0,0
11/7/2025,XIIF,460,460,460,460,2600
11/7/2025,XIIT,550,550,550,550,1200
11/7/2025,XIJI,685,689,685,689,2400
11/7/2025,XILV,135,135,107,129,12200
11/7/2025,XIML,260,300,257,263,55100
11/7/2025,XIPB,218,246,202,212,11900
11/7/2025,XIPI,229,229,229,229,7900
11/7/2025,XISB,0,0,0,0,0
11/7/2025,XISC,690,1010,690,980,41200
11/7/2025,XISI,351,351,351,351,100
11/7/2025,XISR,465,465,465,465,10000
11/7/2025,XKID,0,0,0,0,0
11/7/2025,XKIV,616,619,616,619,40100
11/7/2025,XKMS,1199,1199,1199,1199,100
11/7/2025,XMGB,0,0,0,0,0
11/7/2025,XMIG,227,227,227,227,1000
11/7/2025,XMLF,933,937,933,937,40100
11/7/2025,XMSK,403,404,403,404,1300
11/7/2025,XNVE,0,0,0,0,0
11/7/2025,XPDV,648,648,640,640,2000
11/7/2025,XPFT,0,0,0,0,0
11/7/2025,XPIN,679,679,679,679,15200
11/7/2025,XPLQ,0,0,0,0,0
11/7/2025,XPSG,352,515,352,425,34300
11/7/2025,XPTD,502,502,501,501,400
11/7/2025,XSBC,108,108,108,108,3400
11/7/2025,XSPI,0,0,0,0,0
11/7/2025,XSSI,87,87,86,86,21400
11/7/2025,XSSK,728,728,728,728,20000
11/7/2025,YELO,68,68,67,67,3211800
11/7/2025,YOII,100,106,100,103,5896500
11/7/2025,YPAS,515,515,510,515,10900
11/7/2025,YULE,2610,2700,2600,2700,84800
11/7/2025,YUPI,1670,1690,1655,1675,53200
11/7/2025,ZATA,68,69,66,68,26482800
11/7/2025,ZBRA,0,0,0,0,0
11/7/2025,ZINC,28,29,28,29,7969900
11/7/2025,ZONE,565,565,540,550,60000
11/7/2025,ZYRX,146,150,143,147,22000200
