<date>,<ticker>,<open>,<high>,<low>,<close>,<volume>
10/8/2025,IHSG,8201.140,8224.650,8044.930,8166.029,38454709400
10/8/2025,AADI,7525,8425,7325,8325,42330000
10/8/2025,AADIDRCN6A,84,112,81,109,274000
10/8/2025,AADIHDCK6A,84,114,80,111,5359200
10/8/2025,AADIYUCK6A,290,350,290,350,300
10/8/2025,AALI,7400,7575,7250,7375,2078800
10/8/2025,ABBA,89,89,89,89,30752600
10/8/2025,ABDA,0,0,0,0,0
10/8/2025,ABMM,2770,2780,2740,2750,1086100
10/8/2025,ACES,424,426,416,422,39361700
10/8/2025,ACESBQCV5A,4,5,3,4,17047200
10/8/2025,ACESBQCX5B,6,7,4,6,59563000
10/8/2025,ACESBQCZ5A,15,16,14,15,7100
10/8/2025,ACESDRCJ6A,12,12,10,11,1210700
10/8/2025,ACESHDCZ5A,22,22,22,22,200000
10/8/2025,ACESZPCJ6A,17,18,17,18,14100
10/8/2025,ACRO,92,94,84,87,34821100
10/8/2025,ACRO-W,12,13,11,11,13264700
10/8/2025,ACST,147,147,134,137,11858700
10/8/2025,ADCP,59,60,57,59,45153100
10/8/2025,ADES,13550,13700,13425,13650,104500
10/8/2025,ADHI,262,264,254,260,10245100
10/8/2025,ADMF,8750,8750,8675,8725,82600
10/8/2025,ADMG,136,138,133,137,1151400
10/8/2025,ADMR,1115,1380,1080,1380,270278600
10/8/2025,ADMRDRCJ6A,39,76,37,74,7860600
10/8/2025,ADMRHDCJ6A,74,114,73,114,4229700
10/8/2025,ADMRZPCH6A,63,95,63,95,877400
10/8/2025,ADRO,1650,1850,1625,1850,324208100
10/8/2025,ADROBQCG6A,59,94,59,94,103400
10/8/2025,ADROBQCZ5A,12,17,10,16,40939900
10/8/2025,ADRODRCJ6A,43,61,43,61,134400
10/8/2025,ADRODRCX5A,26,37,25,37,11138600
10/8/2025,ADROHDCZ5A,41,55,38,55,930900
10/8/2025,ADROHDPH6A,118,118,115,115,2500
10/8/2025,ADROYUCZ5A,50,50,50,50,100
10/8/2025,ADROZPCF6A,20,28,20,27,375200
10/8/2025,ADROZPCK6A,42,56,41,56,1305600
10/8/2025,AEGS,46,46,44,45,7900600
10/8/2025,AGAR,244,252,242,246,55300
10/8/2025,AGII,1950,1950,1725,1950,18884200
10/8/2025,AGRO,242,244,234,236,44541400
10/8/2025,AGRS,74,74,73,73,3424700
10/8/2025,AHAP,83,87,80,85,33329400
10/8/2025,AIMS,366,400,366,398,87400
10/8/2025,AISA,147,150,142,143,19509000
10/8/2025,AKKU,0,0,0,0,0
10/8/2025,AKPI,605,605,575,600,160800
10/8/2025,AKRA,1130,1150,1120,1125,15336000
10/8/2025,AKRABQCX5B,21,21,21,21,3600
10/8/2025,AKRADRCX5A,19,21,18,21,141200
10/8/2025,AKRAHDCH6A,0,0,0,0,0
10/8/2025,AKRAZPCJ6A,0,0,0,0,0
10/8/2025,AKRAZPCM6A,33,33,32,32,200
10/8/2025,AKRAZPCX5A,0,0,0,0,0
10/8/2025,AKSI,298,298,270,288,1215500
10/8/2025,ALDO,494,494,492,494,4800
10/8/2025,ALII,545,555,540,545,2195200
10/8/2025,ALKA,334,334,322,326,19300
10/8/2025,ALMI,0,0,0,0,0
10/8/2025,ALTO,0,0,0,0,0
10/8/2025,AMAG,354,354,350,352,25500
10/8/2025,AMAN,150,150,135,141,7425300
10/8/2025,AMAR,232,248,224,238,7782000
10/8/2025,AMFG,3490,3500,3310,3490,12200
10/8/2025,AMIN,238,238,220,224,834100
10/8/2025,AMMN,6925,7000,6850,6975,20411400
10/8/2025,AMMNBQCZ5A,13,15,12,14,3379500
10/8/2025,AMMNDRCJ6A,42,42,42,42,68700
10/8/2025,AMMNHDCH6A,64,64,64,64,300
10/8/2025,AMMNZPCG6A,26,26,26,26,13600
10/8/2025,AMMS,224,230,220,224,4249300
10/8/2025,AMOR,460,460,444,448,74800
10/8/2025,AMRT,1910,1935,1900,1930,37401800
10/8/2025,AMRTDRCZ5A,17,18,17,18,408700
10/8/2025,AMRTHDCJ6A,12,13,11,13,1988800
10/8/2025,AMRTZPCK6A,18,18,18,18,389100
10/8/2025,AMRTZPCX5A,22,22,21,22,581600
10/8/2025,ANDI,27,27,27,27,37169400
10/8/2025,ANJT,2400,2450,2250,2340,2034600
10/8/2025,ANTM,3170,3380,3150,3330,303472900
10/8/2025,ANTMBQCX5A,1,72,1,72,3308000
10/8/2025,ANTMBQCZ5A,0,0,0,0,0
10/8/2025,ANTMDRCG6A,50,55,45,52,1221000
10/8/2025,ANTMDRCX5A,330,342,324,338,1202400
10/8/2025,ANTMDRPZ5A,32,32,30,30,288400
10/8/2025,ANTMHDCH6A,81,93,81,91,1023800
10/8/2025,ANTMHDCH6B,0,0,0,0,0
10/8/2025,ANTMHDPH6A,65,65,60,60,166300
10/8/2025,ANTMZPCJ6A,75,88,75,86,1051000
10/8/2025,ANTMZPCK6A,31,37,31,36,7095600
10/8/2025,ANTMZPCX5A,214,230,214,230,342000
10/8/2025,APEX,135,141,130,133,63523500
10/8/2025,APIC,1165,1165,1140,1155,4504700
10/8/2025,APII,179,182,179,181,12100
10/8/2025,APLI,474,498,464,490,67400
10/8/2025,APLN,99,100,96,97,15936500
10/8/2025,ARCI,1060,1165,1040,1140,333348700
10/8/2025,AREA,530,530,500,510,3687700
10/8/2025,ARGO,1110,1110,1085,1085,15500
10/8/2025,ARII,286,290,278,278,858600
10/8/2025,ARKA,27,29,27,29,13231700
10/8/2025,ARKO,1540,1560,1305,1305,973300
10/8/2025,ARMY,0,0,0,0,0
10/8/2025,ARNA,525,525,515,520,3534700
10/8/2025,ARTA,3180,3280,3180,3180,8200
10/8/2025,ARTI,0,0,0,0,0
10/8/2025,ARTO,2080,2120,2000,2080,9374500
10/8/2025,ARTOBQCX5B,0,0,0,0,0
10/8/2025,ARTOBQCZ5A,12,13,10,11,5503300
10/8/2025,ARTODRCK6A,60,68,60,68,84300
10/8/2025,ARTODRCX5A,0,0,0,0,0
10/8/2025,ARTOHDCZ5A,100,103,100,103,170800
10/8/2025,ARTOZPCK6A,41,41,41,41,1500
10/8/2025,ARTOZPCX5A,45,45,45,45,11100
10/8/2025,ASBI,440,456,440,440,6600
10/8/2025,ASDM,550,550,540,550,3100
10/8/2025,ASGR,1155,1180,1155,1160,1002100
10/8/2025,ASHA,103,103,103,103,48381800
10/8/2025,ASII,5825,5875,5650,5725,30080700
10/8/2025,ASIIBQCZ5A,0,0,0,0,0
10/8/2025,ASIIDRCX5A,0,0,0,0,0
10/8/2025,ASIIDRCX6A,0,0,0,0,0
10/8/2025,ASIIHDCZ5A,0,0,0,0,0
10/8/2025,ASIIZPCJ6A,121,121,117,117,400
10/8/2025,ASIIZPCM6A,33,34,31,31,69400
10/8/2025,ASJT,127,129,121,126,1156000
10/8/2025,ASLC,86,86,81,84,48309900
10/8/2025,ASLI,0,0,0,0,0
10/8/2025,ASMI,24,28,24,28,10946700
10/8/2025,ASPI,500,570,438,466,4605000
10/8/2025,ASPR,98,98,93,95,7250400
10/8/2025,ASRI,171,173,165,170,50859300
10/8/2025,ASRM,330,360,322,358,1773200
10/8/2025,ASSA,860,870,835,860,8308700
10/8/2025,ATAP,79,79,78,78,1660900
10/8/2025,ATIC,430,438,424,432,463900
10/8/2025,ATLA,81,82,73,79,278238900
10/8/2025,AUTO,2390,2410,2360,2410,5002500
10/8/2025,AUTODRCV6A,0,0,0,0,0
10/8/2025,AUTOZPCJ6A,34,34,33,34,9939200
10/8/2025,AVIA,418,426,414,422,49592500
10/8/2025,AVIADRCV6A,0,0,0,0,0
10/8/2025,AVIAZPCJ6A,0,0,0,0,0
10/8/2025,AWAN,226,228,222,224,22941600
10/8/2025,AXIO,127,127,122,125,1594300
10/8/2025,AYAM,176,177,173,175,75962400
10/8/2025,AYLS,129,144,128,142,46558700
10/8/2025,BABP,53,55,53,54,19317900
10/8/2025,BABY,306,312,296,302,12331100
10/8/2025,BACA,144,145,140,143,2926600
10/8/2025,BAIK,107,109,105,108,2031300
10/8/2025,BAIK-W,12,13,11,12,5284300
10/8/2025,BAJA,160,173,158,164,10497900
10/8/2025,BALI,1295,1295,1260,1280,50700
10/8/2025,BANK,810,825,800,815,6944800
10/8/2025,BANK-W,0,0,0,0,0
10/8/2025,BAPA,75,76,69,73,2566300
10/8/2025,BAPI,26,27,26,27,10509900
10/8/2025,BATA,56,56,55,55,155400
10/8/2025,BATR,115,120,110,112,6510700
10/8/2025,BAUT,34,37,34,37,25824100
10/8/2025,BAYU,1315,1320,1305,1310,204200
10/8/2025,BBCA,7500,7525,7375,7375,168080800
10/8/2025,BBCABQCG6A,0,0,0,0,0
10/8/2025,BBCABQCV5A,11,12,9,10,7565800
10/8/2025,BBCABQCX5A,13,13,11,11,5884900
10/8/2025,BBCADRCF6A,23,23,22,22,662900
10/8/2025,BBCADRCX6A,3260,3260,3170,3170,20400
10/8/2025,BBCAHDCQ7A,44,44,41,42,6410300
10/8/2025,BBCAHDCV5A,6,6,4,5,6513500
10/8/2025,BBCAYUCK6A,0,0,0,0,0
10/8/2025,BBCAZPCF6A,15,15,12,13,12141300
10/8/2025,BBCAZPCH6A,57,57,57,57,687800
10/8/2025,BBHI,1495,1515,1460,1485,1486300
10/8/2025,BBKP,75,75,73,73,115919800
10/8/2025,BBLD,900,930,885,915,33600
10/8/2025,BBMD,2130,2150,2050,2130,11300
10/8/2025,BBNI,4000,4010,3930,3940,28812600
10/8/2025,BBNIBQCG6A,58,59,56,56,400
10/8/2025,BBNIBQCV5A,7,7,4,5,26036900
10/8/2025,BBNIDRCX6A,2020,2020,2010,2010,400
10/8/2025,BBNIDRCZ5A,35,35,33,33,6628500
10/8/2025,BBNIDRPZ5A,0,0,0,0,0
10/8/2025,BBNIHDCQ7A,69,69,68,68,2561600
10/8/2025,BBNIYUCV5A,0,0,0,0,0
10/8/2025,BBNIZPCH6A,0,0,0,0,0
10/8/2025,BBNIZPCX5A,0,0,0,0,0
10/8/2025,BBRI,3730,3740,3670,3720,148263700
10/8/2025,BBRIBQCJ6A,46,46,44,45,124600
10/8/2025,BBRIBQCZ5A,35,35,34,34,2300
10/8/2025,BBRIDRCN6A,0,0,0,0,0
10/8/2025,BBRIDRCX5A,82,82,81,82,15500
10/8/2025,BBRIDRCX6A,0,0,0,0,0
10/8/2025,BBRIDRPZ5A,61,61,61,61,200
10/8/2025,BBRIHDCH6A,0,0,0,0,0
10/8/2025,BBRIHDCQ7A,73,73,70,70,30000
10/8/2025,BBRIYUCV5A,24,24,24,24,24900
10/8/2025,BBRIZPCH6A,0,0,0,0,0
10/8/2025,BBRIZPCX5A,0,0,0,0,0
10/8/2025,BBRM,88,88,84,85,12606000
10/8/2025,BBSI,5100,5100,4600,4630,50900
10/8/2025,BBSS,310,320,310,320,103800
10/8/2025,BBTN,1205,1210,1175,1180,21930700
10/8/2025,BBTNDRCV6A,0,0,0,0,0
10/8/2025,BBTNHDCZ5A,0,0,0,0,0
10/8/2025,BBTNYUCZ5A,0,0,0,0,0
10/8/2025,BBTNZPCG6A,37,37,36,36,141300
10/8/2025,BBYB,384,394,366,378,135036300
10/8/2025,BCAP,62,63,61,62,33613500
10/8/2025,BCIC,0,0,0,0,0
10/8/2025,BCIP,114,115,110,110,43880700
10/8/2025,BDKR,172,173,165,167,26374500
10/8/2025,BDMN,2380,2380,2350,2370,1113700
10/8/2025,BEBS,0,0,0,0,0
10/8/2025,BEEF,0,0,0,0,0
10/8/2025,BEER,104,107,101,104,3135200
10/8/2025,BEKS,28,30,28,30,112937400
10/8/2025,BELI,370,372,366,366,475500
10/8/2025,BELL,66,71,65,68,56333700
10/8/2025,BESS,1085,1085,1020,1040,73200
10/8/2025,BEST,111,112,110,111,7587200
10/8/2025,BFIN,755,760,740,755,18671900
10/8/2025,BFINDRCK6A,22,22,22,22,500
10/8/2025,BFINHDCM6A,34,34,31,31,200
10/8/2025,BFINZPCM6A,19,19,18,18,17400
10/8/2025,BGTG,108,110,107,107,26204400
10/8/2025,BHAT,880,880,865,870,988300
10/8/2025,BHIT,34,34,34,34,8687100
10/8/2025,BIKA,0,0,0,0,0
10/8/2025,BIKE,950,950,910,945,11336400
10/8/2025,BIMA,74,75,74,74,335300
10/8/2025,BINA,4450,4580,4450,4520,28800
10/8/2025,BINO,126,137,124,125,2975300
10/8/2025,BIPI,98,101,96,98,260829600
10/8/2025,BIPP,43,43,43,43,364600
10/8/2025,BIRD,1775,1775,1755,1775,1270700
10/8/2025,BISI,875,905,850,905,931600
10/8/2025,BJBR,760,765,755,755,2548900
10/8/2025,BJTM,510,515,505,505,11883800
10/8/2025,BKDP,43,45,43,44,75800
10/8/2025,BKSL,139,140,133,134,310950500
10/8/2025,BKSW,63,64,59,61,23295700
10/8/2025,BLES,173,173,169,169,5684400
10/8/2025,BLOG,515,520,505,515,3601700
10/8/2025,BLTA,33,36,33,36,8099500
10/8/2025,BLTZ,0,0,0,0,0
10/8/2025,BLUE,675,675,675,675,459700
10/8/2025,BMAS,735,735,720,730,4900
10/8/2025,BMBL,53,59,51,59,21320200
10/8/2025,BMHS,165,165,161,162,2321700
10/8/2025,BMRI,4280,4290,4210,4250,97466800
10/8/2025,BMRIBQCJ6A,57,57,56,57,16300
10/8/2025,BMRIBQCZ5A,13,14,12,12,944200
10/8/2025,BMRIDRCX5A,0,0,0,0,0
10/8/2025,BMRIDRCX6A,1865,1865,1835,1845,14600
10/8/2025,BMRIHDCQ7A,65,65,64,64,283900
10/8/2025,BMRIYUCK6A,102,102,102,102,23000
10/8/2025,BMRIZPCH6A,40,40,40,40,51400
10/8/2025,BMRIZPCX5A,13,13,13,13,128900
10/8/2025,BMSR,306,316,302,306,93300
10/8/2025,BMTR,147,147,143,146,41606300
10/8/2025,BNBA,730,730,680,700,2689100
10/8/2025,BNBR,44,48,44,48,33064600
10/8/2025,BNGA,1695,1705,1685,1705,7698800
10/8/2025,BNGADRCK6A,0,0,0,0,0
10/8/2025,BNGAZPCH6A,0,0,0,0,0
10/8/2025,BNII,208,208,200,204,1726800
10/8/2025,BNLI,5750,5775,5500,5600,185200
10/8/2025,BOAT,120,121,114,117,7538700
10/8/2025,BOBA,183,188,180,184,18900
10/8/2025,BOGA,500,500,496,500,110000
10/8/2025,BOLA,220,250,195,206,26675100
10/8/2025,BOLT,1060,1060,1055,1055,7200
10/8/2025,BOSS,0,0,0,0,0
10/8/2025,BPFI,332,332,318,326,101600
10/8/2025,BPII,550,550,545,545,111700
10/8/2025,BPTR,96,97,90,92,2427600
10/8/2025,BRAM,5175,5200,5150,5200,400
10/8/2025,BREN,10050,10100,9300,9650,43227100
10/8/2025,BRIS,2610,2610,2580,2590,10899000
10/8/2025,BRISBQCZ5A,37,37,36,36,200
10/8/2025,BRISDRCJ6A,39,39,39,39,400
10/8/2025,BRISHDCH6A,0,0,0,0,0
10/8/2025,BRISHDCZ5A,0,0,0,0,0
10/8/2025,BRISYUCV5A,0,0,0,0,0
10/8/2025,BRISZPCG6A,0,0,0,0,0
10/8/2025,BRMS,930,960,880,955,690249900
10/8/2025,BRMSBQCZ5A,244,244,242,242,1100
10/8/2025,BRMSDRCJ6A,180,180,162,168,204700
10/8/2025,BRMSDRPX5A,5,6,4,4,6645900
10/8/2025,BRMSHDCH6A,282,282,278,278,50000
10/8/2025,BRMSHDCZ5A,0,0,0,0,0
10/8/2025,BRMSYUCV5A,150,167,149,163,24900
10/8/2025,BRMSZPCG6A,248,248,248,248,300
10/8/2025,BRNA,700,725,700,700,6600
10/8/2025,BRPT,4200,4230,3970,4110,139525800
10/8/2025,BRPTBQCV5A,1240,1240,1215,1215,600
10/8/2025,BRPTBQCX5B,404,404,368,390,102400
10/8/2025,BRPTBQCZ5A,0,0,0,0,0
10/8/2025,BRPTDRCF6A,442,450,442,450,112100
10/8/2025,BRPTDRCJ6A,298,298,282,282,19400
10/8/2025,BRPTDRCX5A,540,540,540,540,100
10/8/2025,BRPTHDCH6A,444,444,416,416,1800
10/8/2025,BRPTHDCH6B,0,0,0,0,0
10/8/2025,BRPTHDPG6A,68,76,66,72,388500
10/8/2025,BRPTYUCZ5A,352,352,352,352,100
10/8/2025,BRPTZPCF6A,0,0,0,0,0
10/8/2025,BRPTZPCK6A,111,111,100,106,7600
10/8/2025,BRPTZPCX5A,685,685,685,685,500
10/8/2025,BRRC,77,79,77,78,6096800
10/8/2025,BRRC-W,13,14,12,14,11349500
10/8/2025,BSBK,82,83,70,82,167595000
10/8/2025,BSDE,1025,1035,1000,1010,24603800
10/8/2025,BSDEDRCJ6A,0,0,0,0,0
10/8/2025,BSDEHDCM6A,41,41,40,40,800
10/8/2025,BSDEZPCH6A,52,52,52,52,200
10/8/2025,BSIM,900,905,865,885,7000
10/8/2025,BSML,146,152,142,146,46563900
10/8/2025,BSSR,3890,3890,3870,3880,348200
10/8/2025,BSWD,1200,1200,1200,1200,300
10/8/2025,BTEK,22,22,22,22,422448500
10/8/2025,BTEL,0,0,0,0,0
10/8/2025,BTON,394,438,390,400,316900
10/8/2025,BTPN,2150,2150,2000,2090,35500
10/8/2025,BTPS,1420,1430,1365,1380,9037700
10/8/2025,BTPSDRCK6A,0,0,0,0,0
10/8/2025,BTPSHDCJ6A,0,0,0,0,0
10/8/2025,BTPSZPCH6A,36,36,36,36,500
10/8/2025,BUAH,1400,1400,1370,1390,87900
10/8/2025,BUDI,212,212,208,210,73100
10/8/2025,BUKA,181,182,168,172,661959500
10/8/2025,BUKABQCZ5B,18,20,16,17,7646100
10/8/2025,BUKADRCK6A,19,19,16,18,9416700
10/8/2025,BUKAHDCZ5A,118,118,118,118,100
10/8/2025,BUKAZPCM6A,45,45,39,42,214900
10/8/2025,BUKK,990,1045,955,980,164900
10/8/2025,BULL,193,212,193,199,430498500
10/8/2025,BUMI,145,147,138,142,2779260000
10/8/2025,BUVA,0,0,0,0,0
10/8/2025,BVIC,104,105,102,103,8130700
10/8/2025,BVIC-W,44,44,44,44,1400
10/8/2025,BWPT,138,140,131,133,117031700
10/8/2025,BYAN,18200,18200,18000,18025,19500
10/8/2025,CAKK,181,183,175,179,2615200
10/8/2025,CAMP,220,222,210,216,2770500
10/8/2025,CANI,56,56,51,51,588900
10/8/2025,CARE,304,306,298,300,20251400
10/8/2025,CARS,145,156,142,153,269206700
10/8/2025,CASA,1115,1120,1100,1110,4052200
10/8/2025,CASH,157,159,142,143,4233900
10/8/2025,CASS,2440,2440,2380,2400,29500
10/8/2025,CBDK,6775,7575,6500,7550,49496800
10/8/2025,CBMF,0,0,0,0,0
10/8/2025,CBPE,234,242,222,222,1001500
10/8/2025,CBRE,1875,1955,1350,1800,642025800
10/8/2025,CBUT,1400,1405,1380,1385,50600
10/8/2025,CCSI,366,366,346,364,1033600
10/8/2025,CDIA,2230,2240,2030,2120,629815900
10/8/2025,CEKA,2600,2600,2500,2500,30800
10/8/2025,CENT,130,172,130,172,655278800
10/8/2025,CFIN,314,318,312,316,4090700
10/8/2025,CGAS,149,149,135,143,15259100
10/8/2025,CHEK,184,187,181,182,20963500
10/8/2025,CHEM,104,104,98,100,18336600
10/8/2025,CHIP,1510,1600,1470,1595,310900
10/8/2025,CINT,159,160,157,157,67600
10/8/2025,CITA,4150,4490,4100,4260,1028600
10/8/2025,CITY,116,117,111,115,1381700
10/8/2025,CLAY,0,0,0,0,0
10/8/2025,CLEO,530,535,515,515,11531100
10/8/2025,CLPI,1255,1265,1245,1245,129200
10/8/2025,CMNP,1295,1300,1280,1280,166800
10/8/2025,CMNP-W,300,300,280,282,4800
10/8/2025,CMNT,770,800,765,775,44287900
10/8/2025,CMPP,96,99,96,99,704800
10/8/2025,CMRY,4730,4740,4670,4680,436200
10/8/2025,CMRYDRCK6A,0,0,0,0,0
10/8/2025,CMRYZPCJ6A,0,0,0,0,0
10/8/2025,CNKO,104,104,100,100,28206800
10/8/2025,CNMA,118,119,116,118,19641800
10/8/2025,CNTB,0,0,0,0,0
10/8/2025,CNTX,0,0,0,0,0
10/8/2025,COAL,61,62,59,62,36840400
10/8/2025,COCO,600,685,535,630,100753600
10/8/2025,COIN,3630,3780,3410,3640,126959900
10/8/2025,COWL,0,0,0,0,0
10/8/2025,CPIN,4820,4820,4720,4730,1466500
10/8/2025,CPINDRCG6A,0,0,0,0,0
10/8/2025,CPINZPCJ6A,0,0,0,0,0
10/8/2025,CPRI,0,0,0,0,0
10/8/2025,CPRO,69,69,62,63,1105858400
10/8/2025,CRAB,244,248,240,248,4305500
10/8/2025,CRSN,124,125,115,115,5447100
10/8/2025,CSAP,324,324,308,316,162100
10/8/2025,CSIS,222,242,200,206,19822900
10/8/2025,CSMI,384,388,350,372,23471200
10/8/2025,CSRA,810,810,780,805,11021200
10/8/2025,CTBN,5200,5200,5075,5075,4300
10/8/2025,CTRA,905,920,895,910,25207200
10/8/2025,CTRADRCJ6A,16,16,16,16,20000
10/8/2025,CTRAHDCK6A,0,0,0,0,0
10/8/2025,CTRAYUCZ5A,37,37,35,35,120400
10/8/2025,CTRAZPCG6A,0,0,0,0,0
10/8/2025,CTTH,45,45,45,45,6275500
10/8/2025,CUAN,2240,2400,2000,2240,729186600
10/8/2025,CYBR,1190,1230,1160,1165,21873200
10/8/2025,CYBR-W,740,740,720,720,20200
10/8/2025,DAAZ,2770,2800,2700,2790,504000
10/8/2025,DADA,162,178,162,178,324690400
10/8/2025,DART,170,170,161,163,129700
10/8/2025,DATA,4350,4380,4000,4190,5189400
10/8/2025,DAYA,1200,1245,1020,1100,789300
10/8/2025,DCII,278800,279000,278800,278825,2900
10/8/2025,DEAL,0,0,0,0,0
10/8/2025,DEFI,0,0,0,0,0
10/8/2025,DEPO,286,286,260,280,1393600
10/8/2025,DEWA,358,364,340,356,614798700
10/8/2025,DEWI,112,115,112,114,61534600
10/8/2025,DFAM,85,88,83,84,9591000
10/8/2025,DGIK,94,94,92,92,2966900
10/8/2025,DGNS,143,143,139,140,1614400
10/8/2025,DGWG,402,402,368,368,14597600
10/8/2025,DIGI,34,34,32,34,2476800
10/8/2025,DILD,133,134,129,129,17009900
10/8/2025,DIVA,158,173,158,170,15889700
10/8/2025,DKFT,730,770,730,765,59256200
10/8/2025,DKHH,98,98,91,94,24934100
10/8/2025,DKHH-W,18,20,17,17,19924000
10/8/2025,DLTA,1990,1990,1965,1975,106500
10/8/2025,DMAS,136,137,134,135,53033200
10/8/2025,DMMX,390,408,388,398,3259400
10/8/2025,DMND,590,595,580,595,89200
10/8/2025,DNAR,116,116,111,114,1175100
10/8/2025,DNET,9075,9075,9000,9000,27200
10/8/2025,DOID,340,354,338,352,16254700
10/8/2025,DOOH,176,177,162,172,109619900
10/8/2025,DOSS,152,154,147,152,2183400
10/8/2025,DPNS,298,324,294,312,228000
10/8/2025,DPUM,64,67,63,64,2735600
10/8/2025,DRMA,1000,1010,990,1000,1576800
10/8/2025,DSFI,90,93,87,88,30837000
10/8/2025,DSNG,1700,1705,1640,1685,27205200
10/8/2025,DSNGDRCK6A,0,0,0,0,0
10/8/2025,DSNGHDCK6A,0,0,0,0,0
10/8/2025,DSNGZPCM6A,50,50,50,50,5000
10/8/2025,DSSA,104500,106450,102900,105400,2032500
10/8/2025,DUCK,0,0,0,0,0
10/8/2025,DUTI,4000,4470,4000,4220,2800
10/8/2025,DVLA,1630,1630,1605,1605,63900
10/8/2025,DWGL,870,950,820,950,7468000
10/8/2025,DYAN,95,96,92,93,5417700
10/8/2025,EAST,93,94,92,94,1775000
10/8/2025,ECII,194,200,190,195,138500
10/8/2025,EDGE,4350,4760,4280,4340,169800
10/8/2025,EKAD,181,183,180,181,182400
10/8/2025,ELIT,184,186,173,181,14098700
10/8/2025,ELPI,358,360,348,358,454400
10/8/2025,ELSA,505,510,492,505,25932300
10/8/2025,ELSADRCJ6A,0,0,0,0,0
10/8/2025,ELSAHDCK6A,38,38,38,38,5000
10/8/2025,ELSAZPCG6A,31,33,30,33,530300
10/8/2025,ELTY,26,26,26,26,339868500
10/8/2025,EMAS,4420,4490,3900,4460,73191600
10/8/2025,EMDE,97,99,96,97,1636400
10/8/2025,EMTK,1485,1515,1355,1425,456159700
10/8/2025,EMTKBQCZ5A,0,0,0,0,0
10/8/2025,EMTKDRCK6A,84,86,70,79,7692700
10/8/2025,EMTKHDCK6A,122,122,98,103,459700
10/8/2025,EMTKHDCZ5A,300,318,300,316,414900
10/8/2025,EMTKYUCV5A,220,220,208,208,700
10/8/2025,EMTKZPCH6A,196,202,186,190,14700
10/8/2025,EMTKZPCM6A,69,69,62,63,49800
10/8/2025,ENAK,670,680,660,680,318100
10/8/2025,ENRG,930,995,880,975,143755900
10/8/2025,ENRGBQCZ5A,0,0,0,0,0
10/8/2025,ENRGDRCJ6A,177,177,177,177,2200
10/8/2025,ENRGHDCK6A,91,100,91,100,49000
10/8/2025,ENRGHDCZ5A,0,0,0,0,0
10/8/2025,ENRGZPCG6A,0,0,0,0,0
10/8/2025,ENRGZPCK6A,49,57,49,54,54700
10/8/2025,ENVY,0,0,0,0,0
10/8/2025,ENZO,37,37,36,37,2583200
10/8/2025,EPAC,28,29,28,29,2604000
10/8/2025,EPMT,2240,2240,2230,2240,15400
10/8/2025,ERAA,422,428,418,422,33235200
10/8/2025,ERAABQCZ5A,0,0,0,0,0
10/8/2025,ERAADRCJ6A,8,9,8,9,8396300
10/8/2025,ERAAHDCZ5A,0,0,0,0,0
10/8/2025,ERAAZPCH6A,18,18,18,18,11200
10/8/2025,ERAL,322,324,314,318,11227100
10/8/2025,ERTX,153,154,145,145,1512400
10/8/2025,ESIP,112,112,112,112,16052500
10/8/2025,ESSA,695,720,670,720,80170800
10/8/2025,ESSABQCZ5A,56,57,54,56,40900
10/8/2025,ESSADRCN6A,44,45,43,45,122000
10/8/2025,ESSAHDCH6A,63,63,60,62,37200
10/8/2025,ESSAYUCZ5A,46,54,44,54,153300
10/8/2025,ESSAZPCK6A,23,24,23,23,845200
10/8/2025,ESTA,160,206,160,206,85766800
10/8/2025,ESTI,104,114,104,114,8830000
10/8/2025,ETWA,0,0,0,0,0
10/8/2025,EURO,314,316,290,300,52700
10/8/2025,EXCL,2630,2650,2560,2650,3076500
10/8/2025,EXCLHDCJ6A,27,30,27,30,121500
10/8/2025,EXCLZPCF6A,0,0,0,0,0
10/8/2025,EXCLZPCM6A,0,0,0,0,0
10/8/2025,FAPA,6125,6125,6100,6125,4300
10/8/2025,FAST,0,0,0,0,0
10/8/2025,FASW,0,0,0,0,0
10/8/2025,FILM,4430,4660,4190,4190,3962500
10/8/2025,FIMP,0,0,0,0,0
10/8/2025,FIRE,94,95,91,92,10597600
10/8/2025,FISH,2550,2550,2370,2450,114600
10/8/2025,FITT,1105,1105,1105,1105,1010400
10/8/2025,FLMC,181,182,162,163,6435100
10/8/2025,FMII,364,368,356,364,36900
10/8/2025,FOLK,0,0,0,0,0
10/8/2025,FOOD,190,190,180,180,122700
10/8/2025,FORE,530,540,510,510,7854200
10/8/2025,FORU,1110,1110,1005,1045,256000
10/8/2025,FPNI,192,192,186,188,1012300
10/8/2025,FUJI,615,615,575,610,8506200
10/8/2025,FUTR,660,665,640,665,90101800
10/8/2025,FWCT,158,162,158,161,901400
10/8/2025,GAMA,0,0,0,0,0
10/8/2025,GDST,112,115,111,112,4709700
10/8/2025,GDYR,1205,1260,1200,1210,64100
10/8/2025,GEMA,112,114,109,110,7335300
10/8/2025,GEMS,8925,8950,8850,8875,102300
10/8/2025,GGRM,12000,12000,11200,11300,3156700
10/8/2025,GGRMZPCG6A,97,97,77,78,6938800
10/8/2025,GGRP,232,234,226,232,483800
10/8/2025,GHON,1625,1660,1610,1610,3800
10/8/2025,GIAA,96,96,96,96,427574600
10/8/2025,GJTL,990,1000,970,985,7866000
10/8/2025,GJTLZPCJ6A,18,18,18,18,100
10/8/2025,GLOB,97,97,95,95,11800
10/8/2025,GLVA,330,338,324,326,34200
10/8/2025,GMFI,89,89,89,89,31211000
10/8/2025,GMTD,2080,2120,2080,2120,400
10/8/2025,GOLD,266,266,256,264,106500
10/8/2025,GOLF,212,212,208,210,1030400
10/8/2025,GOLL,0,0,0,0,0
10/8/2025,GOOD,366,376,366,376,388400
10/8/2025,GOTO,57,57,55,56,985459900
10/8/2025,GOTOBQCJ6A,7,9,7,8,8555200
10/8/2025,GOTOBQCZ5A,5,5,4,5,15911300
10/8/2025,GOTODRCG6A,7,8,7,8,5792900
10/8/2025,GOTOHDCK6A,15,15,14,15,615900
10/8/2025,GOTOM,0,0,0,0,0
10/8/2025,GOTOZPCH6A,22,22,22,22,20000
10/8/2025,GOTOZPCK6A,0,0,0,0,0
10/8/2025,GPRA,128,128,124,126,85409700
10/8/2025,GPSO,1060,1060,1060,1060,4440200
10/8/2025,GRIA,115,116,111,115,5485100
10/8/2025,GRPH,69,69,66,68,8770500
10/8/2025,GRPM,64,64,59,61,8036200
10/8/2025,GRPM-W,21,23,20,20,8394700
10/8/2025,GSMF,99,117,96,101,45641200
10/8/2025,GTBO,220,224,212,216,268700
10/8/2025,GTRA,292,320,274,320,9366000
10/8/2025,GTSI,106,112,97,99,210245300
10/8/2025,GULA,330,344,314,342,1654600
10/8/2025,GUNA,236,236,228,228,1064300
10/8/2025,GWSA,155,155,150,153,489700
10/8/2025,GZCO,228,230,210,216,123511200
10/8/2025,HADE,23,25,23,25,10161700
10/8/2025,HAIS,191,192,189,191,1206000
10/8/2025,HAJJ,136,136,124,128,19195600
10/8/2025,HAJJ-W,20,22,19,20,8562600
10/8/2025,HALO,123,130,116,122,152749400
10/8/2025,HALO-W,20,20,18,20,9492700
10/8/2025,HATM,252,252,238,244,32990800
10/8/2025,HBAT,258,258,234,234,1597400
10/8/2025,HDFA,149,150,143,148,739900
10/8/2025,HDIT,64,70,64,70,11841800
10/8/2025,HEAL,1600,1615,1590,1600,1865200
10/8/2025,HEALBQCZ5A,30,33,30,33,1200
10/8/2025,HEALDRCJ6A,41,42,41,42,2500
10/8/2025,HEALHDCH6A,0,0,0,0,0
10/8/2025,HEALYUCZ5A,0,0,0,0,0
10/8/2025,HEALZPCH6A,0,0,0,0,0
10/8/2025,HELI,240,240,238,240,39000
10/8/2025,HERO,660,675,590,625,1547700
10/8/2025,HEXA,4580,4600,4500,4510,340600
10/8/2025,HGII,169,195,167,176,95124700
10/8/2025,HILL,206,206,197,200,6065000
10/8/2025,HITS,0,0,0,0,0
10/8/2025,HKMU,0,0,0,0,0
10/8/2025,HMSP,750,750,695,700,131906400
10/8/2025,HOKI,81,82,80,82,45373300
10/8/2025,HOME,0,0,0,0,0
10/8/2025,HOMI,266,276,260,276,7637400
10/8/2025,HOPE,170,182,164,170,20065400
10/8/2025,HOTL,0,0,0,0,0
10/8/2025,HRME,41,47,41,46,932000
10/8/2025,HRTA,1050,1110,1035,1100,50366000
10/8/2025,HRUM,1180,1375,1150,1305,254659400
10/8/2025,HRUMDRCN6A,60,85,54,73,22114300
10/8/2025,HRUMHDCK6A,75,112,73,96,11856400
10/8/2025,HRUMZPCG6A,94,107,94,94,2971000
10/8/2025,HRUMZPCM6A,43,64,42,55,1372600
10/8/2025,HUMI,120,124,117,118,104582100
10/8/2025,HUMI-W,19,20,18,18,43641900
10/8/2025,HYGN,164,166,162,165,578000
10/8/2025,IATA,70,73,70,73,14505600
10/8/2025,IATA-W,28,29,28,29,19800
10/8/2025,IBFN,50,50,49,49,3706600
10/8/2025,IBOS,67,71,64,64,18047400
10/8/2025,IBST,6250,6250,6150,6150,400
10/8/2025,ICBP,9200,9375,9150,9200,3003600
10/8/2025,ICBPDRCX6A,0,0,0,0,0
10/8/2025,ICBPHDCJ6A,0,0,0,0,0
10/8/2025,ICBPZPCX5A,0,0,0,0,0
10/8/2025,ICON,48,48,45,46,385900
10/8/2025,IDEA,84,85,71,72,26416700
10/8/2025,IDPR,0,0,0,0,0
10/8/2025,IFII,230,234,228,230,109100
10/8/2025,IFSH,805,820,805,815,4400
10/8/2025,IGAR,515,515,510,510,9400
10/8/2025,IIKP,0,0,0,0,0
10/8/2025,IKAI,23,23,23,23,36948200
10/8/2025,IKAN,129,129,117,125,30167000
10/8/2025,IKBI,515,530,515,520,91100
10/8/2025,IKPM,226,226,216,222,1098700
10/8/2025,IMAS,1175,1235,1120,1175,674400
10/8/2025,IMJS,244,250,240,242,8837000
10/8/2025,IMPC,2440,2710,2420,2680,71785000
10/8/2025,INAF,0,0,0,0,0
10/8/2025,INAI,155,158,149,152,485400
10/8/2025,INCF,50,50,50,50,2278400
10/8/2025,INCI,615,625,605,620,97000
10/8/2025,INCO,4300,4570,4300,4460,25662300
10/8/2025,INCOBQCF6A,92,99,92,93,659400
10/8/2025,INCOBQCV5A,47,66,44,50,27382400
10/8/2025,INCODRCK6A,0,0,0,0,0
10/8/2025,INCODRCX5A,133,143,133,134,56100
10/8/2025,INCOHDCJ6A,0,0,0,0,0
10/8/2025,INCOYUCZ5A,0,0,0,0,0
10/8/2025,INCOZPCK6A,64,64,57,61,110500
10/8/2025,INCOZPCX5A,0,0,0,0,0
10/8/2025,INDF,7300,7300,7225,7250,7314000
10/8/2025,INDFBQCV5A,7,8,6,7,791500
10/8/2025,INDFDRCX6A,3670,3670,3670,3670,100
10/8/2025,INDFHDCJ6A,0,0,0,0,0
10/8/2025,INDO,234,234,226,226,4345200
10/8/2025,INDR,3340,3870,3340,3480,279800
10/8/2025,INDS,230,230,222,224,272600
10/8/2025,INDX,0,0,0,0,0
10/8/2025,INDY,2410,2610,2360,2440,120777300
10/8/2025,INDYDRCN6A,158,171,156,158,1031200
10/8/2025,INDYHDCJ6A,312,314,312,314,406800
10/8/2025,INDYZPCG6A,154,165,146,148,1927800
10/8/2025,INET,282,284,270,276,166005400
10/8/2025,INET-W,186,188,177,180,11511800
10/8/2025,INKP,7400,7600,7225,7400,5705900
10/8/2025,INKPBQCX5A,0,0,0,0,0
10/8/2025,INKPDRCF6A,0,0,0,0,0
10/8/2025,INKPDRCG6A,0,0,0,0,0
10/8/2025,INKPHDCK6A,0,0,0,0,0
10/8/2025,INKPZPCF6A,0,0,0,0,0
10/8/2025,INKPZPCK6A,31,31,31,31,6900
10/8/2025,INOV,106,115,101,103,8290400
10/8/2025,INPC,158,158,150,155,29808200
10/8/2025,INPP,690,735,660,735,329000
10/8/2025,INPS,146,160,146,159,564600
10/8/2025,INRU,705,815,700,765,277100
10/8/2025,INTA,39,39,39,39,2190600
10/8/2025,INTD,195,195,192,194,51500
10/8/2025,INTP,6525,6600,6525,6550,386200
10/8/2025,INTPDRCN6A,0,0,0,0,0
10/8/2025,INTPHDCM6A,0,0,0,0,0
10/8/2025,INTPZPCG6A,0,0,0,0,0
10/8/2025,INTPZPCM6A,0,0,0,0,0
10/8/2025,IOTF,97,98,93,94,40538800
10/8/2025,IPAC,0,0,0,0,0
10/8/2025,IPCC,1050,1055,1025,1035,2267400
10/8/2025,IPCM,302,310,302,308,1871000
10/8/2025,IPOL,140,140,135,139,138500
10/8/2025,IPPE,0,0,0,0,0
10/8/2025,IPTV,35,40,35,40,18963600
10/8/2025,IRRA,424,426,422,426,520000
10/8/2025,IRSX,300,300,298,298,17191100
10/8/2025,ISAP,41,42,37,38,151864900
10/8/2025,ISAP-W,22,23,20,21,41095000
10/8/2025,ISAT,1740,1820,1735,1820,26559400
10/8/2025,ISATBQCJ6A,39,40,38,38,524600
10/8/2025,ISATDRCG6A,0,0,0,0,0
10/8/2025,ISATDRCX5A,25,28,22,27,291500
10/8/2025,ISATHDCJ6A,10,13,9,12,27916600
10/8/2025,ISATZPCF6A,21,21,21,21,36600
10/8/2025,ISEA,91,91,88,89,5134000
10/8/2025,ISSP,400,412,398,410,1884500
10/8/2025,ITIC,400,400,400,400,738700
10/8/2025,ITMA,1170,1275,1125,1220,2463600
10/8/2025,ITMG,22425,22425,22125,22150,1512100
10/8/2025,ITMGDRCV6A,0,0,0,0,0
10/8/2025,ITMGHDCJ6A,0,0,0,0,0
10/8/2025,ITMGZPCJ6A,0,0,0,0,0
10/8/2025,JARR,6175,6175,6175,6175,6551000
10/8/2025,JAST,90,105,88,91,46229000
10/8/2025,JATI,121,122,117,119,2562400
10/8/2025,JAWA,146,149,145,146,477500
10/8/2025,JAYA,101,104,101,101,934100
10/8/2025,JECC,1365,1490,1195,1300,494200
10/8/2025,JGLE,22,24,22,24,104224800
10/8/2025,JIHD,645,655,605,655,2731900
10/8/2025,JKON,84,86,83,85,7417400
10/8/2025,JMAS,137,144,135,141,7058700
10/8/2025,JPFA,2130,2150,2080,2130,9242300
10/8/2025,JPFABQCZ5A,0,0,0,0,0
10/8/2025,JPFADRCJ6A,80,85,80,85,18200
10/8/2025,JPFAHDCZ5A,0,0,0,0,0
10/8/2025,JPFAZPCG6A,0,0,0,0,0
10/8/2025,JRPT,860,865,850,865,660400
10/8/2025,JSKY,0,0,0,0,0
10/8/2025,JSMR,3790,3830,3720,3790,4968200
10/8/2025,JSMRDRCK6A,0,0,0,0,0
10/8/2025,JSMRHDCH6A,0,0,0,0,0
10/8/2025,JSMRZPCG6A,0,0,0,0,0
10/8/2025,JSPT,3360,3460,3000,3060,102900
10/8/2025,JTPE,332,332,328,332,364100
10/8/2025,KAEF,515,525,500,505,2073300
10/8/2025,KAQI,73,74,69,71,22089100
10/8/2025,KARW,510,510,500,510,296000
10/8/2025,KAYU,0,0,0,0,0
10/8/2025,KBAG,48,48,48,48,3888900
10/8/2025,KBLI,352,352,296,310,19154700
10/8/2025,KBLM,378,378,372,372,113000
10/8/2025,KBLV,0,0,0,0,0
10/8/2025,KBRI,0,0,0,0,0
10/8/2025,KDSI,482,482,450,462,65500
10/8/2025,KDTN,115,116,112,116,378400
10/8/2025,KEEN,1015,1050,980,990,11762000
10/8/2025,KEJU,680,690,640,670,2886600
10/8/2025,KETR,695,695,605,615,13300700
10/8/2025,KIAS,0,0,0,0,0
10/8/2025,KICI,142,162,138,145,3688600
10/8/2025,KIJA,185,185,179,184,90753300
10/8/2025,KING,210,216,204,216,1228200
10/8/2025,KING-W,14,15,13,14,13213200
10/8/2025,KINO,1160,1160,1145,1150,11700
10/8/2025,KIOS,94,94,80,85,26353700
10/8/2025,KJEN,222,232,222,232,10861700
10/8/2025,KKES,31,35,31,35,2103800
10/8/2025,KKGI,322,326,320,324,3668200
10/8/2025,KLAS,137,137,131,132,9536700
10/8/2025,KLBF,1060,1070,1050,1060,42761000
10/8/2025,KLBFBQCJ6A,29,29,29,29,100
10/8/2025,KLBFBQCV5A,5,5,3,5,2887800
10/8/2025,KLBFDRCG6A,9,9,8,8,3395400
10/8/2025,KLBFHDCK6A,0,0,0,0,0
10/8/2025,KLBFZPCF6A,10,10,10,10,1400
10/8/2025,KLBFZPCJ6A,13,13,13,13,197400
10/8/2025,KLIN,180,187,168,179,3205500
10/8/2025,KMDS,640,640,620,635,273700
10/8/2025,KMTR,294,294,284,288,556900
10/8/2025,KOBX,157,164,151,152,15078000
10/8/2025,KOCI,76,79,73,75,8683700
10/8/2025,KOCI-W,17,18,16,16,3749100
10/8/2025,KOIN,75,75,75,75,42300
10/8/2025,KOKA,0,0,0,0,0
10/8/2025,KONI,1730,1760,1725,1725,14300
10/8/2025,KOPI,330,330,316,324,246600
10/8/2025,KOTA,28,28,28,28,7539300
10/8/2025,KPIG,174,175,169,170,94688800
10/8/2025,KRAS,366,392,366,384,115890900
10/8/2025,KREN,20,20,20,20,15676800
10/8/2025,KRYA,195,196,188,189,8414300
10/8/2025,KSIX,252,256,242,250,272600
10/8/2025,KUAS,71,72,70,71,4627600
10/8/2025,LABA,0,0,0,0,0
10/8/2025,LABS,141,142,138,141,2074400
10/8/2025,LAJU,77,84,76,83,186867600
10/8/2025,LAND,40,44,40,44,3549400
10/8/2025,LAPD,352,352,288,352,67688300
10/8/2025,LCGP,0,0,0,0,0
10/8/2025,LCKM,226,226,214,216,18700
10/8/2025,LEAD,84,85,78,82,41881300
10/8/2025,LFLO,376,376,370,376,80000
10/8/2025,LIFE,11050,12500,10800,11700,119000
10/8/2025,LINK,3480,3490,3480,3490,141200
10/8/2025,LION,520,550,472,472,2177800
10/8/2025,LIVE,178,182,170,179,5904400
10/8/2025,LMAS,0,0,0,0,0
10/8/2025,LMAX,87,87,79,81,11674600
10/8/2025,LMPI,146,146,142,143,96600
10/8/2025,LMSH,0,0,0,0,0
10/8/2025,LOPI,89,95,86,95,21791700
10/8/2025,LPCK,640,640,605,615,1298800
10/8/2025,LPGI,590,595,545,590,200700
10/8/2025,LPIN,476,478,450,466,377200
10/8/2025,LPKR,97,98,93,95,191905700
10/8/2025,LPLI,0,0,0,0,0
10/8/2025,LPPF,1600,1605,1575,1595,1239600
10/8/2025,LPPS,208,210,186,192,31031800
10/8/2025,LRNA,181,189,181,182,939200
10/8/2025,LSIP,1255,1270,1235,1250,13123700
10/8/2025,LSIPDRCK6A,34,35,34,35,301000
10/8/2025,LSIPHDCJ6A,0,0,0,0,0
10/8/2025,LSIPYUCZ5A,40,40,40,40,300
10/8/2025,LSIPZPCG6A,51,51,51,51,5000
10/8/2025,LTLS,840,845,830,835,24800
10/8/2025,LUCK,107,107,103,106,2393400
10/8/2025,LUCY,137,148,122,135,5694200
10/8/2025,MABA,0,0,0,0,0
10/8/2025,MAGP,0,0,0,0,0
10/8/2025,MAHA,144,146,137,144,8813000
10/8/2025,MAIN,740,740,720,720,1152300
10/8/2025,MANG,77,79,71,76,19840400
10/8/2025,MANG-W,30,31,28,30,10382200
10/8/2025,MAPA,530,530,515,530,15654100
10/8/2025,MAPABQCZ5A,7,8,7,8,135200
10/8/2025,MAPADRCJ6A,9,9,8,9,17852100
10/8/2025,MAPAHDCZ5A,14,15,14,15,4100
10/8/2025,MAPAZPCH6A,22,22,22,22,2100
10/8/2025,MAPB,1650,1650,1610,1610,10700
10/8/2025,MAPI,1180,1190,1150,1165,14483800
10/8/2025,MAPIBQCV5A,5,6,4,5,8295600
10/8/2025,MAPIDRCX5A,11,13,11,11,3167200
10/8/2025,MAPIHDCK6A,0,0,0,0,0
10/8/2025,MAPIZPCJ6A,43,43,43,43,1500
10/8/2025,MARI,35,38,35,38,10021000
10/8/2025,MARK,625,625,610,615,5891800
10/8/2025,MASA,0,0,0,0,0
10/8/2025,MASB,3200,3200,2950,2950,6100
10/8/2025,MAXI,59,65,58,60,193329700
10/8/2025,MAYA,282,284,250,260,49601700
10/8/2025,MBAP,1625,1640,1605,1635,97700
10/8/2025,MBMA,620,635,580,615,411768500
10/8/2025,MBMABQCX5A,55,58,44,53,1011300
10/8/2025,MBMADRCG6A,39,39,30,35,6629500
10/8/2025,MBMADRCX5A,76,78,66,74,246500
10/8/2025,MBMADRPX5A,6,6,4,5,9541200
10/8/2025,MBMAHDCH6A,116,116,112,114,39500
10/8/2025,MBMAYUCK6A,140,140,135,135,14000
10/8/2025,MBMAZPCK6A,38,39,34,36,1836700
10/8/2025,MBMAZPCX5A,0,0,0,0,0
10/8/2025,MBSS,1370,1430,1365,1380,1198700
10/8/2025,MBTO,147,152,135,145,6199300
10/8/2025,MCAS,840,900,835,845,868000
10/8/2025,MCOL,3680,3730,3660,3730,9900
10/8/2025,MCOR,73,74,72,74,10069600
10/8/2025,MDIA,37,37,36,36,7131900
10/8/2025,MDIY,1085,1145,1085,1125,4252000
10/8/2025,MDKA,2250,2280,2160,2280,106168900
10/8/2025,MDKABQCV5A,64,68,53,66,271600
10/8/2025,MDKABQCX5B,24,24,16,20,6513900
10/8/2025,MDKADRCK6A,58,62,55,61,200400
10/8/2025,MDKADRCV5A,63,66,56,64,1663200
10/8/2025,MDKADRPX5A,23,23,23,23,1500
10/8/2025,MDKAHDCZ5A,0,0,0,0,0
10/8/2025,MDKAHDPH6A,123,123,121,121,2500
10/8/2025,MDKAHDPJ6A,64,64,60,61,84200
10/8/2025,MDKAYUCK6A,0,0,0,0,0
10/8/2025,MDKAZPCF6A,53,56,53,56,2300
10/8/2025,MDKI,190,194,186,192,4369400
10/8/2025,MDLA,226,226,222,222,5746300
10/8/2025,MDLN,67,68,64,65,58687500
10/8/2025,MDRN,59,60,59,60,85538400
10/8/2025,MEDC,1620,1630,1565,1580,125498000
10/8/2025,MEDCBQCV5A,146,148,131,133,343100
10/8/2025,MEDCBQCX5B,65,65,58,58,315800
10/8/2025,MEDCBQCZ5A,71,71,67,68,4900
10/8/2025,MEDCDRCG6A,69,69,64,64,4730700
10/8/2025,MEDCHDCH6A,136,136,136,136,79900
10/8/2025,MEDCZPCF6A,68,73,68,69,116400
10/8/2025,MEDS,68,73,63,71,33829100
10/8/2025,MEGA,3310,3360,3290,3290,61000
10/8/2025,MEJA,0,0,0,0,0
10/8/2025,MEJA-W,0,0,0,0,0
10/8/2025,MENN,50,55,45,55,99043000
10/8/2025,MERI,226,228,222,224,6552500
10/8/2025,MERK,2820,2820,2790,2800,25700
10/8/2025,META,0,0,0,0,0
10/8/2025,MFMI,0,0,0,0,0
10/8/2025,MGLV,735,735,605,605,2591300
10/8/2025,MGNA,29,35,29,35,4306100
10/8/2025,MGNA-W,0,0,0,0,0
10/8/2025,MGRO,765,775,760,775,6813800
10/8/2025,MHKI,254,294,252,266,216490300
10/8/2025,MICE,490,498,490,490,190400
10/8/2025,MIDI,418,418,404,410,12379800
10/8/2025,MIKA,2470,2490,2410,2410,2528100
10/8/2025,MIKADRCV6A,57,57,57,57,400
10/8/2025,MIKAZPCG6A,25,25,25,25,200
10/8/2025,MINA,226,246,218,236,1428040200
10/8/2025,MINE,510,515,494,505,2675500
10/8/2025,MIRA,55,58,55,58,12620100
10/8/2025,MITI,320,320,296,300,6384400
10/8/2025,MKAP,362,384,362,380,1970100
10/8/2025,MKNT,0,0,0,0,0
10/8/2025,MKPI,24975,24975,23600,24725,8500
10/8/2025,MKTR,153,154,142,147,2525700
10/8/2025,MKTR-W,10,10,6,7,20201300
10/8/2025,MLBI,5800,5825,5775,5800,95400
10/8/2025,MLIA,344,348,340,344,4684300
10/8/2025,MLPL,0,0,0,0,0
10/8/2025,MLPT,219100,257875,197000,225700,62600
10/8/2025,MMIX,408,448,394,422,9238000
10/8/2025,MMLP,560,565,555,565,16066500
10/8/2025,MNCN,276,276,266,268,23962900
10/8/2025,MNCNDRCN6A,28,28,28,28,1000
10/8/2025,MNCNHDCM6A,0,0,0,0,0
10/8/2025,MNCNZPCM6A,13,13,13,13,5400
10/8/2025,MOLI,242,270,234,270,53310600
10/8/2025,MORA,498,585,476,585,5357700
10/8/2025,MPIX,72,73,70,71,14397800
10/8/2025,MPIX-W,16,16,14,15,3875900
10/8/2025,MPMX,930,935,925,925,2884600
10/8/2025,MPOW,115,117,114,116,1540400
10/8/2025,MPPA,79,79,76,78,120714100
10/8/2025,MPRO,5475,6425,5450,5725,489900
10/8/2025,MPXL,208,208,192,197,7891100
10/8/2025,MRAT,302,362,294,362,9771200
10/8/2025,MREI,915,1005,905,980,1388600
10/8/2025,MSIE,53,57,53,57,15043000
10/8/2025,MSIN,570,575,545,555,38126400
10/8/2025,MSJA,300,300,296,300,3088000
10/8/2025,MSKY,89,90,86,87,13058900
10/8/2025,MSTI,1530,1545,1500,1520,3747600
10/8/2025,MTDL,610,615,600,610,4552900
10/8/2025,MTEL,580,585,570,575,5420100
10/8/2025,MTELDRCK6A,0,0,0,0,0
10/8/2025,MTELHDCM6A,23,23,21,21,500
10/8/2025,MTELZPCM6A,16,16,15,15,12900
10/8/2025,MTFN,21,23,21,23,190888100
10/8/2025,MTLA,438,438,432,434,41000
10/8/2025,MTMH,1270,1270,1240,1255,8400
10/8/2025,MTPS,66,66,66,66,15967100
10/8/2025,MTRA,0,0,0,0,0
10/8/2025,MTSM,0,0,0,0,0
10/8/2025,MTWI,354,356,346,352,352100
10/8/2025,MUTU,117,123,109,116,25534200
10/8/2025,MYOH,1660,1660,1635,1635,5900
10/8/2025,MYOR,2140,2200,2130,2200,5093700
10/8/2025,MYORDRCK6A,0,0,0,0,0
10/8/2025,MYORHDCM6A,0,0,0,0,0
10/8/2025,MYORZPCH6A,35,35,35,35,1200
10/8/2025,MYTX,0,0,0,0,0
10/8/2025,NAIK,130,131,124,126,29952900
10/8/2025,NAIK-W,22,23,22,23,4067300
10/8/2025,NANO,68,70,65,69,34447600
10/8/2025,NASA,36,38,36,38,2680100
10/8/2025,NASI,116,117,110,114,13189000
10/8/2025,NATO,147,149,143,146,106900
10/8/2025,NAYZ,140,141,126,126,5015400
10/8/2025,NCKL,1090,1160,1075,1125,83373300
10/8/2025,NCKLDRCK6A,50,50,48,48,1105400
10/8/2025,NCKLHDCK6A,67,75,67,70,2749300
10/8/2025,NCKLYUCZ5A,0,0,0,0,0
10/8/2025,NCKLZPCJ6A,72,73,69,73,1094900
10/8/2025,NCKLZPCM6A,32,36,30,33,2376400
10/8/2025,NELY,370,374,366,370,1839700
10/8/2025,NEST,266,274,262,268,7191100
10/8/2025,NETV,124,126,119,120,3843000
10/8/2025,NFCX,1720,1770,1630,1705,57900
10/8/2025,NICE,442,444,420,430,11002800
10/8/2025,NICK,1185,1205,1140,1205,22000
10/8/2025,NICL,1140,1160,1080,1085,15727900
10/8/2025,NIKL,545,580,450,472,105528900
10/8/2025,NINE,0,0,0,0,0
10/8/2025,NIRO,121,125,121,124,60800
10/8/2025,NISP,1355,1360,1345,1345,3121600
10/8/2025,NOBU,545,555,530,545,5144200
10/8/2025,NPGF,67,75,65,66,259147000
10/8/2025,NRCA,1010,1020,920,950,23516600
10/8/2025,NSSS,585,590,560,575,8558500
10/8/2025,NTBK,110,110,110,110,77994100
10/8/2025,NUSA,0,0,0,0,0
10/8/2025,NZIA,113,114,110,112,1741200
10/8/2025,OASA,310,356,296,300,602031700
10/8/2025,OBAT,468,470,454,460,2322000
10/8/2025,OBAT-W,114,115,108,110,2890800
10/8/2025,OBMD,268,270,256,262,772400
10/8/2025,OCAP,0,0,0,0,0
10/8/2025,OILS,216,252,193,232,57949800
10/8/2025,OKAS,171,172,162,164,17191500
10/8/2025,OLIV,129,129,129,129,4127900
10/8/2025,OMED,195,198,195,198,249700
10/8/2025,OMRE,484,484,438,438,1700
10/8/2025,OPMS,122,124,114,120,14373400
10/8/2025,PACK,1810,1840,1735,1765,5864600
10/8/2025,PADA,74,74,73,73,38877900
10/8/2025,PADI,85,90,85,90,44159200
10/8/2025,PALM,390,398,386,398,1676300
10/8/2025,PAMG,74,75,71,71,10504800
10/8/2025,PANI,15175,15400,14225,15375,18023700
10/8/2025,PANIBQCZ5A,53,55,47,55,1639800
10/8/2025,PANIDRCG6A,97,101,89,101,653100
10/8/2025,PANIHDCJ6A,131,135,124,135,1100400
10/8/2025,PANIHDCZ5A,180,185,168,185,2166900
10/8/2025,PANIZPCJ6A,85,85,79,83,262000
10/8/2025,PANR,685,700,675,690,3494000
10/8/2025,PANS,1395,1395,1380,1385,70000
10/8/2025,PART,106,106,103,103,26033000
10/8/2025,PART-W,18,19,17,17,5453900
10/8/2025,PBID,484,488,484,488,370200
10/8/2025,PBRX,31,34,31,34,30817100
10/8/2025,PBSA,960,1000,935,940,3642500
10/8/2025,PCAR,36,39,36,39,2084700
10/8/2025,PDES,635,640,620,635,2547200
10/8/2025,PDPP,466,466,442,444,493600
10/8/2025,PEGE,116,142,116,135,69817500
10/8/2025,PEHA,328,338,324,326,72300
10/8/2025,PEVE,440,464,440,460,545800
10/8/2025,PGAS,1625,1690,1610,1675,47934000
10/8/2025,PGASBQCZ5A,45,45,43,43,14200
10/8/2025,PGASDRCG6A,54,63,54,63,200800
10/8/2025,PGASHDCK6A,57,60,57,60,200
10/8/2025,PGASZPCJ6A,37,37,37,37,13800
10/8/2025,PGEO,1475,1490,1380,1455,102640800
10/8/2025,PGEOBQCX5B,17,18,13,16,16197900
10/8/2025,PGEODRCJ6A,42,42,37,39,6690200
10/8/2025,PGEOHDCH6A,0,0,0,0,0
10/8/2025,PGEOHDCH6B,0,0,0,0,0
10/8/2025,PGEOHDPH6A,0,0,0,0,0
10/8/2025,PGEOYUCK6A,95,98,93,98,16500
10/8/2025,PGEOZPCJ6A,47,47,47,47,288800
10/8/2025,PGEOZPCM6A,56,56,54,55,77300
10/8/2025,PGJO,1060,1060,885,980,1608600
10/8/2025,PGLI,256,258,234,254,684800
10/8/2025,PGUN,22225,22225,22225,22225,30100
10/8/2025,PICO,290,356,266,356,52324900
10/8/2025,PIPA,0,0,0,0,0
10/8/2025,PJAA,590,590,560,560,680100
10/8/2025,PKPK,560,605,555,565,135800
10/8/2025,PLAN,57,57,49,51,8349200
10/8/2025,PLAS,0,0,0,0,0
10/8/2025,PLIN,0,0,0,0,0
10/8/2025,PMJS,118,122,118,118,141600
10/8/2025,PMMP,0,0,0,0,0
10/8/2025,PMUI,134,134,130,130,4007300
10/8/2025,PNBN,1040,1045,1010,1015,19106200
10/8/2025,PNBS,54,54,52,52,14882100
10/8/2025,PNGO,3780,3790,3180,3610,538200
10/8/2025,PNIN,810,810,800,805,341400
10/8/2025,PNLF,234,236,230,230,73505900
10/8/2025,PNLFDRCJ6A,10,10,9,10,1275000
10/8/2025,PNLFHDCZ5A,0,0,0,0,0
10/8/2025,PNLFYUCV5A,5,5,3,4,3965700
10/8/2025,PNLFZPCH6A,0,0,0,0,0
10/8/2025,PNSE,705,760,705,730,39700
10/8/2025,POLA,34,37,34,37,9610000
10/8/2025,POLI,0,0,0,0,0
10/8/2025,POLL,0,0,0,0,0
10/8/2025,POLU,28050,29150,27800,29150,119000
10/8/2025,POLY,27,28,27,28,1896400
10/8/2025,POOL,0,0,0,0,0
10/8/2025,PORT,1025,1030,960,1030,19700
10/8/2025,POSA,0,0,0,0,0
10/8/2025,POWR,690,700,690,695,2906700
10/8/2025,PPGL,105,118,104,118,7033400
10/8/2025,PPRE,88,88,84,85,10662500
10/8/2025,PPRI,348,376,338,370,27205100
10/8/2025,PPRO,0,0,0,0,0
10/8/2025,PRAY,750,760,730,750,79500
10/8/2025,PRDA,2600,2600,2500,2520,496600
10/8/2025,PRIM,88,91,85,88,27072100
10/8/2025,PSAB,595,655,585,620,561104700
10/8/2025,PSAT,1350,1350,1305,1325,1478400
10/8/2025,PSDN,108,108,105,106,2042000
10/8/2025,PSGO,208,210,202,206,656900
10/8/2025,PSKT,174,174,154,174,156460100
10/8/2025,PSSI,348,348,340,342,323600
10/8/2025,PTBA,2270,2280,2230,2270,16846500
10/8/2025,PTBABQCV5A,9,9,7,8,168600
10/8/2025,PTBADRCG6A,0,0,0,0,0
10/8/2025,PTBAHDCM6A,0,0,0,0,0
10/8/2025,PTBAYUCZ5A,62,66,62,66,1200
10/8/2025,PTBAZPCH6A,28,28,28,28,57400
10/8/2025,PTDU,0,0,0,0,0
10/8/2025,PTIS,400,410,398,408,36500
10/8/2025,PTMP,94,94,90,91,14945500
10/8/2025,PTMR,0,0,0,0,0
10/8/2025,PTPP,382,386,372,384,20827400
10/8/2025,PTPS,173,184,167,180,57520400
10/8/2025,PTPW,940,940,940,940,14900
10/8/2025,PTRO,7375,7425,6750,7325,63677700
10/8/2025,PTRODRCG6A,238,240,197,232,706600
10/8/2025,PTROHDCK6A,390,390,360,390,726600
10/8/2025,PTROYUCK6A,388,388,374,374,3000
10/8/2025,PTROZPCK6A,198,200,174,196,64000
10/8/2025,PTSN,462,472,452,460,1338500
10/8/2025,PTSP,950,950,910,930,12200
10/8/2025,PUDP,635,635,525,525,307500
10/8/2025,PURA,30,30,30,30,2739700
10/8/2025,PURE,0,0,0,0,0
10/8/2025,PURI,191,191,187,188,57500
10/8/2025,PWON,368,368,362,366,57132600
10/8/2025,PWONDRCN6A,0,0,0,0,0
10/8/2025,PWONHDCZ5A,0,0,0,0,0
10/8/2025,PWONZPCH6A,0,0,0,0,0
10/8/2025,PYFA,560,585,535,550,59764400
10/8/2025,PYFA-W,122,125,119,124,405700
10/8/2025,PZZA,250,258,248,252,2654600
10/8/2025,R-ABFII,0,0,0,0,0
10/8/2025,R-LQ45X,953,953,953,953,800
10/8/2025,RAAM,296,298,278,278,21917400
10/8/2025,RAFI,0,0,0,0,0
10/8/2025,RAJA,5100,5700,4860,5250,210543200
10/8/2025,RAJADRCG6A,286,364,266,322,7781600
10/8/2025,RAJAHDCK6A,258,308,246,276,3454800
10/8/2025,RAJAZPCK6A,135,160,126,141,5661100
10/8/2025,RALS,400,402,396,398,3640800
10/8/2025,RANC,0,0,0,0,0
10/8/2025,RATU,7700,9000,7650,9000,164045100
10/8/2025,RBMS,37,42,37,41,1354700
10/8/2025,RCCC,228,254,214,254,2789500
10/8/2025,RDTX,12300,12300,12300,12300,100
10/8/2025,REAL,70,77,66,73,134898700
10/8/2025,RELF,54,55,46,49,26277300
10/8/2025,RELI,635,790,620,695,441400
10/8/2025,RGAS,98,98,93,97,10226600
10/8/2025,RICY,70,74,70,74,211000
10/8/2025,RIGS,835,835,795,825,352200
10/8/2025,RIMO,0,0,0,0,0
10/8/2025,RISE,0,0,0,0,0
10/8/2025,RMKE,2450,2650,2380,2510,8335600
10/8/2025,RMKO,0,0,0,0,0
10/8/2025,ROCK,735,750,735,745,14900
10/8/2025,RODA,45,47,45,47,851200
10/8/2025,RONY,4610,5000,4150,4150,254400
10/8/2025,ROTI,795,795,785,795,342900
10/8/2025,RSCH,370,370,366,368,414700
10/8/2025,RSGK,0,0,0,0,0
10/8/2025,RUIS,204,204,192,196,1167000
10/8/2025,RUNS,106,107,98,106,9870100
10/8/2025,SAFE,186,190,184,188,1107200
10/8/2025,SAGE,38,38,37,38,6851800
10/8/2025,SAME,336,338,322,328,6843900
10/8/2025,SAMF,318,320,312,318,268800
10/8/2025,SAPX,300,300,290,298,394700
10/8/2025,SATU,248,248,246,246,2926800
10/8/2025,SBAT,0,0,0,0,0
10/8/2025,SBMA,133,136,129,134,4073500
10/8/2025,SCCO,2310,2370,2300,2300,86800
10/8/2025,SCMA,458,472,418,460,802854700
10/8/2025,SCMABQCZ5A,266,266,256,256,3600
10/8/2025,SCMADRCK6A,204,206,185,206,2125400
10/8/2025,SCMAHDCK6A,91,93,77,91,546400
10/8/2025,SCMAHDCZ5A,460,460,430,458,2700
10/8/2025,SCMAYUCK6A,134,146,132,146,43800
10/8/2025,SCMAZPCG6A,270,308,270,308,25500
10/8/2025,SCMAZPCM6A,84,92,77,88,98500
10/8/2025,SCNP,193,195,180,182,125300
10/8/2025,SCPI,0,0,0,0,0
10/8/2025,SDMU,75,75,70,73,1897600
10/8/2025,SDPC,138,141,135,137,618600
10/8/2025,SDRA,294,296,288,292,153900
10/8/2025,SEMA,95,97,92,94,2822900
10/8/2025,SFAN,1930,1935,1925,1930,77900
10/8/2025,SGER,380,384,364,370,110011600
10/8/2025,SGRO,5000,5300,4930,4930,2376000
10/8/2025,SHID,890,900,870,895,14100
10/8/2025,SHIP,6400,6400,5725,5750,257300
10/8/2025,SICO,132,132,126,129,7917800
10/8/2025,SIDO,515,520,510,520,13354900
10/8/2025,SIDODRCK6A,0,0,0,0,0
10/8/2025,SIDOZPCM6A,0,0,0,0,0
10/8/2025,SILO,1940,1940,1890,1890,1842500
10/8/2025,SIMA,0,0,0,0,0
10/8/2025,SIMP,585,595,570,580,15525900
10/8/2025,SINI,4600,4800,4580,4800,320200
10/8/2025,SIPD,700,710,700,710,2600
10/8/2025,SKBM,494,498,470,480,298500
10/8/2025,SKLT,214,216,208,208,712400
10/8/2025,SKRN,685,795,645,685,3733200
10/8/2025,SKYB,0,0,0,0,0
10/8/2025,SLIS,89,89,82,83,19776200
10/8/2025,SLIS-W,18,19,16,17,6775200
10/8/2025,SMAR,4830,4950,4740,4750,187600
10/8/2025,SMBR,286,290,280,286,19902400
10/8/2025,SMCB,0,0,0,0,0
10/8/2025,SMDM,845,880,830,840,165600
10/8/2025,SMDR,302,306,300,300,18536400
10/8/2025,SMGA,105,106,101,101,50379600
10/8/2025,SMGR,2620,2650,2550,2570,6989200
10/8/2025,SMGRBQCX5B,37,37,37,37,800
10/8/2025,SMGRBQCZ5A,14,14,13,13,1597100
10/8/2025,SMGRDRCV5A,0,0,0,0,0
10/8/2025,SMGRHDCZ5A,0,0,0,0,0
10/8/2025,SMGRZPCJ6A,46,46,45,46,532700
10/8/2025,SMIL,510,535,452,535,382070600
10/8/2025,SMKL,167,170,165,168,96500
10/8/2025,SMKM,197,214,195,214,32256900
10/8/2025,SMLE,354,354,354,354,8219400
10/8/2025,SMMA,14700,14725,14200,14600,19400
10/8/2025,SMMT,1400,1400,1310,1350,402900
10/8/2025,SMRA,408,410,398,404,34229200
10/8/2025,SMRADRCJ6A,22,22,21,22,5002400
10/8/2025,SMRAHDCZ5A,0,0,0,0,0
10/8/2025,SMRAZPCH6A,0,0,0,0,0
10/8/2025,SMRU,0,0,0,0,0
10/8/2025,SMSM,1805,1810,1770,1775,1704300
10/8/2025,SNLK,420,422,412,422,8179100
10/8/2025,SOCI,198,200,193,195,10346400
10/8/2025,SOFA,0,0,0,0,0
10/8/2025,SOHO,800,800,795,800,900
10/8/2025,SOLA,151,154,141,147,79822900
10/8/2025,SONA,4100,4300,4060,4100,41400
10/8/2025,SOSS,915,915,840,900,117200
10/8/2025,SOTS,354,354,336,346,54700
10/8/2025,SOUL,102,102,92,95,7536300
10/8/2025,SPMA,334,340,322,340,1083800
10/8/2025,SPRE,119,125,108,117,5310300
10/8/2025,SPTO,655,655,630,630,5498200
10/8/2025,SQMI,0,0,0,0,0
10/8/2025,SRAJ,0,0,0,0,0
10/8/2025,SRIL,0,0,0,0,0
10/8/2025,SRSN,71,81,71,77,719580500
10/8/2025,SRTG,1780,1875,1745,1875,16220600
10/8/2025,SRTGDRCK6A,0,0,0,0,0
10/8/2025,SRTGHDCK6A,97,97,97,97,1000000
10/8/2025,SRTGZPCG6A,0,0,0,0,0
10/8/2025,SRTGZPCK6A,40,41,40,41,80000
10/8/2025,SSIA,2290,2300,2000,2080,134787700
10/8/2025,SSMS,1655,1685,1630,1680,8360300
10/8/2025,SSTM,402,430,338,338,1625200
10/8/2025,STAA,1180,1260,1170,1240,35183000
10/8/2025,STAR,93,93,93,93,294500
10/8/2025,STRK,202,202,176,180,35398000
10/8/2025,STTP,10050,10150,10050,10150,1600
10/8/2025,SUGI,0,0,0,0,0
10/8/2025,SULI,134,140,132,140,8246700
10/8/2025,SUNI,840,845,820,820,339400
10/8/2025,SUPR,0,0,0,0,0
10/8/2025,SURE,2940,2940,2720,2770,20600
10/8/2025,SURI,111,112,105,107,27606500
10/8/2025,SWAT,0,0,0,0,0
10/8/2025,SWID,91,92,88,89,1590100
10/8/2025,TALF,426,550,426,482,473100
10/8/2025,TAMA,34,37,34,37,4382200
10/8/2025,TAMU,33,33,33,33,8491500
10/8/2025,TAPG,1845,1900,1785,1865,17852900
10/8/2025,TAPGDRCJ6A,130,130,130,130,160000
10/8/2025,TAPGHDCH6A,0,0,0,0,0
10/8/2025,TAPGZPCH6A,153,155,151,152,7600
10/8/2025,TAPGZPCM6A,51,55,50,55,119300
10/8/2025,TARA,29,33,29,33,5981700
10/8/2025,TAXI,19,19,19,19,104734600
10/8/2025,TAYS,76,79,73,76,13784900
10/8/2025,TBIG,1895,1905,1875,1895,502000
10/8/2025,TBLA,710,710,670,680,13088400
10/8/2025,TBMS,1680,1680,1380,1500,758800
10/8/2025,TCID,3230,3290,3120,3220,84300
10/8/2025,TCPI,6075,6100,5975,6075,7970400
10/8/2025,TDPM,0,0,0,0,0
10/8/2025,TEBE,3410,3410,3410,3410,1811100
10/8/2025,TECH,0,0,0,0,0
10/8/2025,TELE,0,0,0,0,0
10/8/2025,TFAS,280,310,280,310,10437800
10/8/2025,TFCO,0,0,0,0,0
10/8/2025,TGKA,5500,5500,5500,5500,1000
10/8/2025,TGRA,0,0,0,0,0
10/8/2025,TGUK,0,0,0,0,0
10/8/2025,TIFA,402,408,380,396,31300
10/8/2025,TINS,2750,2950,2500,2620,374355400
10/8/2025,TIRA,1580,1605,1450,1570,122200
10/8/2025,TIRT,0,0,0,0,0
10/8/2025,TKIM,7050,7100,6900,7050,1254100
10/8/2025,TKIMDRCN6A,0,0,0,0,0
10/8/2025,TKIMHDCJ6A,0,0,0,0,0
10/8/2025,TKIMZPCG6A,92,92,88,88,1193400
10/8/2025,TKIMZPCK6A,28,28,28,28,300
10/8/2025,TLDN,705,705,690,705,1567300
10/8/2025,TLKM,3030,3040,2940,2990,66090700
10/8/2025,TLKMBQCG6A,0,0,0,0,0
10/8/2025,TLKMBQCV5A,26,30,26,28,59400
10/8/2025,TLKMDRCJ6A,63,63,63,63,30000
10/8/2025,TLKMDRCX6A,0,0,0,0,0
10/8/2025,TLKMHDCJ6A,38,39,38,39,11000
10/8/2025,TLKMHDCV5A,0,0,0,0,0
10/8/2025,TLKMYUCK6A,95,95,95,95,161800
10/8/2025,TLKMZPCF6A,0,0,0,0,0
10/8/2025,TLKMZPCM6A,0,0,0,0,0
10/8/2025,TMAS,130,131,127,127,2757000
10/8/2025,TMPO,164,167,160,162,3023700
10/8/2025,TNCA,220,272,204,272,41103000
10/8/2025,TOBA,1490,1575,1345,1380,556372300
10/8/2025,TOOL,68,69,66,68,3938000
10/8/2025,TOPS,0,0,0,0,0
10/8/2025,TOSK,76,77,71,73,58211400
10/8/2025,TOTL,805,810,790,800,1905800
10/8/2025,TOTO,274,276,268,272,942800
10/8/2025,TOWR,515,520,505,510,34852900
10/8/2025,TOWRDRCN6A,0,0,0,0,0
10/8/2025,TOWRHDCK6A,0,0,0,0,0
10/8/2025,TOYS,0,0,0,0,0
10/8/2025,TPIA,7775,7825,7575,7700,10712700
10/8/2025,TPMA,575,575,550,565,8797600
10/8/2025,TRAM,0,0,0,0,0
10/8/2025,TRGU,176,177,173,175,253100
10/8/2025,TRIL,0,0,0,0,0
10/8/2025,TRIM,600,605,545,570,2606300
10/8/2025,TRIN,197,202,190,202,51597200
10/8/2025,TRIN-W2,4,9,4,9,12300
10/8/2025,TRIO,0,0,0,0,0
10/8/2025,TRIS,183,183,177,181,1018200
10/8/2025,TRJA,163,167,150,162,1083400
10/8/2025,TRON,90,91,85,87,10738800
10/8/2025,TRST,474,474,468,470,20000
10/8/2025,TRUE,86,86,86,86,15570600
10/8/2025,TRUK,262,282,262,282,3600000
10/8/2025,TRUS,446,448,432,436,17500
10/8/2025,TSPC,2370,2400,2340,2360,477300
10/8/2025,TUGU,1010,1020,995,1015,3219100
10/8/2025,TYRE,134,134,129,131,864300
10/8/2025,UANG,6800,6875,5750,5750,3768500
10/8/2025,UCID,464,466,460,464,1126000
10/8/2025,UDNG,1835,1835,1835,1835,251100
10/8/2025,UFOE,320,354,264,354,125299600
10/8/2025,ULTJ,1405,1420,1355,1355,11644900
10/8/2025,UNIC,8900,8900,8400,8525,10000
10/8/2025,UNIQ,366,384,362,370,54769800
10/8/2025,UNIT,0,0,0,0,0
10/8/2025,UNSP,168,168,167,167,34900
10/8/2025,UNTD,87,88,84,85,17732300
10/8/2025,UNTR,25225,25225,24725,25175,2331800
10/8/2025,UNTRBQCV5A,66,69,66,69,11100
10/8/2025,UNTRDRCG6A,132,135,132,135,20000
10/8/2025,UNTRHDCM6A,138,140,138,138,7300
10/8/2025,UNTRZPCJ6A,0,0,0,0,0
10/8/2025,UNVR,1840,1880,1825,1855,15182700
10/8/2025,UNVRBQCZ5A,75,75,75,75,89500
10/8/2025,UNVRDRCG6A,51,51,51,51,2000
10/8/2025,UNVRHDCM6A,0,0,0,0,0
10/8/2025,UNVRHDPG6A,0,0,0,0,0
10/8/2025,UNVRZPCH6A,53,53,51,52,37000
10/8/2025,UNVRZPCM6A,50,50,50,50,400
10/8/2025,URBN,138,138,133,137,181700
10/8/2025,UVCR,73,77,73,75,17951500
10/8/2025,VAST,156,160,153,156,1942600
10/8/2025,VAST-W,14,14,12,13,7590500
10/8/2025,VERN,131,131,125,128,2745500
10/8/2025,VICI,630,635,615,615,450200
10/8/2025,VICO,186,187,179,179,352500
10/8/2025,VINS,136,136,130,132,653400
10/8/2025,VISI,177,190,174,184,21135500
10/8/2025,VIVA,30,31,30,31,23983500
10/8/2025,VKTR,0,0,0,0,0
10/8/2025,VOKS,306,306,292,300,222100
10/8/2025,VRNA,90,90,86,89,80600
10/8/2025,VTNY,94,95,91,93,17968100
10/8/2025,WAPO,166,169,163,163,1553100
10/8/2025,WEGE,68,69,65,65,24113400
10/8/2025,WEHA,113,114,112,114,610000
10/8/2025,WGSH,256,260,244,250,1231500
10/8/2025,WICO,0,0,0,0,0
10/8/2025,WIDI,48,48,42,45,20895200
10/8/2025,WIFI,3490,3490,3170,3210,189518200
10/8/2025,WIIM,1300,1305,1240,1260,11088200
10/8/2025,WIKA,0,0,0,0,0
10/8/2025,WINE,214,214,199,204,6942500
10/8/2025,WINR,36,39,36,39,11521800
10/8/2025,WINS,416,420,410,410,1301900
10/8/2025,WIRG,128,130,122,123,496348100
10/8/2025,WMPP,0,0,0,0,0
10/8/2025,WMUU,33,35,33,35,101778800
10/8/2025,WOMF,334,338,332,334,25600
10/8/2025,WOOD,515,525,488,494,11385700
10/8/2025,WOWS,80,82,78,78,20297500
10/8/2025,WSBP,27,27,27,27,93639800
10/8/2025,WSKT,0,0,0,0,0
10/8/2025,WTON,97,100,96,99,14504400
10/8/2025,XAQA,0,0,0,0,0
10/8/2025,XBES,0,0,0,0,0
10/8/2025,XBID,505,505,505,505,40000
10/8/2025,XBIG,0,0,0,0,0
10/8/2025,XBIN,572,572,572,572,40000
10/8/2025,XBLQ,0,0,0,0,0
10/8/2025,XBNI,0,0,0,0,0
10/8/2025,XBSK,431,431,431,431,40000
10/8/2025,XCEG,104,104,104,104,500
10/8/2025,XCID,60,62,55,57,423600
10/8/2025,XCIS,77,103,77,95,12551500
10/8/2025,XCLQ,75,84,75,84,13600
10/8/2025,XDIF,0,0,0,0,0
10/8/2025,XIFE,112,147,105,111,31800
10/8/2025,XIHD,600,603,600,603,9300
10/8/2025,XIIC,0,0,0,0,0
10/8/2025,XIID,488,488,488,488,300
10/8/2025,XIIF,442,444,442,444,50000
10/8/2025,XIIT,513,519,505,505,17300
10/8/2025,XIJI,665,665,659,659,800
10/8/2025,XILV,122,122,110,121,400
10/8/2025,XIML,260,260,234,234,300
10/8/2025,XIPB,206,256,179,188,88900
10/8/2025,XIPI,216,216,216,216,100
10/8/2025,XISB,0,0,0,0,0
10/8/2025,XISC,0,0,0,0,0
10/8/2025,XISI,0,0,0,0,0
10/8/2025,XISR,0,0,0,0,0
10/8/2025,XKID,0,0,0,0,0
10/8/2025,XKIV,593,595,593,595,40200
10/8/2025,XKMS,1109,1109,1109,1109,100
10/8/2025,XMGB,1134,1134,1134,1134,100
10/8/2025,XMIG,215,215,215,215,100
10/8/2025,XMLF,863,863,863,863,40000
10/8/2025,XMSK,372,372,372,372,100
10/8/2025,XNVE,0,0,0,0,0
10/8/2025,XPDV,0,0,0,0,0
10/8/2025,XPFT,0,0,0,0,0
10/8/2025,XPIN,637,640,636,640,30400
10/8/2025,XPLQ,0,0,0,0,0
10/8/2025,XPSG,0,0,0,0,0
10/8/2025,XPTD,466,466,466,466,100
10/8/2025,XSBC,101,101,100,100,11500
10/8/2025,XSPI,0,0,0,0,0
10/8/2025,XSSI,85,85,77,81,117800
10/8/2025,XSSK,671,671,671,671,20000
10/8/2025,YELO,66,69,66,69,30262600
10/8/2025,YOII,101,101,93,98,7629500
10/8/2025,YPAS,615,615,615,615,103000
10/8/2025,YULE,2710,2710,2600,2690,6400
10/8/2025,YUPI,1710,1735,1700,1710,55900
10/8/2025,ZATA,76,77,70,72,84640900
10/8/2025,ZBRA,0,0,0,0,0
10/8/2025,ZINC,29,29,29,29,11559600
10/8/2025,ZONE,630,630,600,615,105000
10/8/2025,ZYRX,150,150,141,146,3387300
