<date>,<ticker>,<open>,<high>,<low>,<close>,<volume>
8/13/2025,IHSG,7846.124,7903.053,7791.700,7892.911,3542560195
8/13/2025,IDX30,0.000,0.000,0.000,0.000,0
8/13/2025,IDX80,0.000,0.000,0.000,0.000,0
8/13/2025,AADI,7050,7100,6900,6950,23366600
8/13/2025,AALI,7050,7150,7000,7150,1831400
8/13/2025,ABBA,38,38,38,38,1076100
8/13/2025,ABDA,0,0,0,0,0
8/13/2025,ABMM,2990,3000,2980,3000,441400
8/13/2025,ACES,480,494,480,480,98837600
8/13/2025,ACESBQCV5A,3,3,2,3,4399000
8/13/2025,ACESBQCX5B,18,18,18,18,2300
8/13/2025,ACESDRCJ6A,20,20,20,20,12800
8/13/2025,ACESDRCQ5A,2,2,1,1,1853500
8/13/2025,ACESHDCZ5A,54,54,54,54,200
8/13/2025,ACESZPCJ6A,0,0,0,0,0
8/13/2025,ACRO,72,78,71,76,51226100
8/13/2025,ACRO-W,8,8,7,7,1947600
8/13/2025,ACST,91,92,88,88,3349600
8/13/2025,ADCP,50,54,50,50,190578100
8/13/2025,ADES,14600,14600,14000,14075,142100
8/13/2025,ADHI,288,288,278,280,36277200
8/13/2025,ADMF,9075,9175,9075,9100,65100
8/13/2025,ADMG,124,127,123,125,173600
8/13/2025,ADMR,1120,1125,1050,1055,70380700
8/13/2025,ADMRDRCJ6A,46,46,40,42,562900
8/13/2025,ADMRZPCH6A,66,66,65,65,300
8/13/2025,ADRO,1895,1895,1830,1830,72682400
8/13/2025,ADROBQCU5A,18,18,16,17,34700
8/13/2025,ADROBQCZ5A,32,32,28,29,1566600
8/13/2025,ADRODRCJ6A,75,75,72,72,600
8/13/2025,ADRODRCQ5A,2,2,1,1,7182200
8/13/2025,ADRODRCQ5B,13,13,11,12,700
8/13/2025,ADRODRCX5A,49,49,45,45,1319200
8/13/2025,ADROHDCQ5A,2,2,1,1,24300
8/13/2025,ADROHDCZ5A,0,0,0,0,0
8/13/2025,ADROYUCZ5A,0,0,0,0,0
8/13/2025,ADROZPCF6A,37,37,37,37,3000
8/13/2025,AEGS,53,55,49,53,9557400
8/13/2025,AGAR,242,248,240,246,85700
8/13/2025,AGII,910,915,905,910,107800
8/13/2025,AGRO,256,264,240,240,156172500
8/13/2025,AGRS,67,68,65,66,5705700
8/13/2025,AHAP,78,81,73,76,34450900
8/13/2025,AIMS,326,326,326,326,134000
8/13/2025,AISA,127,128,126,127,4705500
8/13/2025,AKKU,0,0,0,0,0
8/13/2025,AKPI,580,595,580,585,1700
8/13/2025,AKRA,1285,1285,1255,1280,12972700
8/13/2025,AKRABQCX5B,0,0,0,0,0
8/13/2025,AKRADRCQ5A,5,5,4,4,7000
8/13/2025,AKRADRCX5A,43,44,42,42,39300
8/13/2025,AKRAHDCH6A,0,0,0,0,0
8/13/2025,AKRAHDCQ5A,18,21,18,21,400
8/13/2025,AKRAZPCJ6A,62,62,62,62,850000
8/13/2025,AKRAZPCX5A,0,0,0,0,0
8/13/2025,AKSI,250,258,248,252,141000
8/13/2025,ALDO,496,498,492,498,386200
8/13/2025,ALII,580,590,570,575,4091100
8/13/2025,ALKA,312,316,312,312,16800
8/13/2025,ALMI,0,0,0,0,0
8/13/2025,ALTO,0,0,0,0,0
8/13/2025,AMAG,358,362,358,360,3800
8/13/2025,AMAN,114,115,111,113,2990400
8/13/2025,AMAR,222,224,208,212,3859500
8/13/2025,AMFG,3100,3100,3040,3060,224700
8/13/2025,AMIN,180,180,173,175,58700
8/13/2025,AMMN,8500,8625,8325,8575,57598900
8/13/2025,AMMNBQCZ5A,0,0,0,0,0
8/13/2025,AMMNDRCJ6A,82,85,82,84,123100
8/13/2025,AMMNHDCH6A,0,0,0,0,0
8/13/2025,AMMNZPCG6A,69,70,69,69,462500
8/13/2025,AMMS,154,169,154,169,6470900
8/13/2025,AMOR,505,510,505,505,217100
8/13/2025,AMRT,2370,2410,2340,2350,19969600
8/13/2025,AMRTBQCU5A,14,18,14,18,386700
8/13/2025,AMRTDRCQ5A,1,3,1,3,249700
8/13/2025,AMRTDRCZ5A,0,0,0,0,0
8/13/2025,AMRTHDCJ6A,47,47,44,44,211400
8/13/2025,AMRTHDCQ5A,0,0,0,0,0
8/13/2025,AMRTZPCX5A,0,0,0,0,0
8/13/2025,ANDI,18,19,18,19,30202900
8/13/2025,ANJT,1760,1765,1750,1750,1066700
8/13/2025,ANTM,2930,2960,2880,2910,112931000
8/13/2025,ANTMBQCU5A,268,272,256,256,600
8/13/2025,ANTMBQCX5A,68,68,64,64,2286400
8/13/2025,ANTMBQCZ5A,0,0,0,0,0
8/13/2025,ANTMDRCG6A,47,47,45,45,319500
8/13/2025,ANTMDRCQ5A,0,0,0,0,0
8/13/2025,ANTMDRCX5A,278,282,274,274,50900
8/13/2025,ANTMDRPU5A,0,0,0,0,0
8/13/2025,ANTMDRPU5B,21,21,21,21,91000
8/13/2025,ANTMHDCH6A,80,80,80,80,15100
8/13/2025,ANTMHDCH6B,0,0,0,0,0
8/13/2025,ANTMHDCQ5A,346,346,346,346,500
8/13/2025,ANTMHDCU5A,0,0,0,0,0
8/13/2025,ANTMYUCQ5A,0,0,0,0,0
8/13/2025,ANTMZPCJ6A,67,67,66,66,9000
8/13/2025,ANTMZPCX5A,0,0,0,0,0
8/13/2025,APEX,125,131,125,125,24729300
8/13/2025,APIC,1110,1120,1100,1110,4260500
8/13/2025,APII,177,177,173,173,55000
8/13/2025,APLI,498,498,496,496,900
8/13/2025,APLN,105,115,104,105,108195500
8/13/2025,ARCI,710,715,675,680,18906700
8/13/2025,AREA,470,580,470,525,8821700
8/13/2025,ARGO,1325,1355,1250,1320,43900
8/13/2025,ARII,262,274,262,262,246400
8/13/2025,ARKA,25,25,25,25,23370400
8/13/2025,ARKO,1130,1155,1105,1155,355800
8/13/2025,ARMY,0,0,0,0,0
8/13/2025,ARNA,580,580,565,570,4560900
8/13/2025,ARTA,3720,3730,3160,3610,20600
8/13/2025,ARTI,0,0,0,0,0
8/13/2025,ARTO,2240,2400,2160,2160,46714600
8/13/2025,ARTOBQCU5A,15,16,8,11,71998700
8/13/2025,ARTOBQCX5B,146,162,146,149,73000
8/13/2025,ARTOBQCZ5A,41,41,34,34,502100
8/13/2025,ARTODRCQ5A,2,2,1,1,16612600
8/13/2025,ARTODRCX5A,65,73,58,58,1911100
8/13/2025,ARTOHDCZ5A,0,0,0,0,0
8/13/2025,ARTOZPCX5A,68,74,63,63,2258700
8/13/2025,ASBI,434,498,434,442,65800
8/13/2025,ASDM,535,540,530,530,36600
8/13/2025,ASGR,1070,1100,1055,1090,1105100
8/13/2025,ASHA,22,22,20,20,17394700
8/13/2025,ASII,5100,5250,5025,5175,103458500
8/13/2025,ASIIBQCU5A,45,46,45,46,900000
8/13/2025,ASIIBQCZ5A,0,0,0,0,0
8/13/2025,ASIIDRCQ5A,10,10,10,10,5700
8/13/2025,ASIIDRCQ5B,0,0,0,0,0
8/13/2025,ASIIDRCX5A,96,96,96,96,500
8/13/2025,ASIIDRCX6A,0,0,0,0,0
8/13/2025,ASIIDRPQ5A,0,0,0,0,0
8/13/2025,ASIIHDCZ5A,0,0,0,0,0
8/13/2025,ASIIZPCJ6A,97,99,97,99,15400
8/13/2025,ASJT,108,110,107,107,13600
8/13/2025,ASLC,63,64,62,64,79561500
8/13/2025,ASLI,0,0,0,0,0
8/13/2025,ASMI,17,18,17,18,732700
8/13/2025,ASPI,300,300,288,294,1459700
8/13/2025,ASPR,100,106,99,100,63886000
8/13/2025,ASRI,165,174,161,173,158741600
8/13/2025,ASRM,282,284,280,282,4700
8/13/2025,ASSA,960,960,900,905,20768200
8/13/2025,ATAP,31,31,30,30,42200
8/13/2025,ATIC,406,410,398,406,285600
8/13/2025,ATLA,50,61,50,55,1323725100
8/13/2025,AUTO,2190,2330,2180,2310,12208800
8/13/2025,AUTOZPCJ6A,27,27,27,27,100
8/13/2025,AVIA,432,432,426,426,7516900
8/13/2025,AVIAZPCJ6A,20,21,20,21,45000
8/13/2025,AWAN,266,272,256,258,19082300
8/13/2025,AXIO,130,130,123,126,3804000
8/13/2025,AYAM,169,171,167,171,136683500
8/13/2025,AYLS,103,105,103,104,3217300
8/13/2025,BABP,54,55,53,53,12712500
8/13/2025,BABY,350,354,334,338,8729900
8/13/2025,BACA,133,133,130,132,2141400
8/13/2025,BAIK,93,95,93,94,1007600
8/13/2025,BAIK-W,8,9,8,8,6725600
8/13/2025,BAJA,129,133,128,129,1334000
8/13/2025,BALI,1350,1355,1315,1350,5700
8/13/2025,BANK,840,845,825,845,7238500
8/13/2025,BANK-W,0,0,0,0,0
8/13/2025,BAPA,51,59,50,56,31076400
8/13/2025,BAPI,10,10,10,10,12017300
8/13/2025,BATA,51,51,51,51,13300
8/13/2025,BATR,107,108,101,103,6122600
8/13/2025,BAUT,36,37,36,37,12781600
8/13/2025,BAYU,1295,1305,1290,1300,146800
8/13/2025,BBCA,8975,8975,8725,8925,129083900
8/13/2025,BBCABQCV5A,30,31,29,31,311900
8/13/2025,BBCABQCX5A,0,0,0,0,0
8/13/2025,BBCADRCF6A,75,75,71,75,151900
8/13/2025,BBCADRCQ5A,7,7,7,7,75100
8/13/2025,BBCADRCX6A,4600,4600,4490,4510,300
8/13/2025,BBCADRPQ5A,0,0,0,0,0
8/13/2025,BBCAHDCQ5A,2,3,2,3,55400
8/13/2025,BBCAHDCQ7A,99,100,95,99,193900
8/13/2025,BBCAHDCU5A,0,0,0,0,0
8/13/2025,BBCAHDCV5A,0,0,0,0,0
8/13/2025,BBCAYUCQ5A,47,47,39,45,1000300
8/13/2025,BBCAZPCF6A,54,55,54,55,1400
8/13/2025,BBCAZPCH6A,0,0,0,0,0
8/13/2025,BBHI,1585,1600,1535,1550,1986200
8/13/2025,BBKP,63,64,62,62,65231200
8/13/2025,BBLD,950,950,810,915,32300
8/13/2025,BBMD,2130,2130,2110,2110,700
8/13/2025,BBNI,4390,4420,4310,4370,54042400
8/13/2025,BBNIBQCU5A,31,31,28,28,1400
8/13/2025,BBNIBQCV5A,0,0,0,0,0
8/13/2025,BBNIDRCQ5A,3,3,2,2,12500
8/13/2025,BBNIDRCX6A,2430,2530,2430,2520,500
8/13/2025,BBNIDRCZ5A,67,69,64,69,838100
8/13/2025,BBNIDRPU5A,17,18,17,18,67600
8/13/2025,BBNIHDCQ5A,22,22,20,20,52800
8/13/2025,BBNIHDCQ7A,81,97,81,93,181600
8/13/2025,BBNIHDCU5A,0,0,0,0,0
8/13/2025,BBNIHDPU5A,0,0,0,0,0
8/13/2025,BBNIYUCV5A,69,74,69,74,150200
8/13/2025,BBNIZPCH6A,109,109,107,107,3600
8/13/2025,BBNIZPCX5A,0,0,0,0,0
8/13/2025,BBRI,4060,4100,3990,4080,292104000
8/13/2025,BBRIBQCQ5A,4,4,3,3,242600
8/13/2025,BBRIBQCU5A,31,34,31,34,902200
8/13/2025,BBRIBQCZ5A,0,0,0,0,0
8/13/2025,BBRIDRCQ5A,11,11,7,7,13000
8/13/2025,BBRIDRCX5A,173,179,168,177,364400
8/13/2025,BBRIDRCX6A,2330,2340,2330,2340,600
8/13/2025,BBRIHDCH6A,141,141,139,139,8600
8/13/2025,BBRIHDCQ5A,18,18,14,17,2964500
8/13/2025,BBRIHDCQ7A,103,103,97,102,202400
8/13/2025,BBRIYUCV5A,146,154,144,154,127000
8/13/2025,BBRIZPCH6A,107,107,104,106,3600
8/13/2025,BBRIZPCX5A,94,94,90,90,500
8/13/2025,BBRM,75,78,75,76,1829000
8/13/2025,BBSI,4010,4020,4010,4020,7700
8/13/2025,BBSS,266,268,258,260,33100
8/13/2025,BBTN,1275,1360,1230,1335,132059900
8/13/2025,BBTNHDCZ5A,0,0,0,0,0
8/13/2025,BBTNYUCZ5A,84,85,84,85,200
8/13/2025,BBTNZPCG6A,55,68,53,66,23978800
8/13/2025,BBYB,354,376,340,344,414053200
8/13/2025,BCAP,70,73,65,69,265118000
8/13/2025,BCIC,0,0,0,0,0
8/13/2025,BCIP,95,95,93,93,29822400
8/13/2025,BDKR,157,158,154,157,14978700
8/13/2025,BDMN,2580,2590,2530,2550,2245600
8/13/2025,BEBS,0,0,0,0,0
8/13/2025,BEEF,304,306,282,286,20633500
8/13/2025,BEER,102,104,101,104,1426200
8/13/2025,BEKS,24,25,24,25,34339400
8/13/2025,BELI,382,382,374,380,336000
8/13/2025,BELL,52,70,52,70,360279800
8/13/2025,BESS,1005,1010,990,990,57600
8/13/2025,BEST,102,107,101,106,18889100
8/13/2025,BFIN,895,895,875,880,11956700
8/13/2025,BGTG,85,86,82,83,16256900
8/13/2025,BHAT,855,870,855,870,2541800
8/13/2025,BHIT,31,31,31,31,11482400
8/13/2025,BIKA,0,0,0,0,0
8/13/2025,BIKE,830,840,820,820,2776500
8/13/2025,BIMA,51,51,51,51,77900
8/13/2025,BINA,4390,4400,4390,4400,5100
8/13/2025,BINO,111,123,110,116,4411400
8/13/2025,BIPI,90,94,88,90,447526700
8/13/2025,BIPP,39,39,38,38,31900
8/13/2025,BIRD,1900,1905,1890,1895,1150300
8/13/2025,BISI,895,900,875,890,185000
8/13/2025,BJBR,790,800,790,790,4015900
8/13/2025,BJTM,520,525,515,515,17314500
8/13/2025,BKDP,34,34,33,34,43600
8/13/2025,BKSL,148,152,148,152,380210400
8/13/2025,BKSW,62,63,60,61,11344700
8/13/2025,BLES,161,161,157,159,4203800
8/13/2025,BLOG,510,510,496,500,4688300
8/13/2025,BLTA,19,20,19,20,6892400
8/13/2025,BLTZ,0,0,0,0,0
8/13/2025,BLUE,314,328,310,312,1233200
8/13/2025,BMAS,0,0,0,0,0
8/13/2025,BMBL,29,32,28,28,17849100
8/13/2025,BMHS,195,195,189,191,1480300
8/13/2025,BMRI,4930,4970,4860,4870,180844900
8/13/2025,BMRIBQCU5A,6,7,5,5,4164000
8/13/2025,BMRIBQCZ5A,79,79,75,75,66100
8/13/2025,BMRIDRCQ5A,1,1,1,1,946100
8/13/2025,BMRIDRCX5A,73,73,69,70,1033900
8/13/2025,BMRIDRCX6A,2580,2580,2510,2510,204100
8/13/2025,BMRIHDCQ5A,3,3,3,3,10000
8/13/2025,BMRIHDCQ7A,112,112,107,108,159400
8/13/2025,BMRIHDCU5A,115,115,115,115,45100
8/13/2025,BMRIHDPU5A,0,0,0,0,0
8/13/2025,BMRIYUCQ5A,0,0,0,0,0
8/13/2025,BMRIZPCH6A,75,75,73,73,16100
8/13/2025,BMRIZPCX5A,47,47,45,46,1570200
8/13/2025,BMSR,248,250,246,248,4200
8/13/2025,BMTR,149,149,146,147,21045100
8/13/2025,BNBA,845,845,800,805,1150200
8/13/2025,BNBR,42,42,42,42,19164100
8/13/2025,BNGA,1735,1750,1720,1730,5263100
8/13/2025,BNGAZPCH6A,54,54,53,53,57800
8/13/2025,BNII,208,214,208,208,2435100
8/13/2025,BNLI,3170,3170,3120,3120,122300
8/13/2025,BOAT,114,115,108,109,20284200
8/13/2025,BOBA,188,190,185,185,352600
8/13/2025,BOGA,610,615,595,600,782600
8/13/2025,BOLA,188,188,177,178,1628800
8/13/2025,BOLT,1095,1100,1090,1090,23100
8/13/2025,BOSS,0,0,0,0,0
8/13/2025,BPFI,330,358,326,336,196400
8/13/2025,BPII,595,595,585,585,260100
8/13/2025,BPTR,99,100,96,98,593800
8/13/2025,BRAM,5250,5500,5125,5175,5200
8/13/2025,BREN,9150,9450,8875,9100,55874800
8/13/2025,BRIS,2810,2840,2770,2770,30697000
8/13/2025,BRISBQCZ5A,0,0,0,0,0
8/13/2025,BRISDRCJ6A,57,57,55,55,544800
8/13/2025,BRISHDCH6A,73,73,73,73,6000
8/13/2025,BRISHDCZ5A,0,0,0,0,0
8/13/2025,BRISYUCV5A,0,0,0,0,0
8/13/2025,BRISZPCG6A,64,64,58,58,51300
8/13/2025,BRMS,436,450,436,442,370980400
8/13/2025,BRMSBQCZ5A,55,56,55,55,725300
8/13/2025,BRMSDRCJ6A,42,42,41,41,9200
8/13/2025,BRMSDRPX5A,28,28,28,28,21300
8/13/2025,BRMSHDCH6A,0,0,0,0,0
8/13/2025,BRMSHDCZ5A,0,0,0,0,0
8/13/2025,BRMSYUCV5A,30,31,30,31,200
8/13/2025,BRMSZPCG6A,64,66,64,66,76900
8/13/2025,BRNA,880,950,790,945,751300
8/13/2025,BRPT,2350,2410,2290,2320,110670200
8/13/2025,BRPTBQCQ5A,0,0,0,0,0
8/13/2025,BRPTBQCV5A,402,406,378,378,600
8/13/2025,BRPTBQCX5B,104,104,89,89,53300
8/13/2025,BRPTBQCZ5A,0,0,0,0,0
8/13/2025,BRPTDRCF6A,206,206,198,199,26000
8/13/2025,BRPTDRCJ6A,111,115,106,108,565500
8/13/2025,BRPTDRCQ5A,260,260,260,260,19300
8/13/2025,BRPTDRCX5A,240,240,232,232,502800
8/13/2025,BRPTDRPV5A,11,12,11,12,326100
8/13/2025,BRPTHDCH6A,177,177,177,177,3500
8/13/2025,BRPTHDCH6B,153,153,143,144,20100
8/13/2025,BRPTHDCQ5A,278,278,278,278,500
8/13/2025,BRPTHDPG6A,0,0,0,0,0
8/13/2025,BRPTYUCZ5A,0,0,0,0,0
8/13/2025,BRPTZPCF6A,0,0,0,0,0
8/13/2025,BRPTZPCX5A,0,0,0,0,0
8/13/2025,BRRC,84,85,77,79,63999100
8/13/2025,BRRC-W,10,11,9,9,5740900
8/13/2025,BSBK,52,55,51,53,123932600
8/13/2025,BSDE,880,920,870,895,41255200
8/13/2025,BSDEDRCJ6A,28,30,28,29,1408400
8/13/2025,BSDEZPCH6A,42,42,41,41,3536900
8/13/2025,BSIM,865,870,855,855,11000
8/13/2025,BSML,106,107,105,105,58078900
8/13/2025,BSSR,3910,3920,3900,3900,535700
8/13/2025,BSWD,0,0,0,0,0
8/13/2025,BTEK,6,7,6,7,318458300
8/13/2025,BTEL,0,0,0,0,0
8/13/2025,BTON,386,388,386,388,800
8/13/2025,BTPN,2080,2140,2080,2100,39900
8/13/2025,BTPS,1530,1530,1475,1505,20737200
8/13/2025,BTPSZPCH6A,48,48,48,48,5200
8/13/2025,BUAH,1330,1340,1300,1325,105200
8/13/2025,BUDI,230,230,228,230,14900
8/13/2025,BUKA,172,175,171,174,167317600
8/13/2025,BUKABQCZ5B,22,23,22,23,1013600
8/13/2025,BUKAHDCZ5A,139,139,139,139,13000
8/13/2025,BUKK,825,825,810,825,34800
8/13/2025,BULL,179,179,164,170,363246300
8/13/2025,BUMI,111,111,108,108,625496300
8/13/2025,BUVA,314,314,314,314,157329300
8/13/2025,BVIC,96,97,93,94,3972600
8/13/2025,BVIC-W,47,48,45,47,44800
8/13/2025,BWPT,118,124,115,118,315088800
8/13/2025,BYAN,18325,18325,18150,18300,94600
8/13/2025,CAKK,134,135,134,135,38200
8/13/2025,CAMP,208,212,208,210,1660500
8/13/2025,CANI,38,38,38,38,144700
8/13/2025,CARE,274,286,272,284,21553600
8/13/2025,CARS,106,109,103,105,21694500
8/13/2025,CASA,1090,1105,1090,1100,4604300
8/13/2025,CASH,69,72,68,70,983900
8/13/2025,CASS,2360,2400,2250,2330,50800
8/13/2025,CBDK,5950,6000,5875,5900,3766400
8/13/2025,CBMF,0,0,0,0,0
8/13/2025,CBPE,177,192,177,181,114700
8/13/2025,CBRE,0,0,0,0,0
8/13/2025,CBUT,1255,1320,1245,1250,71800
8/13/2025,CCSI,322,324,318,322,569800
8/13/2025,CDIA,1550,1685,1530,1675,341197500
8/13/2025,CEKA,2600,2640,2560,2580,32900
8/13/2025,CENT,100,104,100,100,10804000
8/13/2025,CFIN,322,324,320,322,3445100
8/13/2025,CGAS,118,128,117,118,59081700
8/13/2025,CHEK,195,198,192,197,19806100
8/13/2025,CHEM,95,123,93,106,465411100
8/13/2025,CHIP,1330,1340,1315,1340,80700
8/13/2025,CINT,158,158,155,155,225900
8/13/2025,CITA,3960,4000,3950,3980,153000
8/13/2025,CITY,112,113,109,110,7605700
8/13/2025,CLAY,1300,1305,1245,1305,145300
8/13/2025,CLEO,605,610,595,595,9035000
8/13/2025,CLPI,1250,1265,1235,1255,228500
8/13/2025,CMNP,1305,1320,1305,1310,205600
8/13/2025,CMNP-W,0,0,0,0,0
8/13/2025,CMNT,825,825,805,825,34969100
8/13/2025,CMPP,75,75,74,75,190700
8/13/2025,CMRY,5000,5000,4870,4920,589700
8/13/2025,CMRYZPCJ6A,45,45,45,45,208300
8/13/2025,CNKO,89,89,89,89,21196000
8/13/2025,CNMA,138,141,138,141,25288200
8/13/2025,CNTB,0,0,0,0,0
8/13/2025,CNTX,0,0,0,0,0
8/13/2025,COAL,34,35,34,35,1485100
8/13/2025,COCO,0,0,0,0,0
8/13/2025,COIN,1660,1665,1600,1625,68099800
8/13/2025,COWL,0,0,0,0,0
8/13/2025,CPIN,4470,4530,4470,4480,5361000
8/13/2025,CPINDRCG6A,70,70,69,69,30600
8/13/2025,CPINDRCQ5A,0,0,0,0,0
8/13/2025,CPINHDCQ5A,6,6,5,5,2100
8/13/2025,CPINZPCJ6A,43,43,43,43,300000
8/13/2025,CPRI,0,0,0,0,0
8/13/2025,CPRO,51,52,51,51,51141700
8/13/2025,CRAB,240,242,234,240,3437300
8/13/2025,CRSN,120,146,119,136,100926300
8/13/2025,CSAP,270,270,264,268,94700
8/13/2025,CSIS,109,113,102,108,6283100
8/13/2025,CSMI,0,0,0,0,0
8/13/2025,CSRA,740,765,715,720,3493500
8/13/2025,CTBN,5000,5025,5000,5025,6200
8/13/2025,CTRA,1000,1090,995,1070,84000000
8/13/2025,CTRADRCJ6A,35,35,35,35,1044000
8/13/2025,CTRAYUCZ5A,82,85,81,81,21200
8/13/2025,CTRAZPCG6A,0,0,0,0,0
8/13/2025,CTTH,27,27,26,26,326300
8/13/2025,CUAN,1580,1650,1580,1625,399438600
8/13/2025,CYBR,1000,1060,960,1050,27462200
8/13/2025,CYBR-W,555,595,530,580,110800
8/13/2025,DAAZ,3480,3530,3410,3410,678900
8/13/2025,DADA,14,14,14,14,193065500
8/13/2025,DART,155,158,155,158,158400
8/13/2025,DATA,1950,1975,1915,1920,4832700
8/13/2025,DAYA,1025,1080,1000,1015,32700
8/13/2025,DCII,306075,306075,306075,306075,16500
8/13/2025,DEAL,0,0,0,0,0
8/13/2025,DEFI,0,0,0,0,0
8/13/2025,DEPO,202,202,199,200,262000
8/13/2025,DEWA,230,232,222,222,142526100
8/13/2025,DEWI,105,105,103,105,63030700
8/13/2025,DFAM,53,54,50,53,2693200
8/13/2025,DGIK,99,101,97,98,6379000
8/13/2025,DGNS,152,153,150,152,25227500
8/13/2025,DGWG,418,426,412,420,12145400
8/13/2025,DIGI,26,26,25,25,700600
8/13/2025,DILD,132,138,131,137,48123500
8/13/2025,DIVA,110,112,108,110,6099300
8/13/2025,DKFT,835,855,810,835,30887000
8/13/2025,DKHH,105,134,99,131,1198048700
8/13/2025,DKHH-W,21,24,18,19,164261600
8/13/2025,DLTA,2020,2050,1990,1990,304200
8/13/2025,DMAS,140,141,138,139,37440600
8/13/2025,DMMX,358,358,338,346,2906800
8/13/2025,DMND,580,610,580,590,236000
8/13/2025,DNAR,122,124,119,120,13829400
8/13/2025,DNET,9525,10125,9325,9375,15100
8/13/2025,DOID,358,360,350,350,10953700
8/13/2025,DOOH,157,162,146,146,119451400
8/13/2025,DOSS,136,137,132,133,2165500
8/13/2025,DPNS,246,246,236,238,13700
8/13/2025,DPUM,50,63,50,55,53446700
8/13/2025,DRMA,970,970,960,965,371800
8/13/2025,DSFI,85,88,83,84,18397600
8/13/2025,DSNG,1470,1540,1455,1510,52834800
8/13/2025,DSSA,86500,90000,84300,88500,11183200
8/13/2025,DUCK,0,0,0,0,0
8/13/2025,DUTI,3400,3400,3390,3390,400
8/13/2025,DVLA,1650,1690,1650,1680,9400
8/13/2025,DWGL,228,234,228,230,92100
8/13/2025,DYAN,86,86,84,86,2668700
8/13/2025,EAST,95,95,94,95,1891700
8/13/2025,ECII,182,186,180,180,442200
8/13/2025,EDGE,4380,4430,4300,4340,40500
8/13/2025,EKAD,183,185,183,183,176300
8/13/2025,ELIT,189,193,188,188,15384800
8/13/2025,ELPI,318,336,316,318,742800
8/13/2025,ELSA,484,488,482,484,19526000
8/13/2025,ELSADRCJ6A,0,0,0,0,0
8/13/2025,ELSAZPCG6A,33,33,33,33,20000
8/13/2025,ELTY,11,12,11,12,200304100
8/13/2025,EMDE,89,90,88,89,540900
8/13/2025,EMTK,955,995,945,975,132224200
8/13/2025,EMTKBQCZ5A,0,0,0,0,0
8/13/2025,EMTKHDCZ5A,0,0,0,0,0
8/13/2025,EMTKYUCV5A,101,101,101,101,2000
8/13/2025,EMTKZPCH6A,101,108,101,105,196800
8/13/2025,ENAK,715,720,705,720,583900
8/13/2025,ENRG,560,565,540,550,121191200
8/13/2025,ENRGDRCJ6A,76,76,72,72,1519300
8/13/2025,ENRGHDCZ5A,206,206,204,204,1100
8/13/2025,ENRGZPCG6A,163,163,163,163,400
8/13/2025,ENVY,0,0,0,0,0
8/13/2025,ENZO,34,34,33,33,164700
8/13/2025,EPAC,15,16,15,16,11581700
8/13/2025,EPMT,2310,2310,2300,2300,2600
8/13/2025,ERAA,470,484,466,466,139889300
8/13/2025,ERAABQCZ5A,36,36,36,36,9200
8/13/2025,ERAADRCJ6A,15,16,14,14,5531400
8/13/2025,ERAAHDCZ5A,46,46,45,45,34700
8/13/2025,ERAAZPCH6A,28,28,27,27,357200
8/13/2025,ERAL,346,348,332,344,27449700
8/13/2025,ERTX,101,104,100,102,1247400
8/13/2025,ESIP,39,40,39,40,1594200
8/13/2025,ESSA,595,610,580,585,38535500
8/13/2025,ESSABQCZ5A,0,0,0,0,0
8/13/2025,ESSAHDCH6A,0,0,0,0,0
8/13/2025,ESSAYUCZ5A,43,43,43,43,10000
8/13/2025,ESTA,65,66,63,65,1265100
8/13/2025,ESTI,47,47,45,45,4450600
8/13/2025,ETWA,0,0,0,0,0
8/13/2025,EURO,226,246,226,246,37562300
8/13/2025,EXCL,2870,3010,2850,2910,55040400
8/13/2025,EXCLHDCJ6A,63,69,63,64,272000
8/13/2025,EXCLHDCQ5A,163,163,154,154,7900
8/13/2025,EXCLZPCF6A,104,106,103,104,8201600
8/13/2025,FAPA,5675,5725,5675,5725,11100
8/13/2025,FAST,330,330,322,324,1521000
8/13/2025,FASW,0,0,0,0,0
8/13/2025,FILM,3730,3860,3620,3770,13457900
8/13/2025,FIMP,0,0,0,0,0
8/13/2025,FIRE,75,77,73,75,3896400
8/13/2025,FISH,0,0,0,0,0
8/13/2025,FITT,238,238,214,222,3603800
8/13/2025,FLMC,65,71,62,71,4045000
8/13/2025,FMII,378,388,374,376,66100
8/13/2025,FOLK,82,83,81,81,305200
8/13/2025,FOOD,106,106,106,106,26900
8/13/2025,FORE,575,585,575,575,7166700
8/13/2025,FORU,1390,1600,1340,1370,1064400
8/13/2025,FPNI,192,192,188,191,1167900
8/13/2025,FUJI,410,432,406,430,78600
8/13/2025,FUTR,146,175,146,158,886087700
8/13/2025,FWCT,160,160,152,152,1803200
8/13/2025,GAMA,0,0,0,0,0
8/13/2025,GDST,108,108,106,108,2212200
8/13/2025,GDYR,1150,1170,1150,1170,5100
8/13/2025,GEMA,100,134,98,124,192828700
8/13/2025,GEMS,9300,9350,9175,9200,198300
8/13/2025,GGRM,8725,8775,8675,8675,266900
8/13/2025,GGRMZPCG6A,40,40,39,39,1200
8/13/2025,GGRP,0,0,0,0,0
8/13/2025,GHON,1585,1605,1585,1600,10200
8/13/2025,GIAA,71,72,71,72,23286100
8/13/2025,GJTL,1045,1055,1040,1050,4477000
8/13/2025,GJTLZPCJ6A,26,26,26,26,25000
8/13/2025,GLOB,0,0,0,0,0
8/13/2025,GLVA,328,334,328,328,12200
8/13/2025,GMFI,60,60,60,60,456800
8/13/2025,GMTD,2240,2240,2170,2230,1400
8/13/2025,GOLD,252,252,246,252,74300
8/13/2025,GOLF,212,214,210,214,1632200
8/13/2025,GOLL,0,0,0,0,0
8/13/2025,GOOD,382,390,378,382,235400
8/13/2025,GOTO,67,67,63,64,3230631400
8/13/2025,GOTOBQCZ5A,4,4,3,3,1360900
8/13/2025,GOTODRCG6A,13,13,13,13,2800
8/13/2025,GOTODRCQ5A,2,2,2,2,10000
8/13/2025,GOTOHDCQ5A,0,0,0,0,0
8/13/2025,GOTOM,0,0,0,0,0
8/13/2025,GOTOZPCH6A,31,35,31,35,9100
8/13/2025,GPRA,154,155,145,148,148491300
8/13/2025,GPSO,388,388,368,376,863800
8/13/2025,GRIA,94,95,92,93,1117000
8/13/2025,GRPH,74,90,74,90,129785200
8/13/2025,GRPM,48,50,48,50,4849400
8/13/2025,GRPM-W,13,14,12,14,6816700
8/13/2025,GSMF,55,58,54,56,853500
8/13/2025,GTBO,185,187,182,186,167700
8/13/2025,GTRA,141,144,140,144,382100
8/13/2025,GTSI,46,46,46,46,3246800
8/13/2025,GULA,258,262,256,260,462400
8/13/2025,GUNA,240,246,236,244,2041700
8/13/2025,GWSA,157,158,148,157,1479400
8/13/2025,GZCO,109,114,109,111,50294100
8/13/2025,HADE,11,11,11,11,8989300
8/13/2025,HAIS,190,192,189,191,1211600
8/13/2025,HAJJ,112,113,109,110,3461100
8/13/2025,HAJJ-W,14,14,12,13,7484700
8/13/2025,HALO,84,85,82,83,6446900
8/13/2025,HALO-W,10,10,9,10,5386600
8/13/2025,HATM,270,272,266,266,27082900
8/13/2025,HBAT,102,103,97,98,1521800
8/13/2025,HDFA,116,116,114,114,41900
8/13/2025,HDIT,30,30,30,30,4017500
8/13/2025,HEAL,1660,1675,1650,1650,6685500
8/13/2025,HEALDRCJ6A,56,56,56,56,1800
8/13/2025,HEALHDCH6A,0,0,0,0,0
8/13/2025,HEALYUCZ5A,75,77,75,77,2800
8/13/2025,HEALZPCH6A,0,0,0,0,0
8/13/2025,HELI,254,254,250,252,557500
8/13/2025,HERO,410,418,406,406,71700
8/13/2025,HEXA,5425,5450,5400,5425,420000
8/13/2025,HGII,145,146,143,146,10764300
8/13/2025,HILL,206,208,204,206,108587100
8/13/2025,HITS,0,0,0,0,0
8/13/2025,HKMU,0,0,0,0,0
8/13/2025,HMSP,560,560,540,545,17552900
8/13/2025,HOKI,87,88,85,85,10914100
8/13/2025,HOME,0,0,0,0,0
8/13/2025,HOMI,197,216,197,200,240600
8/13/2025,HOPE,0,0,0,0,0
8/13/2025,HOTL,0,0,0,0,0
8/13/2025,HRME,40,40,39,39,1459700
8/13/2025,HRTA,695,700,685,695,8996600
8/13/2025,HRUM,865,895,865,885,22985500
8/13/2025,HRUMZPCG6A,36,41,36,40,15334600
8/13/2025,HUMI,67,68,66,66,56503000
8/13/2025,HUMI-W,13,14,12,12,14861700
8/13/2025,HYGN,154,154,151,153,1064700
8/13/2025,IATA,57,57,57,57,3841400
8/13/2025,IATA-W,27,27,27,27,13300
8/13/2025,IBFN,17,17,16,17,1442800
8/13/2025,IBOS,33,36,31,35,12921100
8/13/2025,IBST,0,0,0,0,0
8/13/2025,ICBP,9600,9650,9375,9475,9967500
8/13/2025,ICBPDRCQ5A,2,2,1,1,560800
8/13/2025,ICBPDRCX6A,4120,4120,4120,4120,600
8/13/2025,ICBPHDCJ6A,65,65,62,62,218900
8/13/2025,ICBPHDCQ5A,2,2,2,2,5000
8/13/2025,ICBPZPCX5A,38,38,37,37,200000
8/13/2025,ICON,38,38,38,38,30700
8/13/2025,IDEA,86,90,82,90,2786400
8/13/2025,IDPR,220,228,216,218,311700
8/13/2025,IFII,222,226,220,222,136200
8/13/2025,IFSH,765,795,750,755,11800
8/13/2025,IGAR,555,555,540,545,23200
8/13/2025,IIKP,0,0,0,0,0
8/13/2025,IKAI,9,9,8,8,2387200
8/13/2025,IKAN,128,156,125,147,590307900
8/13/2025,IKBI,476,480,476,476,202600
8/13/2025,IKPM,194,195,194,195,6400
8/13/2025,IMAS,1065,1085,1060,1080,206500
8/13/2025,IMJS,268,274,262,266,11771100
8/13/2025,IMPC,0,0,0,0,0
8/13/2025,INAF,0,0,0,0,0
8/13/2025,INAI,158,158,156,158,137700
8/13/2025,INCF,26,26,24,24,2145700
8/13/2025,INCI,590,595,585,595,23100
8/13/2025,INCO,4000,4070,3930,3930,11556400
8/13/2025,INCOBQCQ5A,0,0,0,0,0
8/13/2025,INCOBQCV5A,70,76,66,66,39300
8/13/2025,INCODRCQ5A,6,6,3,4,2546900
8/13/2025,INCODRCX5A,107,113,107,108,112600
8/13/2025,INCODRPV5A,0,0,0,0,0
8/13/2025,INCOHDCQ5A,135,151,133,134,523500
8/13/2025,INCOYUCZ5A,0,0,0,0,0
8/13/2025,INCOZPCX5A,163,163,163,163,1000
8/13/2025,INDF,8025,8125,7975,8025,5999800
8/13/2025,INDFBQCV5A,91,91,90,90,63600
8/13/2025,INDFDRCQ5A,0,0,0,0,0
8/13/2025,INDFDRCX6A,0,0,0,0,0
8/13/2025,INDFHDCJ6A,49,49,47,48,244100
8/13/2025,INDFHDCQ5A,0,0,0,0,0
8/13/2025,INDO,186,200,185,198,12835700
8/13/2025,INDR,2680,2730,2600,2640,34200
8/13/2025,INDS,230,230,224,224,176400
8/13/2025,INDX,92,105,88,92,73369100
8/13/2025,INDY,1360,1415,1350,1400,18792100
8/13/2025,INDYZPCG6A,45,47,45,47,12300
8/13/2025,INET,286,292,268,268,201545800
8/13/2025,INET-W,184,191,170,175,28597000
8/13/2025,INKP,8375,8375,8000,8000,16286700
8/13/2025,INKPBQCX5A,90,90,90,90,3000
8/13/2025,INKPDRCF6A,226,226,218,218,13200100
8/13/2025,INKPDRCQ5A,57,57,57,57,1200
8/13/2025,INKPHDCQ5A,36,36,28,28,453900
8/13/2025,INKPZPCF6A,143,143,143,143,2000
8/13/2025,INOV,88,89,87,89,339600
8/13/2025,INPC,162,162,155,157,19706700
8/13/2025,INPP,775,790,775,790,17100
8/13/2025,INPS,121,121,113,113,966000
8/13/2025,INRU,870,1015,870,925,1809200
8/13/2025,INTA,13,13,13,13,6501200
8/13/2025,INTD,191,191,188,188,31200
8/13/2025,INTP,6500,6525,6325,6450,4924800
8/13/2025,INTPZPCG6A,62,62,61,61,5300
8/13/2025,IOTF,83,84,82,83,46514100
8/13/2025,IPAC,132,144,132,140,2800
8/13/2025,IPCC,1120,1130,1105,1105,2142000
8/13/2025,IPCM,292,296,292,296,1698000
8/13/2025,IPOL,133,137,133,133,21100
8/13/2025,IPPE,0,0,0,0,0
8/13/2025,IPTV,30,31,30,31,8253100
8/13/2025,IRRA,432,460,418,428,16577900
8/13/2025,IRSX,0,0,0,0,0
8/13/2025,ISAP,15,15,14,14,64910100
8/13/2025,ISAP-W,4,5,3,4,65999800
8/13/2025,ISAT,2310,2370,2260,2260,20869800
8/13/2025,ISATBQCU5A,61,62,58,60,4000
8/13/2025,ISATDRCG6A,93,93,91,91,12500
8/13/2025,ISATDRCX5A,0,0,0,0,0
8/13/2025,ISATHDCJ6A,52,54,47,48,447900
8/13/2025,ISATHDCQ5A,0,0,0,0,0
8/13/2025,ISATZPCF6A,0,0,0,0,0
8/13/2025,ISEA,85,87,84,84,5009400
8/13/2025,ISSP,392,396,384,392,5608300
8/13/2025,ITIC,214,218,212,216,335500
8/13/2025,ITMA,755,770,745,765,24874300
8/13/2025,ITMG,22550,22600,22400,22475,2367200
8/13/2025,ITMGZPCJ6A,0,0,0,0,0
8/13/2025,JARR,710,720,695,700,9027100
8/13/2025,JAST,96,97,91,91,15259200
8/13/2025,JATI,142,145,140,141,5718900
8/13/2025,JAWA,147,150,146,147,1808500
8/13/2025,JAYA,95,97,94,95,1076200
8/13/2025,JECC,835,870,825,855,43600
8/13/2025,JGLE,9,9,9,9,51609200
8/13/2025,JIHD,675,675,640,650,1434100
8/13/2025,JKON,97,109,88,99,285584800
8/13/2025,JMAS,146,152,142,148,11566300
8/13/2025,JPFA,1570,1590,1560,1565,17581200
8/13/2025,JPFABQCZ5A,0,0,0,0,0
8/13/2025,JPFADRCJ6A,0,0,0,0,0
8/13/2025,JPFAHDCZ5A,0,0,0,0,0
8/13/2025,JPFAZPCG6A,71,71,71,71,1800
8/13/2025,JRPT,740,750,740,750,882300
8/13/2025,JSKY,0,0,0,0,0
8/13/2025,JSMR,3690,3700,3600,3600,9590800
8/13/2025,JSMRHDCH6A,0,0,0,0,0
8/13/2025,JSMRZPCG6A,0,0,0,0,0
8/13/2025,JSPT,4100,4120,3950,4000,36700
8/13/2025,JTPE,280,282,272,274,7575300
8/13/2025,KAEF,545,550,530,540,1472700
8/13/2025,KAQI,50,67,50,67,458875300
8/13/2025,KARW,660,675,660,675,356400
8/13/2025,KAYU,0,0,0,0,0
8/13/2025,KBAG,31,31,31,31,1812400
8/13/2025,KBLI,376,378,366,376,76700
8/13/2025,KBLM,326,326,318,324,293600
8/13/2025,KBLV,102,105,100,102,106842600
8/13/2025,KBRI,0,0,0,0,0
8/13/2025,KDSI,470,476,460,474,199900
8/13/2025,KDTN,123,123,119,121,16200
8/13/2025,KEEN,800,805,790,795,4617700
8/13/2025,KEJU,725,790,685,690,19112300
8/13/2025,KETR,282,284,270,272,1218900
8/13/2025,KIAS,0,0,0,0,0
8/13/2025,KICI,115,117,113,116,827400
8/13/2025,KIJA,204,206,200,202,138026000
8/13/2025,KING,214,220,202,202,2200300
8/13/2025,KING-W,11,12,9,10,43829600
8/13/2025,KINO,1100,1100,1095,1095,28800
8/13/2025,KIOS,76,76,71,72,24093700
8/13/2025,KJEN,107,114,105,109,2050500
8/13/2025,KKES,28,28,28,28,305900
8/13/2025,KKGI,336,338,330,332,3059700
8/13/2025,KLAS,148,149,146,146,6926100
8/13/2025,KLBF,1380,1410,1380,1400,58057200
8/13/2025,KLBFBQCV5A,45,46,45,46,79000
8/13/2025,KLBFDRCG6A,40,40,40,40,100
8/13/2025,KLBFDRCQ5A,0,0,0,0,0
8/13/2025,KLBFHDCQ5A,8,9,8,9,18900
8/13/2025,KLBFZPCF6A,0,0,0,0,0
8/13/2025,KLBFZPCJ6A,0,0,0,0,0
8/13/2025,KLIN,190,199,181,189,2091000
8/13/2025,KMDS,700,700,605,670,280300
8/13/2025,KMTR,270,272,268,270,369800
8/13/2025,KOBX,140,142,139,139,1215000
8/13/2025,KOCI,58,64,57,59,52024700
8/13/2025,KOCI-W,9,9,8,9,14214800
8/13/2025,KOIN,65,65,65,65,13400
8/13/2025,KOKA,105,106,100,101,22922700
8/13/2025,KONI,1220,1425,1210,1265,10300
8/13/2025,KOPI,350,350,346,348,158800
8/13/2025,KOTA,19,19,19,19,30285000
8/13/2025,KPIG,208,212,206,210,65294100
8/13/2025,KRAS,268,270,260,264,19073200
8/13/2025,KREN,10,11,10,11,35173200
8/13/2025,KRYA,264,266,242,244,61718800
8/13/2025,KSIX,206,218,204,208,1486800
8/13/2025,KUAS,71,76,67,71,69907600
8/13/2025,LABA,0,0,0,0,0
8/13/2025,LABS,138,140,137,139,1008700
8/13/2025,LAJU,51,65,50,58,318543100
8/13/2025,LAND,24,24,24,24,2334300
8/13/2025,LAPD,100,100,98,99,20532800
8/13/2025,LCGP,0,0,0,0,0
8/13/2025,LCKM,212,224,210,212,12400
8/13/2025,LEAD,71,75,70,71,53917400
8/13/2025,LFLO,254,270,242,252,12800
8/13/2025,LIFE,7075,8325,7075,8250,40000
8/13/2025,LINK,1935,1935,1935,1935,23800
8/13/2025,LION,370,374,370,374,7900
8/13/2025,LIVE,185,188,183,187,20512000
8/13/2025,LMAS,0,0,0,0,0
8/13/2025,LMAX,75,76,71,74,2581900
8/13/2025,LMPI,140,140,138,139,93700
8/13/2025,LMSH,0,0,0,0,0
8/13/2025,LOPI,59,60,56,57,10622600
8/13/2025,LPCK,510,515,500,505,1201800
8/13/2025,LPGI,420,450,420,426,64700
8/13/2025,LPIN,396,398,394,396,254900
8/13/2025,LPKR,91,94,89,91,85605000
8/13/2025,LPLI,280,286,278,286,42100
8/13/2025,LPPF,1575,1585,1570,1575,2283100
8/13/2025,LPPS,60,60,58,58,3304000
8/13/2025,LRNA,168,177,166,175,644100
8/13/2025,LSIP,1360,1380,1360,1370,8525600
8/13/2025,LSIPYUCZ5A,0,0,0,0,0
8/13/2025,LSIPZPCG6A,81,81,81,81,201000
8/13/2025,LTLS,880,880,850,860,379000
8/13/2025,LUCK,83,91,81,83,24355700
8/13/2025,LUCY,72,73,72,73,134900
8/13/2025,MABA,0,0,0,0,0
8/13/2025,MAGP,0,0,0,0,0
8/13/2025,MAHA,139,141,136,137,3292800
8/13/2025,MAIN,625,660,625,650,5423300
8/13/2025,MANG,39,40,37,39,6715900
8/13/2025,MANG-W,28,30,28,28,967200
8/13/2025,MAPA,670,685,665,680,87469500
8/13/2025,MAPADRCJ6A,24,24,23,24,6500300
8/13/2025,MAPAHDCZ5A,51,54,51,54,400
8/13/2025,MAPAZPCH6A,0,0,0,0,0
8/13/2025,MAPB,1720,1790,1700,1780,2900
8/13/2025,MAPI,1210,1270,1195,1250,47567400
8/13/2025,MAPIBQCV5A,11,15,11,13,1918500
8/13/2025,MAPIDRCQ5A,3,5,3,5,36186900
8/13/2025,MAPIDRCX5A,30,31,28,28,2067400
8/13/2025,MAPIHDCQ5A,4,4,4,4,100
8/13/2025,MAPIZPCJ6A,64,64,64,64,200
8/13/2025,MARI,21,22,21,22,4814600
8/13/2025,MARK,685,690,660,660,20687800
8/13/2025,MASA,0,0,0,0,0
8/13/2025,MASB,3420,3420,3260,3340,2500
8/13/2025,MAXI,51,66,51,56,179036600
8/13/2025,MAYA,193,196,189,191,5697700
8/13/2025,MBAP,1655,1660,1650,1650,37500
8/13/2025,MBMA,422,432,416,416,230270200
8/13/2025,MBMABQCX5A,21,22,19,20,241900
8/13/2025,MBMADRCQ5A,5,5,2,3,6243300
8/13/2025,MBMADRCX5A,30,31,28,28,225600
8/13/2025,MBMADRPX5A,25,27,25,26,837300
8/13/2025,MBMAHDCH6A,69,69,68,68,97900
8/13/2025,MBMAHDCQ5A,1,2,1,1,16204400
8/13/2025,MBMAZPCX5A,57,57,55,55,25700
8/13/2025,MBSS,1385,1390,1340,1355,1045500
8/13/2025,MBTO,113,126,110,114,37711400
8/13/2025,MCAS,955,1015,945,980,120500
8/13/2025,MCOL,4010,4010,4000,4000,24200
8/13/2025,MCOR,67,68,66,67,7779200
8/13/2025,MDIA,27,28,27,28,1035400
8/13/2025,MDIY,1270,1280,1260,1265,358900
8/13/2025,MDKA,2300,2340,2220,2280,74271600
8/13/2025,MDKABQCV5A,0,0,0,0,0
8/13/2025,MDKABQCX5B,0,0,0,0,0
8/13/2025,MDKADRCQ5A,24,24,24,24,200
8/13/2025,MDKADRCV5A,81,81,73,75,403400
8/13/2025,MDKADRPX5A,40,40,40,40,20200
8/13/2025,MDKAHDCU5A,0,0,0,0,0
8/13/2025,MDKAHDCZ5A,0,0,0,0,0
8/13/2025,MDKAYUCQ5A,0,0,0,0,0
8/13/2025,MDKAZPCF6A,72,73,67,67,150500
8/13/2025,MDKI,160,165,160,161,488400
8/13/2025,MDLA,199,208,198,208,33220100
8/13/2025,MDLN,57,59,55,57,54250400
8/13/2025,MDRN,10,11,10,11,14964900
8/13/2025,MEDC,1220,1270,1220,1260,43752300
8/13/2025,MEDCBQCV5A,67,70,67,70,2000100
8/13/2025,MEDCBQCX5B,0,0,0,0,0
8/13/2025,MEDCBQCZ5A,39,41,39,40,62700
8/13/2025,MEDCDRCG6A,38,40,38,39,12506600
8/13/2025,MEDCDRCQ5A,33,33,32,32,22000
8/13/2025,MEDCDRPV5A,0,0,0,0,0
8/13/2025,MEDCHDCH6A,0,0,0,0,0
8/13/2025,MEDCHDCQ5A,0,0,0,0,0
8/13/2025,MEDCZPCF6A,39,39,38,38,113300
8/13/2025,MEDS,50,56,50,51,136297800
8/13/2025,MEGA,3300,3370,3190,3290,24300
8/13/2025,MEJA,52,52,52,52,20986800
8/13/2025,MEJA-W,10,10,8,8,10765300
8/13/2025,MENN,45,46,45,46,13489500
8/13/2025,MERI,282,294,282,288,16448300
8/13/2025,MERK,2810,2850,2770,2810,109800
8/13/2025,META,0,0,0,0,0
8/13/2025,MFIN,700,700,700,700,254600
8/13/2025,MFMI,0,0,0,0,0
8/13/2025,MGLV,700,745,615,745,1866400
8/13/2025,MGNA,37,37,34,34,467700
8/13/2025,MGNA-W,18,18,18,18,2200
8/13/2025,MGRO,720,725,710,725,4974300
8/13/2025,MHKI,128,129,125,125,1089900
8/13/2025,MICE,500,510,494,496,89600
8/13/2025,MIDI,470,474,454,456,15843200
8/13/2025,MIKA,2440,2460,2420,2440,3509700
8/13/2025,MIKAZPCG6A,0,0,0,0,0
8/13/2025,MINA,0,0,0,0,0
8/13/2025,MINE,474,482,472,474,3461700
8/13/2025,MIRA,28,31,27,31,12208400
8/13/2025,MITI,185,187,180,183,339600
8/13/2025,MKAP,344,372,344,366,1578800
8/13/2025,MKNT,0,0,0,0,0
8/13/2025,MKPI,25625,26000,25500,25500,9000
8/13/2025,MKTR,108,109,107,108,896400
8/13/2025,MKTR-W,7,8,6,7,1225000
8/13/2025,MLBI,6100,6175,6000,6100,470300
8/13/2025,MLIA,326,328,322,328,4677200
8/13/2025,MLPL,119,125,119,123,146110100
8/13/2025,MLPT,63025,74275,63000,66750,208800
8/13/2025,MMIX,260,266,256,264,5312600
8/13/2025,MMLP,545,550,535,535,4971000
8/13/2025,MNCN,266,268,262,264,25177000
8/13/2025,MOLI,204,212,204,210,258400
8/13/2025,MORA,390,398,390,390,89700
8/13/2025,MPIX,62,63,61,63,2151100
8/13/2025,MPIX-W,8,8,7,8,132800
8/13/2025,MPMX,965,970,960,965,3189000
8/13/2025,MPOW,122,130,121,122,4433600
8/13/2025,MPPA,71,73,70,71,69417100
8/13/2025,MPRO,3090,3210,3070,3150,695200
8/13/2025,MPXL,107,108,105,106,806200
8/13/2025,MRAT,252,254,246,252,81100
8/13/2025,MREI,940,985,930,960,43300
8/13/2025,MSIE,30,33,30,32,10704000
8/13/2025,MSIN,490,492,482,488,12113900
8/13/2025,MSJA,306,310,302,306,2899300
8/13/2025,MSKY,80,81,76,78,31689400
8/13/2025,MSTI,1655,1680,1640,1655,3492300
8/13/2025,MTDL,595,600,580,590,6826500
8/13/2025,MTEL,660,665,650,650,12996700
8/13/2025,MTFN,7,7,7,7,39010000
8/13/2025,MTLA,442,450,438,446,6300
8/13/2025,MTMH,895,905,880,905,417800
8/13/2025,MTPS,39,42,39,42,1172400
8/13/2025,MTRA,0,0,0,0,0
8/13/2025,MTSM,0,0,0,0,0
8/13/2025,MTWI,390,400,358,388,3082100
8/13/2025,MUTU,90,92,90,92,610600
8/13/2025,MYOH,1690,1700,1690,1700,200
8/13/2025,MYOR,2210,2230,2150,2200,11265700
8/13/2025,MYORZPCH6A,0,0,0,0,0
8/13/2025,MYTX,0,0,0,0,0
8/13/2025,NAIK,160,160,156,157,5923800
8/13/2025,NAIK-W,28,28,26,27,9283300
8/13/2025,NANO,24,26,23,24,43631200
8/13/2025,NASA,17,17,17,17,4018000
8/13/2025,NASI,86,87,85,85,3757400
8/13/2025,NATO,141,143,140,142,67100
8/13/2025,NAYZ,48,48,45,47,5508100
8/13/2025,NCKL,965,1010,965,995,80796900
8/13/2025,NCKLYUCZ5A,83,85,83,85,75100
8/13/2025,NCKLZPCJ6A,55,59,55,56,639000
8/13/2025,NELY,354,354,338,346,663300
8/13/2025,NEST,290,298,282,290,6248100
8/13/2025,NETV,145,155,139,144,7526100
8/13/2025,NFCX,1860,1870,1830,1870,45900
8/13/2025,NICE,428,436,426,430,3704400
8/13/2025,NICK,1325,1325,1260,1320,56600
8/13/2025,NICL,1015,1020,1000,1015,2687100
8/13/2025,NIKL,240,240,232,234,1226300
8/13/2025,NINE,179,183,175,180,40945900
8/13/2025,NIRO,124,130,120,129,47400
8/13/2025,NISP,1390,1405,1375,1385,5980500
8/13/2025,NOBU,555,560,545,550,6263400
8/13/2025,NPGF,50,66,50,57,244245600
8/13/2025,NRCA,740,775,660,775,49714800
8/13/2025,NSSS,432,438,418,424,3813700
8/13/2025,NTBK,50,67,50,67,492418800
8/13/2025,NUSA,0,0,0,0,0
8/13/2025,NZIA,104,111,100,104,11573300
8/13/2025,OASA,198,200,186,191,98197100
8/13/2025,OBAT,390,402,386,396,2048100
8/13/2025,OBAT-W,58,60,57,58,725300
8/13/2025,OBMD,193,194,188,192,595400
8/13/2025,OCAP,0,0,0,0,0
8/13/2025,OILS,134,164,134,140,65054700
8/13/2025,OKAS,206,214,206,208,3113200
8/13/2025,OLIV,24,25,23,25,2516700
8/13/2025,OMED,187,187,185,186,863100
8/13/2025,OMRE,0,0,0,0,0
8/13/2025,OPMS,77,82,74,74,30697600
8/13/2025,PACK,3930,4020,3860,3930,5095700
8/13/2025,PADA,26,26,26,26,6214500
8/13/2025,PADI,81,81,81,81,13044800
8/13/2025,PALM,386,386,374,376,140900
8/13/2025,PAMG,79,80,76,78,20865300
8/13/2025,PANI,16375,16425,15900,16025,8803500
8/13/2025,PANIHDCZ5A,250,250,244,244,900
8/13/2025,PANIZPCJ6A,108,108,104,104,299900
8/13/2025,PANR,780,800,765,800,12097400
8/13/2025,PANS,1400,1410,1395,1410,97700
8/13/2025,PART,138,138,134,135,25979800
8/13/2025,PART-W,30,30,28,29,3532800
8/13/2025,PBID,482,486,482,484,406800
8/13/2025,PBRX,26,27,26,27,13206300
8/13/2025,PBSA,408,412,408,410,1110900
8/13/2025,PCAR,33,33,33,33,5555600
8/13/2025,PDES,500,505,496,496,94200
8/13/2025,PDPP,500,510,496,505,202000
8/13/2025,PEGE,117,118,112,115,2320000
8/13/2025,PEHA,340,344,332,342,91500
8/13/2025,PEVE,428,442,418,440,650200
8/13/2025,PGAS,1680,1700,1675,1680,19826500
8/13/2025,PGASBQCU5A,0,0,0,0,0
8/13/2025,PGASBQCZ5A,0,0,0,0,0
8/13/2025,PGASDRCG6A,70,70,70,70,100
8/13/2025,PGASDRCQ5A,18,18,17,17,50100
8/13/2025,PGASHDCQ5A,47,47,45,45,1000
8/13/2025,PGASYUCQ5A,83,83,83,83,50000
8/13/2025,PGASZPCJ6A,46,46,45,45,39200
8/13/2025,PGEO,1595,1600,1505,1525,141200300
8/13/2025,PGEOBQCX5B,51,52,51,52,314800
8/13/2025,PGEODRCJ6A,58,60,52,54,846600
8/13/2025,PGEODRCQ5A,106,106,106,106,47100
8/13/2025,PGEODRPV5A,27,28,27,28,9100
8/13/2025,PGEOHDCH6A,77,77,72,72,13700
8/13/2025,PGEOHDCH6B,89,89,89,89,100100
8/13/2025,PGEOHDCQ5A,112,112,99,99,20300
8/13/2025,PGEOZPCJ6A,65,65,65,65,212600
8/13/2025,PGJO,0,0,0,0,0
8/13/2025,PGLI,165,169,160,163,196700
8/13/2025,PGUN,0,0,0,0,0
8/13/2025,PICO,131,134,131,134,431800
8/13/2025,PIPA,100,100,87,87,66755200
8/13/2025,PJAA,474,478,472,474,115000
8/13/2025,PKPK,600,610,595,600,80300
8/13/2025,PLAN,39,45,39,43,2180900
8/13/2025,PLAS,0,0,0,0,0
8/13/2025,PLIN,0,0,0,0,0
8/13/2025,PMJS,117,118,116,117,125300
8/13/2025,PMMP,0,0,0,0,0
8/13/2025,PMUI,119,130,117,123,32680000
8/13/2025,PNBN,1200,1200,1160,1160,13989700
8/13/2025,PNBS,50,52,50,50,113448100
8/13/2025,PNGO,2560,2560,2380,2450,165800
8/13/2025,PNIN,920,920,900,915,453500
8/13/2025,PNLF,268,270,258,262,119991500
8/13/2025,PNLFDRCJ6A,17,18,17,17,157700
8/13/2025,PNLFHDCZ5A,0,0,0,0,0
8/13/2025,PNLFYUCV5A,0,0,0,0,0
8/13/2025,PNLFZPCH6A,46,46,44,44,72700
8/13/2025,PNSE,735,875,735,875,545600
8/13/2025,POLA,20,20,20,20,1066000
8/13/2025,POLI,725,760,725,760,200
8/13/2025,POLL,0,0,0,0,0
8/13/2025,POLU,7175,7175,7175,7175,1900
8/13/2025,POLY,17,17,17,17,59200
8/13/2025,POOL,0,0,0,0,0
8/13/2025,PORT,920,945,915,945,1800
8/13/2025,POSA,0,0,0,0,0
8/13/2025,POWR,705,710,700,705,4260700
8/13/2025,PPGL,109,111,108,108,3975900
8/13/2025,PPRE,132,140,110,118,312759500
8/13/2025,PPRI,234,236,226,226,22126400
8/13/2025,PPRO,0,0,0,0,0
8/13/2025,PRAY,620,620,615,615,5800
8/13/2025,PRDA,2800,2810,2780,2790,334600
8/13/2025,PRIM,64,67,63,66,16604300
8/13/2025,PSAB,400,418,398,416,162024800
8/13/2025,PSAT,1585,1620,1510,1600,4449300
8/13/2025,PSDN,84,89,83,86,2674800
8/13/2025,PSGO,200,204,198,199,470700
8/13/2025,PSKT,62,67,62,64,18130600
8/13/2025,PSSI,348,350,340,346,840400
8/13/2025,PTBA,2440,2470,2440,2450,11480600
8/13/2025,PTBABQCV5A,0,0,0,0,0
8/13/2025,PTBADRCG6A,32,32,31,31,5700
8/13/2025,PTBADRCQ5A,0,0,0,0,0
8/13/2025,PTBAHDCQ5A,0,0,0,0,0
8/13/2025,PTBAYUCZ5A,106,106,106,106,200
8/13/2025,PTBAZPCH6A,0,0,0,0,0
8/13/2025,PTDU,0,0,0,0,0
8/13/2025,PTIS,402,402,398,398,14100
8/13/2025,PTMP,98,103,96,98,34212700
8/13/2025,PTMR,0,0,0,0,0
8/13/2025,PTPP,412,414,406,410,28246600
8/13/2025,PTPS,157,161,154,158,26628300
8/13/2025,PTPW,990,995,985,985,24600
8/13/2025,PTRO,3910,4060,3850,3910,136944100
8/13/2025,PTSN,272,272,264,266,1083300
8/13/2025,PTSP,1000,1010,970,1010,20800
8/13/2025,PUDP,214,218,214,214,19100
8/13/2025,PURA,15,16,15,16,1259100
8/13/2025,PURE,0,0,0,0,0
8/13/2025,PURI,181,184,179,179,553400
8/13/2025,PWON,384,406,376,390,199148800
8/13/2025,PWONHDCZ5A,0,0,0,0,0
8/13/2025,PWONZPCH6A,40,49,40,49,24000
8/13/2025,PYFA,0,0,0,0,0
8/13/2025,PYFA-W,0,0,0,0,0
8/13/2025,PZZA,188,190,184,188,5911200
8/13/2025,R-ABFII,0,0,0,0,0
8/13/2025,R-LQ45X,1012,1018,1008,1015,118700
8/13/2025,RAAM,298,302,286,292,15103700
8/13/2025,RAFI,0,0,0,0,0
8/13/2025,RAJA,3100,3270,2950,2970,169555200
8/13/2025,RALS,392,396,390,392,5509500
8/13/2025,RANC,412,416,404,404,7800
8/13/2025,RATU,7425,7750,7325,7350,33899700
8/13/2025,RBMS,25,25,24,25,144400
8/13/2025,RCCC,120,129,120,129,1192200
8/13/2025,RDTX,12250,12250,12000,12000,1200
8/13/2025,REAL,41,42,41,42,1173900
8/13/2025,RELF,26,28,26,28,36553500
8/13/2025,RELI,600,600,565,580,127200
8/13/2025,RGAS,111,113,110,113,8642200
8/13/2025,RICY,35,36,35,36,163400
8/13/2025,RIGS,720,755,720,750,129800
8/13/2025,RIMO,0,0,0,0,0
8/13/2025,RISE,1050,1055,1040,1055,375400
8/13/2025,RMKE,665,680,660,660,2936600
8/13/2025,RMKO,113,115,110,111,1080300
8/13/2025,ROCK,0,0,0,0,0
8/13/2025,RODA,39,39,39,39,56900
8/13/2025,RONY,0,0,0,0,0
8/13/2025,ROTI,810,810,800,810,796800
8/13/2025,RSCH,386,390,382,386,3128600
8/13/2025,RSGK,0,0,0,0,0
8/13/2025,RUIS,216,222,208,216,1314600
8/13/2025,RUNS,60,64,59,64,689200
8/13/2025,SAFE,202,212,198,204,4265600
8/13/2025,SAGE,18,18,18,18,3816700
8/13/2025,SAME,324,330,322,322,1677200
8/13/2025,SAMF,344,344,340,342,47800
8/13/2025,SAPX,298,298,274,288,2394100
8/13/2025,SATU,234,236,234,234,3558800
8/13/2025,SBAT,0,0,0,0,0
8/13/2025,SBMA,122,123,121,122,3144900
8/13/2025,SCCO,2260,2320,2250,2290,102000
8/13/2025,SCMA,238,246,238,240,144302300
8/13/2025,SCMABQCZ5A,78,79,77,78,1400
8/13/2025,SCMAHDCZ5A,222,222,222,222,15800
8/13/2025,SCMAZPCG6A,106,106,106,106,400
8/13/2025,SCNP,175,184,175,177,145300
8/13/2025,SCPI,0,0,0,0,0
8/13/2025,SDMU,40,46,40,46,711600
8/13/2025,SDPC,130,131,129,131,83500
8/13/2025,SDRA,294,294,288,292,282800
8/13/2025,SEMA,93,93,89,90,937100
8/13/2025,SFAN,1910,1915,1910,1910,105300
8/13/2025,SGER,340,340,332,334,98028300
8/13/2025,SGRO,2990,3150,2960,2960,4141500
8/13/2025,SHID,895,910,895,900,22500
8/13/2025,SHIP,4090,4150,4070,4070,25100
8/13/2025,SICO,112,113,110,111,4331600
8/13/2025,SIDO,520,525,520,520,27502100
8/13/2025,SILO,2110,2200,2110,2160,3991200
8/13/2025,SIMA,0,0,0,0,0
8/13/2025,SIMP,615,630,615,625,12207300
8/13/2025,SINI,3520,3520,3520,3520,6400
8/13/2025,SIPD,705,765,705,750,400
8/13/2025,SKBM,362,378,350,366,177600
8/13/2025,SKLT,189,192,188,189,67700
8/13/2025,SKRN,400,402,398,400,259400
8/13/2025,SKYB,0,0,0,0,0
8/13/2025,SLIS,56,75,53,75,461389100
8/13/2025,SLIS-W,9,10,8,10,16419600
8/13/2025,SMAR,4180,4180,4100,4130,85600
8/13/2025,SMBR,300,310,292,302,42066600
8/13/2025,SMCB,0,0,0,0,0
8/13/2025,SMDM,915,940,865,910,402600
8/13/2025,SMDR,350,352,346,348,26466800
8/13/2025,SMGA,113,114,105,106,84774900
8/13/2025,SMGR,2630,2690,2630,2630,6425000
8/13/2025,SMGRBQCU5A,8,8,7,7,293100
8/13/2025,SMGRBQCX5B,0,0,0,0,0
8/13/2025,SMGRBQCZ5A,0,0,0,0,0
8/13/2025,SMGRDRCQ5A,1,1,1,1,677700
8/13/2025,SMGRDRCV5A,0,0,0,0,0
8/13/2025,SMGRHDCZ5A,0,0,0,0,0
8/13/2025,SMGRZPCJ6A,0,0,0,0,0
8/13/2025,SMIL,380,388,374,386,162574600
8/13/2025,SMKL,161,161,159,159,28900
8/13/2025,SMKM,84,87,79,82,15775200
8/13/2025,SMLE,147,154,142,147,17069100
8/13/2025,SMMA,16725,17200,16650,16925,121900
8/13/2025,SMMT,1020,1020,965,995,269700
8/13/2025,SMRA,444,472,438,458,195886000
8/13/2025,SMRADRCJ6A,34,40,33,37,5108800
8/13/2025,SMRAHDCZ5A,150,167,149,166,50200
8/13/2025,SMRAZPCH6A,62,70,62,68,3112900
8/13/2025,SMRU,0,0,0,0,0
8/13/2025,SMSM,1920,1930,1905,1905,1970300
8/13/2025,SNLK,494,510,492,505,8989300
8/13/2025,SOCI,181,182,178,179,4503800
8/13/2025,SOFA,48,49,47,47,2154300
8/13/2025,SOHO,700,795,695,755,68900
8/13/2025,SOLA,170,186,166,173,299176400
8/13/2025,SONA,3410,3830,3410,3650,141100
8/13/2025,SOSS,620,620,540,575,179800
8/13/2025,SOTS,270,270,260,260,16200
8/13/2025,SOUL,65,69,61,69,8650300
8/13/2025,SPMA,276,282,276,278,266900
8/13/2025,SPRE,95,95,89,91,865400
8/13/2025,SPTO,660,660,655,660,596500
8/13/2025,SQMI,0,0,0,0,0
8/13/2025,SRAJ,5225,5500,5225,5500,1989400
8/13/2025,SRIL,0,0,0,0,0
8/13/2025,SRSN,54,60,52,56,68380500
8/13/2025,SRTG,1795,1820,1765,1780,10740900
8/13/2025,SRTGZPCG6A,92,92,92,92,11000
8/13/2025,SSIA,2460,2470,2380,2420,33955800
8/13/2025,SSMS,1415,1415,1375,1375,16355200
8/13/2025,SSTM,191,195,187,187,126800
8/13/2025,STAA,990,1030,960,1010,20648700
8/13/2025,STAR,36,36,36,36,616500
8/13/2025,STRK,136,141,132,133,112462500
8/13/2025,STTP,10350,10425,10200,10200,1500
8/13/2025,SUGI,0,0,0,0,0
8/13/2025,SULI,102,105,102,104,434200
8/13/2025,SUNI,780,790,765,775,549500
8/13/2025,SUPR,0,0,0,0,0
8/13/2025,SURE,3440,3440,3270,3420,17200
8/13/2025,SURI,116,116,110,113,467767200
8/13/2025,SWAT,0,0,0,0,0
8/13/2025,SWID,102,102,97,98,4138800
8/13/2025,TALF,290,298,290,296,1000
8/13/2025,TAMA,31,31,30,30,565100
8/13/2025,TAMU,18,18,18,18,2320400
8/13/2025,TAPG,1465,1515,1455,1490,25608900
8/13/2025,TAPGDRCJ6A,75,83,75,82,553300
8/13/2025,TAPGHDCH6A,0,0,0,0,0
8/13/2025,TAPGZPCH6A,94,94,94,94,1010000
8/13/2025,TARA,11,11,11,11,12724200
8/13/2025,TAXI,7,8,7,8,11541600
8/13/2025,TAYS,53,68,51,59,189317900
8/13/2025,TBIG,1930,1950,1915,1915,234100
8/13/2025,TBLA,750,750,740,745,3107500
8/13/2025,TBMS,1105,1105,1075,1095,127100
8/13/2025,TCID,2500,2500,2390,2450,4600
8/13/2025,TCPI,6000,6000,5900,5950,8477800
8/13/2025,TDPM,0,0,0,0,0
8/13/2025,TEBE,1195,1285,1090,1135,8017900
8/13/2025,TECH,0,0,0,0,0
8/13/2025,TELE,0,0,0,0,0
8/13/2025,TFAS,131,134,125,129,369700
8/13/2025,TFCO,0,0,0,0,0
8/13/2025,TGKA,6000,6000,5950,5950,1400
8/13/2025,TGRA,0,0,0,0,0
8/13/2025,TGUK,0,0,0,0,0
8/13/2025,TIFA,408,414,400,408,252700
8/13/2025,TINS,1010,1040,1010,1040,22597900
8/13/2025,TIRA,2070,2110,1960,2040,64000
8/13/2025,TIRT,0,0,0,0,0
8/13/2025,TKIM,7350,7400,7075,7150,3527100
8/13/2025,TKIMZPCG6A,117,117,109,111,2654600
8/13/2025,TLDN,620,625,610,625,781700
8/13/2025,TLKM,3220,3420,3210,3360,465722400
8/13/2025,TLKMBQCQ5A,79,103,79,95,43200
8/13/2025,TLKMBQCV5A,140,167,140,159,2733200
8/13/2025,TLKMDRCJ6A,90,100,90,98,68100
8/13/2025,TLKMDRCQ5A,63,76,61,76,25200
8/13/2025,TLKMDRCQ5B,0,0,0,0,0
8/13/2025,TLKMDRCX6A,0,0,0,0,0
8/13/2025,TLKMHDCJ6A,84,86,79,84,398300
8/13/2025,TLKMHDCQ5A,104,104,98,99,325800
8/13/2025,TLKMHDCV5A,360,362,354,354,5800
8/13/2025,TLKMYUCQ5A,165,165,165,165,100
8/13/2025,TLKMZPCF6A,0,0,0,0,0
8/13/2025,TMAS,127,129,126,127,2878300
8/13/2025,TMPO,151,151,147,148,3039200
8/13/2025,TNCA,200,224,179,183,82905800
8/13/2025,TOBA,1125,1130,1055,1070,129526500
8/13/2025,TOOL,53,56,52,54,34467700
8/13/2025,TOPS,0,0,0,0,0
8/13/2025,TOSK,50,54,50,50,366249100
8/13/2025,TOTL,730,740,730,740,1786500
8/13/2025,TOTO,248,250,246,248,1435400
8/13/2025,TOWR,645,660,640,645,30505300
8/13/2025,TOYS,0,0,0,0,0
8/13/2025,TPIA,8975,9125,8975,9125,5838500
8/13/2025,TPMA,585,600,585,595,6773300
8/13/2025,TRAM,0,0,0,0,0
8/13/2025,TRGU,184,190,184,190,106600
8/13/2025,TRIL,0,0,0,0,0
8/13/2025,TRIM,360,360,354,356,28000
8/13/2025,TRIN,101,104,97,99,5509200
8/13/2025,TRIN-W2,0,0,0,0,0
8/13/2025,TRIO,0,0,0,0,0
8/13/2025,TRIS,183,189,183,188,351600
8/13/2025,TRJA,145,145,139,141,1300100
8/13/2025,TRON,100,100,97,98,3809500
8/13/2025,TRST,484,484,484,484,4400
8/13/2025,TRUE,20,21,20,21,431700
8/13/2025,TRUK,147,176,147,158,3993900
8/13/2025,TRUS,470,492,470,472,15900
8/13/2025,TSPC,2160,2180,2160,2170,847200
8/13/2025,TUGU,970,975,955,960,2786200
8/13/2025,TYRE,127,129,125,127,295500
8/13/2025,UANG,300,340,300,340,2838200
8/13/2025,UCID,500,505,498,500,1105600
8/13/2025,UDNG,1455,1600,1455,1600,1862000
8/13/2025,UFOE,172,172,169,171,619000
8/13/2025,ULTJ,1280,1285,1275,1280,2450500
8/13/2025,UNIC,8000,8000,8000,8000,500
8/13/2025,UNIQ,400,404,398,398,23054700
8/13/2025,UNIT,0,0,0,0,0
8/13/2025,UNSP,128,133,128,133,766200
8/13/2025,UNTD,78,79,77,78,7612900
8/13/2025,UNTR,24200,24500,23900,24000,3620200
8/13/2025,UNTRBQCV5A,0,0,0,0,0
8/13/2025,UNTRDRCG6A,131,131,126,126,79900
8/13/2025,UNTRDRCQ5A,13,13,12,12,39400
8/13/2025,UNTRHDCQ5A,0,0,0,0,0
8/13/2025,UNTRZPCJ6A,0,0,0,0,0
8/13/2025,UNVR,1800,1825,1775,1785,26026700
8/13/2025,UNVRBQCQ5A,14,14,10,11,1807800
8/13/2025,UNVRBQCU5A,39,39,39,39,100
8/13/2025,UNVRBQCZ5A,0,0,0,0,0
8/13/2025,UNVRDRCG6A,54,54,52,52,72800
8/13/2025,UNVRDRCQ5A,3,3,3,3,29200
8/13/2025,UNVRHDCQ5A,0,0,0,0,0
8/13/2025,UNVRHDPG6A,0,0,0,0,0
8/13/2025,UNVRZPCH6A,0,0,0,0,0
8/13/2025,URBN,132,136,129,129,576500
8/13/2025,UVCR,71,76,70,74,5532800
8/13/2025,VAST,159,168,159,166,9405300
8/13/2025,VAST-W,13,14,13,14,5044800
8/13/2025,VERN,157,157,153,153,458700
8/13/2025,VERN-W,7,7,5,6,12063700
8/13/2025,VICI,630,635,625,625,390200
8/13/2025,VICO,174,174,169,172,267500
8/13/2025,VINS,118,125,115,121,202200
8/13/2025,VISI,140,142,137,138,7133900
8/13/2025,VIVA,14,15,14,15,12926400
8/13/2025,VKTR,86,88,84,85,17148100
8/13/2025,VOKS,196,198,196,198,140100
8/13/2025,VRNA,74,76,73,75,1873000
8/13/2025,VTNY,89,94,88,92,20595300
8/13/2025,WAPO,141,142,139,141,446900
8/13/2025,WEGE,72,73,65,67,111852300
8/13/2025,WEHA,116,117,114,117,1363500
8/13/2025,WGSH,177,189,172,175,3202100
8/13/2025,WICO,0,0,0,0,0
8/13/2025,WIDI,21,22,20,21,38081900
8/13/2025,WIFI,2720,2790,2680,2710,105674500
8/13/2025,WIIM,805,815,800,810,919200
8/13/2025,WIKA,0,0,0,0,0
8/13/2025,WINE,212,218,210,214,582400
8/13/2025,WINR,27,27,26,27,4244400
8/13/2025,WINS,406,412,390,394,5620400
8/13/2025,WIRG,131,134,125,126,1038563100
8/13/2025,WMPP,0,0,0,0,0
8/13/2025,WMUU,13,13,13,13,9801300
8/13/2025,WOMF,342,342,338,342,28100
8/13/2025,WOOD,392,396,384,386,2519500
8/13/2025,WOWS,60,60,59,59,3802200
8/13/2025,WSBP,13,13,13,13,97094800
8/13/2025,WSKT,0,0,0,0,0
8/13/2025,WTON,102,103,98,101,43945800
8/13/2025,XAQA,0,0,0,0,0
8/13/2025,XBES,1120,1125,1117,1117,11600
8/13/2025,XBID,529,529,528,528,41000
8/13/2025,XBIG,0,0,0,0,0
8/13/2025,XBIN,599,599,599,599,40000
8/13/2025,XBLQ,0,0,0,0,0
8/13/2025,XBNI,0,0,0,0,0
8/13/2025,XBSK,454,454,454,454,40000
8/13/2025,XCEG,110,112,110,112,2400
8/13/2025,XCID,78,78,72,76,76100
8/13/2025,XCIS,123,130,104,111,498600
8/13/2025,XCLQ,75,92,75,85,12100
8/13/2025,XDIF,0,0,0,0,0
8/13/2025,XIFE,120,125,112,114,12600
8/13/2025,XIHD,650,650,650,650,800
8/13/2025,XIIC,0,0,0,0,0
8/13/2025,XIID,0,0,0,0,0
8/13/2025,XIIF,0,0,0,0,0
8/13/2025,XIIT,530,530,527,527,52800
8/13/2025,XIJI,620,635,620,631,20700
8/13/2025,XILV,163,163,122,132,26400
8/13/2025,XIML,224,274,224,262,150700
8/13/2025,XIPB,206,206,206,206,100
8/13/2025,XIPI,228,228,228,228,1600
8/13/2025,XISB,0,0,0,0,0
8/13/2025,XISC,775,783,775,783,200
8/13/2025,XISI,359,359,359,359,200
8/13/2025,XISR,441,445,441,445,300
8/13/2025,XKID,979,979,979,979,100
8/13/2025,XKIV,573,576,573,576,41000
8/13/2025,XKMS,1186,1200,1186,1199,200700
8/13/2025,XMGB,1109,1109,1109,1109,100
8/13/2025,XMIG,225,227,225,227,200
8/13/2025,XMLF,914,914,914,914,40000
8/13/2025,XMSK,387,392,387,391,1100
8/13/2025,XNVE,0,0,0,0,0
8/13/2025,XPDV,785,785,535,629,29700
8/13/2025,XPFT,0,0,0,0,0
8/13/2025,XPIN,651,660,651,660,9200
8/13/2025,XPLQ,500,500,500,500,100
8/13/2025,XPSG,0,0,0,0,0
8/13/2025,XPTD,482,486,482,486,10400
8/13/2025,XSBC,340,340,291,338,13500
8/13/2025,XSPI,0,0,0,0,0
8/13/2025,XSSI,129,153,112,126,693700
8/13/2025,XSSK,706,706,706,706,20000
8/13/2025,YELO,32,35,32,35,3492200
8/13/2025,YOII,97,101,95,97,6555100
8/13/2025,YPAS,354,354,354,354,10200
8/13/2025,YULE,2600,2690,2600,2680,1100
8/13/2025,YUPI,1705,1725,1700,1705,34200
8/13/2025,ZATA,11,12,11,12,22493000
8/13/2025,ZBRA,0,0,0,0,0
8/13/2025,ZINC,13,13,12,12,2805600
8/13/2025,ZONE,745,745,740,745,81700
8/13/2025,ZYRX,168,168,153,162,26089800
