<date>,<ticker>,<open>,<high>,<low>,<close>,<volume>
8/28/2025,IHSG,7951.865,8022.758,7936.176,7952.088,3504643401
8/28/2025,IDX30,0.000,0.000,0.000,0.000,0
8/28/2025,IDX80,0.000,0.000,0.000,0.000,0
8/28/2025,AADI,7050,7075,6950,6975,4172200
8/28/2025,AALI,7225,7450,7225,7425,2097600
8/28/2025,ABBA,43,43,43,43,1764600
8/28/2025,ABDA,3400,3400,3400,3400,100
8/28/2025,ABMM,2980,2980,2960,2970,502800
8/28/2025,ACES,458,466,458,466,35585800
8/28/2025,ACESBQCV5A,2,3,2,2,1347900
8/28/2025,ACESBQCX5B,15,15,15,15,101000
8/28/2025,ACESBQCZ5A,25,27,25,27,3200
8/28/2025,ACESDRCJ6A,17,18,17,17,3218700
8/28/2025,ACESHDCZ5A,0,0,0,0,0
8/28/2025,ACESZPCJ6A,25,25,25,25,500000
8/28/2025,ACRO,89,91,87,89,13237700
8/28/2025,ACRO-W,11,14,11,13,29769600
8/28/2025,ACST,153,154,143,145,24914600
8/28/2025,ADCP,50,66,50,63,1033565300
8/28/2025,ADES,13975,13975,13600,13725,59000
8/28/2025,ADHI,292,300,286,290,38887200
8/28/2025,ADMF,9050,9075,9025,9050,26500
8/28/2025,ADMG,159,160,153,155,2192400
8/28/2025,ADMR,1030,1030,1015,1020,12110400
8/28/2025,ADMRDRCJ6A,35,35,34,34,51400
8/28/2025,ADMRHDCJ6A,57,57,56,56,18800
8/28/2025,ADMRZPCH6A,54,54,54,54,441800
8/28/2025,ADRO,1835,1835,1770,1770,104126600
8/28/2025,ADROBQCU5A,7,7,4,5,4176300
8/28/2025,ADROBQCZ5A,21,22,21,22,116200
8/28/2025,ADRODRCJ6A,64,64,64,64,900
8/28/2025,ADRODRCX5A,42,43,39,43,1005800
8/28/2025,ADROHDCZ5A,0,0,0,0,0
8/28/2025,ADROHDPH6A,121,121,121,121,7800
8/28/2025,ADROYUCZ5A,0,0,0,0,0
8/28/2025,ADROZPCF6A,31,31,31,31,200
8/28/2025,AEGS,53,54,51,53,3140900
8/28/2025,AGAR,254,260,250,250,120300
8/28/2025,AGII,890,895,870,880,814900
8/28/2025,AGRO,246,250,242,244,16023200
8/28/2025,AGRS,82,86,80,85,29965000
8/28/2025,AHAP,83,85,81,83,25667800
8/28/2025,AIMS,324,324,322,322,16600
8/28/2025,AISA,125,128,124,125,14795800
8/28/2025,AKKU,0,0,0,0,0
8/28/2025,AKPI,575,580,555,575,24800
8/28/2025,AKRA,1215,1230,1200,1225,29688600
8/28/2025,AKRABQCX5B,0,0,0,0,0
8/28/2025,AKRADRCX5A,35,35,35,35,100000
8/28/2025,AKRAHDCH6A,0,0,0,0,0
8/28/2025,AKRAZPCJ6A,0,0,0,0,0
8/28/2025,AKRAZPCX5A,60,60,59,60,23700
8/28/2025,AKSI,270,270,258,262,492000
8/28/2025,ALDO,498,498,496,496,24100
8/28/2025,ALII,570,570,555,555,3979500
8/28/2025,ALKA,320,350,316,322,255600
8/28/2025,ALMI,0,0,0,0,0
8/28/2025,ALTO,0,0,0,0,0
8/28/2025,AMAG,362,370,360,364,77600
8/28/2025,AMAN,128,130,120,123,11149500
8/28/2025,AMAR,220,220,210,218,2246600
8/28/2025,AMFG,3160,3220,3120,3220,47400
8/28/2025,AMIN,202,204,195,202,164200
8/28/2025,AMMN,8200,8200,7725,7750,38149900
8/28/2025,AMMNBQCZ5A,39,39,34,34,74600
8/28/2025,AMMNDRCJ6A,68,68,65,65,7600
8/28/2025,AMMNHDCH6A,0,0,0,0,0
8/28/2025,AMMNZPCG6A,0,0,0,0,0
8/28/2025,AMMS,179,179,170,179,7997800
8/28/2025,AMOR,494,494,488,490,184200
8/28/2025,AMRT,2260,2270,2230,2230,12324700
8/28/2025,AMRTBQCU5A,5,6,4,4,3585200
8/28/2025,AMRTDRCZ5A,0,0,0,0,0
8/28/2025,AMRTHDCJ6A,33,33,33,33,15000
8/28/2025,AMRTHDCQ5A,0,0,0,0,0
8/28/2025,AMRTZPCX5A,50,50,50,50,50000
8/28/2025,ANDI,35,35,35,35,35764800
8/28/2025,ANJT,1790,1800,1790,1790,5487900
8/28/2025,ANTM,3000,3020,2920,2980,121877400
8/28/2025,ANTMBQCU5A,0,0,0,0,0
8/28/2025,ANTMBQCX5A,63,63,60,60,400200
8/28/2025,ANTMBQCZ5A,0,0,0,0,0
8/28/2025,ANTMDRCG6A,46,47,44,45,171600
8/28/2025,ANTMDRCX5A,286,288,280,284,159300
8/28/2025,ANTMDRPU5A,0,0,0,0,0
8/28/2025,ANTMDRPU5B,11,11,11,11,15400
8/28/2025,ANTMHDCH6A,0,0,0,0,0
8/28/2025,ANTMHDCH6B,0,0,0,0,0
8/28/2025,ANTMHDCU5A,0,0,0,0,0
8/28/2025,ANTMHDPH6A,94,94,94,94,100
8/28/2025,ANTMZPCJ6A,70,70,70,70,152200
8/28/2025,ANTMZPCX5A,0,0,0,0,0
8/28/2025,APEX,126,127,124,125,27613600
8/28/2025,APIC,1165,1185,1155,1165,5622500
8/28/2025,APII,177,177,175,176,53200
8/28/2025,APLI,498,600,482,500,254400
8/28/2025,APLN,109,118,109,111,76053400
8/28/2025,ARCI,720,775,710,760,98297000
8/28/2025,AREA,555,580,545,555,2427600
8/28/2025,ARGO,1390,1700,1315,1360,821900
8/28/2025,ARII,270,278,266,276,573700
8/28/2025,ARKA,32,32,32,32,22148600
8/28/2025,ARKO,1300,1360,1255,1355,782600
8/28/2025,ARMY,0,0,0,0,0
8/28/2025,ARNA,580,585,575,580,2548300
8/28/2025,ARTA,3220,3280,3220,3230,3300
8/28/2025,ARTI,0,0,0,0,0
8/28/2025,ARTO,2310,2440,2310,2350,20127500
8/28/2025,ARTOBQCU5A,6,10,5,5,21006000
8/28/2025,ARTOBQCX5B,154,154,147,149,1000700
8/28/2025,ARTOBQCZ5A,35,35,34,35,285200
8/28/2025,ARTODRCK6A,99,99,94,96,501200
8/28/2025,ARTODRCX5A,70,71,66,66,230800
8/28/2025,ARTOHDCZ5A,0,0,0,0,0
8/28/2025,ARTOZPCX5A,73,73,70,70,906500
8/28/2025,ASBI,434,446,432,436,34600
8/28/2025,ASDM,550,555,545,545,35500
8/28/2025,ASGR,1175,1205,1140,1190,2386700
8/28/2025,ASHA,34,34,34,34,8151400
8/28/2025,ASII,5525,5650,5525,5575,18032900
8/28/2025,ASIIBQCU5A,54,56,54,56,200
8/28/2025,ASIIBQCZ5A,135,135,134,134,200
8/28/2025,ASIIDRCX5A,130,130,130,130,100
8/28/2025,ASIIDRCX6A,0,0,0,0,0
8/28/2025,ASIIHDCZ5A,168,168,168,168,100
8/28/2025,ASIIZPCJ6A,0,0,0,0,0
8/28/2025,ASJT,112,112,108,109,54300
8/28/2025,ASLC,127,129,118,119,272681500
8/28/2025,ASLI,0,0,0,0,0
8/28/2025,ASMI,26,26,24,26,8537700
8/28/2025,ASPI,428,428,392,418,870000
8/28/2025,ASPR,97,98,96,96,5363200
8/28/2025,ASRI,180,187,179,186,110909700
8/28/2025,ASRM,278,280,276,280,16400
8/28/2025,ASSA,870,895,855,890,7421600
8/28/2025,ATAP,44,44,44,44,602600
8/28/2025,ATIC,402,500,400,450,4695800
8/28/2025,ATLA,50,67,50,67,2453637500
8/28/2025,AUTO,2360,2420,2340,2420,2716500
8/28/2025,AUTOZPCJ6A,0,0,0,0,0
8/28/2025,AVIA,426,428,422,424,6992400
8/28/2025,AVIAZPCJ6A,19,19,19,19,6300
8/28/2025,AWAN,260,260,254,258,17269300
8/28/2025,AXIO,132,132,129,131,1285100
8/28/2025,AYAM,171,174,168,172,135814400
8/28/2025,AYLS,108,109,107,108,1658600
8/28/2025,BABP,60,64,60,62,131207600
8/28/2025,BABY,336,342,320,330,8761600
8/28/2025,BACA,146,147,140,143,3830900
8/28/2025,BAIK,116,117,109,112,12419800
8/28/2025,BAIK-W,11,12,10,11,20527000
8/28/2025,BAJA,130,130,127,129,1077400
8/28/2025,BALI,1465,1495,1425,1495,30300
8/28/2025,BANK,855,860,840,850,6362600
8/28/2025,BANK-W,412,412,412,412,100
8/28/2025,BAPA,59,68,59,62,16895600
8/28/2025,BAPI,19,19,19,19,4617400
8/28/2025,BATA,52,52,51,51,366600
8/28/2025,BATR,107,108,103,107,9042900
8/28/2025,BAUT,38,38,36,37,14465400
8/28/2025,BAYU,1320,1365,1315,1340,247600
8/28/2025,BBCA,8350,8375,8275,8325,81281400
8/28/2025,BBCABQCV5A,10,11,10,10,20109000
8/28/2025,BBCABQCX5A,25,25,25,25,9300
8/28/2025,BBCADRCF6A,54,54,54,54,100
8/28/2025,BBCADRCX6A,4060,4080,4060,4080,3300
8/28/2025,BBCAHDCQ7A,0,0,0,0,0
8/28/2025,BBCAHDCU5A,0,0,0,0,0
8/28/2025,BBCAHDCV5A,0,0,0,0,0
8/28/2025,BBCAZPCF6A,0,0,0,0,0
8/28/2025,BBCAZPCH6A,0,0,0,0,0
8/28/2025,BBHI,1590,1610,1555,1585,2220800
8/28/2025,BBKP,85,91,81,87,877231500
8/28/2025,BBLD,925,925,900,905,68700
8/28/2025,BBMD,2150,2150,2100,2150,400
8/28/2025,BBNI,4480,4500,4450,4460,37274600
8/28/2025,BBNIBQCU5A,0,0,0,0,0
8/28/2025,BBNIBQCV5A,0,0,0,0,0
8/28/2025,BBNIDRCX6A,0,0,0,0,0
8/28/2025,BBNIDRCZ5A,69,69,68,68,2634900
8/28/2025,BBNIDRPU5A,0,0,0,0,0
8/28/2025,BBNIHDCQ7A,0,0,0,0,0
8/28/2025,BBNIHDCU5A,0,0,0,0,0
8/28/2025,BBNIHDPU5A,0,0,0,0,0
8/28/2025,BBNIYUCV5A,70,70,70,70,100
8/28/2025,BBNIZPCH6A,0,0,0,0,0
8/28/2025,BBNIZPCX5A,0,0,0,0,0
8/28/2025,BBRI,4130,4150,4110,4140,60838200
8/28/2025,BBRIBQCQ5A,0,0,0,0,0
8/28/2025,BBRIBQCU5A,0,0,0,0,0
8/28/2025,BBRIBQCZ5A,0,0,0,0,0
8/28/2025,BBRIDRCX5A,175,176,175,176,200
8/28/2025,BBRIDRCX6A,0,0,0,0,0
8/28/2025,BBRIHDCH6A,142,144,142,144,83600
8/28/2025,BBRIHDCQ7A,105,105,105,105,17200
8/28/2025,BBRIYUCV5A,141,141,140,140,200
8/28/2025,BBRIZPCH6A,110,110,109,109,42700
8/28/2025,BBRIZPCX5A,0,0,0,0,0
8/28/2025,BBRM,95,95,92,93,9023300
8/28/2025,BBSI,4020,4020,4000,4000,24300
8/28/2025,BBSS,264,264,258,260,1360100
8/28/2025,BBTN,1285,1320,1285,1305,50418200
8/28/2025,BBTNHDCZ5A,0,0,0,0,0
8/28/2025,BBTNYUCZ5A,0,0,0,0,0
8/28/2025,BBTNZPCG6A,57,57,57,57,4600
8/28/2025,BBYB,354,364,346,354,79377700
8/28/2025,BCAP,79,80,74,76,122381000
8/28/2025,BCIC,0,0,0,0,0
8/28/2025,BCIP,98,98,95,96,23307400
8/28/2025,BDKR,151,152,149,150,14986800
8/28/2025,BDMN,2530,2570,2530,2550,402100
8/28/2025,BEBS,0,0,0,0,0
8/28/2025,BEEF,310,314,306,312,6995500
8/28/2025,BEER,116,116,113,115,2122100
8/28/2025,BEKS,33,34,33,34,105101000
8/28/2025,BELI,372,380,370,372,438500
8/28/2025,BELL,55,63,54,59,261530200
8/28/2025,BESS,990,1020,980,1010,119200
8/28/2025,BEST,114,139,110,135,483515800
8/28/2025,BFIN,835,850,810,815,5069100
8/28/2025,BFINDRCK6A,0,0,0,0,0
8/28/2025,BGTG,118,130,115,124,240025400
8/28/2025,BHAT,900,900,890,900,1434700
8/28/2025,BHIT,36,37,36,37,33804300
8/28/2025,BIKA,0,0,0,0,0
8/28/2025,BIKE,855,885,855,870,7783500
8/28/2025,BIMA,67,67,61,61,256000
8/28/2025,BINA,4410,4410,4410,4410,10500
8/28/2025,BINO,125,127,121,124,1638100
8/28/2025,BIPI,90,91,87,88,88246900
8/28/2025,BIPP,47,47,47,47,171800
8/28/2025,BIRD,1820,1825,1795,1805,2248800
8/28/2025,BISI,905,905,885,900,77400
8/28/2025,BJBR,795,800,795,795,2712500
8/28/2025,BJTM,520,525,520,525,4382000
8/28/2025,BKDP,50,50,50,50,1099000
8/28/2025,BKSL,146,147,139,141,509190800
8/28/2025,BKSW,72,77,71,74,25695500
8/28/2025,BLES,167,170,165,169,5894500
8/28/2025,BLOG,590,600,555,565,33226900
8/28/2025,BLTA,31,31,31,31,3586700
8/28/2025,BLTZ,0,0,0,0,0
8/28/2025,BLUE,318,318,316,318,46900
8/28/2025,BMAS,650,660,650,660,64600
8/28/2025,BMBL,37,37,33,37,27846800
8/28/2025,BMHS,190,193,186,190,6080700
8/28/2025,BMRI,4790,4850,4770,4770,111707400
8/28/2025,BMRIBQCU5A,2,2,1,1,287300
8/28/2025,BMRIBQCZ5A,0,0,0,0,0
8/28/2025,BMRIDRCX5A,62,62,61,61,43800
8/28/2025,BMRIDRCX6A,2420,2420,2410,2410,900
8/28/2025,BMRIHDCQ7A,0,0,0,0,0
8/28/2025,BMRIHDCU5A,0,0,0,0,0
8/28/2025,BMRIHDPU5A,155,155,155,155,5000
8/28/2025,BMRIZPCH6A,67,67,67,67,1000
8/28/2025,BMRIZPCX5A,40,40,39,39,2100
8/28/2025,BMSR,256,284,256,270,455900
8/28/2025,BMTR,144,148,142,148,61033500
8/28/2025,BNBA,795,800,775,780,318200
8/28/2025,BNBR,40,40,38,39,35976300
8/28/2025,BNGA,1725,1735,1720,1720,1615300
8/28/2025,BNGADRCK6A,70,70,70,70,3800
8/28/2025,BNGAZPCH6A,0,0,0,0,0
8/28/2025,BNII,216,220,214,218,2008300
8/28/2025,BNLI,3040,3190,2970,3150,420700
8/28/2025,BOAT,125,126,117,118,41454800
8/28/2025,BOBA,185,190,178,184,85000
8/28/2025,BOGA,600,610,585,605,477400
8/28/2025,BOLA,228,238,216,226,19161700
8/28/2025,BOLT,1065,1070,1065,1070,9800
8/28/2025,BOSS,0,0,0,0,0
8/28/2025,BPFI,336,344,334,344,46600
8/28/2025,BPII,585,590,580,580,150700
8/28/2025,BPTR,97,99,93,99,230100
8/28/2025,BRAM,5125,5250,5100,5175,2500
8/28/2025,BREN,9750,9850,9175,9300,50123200
8/28/2025,BRIS,2720,2750,2720,2740,6774900
8/28/2025,BRISBQCZ5A,0,0,0,0,0
8/28/2025,BRISDRCJ6A,51,51,51,51,17000
8/28/2025,BRISHDCH6A,67,67,67,67,2200
8/28/2025,BRISHDCZ5A,0,0,0,0,0
8/28/2025,BRISYUCV5A,75,75,75,75,100
8/28/2025,BRISZPCG6A,54,54,54,54,10000
8/28/2025,BRMS,472,482,470,478,423964700
8/28/2025,BRMSBQCZ5A,55,55,55,55,3000
8/28/2025,BRMSDRCJ6A,47,48,46,47,5402600
8/28/2025,BRMSDRPX5A,0,0,0,0,0
8/28/2025,BRMSHDCH6A,0,0,0,0,0
8/28/2025,BRMSHDCZ5A,0,0,0,0,0
8/28/2025,BRMSYUCV5A,34,35,33,35,3200
8/28/2025,BRMSZPCG6A,72,73,71,73,89100
8/28/2025,BRNA,770,775,770,775,63800
8/28/2025,BRPT,2300,2340,2250,2260,72185200
8/28/2025,BRPTBQCQ5A,0,0,0,0,0
8/28/2025,BRPTBQCV5A,0,0,0,0,0
8/28/2025,BRPTBQCX5B,97,97,76,76,157700
8/28/2025,BRPTBQCZ5A,0,0,0,0,0
8/28/2025,BRPTDRCF6A,195,196,192,192,3200
8/28/2025,BRPTDRCJ6A,100,102,100,100,21800
8/28/2025,BRPTDRCX5A,230,232,224,224,1029300
8/28/2025,BRPTDRPV5A,0,0,0,0,0
8/28/2025,BRPTHDCH6A,0,0,0,0,0
8/28/2025,BRPTHDCH6B,0,0,0,0,0
8/28/2025,BRPTHDPG6A,0,0,0,0,0
8/28/2025,BRPTYUCZ5A,126,126,126,126,100
8/28/2025,BRPTZPCF6A,0,0,0,0,0
8/28/2025,BRPTZPCX5A,0,0,0,0,0
8/28/2025,BRRC,82,83,80,81,14669300
8/28/2025,BRRC-W,13,13,10,11,20533900
8/28/2025,BSBK,80,95,75,95,2859524200
8/28/2025,BSDE,1105,1200,1105,1170,125141400
8/28/2025,BSDEDRCJ6A,57,64,57,61,131500
8/28/2025,BSDEZPCH6A,0,0,0,0,0
8/28/2025,BSIM,900,925,895,910,37700
8/28/2025,BSML,105,108,104,104,19928200
8/28/2025,BSSR,3900,4040,3900,4010,1665900
8/28/2025,BSWD,0,0,0,0,0
8/28/2025,BTEK,13,13,13,13,11725500
8/28/2025,BTEL,0,0,0,0,0
8/28/2025,BTON,390,400,376,380,105000
8/28/2025,BTPN,2150,2150,2140,2140,5900
8/28/2025,BTPS,1425,1520,1415,1465,14944700
8/28/2025,BTPSDRCK6A,52,56,52,56,36100
8/28/2025,BTPSHDCJ6A,0,0,0,0,0
8/28/2025,BTPSZPCH6A,0,0,0,0,0
8/28/2025,BUAH,1470,1635,1470,1570,973200
8/28/2025,BUDI,220,226,220,224,35900
8/28/2025,BUKA,177,182,176,178,211114600
8/28/2025,BUKABQCZ5B,22,24,22,22,344800
8/28/2025,BUKADRCK6A,0,0,0,0,0
8/28/2025,BUKAHDCZ5A,140,140,140,140,100
8/28/2025,BUKK,825,900,825,880,84000
8/28/2025,BULL,158,163,156,161,357329300
8/28/2025,BUMI,111,113,111,112,565959200
8/28/2025,BUVA,376,384,358,378,141060100
8/28/2025,BVIC,129,133,121,125,52163600
8/28/2025,BVIC-W,50,50,45,47,148300
8/28/2025,BWPT,0,0,0,0,0
8/28/2025,BYAN,18275,18325,18225,18250,10000
8/28/2025,CAKK,138,138,135,137,213900
8/28/2025,CAMP,216,228,216,224,7388500
8/28/2025,CANI,41,41,41,41,850900
8/28/2025,CARE,292,300,288,300,16747000
8/28/2025,CARS,139,146,131,141,452495100
8/28/2025,CASA,1125,1155,1125,1140,4700700
8/28/2025,CASH,104,114,104,114,6230800
8/28/2025,CASS,2750,2750,2620,2690,75100
8/28/2025,CBDK,6800,6825,6625,6650,7162000
8/28/2025,CBMF,0,0,0,0,0
8/28/2025,CBPE,204,206,183,202,131600
8/28/2025,CBRE,177,177,177,177,2846100
8/28/2025,CBUT,1710,1710,1455,1575,205900
8/28/2025,CCSI,340,420,332,374,7049100
8/28/2025,CDIA,1520,1575,1500,1525,149665700
8/28/2025,CEKA,2720,2790,2610,2710,43100
8/28/2025,CENT,128,128,122,125,17094600
8/28/2025,CFIN,332,332,326,328,953200
8/28/2025,CGAS,130,140,130,135,57198700
8/28/2025,CHEK,202,220,200,210,66109100
8/28/2025,CHEM,100,101,92,97,8782000
8/28/2025,CHIP,1415,1425,1395,1410,73100
8/28/2025,CINT,159,165,159,162,478300
8/28/2025,CITA,4070,4210,4010,4090,337500
8/28/2025,CITY,107,107,103,104,2528200
8/28/2025,CLAY,1440,1440,1370,1440,130500
8/28/2025,CLEO,610,610,590,600,10351700
8/28/2025,CLPI,1250,1255,1240,1250,84800
8/28/2025,CMNP,1355,1360,1330,1350,364400
8/28/2025,CMNP-W,492,496,390,390,5000
8/28/2025,CMNT,825,825,810,825,39265700
8/28/2025,CMPP,91,95,91,95,378000
8/28/2025,CMRY,4960,4960,4770,4810,1713800
8/28/2025,CMRYDRCK6A,83,83,83,83,100
8/28/2025,CMRYZPCJ6A,0,0,0,0,0
8/28/2025,CNKO,115,115,112,112,88918800
8/28/2025,CNMA,139,139,135,135,30938500
8/28/2025,CNTB,0,0,0,0,0
8/28/2025,CNTX,0,0,0,0,0
8/28/2025,COAL,41,42,41,42,4939800
8/28/2025,COCO,438,480,438,480,3767200
8/28/2025,COIN,0,0,0,0,0
8/28/2025,COWL,0,0,0,0,0
8/28/2025,CPIN,4390,4470,4380,4380,7308700
8/28/2025,CPINDRCG6A,64,64,61,62,66300
8/28/2025,CPINZPCJ6A,0,0,0,0,0
8/28/2025,CPRI,0,0,0,0,0
8/28/2025,CPRO,53,68,52,68,4915524900
8/28/2025,CRAB,234,238,234,236,4038600
8/28/2025,CRSN,114,115,110,114,549300
8/28/2025,CSAP,302,302,298,298,203300
8/28/2025,CSIS,124,124,117,123,3807800
8/28/2025,CSMI,392,392,360,360,559500
8/28/2025,CSRA,765,780,750,780,1096500
8/28/2025,CTBN,5600,5600,5600,5600,1100
8/28/2025,CTRA,1065,1090,1060,1060,39219200
8/28/2025,CTRADRCJ6A,33,33,33,33,100
8/28/2025,CTRAYUCZ5A,82,82,82,82,400
8/28/2025,CTRAZPCG6A,0,0,0,0,0
8/28/2025,CTTH,45,45,38,38,3315300
8/28/2025,CUAN,1635,1645,1610,1615,128762800
8/28/2025,CYBR,975,1000,970,975,21268300
8/28/2025,CYBR-W,545,580,545,560,600
8/28/2025,DAAZ,3210,3210,3150,3200,171300
8/28/2025,DADA,28,28,28,28,5413700
8/28/2025,DART,167,170,164,165,238700
8/28/2025,DATA,0,0,0,0,0
8/28/2025,DAYA,1025,1025,1000,1020,6600
8/28/2025,DCII,325000,362000,325000,342900,14800
8/28/2025,DEAL,0,0,0,0,0
8/28/2025,DEFI,478,478,478,478,49800
8/28/2025,DEPO,198,200,196,199,680200
8/28/2025,DEWA,234,248,230,230,820568200
8/28/2025,DEWI,115,115,110,110,57523100
8/28/2025,DFAM,94,99,84,88,22516600
8/28/2025,DGIK,97,99,96,97,6227000
8/28/2025,DGNS,146,150,143,144,771800
8/28/2025,DGWG,428,430,424,424,9329000
8/28/2025,DIGI,34,34,34,34,1848800
8/28/2025,DILD,142,150,141,145,42116600
8/28/2025,DIVA,124,131,121,126,13647400
8/28/2025,DKFT,700,730,690,710,31943200
8/28/2025,DKHH,116,117,112,113,40416600
8/28/2025,DKHH-W,18,18,16,17,20969900
8/28/2025,DLTA,1985,1990,1975,1985,70800
8/28/2025,DMAS,140,140,138,139,35774100
8/28/2025,DMMX,370,372,360,368,2195800
8/28/2025,DMND,570,585,570,585,147000
8/28/2025,DNAR,121,126,119,124,9878500
8/28/2025,DNET,9950,10400,9400,9600,89000
8/28/2025,DOID,354,366,352,360,10691100
8/28/2025,DOOH,166,166,160,161,64238400
8/28/2025,DOSS,152,153,147,150,9136300
8/28/2025,DPNS,250,252,242,250,53600
8/28/2025,DPUM,67,68,64,66,12602900
8/28/2025,DRMA,1005,1050,1005,1030,1906600
8/28/2025,DSFI,88,89,85,86,11116800
8/28/2025,DSNG,1550,1650,1540,1625,47391400
8/28/2025,DSNGDRCK6A,80,85,80,85,1800
8/28/2025,DSSA,93550,100000,93550,97150,4619700
8/28/2025,DUCK,0,0,0,0,0
8/28/2025,DUTI,3410,3420,3410,3420,7000
8/28/2025,DVLA,1660,1675,1610,1675,79600
8/28/2025,DWGL,236,238,234,236,713000
8/28/2025,DYAN,94,94,90,92,4807200
8/28/2025,EAST,96,97,94,95,15377100
8/28/2025,ECII,193,195,188,190,433600
8/28/2025,EDGE,4300,4420,4280,4380,67400
8/28/2025,EKAD,191,191,189,190,137900
8/28/2025,ELIT,206,212,200,206,19154700
8/28/2025,ELPI,330,364,330,364,2964300
8/28/2025,ELSA,510,515,505,505,13058800
8/28/2025,ELSADRCJ6A,39,40,39,39,25500
8/28/2025,ELSAZPCG6A,38,38,38,38,10000
8/28/2025,ELTY,22,22,22,22,49968100
8/28/2025,EMDE,99,102,96,101,3969600
8/28/2025,EMTK,1305,1310,1250,1300,110932700
8/28/2025,EMTKBQCZ5A,372,372,372,372,12500
8/28/2025,EMTKDRCK6A,67,68,67,68,600
8/28/2025,EMTKHDCZ5A,270,274,266,270,487900
8/28/2025,EMTKYUCV5A,175,175,175,175,100
8/28/2025,EMTKZPCH6A,166,166,163,165,74300
8/28/2025,ENAK,700,700,690,700,1071200
8/28/2025,ENRG,555,585,555,580,114433900
8/28/2025,ENRGBQCZ5A,25,28,25,28,225000
8/28/2025,ENRGDRCJ6A,75,79,75,78,10658600
8/28/2025,ENRGHDCZ5A,204,224,204,224,700
8/28/2025,ENRGZPCG6A,180,180,180,180,600
8/28/2025,ENVY,0,0,0,0,0
8/28/2025,ENZO,37,37,37,37,852700
8/28/2025,EPAC,31,31,31,31,16604400
8/28/2025,EPMT,2350,2400,2340,2360,3000
8/28/2025,ERAA,448,458,446,446,73270200
8/28/2025,ERAABQCZ5A,0,0,0,0,0
8/28/2025,ERAADRCJ6A,12,13,12,12,7009300
8/28/2025,ERAAHDCZ5A,0,0,0,0,0
8/28/2025,ERAAZPCH6A,0,0,0,0,0
8/28/2025,ERAL,328,334,324,326,9644000
8/28/2025,ERTX,117,119,115,118,1100800
8/28/2025,ESIP,53,53,52,52,2889000
8/28/2025,ESSA,590,595,575,580,23220200
8/28/2025,ESSABQCZ5A,42,42,40,41,1030600
8/28/2025,ESSAHDCH6A,0,0,0,0,0
8/28/2025,ESSAYUCZ5A,39,39,39,39,100
8/28/2025,ESTA,64,65,61,63,3273500
8/28/2025,ESTI,55,55,50,54,1567900
8/28/2025,ETWA,0,0,0,0,0
8/28/2025,EURO,246,262,246,252,67600
8/28/2025,EXCL,2770,2800,2690,2770,19323100
8/28/2025,EXCLHDCJ6A,42,49,42,48,16400
8/28/2025,EXCLHDCQ5A,0,0,0,0,0
8/28/2025,EXCLZPCF6A,84,86,76,85,6700
8/28/2025,FAPA,5825,5875,5825,5875,10200
8/28/2025,FAST,350,374,340,364,37551600
8/28/2025,FASW,0,0,0,0,0
8/28/2025,FILM,2990,3390,2850,3220,41515400
8/28/2025,FIMP,0,0,0,0,0
8/28/2025,FIRE,84,85,83,84,6689700
8/28/2025,FISH,0,0,0,0,0
8/28/2025,FITT,344,402,336,358,9968100
8/28/2025,FLMC,0,0,0,0,0
8/28/2025,FMII,370,370,354,368,76700
8/28/2025,FOLK,83,84,82,83,798600
8/28/2025,FOOD,106,107,106,107,72300
8/28/2025,FORE,550,555,540,545,4076300
8/28/2025,FORU,1175,1260,1175,1210,612800
8/28/2025,FPNI,190,206,190,196,4786100
8/28/2025,FUJI,438,444,424,428,343800
8/28/2025,FUTR,222,222,222,222,94914500
8/28/2025,FWCT,153,153,150,152,2988300
8/28/2025,GAMA,0,0,0,0,0
8/28/2025,GDST,113,113,111,112,884700
8/28/2025,GDYR,1200,1220,1180,1180,2400
8/28/2025,GEMA,124,125,120,125,13053300
8/28/2025,GEMS,9400,9425,9350,9400,154100
8/28/2025,GGRM,8900,8900,8575,8575,816800
8/28/2025,GGRMZPCG6A,38,38,36,36,150100
8/28/2025,GGRP,226,226,224,226,878700
8/28/2025,GHON,1770,1835,1700,1760,152400
8/28/2025,GIAA,69,69,69,69,18627900
8/28/2025,GJTL,1030,1035,1025,1030,2250000
8/28/2025,GJTLZPCJ6A,24,24,24,24,100
8/28/2025,GLOB,50,50,50,50,43000
8/28/2025,GLVA,334,338,322,330,23100
8/28/2025,GMFI,62,62,59,59,1037800
8/28/2025,GMTD,2290,2290,2210,2240,10400
8/28/2025,GOLD,258,268,250,252,221800
8/28/2025,GOLF,214,262,212,232,46351400
8/28/2025,GOLL,0,0,0,0,0
8/28/2025,GOOD,380,384,376,384,192200
8/28/2025,GOTO,60,60,59,59,911818300
8/28/2025,GOTOBQCZ5A,2,3,2,2,1151000
8/28/2025,GOTODRCG6A,10,10,9,9,22000
8/28/2025,GOTOHDCQ5A,0,0,0,0,0
8/28/2025,GOTOM,0,0,0,0,0
8/28/2025,GOTOZPCH6A,0,0,0,0,0
8/28/2025,GPRA,146,151,145,151,126774900
8/28/2025,GPSO,302,304,278,298,5140900
8/28/2025,GRIA,90,93,88,93,912200
8/28/2025,GRPH,70,73,69,71,9524800
8/28/2025,GRPM,58,60,55,57,4720100
8/28/2025,GRPM-W,15,16,14,16,15654500
8/28/2025,GSMF,89,107,86,106,39250800
8/28/2025,GTBO,208,210,200,208,999600
8/28/2025,GTRA,138,141,137,139,540100
8/28/2025,GTSI,82,82,82,82,32464000
8/28/2025,GULA,346,346,324,330,1604000
8/28/2025,GUNA,242,246,240,244,311600
8/28/2025,GWSA,156,157,153,155,173300
8/28/2025,GZCO,140,187,139,187,1175506300
8/28/2025,HADE,22,22,22,22,2116400
8/28/2025,HAIS,192,204,191,196,5423100
8/28/2025,HAJJ,128,137,126,137,45775200
8/28/2025,HAJJ-W,15,22,15,22,130883000
8/28/2025,HALO,89,90,87,89,12539200
8/28/2025,HALO-W,13,16,12,15,33543100
8/28/2025,HATM,266,266,262,264,22924400
8/28/2025,HBAT,0,0,0,0,0
8/28/2025,HDFA,120,122,119,122,206300
8/28/2025,HDIT,65,65,65,65,12259900
8/28/2025,HEAL,1700,1715,1670,1675,8887200
8/28/2025,HEALBQCZ5A,0,0,0,0,0
8/28/2025,HEALDRCJ6A,57,57,57,57,100
8/28/2025,HEALHDCH6A,0,0,0,0,0
8/28/2025,HEALYUCZ5A,78,78,78,78,3100
8/28/2025,HEALZPCH6A,0,0,0,0,0
8/28/2025,HELI,266,266,262,264,513200
8/28/2025,HERO,394,402,392,396,78300
8/28/2025,HEXA,5650,5700,5650,5675,373100
8/28/2025,HGII,151,151,148,151,10469000
8/28/2025,HILL,208,210,206,208,7937700
8/28/2025,HITS,0,0,0,0,0
8/28/2025,HKMU,0,0,0,0,0
8/28/2025,HMSP,525,535,525,530,12913600
8/28/2025,HOKI,81,84,79,80,221856500
8/28/2025,HOME,0,0,0,0,0
8/28/2025,HOMI,197,202,197,199,113000
8/28/2025,HOPE,0,0,0,0,0
8/28/2025,HOTL,0,0,0,0,0
8/28/2025,HRME,37,37,37,37,921900
8/28/2025,HRTA,650,690,650,685,47435900
8/28/2025,HRUM,935,970,930,940,55978800
8/28/2025,HRUMZPCG6A,45,46,43,44,20186200
8/28/2025,HUMI,0,0,0,0,0
8/28/2025,HUMI-W,0,0,0,0,0
8/28/2025,HYGN,164,164,156,160,5598100
8/28/2025,IATA,58,58,58,58,9222200
8/28/2025,IATA-W,29,31,29,31,900
8/28/2025,IBFN,30,30,30,30,181400
8/28/2025,IBOS,42,43,41,43,26241200
8/28/2025,IBST,6100,6100,6100,6100,400
8/28/2025,ICBP,9325,9450,9275,9300,4029300
8/28/2025,ICBPDRCX6A,4020,4020,4010,4010,200
8/28/2025,ICBPHDCJ6A,53,53,53,53,5000
8/28/2025,ICBPZPCX5A,33,33,33,33,100
8/28/2025,ICON,40,40,40,40,124500
8/28/2025,IDEA,110,116,100,105,5383600
8/28/2025,IDPR,248,256,244,254,1138100
8/28/2025,IFII,238,248,238,246,4515100
8/28/2025,IFSH,770,775,755,760,8900
8/28/2025,IGAR,535,535,510,530,271300
8/28/2025,IIKP,0,0,0,0,0
8/28/2025,IKAI,15,16,15,16,55685400
8/28/2025,IKAN,148,150,142,145,18638400
8/28/2025,IKBI,600,625,600,615,840300
8/28/2025,IKPM,199,202,194,197,792100
8/28/2025,IMAS,1135,1160,1125,1125,501800
8/28/2025,IMJS,262,266,248,260,10022300
8/28/2025,IMPC,1090,1090,1090,1090,1988300
8/28/2025,INAF,0,0,0,0,0
8/28/2025,INAI,156,160,155,159,512500
8/28/2025,INCF,37,38,37,38,4431700
8/28/2025,INCI,620,625,615,620,146100
8/28/2025,INCO,3870,3900,3750,3800,11573500
8/28/2025,INCOBQCQ5A,0,0,0,0,0
8/28/2025,INCOBQCV5A,46,46,37,38,3780300
8/28/2025,INCODRCK6A,75,75,75,75,13000
8/28/2025,INCODRCX5A,99,99,91,91,67100
8/28/2025,INCODRPV5A,0,0,0,0,0
8/28/2025,INCOHDCJ6A,90,90,88,89,15000
8/28/2025,INCOHDCQ5A,0,0,0,0,0
8/28/2025,INCOYUCZ5A,95,95,87,87,1200
8/28/2025,INCOZPCX5A,151,153,151,153,50700
8/28/2025,INDF,7600,7650,7550,7600,12993000
8/28/2025,INDFBQCV5A,0,0,0,0,0
8/28/2025,INDFDRCX6A,0,0,0,0,0
8/28/2025,INDFHDCJ6A,0,0,0,0,0
8/28/2025,INDO,240,248,240,240,7577000
8/28/2025,INDR,2870,2870,2690,2700,53000
8/28/2025,INDS,234,234,232,232,36700
8/28/2025,INDX,94,94,91,92,2500900
8/28/2025,INDY,1340,1345,1325,1330,4111900
8/28/2025,INDYHDCJ6A,75,76,75,76,19900
8/28/2025,INDYZPCG6A,0,0,0,0,0
8/28/2025,INET,268,268,252,256,207651400
8/28/2025,INET-W,172,173,161,162,8262500
8/28/2025,INKP,8000,8175,7850,7975,10020000
8/28/2025,INKPBQCX5A,75,75,75,75,1000
8/28/2025,INKPDRCF6A,224,224,212,212,115100
8/28/2025,INKPZPCF6A,122,122,122,122,500
8/28/2025,INOV,107,110,104,108,5055100
8/28/2025,INPC,190,193,185,188,20670800
8/28/2025,INPP,780,790,760,790,37300
8/28/2025,INPS,116,117,116,117,120500
8/28/2025,INRU,765,775,765,765,26100
8/28/2025,INTA,26,26,26,26,14286800
8/28/2025,INTD,204,204,190,193,999100
8/28/2025,INTP,7000,7025,6800,6925,3566800
8/28/2025,INTPZPCG6A,0,0,0,0,0
8/28/2025,IOTF,112,113,108,109,107127200
8/28/2025,IPAC,135,143,130,138,128700
8/28/2025,IPCC,1100,1100,1080,1095,1658100
8/28/2025,IPCM,298,300,296,300,1159300
8/28/2025,IPOL,142,145,140,142,160300
8/28/2025,IPPE,0,0,0,0,0
8/28/2025,IPTV,43,44,43,44,30858300
8/28/2025,IRRA,436,442,434,438,1143600
8/28/2025,IRSX,0,0,0,0,0
8/28/2025,ISAP,24,24,20,24,247835200
8/28/2025,ISAP-W,19,20,13,16,316646600
8/28/2025,ISAT,2080,2080,2010,2020,14567700
8/28/2025,ISATBQCU5A,22,22,22,22,1500
8/28/2025,ISATDRCG6A,64,64,63,63,41300
8/28/2025,ISATDRCX5A,48,48,48,48,100
8/28/2025,ISATHDCJ6A,27,27,27,27,40000
8/28/2025,ISATHDCQ5A,0,0,0,0,0
8/28/2025,ISATZPCF6A,0,0,0,0,0
8/28/2025,ISEA,88,89,86,88,7305200
8/28/2025,ISSP,422,430,412,416,9301900
8/28/2025,ITIC,228,232,226,228,335000
8/28/2025,ITMA,910,910,850,855,73289900
8/28/2025,ITMG,22400,22475,22400,22425,667000
8/28/2025,ITMGHDCJ6A,160,160,160,160,1900
8/28/2025,ITMGZPCJ6A,0,0,0,0,0
8/28/2025,JARR,1550,1665,1400,1665,53664100
8/28/2025,JAST,114,114,108,109,9344500
8/28/2025,JATI,144,146,143,144,5014900
8/28/2025,JAWA,153,159,153,158,4178700
8/28/2025,JAYA,97,98,93,96,2435700
8/28/2025,JECC,1200,1480,1180,1355,2731400
8/28/2025,JGLE,15,17,15,17,190401800
8/28/2025,JIHD,750,765,725,740,1949300
8/28/2025,JKON,96,108,96,99,115388700
8/28/2025,JMAS,150,153,143,149,438200
8/28/2025,JPFA,1665,1665,1645,1650,14896900
8/28/2025,JPFABQCZ5A,0,0,0,0,0
8/28/2025,JPFADRCJ6A,38,38,38,38,200
8/28/2025,JPFAHDCZ5A,0,0,0,0,0
8/28/2025,JPFAZPCG6A,0,0,0,0,0
8/28/2025,JRPT,755,755,750,755,307600
8/28/2025,JSKY,0,0,0,0,0
8/28/2025,JSMR,3410,3440,3400,3400,3924300
8/28/2025,JSMRDRCK6A,0,0,0,0,0
8/28/2025,JSMRHDCH6A,0,0,0,0,0
8/28/2025,JSMRZPCG6A,0,0,0,0,0
8/28/2025,JSPT,4030,4070,4000,4010,6300
8/28/2025,JTPE,320,320,316,318,2964700
8/28/2025,KAEF,510,515,505,505,572800
8/28/2025,KAQI,77,78,70,73,37475400
8/28/2025,KARW,700,700,700,700,219400
8/28/2025,KAYU,0,0,0,0,0
8/28/2025,KBAG,40,40,40,40,33558200
8/28/2025,KBLI,380,380,376,378,93000
8/28/2025,KBLM,384,384,370,378,416700
8/28/2025,KBLV,240,246,214,226,185478100
8/28/2025,KBRI,0,0,0,0,0
8/28/2025,KDSI,476,476,464,476,11800
8/28/2025,KDTN,119,119,115,115,267800
8/28/2025,KEEN,815,815,795,800,2185500
8/28/2025,KEJU,645,645,615,625,3034800
8/28/2025,KETR,510,510,468,510,28380400
8/28/2025,KIAS,0,0,0,0,0
8/28/2025,KICI,151,151,141,142,3385300
8/28/2025,KIJA,214,214,206,212,255708100
8/28/2025,KING,206,208,202,206,821300
8/28/2025,KING-W,15,17,14,16,42499200
8/28/2025,KINO,1095,1190,1095,1115,189000
8/28/2025,KIOS,85,88,83,84,15866400
8/28/2025,KJEN,137,139,130,136,2735600
8/28/2025,KKES,42,42,42,42,14199000
8/28/2025,KKGI,336,340,334,334,1656800
8/28/2025,KLAS,139,140,135,135,3799500
8/28/2025,KLBF,1305,1315,1270,1270,64079300
8/28/2025,KLBFBQCV5A,17,17,17,17,100
8/28/2025,KLBFDRCG6A,28,28,27,27,97600
8/28/2025,KLBFZPCF6A,0,0,0,0,0
8/28/2025,KLBFZPCJ6A,35,35,35,35,1800
8/28/2025,KLIN,176,179,170,177,757400
8/28/2025,KMDS,650,660,635,650,185700
8/28/2025,KMTR,292,360,292,360,9130000
8/28/2025,KOBX,144,148,144,148,990400
8/28/2025,KOCI,65,66,64,64,8248500
8/28/2025,KOCI-W,18,18,15,16,31574500
8/28/2025,KOIN,69,69,68,69,46200
8/28/2025,KOKA,100,101,98,99,7086400
8/28/2025,KONI,1940,1950,1935,1950,65800
8/28/2025,KOPI,348,350,342,348,376900
8/28/2025,KOTA,26,26,25,25,22423300
8/28/2025,KPIG,202,202,191,194,63176500
8/28/2025,KRAS,298,300,274,292,57543100
8/28/2025,KREN,20,20,20,20,79027600
8/28/2025,KRYA,216,232,216,218,40111900
8/28/2025,KSIX,228,242,222,232,1416400
8/28/2025,KUAS,75,75,72,73,7913100
8/28/2025,LABA,0,0,0,0,0
8/28/2025,LABS,144,144,142,144,615600
8/28/2025,LAJU,67,70,67,70,72794400
8/28/2025,LAND,33,34,33,34,11597300
8/28/2025,LAPD,82,99,82,99,28862200
8/28/2025,LCGP,0,0,0,0,0
8/28/2025,LCKM,214,218,204,210,14000
8/28/2025,LEAD,85,86,83,84,18030500
8/28/2025,LFLO,264,266,242,256,36000
8/28/2025,LIFE,0,0,0,0,0
8/28/2025,LINK,3450,3790,3450,3770,151800
8/28/2025,LION,362,364,354,362,16800
8/28/2025,LIVE,182,183,180,183,9805300
8/28/2025,LMAS,0,0,0,0,0
8/28/2025,LMAX,92,93,84,89,6717300
8/28/2025,LMPI,142,149,140,144,353100
8/28/2025,LMSH,0,0,0,0,0
8/28/2025,LOPI,59,59,57,58,6707500
8/28/2025,LPCK,665,665,645,655,892800
8/28/2025,LPGI,458,464,444,454,57200
8/28/2025,LPIN,428,438,428,428,117800
8/28/2025,LPKR,110,116,105,107,756986800
8/28/2025,LPLI,354,354,328,334,2154100
8/28/2025,LPPF,1610,1615,1595,1615,1996100
8/28/2025,LPPS,94,94,88,93,27668200
8/28/2025,LRNA,185,186,175,184,1707600
8/28/2025,LSIP,1395,1395,1365,1380,6396400
8/28/2025,LSIPDRCK6A,51,52,51,52,11600
8/28/2025,LSIPHDCJ6A,0,0,0,0,0
8/28/2025,LSIPYUCZ5A,74,74,74,74,100
8/28/2025,LSIPZPCG6A,0,0,0,0,0
8/28/2025,LTLS,850,860,845,855,224500
8/28/2025,LUCK,88,88,85,86,6278700
8/28/2025,LUCY,86,93,86,93,1571600
8/28/2025,MABA,0,0,0,0,0
8/28/2025,MAGP,0,0,0,0,0
8/28/2025,MAHA,142,143,135,141,5114200
8/28/2025,MAIN,655,665,645,655,3148900
8/28/2025,MANG,43,44,40,44,24048600
8/28/2025,MANG-W,29,30,27,27,343000
8/28/2025,MAPA,640,650,635,645,9527600
8/28/2025,MAPABQCZ5A,0,0,0,0,0
8/28/2025,MAPADRCJ6A,0,0,0,0,0
8/28/2025,MAPAHDCZ5A,0,0,0,0,0
8/28/2025,MAPAZPCH6A,0,0,0,0,0
8/28/2025,MAPB,1690,1690,1650,1680,1500
8/28/2025,MAPI,1250,1260,1235,1250,19477100
8/28/2025,MAPIBQCV5A,9,9,8,8,428800
8/28/2025,MAPIDRCX5A,27,27,26,26,10000
8/28/2025,MAPIZPCJ6A,0,0,0,0,0
8/28/2025,MARI,31,31,31,31,7875200
8/28/2025,MARK,655,660,650,655,9372800
8/28/2025,MASA,0,0,0,0,0
8/28/2025,MASB,3210,3300,3210,3300,600
8/28/2025,MAXI,53,58,51,54,159436400
8/28/2025,MAYA,226,230,224,228,5516600
8/28/2025,MBAP,1660,1665,1650,1660,111100
8/28/2025,MBMA,440,454,434,436,523665200
8/28/2025,MBMABQCX5A,21,23,19,19,26036800
8/28/2025,MBMADRCX5A,32,34,30,30,4714400
8/28/2025,MBMADRPX5A,22,22,22,22,200000
8/28/2025,MBMAHDCH6A,72,73,69,69,3010100
8/28/2025,MBMAZPCX5A,60,62,58,59,4136800
8/28/2025,MBSS,1545,1545,1495,1510,2290500
8/28/2025,MBTO,134,141,133,134,6363700
8/28/2025,MCAS,910,925,895,900,150300
8/28/2025,MCOL,3760,3820,3750,3820,57600
8/28/2025,MCOR,78,79,77,78,9362800
8/28/2025,MDIA,32,32,31,31,2147000
8/28/2025,MDIY,1235,1240,1190,1190,1631700
8/28/2025,MDKA,2450,2540,2450,2510,102896400
8/28/2025,MDKABQCV5A,125,130,119,122,417300
8/28/2025,MDKABQCX5B,51,52,48,48,488200
8/28/2025,MDKADRCK6A,87,87,84,87,231800
8/28/2025,MDKADRCV5A,96,102,96,100,107800
8/28/2025,MDKADRPX5A,31,31,30,30,2000
8/28/2025,MDKAHDCU5A,0,0,0,0,0
8/28/2025,MDKAHDCZ5A,147,156,147,152,1157000
8/28/2025,MDKAZPCF6A,84,86,83,83,1550800
8/28/2025,MDKI,170,171,167,170,605200
8/28/2025,MDLA,256,268,254,258,16580000
8/28/2025,MDLN,78,80,74,76,88541100
8/28/2025,MDRN,22,22,22,22,7050200
8/28/2025,MEDC,1215,1220,1190,1195,20376200
8/28/2025,MEDCBQCV5A,46,47,42,44,8046600
8/28/2025,MEDCBQCX5B,0,0,0,0,0
8/28/2025,MEDCBQCZ5A,0,0,0,0,0
8/28/2025,MEDCDRCG6A,31,31,31,31,24000
8/28/2025,MEDCDRPV5A,32,32,32,32,200
8/28/2025,MEDCHDCH6A,0,0,0,0,0
8/28/2025,MEDCHDCQ5A,0,0,0,0,0
8/28/2025,MEDCZPCF6A,0,0,0,0,0
8/28/2025,MEDS,53,61,52,56,167891500
8/28/2025,MEGA,3490,3490,3420,3470,32100
8/28/2025,MEJA,69,69,69,69,16683600
8/28/2025,MEJA-W,17,24,16,24,94825800
8/28/2025,MENN,63,63,63,63,13902800
8/28/2025,MERI,264,266,258,258,4736800
8/28/2025,MERK,2810,2840,2800,2830,9100
8/28/2025,META,0,0,0,0,0
8/28/2025,MFIN,1320,1320,1190,1225,1332100
8/28/2025,MFMI,0,0,0,0,0
8/28/2025,MGLV,0,0,0,0,0
8/28/2025,MGNA,36,37,36,37,600400
8/28/2025,MGNA-W,23,23,23,23,21100
8/28/2025,MGRO,710,730,700,715,5621900
8/28/2025,MHKI,144,179,139,160,363789900
8/28/2025,MICE,492,492,488,492,31700
8/28/2025,MIDI,462,466,456,458,9247100
8/28/2025,MIKA,2320,2340,2250,2280,6617200
8/28/2025,MIKAZPCG6A,0,0,0,0,0
8/28/2025,MINA,183,183,179,179,43006400
8/28/2025,MINE,560,565,535,545,7202900
8/28/2025,MIRA,68,68,68,68,11941000
8/28/2025,MITI,270,318,268,282,64830800
8/28/2025,MKAP,360,360,358,360,138300
8/28/2025,MKNT,0,0,0,0,0
8/28/2025,MKPI,25400,25500,24700,25200,14400
8/28/2025,MKTR,107,107,104,106,2285800
8/28/2025,MKTR-W,8,10,8,10,13534400
8/28/2025,MLBI,6000,6000,5925,5950,77400
8/28/2025,MLIA,348,356,346,354,5836800
8/28/2025,MLPL,148,156,148,151,228896500
8/28/2025,MLPT,0,0,0,0,0
8/28/2025,MMIX,268,278,260,278,10636200
8/28/2025,MMLP,555,555,545,550,5744800
8/28/2025,MNCN,260,264,258,262,22284700
8/28/2025,MOLI,210,210,206,210,160000
8/28/2025,MORA,450,480,450,476,841300
8/28/2025,MPIX,75,76,70,73,52845100
8/28/2025,MPIX-W,13,13,11,12,7333500
8/28/2025,MPMX,960,965,955,960,2131500
8/28/2025,MPOW,123,125,122,123,2020100
8/28/2025,MPPA,76,78,75,76,66209600
8/28/2025,MPRO,4050,4050,3930,4000,217000
8/28/2025,MPXL,148,148,126,130,97267500
8/28/2025,MRAT,238,240,232,234,2187300
8/28/2025,MREI,970,970,925,950,312000
8/28/2025,MSIE,41,44,40,44,10810000
8/28/2025,MSIN,505,585,494,565,69245700
8/28/2025,MSJA,310,310,302,304,3637100
8/28/2025,MSKY,89,92,85,90,30030400
8/28/2025,MSTI,1620,1650,1610,1620,3055800
8/28/2025,MTDL,615,620,600,610,11258400
8/28/2025,MTEL,615,620,600,610,8594700
8/28/2025,MTELDRCK6A,22,22,22,22,40000
8/28/2025,MTFN,15,15,15,15,63045200
8/28/2025,MTLA,458,460,450,456,46500
8/28/2025,MTMH,960,1200,955,1095,784100
8/28/2025,MTPS,53,53,50,50,1302900
8/28/2025,MTRA,0,0,0,0,0
8/28/2025,MTSM,0,0,0,0,0
8/28/2025,MTWI,384,384,370,380,323300
8/28/2025,MUTU,92,94,91,92,9451300
8/28/2025,MYOH,1695,1695,1675,1685,58200
8/28/2025,MYOR,2150,2200,2140,2150,3841700
8/28/2025,MYORDRCK6A,72,73,72,73,20000
8/28/2025,MYORZPCH6A,0,0,0,0,0
8/28/2025,MYTX,0,0,0,0,0
8/28/2025,NAIK,155,157,152,153,28126100
8/28/2025,NAIK-W,27,28,26,27,16296200
8/28/2025,NANO,47,48,46,48,29798500
8/28/2025,NASA,33,33,32,32,13960100
8/28/2025,NASI,93,108,87,90,108801700
8/28/2025,NATO,132,142,132,140,489900
8/28/2025,NAYZ,90,90,75,75,42983600
8/28/2025,NCKL,1030,1095,1015,1095,171108600
8/28/2025,NCKLDRCK6A,43,50,43,50,1520300
8/28/2025,NCKLYUCZ5A,93,103,93,103,2346400
8/28/2025,NCKLZPCJ6A,60,68,60,67,1356600
8/28/2025,NELY,350,352,346,350,230900
8/28/2025,NEST,268,272,262,266,8101000
8/28/2025,NETV,135,138,134,136,2258700
8/28/2025,NFCX,1785,1850,1735,1850,105600
8/28/2025,NICE,458,460,440,440,12709700
8/28/2025,NICK,1305,1530,1305,1365,121100
8/28/2025,NICL,1080,1090,1070,1090,4247000
8/28/2025,NIKL,234,236,232,236,924400
8/28/2025,NINE,284,310,284,310,37158900
8/28/2025,NIRO,120,121,120,121,20600
8/28/2025,NISP,1400,1405,1385,1400,3202700
8/28/2025,NOBU,570,600,555,590,11474700
8/28/2025,NPGF,57,69,56,60,219899000
8/28/2025,NRCA,1100,1170,945,960,51965100
8/28/2025,NSSS,420,426,420,422,9259900
8/28/2025,NTBK,53,58,53,55,181988200
8/28/2025,NUSA,0,0,0,0,0
8/28/2025,NZIA,103,105,101,104,1118800
8/28/2025,OASA,252,270,240,248,149634000
8/28/2025,OBAT,466,480,456,462,8284200
8/28/2025,OBAT-W,109,111,100,108,1979200
8/28/2025,OBMD,292,312,292,312,13808400
8/28/2025,OCAP,0,0,0,0,0
8/28/2025,OILS,143,159,142,147,15073400
8/28/2025,OKAS,304,306,278,294,15735900
8/28/2025,OLIV,46,46,46,46,11552100
8/28/2025,OMED,187,190,185,189,392400
8/28/2025,OMRE,0,0,0,0,0
8/28/2025,OPMS,87,89,85,88,4914100
8/28/2025,PACK,2600,2630,2460,2500,6614600
8/28/2025,PADA,50,50,50,50,20049200
8/28/2025,PADI,84,84,80,84,34172700
8/28/2025,PALM,384,472,384,442,12085900
8/28/2025,PAMG,83,83,78,82,38092600
8/28/2025,PANI,15025,15275,14975,15175,5682700
8/28/2025,PANIBQCZ5A,76,78,76,78,12630000
8/28/2025,PANIHDCJ6A,145,146,143,146,17800
8/28/2025,PANIHDCZ5A,210,210,210,210,500
8/28/2025,PANIZPCJ6A,87,89,86,88,11214700
8/28/2025,PANR,780,810,780,805,12626000
8/28/2025,PANS,1400,1415,1395,1400,224000
8/28/2025,PART,128,131,126,128,29487500
8/28/2025,PART-W,26,28,25,26,9183400
8/28/2025,PBID,492,496,480,488,686300
8/28/2025,PBRX,32,33,32,33,81821400
8/28/2025,PBSA,705,845,690,820,21171700
8/28/2025,PCAR,37,39,37,39,3390600
8/28/2025,PDES,505,510,505,505,800
8/28/2025,PDPP,505,505,490,498,63600
8/28/2025,PEGE,116,117,112,114,3260100
8/28/2025,PEHA,340,340,332,336,93100
8/28/2025,PEVE,458,458,450,458,193600
8/28/2025,PGAS,1670,1725,1670,1715,51571700
8/28/2025,PGASBQCU5A,110,110,108,108,600
8/28/2025,PGASBQCZ5A,65,65,64,64,800
8/28/2025,PGASDRCG6A,70,71,70,71,1200
8/28/2025,PGASZPCJ6A,0,0,0,0,0
8/28/2025,PGEO,1540,1555,1510,1515,48586400
8/28/2025,PGEOBQCX5B,43,45,42,43,112300
8/28/2025,PGEODRCJ6A,51,54,51,54,243400
8/28/2025,PGEODRPV5A,22,24,22,24,1100
8/28/2025,PGEOHDCH6A,0,0,0,0,0
8/28/2025,PGEOHDCH6B,0,0,0,0,0
8/28/2025,PGEOZPCJ6A,65,65,65,65,8000
8/28/2025,PGJO,0,0,0,0,0
8/28/2025,PGLI,181,182,165,171,784900
8/28/2025,PGUN,2470,2470,2470,2470,127800
8/28/2025,PICO,156,159,148,152,5382400
8/28/2025,PIPA,110,114,110,114,40785600
8/28/2025,PJAA,505,530,500,520,507500
8/28/2025,PKPK,575,595,575,590,49400
8/28/2025,PLAN,46,47,44,47,5170100
8/28/2025,PLAS,0,0,0,0,0
8/28/2025,PLIN,0,0,0,0,0
8/28/2025,PMJS,116,120,116,119,882200
8/28/2025,PMMP,0,0,0,0,0
8/28/2025,PMUI,132,136,125,130,14088700
8/28/2025,PNBN,1170,1185,1165,1180,3439500
8/28/2025,PNBS,54,61,54,58,359137400
8/28/2025,PNGO,2490,2490,2440,2470,10600
8/28/2025,PNIN,875,885,860,875,2300900
8/28/2025,PNLF,268,272,264,270,131796400
8/28/2025,PNLFDRCJ6A,17,18,17,18,40100
8/28/2025,PNLFHDCZ5A,60,60,60,60,100
8/28/2025,PNLFYUCV5A,0,0,0,0,0
8/28/2025,PNLFZPCH6A,0,0,0,0,0
8/28/2025,PNSE,760,765,740,755,13300
8/28/2025,POLA,29,29,29,29,1121800
8/28/2025,POLI,745,745,740,740,2200
8/28/2025,POLL,0,0,0,0,0
8/28/2025,POLU,6700,6725,6350,6450,49900
8/28/2025,POLY,24,24,24,24,1217300
8/28/2025,POOL,0,0,0,0,0
8/28/2025,PORT,950,970,930,950,38100
8/28/2025,POSA,0,0,0,0,0
8/28/2025,POWR,705,715,685,705,6480800
8/28/2025,PPGL,104,105,102,104,172700
8/28/2025,PPRE,103,107,100,102,20378800
8/28/2025,PPRI,280,290,268,268,46270600
8/28/2025,PPRO,0,0,0,0,0
8/28/2025,PRAY,625,750,625,735,396500
8/28/2025,PRDA,2730,2750,2720,2730,93000
8/28/2025,PRIM,97,104,95,97,58766700
8/28/2025,PSAB,440,550,440,550,795158300
8/28/2025,PSAT,1580,1635,1555,1560,1980700
8/28/2025,PSDN,90,94,90,92,1674600
8/28/2025,PSGO,208,210,202,206,1572100
8/28/2025,PSKT,121,122,121,121,15353500
8/28/2025,PSSI,360,360,346,348,319600
8/28/2025,PTBA,2460,2460,2420,2430,7643700
8/28/2025,PTBABQCV5A,0,0,0,0,0
8/28/2025,PTBADRCG6A,29,32,28,32,300
8/28/2025,PTBAHDCQ5A,0,0,0,0,0
8/28/2025,PTBAYUCZ5A,105,105,105,105,100
8/28/2025,PTBAZPCH6A,0,0,0,0,0
8/28/2025,PTDU,0,0,0,0,0
8/28/2025,PTIS,390,414,390,404,126600
8/28/2025,PTMP,111,112,105,105,29613800
8/28/2025,PTMR,0,0,0,0,0
8/28/2025,PTPP,400,404,396,400,24016200
8/28/2025,PTPS,182,192,168,178,61480600
8/28/2025,PTPW,975,975,965,965,27200
8/28/2025,PTRO,4000,4020,3880,3910,39927800
8/28/2025,PTSN,368,394,360,388,3129200
8/28/2025,PTSP,980,1000,980,980,102600
8/28/2025,PUDP,220,236,220,222,42700
8/28/2025,PURA,26,26,26,26,51669800
8/28/2025,PURE,0,0,0,0,0
8/28/2025,PURI,192,192,186,190,200400
8/28/2025,PWON,384,384,376,378,115160900
8/28/2025,PWONHDCZ5A,0,0,0,0,0
8/28/2025,PWONZPCH6A,0,0,0,0,0
8/28/2025,PYFA,700,700,585,585,49474300
8/28/2025,PYFA-W,97,104,97,101,1741600
8/28/2025,PZZA,214,222,212,218,5010400
8/28/2025,R-ABFII,0,0,0,0,0
8/28/2025,R-LQ45X,1055,1055,990,990,500
8/28/2025,RAAM,282,286,278,284,16247000
8/28/2025,RAFI,0,0,0,0,0
8/28/2025,RAJA,2740,2800,2730,2730,14858100
8/28/2025,RALS,396,396,390,394,4927500
8/28/2025,RANC,418,424,416,416,5200
8/28/2025,RATU,6575,6600,6325,6375,7782700
8/28/2025,RBMS,37,39,37,38,7472300
8/28/2025,RCCC,173,179,165,176,202800
8/28/2025,RDTX,12000,12400,11975,12000,2400
8/28/2025,REAL,43,43,42,42,3843100
8/28/2025,RELF,42,46,40,46,61818400
8/28/2025,RELI,730,730,655,690,319800
8/28/2025,RGAS,104,107,104,107,16894600
8/28/2025,RICY,45,45,45,45,76800
8/28/2025,RIGS,750,775,750,760,296300
8/28/2025,RIMO,0,0,0,0,0
8/28/2025,RISE,1055,1055,1050,1055,625600
8/28/2025,RMKE,815,865,805,865,5846000
8/28/2025,RMKO,108,116,106,110,1391500
8/28/2025,ROCK,575,575,575,575,51800
8/28/2025,RODA,43,43,43,43,429900
8/28/2025,RONY,0,0,0,0,0
8/28/2025,ROTI,800,800,790,800,770700
8/28/2025,RSCH,376,380,370,370,1213500
8/28/2025,RSGK,0,0,0,0,0
8/28/2025,RUIS,228,230,218,226,1671500
8/28/2025,RUNS,90,96,88,96,2238200
8/28/2025,SAFE,185,200,185,189,1451500
8/28/2025,SAGE,37,37,35,35,27664400
8/28/2025,SAME,362,364,346,350,5501200
8/28/2025,SAMF,332,338,332,336,133000
8/28/2025,SAPX,324,324,310,310,1131300
8/28/2025,SATU,234,236,234,236,3911100
8/28/2025,SBAT,0,0,0,0,0
8/28/2025,SBMA,137,138,134,135,1527100
8/28/2025,SCCO,2310,2380,2290,2350,120000
8/28/2025,SCMA,336,342,330,340,137148200
8/28/2025,SCMABQCZ5A,157,158,157,158,400
8/28/2025,SCMADRCK6A,113,116,113,116,200
8/28/2025,SCMAHDCZ5A,330,330,330,330,100
8/28/2025,SCMAZPCG6A,185,185,185,185,100
8/28/2025,SCNP,190,190,178,187,10400
8/28/2025,SCPI,0,0,0,0,0
8/28/2025,SDMU,46,46,46,46,3571800
8/28/2025,SDPC,132,138,132,136,1084800
8/28/2025,SDRA,308,310,306,308,159100
8/28/2025,SEMA,93,94,91,93,2165200
8/28/2025,SFAN,1920,1925,1920,1920,104800
8/28/2025,SGER,346,346,332,344,60539200
8/28/2025,SGRO,4600,4600,4200,4330,6938800
8/28/2025,SHID,900,915,900,900,18300
8/28/2025,SHIP,4610,4650,4300,4510,267800
8/28/2025,SICO,124,130,120,125,9527600
8/28/2025,SIDO,530,535,525,530,9421000
8/28/2025,SIDODRCK6A,31,31,31,31,1200
8/28/2025,SILO,2130,2150,2120,2150,668300
8/28/2025,SIMA,0,0,0,0,0
8/28/2025,SIMP,630,640,625,640,13443100
8/28/2025,SINI,3500,3640,3500,3640,23900
8/28/2025,SIPD,720,720,720,720,2600
8/28/2025,SKBM,360,366,358,358,21600
8/28/2025,SKLT,191,194,191,193,86600
8/28/2025,SKRN,408,412,400,406,504300
8/28/2025,SKYB,0,0,0,0,0
8/28/2025,SLIS,70,72,68,69,30262500
8/28/2025,SLIS-W,12,12,11,12,2373900
8/28/2025,SMAR,6100,6500,5975,6175,912000
8/28/2025,SMBR,318,320,310,310,17062000
8/28/2025,SMCB,0,0,0,0,0
8/28/2025,SMDM,880,930,855,875,552300
8/28/2025,SMDR,350,356,338,344,52478600
8/28/2025,SMGA,110,110,106,108,46435900
8/28/2025,SMGR,2740,2770,2720,2730,2544000
8/28/2025,SMGRBQCU5A,3,5,2,4,5796000
8/28/2025,SMGRBQCX5B,68,69,66,67,1071900
8/28/2025,SMGRBQCZ5A,0,0,0,0,0
8/28/2025,SMGRDRCV5A,0,0,0,0,0
8/28/2025,SMGRHDCZ5A,0,0,0,0,0
8/28/2025,SMGRZPCJ6A,57,57,57,57,8600
8/28/2025,SMIL,498,505,490,496,207643900
8/28/2025,SMKL,166,167,163,166,199700
8/28/2025,SMKM,141,141,117,141,136755900
8/28/2025,SMLE,156,159,151,154,3242200
8/28/2025,SMMA,15550,15800,15175,15475,68500
8/28/2025,SMMT,1145,1175,1075,1090,582400
8/28/2025,SMRA,466,476,466,468,36920300
8/28/2025,SMRADRCJ6A,37,39,37,38,4888200
8/28/2025,SMRAHDCZ5A,0,0,0,0,0
8/28/2025,SMRAZPCH6A,70,72,69,71,106700
8/28/2025,SMRU,0,0,0,0,0
8/28/2025,SMSM,1950,1965,1920,1920,260300
8/28/2025,SNLK,480,500,462,496,12626400
8/28/2025,SOCI,193,196,187,195,12583500
8/28/2025,SOFA,48,49,46,49,16828200
8/28/2025,SOHO,745,770,715,755,317100
8/28/2025,SOLA,180,182,176,181,223260000
8/28/2025,SONA,3780,3900,3700,3730,33700
8/28/2025,SOSS,705,720,650,670,247000
8/28/2025,SOTS,264,268,258,266,21800
8/28/2025,SOUL,85,87,77,78,8871700
8/28/2025,SPMA,290,298,290,296,529100
8/28/2025,SPRE,87,87,83,84,7049500
8/28/2025,SPTO,675,690,675,680,775400
8/28/2025,SQMI,0,0,0,0,0
8/28/2025,SRAJ,7100,7525,7025,7475,2013800
8/28/2025,SRIL,0,0,0,0,0
8/28/2025,SRSN,65,65,63,64,14568300
8/28/2025,SRTG,2000,2030,1890,1900,23477600
8/28/2025,SRTGDRCK6A,108,108,102,102,16900
8/28/2025,SRTGZPCG6A,114,114,103,103,20355500
8/28/2025,SSIA,2430,2490,2390,2420,41616600
8/28/2025,SSMS,1485,1525,1460,1505,9588100
8/28/2025,SSTM,268,316,250,262,1142400
8/28/2025,STAA,1010,1040,1005,1025,11410300
8/28/2025,STAR,39,39,39,39,452100
8/28/2025,STRK,181,196,180,192,81751700
8/28/2025,STTP,10450,10450,10300,10300,4600
8/28/2025,SUGI,0,0,0,0,0
8/28/2025,SULI,107,108,105,108,323400
8/28/2025,SUNI,780,795,775,795,861200
8/28/2025,SUPR,0,0,0,0,0
8/28/2025,SURE,3110,3110,3010,3040,13100
8/28/2025,SURI,133,133,123,126,491176900
8/28/2025,SWAT,0,0,0,0,0
8/28/2025,SWID,101,101,98,100,1829100
8/28/2025,TALF,334,412,320,390,1743500
8/28/2025,TAMA,32,32,32,32,2080200
8/28/2025,TAMU,27,27,27,27,25466400
8/28/2025,TAPG,1410,1430,1405,1425,14246000
8/28/2025,TAPGDRCJ6A,67,68,67,68,44900
8/28/2025,TAPGHDCH6A,0,0,0,0,0
8/28/2025,TAPGZPCH6A,87,87,87,87,4100
8/28/2025,TARA,22,22,22,22,5226300
8/28/2025,TAXI,17,17,17,17,24849100
8/28/2025,TAYS,64,66,61,63,12309300
8/28/2025,TBIG,1945,1945,1920,1935,359000
8/28/2025,TBLA,750,760,750,760,1859700
8/28/2025,TBMS,1035,1035,1020,1035,46400
8/28/2025,TCID,2480,2490,2430,2490,1100
8/28/2025,TCPI,5825,5825,5725,5725,9597600
8/28/2025,TDPM,0,0,0,0,0
8/28/2025,TEBE,1465,1750,1430,1750,47854900
8/28/2025,TECH,0,0,0,0,0
8/28/2025,TELE,0,0,0,0,0
8/28/2025,TFAS,135,136,132,135,135800
8/28/2025,TFCO,0,0,0,0,0
8/28/2025,TGKA,5900,5900,5875,5900,1300
8/28/2025,TGRA,0,0,0,0,0
8/28/2025,TGUK,0,0,0,0,0
8/28/2025,TIFA,418,422,400,416,139000
8/28/2025,TINS,1020,1040,1010,1015,19654400
8/28/2025,TIRA,2000,2000,1870,1965,6700
8/28/2025,TIRT,0,0,0,0,0
8/28/2025,TKIM,7275,7375,7175,7250,1954300
8/28/2025,TKIMHDCJ6A,78,78,78,78,14100
8/28/2025,TKIMZPCG6A,106,109,106,109,1705900
8/28/2025,TLDN,700,705,695,700,1387800
8/28/2025,TLKM,3160,3220,3150,3180,55940600
8/28/2025,TLKMBQCQ5A,0,0,0,0,0
8/28/2025,TLKMBQCV5A,0,0,0,0,0
8/28/2025,TLKMDRCJ6A,84,85,83,85,12100
8/28/2025,TLKMDRCX6A,0,0,0,0,0
8/28/2025,TLKMHDCJ6A,0,0,0,0,0
8/28/2025,TLKMHDCV5A,300,306,300,306,300
8/28/2025,TLKMZPCF6A,104,106,103,106,1500
8/28/2025,TMAS,136,137,134,136,3910900
8/28/2025,TMPO,147,148,145,145,1602300
8/28/2025,TNCA,195,199,194,198,1301900
8/28/2025,TOBA,1320,1420,1280,1350,375513000
8/28/2025,TOOL,67,68,64,65,11128100
8/28/2025,TOPS,0,0,0,0,0
8/28/2025,TOSK,57,64,57,59,211805800
8/28/2025,TOTL,770,790,750,770,6558300
8/28/2025,TOTO,254,256,254,256,648900
8/28/2025,TOWR,655,655,640,645,26198500
8/28/2025,TOYS,0,0,0,0,0
8/28/2025,TPIA,8700,8700,8450,8450,5579200
8/28/2025,TPMA,595,595,590,595,2257500
8/28/2025,TRAM,0,0,0,0,0
8/28/2025,TRGU,194,194,176,192,2430700
8/28/2025,TRIL,0,0,0,0,0
8/28/2025,TRIM,362,376,362,370,2100000
8/28/2025,TRIN,102,102,99,101,1592300
8/28/2025,TRIN-W2,0,0,0,0,0
8/28/2025,TRIO,0,0,0,0,0
8/28/2025,TRIS,197,198,190,196,880900
8/28/2025,TRJA,137,141,136,140,666300
8/28/2025,TRON,100,100,98,99,3414100
8/28/2025,TRST,478,500,478,500,47600
8/28/2025,TRUE,42,42,42,42,6722900
8/28/2025,TRUK,197,208,172,206,6645800
8/28/2025,TRUS,480,480,474,480,59000
8/28/2025,TSPC,2290,2310,2290,2300,545800
8/28/2025,TUGU,975,980,965,970,1569600
8/28/2025,TYRE,129,129,125,128,137600
8/28/2025,UANG,725,725,725,725,1686400
8/28/2025,UCID,470,470,464,464,4482000
8/28/2025,UDNG,0,0,0,0,0
8/28/2025,UFOE,180,180,172,177,310400
8/28/2025,ULTJ,1290,1300,1285,1285,1709200
8/28/2025,UNIC,8050,8200,7900,8000,5200
8/28/2025,UNIQ,392,402,390,394,46507600
8/28/2025,UNIT,0,0,0,0,0
8/28/2025,UNSP,157,160,157,160,757500
8/28/2025,UNTD,83,84,81,83,11263500
8/28/2025,UNTR,25050,25225,24675,24675,2568100
8/28/2025,UNTRBQCV5A,0,0,0,0,0
8/28/2025,UNTRDRCG6A,139,139,136,136,7100
8/28/2025,UNTRZPCJ6A,0,0,0,0,0
8/28/2025,UNVR,1755,1760,1745,1750,13246200
8/28/2025,UNVRBQCQ5A,0,0,0,0,0
8/28/2025,UNVRBQCU5A,23,24,23,23,100100
8/28/2025,UNVRBQCZ5A,0,0,0,0,0
8/28/2025,UNVRDRCG6A,46,46,46,46,300
8/28/2025,UNVRHDCQ5A,0,0,0,0,0
8/28/2025,UNVRHDPG6A,0,0,0,0,0
8/28/2025,UNVRZPCH6A,0,0,0,0,0
8/28/2025,URBN,135,135,131,135,3900
8/28/2025,UVCR,79,79,76,77,15469200
8/28/2025,VAST,177,180,176,179,6320600
8/28/2025,VAST-W,14,14,13,14,1956700
8/28/2025,VERN,138,138,118,121,48885600
8/28/2025,VERN-W,5,8,4,6,118496800
8/28/2025,VICI,615,620,615,620,154200
8/28/2025,VICO,185,189,181,187,1122000
8/28/2025,VINS,128,130,123,129,109100
8/28/2025,VISI,132,134,131,132,4293400
8/28/2025,VIVA,21,23,21,23,28282400
8/28/2025,VKTR,119,123,118,119,32615800
8/28/2025,VOKS,202,252,202,252,5178300
8/28/2025,VRNA,96,97,91,92,4543300
8/28/2025,VTNY,110,111,105,109,19162100
8/28/2025,WAPO,175,218,172,212,116239600
8/28/2025,WEGE,64,65,63,64,15671800
8/28/2025,WEHA,118,121,117,121,2192800
8/28/2025,WGSH,162,174,160,171,3968800
8/28/2025,WICO,0,0,0,0,0
8/28/2025,WIDI,36,36,35,36,10930400
8/28/2025,WIFI,3060,3070,2850,2880,208341800
8/28/2025,WIIM,805,825,805,815,901900
8/28/2025,WIKA,0,0,0,0,0
8/28/2025,WINE,216,224,212,220,397400
8/28/2025,WINR,32,32,32,32,30599500
8/28/2025,WINS,418,420,412,412,11648500
8/28/2025,WIRG,197,214,188,197,1894112400
8/28/2025,WMPP,0,0,0,0,0
8/28/2025,WMUU,15,15,14,14,121615200
8/28/2025,WOMF,344,344,340,344,245000
8/28/2025,WOOD,358,372,358,362,1858500
8/28/2025,WOWS,114,114,104,104,29108700
8/28/2025,WSBP,26,26,26,26,552298600
8/28/2025,WSKT,0,0,0,0,0
8/28/2025,WTON,97,101,96,101,21382100
8/28/2025,XAQA,0,0,0,0,0
8/28/2025,XBES,1068,1068,1054,1054,11500
8/28/2025,XBID,519,519,519,519,40000
8/28/2025,XBIG,0,0,0,0,0
8/28/2025,XBIN,587,590,587,590,40100
8/28/2025,XBLQ,0,0,0,0,0
8/28/2025,XBNI,0,0,0,0,0
8/28/2025,XBSK,457,457,457,457,40000
8/28/2025,XCEG,110,111,110,111,700
8/28/2025,XCID,75,77,72,76,57100
8/28/2025,XCIS,92,105,92,100,14000
8/28/2025,XCLQ,97,98,88,96,297400
8/28/2025,XDIF,500,500,500,500,2000
8/28/2025,XIFE,105,112,105,112,12900
8/28/2025,XIHD,640,650,640,641,1300
8/28/2025,XIIC,0,0,0,0,0
8/28/2025,XIID,501,501,501,501,500
8/28/2025,XIIF,477,477,476,476,2000
8/28/2025,XIIT,525,525,521,521,400
8/28/2025,XIJI,623,625,620,625,10800
8/28/2025,XILV,125,144,105,129,26500
8/28/2025,XIML,241,260,241,251,1600
8/28/2025,XIPB,0,0,0,0,0
8/28/2025,XIPI,226,226,226,226,100
8/28/2025,XISB,0,0,0,0,0
8/28/2025,XISC,0,0,0,0,0
8/28/2025,XISI,0,0,0,0,0
8/28/2025,XISR,453,453,453,453,20100
8/28/2025,XKID,0,0,0,0,0
8/28/2025,XKIV,594,594,594,594,40100
8/28/2025,XKMS,1165,1168,1163,1163,200000
8/28/2025,XMGB,0,0,0,0,0
8/28/2025,XMIG,221,221,221,221,200000
8/28/2025,XMLF,895,895,895,895,41500
8/28/2025,XMSK,395,395,395,395,400
8/28/2025,XNVE,0,0,0,0,0
8/28/2025,XPDV,760,760,760,760,100
8/28/2025,XPFT,0,0,0,0,0
8/28/2025,XPIN,652,658,652,657,30700
8/28/2025,XPLQ,585,585,462,535,3500
8/28/2025,XPSG,0,0,0,0,0
8/28/2025,XPTD,476,476,476,476,1100
8/28/2025,XSBC,142,190,120,122,2739500
8/28/2025,XSPI,0,0,0,0,0
8/28/2025,XSSI,81,99,80,85,167900
8/28/2025,XSSK,709,709,709,709,20000
8/28/2025,YELO,66,68,66,68,48495600
8/28/2025,YOII,98,99,96,98,3873900
8/28/2025,YPAS,0,0,0,0,0
8/28/2025,YULE,2700,2880,2650,2770,7200
8/28/2025,YUPI,1685,1695,1680,1685,81400
8/28/2025,ZATA,20,20,20,20,11996600
8/28/2025,ZBRA,0,0,0,0,0
8/28/2025,ZINC,24,24,24,24,81950100
8/28/2025,ZONE,745,745,730,735,24500
8/28/2025,ZYRX,158,160,155,156,1699800
