<date>,<ticker>,<open>,<high>,<low>,<close>,<volume>
9/29/2025,IHSG,8139.580,8157.330,8100.020,8123.245,47869589200
9/29/2025,AADI,7675,7675,7375,7450,10796500
9/29/2025,AADIHDCK6A,91,91,83,85,128100
9/29/2025,AADIYUCK6A,284,284,282,284,12300
9/29/2025,AALI,8250,8250,8125,8175,2089500
9/29/2025,ABBA,54,55,54,55,5418500
9/29/2025,ABDA,2970,2970,2970,2970,100
9/29/2025,ABMM,2900,2910,2800,2880,1790400
9/29/2025,ACES,432,436,428,434,34463100
9/29/2025,ACESBQCV5A,9,9,8,9,6360400
9/29/2025,ACESBQCX5B,10,10,8,9,13076200
9/29/2025,ACESBQCZ5A,16,19,16,19,368400
9/29/2025,ACESDRCJ6A,13,13,12,12,10405900
9/29/2025,ACESHDCZ5A,27,27,27,27,37500
9/29/2025,ACESZPCJ6A,20,20,18,18,67000
9/29/2025,ACRO,82,86,81,83,18404600
9/29/2025,ACRO-W,14,15,13,14,27530000
9/29/2025,ACST,133,136,130,133,3990000
9/29/2025,ADCP,59,62,58,60,80797300
9/29/2025,ADES,13200,13600,13075,13325,65100
9/29/2025,ADHI,280,284,276,278,25081700
9/29/2025,ADMF,8925,9000,8925,9000,78900
9/29/2025,ADMG,138,142,137,141,1155300
9/29/2025,ADMR,1020,1085,1010,1070,70789500
9/29/2025,ADMRDRCJ6A,32,37,31,35,3668700
9/29/2025,ADMRHDCJ6A,0,0,0,0,0
9/29/2025,ADMRZPCH6A,50,56,48,56,29700
9/29/2025,ADRO,1700,1735,1695,1725,60551100
9/29/2025,ADROBQCG6A,68,68,68,68,10000
9/29/2025,ADROBQCZ5A,14,16,13,13,6677900
9/29/2025,ADRODRCJ6A,51,54,51,53,70500
9/29/2025,ADRODRCX5A,31,33,30,33,368800
9/29/2025,ADROHDCZ5A,45,48,45,48,24200
9/29/2025,ADROHDPH6A,0,0,0,0,0
9/29/2025,ADROYUCZ5A,56,60,56,58,300
9/29/2025,ADROZPCF6A,22,24,22,24,8600
9/29/2025,ADROZPCK6A,48,50,48,50,9000
9/29/2025,AEGS,49,52,46,48,30595200
9/29/2025,AGAR,244,250,240,242,49500
9/29/2025,AGII,800,810,795,800,801100
9/29/2025,AGRO,244,250,242,244,36454500
9/29/2025,AGRS,77,78,75,77,6348900
9/29/2025,AHAP,75,83,74,78,27645500
9/29/2025,AIMS,338,370,338,370,234800
9/29/2025,AISA,139,149,133,138,36384700
9/29/2025,AKKU,0,0,0,0,0
9/29/2025,AKPI,580,580,565,575,161200
9/29/2025,AKRA,1245,1250,1205,1215,15003300
9/29/2025,AKRABQCX5B,37,37,37,37,100
9/29/2025,AKRADRCX5A,31,32,31,32,27800
9/29/2025,AKRAHDCH6A,61,61,57,57,59200
9/29/2025,AKRAZPCJ6A,50,50,50,50,100
9/29/2025,AKRAZPCX5A,60,60,60,60,100
9/29/2025,AKSI,342,350,322,334,2948000
9/29/2025,ALDO,492,500,492,494,67500
9/29/2025,ALII,545,555,540,550,6079400
9/29/2025,ALKA,326,334,324,330,20600
9/29/2025,ALMI,0,0,0,0,0
9/29/2025,ALTO,0,0,0,0,0
9/29/2025,AMAG,360,364,356,362,40700
9/29/2025,AMAN,155,158,150,153,3047200
9/29/2025,AMAR,204,210,202,208,1670800
9/29/2025,AMFG,3320,3390,3300,3380,25700
9/29/2025,AMIN,254,254,240,244,1537600
9/29/2025,AMMN,7025,7125,6875,7025,20730000
9/29/2025,AMMNBQCZ5A,19,19,16,17,8327400
9/29/2025,AMMNDRCJ6A,47,47,43,44,10400
9/29/2025,AMMNHDCH6A,0,0,0,0,0
9/29/2025,AMMNZPCG6A,30,30,29,29,2397600
9/29/2025,AMMS,232,248,206,216,19723900
9/29/2025,AMOR,458,464,450,454,42600
9/29/2025,AMRT,1875,1900,1855,1880,39187000
9/29/2025,AMRTBQCU5A,0,0,0,0,0
9/29/2025,AMRTDRCZ5A,17,18,17,17,1138200
9/29/2025,AMRTHDCJ6A,11,13,11,12,454100
9/29/2025,AMRTZPCK6A,17,18,17,18,33400
9/29/2025,AMRTZPCX5A,20,21,19,21,1153800
9/29/2025,ANDI,34,36,32,32,36690800
9/29/2025,ANJT,2190,2280,2010,2080,3931800
9/29/2025,ANTM,3250,3330,3220,3300,148733800
9/29/2025,ANTMBQCX5A,64,73,64,70,676900
9/29/2025,ANTMBQCZ5A,720,735,720,735,1500
9/29/2025,ANTMDRCG6A,52,55,51,54,1274000
9/29/2025,ANTMDRCX5A,332,340,332,340,300
9/29/2025,ANTMDRPZ5A,37,37,34,34,45100
9/29/2025,ANTMHDCH6A,90,92,90,92,39900
9/29/2025,ANTMHDCH6B,138,144,137,142,2070700
9/29/2025,ANTMHDPH6A,65,66,65,66,19300
9/29/2025,ANTMZPCJ6A,80,87,80,82,1068400
9/29/2025,ANTMZPCK6A,34,37,34,36,1289800
9/29/2025,ANTMZPCX5A,230,230,230,230,200
9/29/2025,APEX,119,125,116,118,171104100
9/29/2025,APIC,1140,1155,1140,1150,4491100
9/29/2025,APII,181,183,179,183,37800
9/29/2025,APLI,470,470,464,470,8500
9/29/2025,APLN,103,104,101,103,17545900
9/29/2025,ARCI,1060,1140,1055,1110,141415100
9/29/2025,AREA,550,630,540,630,14162800
9/29/2025,ARGO,1100,1100,1085,1085,26800
9/29/2025,ARII,286,288,276,282,689700
9/29/2025,ARKA,35,35,34,34,24638200
9/29/2025,ARKO,1525,1680,1460,1620,1883000
9/29/2025,ARMY,0,0,0,0,0
9/29/2025,ARNA,545,545,530,540,1851000
9/29/2025,ARTA,3100,3160,3000,3030,4900
9/29/2025,ARTI,0,0,0,0,0
9/29/2025,ARTO,2150,2220,2100,2210,12241000
9/29/2025,ARTOBQCX5B,94,94,92,92,1000000
9/29/2025,ARTOBQCZ5A,20,22,18,20,7157800
9/29/2025,ARTODRCK6A,0,0,0,0,0
9/29/2025,ARTODRCX5A,51,54,51,54,200
9/29/2025,ARTOHDCZ5A,0,0,0,0,0
9/29/2025,ARTOZPCK6A,46,50,44,49,5185100
9/29/2025,ARTOZPCX5A,51,53,51,53,5000000
9/29/2025,ASBI,440,442,432,442,9800
9/29/2025,ASDM,555,555,540,540,6100
9/29/2025,ASGR,1170,1200,1165,1170,276100
9/29/2025,ASHA,65,79,65,79,67460300
9/29/2025,ASII,5875,5900,5750,5775,20892700
9/29/2025,ASIIBQCZ5A,0,0,0,0,0
9/29/2025,ASIIDRCX5A,0,0,0,0,0
9/29/2025,ASIIDRCX6A,0,0,0,0,0
9/29/2025,ASIIHDCZ5A,174,174,174,174,10000
9/29/2025,ASIIZPCJ6A,127,127,127,127,100
9/29/2025,ASJT,115,122,112,117,774900
9/29/2025,ASLC,85,90,84,88,99692900
9/29/2025,ASLI,0,0,0,0,0
9/29/2025,ASMI,42,44,37,37,12539700
9/29/2025,ASPI,580,580,580,580,2723100
9/29/2025,ASPR,101,103,98,99,8185900
9/29/2025,ASRI,174,180,174,176,48595900
9/29/2025,ASRM,290,300,282,298,596900
9/29/2025,ASSA,870,875,855,865,3868600
9/29/2025,ATAP,65,65,64,64,666500
9/29/2025,ATIC,436,440,426,428,223500
9/29/2025,ATLA,68,70,67,69,140274200
9/29/2025,AUTO,2330,2340,2310,2320,1046300
9/29/2025,AUTOZPCJ6A,0,0,0,0,0
9/29/2025,AVIA,418,418,406,408,9756800
9/29/2025,AVIAZPCJ6A,22,22,12,15,1733200
9/29/2025,AWAN,254,256,250,256,17791400
9/29/2025,AXIO,130,133,130,131,1654400
9/29/2025,AYAM,175,176,172,175,128640200
9/29/2025,AYLS,109,111,107,109,2319300
9/29/2025,BABP,58,60,57,58,31075900
9/29/2025,BABY,302,304,296,304,11746800
9/29/2025,BACA,136,138,135,138,1032200
9/29/2025,BAIK,97,99,97,99,1373200
9/29/2025,BAIK-W,13,14,12,13,13603400
9/29/2025,BAJA,135,135,132,134,1085600
9/29/2025,BALI,1290,1360,1270,1350,265000
9/29/2025,BANK,810,820,805,820,7150500
9/29/2025,BANK-W,0,0,0,0,0
9/29/2025,BAPA,77,80,76,78,3312000
9/29/2025,BAPI,31,31,31,31,11890300
9/29/2025,BATA,55,55,53,54,285200
9/29/2025,BATR,102,107,99,102,6414900
9/29/2025,BAUT,45,45,45,45,16050300
9/29/2025,BAYU,1305,1330,1300,1325,394700
9/29/2025,BBCA,7750,7800,7700,7775,116454700
9/29/2025,BBCABQCG6A,73,73,73,73,7600
9/29/2025,BBCABQCV5A,23,25,19,20,10839900
9/29/2025,BBCABQCX5A,24,24,17,20,10389900
9/29/2025,BBCADRCF6A,30,31,30,31,396200
9/29/2025,BBCADRCX6A,3480,3480,3480,3480,8700
9/29/2025,BBCAHDCQ7A,52,52,52,52,20000
9/29/2025,BBCAHDCV5A,18,19,18,19,48000
9/29/2025,BBCAYUCK6A,175,176,173,175,15000
9/29/2025,BBCAZPCF6A,20,20,18,19,23750900
9/29/2025,BBCAZPCH6A,69,70,69,70,300
9/29/2025,BBHI,1500,1510,1475,1480,731100
9/29/2025,BBKP,75,79,75,78,229991200
9/29/2025,BBLD,905,935,885,930,45600
9/29/2025,BBMD,2090,2130,2090,2090,3700
9/29/2025,BBNI,4160,4170,4110,4170,41037000
9/29/2025,BBNIBQCG6A,49,49,47,48,12200
9/29/2025,BBNIBQCV5A,22,22,17,19,1011600
9/29/2025,BBNIDRCX6A,0,0,0,0,0
9/29/2025,BBNIDRCZ5A,43,44,43,43,237700
9/29/2025,BBNIDRPZ5A,69,69,69,69,15000
9/29/2025,BBNIHDCQ7A,77,77,77,77,100
9/29/2025,BBNIYUCV5A,24,24,22,22,476300
9/29/2025,BBNIZPCH6A,0,0,0,0,0
9/29/2025,BBNIZPCX5A,0,0,0,0,0
9/29/2025,BBRI,4040,4040,3960,3980,126611800
9/29/2025,BBRIBQCJ6A,61,61,61,61,17500
9/29/2025,BBRIBQCZ5A,64,64,63,63,3000
9/29/2025,BBRIDRCX5A,133,133,127,132,77300
9/29/2025,BBRIDRCX6A,0,0,0,0,0
9/29/2025,BBRIDRPZ5A,52,52,52,52,11500
9/29/2025,BBRIHDCH6A,0,0,0,0,0
9/29/2025,BBRIHDCQ7A,90,90,90,90,2600
9/29/2025,BBRIYUCV5A,0,0,0,0,0
9/29/2025,BBRIZPCH6A,0,0,0,0,0
9/29/2025,BBRIZPCX5A,0,0,0,0,0
9/29/2025,BBRM,84,85,83,85,2898100
9/29/2025,BBSI,5150,5200,4700,4790,183700
9/29/2025,BBSS,334,342,330,334,153300
9/29/2025,BBTN,1300,1310,1285,1290,13469300
9/29/2025,BBTNHDCZ5A,0,0,0,0,0
9/29/2025,BBTNYUCZ5A,75,75,74,74,8300
9/29/2025,BBTNZPCG6A,50,50,49,49,81800
9/29/2025,BBYB,338,344,326,338,126602300
9/29/2025,BCAP,68,71,67,71,61006100
9/29/2025,BCIC,0,0,0,0,0
9/29/2025,BCIP,129,131,123,126,36240000
9/29/2025,BDKR,162,165,160,163,19634200
9/29/2025,BDMN,2390,2410,2370,2400,1354600
9/29/2025,BEBS,0,0,0,0,0
9/29/2025,BEEF,366,442,354,442,115000100
9/29/2025,BEER,101,104,101,101,392300
9/29/2025,BEKS,29,29,29,29,74129300
9/29/2025,BELI,364,372,356,360,1016200
9/29/2025,BELL,64,65,61,63,19560500
9/29/2025,BESS,1100,1100,1055,1080,21300
9/29/2025,BEST,112,115,112,115,5280300
9/29/2025,BFIN,795,800,775,780,6237900
9/29/2025,BFINDRCK6A,0,0,0,0,0
9/29/2025,BGTG,117,117,113,115,59789600
9/29/2025,BHAT,885,885,875,885,1933800
9/29/2025,BHIT,39,39,38,38,28510500
9/29/2025,BIKA,0,0,0,0,0
9/29/2025,BIKE,1020,1070,1020,1065,13534800
9/29/2025,BIMA,84,87,84,87,694000
9/29/2025,BINA,4500,4500,4430,4500,4300
9/29/2025,BINO,126,129,126,127,484500
9/29/2025,BIPI,84,86,83,84,104802500
9/29/2025,BIPP,46,48,46,48,986400
9/29/2025,BIRD,1770,1780,1750,1775,1253400
9/29/2025,BISI,890,890,875,885,670500
9/29/2025,BJBR,770,770,760,770,2581700
9/29/2025,BJTM,515,515,510,510,2735000
9/29/2025,BKDP,46,46,43,43,397200
9/29/2025,BKSL,139,155,137,151,1643214200
9/29/2025,BKSW,67,67,64,67,5049900
9/29/2025,BLES,166,176,166,174,17912500
9/29/2025,BLOG,505,515,500,515,2853500
9/29/2025,BLTA,35,35,35,35,14075200
9/29/2025,BLTZ,3300,3300,3300,3300,500
9/29/2025,BLUE,0,0,0,0,0
9/29/2025,BMAS,800,800,735,750,12600
9/29/2025,BMBL,61,63,55,55,50947600
9/29/2025,BMHS,163,167,162,164,5110200
9/29/2025,BMRI,4420,4430,4400,4400,63753600
9/29/2025,BMRIBQCJ6A,67,67,67,67,1000
9/29/2025,BMRIBQCZ5A,24,24,20,21,5966900
9/29/2025,BMRIDRCX5A,35,35,35,35,500000
9/29/2025,BMRIDRCX6A,0,0,0,0,0
9/29/2025,BMRIHDCQ7A,74,74,74,74,200
9/29/2025,BMRIYUCK6A,114,114,114,114,100
9/29/2025,BMRIZPCH6A,0,0,0,0,0
9/29/2025,BMRIZPCX5A,20,20,20,20,5100
9/29/2025,BMSR,308,332,300,318,273800
9/29/2025,BMTR,162,171,159,168,170959300
9/29/2025,BNBA,720,720,700,705,176000
9/29/2025,BNBR,53,53,53,53,72356500
9/29/2025,BNGA,1695,1705,1695,1700,1188900
9/29/2025,BNGADRCK6A,0,0,0,0,0
9/29/2025,BNGAZPCH6A,45,45,45,45,50000
9/29/2025,BNII,210,212,208,210,769700
9/29/2025,BNLI,5250,6000,5200,5950,1159700
9/29/2025,BOAT,129,130,125,127,2508400
9/29/2025,BOBA,185,188,180,185,98500
9/29/2025,BOGA,500,500,496,500,112000
9/29/2025,BOLA,185,185,174,183,6291000
9/29/2025,BOLT,1085,1085,1080,1080,9200
9/29/2025,BOSS,0,0,0,0,0
9/29/2025,BPFI,320,320,318,320,37100
9/29/2025,BPII,555,555,550,555,105200
9/29/2025,BPTR,96,97,95,97,190500
9/29/2025,BRAM,5100,5100,5100,5100,1200
9/29/2025,BREN,9025,9950,8975,9675,102431800
9/29/2025,BRIS,2660,2660,2590,2610,28208400
9/29/2025,BRISBQCZ5A,0,0,0,0,0
9/29/2025,BRISDRCJ6A,43,43,40,41,2559200
9/29/2025,BRISHDCH6A,0,0,0,0,0
9/29/2025,BRISHDCZ5A,0,0,0,0,0
9/29/2025,BRISYUCV5A,41,41,38,38,500
9/29/2025,BRISZPCG6A,0,0,0,0,0
9/29/2025,BRMS,730,850,725,850,1496291500
9/29/2025,BRMSBQCZ5A,150,197,150,192,147500
9/29/2025,BRMSDRCJ6A,109,142,109,142,300600
9/29/2025,BRMSDRPX5A,8,9,6,7,17953800
9/29/2025,BRMSHDCH6A,200,216,200,216,18200
9/29/2025,BRMSHDCZ5A,372,466,372,466,15800
9/29/2025,BRMSYUCV5A,92,200,92,175,1317200
9/29/2025,BRMSZPCG6A,177,226,177,226,12300
9/29/2025,BRNA,690,700,685,700,43400
9/29/2025,BRPT,3750,3980,3710,3760,217850900
9/29/2025,BRPTBQCV5A,0,0,0,0,0
9/29/2025,BRPTBQCX5B,292,356,292,320,110800
9/29/2025,BRPTBQCZ5A,0,0,0,0,0
9/29/2025,BRPTDRCF6A,412,428,404,424,2900
9/29/2025,BRPTDRCJ6A,256,270,252,252,1080000
9/29/2025,BRPTDRCX5A,500,500,498,498,10100
9/29/2025,BRPTDRPV5A,13,14,6,8,108664700
9/29/2025,BRPTHDCH6A,388,388,378,378,10200
9/29/2025,BRPTHDCH6B,0,0,0,0,0
9/29/2025,BRPTHDPG6A,91,98,85,96,851600
9/29/2025,BRPTYUCZ5A,322,346,314,314,13100
9/29/2025,BRPTZPCF6A,515,515,515,515,268500
9/29/2025,BRPTZPCK6A,92,101,90,90,1109800
9/29/2025,BRPTZPCX5A,640,640,640,640,100
9/29/2025,BRRC,74,78,73,77,10431200
9/29/2025,BRRC-W,15,16,14,15,17552500
9/29/2025,BSBK,84,86,82,84,90455900
9/29/2025,BSDE,1045,1085,1045,1075,19557100
9/29/2025,BSDEDRCJ6A,44,47,44,46,75200
9/29/2025,BSDEZPCH6A,61,61,61,61,1500
9/29/2025,BSIM,905,915,905,905,30000
9/29/2025,BSML,122,126,122,125,33136100
9/29/2025,BSSR,3920,3920,3900,3910,450000
9/29/2025,BSWD,0,0,0,0,0
9/29/2025,BTEK,32,32,32,32,99466500
9/29/2025,BTEL,0,0,0,0,0
9/29/2025,BTON,376,378,376,378,3300
9/29/2025,BTPN,2070,2080,2060,2080,10300
9/29/2025,BTPS,1400,1405,1365,1375,5317100
9/29/2025,BTPSDRCK6A,43,43,43,43,20000
9/29/2025,BTPSHDCJ6A,0,0,0,0,0
9/29/2025,BTPSZPCH6A,36,36,34,34,312400
9/29/2025,BUAH,1425,1425,1400,1415,129100
9/29/2025,BUDI,220,220,212,216,13300
9/29/2025,BUKA,169,174,169,171,114902600
9/29/2025,BUKABQCZ5B,18,18,17,17,622900
9/29/2025,BUKADRCK6A,18,18,18,18,200
9/29/2025,BUKAHDCZ5A,120,120,120,120,55600
9/29/2025,BUKK,925,985,900,970,283900
9/29/2025,BULL,172,183,166,180,124588000
9/29/2025,BUMI,150,156,149,154,5998442900
9/29/2025,BUVA,520,560,505,530,175954300
9/29/2025,BVIC,114,115,108,111,20913600
9/29/2025,BVIC-W,44,44,44,44,1200
9/29/2025,BWPT,150,151,139,143,286010200
9/29/2025,BYAN,18325,18350,18300,18300,24700
9/29/2025,CAKK,182,204,171,200,15959300
9/29/2025,CAMP,212,216,212,212,711200
9/29/2025,CANI,58,58,55,58,576200
9/29/2025,CARE,296,298,292,294,17893200
9/29/2025,CARS,144,147,138,143,100003100
9/29/2025,CASA,1160,1165,1145,1150,3717400
9/29/2025,CASH,118,128,117,128,15377400
9/29/2025,CASS,2560,2560,2510,2530,78800
9/29/2025,CBDK,6650,6975,6650,6800,21342300
9/29/2025,CBMF,0,0,0,0,0
9/29/2025,CBPE,204,204,199,204,115400
9/29/2025,CBRE,610,610,610,610,76238400
9/29/2025,CBUT,1565,1570,1530,1560,27600
9/29/2025,CCSI,352,370,350,360,539100
9/29/2025,CDIA,1780,1815,1735,1740,477806200
9/29/2025,CEKA,2650,2650,2600,2610,28600
9/29/2025,CENT,121,122,119,121,9202600
9/29/2025,CFIN,314,314,312,312,1050400
9/29/2025,CGAS,148,154,146,151,8004100
9/29/2025,CHEK,177,182,174,180,24744000
9/29/2025,CHEM,97,100,95,97,9311800
9/29/2025,CHIP,1420,1420,1375,1375,115600
9/29/2025,CINT,160,161,157,158,274000
9/29/2025,CITA,4150,4150,4100,4110,205900
9/29/2025,CITY,120,129,120,120,9677000
9/29/2025,CLAY,0,0,0,0,0
9/29/2025,CLEO,525,545,525,535,13051100
9/29/2025,CLPI,1275,1290,1275,1290,145000
9/29/2025,CMNP,1315,1315,1300,1300,503500
9/29/2025,CMNP-W,374,376,374,376,1600
9/29/2025,CMNT,815,815,800,815,37385600
9/29/2025,CMPP,97,97,97,97,157800
9/29/2025,CMRY,4600,4620,4550,4590,1508300
9/29/2025,CMRYDRCK6A,0,0,0,0,0
9/29/2025,CMRYZPCJ6A,0,0,0,0,0
9/29/2025,CNKO,95,97,95,97,32595200
9/29/2025,CNMA,120,123,119,120,55724100
9/29/2025,CNTB,0,0,0,0,0
9/29/2025,CNTX,0,0,0,0,0
9/29/2025,COAL,63,64,63,63,27992500
9/29/2025,COCO,408,500,408,500,85295700
9/29/2025,COIN,3600,3660,3400,3490,79695500
9/29/2025,COWL,0,0,0,0,0
9/29/2025,CPIN,4840,4890,4740,4800,3088000
9/29/2025,CPINDRCG6A,0,0,0,0,0
9/29/2025,CPINZPCJ6A,0,0,0,0,0
9/29/2025,CPRI,0,0,0,0,0
9/29/2025,CPRO,73,73,68,71,708964600
9/29/2025,CRAB,238,244,236,244,4365300
9/29/2025,CRSN,110,112,108,110,401200
9/29/2025,CSAP,304,338,304,314,1471500
9/29/2025,CSIS,232,240,228,232,13635900
9/29/2025,CSMI,610,640,550,575,25541200
9/29/2025,CSRA,840,850,810,815,7370600
9/29/2025,CTBN,0,0,0,0,0
9/29/2025,CTRA,940,945,925,930,19182100
9/29/2025,CTRADRCJ6A,19,19,19,19,400
9/29/2025,CTRAHDCK6A,41,41,41,41,17700
9/29/2025,CTRAYUCZ5A,0,0,0,0,0
9/29/2025,CTRAZPCG6A,0,0,0,0,0
9/29/2025,CTTH,40,41,40,41,540200
9/29/2025,CUAN,1600,1670,1590,1610,191796400
9/29/2025,CYBR,1015,1100,1000,1070,23105900
9/29/2025,CYBR-W,615,665,605,640,22000
9/29/2025,DAAZ,2950,3050,2900,3040,766500
9/29/2025,DADA,122,122,122,122,148555600
9/29/2025,DART,175,177,171,174,188800
9/29/2025,DATA,4040,4220,3870,4050,3808000
9/29/2025,DAYA,1010,1020,990,1020,35800
9/29/2025,DCII,293900,293900,272350,274400,16400
9/29/2025,DEAL,0,0,0,0,0
9/29/2025,DEFI,276,276,276,276,266100
9/29/2025,DEPO,390,404,334,350,11932000
9/29/2025,DEWA,278,292,266,290,765277300
9/29/2025,DEWI,117,117,111,113,79370200
9/29/2025,DFAM,86,89,82,88,18208000
9/29/2025,DGIK,94,96,94,96,2525900
9/29/2025,DGNS,141,145,141,143,348700
9/29/2025,DGWG,412,416,410,412,7385200
9/29/2025,DIGI,37,37,37,37,3439300
9/29/2025,DILD,138,138,136,137,13631800
9/29/2025,DIVA,127,129,123,127,1708000
9/29/2025,DKFT,740,760,730,740,31110800
9/29/2025,DKHH,101,101,98,99,12251600
9/29/2025,DKHH-W,23,23,21,21,18380500
9/29/2025,DLTA,2030,2030,2000,2020,179100
9/29/2025,DMAS,138,138,137,137,25582100
9/29/2025,DMMX,388,408,388,398,4790400
9/29/2025,DMND,580,585,570,585,35400
9/29/2025,DNAR,118,122,118,120,1287300
9/29/2025,DNET,9275,9400,9000,9400,26800
9/29/2025,DOID,366,378,364,376,14795400
9/29/2025,DOOH,172,183,170,177,537880100
9/29/2025,DOSS,165,172,163,164,3282600
9/29/2025,DPNS,328,328,304,310,321700
9/29/2025,DPUM,65,70,65,67,6419900
9/29/2025,DRMA,1000,1015,990,1010,762100
9/29/2025,DSFI,84,112,81,103,220534900
9/29/2025,DSNG,1665,1670,1635,1665,28846000
9/29/2025,DSNGDRCK6A,0,0,0,0,0
9/29/2025,DSNGHDCK6A,98,98,94,96,6000
9/29/2025,DSSA,110900,110900,103650,103650,1224700
9/29/2025,DUCK,0,0,0,0,0
9/29/2025,DUTI,4380,4380,4350,4360,28300
9/29/2025,DVLA,1635,1640,1630,1640,8700
9/29/2025,DWGL,0,0,0,0,0
9/29/2025,DYAN,90,90,88,89,4985300
9/29/2025,EAST,94,94,93,94,1320200
9/29/2025,ECII,210,210,190,199,614200
9/29/2025,EDGE,4380,4450,4260,4300,43500
9/29/2025,EKAD,182,186,182,183,250300
9/29/2025,ELIT,184,212,183,200,122687400
9/29/2025,ELPI,366,370,356,356,568400
9/29/2025,ELSA,492,498,490,496,15724500
9/29/2025,ELSADRCJ6A,33,33,33,33,2000
9/29/2025,ELSAHDCK6A,37,37,37,37,130500
9/29/2025,ELSAZPCG6A,30,31,30,31,436000
9/29/2025,ELTY,27,28,27,28,287850600
9/29/2025,EMAS,3350,3720,3340,3640,140413600
9/29/2025,EMDE,96,98,95,98,3395400
9/29/2025,EMTK,1365,1465,1285,1295,324621700
9/29/2025,EMTKBQCZ5A,458,466,418,428,2400
9/29/2025,EMTKDRCK6A,74,81,63,63,5040000
9/29/2025,EMTKHDCK6A,108,108,94,95,39800
9/29/2025,EMTKHDCZ5A,314,314,300,300,2200
9/29/2025,EMTKYUCV5A,200,212,174,174,46200
9/29/2025,EMTKZPCH6A,184,190,165,165,14800
9/29/2025,ENAK,700,700,690,700,702200
9/29/2025,ENRG,830,860,810,820,170738500
9/29/2025,ENRGBQCZ5A,65,66,65,65,585100
9/29/2025,ENRGDRCJ6A,147,148,139,142,6573200
9/29/2025,ENRGHDCK6A,77,79,73,73,911400
9/29/2025,ENRGHDCZ5A,410,410,410,410,200
9/29/2025,ENRGZPCG6A,0,0,0,0,0
9/29/2025,ENRGZPCK6A,44,44,41,41,138100
9/29/2025,ENVY,0,0,0,0,0
9/29/2025,ENZO,38,38,37,37,1654500
9/29/2025,EPAC,33,33,33,33,8948500
9/29/2025,EPMT,2300,2310,2290,2310,13400
9/29/2025,ERAA,440,442,436,438,33885300
9/29/2025,ERAABQCZ5A,17,17,17,17,1200
9/29/2025,ERAADRCJ6A,13,14,11,11,24943300
9/29/2025,ERAAHDCZ5A,0,0,0,0,0
9/29/2025,ERAAZPCH6A,20,20,20,20,471400
9/29/2025,ERAL,326,328,322,326,7006100
9/29/2025,ERTX,123,158,122,127,17285200
9/29/2025,ESIP,81,81,81,81,21660800
9/29/2025,ESSA,660,710,655,705,124514700
9/29/2025,ESSABQCZ5A,51,65,50,65,967100
9/29/2025,ESSAHDCH6A,58,65,58,65,40000
9/29/2025,ESSAYUCZ5A,43,52,43,52,1281000
9/29/2025,ESSAZPCK6A,1,50,1,24,3300800
9/29/2025,ESTA,77,99,77,92,164061800
9/29/2025,ESTI,134,134,110,110,14071200
9/29/2025,ETWA,0,0,0,0,0
9/29/2025,EURO,340,340,320,322,49000
9/29/2025,EXCL,2720,2760,2700,2710,3849400
9/29/2025,EXCLHDCJ6A,0,0,0,0,0
9/29/2025,EXCLZPCF6A,0,0,0,0,0
9/29/2025,FAPA,6125,6150,6100,6100,13500
9/29/2025,FAST,0,0,0,0,0
9/29/2025,FASW,0,0,0,0,0
9/29/2025,FILM,4880,4880,4850,4850,2509100
9/29/2025,FIMP,0,0,0,0,0
9/29/2025,FIRE,96,98,96,98,9163100
9/29/2025,FISH,2280,2860,2010,2860,1022400
9/29/2025,FITT,0,0,0,0,0
9/29/2025,FLMC,218,228,197,197,13309300
9/29/2025,FMII,364,374,360,368,47600
9/29/2025,FOLK,114,115,108,114,5783500
9/29/2025,FOOD,246,246,246,246,636100
9/29/2025,FORE,515,520,505,510,2995100
9/29/2025,FORU,1200,1275,1185,1200,241300
9/29/2025,FPNI,190,192,189,192,1078600
9/29/2025,FUJI,740,790,740,755,7350400
9/29/2025,FUTR,0,0,0,0,0
9/29/2025,FWCT,161,163,159,161,902000
9/29/2025,GAMA,0,0,0,0,0
9/29/2025,GDST,107,109,106,108,900500
9/29/2025,GDYR,1315,1365,1255,1260,12100
9/29/2025,GEMA,113,120,113,117,14647800
9/29/2025,GEMS,8975,9000,8925,8950,88900
9/29/2025,GGRM,14625,14625,13800,13900,3461700
9/29/2025,GGRMZPCG6A,151,155,135,135,5916200
9/29/2025,GGRP,238,238,230,230,558800
9/29/2025,GHON,1670,1690,1665,1690,4900
9/29/2025,GIAA,86,89,86,87,110480200
9/29/2025,GJTL,1005,1015,1005,1015,4092800
9/29/2025,GJTLZPCJ6A,0,0,0,0,0
9/29/2025,GLOB,105,105,104,104,54800
9/29/2025,GLVA,330,336,330,332,16700
9/29/2025,GMFI,77,83,77,83,12113100
9/29/2025,GMTD,2180,2180,2100,2170,1900
9/29/2025,GOLD,268,268,260,266,99000
9/29/2025,GOLF,212,220,210,220,4102100
9/29/2025,GOLL,0,0,0,0,0
9/29/2025,GOOD,370,372,368,372,183200
9/29/2025,GOTO,57,58,56,56,1739822200
9/29/2025,GOTOBQCJ6A,8,9,8,9,5983800
9/29/2025,GOTOBQCZ5A,6,6,4,6,37364600
9/29/2025,GOTODRCG6A,7,9,7,7,9349100
9/29/2025,GOTOHDCK6A,15,16,15,15,505900
9/29/2025,GOTOM,0,0,0,0,0
9/29/2025,GOTOZPCH6A,0,0,0,0,0
9/29/2025,GOTOZPCK6A,13,13,12,12,1160000
9/29/2025,GPRA,131,139,130,134,187653100
9/29/2025,GPSO,0,0,0,0,0
9/29/2025,GRIA,122,122,115,122,6285700
9/29/2025,GRPH,68,72,67,71,20910800
9/29/2025,GRPM,58,65,58,63,10157500
9/29/2025,GRPM-W,22,22,18,20,23118700
9/29/2025,GSMF,98,99,94,97,6993400
9/29/2025,GTBO,220,230,210,214,2105300
9/29/2025,GTRA,332,350,316,326,10880200
9/29/2025,GTSI,95,97,92,95,97950100
9/29/2025,GULA,334,346,334,340,761600
9/29/2025,GUNA,234,236,228,232,1110000
9/29/2025,GWSA,155,156,153,153,734700
9/29/2025,GZCO,232,232,224,230,93220400
9/29/2025,HADE,36,36,36,36,6309200
9/29/2025,HAIS,199,199,194,196,1890100
9/29/2025,HAJJ,134,137,127,128,16905000
9/29/2025,HAJJ-W,26,27,20,22,44216300
9/29/2025,HALO,102,113,99,106,164078400
9/29/2025,HALO-W,19,21,19,19,30760000
9/29/2025,HATM,242,244,240,242,24219500
9/29/2025,HBAT,346,346,308,340,4510600
9/29/2025,HDFA,153,153,143,149,397000
9/29/2025,HDIT,66,66,66,66,12015300
9/29/2025,HEAL,1685,1685,1670,1685,2808700
9/29/2025,HEALBQCZ5A,44,44,44,44,200
9/29/2025,HEALDRCJ6A,47,47,47,47,4000
9/29/2025,HEALHDCH6A,0,0,0,0,0
9/29/2025,HEALYUCZ5A,0,0,0,0,0
9/29/2025,HEALZPCH6A,0,0,0,0,0
9/29/2025,HELI,242,244,238,242,244600
9/29/2025,HERO,655,655,655,655,1066700
9/29/2025,HEXA,4790,4790,4670,4700,908300
9/29/2025,HGII,152,161,149,157,34881800
9/29/2025,HILL,206,206,202,204,97114900
9/29/2025,HITS,0,0,0,0,0
9/29/2025,HKMU,0,0,0,0,0
9/29/2025,HMSP,880,885,835,840,208255400
9/29/2025,HOKI,93,93,89,90,142767800
9/29/2025,HOME,0,0,0,0,0
9/29/2025,HOMI,248,250,236,248,8187700
9/29/2025,HOPE,163,171,159,165,54288600
9/29/2025,HOTL,0,0,0,0,0
9/29/2025,HRME,50,50,45,45,827700
9/29/2025,HRTA,900,935,895,930,30432200
9/29/2025,HRUM,1105,1210,1095,1165,130285000
9/29/2025,HRUMHDCK6A,60,78,60,68,5397600
9/29/2025,HRUMZPCG6A,80,80,71,74,287800
9/29/2025,HUMI,130,143,130,139,214032300
9/29/2025,HUMI-W,22,27,22,25,79502600
9/29/2025,HYGN,167,170,166,168,1083800
9/29/2025,IATA,80,80,79,79,18646400
9/29/2025,IATA-W,28,28,27,27,2400
9/29/2025,IBFN,82,82,82,82,2621500
9/29/2025,IBOS,75,76,68,69,42843400
9/29/2025,IBST,5600,5600,5600,5600,1000
9/29/2025,ICBP,10025,10050,9650,9650,6132900
9/29/2025,ICBPDRCX6A,0,0,0,0,0
9/29/2025,ICBPHDCJ6A,63,63,58,58,34900
9/29/2025,ICBPZPCX5A,31,31,27,27,203000
9/29/2025,ICON,51,51,50,51,310900
9/29/2025,IDEA,120,120,108,108,1495900
9/29/2025,IDPR,312,336,304,318,1194100
9/29/2025,IFII,228,236,222,232,500700
9/29/2025,IFSH,800,915,780,825,446600
9/29/2025,IGAR,515,520,510,515,5500
9/29/2025,IIKP,0,0,0,0,0
9/29/2025,IKAI,31,31,31,31,11814600
9/29/2025,IKAN,131,146,128,133,93858700
9/29/2025,IKBI,525,540,525,535,266500
9/29/2025,IKPM,226,238,226,232,1878500
9/29/2025,IMAS,1210,1230,1125,1205,1698600
9/29/2025,IMJS,240,252,240,242,20028200
9/29/2025,IMPC,2450,2540,2290,2310,43581500
9/29/2025,INAF,0,0,0,0,0
9/29/2025,INAI,157,159,156,159,192600
9/29/2025,INCF,55,55,54,54,8993500
9/29/2025,INCI,615,615,605,615,32600
9/29/2025,INCO,4280,4540,4280,4480,22632700
9/29/2025,INCOBQCF6A,0,0,0,0,0
9/29/2025,INCOBQCV5A,62,85,61,79,147700
9/29/2025,INCODRCK6A,105,110,105,110,27200
9/29/2025,INCODRCX5A,128,140,128,136,731700
9/29/2025,INCODRPV5A,6,9,4,5,120856400
9/29/2025,INCOHDCJ6A,0,0,0,0,0
9/29/2025,INCOYUCZ5A,135,135,135,135,100
9/29/2025,INCOZPCK6A,61,61,60,60,2600
9/29/2025,INCOZPCX5A,210,212,210,212,1100
9/29/2025,INDF,7700,7725,7525,7575,6642100
9/29/2025,INDFBQCV5A,23,23,20,20,644000
9/29/2025,INDFDRCX6A,4010,4010,3980,3980,9000
9/29/2025,INDFHDCJ6A,0,0,0,0,0
9/29/2025,INDO,242,244,240,244,4365100
9/29/2025,INDR,3000,3000,2910,2990,35000
9/29/2025,INDS,238,246,232,238,233000
9/29/2025,INDX,0,0,0,0,0
9/29/2025,INDY,2400,2450,2320,2350,38129700
9/29/2025,INDYHDCJ6A,0,0,0,0,0
9/29/2025,INDYZPCG6A,140,143,136,136,274400
9/29/2025,INET,258,284,254,284,1165065200
9/29/2025,INET-W,160,195,150,195,90724800
9/29/2025,INKP,7450,7625,7275,7500,9382600
9/29/2025,INKPBQCX5A,0,0,0,0,0
9/29/2025,INKPDRCF6A,166,166,163,163,145000
9/29/2025,INKPHDCK6A,115,119,114,119,30100
9/29/2025,INKPZPCF6A,84,93,84,91,95200
9/29/2025,INKPZPCK6A,34,34,33,34,29300
9/29/2025,INOV,96,99,95,98,784900
9/29/2025,INPC,161,165,161,163,12981800
9/29/2025,INPP,745,755,725,745,162900
9/29/2025,INPS,140,140,139,139,1163000
9/29/2025,INRU,755,785,735,765,56600
9/29/2025,INTA,52,52,52,52,6855500
9/29/2025,INTD,200,200,195,198,69100
9/29/2025,INTP,6600,6725,6600,6700,861700
9/29/2025,INTPZPCG6A,64,64,63,63,200
9/29/2025,IOTF,91,95,90,93,46060600
9/29/2025,IPAC,212,228,212,228,100000
9/29/2025,IPCC,1090,1090,1080,1085,1044400
9/29/2025,IPCM,308,310,306,308,8308500
9/29/2025,IPOL,140,144,138,139,1374800
9/29/2025,IPPE,0,0,0,0,0
9/29/2025,IPTV,45,45,44,44,16192700
9/29/2025,IRRA,426,434,426,430,1114500
9/29/2025,IRSX,288,308,288,288,74198100
9/29/2025,ISAP,49,51,49,49,61720100
9/29/2025,ISAP-W,24,24,17,18,193783600
9/29/2025,ISAT,1730,1805,1725,1780,12072500
9/29/2025,ISATBQCJ6A,0,0,0,0,0
9/29/2025,ISATBQCU5A,0,0,0,0,0
9/29/2025,ISATDRCG6A,36,36,36,36,1000
9/29/2025,ISATDRCX5A,25,28,25,28,13000
9/29/2025,ISATHDCJ6A,11,14,10,12,46809200
9/29/2025,ISATZPCF6A,20,21,20,21,184400
9/29/2025,ISEA,93,97,89,94,19291900
9/29/2025,ISSP,452,452,438,444,1143600
9/29/2025,ITIC,0,0,0,0,0
9/29/2025,ITMA,1190,1215,1125,1175,821100
9/29/2025,ITMG,22750,22900,22675,22825,1026300
9/29/2025,ITMGHDCJ6A,0,0,0,0,0
9/29/2025,ITMGZPCJ6A,67,68,67,68,1300
9/29/2025,JARR,0,0,0,0,0
9/29/2025,JAST,101,102,97,99,3584900
9/29/2025,JATI,131,131,120,125,10054500
9/29/2025,JAWA,147,150,146,149,785200
9/29/2025,JAYA,105,105,99,103,1457700
9/29/2025,JECC,1075,1100,1065,1065,31800
9/29/2025,JGLE,25,27,25,27,215890300
9/29/2025,JIHD,680,695,660,670,2003700
9/29/2025,JKON,87,89,86,89,15295000
9/29/2025,JMAS,143,145,142,144,227600
9/29/2025,JPFA,2050,2060,1940,1955,27932300
9/29/2025,JPFABQCZ5A,116,116,116,116,200000
9/29/2025,JPFADRCJ6A,69,69,64,64,14400
9/29/2025,JPFAHDCZ5A,216,216,216,216,100
9/29/2025,JPFAZPCG6A,131,131,131,131,2100
9/29/2025,JRPT,845,855,835,855,321500
9/29/2025,JSKY,0,0,0,0,0
9/29/2025,JSMR,3550,3590,3540,3560,5010000
9/29/2025,JSMRDRCK6A,68,68,68,68,200
9/29/2025,JSMRHDCH6A,0,0,0,0,0
9/29/2025,JSMRZPCG6A,0,0,0,0,0
9/29/2025,JSPT,3780,3810,3750,3750,3400
9/29/2025,JTPE,330,330,326,330,469200
9/29/2025,KAEF,550,555,540,550,3921200
9/29/2025,KAQI,65,66,63,65,6860900
9/29/2025,KARW,605,605,580,580,885300
9/29/2025,KAYU,0,0,0,0,0
9/29/2025,KBAG,51,51,46,47,16737500
9/29/2025,KBLI,372,372,364,366,138800
9/29/2025,KBLM,374,380,374,378,53500
9/29/2025,KBLV,0,0,0,0,0
9/29/2025,KBRI,0,0,0,0,0
9/29/2025,KDSI,450,466,438,450,22100
9/29/2025,KDTN,123,124,121,121,420000
9/29/2025,KEEN,980,1000,950,955,4211600
9/29/2025,KEJU,605,615,600,615,805400
9/29/2025,KETR,505,625,505,625,49727000
9/29/2025,KIAS,0,0,0,0,0
9/29/2025,KICI,140,142,137,142,141900
9/29/2025,KIJA,190,191,184,188,161160200
9/29/2025,KING,216,218,210,214,608000
9/29/2025,KING-W,16,17,15,15,13462500
9/29/2025,KINO,1160,1180,1160,1180,2000
9/29/2025,KIOS,87,94,87,90,32881000
9/29/2025,KJEN,0,0,0,0,0
9/29/2025,KKES,38,38,38,38,2841500
9/29/2025,KKGI,320,322,320,320,2737500
9/29/2025,KLAS,141,141,134,140,15529200
9/29/2025,KLBF,1165,1170,1120,1120,67023000
9/29/2025,KLBFBQCJ6A,39,39,38,38,200
9/29/2025,KLBFBQCV5A,16,17,12,14,10344700
9/29/2025,KLBFDRCG6A,20,20,13,13,104900
9/29/2025,KLBFHDCK6A,59,59,54,54,25800
9/29/2025,KLBFZPCF6A,15,15,15,15,1500
9/29/2025,KLBFZPCJ6A,0,0,0,0,0
9/29/2025,KLIN,188,189,183,186,376300
9/29/2025,KMDS,640,645,630,635,75700
9/29/2025,KMTR,302,302,290,298,321800
9/29/2025,KOBX,142,144,141,144,241300
9/29/2025,KOCI,89,92,85,86,35601500
9/29/2025,KOCI-W,21,22,20,21,10588600
9/29/2025,KOIN,82,82,81,81,4900
9/29/2025,KOKA,248,248,218,248,115769600
9/29/2025,KONI,2010,2230,1875,1875,68300
9/29/2025,KOPI,340,342,336,338,112800
9/29/2025,KOTA,33,33,32,32,20357500
9/29/2025,KPIG,187,188,181,184,49307800
9/29/2025,KRAS,300,306,294,306,14624000
9/29/2025,KREN,26,26,26,26,41086000
9/29/2025,KRYA,202,226,202,206,38593200
9/29/2025,KSIX,264,288,264,280,2461500
9/29/2025,KUAS,70,72,70,72,5854900
9/29/2025,LABA,0,0,0,0,0
9/29/2025,LABS,143,143,140,142,1558500
9/29/2025,LAJU,72,73,70,71,21733000
9/29/2025,LAND,47,47,43,43,4035900
9/29/2025,LAPD,226,234,226,234,35504100
9/29/2025,LCGP,0,0,0,0,0
9/29/2025,LCKM,232,254,230,248,30500
9/29/2025,LEAD,82,85,81,81,23374300
9/29/2025,LFLO,306,308,278,302,23900
9/29/2025,LIFE,10425,10775,9700,9700,18500
9/29/2025,LINK,2800,3000,2800,3000,42000
9/29/2025,LION,600,620,590,620,583100
9/29/2025,LIVE,202,214,187,194,64588900
9/29/2025,LMAS,0,0,0,0,0
9/29/2025,LMAX,96,105,87,88,17737100
9/29/2025,LMPI,146,146,142,143,87600
9/29/2025,LMSH,0,0,0,0,0
9/29/2025,LOPI,107,107,107,107,4263600
9/29/2025,LPCK,650,715,650,690,3667100
9/29/2025,LPGI,470,472,458,460,524100
9/29/2025,LPIN,450,515,450,484,4591100
9/29/2025,LPKR,100,108,98,104,1068001100
9/29/2025,LPLI,0,0,0,0,0
9/29/2025,LPPF,1605,1675,1600,1655,4046800
9/29/2025,LPPS,130,168,127,168,264478800
9/29/2025,LRNA,183,188,182,182,107300
9/29/2025,LSIP,1355,1360,1320,1330,9515600
9/29/2025,LSIPDRCK6A,44,44,43,43,200
9/29/2025,LSIPHDCJ6A,0,0,0,0,0
9/29/2025,LSIPYUCZ5A,58,58,55,55,200
9/29/2025,LSIPZPCG6A,65,66,65,66,400
9/29/2025,LTLS,845,850,840,845,88100
9/29/2025,LUCK,108,124,108,111,33376600
9/29/2025,LUCY,87,87,85,86,58200
9/29/2025,MABA,0,0,0,0,0
9/29/2025,MAGP,0,0,0,0,0
9/29/2025,MAHA,156,157,150,153,20967100
9/29/2025,MAIN,750,750,710,715,2526000
9/29/2025,MANG,80,80,72,75,29724900
9/29/2025,MANG-W,30,31,26,30,31251700
9/29/2025,MAPA,525,555,525,550,22589100
9/29/2025,MAPABQCZ5A,9,11,9,11,7033300
9/29/2025,MAPADRCJ6A,9,11,9,11,11969500
9/29/2025,MAPAHDCZ5A,19,20,19,20,6300
9/29/2025,MAPAZPCH6A,24,25,24,25,4600
9/29/2025,MAPB,1650,1680,1610,1625,5900
9/29/2025,MAPI,1140,1165,1125,1140,17410000
9/29/2025,MAPIBQCV5A,10,10,7,9,8193200
9/29/2025,MAPIDRCX5A,12,13,10,12,13130000
9/29/2025,MAPIHDCK6A,0,0,0,0,0
9/29/2025,MAPIZPCJ6A,42,42,42,42,1000
9/29/2025,MARI,37,38,35,38,11413100
9/29/2025,MARK,635,655,635,640,13484100
9/29/2025,MASA,0,0,0,0,0
9/29/2025,MASB,3300,3300,3300,3300,100
9/29/2025,MAXI,56,56,54,56,13126900
9/29/2025,MAYA,272,296,272,290,36489500
9/29/2025,MBAP,1640,1645,1635,1640,42900
9/29/2025,MBMA,605,705,575,655,2076586200
9/29/2025,MBMABQCX5A,71,97,44,78,38464300
9/29/2025,MBMADRCX5A,67,104,65,88,29725400
9/29/2025,MBMADRPX5A,11,12,8,9,34235900
9/29/2025,MBMAHDCH6A,115,149,110,130,1964500
9/29/2025,MBMAYUCK6A,133,160,128,159,51800
9/29/2025,MBMAZPCK6A,41,48,34,45,24544100
9/29/2025,MBMAZPCX5A,136,180,121,158,547700
9/29/2025,MBSS,1440,1500,1420,1455,2488600
9/29/2025,MBTO,133,134,130,132,3361900
9/29/2025,MCAS,760,870,750,830,1332700
9/29/2025,MCOL,3850,3870,3800,3800,26300
9/29/2025,MCOR,77,79,75,77,16301000
9/29/2025,MDIA,42,42,42,42,4886700
9/29/2025,MDIY,1095,1110,1085,1090,749100
9/29/2025,MDKA,2250,2300,2150,2200,129025700
9/29/2025,MDKABQCV5A,65,77,59,65,523600
9/29/2025,MDKABQCX5B,21,25,19,22,2680900
9/29/2025,MDKADRCK6A,56,63,56,60,76200
9/29/2025,MDKADRCV5A,61,71,57,61,406900
9/29/2025,MDKADRPX5A,0,0,0,0,0
9/29/2025,MDKAHDCZ5A,107,107,105,106,96600
9/29/2025,MDKAHDPH6A,129,129,123,128,10100
9/29/2025,MDKAYUCK6A,132,134,132,134,13100
9/29/2025,MDKAZPCF6A,52,59,52,54,7379500
9/29/2025,MDKI,187,189,181,185,1898000
9/29/2025,MDLA,228,230,224,228,7798600
9/29/2025,MDLN,69,73,68,70,67069500
9/29/2025,MDRN,54,54,54,54,23156300
9/29/2025,MEDC,1355,1400,1355,1385,51031900
9/29/2025,MEDCBQCV5A,57,65,57,61,138700
9/29/2025,MEDCBQCX5B,0,0,0,0,0
9/29/2025,MEDCBQCZ5A,37,37,37,37,100
9/29/2025,MEDCDRCG6A,42,45,42,44,1395600
9/29/2025,MEDCDRPV5A,10,10,5,6,110590700
9/29/2025,MEDCHDCH6A,0,0,0,0,0
9/29/2025,MEDCZPCF6A,44,44,44,44,30800
9/29/2025,MEDS,61,62,59,61,7151000
9/29/2025,MEGA,3310,3310,3260,3290,8100
9/29/2025,MEJA,148,162,141,162,100668600
9/29/2025,MEJA-W,67,80,58,77,160699300
9/29/2025,MENN,58,62,56,59,48551300
9/29/2025,MERI,228,232,226,230,3534900
9/29/2025,MERK,2860,2880,2720,2880,45600
9/29/2025,META,0,0,0,0,0
9/29/2025,MFIN,0,0,0,0,0
9/29/2025,MFMI,0,0,0,0,0
9/29/2025,MGLV,580,580,540,540,277500
9/29/2025,MGNA,41,41,41,41,856000
9/29/2025,MGNA-W,0,0,0,0,0
9/29/2025,MGRO,770,795,760,780,6182700
9/29/2025,MHKI,183,185,175,177,15514900
9/29/2025,MICE,494,498,478,490,46400
9/29/2025,MIDI,436,438,418,422,24152300
9/29/2025,MIKA,2500,2510,2470,2480,3944700
9/29/2025,MIKAZPCG6A,27,27,27,27,2200
9/29/2025,MINA,169,172,164,168,151255600
9/29/2025,MINE,575,590,560,580,7650800
9/29/2025,MIRA,59,59,59,59,25388800
9/29/2025,MITI,324,362,324,334,12396600
9/29/2025,MKAP,350,352,348,348,226000
9/29/2025,MKNT,0,0,0,0,0
9/29/2025,MKPI,24975,24975,24875,24975,6300
9/29/2025,MKTR,149,159,146,150,11097500
9/29/2025,MKTR-W,17,19,14,17,39940100
9/29/2025,MLBI,5900,5900,5800,5875,66700
9/29/2025,MLIA,348,348,344,346,3251000
9/29/2025,MLPL,157,210,157,210,2141427200
9/29/2025,MLPT,152000,152200,149000,149000,24800
9/29/2025,MMIX,400,438,398,434,20496900
9/29/2025,MMLP,550,555,540,550,10663700
9/29/2025,MNCN,300,316,296,312,91049100
9/29/2025,MOLI,218,224,216,224,1754900
9/29/2025,MORA,426,434,420,430,58100
9/29/2025,MPIX,71,72,70,71,7297900
9/29/2025,MPIX-W,16,17,15,16,4081800
9/29/2025,MPMX,935,940,935,935,2168600
9/29/2025,MPOW,113,133,112,128,46957500
9/29/2025,MPPA,69,91,68,88,1828877000
9/29/2025,MPRO,4960,4980,4940,4940,112800
9/29/2025,MPXL,197,199,191,191,10852500
9/29/2025,MRAT,240,264,226,252,4011400
9/29/2025,MREI,935,935,910,910,182100
9/29/2025,MSIE,77,83,77,77,5477700
9/29/2025,MSIN,555,560,535,550,24029400
9/29/2025,MSJA,304,304,300,302,533400
9/29/2025,MSKY,95,99,93,95,27169600
9/29/2025,MSTI,1545,1560,1540,1550,878000
9/29/2025,MTDL,620,630,600,605,7133100
9/29/2025,MTEL,575,585,575,580,1819100
9/29/2025,MTELDRCK6A,18,18,17,17,200
9/29/2025,MTFN,20,24,20,24,661574500
9/29/2025,MTLA,466,468,462,464,108000
9/29/2025,MTMH,1155,1195,1155,1195,54600
9/29/2025,MTPS,46,46,46,46,245400
9/29/2025,MTRA,0,0,0,0,0
9/29/2025,MTSM,0,0,0,0,0
9/29/2025,MTWI,348,354,342,350,62700
9/29/2025,MUTU,102,102,99,100,3376600
9/29/2025,MYOH,1705,1705,1675,1695,54000
9/29/2025,MYOR,2030,2050,2010,2030,7717600
9/29/2025,MYORDRCK6A,53,54,53,53,4386400
9/29/2025,MYORZPCH6A,0,0,0,0,0
9/29/2025,MYTX,0,0,0,0,0
9/29/2025,NAIK,134,139,134,137,11537700
9/29/2025,NAIK-W,25,27,25,26,2690000
9/29/2025,NANO,71,73,65,67,63972800
9/29/2025,NASA,49,49,49,49,905900
9/29/2025,NASI,129,130,123,130,16655100
9/29/2025,NATO,143,145,142,143,94800
9/29/2025,NAYZ,161,170,160,170,12115800
9/29/2025,NCKL,1190,1210,1165,1170,49344900
9/29/2025,NCKLDRCK6A,56,59,56,58,169300
9/29/2025,NCKLHDCK6A,80,83,80,80,240100
9/29/2025,NCKLYUCZ5A,120,121,118,118,161000
9/29/2025,NCKLZPCJ6A,81,82,79,79,11800
9/29/2025,NELY,364,364,358,362,928300
9/29/2025,NEST,264,270,262,268,4090900
9/29/2025,NETV,126,130,125,128,2234400
9/29/2025,NFCX,1700,1720,1670,1685,50700
9/29/2025,NICE,448,454,448,448,3907700
9/29/2025,NICK,1170,1270,1130,1185,22300
9/29/2025,NICL,1085,1130,1060,1075,10881000
9/29/2025,NIKL,224,228,222,226,1917100
9/29/2025,NINE,0,0,0,0,0
9/29/2025,NIRO,124,124,112,123,717500
9/29/2025,NISP,1350,1360,1345,1345,6841200
9/29/2025,NOBU,525,555,525,540,6554300
9/29/2025,NPGF,58,59,56,59,12190100
9/29/2025,NRCA,920,930,855,900,18317600
9/29/2025,NSSS,505,510,498,505,8564400
9/29/2025,NTBK,56,57,56,57,12184500
9/29/2025,NUSA,0,0,0,0,0
9/29/2025,NZIA,118,139,112,116,57888700
9/29/2025,OASA,234,236,222,228,287022800
9/29/2025,OBAT,444,462,442,450,1934100
9/29/2025,OBAT-W,94,103,93,100,5377800
9/29/2025,OBMD,260,264,254,260,753100
9/29/2025,OCAP,0,0,0,0,0
9/29/2025,OILS,145,193,145,193,63720800
9/29/2025,OKAS,177,187,176,183,21890300
9/29/2025,OLIV,0,0,0,0,0
9/29/2025,OMED,200,200,199,200,885200
9/29/2025,OMRE,442,442,442,442,100
9/29/2025,OPMS,157,160,150,158,26950000
9/29/2025,PACK,1900,1980,1840,1910,3728500
9/29/2025,PADA,86,86,85,86,22799200
9/29/2025,PADI,75,77,75,77,18919300
9/29/2025,PALM,390,396,378,388,2325300
9/29/2025,PAMG,72,76,71,75,17644100
9/29/2025,PANI,13175,13875,13175,13825,11311700
9/29/2025,PANIBQCZ5A,35,42,35,42,568100
9/29/2025,PANIHDCJ6A,100,108,98,106,69700
9/29/2025,PANIHDCZ5A,138,152,138,152,3056400
9/29/2025,PANIZPCJ6A,67,71,65,68,855500
9/29/2025,PANR,750,750,730,740,4869600
9/29/2025,PANS,1390,1430,1385,1400,226000
9/29/2025,PART,104,105,101,105,64160100
9/29/2025,PART-W,20,21,19,20,12699900
9/29/2025,PBID,492,492,488,490,470200
9/29/2025,PBRX,42,42,38,39,65389400
9/29/2025,PBSA,910,915,910,910,2833000
9/29/2025,PCAR,40,41,40,41,21724200
9/29/2025,PDES,468,580,468,505,3604800
9/29/2025,PDPP,494,494,476,480,255900
9/29/2025,PEGE,113,120,113,115,1743600
9/29/2025,PEHA,320,332,320,326,97600
9/29/2025,PEVE,488,595,488,595,2236500
9/29/2025,PGAS,1710,1720,1690,1695,23467200
9/29/2025,PGASBQCZ5A,0,0,0,0,0
9/29/2025,PGASDRCG6A,65,65,63,63,1500
9/29/2025,PGASHDCK6A,0,0,0,0,0
9/29/2025,PGASZPCJ6A,0,0,0,0,0
9/29/2025,PGEO,1345,1395,1345,1380,37244000
9/29/2025,PGEOBQCX5B,19,21,17,17,16036500
9/29/2025,PGEODRCJ6A,37,37,35,36,10049800
9/29/2025,PGEODRPV5A,12,12,11,12,184600
9/29/2025,PGEOHDCH6A,45,47,45,45,75400
9/29/2025,PGEOHDCH6B,0,0,0,0,0
9/29/2025,PGEOHDPH6A,131,131,130,130,800
9/29/2025,PGEOYUCK6A,86,88,86,88,82100
9/29/2025,PGEOZPCJ6A,0,0,0,0,0
9/29/2025,PGJO,1000,1100,900,900,6680000
9/29/2025,PGLI,278,300,256,284,9511900
9/29/2025,PGUN,18400,18400,18200,18400,239600
9/29/2025,PICO,350,362,338,350,11873600
9/29/2025,PIPA,302,302,280,280,45106500
9/29/2025,PJAA,580,700,575,665,5335600
9/29/2025,PKPK,530,640,520,600,515600
9/29/2025,PLAN,74,74,62,62,19091300
9/29/2025,PLAS,0,0,0,0,0
9/29/2025,PLIN,0,0,0,0,0
9/29/2025,PMJS,119,122,117,120,189000
9/29/2025,PMMP,0,0,0,0,0
9/29/2025,PMUI,137,138,135,136,14003200
9/29/2025,PNBN,1105,1110,1095,1100,12414700
9/29/2025,PNBS,53,54,52,53,17258900
9/29/2025,PNGO,2390,2410,2370,2390,12700
9/29/2025,PNIN,810,810,800,805,1220900
9/29/2025,PNLF,244,246,240,244,90630800
9/29/2025,PNLFDRCJ6A,12,12,11,12,18600
9/29/2025,PNLFHDCZ5A,0,0,0,0,0
9/29/2025,PNLFYUCV5A,10,10,7,8,3326500
9/29/2025,PNLFZPCH6A,0,0,0,0,0
9/29/2025,PNSE,815,990,795,890,828900
9/29/2025,POLA,54,54,54,54,1986600
9/29/2025,POLI,705,760,705,745,1200
9/29/2025,POLL,0,0,0,0,0
9/29/2025,POLU,10825,10825,10600,10600,19800
9/29/2025,POLY,28,30,28,30,1736800
9/29/2025,POOL,0,0,0,0,0
9/29/2025,PORT,990,990,955,975,19200
9/29/2025,POSA,0,0,0,0,0
9/29/2025,POWR,710,710,700,705,5826100
9/29/2025,PPGL,108,117,105,112,2205200
9/29/2025,PPRE,93,94,91,93,6179300
9/29/2025,PPRI,360,372,358,360,15699600
9/29/2025,PPRO,0,0,0,0,0
9/29/2025,PRAY,700,745,680,720,80200
9/29/2025,PRDA,2700,2720,2670,2690,120500
9/29/2025,PRIM,87,88,84,87,10955500
9/29/2025,PSAB,550,585,545,575,212321800
9/29/2025,PSAT,1350,1380,1340,1350,1032700
9/29/2025,PSDN,99,135,99,130,164621500
9/29/2025,PSGO,220,232,216,222,4040800
9/29/2025,PSKT,115,118,115,118,22257600
9/29/2025,PSSI,352,352,338,348,675500
9/29/2025,PTBA,2350,2360,2320,2330,12694800
9/29/2025,PTBABQCV5A,13,14,12,14,100700
9/29/2025,PTBADRCG6A,30,30,19,20,145900
9/29/2025,PTBAYUCZ5A,77,77,77,77,400
9/29/2025,PTBAZPCH6A,37,37,37,37,233700
9/29/2025,PTDU,0,0,0,0,0
9/29/2025,PTIS,410,414,400,408,25900
9/29/2025,PTMP,93,98,91,95,23066700
9/29/2025,PTMR,0,0,0,0,0
9/29/2025,PTPP,400,408,400,406,11236200
9/29/2025,PTPS,181,182,174,177,17471500
9/29/2025,PTPW,935,935,930,935,21800
9/29/2025,PTRO,6850,7350,6750,6850,103372900
9/29/2025,PTROHDCK6A,358,394,358,358,1130100
9/29/2025,PTROYUCK6A,370,382,350,352,313200
9/29/2025,PTROZPCK6A,170,198,170,180,2039600
9/29/2025,PTSN,412,448,408,448,4249500
9/29/2025,PTSP,905,945,905,935,26400
9/29/2025,PUDP,0,0,0,0,0
9/29/2025,PURA,34,34,34,34,11182500
9/29/2025,PURE,0,0,0,0,0
9/29/2025,PURI,190,193,188,191,196100
9/29/2025,PWON,382,384,378,380,42048500
9/29/2025,PWONHDCZ5A,0,0,0,0,0
9/29/2025,PWONZPCH6A,35,35,35,35,100
9/29/2025,PYFA,550,630,545,610,166939900
9/29/2025,PYFA-W,124,148,116,135,4844100
9/29/2025,PZZA,300,300,274,286,7989800
9/29/2025,R-ABFII,0,0,0,0,0
9/29/2025,R-LQ45X,1065,1065,980,980,1000
9/29/2025,RAAM,304,306,290,304,21023400
9/29/2025,RAFI,0,0,0,0,0
9/29/2025,RAJA,2750,2810,2730,2760,23606300
9/29/2025,RAJAHDCK6A,79,83,79,80,721700
9/29/2025,RAJAZPCK6A,41,41,41,41,1900
9/29/2025,RALS,396,398,392,398,3639800
9/29/2025,RANC,0,0,0,0,0
9/29/2025,RATU,5775,6075,5750,5900,7050000
9/29/2025,RBMS,46,46,44,44,704200
9/29/2025,RCCC,230,236,226,236,504200
9/29/2025,RDTX,0,0,0,0,0
9/29/2025,REAL,88,89,82,85,120046700
9/29/2025,RELF,54,54,54,54,13695700
9/29/2025,RELI,635,660,630,650,24500
9/29/2025,RGAS,103,103,101,101,3356500
9/29/2025,RICY,80,80,72,72,1207800
9/29/2025,RIGS,845,870,820,840,63500
9/29/2025,RIMO,0,0,0,0,0
9/29/2025,RISE,3470,3470,3470,3470,126200
9/29/2025,RMKE,1405,1550,1405,1535,8720600
9/29/2025,RMKO,169,174,161,170,5089600
9/29/2025,ROCK,745,750,745,750,16800
9/29/2025,RODA,47,47,43,43,446900
9/29/2025,RONY,3360,3360,3350,3360,363700
9/29/2025,ROTI,795,795,790,795,286700
9/29/2025,RSCH,370,378,362,366,10171300
9/29/2025,RSGK,0,0,0,0,0
9/29/2025,RUIS,193,194,190,191,802500
9/29/2025,RUNS,121,129,113,126,603300
9/29/2025,SAFE,190,194,185,190,1942900
9/29/2025,SAGE,33,39,33,39,32292700
9/29/2025,SAME,320,324,314,318,1425200
9/29/2025,SAMF,320,322,318,318,33000
9/29/2025,SAPX,310,310,306,310,118000
9/29/2025,SATU,244,246,242,242,4564600
9/29/2025,SBAT,0,0,0,0,0
9/29/2025,SBMA,140,144,139,142,3248500
9/29/2025,SCCO,2320,2350,2290,2330,71300
9/29/2025,SCMA,360,370,342,344,379018600
9/29/2025,SCMABQCZ5A,0,0,0,0,0
9/29/2025,SCMADRCK6A,127,128,115,115,1107900
9/29/2025,SCMAHDCK6A,55,56,50,50,47000
9/29/2025,SCMAHDCZ5A,360,362,350,352,1000
9/29/2025,SCMAYUCK6A,92,92,83,83,152600
9/29/2025,SCMAZPCG6A,0,0,0,0,0
9/29/2025,SCNP,189,194,181,186,55400
9/29/2025,SCPI,0,0,0,0,0
9/29/2025,SDMU,77,77,75,75,3487200
9/29/2025,SDPC,135,140,135,137,855800
9/29/2025,SDRA,282,294,282,286,442500
9/29/2025,SEMA,101,102,99,100,442300
9/29/2025,SFAN,1925,1925,1920,1925,67700
9/29/2025,SGER,334,334,326,328,71162200
9/29/2025,SGRO,5225,5325,5000,5075,2193300
9/29/2025,SHID,910,910,895,905,12000
9/29/2025,SHIP,7025,7025,5500,6000,763100
9/29/2025,SICO,124,125,122,124,3213300
9/29/2025,SIDO,535,540,530,535,10518200
9/29/2025,SIDODRCK6A,29,29,29,29,33700
9/29/2025,SILO,2030,2040,1990,2000,1970600
9/29/2025,SIMA,0,0,0,0,0
9/29/2025,SIMP,645,685,645,645,31330000
9/29/2025,SINI,3900,3900,3900,3900,157300
9/29/2025,SIPD,720,720,720,720,100
9/29/2025,SKBM,560,570,505,540,772900
9/29/2025,SKLT,210,212,190,196,1313400
9/29/2025,SKRN,476,500,476,500,2939100
9/29/2025,SKYB,0,0,0,0,0
9/29/2025,SLIS,96,97,91,93,49746700
9/29/2025,SLIS-W,20,23,19,20,20071300
9/29/2025,SMAR,5600,5625,5500,5525,209400
9/29/2025,SMBR,278,284,276,282,7641400
9/29/2025,SMCB,0,0,0,0,0
9/29/2025,SMDM,820,840,810,825,298000
9/29/2025,SMDR,320,324,316,318,20292200
9/29/2025,SMGA,98,101,97,100,31621000
9/29/2025,SMGR,2860,2890,2820,2880,3938400
9/29/2025,SMGRBQCX5B,0,0,0,0,0
9/29/2025,SMGRBQCZ5A,27,28,27,28,180000
9/29/2025,SMGRDRCV5A,0,0,0,0,0
9/29/2025,SMGRHDCZ5A,94,99,94,99,1231900
9/29/2025,SMGRZPCJ6A,61,61,61,61,1000
9/29/2025,SMIL,720,725,650,700,288838000
9/29/2025,SMKL,168,172,165,167,175900
9/29/2025,SMKM,195,195,178,178,16216500
9/29/2025,SMLE,0,0,0,0,0
9/29/2025,SMMA,15100,15375,14975,15375,30100
9/29/2025,SMMT,1175,1180,1150,1155,167600
9/29/2025,SMRA,434,440,430,432,26494200
9/29/2025,SMRADRCJ6A,29,29,28,28,6100
9/29/2025,SMRAHDCZ5A,0,0,0,0,0
9/29/2025,SMRAZPCH6A,0,0,0,0,0
9/29/2025,SMRU,0,0,0,0,0
9/29/2025,SMSM,1865,1865,1855,1855,749300
9/29/2025,SNLK,446,446,428,434,8402900
9/29/2025,SOCI,200,204,199,202,7507000
9/29/2025,SOFA,129,135,123,135,49471600
9/29/2025,SOHO,765,780,760,770,13900
9/29/2025,SOLA,131,142,131,137,31269300
9/29/2025,SONA,4440,4460,4330,4340,42200
9/29/2025,SOSS,1180,1180,885,905,811000
9/29/2025,SOTS,390,390,372,378,249300
9/29/2025,SOUL,69,74,68,74,10371200
9/29/2025,SPMA,362,362,342,350,3995200
9/29/2025,SPRE,108,108,90,90,19714500
9/29/2025,SPTO,660,660,655,660,455300
9/29/2025,SQMI,0,0,0,0,0
9/29/2025,SRAJ,10675,10725,10525,10625,108900
9/29/2025,SRIL,0,0,0,0,0
9/29/2025,SRSN,68,69,66,68,10803000
9/29/2025,SRTG,1820,1825,1755,1790,8086600
9/29/2025,SRTGDRCK6A,84,84,84,84,37700
9/29/2025,SRTGHDCK6A,0,0,0,0,0
9/29/2025,SRTGZPCG6A,82,82,79,80,1231600
9/29/2025,SRTGZPCK6A,39,39,39,39,400
9/29/2025,SSIA,1725,1775,1710,1745,33985200
9/29/2025,SSMS,1770,1780,1680,1765,9755100
9/29/2025,SSTM,284,290,280,284,61200
9/29/2025,STAA,1105,1105,1080,1100,13879900
9/29/2025,STAR,84,84,76,76,731400
9/29/2025,STRK,254,258,216,220,137615100
9/29/2025,STTP,10075,10350,10075,10325,400
9/29/2025,SUGI,0,0,0,0,0
9/29/2025,SULI,106,107,103,107,1499700
9/29/2025,SUNI,840,840,825,840,306500
9/29/2025,SUPR,0,0,0,0,0
9/29/2025,SURE,2860,2900,2850,2880,6400
9/29/2025,SURI,120,123,115,116,202404200
9/29/2025,SWAT,0,0,0,0,0
9/29/2025,SWID,92,94,90,93,1881700
9/29/2025,TALF,500,510,478,494,98600
9/29/2025,TAMA,49,49,49,49,11024800
9/29/2025,TAMU,33,33,33,33,17434500
9/29/2025,TAPG,1685,1700,1650,1690,11086300
9/29/2025,TAPGDRCJ6A,104,104,101,101,1100
9/29/2025,TAPGHDCH6A,0,0,0,0,0
9/29/2025,TAPGZPCH6A,127,127,119,123,19400
9/29/2025,TARA,37,40,37,40,22475600
9/29/2025,TAXI,25,25,25,25,44409100
9/29/2025,TAYS,76,78,74,77,4433400
9/29/2025,TBIG,1740,1745,1725,1735,1443000
9/29/2025,TBLA,740,755,740,745,4907800
9/29/2025,TBMS,1180,1290,1140,1200,519000
9/29/2025,TCID,4030,4030,3500,3520,633800
9/29/2025,TCPI,5750,5825,5725,5775,8852400
9/29/2025,TDPM,0,0,0,0,0
9/29/2025,TEBE,0,0,0,0,0
9/29/2025,TECH,0,0,0,0,0
9/29/2025,TELE,0,0,0,0,0
9/29/2025,TFAS,164,170,157,161,1649400
9/29/2025,TFCO,0,0,0,0,0
9/29/2025,TGKA,5650,5650,5450,5625,21600
9/29/2025,TGRA,0,0,0,0,0
9/29/2025,TGUK,0,0,0,0,0
9/29/2025,TIFA,436,440,436,436,119000
9/29/2025,TINS,1365,1590,1360,1540,286657100
9/29/2025,TIRA,1745,2020,1585,1680,438400
9/29/2025,TIRT,0,0,0,0,0
9/29/2025,TKIM,6925,7050,6925,6975,509800
9/29/2025,TKIMHDCJ6A,0,0,0,0,0
9/29/2025,TKIMZPCG6A,91,91,91,91,300
9/29/2025,TKIMZPCK6A,29,29,28,29,50100
9/29/2025,TLDN,685,700,685,690,1325100
9/29/2025,TLKM,3110,3130,3050,3080,85911300
9/29/2025,TLKMBQCG6A,52,52,52,52,100
9/29/2025,TLKMBQCV5A,0,0,0,0,0
9/29/2025,TLKMDRCJ6A,71,71,71,71,50000
9/29/2025,TLKMDRCX6A,0,0,0,0,0
9/29/2025,TLKMHDCJ6A,47,48,47,48,12900
9/29/2025,TLKMHDCV5A,0,0,0,0,0
9/29/2025,TLKMYUCK6A,109,110,105,106,17800
9/29/2025,TLKMZPCF6A,85,85,85,85,500
9/29/2025,TMAS,137,137,132,135,6129500
9/29/2025,TMPO,168,168,165,166,1955300
9/29/2025,TNCA,169,169,165,168,606000
9/29/2025,TOBA,1265,1285,1235,1245,108794100
9/29/2025,TOOL,65,72,63,70,73185500
9/29/2025,TOPS,0,0,0,0,0
9/29/2025,TOSK,125,136,96,118,1209470600
9/29/2025,TOTL,860,900,820,825,12942100
9/29/2025,TOTO,260,260,258,258,646300
9/29/2025,TOWR,590,600,585,590,11353700
9/29/2025,TOWRHDCK6A,0,0,0,0,0
9/29/2025,TOYS,0,0,0,0,0
9/29/2025,TPIA,7650,8125,7625,7800,12921300
9/29/2025,TPMA,585,590,580,585,2547600
9/29/2025,TRAM,0,0,0,0,0
9/29/2025,TRGU,175,179,170,172,968500
9/29/2025,TRIL,0,0,0,0,0
9/29/2025,TRIM,440,486,438,478,12607800
9/29/2025,TRIN,109,112,107,108,5459800
9/29/2025,TRIN-W2,0,0,0,0,0
9/29/2025,TRIO,0,0,0,0,0
9/29/2025,TRIS,187,192,183,188,277100
9/29/2025,TRJA,171,175,166,168,894000
9/29/2025,TRON,89,93,88,88,12109700
9/29/2025,TRST,486,486,476,484,23600
9/29/2025,TRUE,53,59,53,59,24232100
9/29/2025,TRUK,0,0,0,0,0
9/29/2025,TRUS,436,444,430,444,23100
9/29/2025,TSPC,2410,2440,2390,2390,1162000
9/29/2025,TUGU,1000,1025,990,1010,2984100
9/29/2025,TYRE,128,129,124,127,263700
9/29/2025,UANG,3280,3280,2700,3150,4120100
9/29/2025,UCID,466,470,460,468,3103700
9/29/2025,UDNG,1650,1650,1515,1515,1749400
9/29/2025,UFOE,175,182,175,177,421900
9/29/2025,ULTJ,1305,1305,1290,1290,1878800
9/29/2025,UNIC,8050,8100,7900,8100,14000
9/29/2025,UNIQ,370,378,364,374,26212500
9/29/2025,UNIT,0,0,0,0,0
9/29/2025,UNSP,157,170,157,170,172100
9/29/2025,UNTD,85,87,82,83,16323000
9/29/2025,UNTR,26675,27150,26450,26925,2710100
9/29/2025,UNTRBQCV5A,116,120,114,117,477100
9/29/2025,UNTRDRCG6A,163,166,163,166,22900
9/29/2025,UNTRZPCJ6A,161,161,160,161,3500
9/29/2025,UNVR,1830,1840,1750,1760,37519500
9/29/2025,UNVRBQCZ5A,74,74,70,70,698400
9/29/2025,UNVRDRCG6A,45,45,43,44,2353600
9/29/2025,UNVRHDPG6A,86,87,86,87,5500
9/29/2025,UNVRZPCH6A,69,69,47,47,404500
9/29/2025,URBN,138,140,138,139,82200
9/29/2025,UVCR,75,75,72,72,3556100
9/29/2025,VAST,198,199,193,194,1958200
9/29/2025,VAST-W,16,16,14,15,2175100
9/29/2025,VERN,132,137,132,136,3107100
9/29/2025,VERN-W,4,5,3,4,47360300
9/29/2025,VICI,630,650,620,650,1026900
9/29/2025,VICO,186,187,182,186,886000
9/29/2025,VINS,145,147,141,143,576700
9/29/2025,VISI,161,161,154,161,9628400
9/29/2025,VIVA,32,32,32,32,29944300
9/29/2025,VKTR,200,250,188,232,243347800
9/29/2025,VOKS,322,322,306,320,386100
9/29/2025,VRNA,92,92,88,90,668100
9/29/2025,VTNY,95,102,95,95,30729200
9/29/2025,WAPO,163,171,161,165,2763600
9/29/2025,WEGE,73,73,71,71,12761400
9/29/2025,WEHA,117,117,115,116,667800
9/29/2025,WGSH,220,220,198,198,4243200
9/29/2025,WICO,0,0,0,0,0
9/29/2025,WIDI,60,60,54,56,33190600
9/29/2025,WIFI,2670,2830,2670,2770,142492900
9/29/2025,WIIM,1535,1535,1390,1420,41533400
9/29/2025,WIKA,0,0,0,0,0
9/29/2025,WINE,220,224,216,218,3897100
9/29/2025,WINR,42,47,42,47,41015800
9/29/2025,WINS,448,448,430,434,4298300
9/29/2025,WIRG,139,152,139,148,877104200
9/29/2025,WMPP,0,0,0,0,0
9/29/2025,WMUU,30,30,30,30,98913000
9/29/2025,WOMF,336,342,336,342,174800
9/29/2025,WOOD,460,470,420,442,19490800
9/29/2025,WOWS,85,87,83,84,25363500
9/29/2025,WSBP,25,25,25,25,146159300
9/29/2025,WSKT,0,0,0,0,0
9/29/2025,WTON,99,100,97,100,9196200
9/29/2025,XAQA,0,0,0,0,0
9/29/2025,XBES,0,0,0,0,0
9/29/2025,XBID,517,517,517,517,40000
9/29/2025,XBIG,0,0,0,0,0
9/29/2025,XBIN,585,585,585,585,40000
9/29/2025,XBLQ,0,0,0,0,0
9/29/2025,XBNI,0,0,0,0,0
9/29/2025,XBSK,446,446,446,446,40000
9/29/2025,XCEG,106,107,106,107,5300
9/29/2025,XCID,68,68,61,64,282800
9/29/2025,XCIS,75,91,75,86,92400
9/29/2025,XCLQ,88,95,76,88,29500
9/29/2025,XDIF,0,0,0,0,0
9/29/2025,XIFE,110,110,110,110,1100
9/29/2025,XIHD,633,633,620,621,3600
9/29/2025,XIIC,0,0,0,0,0
9/29/2025,XIID,0,0,0,0,0
9/29/2025,XIIF,454,455,450,455,51100
9/29/2025,XIIT,550,550,520,520,46200
9/29/2025,XIJI,655,662,653,653,3300
9/29/2025,XILV,122,140,112,122,9100
9/29/2025,XIML,260,260,240,240,45700
9/29/2025,XIPB,298,298,236,236,7600
9/29/2025,XIPI,221,221,221,221,3000
9/29/2025,XISB,0,0,0,0,0
9/29/2025,XISC,775,775,775,775,100
9/29/2025,XISI,0,0,0,0,0
9/29/2025,XISR,480,480,480,480,100
9/29/2025,XKID,959,959,959,959,100
9/29/2025,XKIV,598,598,598,598,40000
9/29/2025,XKMS,1136,1139,1134,1134,200000
9/29/2025,XMGB,0,0,0,0,0
9/29/2025,XMIG,219,219,219,219,200000
9/29/2025,XMLF,882,882,882,882,41100
9/29/2025,XMSK,0,0,0,0,0
9/29/2025,XNVE,0,0,0,0,0
9/29/2025,XPDV,615,615,615,615,2000
9/29/2025,XPFT,0,0,0,0,0
9/29/2025,XPIN,654,660,653,655,35200
9/29/2025,XPLQ,522,522,522,522,500
9/29/2025,XPSG,0,0,0,0,0
9/29/2025,XPTD,476,476,476,476,100
9/29/2025,XSBC,102,102,99,100,40800
9/29/2025,XSPI,0,0,0,0,0
9/29/2025,XSSI,84,88,81,86,605200
9/29/2025,XSSK,693,693,693,693,20000
9/29/2025,YELO,61,66,61,66,15734500
9/29/2025,YOII,103,103,100,103,2527800
9/29/2025,YPAS,0,0,0,0,0
9/29/2025,YULE,2710,2890,2690,2690,2300
9/29/2025,YUPI,1805,1975,1705,1955,578900
9/29/2025,ZATA,97,110,92,100,919846800
9/29/2025,ZBRA,0,0,0,0,0
9/29/2025,ZINC,33,33,33,33,49857400
9/29/2025,ZONE,750,770,725,755,344400
9/29/2025,ZYRX,155,172,155,158,26454500
