<date>,<ticker>,<open>,<high>,<low>,<close>,<volume>
9/16/2025,IHSG,7979.320,7985.576,7899.668,7957.696,41441493000
9/16/2025,IDX30,0.000,0.000,0.000,0.000,0
9/16/2025,IDX80,0.000,0.000,0.000,0.000,0
9/16/2025,AADI,7050,7125,6925,6975,12542000
9/16/2025,AADIHDCK6A,77,78,73,73,21500
9/16/2025,AALI,9000,9000,7675,7750,8618400
9/16/2025,ABBA,51,52,51,52,9521800
9/16/2025,ABDA,2970,2970,2970,2970,300
9/16/2025,ABMM,2900,2930,2900,2930,634600
9/16/2025,ACES,440,444,434,436,57449000
9/16/2025,ACESBQCV5A,3,18,2,8,73299700
9/16/2025,ACESBQCX5B,9,9,9,9,1700
9/16/2025,ACESBQCZ5A,19,19,17,18,546200
9/16/2025,ACESDRCJ6A,0,0,0,0,0
9/16/2025,ACESHDCZ5A,0,0,0,0,0
9/16/2025,ACESZPCJ6A,0,0,0,0,0
9/16/2025,ACRO,86,87,85,86,7772100
9/16/2025,ACRO-W,11,12,11,11,5914500
9/16/2025,ACST,138,139,133,134,6637600
9/16/2025,ADCP,62,70,61,65,468302500
9/16/2025,ADES,13700,13700,13000,13125,46400
9/16/2025,ADHI,288,298,282,284,52973600
9/16/2025,ADMF,8975,8975,8925,8950,33500
9/16/2025,ADMG,150,152,149,152,342600
9/16/2025,ADMR,1045,1050,1000,1020,32801100
9/16/2025,ADMRDRCJ6A,33,33,32,32,6500
9/16/2025,ADMRHDCJ6A,55,55,55,55,500
9/16/2025,ADMRZPCH6A,50,50,50,50,1000
9/16/2025,ADRO,1685,1700,1645,1650,133878100
9/16/2025,ADROBQCG6A,59,59,59,59,220100
9/16/2025,ADROBQCU5A,1,5,1,5,27472400
9/16/2025,ADROBQCZ5A,13,13,12,12,39100
9/16/2025,ADRODRCJ6A,49,49,49,49,100
9/16/2025,ADRODRCX5A,30,30,28,28,1239200
9/16/2025,ADROHDCZ5A,45,45,45,45,20000
9/16/2025,ADROHDPH6A,132,132,132,132,39800
9/16/2025,ADROYUCZ5A,58,58,58,58,100
9/16/2025,ADROZPCF6A,24,24,22,22,2100
9/16/2025,ADROZPCK6A,48,48,46,46,1200
9/16/2025,AEGS,49,51,44,48,150015800
9/16/2025,AGAR,246,254,246,246,33500
9/16/2025,AGII,720,885,720,830,16649600
9/16/2025,AGRO,254,254,244,244,31094300
9/16/2025,AGRS,81,86,78,83,92911000
9/16/2025,AHAP,81,82,79,80,7848900
9/16/2025,AIMS,330,348,300,346,36700
9/16/2025,AISA,122,122,120,121,3183600
9/16/2025,AKKU,0,0,0,0,0
9/16/2025,AKPI,570,570,560,560,20900
9/16/2025,AKRA,1205,1260,1195,1240,39184100
9/16/2025,AKRABQCX5B,41,41,41,41,19100
9/16/2025,AKRADRCX5A,32,35,32,35,2900
9/16/2025,AKRAHDCH6A,61,65,61,63,1032800
9/16/2025,AKRAZPCJ6A,0,0,0,0,0
9/16/2025,AKRAZPCX5A,58,63,58,61,2200
9/16/2025,AKSI,250,296,250,280,6070900
9/16/2025,ALDO,500,500,492,492,25800
9/16/2025,ALII,550,550,540,540,2352000
9/16/2025,ALKA,318,318,316,318,11000
9/16/2025,ALMI,0,0,0,0,0
9/16/2025,ALTO,0,0,0,0,0
9/16/2025,AMAG,370,374,368,368,13900
9/16/2025,AMAN,125,125,119,121,3656800
9/16/2025,AMAR,212,216,212,214,611700
9/16/2025,AMFG,3250,3350,3250,3250,14400
9/16/2025,AMIN,220,224,212,214,2953300
9/16/2025,AMMN,8175,8175,7975,8025,25414900
9/16/2025,AMMNBQCZ5A,0,0,0,0,0
9/16/2025,AMMNDRCJ6A,68,68,66,66,48100
9/16/2025,AMMNHDCH6A,0,0,0,0,0
9/16/2025,AMMNZPCG6A,0,0,0,0,0
9/16/2025,AMMS,240,242,210,212,12684800
9/16/2025,AMOR,472,472,468,470,59400
9/16/2025,AMRT,2140,2160,2080,2110,23451300
9/16/2025,AMRTBQCU5A,2,15,2,6,428746600
9/16/2025,AMRTDRCZ5A,0,0,0,0,0
9/16/2025,AMRTHDCJ6A,0,0,0,0,0
9/16/2025,AMRTZPCK6A,0,0,0,0,0
9/16/2025,AMRTZPCX5A,0,0,0,0,0
9/16/2025,ANDI,33,34,33,34,27039000
9/16/2025,ANJT,1795,1800,1790,1790,391400
9/16/2025,ANTM,3550,3600,3500,3600,150013900
9/16/2025,ANTMBQCU5A,386,386,382,382,3100
9/16/2025,ANTMBQCX5A,106,106,100,106,2738600
9/16/2025,ANTMBQCZ5A,0,0,0,0,0
9/16/2025,ANTMDRCG6A,69,72,68,71,298700
9/16/2025,ANTMDRCX5A,388,388,388,388,100
9/16/2025,ANTMHDCH6A,111,113,111,113,500
9/16/2025,ANTMHDCH6B,0,0,0,0,0
9/16/2025,ANTMHDCU5A,155,155,137,143,203600
9/16/2025,ANTMHDPH6A,0,0,0,0,0
9/16/2025,ANTMZPCJ6A,112,112,105,108,400
9/16/2025,ANTMZPCK6A,46,47,45,47,543700
9/16/2025,ANTMZPCX5A,0,0,0,0,0
9/16/2025,APEX,130,132,123,125,115963100
9/16/2025,APIC,1140,1145,1125,1140,4621900
9/16/2025,APII,182,182,179,182,273500
9/16/2025,APLI,500,500,486,490,21300
9/16/2025,APLN,107,110,105,106,22482800
9/16/2025,ARCI,965,975,930,955,84978500
9/16/2025,AREA,505,515,500,510,1996300
9/16/2025,ARGO,1260,1290,1250,1250,50500
9/16/2025,ARII,264,294,260,270,1741600
9/16/2025,ARKA,45,45,45,45,15022600
9/16/2025,ARKO,1550,1600,1465,1560,2258400
9/16/2025,ARMY,0,0,0,0,0
9/16/2025,ARNA,560,560,545,550,2317600
9/16/2025,ARTA,3190,3250,3130,3200,2700
9/16/2025,ARTI,0,0,0,0,0
9/16/2025,ARTO,2160,2170,2110,2160,5129200
9/16/2025,ARTOBQCU5A,2,10,1,7,118878200
9/16/2025,ARTOBQCX5B,0,0,0,0,0
9/16/2025,ARTOBQCZ5A,20,20,20,20,4188900
9/16/2025,ARTODRCK6A,76,76,76,76,100
9/16/2025,ARTODRCX5A,0,0,0,0,0
9/16/2025,ARTOHDCZ5A,0,0,0,0,0
9/16/2025,ARTOZPCK6A,0,0,0,0,0
9/16/2025,ARTOZPCX5A,0,0,0,0,0
9/16/2025,ASBI,464,480,450,452,72300
9/16/2025,ASDM,545,545,525,530,32100
9/16/2025,ASGR,1250,1260,1235,1255,471600
9/16/2025,ASHA,66,66,66,66,6843500
9/16/2025,ASII,5650,5675,5600,5650,15987900
9/16/2025,ASIIBQCU5A,25,25,24,24,1200
9/16/2025,ASIIBQCZ5A,0,0,0,0,0
9/16/2025,ASIIDRCX5A,0,0,0,0,0
9/16/2025,ASIIDRCX6A,0,0,0,0,0
9/16/2025,ASIIHDCZ5A,163,163,163,163,200
9/16/2025,ASIIZPCJ6A,0,0,0,0,0
9/16/2025,ASJT,120,122,113,117,249700
9/16/2025,ASLC,102,104,99,100,82457000
9/16/2025,ASLI,0,0,0,0,0
9/16/2025,ASMI,44,44,40,40,8187000
9/16/2025,ASPI,0,0,0,0,0
9/16/2025,ASPR,98,99,96,96,3543800
9/16/2025,ASRI,176,184,176,178,83676600
9/16/2025,ASRM,280,280,278,280,13300
9/16/2025,ASSA,905,915,890,905,4948600
9/16/2025,ATAP,53,58,53,58,7929900
9/16/2025,ATIC,454,468,442,454,232000
9/16/2025,ATLA,70,71,66,69,223383900
9/16/2025,AUTO,2400,2400,2340,2340,1250900
9/16/2025,AUTOZPCJ6A,33,33,33,33,24000
9/16/2025,AVIA,422,424,418,420,15167600
9/16/2025,AVIAZPCJ6A,0,0,0,0,0
9/16/2025,AWAN,258,268,254,266,20582400
9/16/2025,AXIO,128,130,127,129,1972900
9/16/2025,AYAM,174,178,172,178,136850500
9/16/2025,AYLS,112,129,109,111,74693800
9/16/2025,BABP,60,61,59,61,19987600
9/16/2025,BABY,310,314,300,308,10819000
9/16/2025,BACA,140,140,137,138,2078900
9/16/2025,BAIK,101,106,99,106,6260200
9/16/2025,BAIK-W,11,12,10,12,8220800
9/16/2025,BAJA,122,124,117,122,1634200
9/16/2025,BALI,1355,1355,1320,1340,25700
9/16/2025,BANK,815,820,805,810,6491900
9/16/2025,BANK-W,0,0,0,0,0
9/16/2025,BAPA,85,87,82,83,14582700
9/16/2025,BAPI,34,40,34,40,131156400
9/16/2025,BATA,58,58,57,57,817000
9/16/2025,BATR,110,116,108,110,13401500
9/16/2025,BAUT,40,40,39,39,15606300
9/16/2025,BAYU,1280,1290,1280,1285,509500
9/16/2025,BBCA,8050,8075,7900,7925,129312900
9/16/2025,BBCABQCG6A,74,74,74,74,220000
9/16/2025,BBCABQCV5A,5,100,4,17,54482400
9/16/2025,BBCABQCX5A,10,10,9,10,1589600
9/16/2025,BBCADRCF6A,40,40,37,37,103500
9/16/2025,BBCADRCX6A,3750,3750,3750,3750,50000
9/16/2025,BBCAHDCQ7A,59,59,59,59,3100
9/16/2025,BBCAHDCV5A,38,38,34,34,2000
9/16/2025,BBCAZPCF6A,28,28,26,26,4000
9/16/2025,BBCAZPCH6A,79,79,79,79,200
9/16/2025,BBHI,1500,1515,1485,1510,566400
9/16/2025,BBKP,80,81,78,79,121351100
9/16/2025,BBLD,910,930,865,890,169800
9/16/2025,BBMD,0,0,0,0,0
9/16/2025,BBNI,4440,4450,4320,4370,52083500
9/16/2025,BBNIBQCG6A,69,69,68,68,220200
9/16/2025,BBNIBQCU5A,4,16,2,8,109890800
9/16/2025,BBNIBQCV5A,43,43,36,37,91000
9/16/2025,BBNIDRCX6A,0,0,0,0,0
9/16/2025,BBNIDRCZ5A,60,60,56,58,16000100
9/16/2025,BBNIHDCQ7A,0,0,0,0,0
9/16/2025,BBNIHDPU5A,0,0,0,0,0
9/16/2025,BBNIYUCV5A,46,46,46,46,100
9/16/2025,BBNIZPCH6A,101,101,101,101,35000
9/16/2025,BBNIZPCX5A,0,0,0,0,0
9/16/2025,BBRI,4160,4170,4080,4130,167511900
9/16/2025,BBRIBQCJ6A,75,75,75,75,220000
9/16/2025,BBRIBQCU5A,3,5,3,5,9387500
9/16/2025,BBRIBQCZ5A,83,83,83,83,13000
9/16/2025,BBRIDRCX5A,155,158,155,157,117200
9/16/2025,BBRIDRCX6A,2400,2400,2400,2400,100
9/16/2025,BBRIHDCH6A,0,0,0,0,0
9/16/2025,BBRIHDCQ7A,0,0,0,0,0
9/16/2025,BBRIYUCV5A,109,109,109,109,100
9/16/2025,BBRIZPCH6A,0,0,0,0,0
9/16/2025,BBRIZPCX5A,0,0,0,0,0
9/16/2025,BBRM,91,92,88,90,9618000
9/16/2025,BBSI,4030,4030,4000,4010,25600
9/16/2025,BBSS,294,314,278,300,468100
9/16/2025,BBTN,1390,1395,1335,1345,42500700
9/16/2025,BBTNHDCZ5A,0,0,0,0,0
9/16/2025,BBTNYUCZ5A,84,84,82,82,8200
9/16/2025,BBTNZPCG6A,0,0,0,0,0
9/16/2025,BBYB,352,352,342,348,34786700
9/16/2025,BCAP,71,71,69,71,33625000
9/16/2025,BCIC,0,0,0,0,0
9/16/2025,BCIP,101,105,100,103,35280100
9/16/2025,BDKR,167,169,160,161,14054400
9/16/2025,BDMN,2520,2520,2470,2470,1511100
9/16/2025,BEBS,0,0,0,0,0
9/16/2025,BEEF,320,330,314,324,37871100
9/16/2025,BEER,112,113,108,109,2680200
9/16/2025,BEKS,31,31,31,31,51704500
9/16/2025,BELI,370,370,366,368,317600
9/16/2025,BELL,68,69,66,67,22224500
9/16/2025,BESS,1065,1085,1055,1055,31400
9/16/2025,BEST,119,127,119,120,49462600
9/16/2025,BFIN,805,810,790,795,6005200
9/16/2025,BFINDRCK6A,28,28,28,28,250200
9/16/2025,BGTG,110,111,109,110,12844200
9/16/2025,BHAT,880,905,880,890,1756400
9/16/2025,BHIT,38,39,38,39,48899700
9/16/2025,BIKA,0,0,0,0,0
9/16/2025,BIKE,1030,1100,1025,1030,14506200
9/16/2025,BIMA,87,87,87,87,659100
9/16/2025,BINA,4410,4500,4410,4500,10600
9/16/2025,BINO,132,132,130,131,769200
9/16/2025,BIPI,81,87,81,84,432375800
9/16/2025,BIPP,54,57,54,56,4928000
9/16/2025,BIRD,1795,1820,1795,1815,2471100
9/16/2025,BISI,885,895,865,890,450500
9/16/2025,BJBR,770,770,765,770,2557500
9/16/2025,BJTM,520,525,510,515,18108300
9/16/2025,BKDP,45,45,45,45,559600
9/16/2025,BKSL,141,145,138,140,434907900
9/16/2025,BKSW,74,75,70,71,17262500
9/16/2025,BLES,162,169,156,168,13654800
9/16/2025,BLOG,570,570,550,550,4589300
9/16/2025,BLTA,40,40,38,38,12764200
9/16/2025,BLTZ,2170,2170,2170,2170,5700
9/16/2025,BLUE,348,432,340,430,7151900
9/16/2025,BMAS,775,850,775,780,155100
9/16/2025,BMBL,48,52,47,52,29952700
9/16/2025,BMHS,175,177,173,174,8199500
9/16/2025,BMRI,4570,4570,4460,4480,122027400
9/16/2025,BMRIBQCJ6A,66,66,66,66,220000
9/16/2025,BMRIBQCU5A,2,8,1,6,52447500
9/16/2025,BMRIBQCZ5A,20,21,20,21,200000
9/16/2025,BMRIDRCX5A,44,45,42,42,1110200
9/16/2025,BMRIDRCX6A,0,0,0,0,0
9/16/2025,BMRIHDCQ7A,0,0,0,0,0
9/16/2025,BMRIHDPU5A,0,0,0,0,0
9/16/2025,BMRIZPCH6A,0,0,0,0,0
9/16/2025,BMRIZPCX5A,24,24,24,24,31000
9/16/2025,BMSR,300,370,300,326,3536900
9/16/2025,BMTR,144,145,142,144,38657300
9/16/2025,BNBA,770,770,750,755,66000
9/16/2025,BNBR,52,52,52,52,99118800
9/16/2025,BNGA,1730,1740,1715,1725,2406500
9/16/2025,BNGADRCK6A,66,66,66,66,1000
9/16/2025,BNGAZPCH6A,49,49,49,49,50000
9/16/2025,BNII,214,214,210,212,524300
9/16/2025,BNLI,3450,3800,3450,3730,725100
9/16/2025,BOAT,135,152,132,140,93771700
9/16/2025,BOBA,180,181,176,177,179700
9/16/2025,BOGA,555,560,545,555,837000
9/16/2025,BOLA,194,199,192,197,455200
9/16/2025,BOLT,1045,1045,1045,1045,100
9/16/2025,BOSS,0,0,0,0,0
9/16/2025,BPFI,340,340,336,336,17000
9/16/2025,BPII,540,555,540,550,105800
9/16/2025,BPTR,98,99,94,96,1043900
9/16/2025,BRAM,5100,5125,5100,5100,500
9/16/2025,BREN,9000,9050,8775,8875,11936400
9/16/2025,BRIS,2670,2680,2630,2640,15058200
9/16/2025,BRISBQCZ5A,0,0,0,0,0
9/16/2025,BRISDRCJ6A,44,44,44,44,12005000
9/16/2025,BRISHDCH6A,0,0,0,0,0
9/16/2025,BRISHDCZ5A,0,0,0,0,0
9/16/2025,BRISYUCV5A,52,52,52,52,100
9/16/2025,BRISZPCG6A,46,46,46,46,5000
9/16/2025,BRMS,565,585,555,575,1003836100
9/16/2025,BRMSBQCZ5A,82,87,82,85,355000
9/16/2025,BRMSDRCJ6A,67,70,64,68,7140300
9/16/2025,BRMSDRPX5A,12,12,12,12,480000
9/16/2025,BRMSHDCH6A,120,124,118,122,13000
9/16/2025,BRMSHDCZ5A,0,0,0,0,0
9/16/2025,BRMSYUCV5A,56,56,48,50,763000
9/16/2025,BRMSZPCG6A,101,108,101,108,782000
9/16/2025,BRNA,740,745,720,740,19500
9/16/2025,BRPT,2350,2370,2260,2320,111713800
9/16/2025,BRPTBQCV5A,0,0,0,0,0
9/16/2025,BRPTBQCX5B,66,69,66,69,218000
9/16/2025,BRPTBQCZ5A,0,0,0,0,0
9/16/2025,BRPTDRCF6A,200,200,191,195,24300
9/16/2025,BRPTDRCJ6A,102,102,95,99,200000
9/16/2025,BRPTDRCX5A,0,0,0,0,0
9/16/2025,BRPTDRPV5A,3,3,3,3,1030000
9/16/2025,BRPTHDCH6A,0,0,0,0,0
9/16/2025,BRPTHDCH6B,127,127,127,127,400
9/16/2025,BRPTHDPG6A,240,240,240,240,4100
9/16/2025,BRPTYUCZ5A,112,112,112,112,100
9/16/2025,BRPTZPCF6A,222,222,220,220,300
9/16/2025,BRPTZPCK6A,0,0,0,0,0
9/16/2025,BRPTZPCX5A,0,0,0,0,0
9/16/2025,BRRC,85,86,80,81,30328000
9/16/2025,BRRC-W,15,15,14,14,8790100
9/16/2025,BSBK,99,103,91,94,1113948700
9/16/2025,BSDE,1140,1140,1100,1115,22679500
9/16/2025,BSDEDRCJ6A,52,53,52,53,125000
9/16/2025,BSDEZPCH6A,0,0,0,0,0
9/16/2025,BSIM,910,920,880,915,100300
9/16/2025,BSML,111,112,109,110,46101500
9/16/2025,BSSR,3930,3950,3930,3950,247100
9/16/2025,BSWD,1410,1410,1410,1410,100
9/16/2025,BTEK,26,26,26,26,3683600
9/16/2025,BTEL,0,0,0,0,0
9/16/2025,BTON,378,390,370,384,20200
9/16/2025,BTPN,2120,2120,2090,2110,8000
9/16/2025,BTPS,1490,1490,1450,1460,4252600
9/16/2025,BTPSDRCK6A,0,0,0,0,0
9/16/2025,BTPSHDCJ6A,0,0,0,0,0
9/16/2025,BTPSZPCH6A,0,0,0,0,0
9/16/2025,BUAH,1405,1415,1345,1355,236100
9/16/2025,BUDI,214,216,212,214,40100
9/16/2025,BUKA,155,157,151,151,135472800
9/16/2025,BUKABQCZ5B,14,14,14,14,44800
9/16/2025,BUKADRCK6A,14,14,14,14,20500
9/16/2025,BUKAHDCZ5A,0,0,0,0,0
9/16/2025,BUKK,865,885,865,875,87300
9/16/2025,BULL,210,222,196,208,699341500
9/16/2025,BUMI,115,123,114,115,5043290100
9/16/2025,BUVA,376,376,358,362,64461300
9/16/2025,BVIC,117,117,113,114,9401500
9/16/2025,BVIC-W,44,47,43,46,8100
9/16/2025,BWPT,149,149,147,147,47341400
9/16/2025,BYAN,18575,18575,18350,18350,24300
9/16/2025,CAKK,142,153,140,148,500900
9/16/2025,CAMP,218,220,212,216,930900
9/16/2025,CANI,45,45,45,45,2681000
9/16/2025,CARE,306,306,298,302,16974200
9/16/2025,CARS,132,133,128,130,29121600
9/16/2025,CASA,1165,1170,1150,1170,5690200
9/16/2025,CASH,106,111,101,111,4267300
9/16/2025,CASS,2640,2660,2630,2640,16500
9/16/2025,CBDK,6150,6200,6050,6075,2858600
9/16/2025,CBMF,0,0,0,0,0
9/16/2025,CBPE,194,194,190,190,27500
9/16/2025,CBRE,0,0,0,0,0
9/16/2025,CBUT,1600,1625,1585,1585,122700
9/16/2025,CCSI,376,384,364,376,845600
9/16/2025,CDIA,1565,1595,1480,1485,228338200
9/16/2025,CEKA,2660,2730,2660,2670,57500
9/16/2025,CENT,119,145,117,139,297678600
9/16/2025,CFIN,316,318,312,312,1758500
9/16/2025,CGAS,156,160,152,154,15985900
9/16/2025,CHEK,202,206,199,204,20122900
9/16/2025,CHEM,102,102,99,99,13877200
9/16/2025,CHIP,1435,1450,1425,1450,86600
9/16/2025,CINT,160,164,158,161,277800
9/16/2025,CITA,4100,4120,4080,4090,140500
9/16/2025,CITY,112,140,109,122,88692700
9/16/2025,CLAY,1585,1600,1585,1600,120000
9/16/2025,CLEO,550,550,535,535,10294000
9/16/2025,CLPI,1260,1295,1250,1260,121100
9/16/2025,CMNP,1335,1340,1315,1340,386500
9/16/2025,CMNP-W,404,404,372,402,2300
9/16/2025,CMNT,840,840,820,835,34668700
9/16/2025,CMPP,90,90,90,90,58200
9/16/2025,CMRY,4880,4880,4780,4840,518900
9/16/2025,CMRYDRCK6A,0,0,0,0,0
9/16/2025,CMRYZPCJ6A,0,0,0,0,0
9/16/2025,CNKO,100,100,97,97,22212600
9/16/2025,CNMA,133,138,131,132,107727700
9/16/2025,CNTB,0,0,0,0,0
9/16/2025,CNTX,0,0,0,0,0
9/16/2025,COAL,57,60,57,60,38454200
9/16/2025,COCO,500,575,500,525,17512900
9/16/2025,COIN,2240,2250,2090,2130,35122200
9/16/2025,COWL,0,0,0,0,0
9/16/2025,CPIN,4750,4810,4720,4810,4736300
9/16/2025,CPINDRCG6A,75,77,75,77,200100
9/16/2025,CPINZPCJ6A,44,46,44,46,114200
9/16/2025,CPRI,0,0,0,0,0
9/16/2025,CPRO,62,64,60,61,582842400
9/16/2025,CRAB,242,244,240,240,1904000
9/16/2025,CRSN,110,110,107,108,318600
9/16/2025,CSAP,300,304,300,300,82800
9/16/2025,CSIS,130,149,127,129,13848800
9/16/2025,CSMI,352,352,326,342,10053500
9/16/2025,CSRA,865,885,855,855,1579100
9/16/2025,CTBN,5175,5175,5100,5100,3000
9/16/2025,CTRA,985,990,965,975,18696900
9/16/2025,CTRADRCJ6A,24,24,23,23,4100
9/16/2025,CTRAHDCK6A,0,0,0,0,0
9/16/2025,CTRAYUCZ5A,0,0,0,0,0
9/16/2025,CTRAZPCG6A,0,0,0,0,0
9/16/2025,CTTH,42,42,42,42,375300
9/16/2025,CUAN,1510,1520,1455,1470,59121600
9/16/2025,CYBR,1000,1005,980,985,17073100
9/16/2025,CYBR-W,685,715,665,680,20300
9/16/2025,DAAZ,2960,2960,2920,2950,443200
9/16/2025,DADA,79,79,79,79,13629600
9/16/2025,DART,157,173,156,159,4185200
9/16/2025,DATA,4210,4450,3780,3780,13074500
9/16/2025,DAYA,990,1005,950,1005,30400
9/16/2025,DCII,303500,305800,296000,305775,7300
9/16/2025,DEAL,0,0,0,0,0
9/16/2025,DEFI,0,0,0,0,0
9/16/2025,DEPO,218,222,208,214,471700
9/16/2025,DEWA,226,232,222,224,386368400
9/16/2025,DEWI,102,103,100,102,76663900
9/16/2025,DFAM,84,109,81,93,179245500
9/16/2025,DGIK,97,97,94,96,2954100
9/16/2025,DGNS,146,147,142,144,303200
9/16/2025,DGWG,406,410,406,408,8791500
9/16/2025,DIGI,38,38,38,38,5226800
9/16/2025,DILD,140,142,137,138,9808700
9/16/2025,DIVA,131,134,131,132,2912600
9/16/2025,DKFT,715,725,700,710,19351300
9/16/2025,DKHH,109,112,106,106,22310300
9/16/2025,DKHH-W,17,17,15,16,3721600
9/16/2025,DLTA,1990,2000,1985,2000,82200
9/16/2025,DMAS,140,140,138,139,25137200
9/16/2025,DMMX,384,384,370,380,974800
9/16/2025,DMND,575,575,570,575,30000
9/16/2025,DNAR,119,123,119,121,3769000
9/16/2025,DNET,9150,9200,9100,9100,7100
9/16/2025,DOID,368,368,360,362,6313900
9/16/2025,DOOH,167,168,159,160,111534000
9/16/2025,DOSS,186,196,182,188,26077200
9/16/2025,DPNS,332,332,302,328,418200
9/16/2025,DPUM,72,77,69,69,36327400
9/16/2025,DRMA,1005,1005,985,990,1693100
9/16/2025,DSFI,92,93,87,89,32348900
9/16/2025,DSNG,1645,1655,1625,1650,33094400
9/16/2025,DSNGDRCK6A,0,0,0,0,0
9/16/2025,DSSA,105000,109000,104950,109000,2689700
9/16/2025,DUCK,0,0,0,0,0
9/16/2025,DUTI,4420,4450,4370,4400,12900
9/16/2025,DVLA,1605,1615,1590,1615,73800
9/16/2025,DWGL,352,374,348,374,11493100
9/16/2025,DYAN,90,90,87,89,765400
9/16/2025,EAST,94,94,93,94,3257200
9/16/2025,ECII,187,191,186,188,205500
9/16/2025,EDGE,4270,4380,4270,4280,13800
9/16/2025,EKAD,188,190,185,189,318700
9/16/2025,ELIT,188,189,185,187,6242900
9/16/2025,ELPI,362,404,352,398,2172100
9/16/2025,ELSA,500,510,498,500,14770000
9/16/2025,ELSADRCJ6A,36,36,36,36,411200
9/16/2025,ELSAZPCG6A,0,0,0,0,0
9/16/2025,ELTY,18,18,18,18,24026200
9/16/2025,EMDE,100,114,99,102,17867900
9/16/2025,EMTK,1280,1280,1150,1150,153001600
9/16/2025,EMTKBQCZ5A,0,0,0,0,0
9/16/2025,EMTKDRCK6A,55,55,53,53,114100
9/16/2025,EMTKHDCZ5A,252,252,230,230,57800
9/16/2025,EMTKYUCV5A,155,155,145,145,200
9/16/2025,EMTKZPCH6A,143,143,142,143,19000
9/16/2025,ENAK,700,700,685,700,528700
9/16/2025,ENRG,645,650,625,635,64678900
9/16/2025,ENRGBQCZ5A,0,0,0,0,0
9/16/2025,ENRGDRCJ6A,93,93,87,90,5045400
9/16/2025,ENRGHDCK6A,46,46,46,46,100
9/16/2025,ENRGHDCZ5A,268,268,268,268,4000
9/16/2025,ENRGZPCG6A,0,0,0,0,0
9/16/2025,ENRGZPCK6A,0,0,0,0,0
9/16/2025,ENVY,0,0,0,0,0
9/16/2025,ENZO,41,41,41,41,1422500
9/16/2025,EPAC,42,42,39,39,14301500
9/16/2025,EPMT,2310,2310,2280,2300,10400
9/16/2025,ERAA,456,456,448,450,23434700
9/16/2025,ERAABQCZ5A,0,0,0,0,0
9/16/2025,ERAADRCJ6A,0,0,0,0,0
9/16/2025,ERAAHDCZ5A,33,33,33,33,100
9/16/2025,ERAAZPCH6A,0,0,0,0,0
9/16/2025,ERAL,338,338,330,330,5995800
9/16/2025,ERTX,124,134,121,123,2489200
9/16/2025,ESIP,55,55,54,55,3374000
9/16/2025,ESSA,660,680,645,655,66526600
9/16/2025,ESSABQCZ5A,51,55,51,53,343100
9/16/2025,ESSAHDCH6A,59,59,59,59,3900
9/16/2025,ESSAYUCZ5A,47,47,45,45,200
9/16/2025,ESSAZPCK6A,21,21,20,21,1778700
9/16/2025,ESTA,82,82,75,76,23799800
9/16/2025,ESTI,66,68,65,65,9103200
9/16/2025,ETWA,0,0,0,0,0
9/16/2025,EURO,286,290,280,290,35900
9/16/2025,EXCL,2590,2650,2590,2650,5949900
9/16/2025,EXCLHDCJ6A,34,34,34,34,10000
9/16/2025,EXCLZPCF6A,65,65,65,65,1300
9/16/2025,FAPA,6000,6050,6000,6050,14100
9/16/2025,FAST,324,328,316,322,1570400
9/16/2025,FASW,0,0,0,0,0
9/16/2025,FILM,4350,4840,4310,4840,20001800
9/16/2025,FIMP,0,0,0,0,0
9/16/2025,FIRE,101,102,95,96,48319500
9/16/2025,FISH,0,0,0,0,0
9/16/2025,FITT,0,0,0,0,0
9/16/2025,FLMC,280,280,232,244,24534900
9/16/2025,FMII,308,368,308,366,76100
9/16/2025,FOLK,81,81,79,81,230200
9/16/2025,FOOD,204,204,204,204,998100
9/16/2025,FORE,560,560,535,535,9709200
9/16/2025,FORU,1160,1165,1150,1150,160800
9/16/2025,FPNI,194,208,193,198,2188800
9/16/2025,FUJI,470,565,470,515,9860800
9/16/2025,FUTR,426,444,412,422,204971400
9/16/2025,FWCT,158,160,155,158,1389600
9/16/2025,GAMA,0,0,0,0,0
9/16/2025,GDST,109,109,107,108,610700
9/16/2025,GDYR,1175,1195,1175,1195,13800
9/16/2025,GEMA,123,125,121,123,11364400
9/16/2025,GEMS,9050,9100,9000,9000,96800
9/16/2025,GGRM,9350,11150,9250,10950,15343300
9/16/2025,GGRMZPCG6A,57,80,57,76,2062100
9/16/2025,GGRP,238,244,230,236,1464700
9/16/2025,GHON,1670,1675,1635,1635,2800
9/16/2025,GIAA,70,71,70,71,101407700
9/16/2025,GJTL,1025,1030,1010,1020,4959100
9/16/2025,GJTLZPCJ6A,0,0,0,0,0
9/16/2025,GLOB,62,62,62,62,66800
9/16/2025,GLVA,326,344,324,334,99900
9/16/2025,GMFI,59,61,59,60,2422000
9/16/2025,GMTD,2230,2230,2110,2120,2900
9/16/2025,GOLD,276,280,258,272,224800
9/16/2025,GOLF,216,216,212,214,700700
9/16/2025,GOLL,0,0,0,0,0
9/16/2025,GOOD,370,372,366,372,257000
9/16/2025,GOTO,57,57,55,57,5081307500
9/16/2025,GOTOBQCJ6A,9,9,8,8,2495700
9/16/2025,GOTOBQCZ5A,4,9,3,6,128254300
9/16/2025,GOTODRCG6A,9,9,8,8,1339700
9/16/2025,GOTOM,0,0,0,0,0
9/16/2025,GOTOZPCH6A,23,23,23,23,31100
9/16/2025,GOTOZPCK6A,12,12,12,12,3000
9/16/2025,GPRA,142,142,137,140,64405100
9/16/2025,GPSO,364,428,340,394,66916600
9/16/2025,GRIA,163,190,136,140,364034000
9/16/2025,GRPH,78,79,74,76,43026400
9/16/2025,GRPM,57,59,56,57,6379900
9/16/2025,GRPM-W,15,15,14,14,2945300
9/16/2025,GSMF,98,99,96,98,2575700
9/16/2025,GTBO,212,214,200,204,1973500
9/16/2025,GTRA,142,143,140,141,480300
9/16/2025,GTSI,95,96,88,91,76959500
9/16/2025,GULA,360,362,342,348,2503100
9/16/2025,GUNA,238,240,234,238,166900
9/16/2025,GWSA,160,160,153,155,371100
9/16/2025,GZCO,212,218,200,204,118446100
9/16/2025,HADE,45,45,42,42,20156900
9/16/2025,HAIS,193,193,190,191,2917400
9/16/2025,HAJJ,127,128,123,123,8117400
9/16/2025,HAJJ-W,17,21,16,18,43783900
9/16/2025,HALO,99,100,88,97,63477200
9/16/2025,HALO-W,17,17,15,16,21517700
9/16/2025,HATM,256,256,250,250,22951200
9/16/2025,HBAT,242,242,240,240,11488200
9/16/2025,HDFA,127,128,123,123,82900
9/16/2025,HDIT,56,58,56,58,9645400
9/16/2025,HEAL,1690,1690,1635,1670,11577000
9/16/2025,HEALBQCZ5A,0,0,0,0,0
9/16/2025,HEALDRCJ6A,50,50,50,50,100
9/16/2025,HEALHDCH6A,0,0,0,0,0
9/16/2025,HEALYUCZ5A,0,0,0,0,0
9/16/2025,HEALZPCH6A,0,0,0,0,0
9/16/2025,HELI,246,248,242,248,91400
9/16/2025,HERO,400,400,384,400,38500
9/16/2025,HEXA,5600,5600,5350,5400,1275100
9/16/2025,HGII,144,146,143,144,11848800
9/16/2025,HILL,206,206,202,204,7718900
9/16/2025,HITS,0,0,0,0,0
9/16/2025,HKMU,0,0,0,0,0
9/16/2025,HMSP,560,690,560,670,695176600
9/16/2025,HOKI,80,80,78,78,44262700
9/16/2025,HOME,0,0,0,0,0
9/16/2025,HOMI,250,274,238,248,10155100
9/16/2025,HOPE,149,180,148,165,86918600
9/16/2025,HOTL,0,0,0,0,0
9/16/2025,HRME,46,46,46,46,1248200
9/16/2025,HRTA,870,900,855,890,58802400
9/16/2025,HRUM,1140,1170,1075,1095,52078200
9/16/2025,HRUMHDCK6A,69,72,64,64,416700
9/16/2025,HRUMZPCG6A,74,74,69,71,1800
9/16/2025,HUMI,158,159,148,151,137790400
9/16/2025,HUMI-W,25,25,23,23,33718600
9/16/2025,HYGN,161,161,158,159,794700
9/16/2025,IATA,92,92,92,92,47393800
9/16/2025,IATA-W,30,30,30,30,7700
9/16/2025,IBFN,39,39,39,39,591900
9/16/2025,IBOS,48,49,45,47,31439700
9/16/2025,IBST,0,0,0,0,0
9/16/2025,ICBP,9250,9325,9200,9300,2267100
9/16/2025,ICBPDRCX6A,0,0,0,0,0
9/16/2025,ICBPHDCJ6A,0,0,0,0,0
9/16/2025,ICBPZPCX5A,0,0,0,0,0
9/16/2025,ICON,49,49,49,49,645800
9/16/2025,IDEA,124,124,123,124,9399100
9/16/2025,IDPR,258,262,254,258,719100
9/16/2025,IFII,238,238,234,234,226500
9/16/2025,IFSH,920,1130,880,1000,578300
9/16/2025,IGAR,525,525,515,520,20200
9/16/2025,IIKP,0,0,0,0,0
9/16/2025,IKAI,39,39,39,39,17956600
9/16/2025,IKAN,143,151,139,142,57400300
9/16/2025,IKBI,510,510,505,510,53000
9/16/2025,IKPM,212,218,208,212,590000
9/16/2025,IMAS,1100,1220,1100,1120,3989600
9/16/2025,IMJS,242,288,242,268,156333600
9/16/2025,IMPC,1400,1435,1350,1380,23147100
9/16/2025,INAF,0,0,0,0,0
9/16/2025,INAI,158,159,149,153,313500
9/16/2025,INCF,50,50,45,45,9936700
9/16/2025,INCI,595,605,595,605,8500
9/16/2025,INCO,4290,4300,4070,4070,19689800
9/16/2025,INCOBQCF6A,87,87,85,85,220000
9/16/2025,INCOBQCV5A,60,60,43,43,7668600
9/16/2025,INCODRCK6A,87,87,87,87,100
9/16/2025,INCODRCX5A,120,120,109,110,603200
9/16/2025,INCODRPV5A,11,12,11,12,22900
9/16/2025,INCOHDCJ6A,0,0,0,0,0
9/16/2025,INCOYUCZ5A,105,105,105,105,100
9/16/2025,INCOZPCK6A,51,51,51,51,20000
9/16/2025,INCOZPCX5A,0,0,0,0,0
9/16/2025,INDF,7700,7700,7625,7650,3203500
9/16/2025,INDFBQCV5A,0,0,0,0,0
9/16/2025,INDFDRCX6A,4100,4100,4100,4100,100
9/16/2025,INDFHDCJ6A,0,0,0,0,0
9/16/2025,INDO,250,256,244,252,4877800
9/16/2025,INDR,2810,2980,2610,2850,376300
9/16/2025,INDS,224,224,222,222,43500
9/16/2025,INDX,136,170,136,170,72919000
9/16/2025,INDY,2120,2250,2040,2150,93904100
9/16/2025,INDYHDCJ6A,232,238,226,226,92300
9/16/2025,INDYZPCG6A,106,126,105,117,266000
9/16/2025,INET,230,234,220,222,82011800
9/16/2025,INET-W,136,140,126,129,6506700
9/16/2025,INKP,7550,7575,7425,7500,6559100
9/16/2025,INKPBQCX5A,52,52,52,52,5000
9/16/2025,INKPDRCF6A,174,175,171,171,111800
9/16/2025,INKPZPCF6A,0,0,0,0,0
9/16/2025,INKPZPCK6A,35,36,35,36,158100
9/16/2025,INOV,98,100,96,97,476500
9/16/2025,INPC,172,176,167,169,10190000
9/16/2025,INPP,770,770,745,770,92200
9/16/2025,INPS,127,133,127,133,4172100
9/16/2025,INRU,845,845,795,795,43200
9/16/2025,INTA,29,29,29,29,1335800
9/16/2025,INTD,204,206,200,200,184500
9/16/2025,INTP,7100,7125,6900,6950,846300
9/16/2025,INTPZPCG6A,78,78,78,78,2600
9/16/2025,IOTF,98,98,93,95,44923000
9/16/2025,IPAC,150,155,136,146,71300
9/16/2025,IPCC,1130,1130,1115,1120,961300
9/16/2025,IPCM,296,304,294,300,5008400
9/16/2025,IPOL,142,144,135,135,354400
9/16/2025,IPPE,0,0,0,0,0
9/16/2025,IPTV,44,44,44,44,13329700
9/16/2025,IRRA,426,438,414,424,5895800
9/16/2025,IRSX,200,200,200,200,3307200
9/16/2025,ISAP,39,41,37,41,310127900
9/16/2025,ISAP-W,13,15,12,14,134367600
9/16/2025,ISAT,1915,1925,1890,1900,11017600
9/16/2025,ISATBQCJ6A,47,47,47,47,220000
9/16/2025,ISATBQCU5A,3,3,3,3,30100
9/16/2025,ISATDRCG6A,0,0,0,0,0
9/16/2025,ISATDRCX5A,0,0,0,0,0
9/16/2025,ISATHDCJ6A,0,0,0,0,0
9/16/2025,ISATZPCF6A,0,0,0,0,0
9/16/2025,ISEA,101,110,97,98,97727800
9/16/2025,ISSP,410,410,404,408,1310400
9/16/2025,ITIC,240,304,238,304,56080700
9/16/2025,ITMA,1300,1625,1300,1565,44023300
9/16/2025,ITMG,22450,22550,22350,22350,780100
9/16/2025,ITMGHDCJ6A,0,0,0,0,0
9/16/2025,ITMGZPCJ6A,65,65,65,65,10000
9/16/2025,JARR,1570,1660,1570,1660,4263300
9/16/2025,JAST,104,105,101,102,7052300
9/16/2025,JATI,137,138,133,134,2271900
9/16/2025,JAWA,148,178,147,155,44638100
9/16/2025,JAYA,102,109,102,105,7768100
9/16/2025,JECC,1130,1130,1095,1095,89400
9/16/2025,JGLE,17,17,17,17,19469900
9/16/2025,JIHD,725,730,690,700,1321800
9/16/2025,JKON,87,92,86,88,36980600
9/16/2025,JMAS,152,153,150,150,185700
9/16/2025,JPFA,1895,1960,1855,1950,34308100
9/16/2025,JPFABQCZ5A,0,0,0,0,0
9/16/2025,JPFADRCJ6A,58,67,58,64,45600
9/16/2025,JPFAHDCZ5A,0,0,0,0,0
9/16/2025,JPFAZPCG6A,0,0,0,0,0
9/16/2025,JRPT,800,800,795,800,427100
9/16/2025,JSKY,0,0,0,0,0
9/16/2025,JSMR,3530,3560,3490,3500,4506300
9/16/2025,JSMRDRCK6A,69,69,66,66,14800
9/16/2025,JSMRHDCH6A,0,0,0,0,0
9/16/2025,JSMRZPCG6A,0,0,0,0,0
9/16/2025,JSPT,3980,4000,3890,3920,6700
9/16/2025,JTPE,326,328,322,326,736300
9/16/2025,KAEF,510,525,510,515,1448000
9/16/2025,KAQI,71,72,69,70,16782800
9/16/2025,KARW,590,600,590,600,861400
9/16/2025,KAYU,0,0,0,0,0
9/16/2025,KBAG,53,55,53,55,61452300
9/16/2025,KBLI,366,370,364,370,37900
9/16/2025,KBLM,380,380,372,376,32100
9/16/2025,KBLV,0,0,0,0,0
9/16/2025,KBRI,0,0,0,0,0
9/16/2025,KDSI,470,470,466,470,1900
9/16/2025,KDTN,123,127,122,123,802200
9/16/2025,KEEN,825,830,815,830,1841600
9/16/2025,KEJU,610,610,600,610,481900
9/16/2025,KETR,560,610,540,590,15423200
9/16/2025,KIAS,0,0,0,0,0
9/16/2025,KICI,144,149,140,147,1278500
9/16/2025,KIJA,200,200,197,200,133153600
9/16/2025,KING,200,200,197,199,254500
9/16/2025,KING-W,13,14,13,13,3128500
9/16/2025,KINO,1140,1150,1120,1150,25900
9/16/2025,KIOS,86,92,84,85,74189400
9/16/2025,KJEN,214,230,206,216,25798800
9/16/2025,KKES,41,41,41,41,2554200
9/16/2025,KKGI,326,328,322,326,2781200
9/16/2025,KLAS,135,136,132,134,5059400
9/16/2025,KLBF,1180,1190,1165,1190,45211600
9/16/2025,KLBFBQCJ6A,47,47,47,47,220000
9/16/2025,KLBFBQCV5A,3,11,3,6,92183000
9/16/2025,KLBFDRCG6A,0,0,0,0,0
9/16/2025,KLBFZPCF6A,0,0,0,0,0
9/16/2025,KLBFZPCJ6A,24,24,24,24,8500
9/16/2025,KLIN,183,190,180,181,403100
9/16/2025,KMDS,620,645,620,630,215900
9/16/2025,KMTR,306,308,298,300,533800
9/16/2025,KOBX,145,146,143,145,357000
9/16/2025,KOCI,63,67,62,64,24924000
9/16/2025,KOCI-W,16,16,14,15,9964700
9/16/2025,KOIN,72,72,72,72,44100
9/16/2025,KOKA,107,108,102,102,20225600
9/16/2025,KONI,1710,1740,1665,1740,16700
9/16/2025,KOPI,332,342,332,334,212100
9/16/2025,KOTA,40,40,35,35,49148200
9/16/2025,KPIG,199,202,196,199,56671800
9/16/2025,KRAS,314,318,298,312,26436200
9/16/2025,KREN,22,22,22,22,17280200
9/16/2025,KRYA,244,246,232,232,25633400
9/16/2025,KSIX,236,280,232,252,5842900
9/16/2025,KUAS,75,75,72,72,10369400
9/16/2025,LABA,0,0,0,0,0
9/16/2025,LABS,143,144,142,144,378300
9/16/2025,LAJU,76,77,74,74,35516600
9/16/2025,LAND,45,45,45,45,5940300
9/16/2025,LAPD,187,187,187,187,5119600
9/16/2025,LCGP,0,0,0,0,0
9/16/2025,LCKM,218,218,208,212,8900
9/16/2025,LEAD,85,86,80,82,33122800
9/16/2025,LFLO,308,318,302,318,87300
9/16/2025,LIFE,16500,16500,14975,14975,14100
9/16/2025,LINK,3000,3020,3000,3020,44700
9/16/2025,LION,0,0,0,0,0
9/16/2025,LIVE,264,282,260,270,112924500
9/16/2025,LMAS,0,0,0,0,0
9/16/2025,LMAX,76,82,72,82,7983000
9/16/2025,LMPI,143,147,141,141,156500
9/16/2025,LMSH,0,0,0,0,0
9/16/2025,LOPI,99,99,86,99,36602300
9/16/2025,LPCK,645,655,620,640,491400
9/16/2025,LPGI,448,448,440,446,94100
9/16/2025,LPIN,420,422,418,422,118400
9/16/2025,LPKR,104,105,102,103,150028200
9/16/2025,LPLI,324,324,318,322,693000
9/16/2025,LPPF,1650,1675,1630,1635,856300
9/16/2025,LPPS,86,87,84,85,7856200
9/16/2025,LRNA,178,185,173,183,79400
9/16/2025,LSIP,1325,1350,1310,1340,7865900
9/16/2025,LSIPDRCK6A,0,0,0,0,0
9/16/2025,LSIPHDCJ6A,50,50,50,50,300000
9/16/2025,LSIPYUCZ5A,60,60,60,60,100
9/16/2025,LSIPZPCG6A,67,67,65,65,1000200
9/16/2025,LTLS,860,860,850,855,31700
9/16/2025,LUCK,97,116,93,95,111146800
9/16/2025,LUCY,93,93,89,92,373900
9/16/2025,MABA,0,0,0,0,0
9/16/2025,MAGP,0,0,0,0,0
9/16/2025,MAHA,160,167,155,158,26517500
9/16/2025,MAIN,710,750,700,745,8348600
9/16/2025,MANG,53,53,50,50,13141700
9/16/2025,MANG-W,25,27,25,26,1843900
9/16/2025,MAPA,600,600,565,570,37147500
9/16/2025,MAPABQCZ5A,16,16,14,14,1366300
9/16/2025,MAPADRCJ6A,14,14,13,13,92000
9/16/2025,MAPAHDCZ5A,0,0,0,0,0
9/16/2025,MAPAZPCH6A,0,0,0,0,0
9/16/2025,MAPB,1680,1770,1655,1670,7700
9/16/2025,MAPI,1205,1230,1185,1230,24737100
9/16/2025,MAPIBQCV5A,3,19,2,11,184115500
9/16/2025,MAPIDRCX5A,18,20,18,20,1040500
9/16/2025,MAPIHDCK6A,77,77,76,76,24000
9/16/2025,MAPIZPCJ6A,54,55,54,55,11300
9/16/2025,MARI,39,40,39,40,13177100
9/16/2025,MARK,635,635,620,625,11012600
9/16/2025,MASA,0,0,0,0,0
9/16/2025,MASB,3220,3250,3220,3250,600
9/16/2025,MAXI,59,61,58,59,35214900
9/16/2025,MAYA,332,334,300,308,52838400
9/16/2025,MBAP,1595,1620,1590,1605,115900
9/16/2025,MBMA,488,490,472,474,262315700
9/16/2025,MBMABQCX5A,27,27,22,24,22513500
9/16/2025,MBMADRCX5A,39,39,37,37,176000
9/16/2025,MBMADRPX5A,15,15,15,15,100200
9/16/2025,MBMAHDCH6A,76,77,76,77,40200
9/16/2025,MBMAZPCK6A,26,26,24,24,570700
9/16/2025,MBMAZPCX5A,74,74,74,74,1000
9/16/2025,MBSS,1535,1535,1500,1500,874700
9/16/2025,MBTO,129,156,122,123,65650700
9/16/2025,MCAS,830,835,800,805,837800
9/16/2025,MCOL,3620,3650,3550,3610,120400
9/16/2025,MCOR,77,78,76,77,5151700
9/16/2025,MDIA,41,44,41,42,8208900
9/16/2025,MDIY,1070,1085,1065,1070,1580200
9/16/2025,MDKA,2550,2560,2470,2540,70583000
9/16/2025,MDKABQCV5A,122,126,122,126,400
9/16/2025,MDKABQCX5B,42,42,42,42,3740000
9/16/2025,MDKADRCK6A,84,85,81,84,331000
9/16/2025,MDKADRCV5A,103,103,97,100,5285600
9/16/2025,MDKADRPX5A,24,24,24,24,5800
9/16/2025,MDKAHDCU5A,179,179,158,172,185200
9/16/2025,MDKAHDCZ5A,147,147,144,144,9000
9/16/2025,MDKAZPCF6A,82,83,78,83,5088200
9/16/2025,MDKI,180,202,176,197,23556800
9/16/2025,MDLA,248,250,240,242,10046500
9/16/2025,MDLN,73,79,72,74,194060300
9/16/2025,MDRN,33,36,33,36,26225100
9/16/2025,MEDC,1255,1310,1250,1300,69436100
9/16/2025,MEDCBQCV5A,54,54,51,52,4036000
9/16/2025,MEDCBQCX5B,31,31,31,31,100
9/16/2025,MEDCBQCZ5A,29,34,29,34,61800
9/16/2025,MEDCDRCG6A,34,38,34,37,5885700
9/16/2025,MEDCDRPV5A,18,18,18,18,18000
9/16/2025,MEDCHDCH6A,92,97,92,95,1900
9/16/2025,MEDCZPCF6A,36,37,36,37,33200
9/16/2025,MEDS,71,72,68,70,33434300
9/16/2025,MEGA,3300,3330,3250,3260,9100
9/16/2025,MEJA,90,96,82,89,47281400
9/16/2025,MEJA-W,27,31,26,29,65437200
9/16/2025,MENN,61,63,59,60,21347600
9/16/2025,MERI,294,302,248,248,94843200
9/16/2025,MERK,2810,2830,2800,2800,32000
9/16/2025,META,0,0,0,0,0
9/16/2025,MFIN,985,1150,970,1000,720900
9/16/2025,MFMI,0,0,0,0,0
9/16/2025,MGLV,1480,1480,1370,1370,566800
9/16/2025,MGNA,43,49,43,45,1266000
9/16/2025,MGNA-W,38,38,38,38,123500
9/16/2025,MGRO,750,755,745,755,7113100
9/16/2025,MHKI,165,220,164,193,427943500
9/16/2025,MICE,498,498,488,488,20800
9/16/2025,MIDI,448,452,444,452,4992100
9/16/2025,MIKA,2360,2370,2350,2370,2650100
9/16/2025,MIKAZPCG6A,23,24,23,24,12200
9/16/2025,MINA,168,168,159,160,145457400
9/16/2025,MINE,585,585,560,570,6115800
9/16/2025,MIRA,65,67,65,67,11309500
9/16/2025,MITI,330,340,316,326,10092400
9/16/2025,MKAP,346,350,346,350,92900
9/16/2025,MKNT,0,0,0,0,0
9/16/2025,MKPI,24750,25675,24750,25425,7000
9/16/2025,MKTR,140,171,138,147,46593500
9/16/2025,MKTR-W,16,22,15,16,66550100
9/16/2025,MLBI,5875,5900,5850,5850,69800
9/16/2025,MLIA,352,352,350,350,2897500
9/16/2025,MLPL,156,162,148,155,488080200
9/16/2025,MLPT,91000,109200,91000,109200,213900
9/16/2025,MMIX,390,396,380,388,15529700
9/16/2025,MMLP,540,545,540,540,5492700
9/16/2025,MNCN,264,266,258,264,20144500
9/16/2025,MOLI,232,232,224,224,1312800
9/16/2025,MORA,440,440,434,438,9200
9/16/2025,MPIX,74,75,71,72,13583700
9/16/2025,MPIX-W,14,14,13,14,359800
9/16/2025,MPMX,945,950,940,940,2306700
9/16/2025,MPOW,118,128,116,119,16317100
9/16/2025,MPPA,75,76,69,72,136852700
9/16/2025,MPRO,4630,4710,4600,4620,47000
9/16/2025,MPXL,175,192,169,183,60010900
9/16/2025,MRAT,218,224,214,218,1508500
9/16/2025,MREI,970,985,945,970,525400
9/16/2025,MSIE,72,72,72,72,3040100
9/16/2025,MSIN,660,660,615,625,16547800
9/16/2025,MSJA,302,304,300,302,2292000
9/16/2025,MSKY,96,98,92,94,23309000
9/16/2025,MSTI,1530,1550,1525,1535,628300
9/16/2025,MTDL,640,645,620,620,5413300
9/16/2025,MTEL,590,600,585,590,4458800
9/16/2025,MTELDRCK6A,18,18,18,18,100
9/16/2025,MTFN,15,15,15,15,21156400
9/16/2025,MTLA,438,440,436,440,140500
9/16/2025,MTMH,1175,1190,1155,1180,126800
9/16/2025,MTPS,48,48,48,48,2042900
9/16/2025,MTRA,0,0,0,0,0
9/16/2025,MTSM,0,0,0,0,0
9/16/2025,MTWI,362,364,360,364,68700
9/16/2025,MUTU,99,99,98,99,2263500
9/16/2025,MYOH,1730,1730,1690,1710,76000
9/16/2025,MYOR,2050,2080,2040,2070,6025800
9/16/2025,MYORDRCK6A,0,0,0,0,0
9/16/2025,MYORZPCH6A,32,32,32,32,50000
9/16/2025,MYTX,0,0,0,0,0
9/16/2025,NAIK,138,144,138,140,33066400
9/16/2025,NAIK-W,24,26,23,24,10338500
9/16/2025,NANO,71,71,65,66,63448800
9/16/2025,NASA,59,59,59,59,8183300
9/16/2025,NASI,94,96,93,95,10208000
9/16/2025,NATO,144,144,140,141,120600
9/16/2025,NAYZ,0,0,0,0,0
9/16/2025,NCKL,1115,1120,1090,1105,53192700
9/16/2025,NCKLDRCK6A,50,50,49,50,8600
9/16/2025,NCKLYUCZ5A,103,104,103,104,200
9/16/2025,NCKLZPCJ6A,71,71,69,69,5200
9/16/2025,NELY,354,354,344,350,697200
9/16/2025,NEST,276,280,260,266,7227100
9/16/2025,NETV,132,133,124,125,7885800
9/16/2025,NFCX,1815,1820,1700,1750,59500
9/16/2025,NICE,492,494,466,472,18474200
9/16/2025,NICK,1225,1360,1225,1350,15000
9/16/2025,NICL,1070,1170,1055,1140,45440300
9/16/2025,NIKL,224,226,220,220,3468300
9/16/2025,NINE,0,0,0,0,0
9/16/2025,NIRO,126,130,120,126,260400
9/16/2025,NISP,1380,1385,1360,1360,4765600
9/16/2025,NOBU,550,555,545,550,3306400
9/16/2025,NPGF,62,62,60,60,16087800
9/16/2025,NRCA,1105,1105,1030,1045,11545700
9/16/2025,NSSS,450,454,448,454,13233400
9/16/2025,NTBK,63,64,60,61,31521500
9/16/2025,NUSA,0,0,0,0,0
9/16/2025,NZIA,99,111,96,99,29559800
9/16/2025,OASA,264,272,256,258,120569000
9/16/2025,OBAT,466,474,464,468,2387300
9/16/2025,OBAT-W,109,111,107,109,3284100
9/16/2025,OBMD,290,290,272,288,1161000
9/16/2025,OCAP,0,0,0,0,0
9/16/2025,OILS,138,140,136,136,531300
9/16/2025,OKAS,304,364,304,352,126669500
9/16/2025,OLIV,108,108,102,108,23777000
9/16/2025,OMED,188,190,187,188,161900
9/16/2025,OMRE,0,0,0,0,0
9/16/2025,OPMS,90,97,90,93,13922000
9/16/2025,PACK,2100,2270,1975,2080,13661400
9/16/2025,PADA,58,58,58,58,12132400
9/16/2025,PADI,93,93,93,93,47992400
9/16/2025,PALM,420,422,406,406,1562200
9/16/2025,PAMG,81,83,77,79,42526400
9/16/2025,PANI,13725,13950,13550,13575,4847400
9/16/2025,PANIBQCZ5A,45,45,45,45,1287000
9/16/2025,PANIHDCJ6A,109,109,109,109,1352100
9/16/2025,PANIHDCZ5A,0,0,0,0,0
9/16/2025,PANIZPCJ6A,66,68,66,67,6290600
9/16/2025,PANR,730,730,685,710,7083800
9/16/2025,PANS,1390,1395,1380,1390,83200
9/16/2025,PART,114,114,111,112,17096000
9/16/2025,PART-W,21,21,19,21,3496400
9/16/2025,PBID,492,492,486,490,269200
9/16/2025,PBRX,45,45,44,44,121707100
9/16/2025,PBSA,0,0,0,0,0
9/16/2025,PCAR,52,52,52,52,27334600
9/16/2025,PDES,464,464,464,464,39400
9/16/2025,PDPP,490,490,480,486,35500
9/16/2025,PEGE,114,130,114,114,9440900
9/16/2025,PEHA,336,336,326,332,101600
9/16/2025,PEVE,442,448,426,436,383000
9/16/2025,PGAS,1770,1770,1730,1745,19024500
9/16/2025,PGASBQCU5A,88,88,86,86,300
9/16/2025,PGASBQCZ5A,0,0,0,0,0
9/16/2025,PGASDRCG6A,71,71,71,71,100
9/16/2025,PGASHDCK6A,0,0,0,0,0
9/16/2025,PGASZPCJ6A,0,0,0,0,0
9/16/2025,PGEO,1390,1400,1345,1360,57874600
9/16/2025,PGEOBQCX5B,20,20,17,17,885500
9/16/2025,PGEODRCJ6A,38,38,35,35,2049800
9/16/2025,PGEODRPV5A,0,0,0,0,0
9/16/2025,PGEOHDCH6A,45,47,45,47,37900
9/16/2025,PGEOHDCH6B,59,59,55,56,63500
9/16/2025,PGEOZPCJ6A,0,0,0,0,0
9/16/2025,PGJO,0,0,0,0,0
9/16/2025,PGLI,264,284,242,246,1525700
9/16/2025,PGUN,4870,5100,4870,5100,96800
9/16/2025,PICO,173,226,169,226,73210100
9/16/2025,PIPA,0,0,0,0,0
9/16/2025,PJAA,486,490,480,486,703000
9/16/2025,PKPK,565,570,555,565,166600
9/16/2025,PLAN,55,56,54,55,4541300
9/16/2025,PLAS,0,0,0,0,0
9/16/2025,PLIN,0,0,0,0,0
9/16/2025,PMJS,119,119,117,118,200800
9/16/2025,PMMP,0,0,0,0,0
9/16/2025,PMUI,130,131,129,129,2011200
9/16/2025,PNBN,1135,1145,1130,1135,3500700
9/16/2025,PNBS,55,56,54,54,17779300
9/16/2025,PNGO,2370,2410,2370,2370,3400
9/16/2025,PNIN,840,845,825,825,615500
9/16/2025,PNLF,252,254,248,250,69037500
9/16/2025,PNLFDRCJ6A,14,14,13,14,127800
9/16/2025,PNLFHDCZ5A,0,0,0,0,0
9/16/2025,PNLFYUCV5A,0,0,0,0,0
9/16/2025,PNLFZPCH6A,37,37,37,37,22500
9/16/2025,PNSE,810,835,720,775,14500
9/16/2025,POLA,42,42,42,42,400900
9/16/2025,POLI,755,755,755,755,100
9/16/2025,POLL,0,0,0,0,0
9/16/2025,POLU,0,0,0,0,0
9/16/2025,POLY,33,33,33,33,2538900
9/16/2025,POOL,0,0,0,0,0
9/16/2025,PORT,990,1000,960,975,45200
9/16/2025,POSA,0,0,0,0,0
9/16/2025,POWR,705,715,700,705,3494300
9/16/2025,PPGL,108,113,103,107,2909700
9/16/2025,PPRE,102,104,98,99,23322800
9/16/2025,PPRI,402,402,360,370,46121700
9/16/2025,PPRO,0,0,0,0,0
9/16/2025,PRAY,675,700,650,690,20600
9/16/2025,PRDA,2770,2780,2720,2770,36300
9/16/2025,PRIM,91,95,90,90,25554300
9/16/2025,PSAB,585,585,555,565,158169300
9/16/2025,PSAT,1410,1415,1390,1400,517500
9/16/2025,PSDN,99,108,97,103,14326600
9/16/2025,PSGO,208,210,204,206,878000
9/16/2025,PSKT,119,121,119,121,9089900
9/16/2025,PSSI,348,352,346,348,263300
9/16/2025,PTBA,2380,2400,2360,2380,11733200
9/16/2025,PTBABQCV5A,0,0,0,0,0
9/16/2025,PTBADRCG6A,23,23,22,23,103400
9/16/2025,PTBAYUCZ5A,87,87,87,87,1100
9/16/2025,PTBAZPCH6A,0,0,0,0,0
9/16/2025,PTDU,0,0,0,0,0
9/16/2025,PTIS,412,414,400,400,31500
9/16/2025,PTMP,99,100,94,96,28602800
9/16/2025,PTMR,0,0,0,0,0
9/16/2025,PTPP,364,370,358,364,16462300
9/16/2025,PTPS,167,189,167,177,107398100
9/16/2025,PTPW,955,955,945,945,24400
9/16/2025,PTRO,4160,4230,4120,4190,83638300
9/16/2025,PTROHDCK6A,0,0,0,0,0
9/16/2025,PTROZPCK6A,73,75,73,74,743400
9/16/2025,PTSN,468,468,442,458,2352400
9/16/2025,PTSP,925,940,905,935,247600
9/16/2025,PUDP,240,240,226,228,53700
9/16/2025,PURA,44,44,44,44,16919700
9/16/2025,PURE,0,0,0,0,0
9/16/2025,PURI,193,210,188,198,1993300
9/16/2025,PWON,378,380,372,376,68196200
9/16/2025,PWONHDCZ5A,0,0,0,0,0
9/16/2025,PWONZPCH6A,36,36,36,36,277800
9/16/2025,PYFA,505,505,470,478,73088200
9/16/2025,PYFA-W,97,99,97,98,485700
9/16/2025,PZZA,238,246,232,242,4465500
9/16/2025,RAAM,360,370,344,366,32968800
9/16/2025,R-ABFII,0,0,0,0,0
9/16/2025,RAFI,0,0,0,0,0
9/16/2025,RAJA,2900,2920,2800,2810,29640700
9/16/2025,RAJAHDCK6A,86,86,86,86,1400
9/16/2025,RAJAZPCK6A,44,45,44,45,20000
9/16/2025,RALS,398,398,392,396,17119900
9/16/2025,RANC,420,424,418,422,14600
9/16/2025,RATU,5900,5975,5750,5775,3219300
9/16/2025,RBMS,46,46,45,45,1767000
9/16/2025,RCCC,248,272,224,264,1971500
9/16/2025,RDTX,11925,12075,11650,11825,1500
9/16/2025,REAL,90,116,82,98,3777338800
9/16/2025,RELF,60,61,54,54,42212200
9/16/2025,RELI,725,800,690,715,1087300
9/16/2025,RGAS,103,103,101,101,26333400
9/16/2025,RICY,96,96,92,92,2246800
9/16/2025,RIGS,810,825,810,825,344400
9/16/2025,RIMO,0,0,0,0,0
9/16/2025,RISE,1115,1115,1115,1115,468000
9/16/2025,R-LQ45X,984,989,975,984,33600
9/16/2025,RMKE,975,1000,975,995,3365900
9/16/2025,RMKO,142,142,134,137,1858900
9/16/2025,ROCK,795,795,795,795,160600
9/16/2025,RODA,46,50,46,49,554300
9/16/2025,RONY,0,0,0,0,0
9/16/2025,ROTI,800,805,785,795,1584100
9/16/2025,RSCH,364,372,362,372,1318300
9/16/2025,RSGK,0,0,0,0,0
9/16/2025,RUIS,202,204,197,199,3847700
9/16/2025,RUNS,110,112,105,110,788200
9/16/2025,SAFE,185,196,185,188,413500
9/16/2025,SAGE,52,52,52,52,55521500
9/16/2025,SAME,314,316,306,310,1090900
9/16/2025,SAMF,326,328,320,326,482700
9/16/2025,SAPX,326,326,304,310,292200
9/16/2025,SATU,244,248,244,248,4501600
9/16/2025,SBAT,0,0,0,0,0
9/16/2025,SBMA,136,136,133,136,3290800
9/16/2025,SCCO,2290,2290,2260,2270,13100
9/16/2025,SCMA,308,310,300,302,136515400
9/16/2025,SCMABQCZ5A,0,0,0,0,0
9/16/2025,SCMADRCK6A,91,92,89,89,502100
9/16/2025,SCMAHDCZ5A,0,0,0,0,0
9/16/2025,SCMAZPCG6A,154,154,154,154,100
9/16/2025,SCNP,186,186,180,185,14600
9/16/2025,SCPI,0,0,0,0,0
9/16/2025,SDMU,79,79,71,71,12355600
9/16/2025,SDPC,136,136,131,133,267600
9/16/2025,SDRA,294,294,292,294,357300
9/16/2025,SEMA,99,108,98,101,2923100
9/16/2025,SFAN,1920,1920,1915,1915,73800
9/16/2025,SGER,344,356,336,354,298529300
9/16/2025,SGRO,4610,4630,4550,4580,1067300
9/16/2025,SHID,925,925,890,890,15600
9/16/2025,SHIP,4020,4020,3870,4000,88300
9/16/2025,SICO,123,138,120,125,38285400
9/16/2025,SIDO,545,550,540,550,17411200
9/16/2025,SIDODRCK6A,33,33,33,33,100
9/16/2025,SILO,2180,2190,2130,2190,1566000
9/16/2025,SIMA,0,0,0,0,0
9/16/2025,SIMP,640,650,630,630,16377500
9/16/2025,SINI,4020,4020,3900,3900,30000
9/16/2025,SIPD,700,700,680,680,32900
9/16/2025,SKBM,354,360,350,354,7300
9/16/2025,SKLT,189,192,189,190,30700
9/16/2025,SKRN,416,420,410,410,271500
9/16/2025,SKYB,0,0,0,0,0
9/16/2025,SLIS,99,102,97,101,55657600
9/16/2025,SLIS-W,18,18,16,17,11465000
9/16/2025,SMAR,5600,5625,5400,5450,118900
9/16/2025,SMBR,302,304,294,298,13139700
9/16/2025,SMCB,0,0,0,0,0
9/16/2025,SMDM,820,900,815,870,623600
9/16/2025,SMDR,342,342,334,334,10287100
9/16/2025,SMGA,113,123,112,116,179618900
9/16/2025,SMGR,2910,2930,2880,2930,9112800
9/16/2025,SMGRBQCU5A,1,9,1,5,85857200
9/16/2025,SMGRBQCX5B,72,73,72,73,1600
9/16/2025,SMGRBQCZ5A,0,0,0,0,0
9/16/2025,SMGRDRCV5A,0,0,0,0,0
9/16/2025,SMGRHDCZ5A,0,0,0,0,0
9/16/2025,SMGRZPCJ6A,0,0,0,0,0
9/16/2025,SMIL,670,670,635,670,156303300
9/16/2025,SMKL,170,170,165,168,66400
9/16/2025,SMKM,204,204,204,204,53504800
9/16/2025,SMLE,169,228,167,228,119960900
9/16/2025,SMMA,15425,15600,15350,15600,15400
9/16/2025,SMMT,1210,1215,1200,1200,517400
9/16/2025,SMRA,470,470,454,458,40546500
9/16/2025,SMRADRCJ6A,32,34,32,34,4100
9/16/2025,SMRAHDCZ5A,0,0,0,0,0
9/16/2025,SMRAZPCH6A,0,0,0,0,0
9/16/2025,SMRU,0,0,0,0,0
9/16/2025,SMSM,1885,1905,1880,1895,4406200
9/16/2025,SNLK,464,468,452,456,8550800
9/16/2025,SOCI,210,218,202,204,27865400
9/16/2025,SOFA,69,72,66,72,18465900
9/16/2025,SOHO,740,740,725,740,12800
9/16/2025,SOLA,150,150,141,142,23202600
9/16/2025,SONA,4740,5000,4670,4800,155400
9/16/2025,SOSS,915,915,915,915,246900
9/16/2025,SOTS,390,540,390,505,2455400
9/16/2025,SOUL,85,85,79,80,2780300
9/16/2025,SPMA,272,288,272,284,201600
9/16/2025,SPRE,77,77,74,76,4532100
9/16/2025,SPTO,680,680,670,675,711500
9/16/2025,SQMI,0,0,0,0,0
9/16/2025,SRAJ,9025,9775,9000,9350,1672000
9/16/2025,SRIL,0,0,0,0,0
9/16/2025,SRSN,69,71,68,70,32603000
9/16/2025,SRTG,1925,1935,1880,1930,9920700
9/16/2025,SRTGDRCK6A,101,101,97,100,21800
9/16/2025,SRTGHDCK6A,0,0,0,0,0
9/16/2025,SRTGZPCG6A,101,101,96,96,19300
9/16/2025,SRTGZPCK6A,48,49,48,49,6200
9/16/2025,SSIA,1990,1990,1865,1905,64397000
9/16/2025,SSMS,1465,1475,1425,1440,7522300
9/16/2025,SSTM,330,330,296,304,445800
9/16/2025,STAA,1080,1100,1080,1095,8907100
9/16/2025,STAR,88,88,88,88,588800
9/16/2025,STRK,0,0,0,0,0
9/16/2025,STTP,10375,10375,10075,10075,300
9/16/2025,SUGI,0,0,0,0,0
9/16/2025,SULI,98,99,95,96,2473000
9/16/2025,SUNI,845,850,815,845,540500
9/16/2025,SUPR,0,0,0,0,0
9/16/2025,SURE,2800,2800,2740,2780,7200
9/16/2025,SURI,152,152,129,131,747494200
9/16/2025,SWAT,0,0,0,0,0
9/16/2025,SWID,100,113,98,103,23496200
9/16/2025,TALF,380,388,368,376,71500
9/16/2025,TAMA,48,48,48,48,6854300
9/16/2025,TAMU,40,40,40,40,45737500
9/16/2025,TAPG,1565,1590,1560,1590,19162900
9/16/2025,TAPGDRCJ6A,88,91,88,91,3200
9/16/2025,TAPGHDCH6A,204,204,204,204,2100
9/16/2025,TAPGZPCH6A,0,0,0,0,0
9/16/2025,TARA,41,41,41,41,24990300
9/16/2025,TAXI,20,20,20,20,20293000
9/16/2025,TAYS,79,85,76,84,58505700
9/16/2025,TBIG,1845,1870,1830,1835,167600
9/16/2025,TBLA,740,740,720,730,3271300
9/16/2025,TBMS,1050,1050,1005,1010,46500
9/16/2025,TCID,3090,3100,2850,3000,143700
9/16/2025,TCPI,5900,6075,5850,5975,9479900
9/16/2025,TDPM,0,0,0,0,0
9/16/2025,TEBE,1820,1960,1775,1940,11716800
9/16/2025,TECH,0,0,0,0,0
9/16/2025,TELE,0,0,0,0,0
9/16/2025,TFAS,178,181,173,174,5872300
9/16/2025,TFCO,0,0,0,0,0
9/16/2025,TGKA,5675,5675,5675,5675,300
9/16/2025,TGRA,0,0,0,0,0
9/16/2025,TGUK,0,0,0,0,0
9/16/2025,TIFA,404,404,398,400,12400
9/16/2025,TINS,1130,1145,1110,1130,25234500
9/16/2025,TIRA,1570,1600,1495,1535,103200
9/16/2025,TIRT,0,0,0,0,0
9/16/2025,TKIM,7200,7225,6925,7100,1858900
9/16/2025,TKIMHDCJ6A,0,0,0,0,0
9/16/2025,TKIMZPCG6A,102,102,101,101,130100
9/16/2025,TKIMZPCK6A,0,0,0,0,0
9/16/2025,TLDN,710,715,695,705,1380400
9/16/2025,TLKM,3300,3300,3260,3300,80642900
9/16/2025,TLKMBQCG6A,70,70,70,70,220000
9/16/2025,TLKMBQCV5A,104,104,104,104,20000
9/16/2025,TLKMDRCJ6A,86,87,86,86,900
9/16/2025,TLKMDRCX6A,0,0,0,0,0
9/16/2025,TLKMHDCJ6A,0,0,0,0,0
9/16/2025,TLKMHDCV5A,316,316,316,316,1100
9/16/2025,TLKMZPCF6A,110,110,110,110,1000
9/16/2025,TMAS,140,141,136,137,6886700
9/16/2025,TMPO,179,183,176,178,16747100
9/16/2025,TNCA,179,181,174,178,1743700
9/16/2025,TOBA,1260,1270,1215,1260,62476300
9/16/2025,TOOL,67,67,65,65,9201700
9/16/2025,TOPS,0,0,0,0,0
9/16/2025,TOSK,72,72,65,67,132981800
9/16/2025,TOTL,780,785,770,780,1782400
9/16/2025,TOTO,260,260,256,258,1250100
9/16/2025,TOWR,595,600,585,600,22322600
9/16/2025,TOWRHDCK6A,0,0,0,0,0
9/16/2025,TOYS,0,0,0,0,0
9/16/2025,TPIA,7975,8025,7900,8025,5402800
9/16/2025,TPMA,590,595,585,585,3002200
9/16/2025,TRAM,0,0,0,0,0
9/16/2025,TRGU,172,173,172,173,118500
9/16/2025,TRIL,0,0,0,0,0
9/16/2025,TRIM,374,374,368,372,69000
9/16/2025,TRIN,94,95,90,94,7546000
9/16/2025,TRIN-W2,0,0,0,0,0
9/16/2025,TRIO,0,0,0,0,0
9/16/2025,TRIS,185,190,185,186,130300
9/16/2025,TRJA,140,150,138,140,4881800
9/16/2025,TRON,93,102,90,91,89756800
9/16/2025,TRST,480,492,474,492,38200
9/16/2025,TRUE,57,57,57,57,11357100
9/16/2025,TRUK,0,0,0,0,0
9/16/2025,TRUS,462,476,462,474,5700
9/16/2025,TSPC,2300,2370,2290,2360,1893400
9/16/2025,TUGU,970,970,955,960,1271600
9/16/2025,TYRE,126,130,126,128,165100
9/16/2025,UANG,0,0,0,0,0
9/16/2025,UCID,440,442,438,440,6832400
9/16/2025,UDNG,3060,3060,3060,3060,679700
9/16/2025,UFOE,176,177,174,176,42100
9/16/2025,ULTJ,1285,1315,1285,1315,4734900
9/16/2025,UNIC,7975,8000,7900,7900,1100
9/16/2025,UNIQ,368,374,366,368,42007500
9/16/2025,UNIT,0,0,0,0,0
9/16/2025,UNSP,170,170,169,170,1525400
9/16/2025,UNTD,87,87,86,86,5770600
9/16/2025,UNTR,26450,26775,26225,26700,2320300
9/16/2025,UNTRBQCV5A,0,0,0,0,0
9/16/2025,UNTRDRCG6A,157,165,157,165,8100
9/16/2025,UNTRZPCJ6A,155,155,155,155,4200
9/16/2025,UNVR,1700,1770,1695,1740,28476400
9/16/2025,UNVRBQCU5A,4,20,4,20,10374700
9/16/2025,UNVRBQCZ5A,0,0,0,0,0
9/16/2025,UNVRDRCG6A,39,44,39,43,8200
9/16/2025,UNVRHDPG6A,0,0,0,0,0
9/16/2025,UNVRZPCH6A,0,0,0,0,0
9/16/2025,URBN,141,142,137,140,30900
9/16/2025,UVCR,74,75,73,74,12231500
9/16/2025,VAST,196,202,195,196,8170500
9/16/2025,VAST-W,14,15,14,14,3670100
9/16/2025,VERN,132,136,127,129,4634500
9/16/2025,VERN-W,5,6,4,5,54715400
9/16/2025,VICI,625,630,620,630,523400
9/16/2025,VICO,206,208,199,202,865100
9/16/2025,VINS,150,151,142,145,2978500
9/16/2025,VISI,156,156,153,155,4207100
9/16/2025,VIVA,46,46,42,42,40687200
9/16/2025,VKTR,117,134,117,126,219724100
9/16/2025,VOKS,334,410,320,372,15684700
9/16/2025,VRNA,89,91,89,90,1276300
9/16/2025,VTNY,104,104,102,103,11598500
9/16/2025,WAPO,176,183,170,172,8203200
9/16/2025,WEGE,77,80,73,75,61418700
9/16/2025,WEHA,119,121,117,117,2437100
9/16/2025,WGSH,232,236,202,220,3152100
9/16/2025,WICO,0,0,0,0,0
9/16/2025,WIDI,51,52,47,49,67294700
9/16/2025,WIFI,2690,2740,2630,2650,62861800
9/16/2025,WIIM,830,1035,825,1030,144012800
9/16/2025,WIKA,0,0,0,0,0
9/16/2025,WINE,220,222,216,216,298300
9/16/2025,WINR,37,37,37,37,7948100
9/16/2025,WINS,418,418,414,416,2069300
9/16/2025,WIRG,172,173,164,165,749489600
9/16/2025,WMPP,0,0,0,0,0
9/16/2025,WMUU,28,28,28,28,186004100
9/16/2025,WOMF,340,342,340,340,24200
9/16/2025,WOOD,380,380,370,376,2308300
9/16/2025,WOWS,99,103,94,97,198006300
9/16/2025,WSBP,31,32,31,32,219793800
9/16/2025,WSKT,0,0,0,0,0
9/16/2025,WTON,107,109,105,106,11482100
9/16/2025,XAQA,0,0,0,0,0
9/16/2025,XBES,1059,1059,1057,1057,10100
9/16/2025,XBID,513,514,513,514,41000
9/16/2025,XBIG,0,0,0,0,0
9/16/2025,XBIN,582,582,582,582,40000
9/16/2025,XBLQ,0,0,0,0,0
9/16/2025,XBNI,0,0,0,0,0
9/16/2025,XBSK,451,451,451,451,40000
9/16/2025,XCEG,109,109,109,109,400
9/16/2025,XCID,72,73,69,70,634800
9/16/2025,XCIS,103,103,91,95,53300
9/16/2025,XCLQ,84,89,84,85,190400
9/16/2025,XDIF,0,0,0,0,0
9/16/2025,XIFE,104,108,104,104,5300
9/16/2025,XIHD,633,634,633,634,1000
9/16/2025,XIIC,0,0,0,0,0
9/16/2025,XIID,0,0,0,0,0
9/16/2025,XIIF,464,464,464,464,7200
9/16/2025,XIIT,560,560,505,515,31700
9/16/2025,XIJI,630,634,630,634,500
9/16/2025,XILV,103,118,103,117,3900
9/16/2025,XIML,236,250,236,250,7600
9/16/2025,XIPB,0,0,0,0,0
9/16/2025,XIPI,0,0,0,0,0
9/16/2025,XISB,0,0,0,0,0
9/16/2025,XISC,772,772,772,772,100
9/16/2025,XISI,0,0,0,0,0
9/16/2025,XISR,447,447,447,447,1900
9/16/2025,XKID,0,0,0,0,0
9/16/2025,XKIV,596,596,590,590,42100
9/16/2025,XKMS,1139,1146,1135,1146,200100
9/16/2025,XMGB,0,0,0,0,0
9/16/2025,XMIG,218,218,218,218,200000
9/16/2025,XMLF,885,885,885,885,40000
9/16/2025,XMSK,393,393,393,393,2000
9/16/2025,XNVE,0,0,0,0,0
9/16/2025,XPDV,660,715,567,625,16000
9/16/2025,XPFT,0,0,0,0,0
9/16/2025,XPIN,651,651,651,651,100
9/16/2025,XPLQ,452,517,452,516,3300
9/16/2025,XPSG,0,0,0,0,0
9/16/2025,XPTD,473,473,473,473,100
9/16/2025,XSBC,102,102,101,101,45600
9/16/2025,XSPI,0,0,0,0,0
9/16/2025,XSSI,82,82,78,81,189500
9/16/2025,XSSK,701,701,701,701,20000
9/16/2025,YELO,78,80,66,66,35303500
9/16/2025,YOII,96,99,96,99,4798500
9/16/2025,YPAS,0,0,0,0,0
9/16/2025,YULE,2700,2700,2700,2700,200
9/16/2025,YUPI,1615,1625,1600,1625,44000
9/16/2025,ZATA,36,36,36,36,6944200
9/16/2025,ZBRA,0,0,0,0,0
9/16/2025,ZINC,39,39,39,39,16183200
9/16/2025,ZONE,760,760,755,760,193000
9/16/2025,ZYRX,147,152,147,149,495300
