<date>,<ticker>,<open>,<high>,<low>,<close>,<volume>
10/20/2025,IHSG,7988.450,8117.270,7937.390,8088.978,33541038700
10/20/2025,AADI,7850,8025,7775,7900,9461600
10/20/2025,AADIDRCN6A,90,91,90,91,180000
10/20/2025,AADIHDCK6A,95,98,95,95,676300
10/20/2025,AADIYUCK6A,302,302,302,302,100
10/20/2025,AALI,7900,7950,7850,7900,735400
10/20/2025,ABBA,72,72,65,65,4221100
10/20/2025,ABDA,2710,2710,2710,2710,100
10/20/2025,ABMM,2580,2720,2580,2690,1006900
10/20/2025,ACES,418,430,418,424,30190200
10/20/2025,ACESBQCV5A,1,2,1,1,18205000
10/20/2025,ACESBQCX5B,5,5,3,5,4149600
10/20/2025,ACESBQCZ5A,12,12,12,12,8600
10/20/2025,ACESDRCJ6A,11,11,10,10,275100
10/20/2025,ACESHDCZ5A,0,0,0,0,0
10/20/2025,ACESZPCJ6A,18,18,17,17,100900
10/20/2025,ACRO,83,85,82,84,4917100
10/20/2025,ACRO-W,10,11,7,8,62160100
10/20/2025,ACST,130,136,130,133,4707200
10/20/2025,ADCP,54,56,53,55,21431200
10/20/2025,ADES,13525,13950,13500,13500,84500
10/20/2025,ADHI,248,262,248,258,6192100
10/20/2025,ADMF,8575,8700,8550,8700,36800
10/20/2025,ADMG,134,136,130,133,717700
10/20/2025,ADMR,1225,1325,1220,1260,73914800
10/20/2025,ADMRDRCJ6A,50,63,50,58,5644700
10/20/2025,ADMRHDCJ6A,90,97,88,93,1578300
10/20/2025,ADMRZPCH6A,76,84,74,80,15500
10/20/2025,ADRO,1650,1705,1650,1695,71982100
10/20/2025,ADROBQCG6A,57,57,54,54,2033800
10/20/2025,ADROBQCZ5A,10,11,9,10,3749000
10/20/2025,ADRODRCJ6A,46,46,46,46,900
10/20/2025,ADRODRCX5A,25,26,25,26,31900
10/20/2025,ADROHDCZ5A,35,35,35,35,2100
10/20/2025,ADROHDPH6A,0,0,0,0,0
10/20/2025,ADROYUCZ5A,43,43,43,43,400
10/20/2025,ADROZPCF6A,18,18,18,18,5100
10/20/2025,ADROZPCK6A,44,44,43,43,2400
10/20/2025,AEGS,40,43,39,41,4803800
10/20/2025,AGAR,230,244,224,234,50400
10/20/2025,AGII,1580,1580,1580,1580,66600
10/20/2025,AGRO,212,224,212,222,29610700
10/20/2025,AGRS,67,70,65,69,6134800
10/20/2025,AHAP,81,84,80,82,14214400
10/20/2025,AIMS,360,360,360,360,226100
10/20/2025,AISA,130,138,129,136,17990300
10/20/2025,AKKU,0,0,0,0,0
10/20/2025,AKPI,555,570,555,565,52900
10/20/2025,AKRA,1075,1100,1075,1090,8629500
10/20/2025,AKRABQCX5B,12,13,11,13,16700
10/20/2025,AKRADRCX5A,12,16,11,16,28500
10/20/2025,AKRAHDCH6A,0,0,0,0,0
10/20/2025,AKRAZPCJ6A,0,0,0,0,0
10/20/2025,AKRAZPCM6A,27,28,26,28,319900
10/20/2025,AKRAZPCX5A,0,0,0,0,0
10/20/2025,AKSI,282,312,282,302,378600
10/20/2025,ALDO,490,494,490,494,16000
10/20/2025,ALII,575,600,550,560,3182400
10/20/2025,ALKA,334,346,330,344,43000
10/20/2025,ALMI,0,0,0,0,0
10/20/2025,ALTO,0,0,0,0,0
10/20/2025,AMAG,346,348,340,346,113200
10/20/2025,AMAN,138,144,134,140,1280500
10/20/2025,AMAR,234,236,220,222,1723600
10/20/2025,AMFG,3380,3400,3380,3390,15600
10/20/2025,AMIN,284,294,272,294,1270700
10/20/2025,AMMN,8025,8050,7600,7650,31978300
10/20/2025,AMMNBQCZ5A,28,28,18,21,3262800
10/20/2025,AMMNDRCJ6A,62,62,52,53,2609600
10/20/2025,AMMNHDCH6A,0,0,0,0,0
10/20/2025,AMMNZPCG6A,36,37,36,37,65900
10/20/2025,AMMS,312,330,294,308,3233600
10/20/2025,AMOR,430,430,420,422,169100
10/20/2025,AMRT,2220,2330,2220,2250,49774600
10/20/2025,AMRTBQCH6A,37,40,36,38,562700
10/20/2025,AMRTDRCZ5A,33,37,33,35,7500
10/20/2025,AMRTHDCJ6A,21,29,21,27,1292800
10/20/2025,AMRTZPCK6A,30,31,30,31,500
10/20/2025,AMRTZPCX5A,43,43,41,41,61200
10/20/2025,ANDI,25,25,23,24,7313400
10/20/2025,ANJT,2140,2220,2050,2130,610800
10/20/2025,ANTM,3450,3450,3270,3270,160783200
10/20/2025,ANTMBQCX5A,63,63,51,51,862600
10/20/2025,ANTMBQCZ5A,0,0,0,0,0
10/20/2025,ANTMDRCG6A,58,58,48,51,2092000
10/20/2025,ANTMDRCG6B,75,75,69,69,137600
10/20/2025,ANTMDRCX5A,0,0,0,0,0
10/20/2025,ANTMDRPZ5A,0,0,0,0,0
10/20/2025,ANTMHDCH6A,84,84,84,84,100
10/20/2025,ANTMHDCH6B,155,155,134,134,81200
10/20/2025,ANTMHDPH6A,56,58,53,57,60000
10/20/2025,ANTMZPCJ6A,83,87,80,80,586000
10/20/2025,ANTMZPCK6A,38,38,32,33,968900
10/20/2025,ANTMZPCX5A,238,238,238,238,62900
10/20/2025,APEX,123,127,122,123,11426500
10/20/2025,APIC,1090,1130,1090,1110,5371900
10/20/2025,APII,182,186,180,186,163300
10/20/2025,APLI,472,492,462,472,88600
10/20/2025,APLN,96,102,95,100,42733300
10/20/2025,ARCI,1400,1405,1310,1385,188961400
10/20/2025,AREA,505,510,500,510,619200
10/20/2025,ARGO,1015,1015,930,1005,34100
10/20/2025,ARII,270,272,256,268,190100
10/20/2025,ARKA,30,30,30,30,2029200
10/20/2025,ARKO,1310,1395,1295,1350,1460500
10/20/2025,ARMY,0,0,0,0,0
10/20/2025,ARNA,535,535,515,520,7912700
10/20/2025,ARTA,3080,3160,3080,3160,4000
10/20/2025,ARTI,0,0,0,0,0
10/20/2025,ARTO,1965,2060,1965,2020,6181700
10/20/2025,ARTOBQCX5B,57,64,57,64,2001000
10/20/2025,ARTOBQCZ5A,8,9,6,8,3907200
10/20/2025,ARTODRCK6A,0,0,0,0,0
10/20/2025,ARTODRCX5A,38,38,36,38,500
10/20/2025,ARTOHDCZ5A,0,0,0,0,0
10/20/2025,ARTOZPCK6A,37,38,37,38,2048600
10/20/2025,ARTOZPCX5A,33,34,33,34,400
10/20/2025,ASBI,482,490,468,472,6400
10/20/2025,ASDM,535,550,530,550,42600
10/20/2025,ASGR,1055,1070,1040,1070,491400
10/20/2025,ASHA,70,70,68,68,15813600
10/20/2025,ASII,5625,5925,5625,5925,29959700
10/20/2025,ASIIBQCZ5A,0,0,0,0,0
10/20/2025,ASIIDRCX5A,0,0,0,0,0
10/20/2025,ASIIDRCX6A,0,0,0,0,0
10/20/2025,ASIIHDCZ5A,0,0,0,0,0
10/20/2025,ASIIZPCJ6A,0,0,0,0,0
10/20/2025,ASIIZPCM6A,32,33,32,33,70600
10/20/2025,ASJT,128,130,126,129,526400
10/20/2025,ASLC,75,78,73,77,25288500
10/20/2025,ASLI,0,0,0,0,0
10/20/2025,ASMI,27,27,26,27,349600
10/20/2025,ASPI,0,0,0,0,0
10/20/2025,ASPR,98,100,97,98,2756300
10/20/2025,ASRI,164,170,164,170,27162600
10/20/2025,ASRM,410,430,376,404,442100
10/20/2025,ASSA,875,925,855,910,20145100
10/20/2025,ATAP,100,100,98,98,2682200
10/20/2025,ATIC,420,426,418,420,247000
10/20/2025,ATLA,69,71,64,68,149362300
10/20/2025,AUTO,2320,2370,2290,2340,1968400
10/20/2025,AUTODRCV6A,59,59,59,59,11200
10/20/2025,AUTOZPCJ6A,0,0,0,0,0
10/20/2025,AVIA,424,428,416,418,9769800
10/20/2025,AVIADRCV6A,63,63,61,61,3400
10/20/2025,AVIAZPCJ6A,17,17,16,16,43100
10/20/2025,AWAN,212,224,208,220,20002100
10/20/2025,AXIO,120,121,116,121,605600
10/20/2025,AYAM,179,180,176,177,136802600
10/20/2025,AYLS,188,188,172,185,15437800
10/20/2025,BABP,52,53,51,52,16244600
10/20/2025,BABY,372,440,356,430,15241700
10/20/2025,BACA,140,145,140,143,2024400
10/20/2025,BAIK,97,102,96,102,964700
10/20/2025,BAIK-W,9,9,8,9,5193100
10/20/2025,BAJA,180,222,158,158,169963600
10/20/2025,BALI,1160,1195,1130,1145,27700
10/20/2025,BANK,810,825,805,815,7218700
10/20/2025,BANK-W,0,0,0,0,0
10/20/2025,BAPA,70,70,65,66,6451200
10/20/2025,BAPI,21,22,20,22,12289200
10/20/2025,BATA,54,55,54,55,85200
10/20/2025,BATR,105,107,103,103,1564000
10/20/2025,BAUT,40,40,39,40,9295000
10/20/2025,BAYU,1285,1305,1285,1300,338700
10/20/2025,BBCA,7700,8000,7625,7875,393421800
10/20/2025,BBCABQCG6A,65,71,65,71,229300
10/20/2025,BBCABQCV5A,3,3,2,2,8111400
10/20/2025,BBCABQCX5A,9,11,8,10,7286300
10/20/2025,BBCADRCF6A,23,29,22,28,7123100
10/20/2025,BBCADRCX6A,3430,3620,3430,3550,25600
10/20/2025,BBCAHDCQ7A,48,56,48,54,1293500
10/20/2025,BBCAYUCK6A,176,176,171,171,5200
10/20/2025,BBCAZPCF6A,13,19,12,18,29955600
10/20/2025,BBCAZPCH6A,60,72,60,69,1024700
10/20/2025,BBHI,1465,1530,1465,1510,973500
10/20/2025,BBKP,67,72,66,70,203052300
10/20/2025,BBLD,900,900,875,875,600
10/20/2025,BBMD,0,0,0,0,0
10/20/2025,BBNI,3870,4110,3860,4040,146203400
10/20/2025,BBNIBQCG6A,53,57,53,57,200
10/20/2025,BBNIBQCV5A,2,2,1,2,6080600
10/20/2025,BBNIDRCX6A,2120,2120,2110,2110,1100
10/20/2025,BBNIDRCZ5A,30,36,30,35,1060700
10/20/2025,BBNIDRPZ5A,64,64,63,63,201200
10/20/2025,BBNIHDCQ7A,0,0,0,0,0
10/20/2025,BBNIYUCV5A,0,0,0,0,0
10/20/2025,BBNIZPCH6A,71,78,71,75,305900
10/20/2025,BBNIZPCX5A,0,0,0,0,0
10/20/2025,BBRI,3550,3730,3540,3680,391510300
10/20/2025,BBRIBQCJ6A,37,47,37,47,659000
10/20/2025,BBRIBQCZ5A,27,28,26,28,585400
10/20/2025,BBRIDRCG6A,68,71,67,70,1964600
10/20/2025,BBRIDRCN6A,86,87,86,87,419800
10/20/2025,BBRIDRCX5A,56,76,56,76,2362700
10/20/2025,BBRIDRCX6A,1925,1995,1925,1995,8800
10/20/2025,BBRIDRPZ5A,61,61,56,56,376100
10/20/2025,BBRIHDCH6A,94,94,94,94,100
10/20/2025,BBRIHDCQ7A,63,71,63,70,255200
10/20/2025,BBRIYUCV5A,0,0,0,0,0
10/20/2025,BBRIZPCH6A,56,66,56,64,5672000
10/20/2025,BBRIZPCX5A,0,0,0,0,0
10/20/2025,BBRM,84,85,81,85,3556800
10/20/2025,BBSI,4040,4120,3850,4110,32900
10/20/2025,BBSS,312,320,300,312,5758000
10/20/2025,BBTN,1155,1250,1155,1235,109037100
10/20/2025,BBTNDRCV6A,61,69,60,69,259000
10/20/2025,BBTNHDCZ5A,69,69,69,69,11600
10/20/2025,BBTNYUCZ5A,53,53,53,53,67000
10/20/2025,BBTNZPCG6A,35,41,35,41,109800
10/20/2025,BBYB,340,360,340,356,75888800
10/20/2025,BCAP,53,57,53,56,31068300
10/20/2025,BCIC,164,164,150,151,1544900
10/20/2025,BCIP,100,110,100,110,23272900
10/20/2025,BDKR,156,162,154,162,25002800
10/20/2025,BDMN,2340,2380,2330,2360,2246900
10/20/2025,BEBS,0,0,0,0,0
10/20/2025,BEEF,400,474,400,474,10478300
10/20/2025,BEER,117,128,116,120,6770800
10/20/2025,BEKS,26,26,26,26,28731400
10/20/2025,BELI,372,376,370,376,1337000
10/20/2025,BELL,61,62,59,61,12414500
10/20/2025,BESS,1090,1340,1090,1340,3556700
10/20/2025,BEST,102,104,99,102,13065400
10/20/2025,BFIN,755,780,755,770,14170800
10/20/2025,BFINDRCK6A,0,0,0,0,0
10/20/2025,BFINHDCM6A,0,0,0,0,0
10/20/2025,BFINZPCM6A,0,0,0,0,0
10/20/2025,BGTG,107,113,106,113,40080000
10/20/2025,BHAT,930,945,925,940,2314100
10/20/2025,BHIT,32,33,32,33,6932900
10/20/2025,BIKA,0,0,0,0,0
10/20/2025,BIKE,930,995,925,960,12792600
10/20/2025,BIMA,72,72,71,71,23200
10/20/2025,BINA,4500,4510,4320,4470,12100
10/20/2025,BINO,125,128,124,127,1624200
10/20/2025,BIPI,88,92,88,88,189526700
10/20/2025,BIPP,42,42,38,41,1336500
10/20/2025,BIRD,1720,1770,1695,1760,4703300
10/20/2025,BISI,875,890,875,890,126100
10/20/2025,BJBR,755,775,750,770,4018200
10/20/2025,BJTM,505,515,505,515,17301400
10/20/2025,BKDP,46,46,43,43,69500
10/20/2025,BKSL,127,134,127,130,269973500
10/20/2025,BKSW,61,63,61,62,2353900
10/20/2025,BLES,158,161,156,159,6399600
10/20/2025,BLOG,488,525,488,505,6055700
10/20/2025,BLTA,33,34,33,34,2043900
10/20/2025,BLTZ,2410,2410,2410,2410,2900
10/20/2025,BLUE,1640,1640,1640,1640,2222400
10/20/2025,BMAS,705,720,605,665,102000
10/20/2025,BMBL,47,50,45,46,14653600
10/20/2025,BMHS,159,163,155,156,7740800
10/20/2025,BMRI,4120,4320,4070,4300,331939200
10/20/2025,BMRIBQCJ6A,0,0,0,0,0
10/20/2025,BMRIBQCZ5A,6,10,6,10,11437300
10/20/2025,BMRIDRCG6A,68,83,68,80,10041600
10/20/2025,BMRIDRCX5A,17,22,17,22,233400
10/20/2025,BMRIDRCX6A,1890,1895,1890,1895,700
10/20/2025,BMRIHDCQ7A,66,68,66,68,700
10/20/2025,BMRIYUCK6A,100,100,100,100,100
10/20/2025,BMRIZPCH6A,35,40,35,39,71400
10/20/2025,BMRIZPCX5A,9,12,9,11,3744200
10/20/2025,BMSR,304,304,292,298,40300
10/20/2025,BMTR,139,144,139,144,27448100
10/20/2025,BNBA,640,650,630,630,719200
10/20/2025,BNBR,44,44,44,44,22407700
10/20/2025,BNGA,1670,1725,1670,1705,6433100
10/20/2025,BNGADRCK6A,58,58,58,58,4900
10/20/2025,BNGAZPCH6A,45,45,42,44,22500000
10/20/2025,BNII,204,206,200,200,969800
10/20/2025,BNLI,5300,5600,5275,5550,246900
10/20/2025,BOAT,116,120,115,118,3254200
10/20/2025,BOBA,197,198,190,194,801100
10/20/2025,BOGA,498,500,496,500,41600
10/20/2025,BOLA,184,185,179,184,1389300
10/20/2025,BOLT,1050,1050,1050,1050,5000
10/20/2025,BOSS,0,0,0,0,0
10/20/2025,BPFI,326,326,316,326,18300
10/20/2025,BPII,545,550,545,545,119700
10/20/2025,BPTR,91,96,89,93,475700
10/20/2025,BRAM,5000,5225,4990,5125,1900
10/20/2025,BREN,9350,9425,9125,9275,20358300
10/20/2025,BRIS,2550,2690,2550,2640,34752100
10/20/2025,BRISBQCZ5A,34,37,33,37,200600
10/20/2025,BRISDRCJ6A,40,40,40,40,563300
10/20/2025,BRISHDCH6A,0,0,0,0,0
10/20/2025,BRISHDCZ5A,0,0,0,0,0
10/20/2025,BRISYUCV5A,0,0,0,0,0
10/20/2025,BRISZPCG6A,43,43,42,42,800
10/20/2025,BRMS,1030,1035,935,965,794237700
10/20/2025,BRMSBQCZ5A,246,250,246,250,2100
10/20/2025,BRMSDRCG6A,56,60,47,52,4044600
10/20/2025,BRMSDRCJ6A,168,176,168,171,297200
10/20/2025,BRMSDRPX5A,3,3,2,3,11256100
10/20/2025,BRMSHDCH6A,274,280,274,280,2200
10/20/2025,BRMSHDCZ5A,560,560,560,560,100
10/20/2025,BRMSYUCV5A,0,0,0,0,0
10/20/2025,BRMSZPCG6A,300,300,274,274,45800
10/20/2025,BRNA,695,715,690,690,2200
10/20/2025,BRPT,3800,3930,3620,3770,142788300
10/20/2025,BRPTBQCV5A,0,0,0,0,0
10/20/2025,BRPTBQCX5B,294,368,280,368,92400
10/20/2025,BRPTBQCZ5A,0,0,0,0,0
10/20/2025,BRPTDRCF6A,400,400,400,400,30000
10/20/2025,BRPTDRCJ6A,232,258,232,252,46100
10/20/2025,BRPTDRCX5A,0,0,0,0,0
10/20/2025,BRPTHDCH6A,380,380,376,376,25400
10/20/2025,BRPTHDCH6B,322,322,322,322,200
10/20/2025,BRPTHDPG6A,87,87,70,74,583000
10/20/2025,BRPTYUCZ5A,278,292,278,292,5100
10/20/2025,BRPTZPCF6A,0,0,0,0,0
10/20/2025,BRPTZPCK6A,90,93,85,92,1015400
10/20/2025,BRPTZPCX5A,0,0,0,0,0
10/20/2025,BRRC,80,83,79,81,15261200
10/20/2025,BRRC-W,13,13,12,13,18499800
10/20/2025,BSBK,72,72,67,71,51004200
10/20/2025,BSDE,920,970,920,965,21928300
10/20/2025,BSDEBQCK6A,0,0,0,0,0
10/20/2025,BSDEDRCG6A,0,0,0,0,0
10/20/2025,BSDEDRCJ6A,30,32,30,32,72200
10/20/2025,BSDEHDCM6A,0,0,0,0,0
10/20/2025,BSDEZPCH6A,45,45,45,45,1000
10/20/2025,BSIM,850,870,840,860,21600
10/20/2025,BSML,156,163,154,163,24707800
10/20/2025,BSSR,3870,3900,3860,3890,223500
10/20/2025,BSWD,0,0,0,0,0
10/20/2025,BTEK,16,16,16,16,59277800
10/20/2025,BTEL,0,0,0,0,0
10/20/2025,BTON,386,386,372,382,11700
10/20/2025,BTPN,2050,2100,2050,2060,11700
10/20/2025,BTPS,1340,1465,1335,1450,14955300
10/20/2025,BTPSDRCK6A,39,47,39,45,180400
10/20/2025,BTPSHDCJ6A,0,0,0,0,0
10/20/2025,BTPSZPCH6A,0,0,0,0,0
10/20/2025,BUAH,1440,1460,1410,1450,177900
10/20/2025,BUDI,208,212,208,210,127100
10/20/2025,BUKA,169,171,165,168,81369500
10/20/2025,BUKABQCZ5B,14,14,13,14,5588600
10/20/2025,BUKADRCK6A,15,16,15,15,2075300
10/20/2025,BUKAHDCZ5A,103,103,103,103,51100
10/20/2025,BUKAZPCM6A,0,0,0,0,0
10/20/2025,BUKK,900,935,855,930,54100
10/20/2025,BULL,194,204,190,197,389010900
10/20/2025,BUMI,130,132,128,130,1208848800
10/20/2025,BUVA,720,755,720,755,20357600
10/20/2025,BVIC,98,103,98,102,10102700
10/20/2025,BVIC-W,35,35,34,35,87900
10/20/2025,BWPT,149,162,146,156,378488500
10/20/2025,BYAN,18150,18300,18000,18025,27500
10/20/2025,CAKK,173,174,170,171,545500
10/20/2025,CAMP,210,214,210,212,1806200
10/20/2025,CANI,43,43,42,43,1112600
10/20/2025,CARE,308,310,292,308,16483400
10/20/2025,CARS,124,135,120,132,43238800
10/20/2025,CASA,1050,1105,1050,1065,7071900
10/20/2025,CASH,103,103,89,96,1736300
10/20/2025,CASS,2250,2400,2210,2260,142400
10/20/2025,CBDK,6075,6225,6050,6150,5477700
10/20/2025,CBMF,0,0,0,0,0
10/20/2025,CBPE,222,228,220,226,59200
10/20/2025,CBRE,1440,1560,1205,1480,317253900
10/20/2025,CBUT,1400,1415,1380,1390,22100
10/20/2025,CCSI,346,380,346,356,740600
10/20/2025,CDIA,1820,1850,1750,1820,321938900
10/20/2025,CEKA,2500,2600,2500,2550,15300
10/20/2025,CENT,122,124,117,120,13892400
10/20/2025,CFIN,304,310,302,306,1662800
10/20/2025,CGAS,143,144,140,142,3124700
10/20/2025,CHEK,178,183,176,182,6782800
10/20/2025,CHEM,82,95,82,89,19467000
10/20/2025,CHIP,1405,1430,1355,1415,178700
10/20/2025,CINT,151,154,149,154,155700
10/20/2025,CITA,4700,4770,4600,4700,262600
10/20/2025,CITY,113,122,113,120,11166900
10/20/2025,CLAY,2840,3530,2410,2510,540400
10/20/2025,CLEO,505,520,500,515,10517700
10/20/2025,CLPI,1250,1280,1245,1260,86800
10/20/2025,CMNP,1240,1275,1240,1270,87500
10/20/2025,CMNP-W,252,300,252,300,200
10/20/2025,CMNT,795,795,765,775,23299700
10/20/2025,CMPP,108,108,108,108,542400
10/20/2025,CMRY,4950,5050,4900,5050,2491500
10/20/2025,CMRYDRCK6A,83,83,83,83,14400
10/20/2025,CMRYZPCJ6A,0,0,0,0,0
10/20/2025,CNKO,66,80,66,80,102585200
10/20/2025,CNMA,115,118,114,117,24640400
10/20/2025,CNTB,0,0,0,0,0
10/20/2025,CNTX,0,0,0,0,0
10/20/2025,COAL,52,60,52,60,28986800
10/20/2025,COCO,258,286,226,246,168339900
10/20/2025,COIN,2930,3140,2930,3090,25378700
10/20/2025,COWL,0,0,0,0,0
10/20/2025,CPIN,5000,5075,4880,4940,6008900
10/20/2025,CPINDRCG6A,76,76,76,76,1600
10/20/2025,CPINZPCJ6A,51,51,47,47,6200
10/20/2025,CPRI,0,0,0,0,0
10/20/2025,CPRO,60,61,59,60,150414600
10/20/2025,CRAB,258,270,258,268,5056800
10/20/2025,CRSN,113,113,110,112,874500
10/20/2025,CSAP,310,318,310,316,85500
10/20/2025,CSIS,198,198,180,193,2314100
10/20/2025,CSMI,306,320,290,312,20763200
10/20/2025,CSRA,1000,1035,975,1010,2210900
10/20/2025,CTBN,4990,4990,4990,4990,100
10/20/2025,CTRA,885,910,880,905,14703500
10/20/2025,CTRADRCJ6A,13,13,13,13,4300
10/20/2025,CTRAHDCK6A,0,0,0,0,0
10/20/2025,CTRAYUCZ5A,35,35,35,35,100
10/20/2025,CTRAZPCG6A,23,24,23,24,800
10/20/2025,CTTH,90,90,90,90,13572100
10/20/2025,CUAN,2180,2370,2090,2310,219683500
10/20/2025,CYBR,1260,1280,1240,1270,17293800
10/20/2025,CYBR-W,900,900,840,850,4500
10/20/2025,DAAZ,2730,2810,2720,2740,127500
10/20/2025,DADA,70,75,59,59,794052400
10/20/2025,DART,156,156,152,156,58600
10/20/2025,DATA,6000,6275,5700,5825,6366000
10/20/2025,DAYA,1200,1200,1175,1190,10300
10/20/2025,DCII,265000,276000,265000,275900,1300
10/20/2025,DEAL,0,0,0,0,0
10/20/2025,DEFI,0,0,0,0,0
10/20/2025,DEPO,240,298,238,278,3823100
10/20/2025,DEWA,306,326,298,316,549602400
10/20/2025,DEWI,114,122,113,120,89921600
10/20/2025,DFAM,78,79,71,78,2555700
10/20/2025,DGIK,94,96,93,95,4473600
10/20/2025,DGNS,144,144,140,142,756900
10/20/2025,DGWG,376,388,376,386,8862600
10/20/2025,DIGI,33,35,33,35,1529900
10/20/2025,DILD,126,129,126,128,5313900
10/20/2025,DIVA,202,216,177,200,6276900
10/20/2025,DKFT,755,815,755,810,52262300
10/20/2025,DKHH,83,91,80,86,50051900
10/20/2025,DKHH-W,17,19,16,18,13096800
10/20/2025,DLTA,1970,2050,1965,2010,70400
10/20/2025,DMAS,133,134,132,133,21478900
10/20/2025,DMMX,368,382,360,378,968500
10/20/2025,DMND,575,585,575,585,7400
10/20/2025,DNAR,113,117,113,116,761200
10/20/2025,DNET,9175,9475,9100,9100,8800
10/20/2025,DOID,316,324,314,322,3378800
10/20/2025,DOOH,130,150,125,142,337108900
10/20/2025,DOSS,148,152,143,149,1323900
10/20/2025,DPNS,286,298,284,286,183700
10/20/2025,DPUM,62,63,59,62,1969300
10/20/2025,DRMA,960,985,960,975,407900
10/20/2025,DSFI,84,87,83,85,5204100
10/20/2025,DSNG,1800,1925,1770,1860,38306000
10/20/2025,DSNGDRCK6A,0,0,0,0,0
10/20/2025,DSNGHDCK6A,0,0,0,0,0
10/20/2025,DSNGZPCM6A,0,0,0,0,0
10/20/2025,DSSA,99175,104425,99000,102825,1359700
10/20/2025,DUCK,0,0,0,0,0
10/20/2025,DUTI,4300,4310,4300,4310,1100
10/20/2025,DVLA,1590,1640,1590,1640,60200
10/20/2025,DWGL,955,1075,875,900,14465000
10/20/2025,DYAN,86,91,84,86,3757600
10/20/2025,EAST,93,93,92,92,328900
10/20/2025,ECII,179,182,176,180,459400
10/20/2025,EDGE,4560,4660,4500,4590,23800
10/20/2025,EKAD,181,181,178,180,170500
10/20/2025,ELIT,174,178,172,175,3443800
10/20/2025,ELPI,418,440,418,422,883600
10/20/2025,ELSA,478,486,476,482,16535900
10/20/2025,ELSADRCG6A,0,0,0,0,0
10/20/2025,ELSADRCJ6A,0,0,0,0,0
10/20/2025,ELSAHDCK6A,0,0,0,0,0
10/20/2025,ELSAZPCG6A,26,26,26,26,2500000
10/20/2025,ELTY,19,20,19,20,59343400
10/20/2025,EMAS,4740,4740,4430,4590,68802500
10/20/2025,EMDE,92,95,91,94,445700
10/20/2025,EMTK,1255,1355,1225,1340,94952600
10/20/2025,EMTKBQCH6A,35,38,31,38,7981600
10/20/2025,EMTKBQCZ5A,0,0,0,0,0
10/20/2025,EMTKDRCK6A,58,65,55,65,372300
10/20/2025,EMTKHDCK6A,75,92,75,91,46000
10/20/2025,EMTKHDCZ5A,0,0,0,0,0
10/20/2025,EMTKYUCV5A,0,0,0,0,0
10/20/2025,EMTKZPCH6A,165,174,162,174,40200
10/20/2025,EMTKZPCM6A,49,53,49,53,35700
10/20/2025,ENAK,695,700,680,695,1049000
10/20/2025,ENRG,910,940,870,940,100557400
10/20/2025,ENRGBQCZ5A,77,79,77,79,59000
10/20/2025,ENRGDRCG6A,33,38,32,38,654300
10/20/2025,ENRGDRCJ6A,164,167,163,167,90000
10/20/2025,ENRGHDCK6A,0,0,0,0,0
10/20/2025,ENRGHDCZ5A,0,0,0,0,0
10/20/2025,ENRGZPCG6A,0,0,0,0,0
10/20/2025,ENRGZPCK6A,49,50,47,50,749700
10/20/2025,ENVY,0,0,0,0,0
10/20/2025,ENZO,36,36,35,35,328500
10/20/2025,EPAC,26,26,24,25,1484000
10/20/2025,EPMT,2240,2300,2240,2260,27200
10/20/2025,ERAA,406,422,404,420,95787800
10/20/2025,ERAABQCZ5A,8,11,8,11,465400
10/20/2025,ERAADRCJ6A,8,8,7,8,12891200
10/20/2025,ERAAHDCZ5A,18,18,18,18,440000
10/20/2025,ERAAZPCH6A,16,16,16,16,25000
10/20/2025,ERAL,282,312,280,302,34359900
10/20/2025,ERTX,184,194,179,185,2708900
10/20/2025,ESIP,125,125,121,125,7406400
10/20/2025,ESSA,595,605,590,600,33899000
10/20/2025,ESSABQCZ5A,26,27,26,26,120000
10/20/2025,ESSADRCN6A,0,0,0,0,0
10/20/2025,ESSAHDCH6A,47,47,46,46,1015000
10/20/2025,ESSAYUCZ5A,28,28,28,28,100
10/20/2025,ESSAZPCK6A,16,16,16,16,150400
10/20/2025,ESTA,0,0,0,0,0
10/20/2025,ESTI,148,148,135,135,2010200
10/20/2025,ETWA,0,0,0,0,0
10/20/2025,EURO,0,0,0,0,0
10/20/2025,EXCL,2430,2430,2390,2420,6019500
10/20/2025,EXCLHDCJ6A,17,18,17,18,79300
10/20/2025,EXCLZPCF6A,41,41,40,40,11500
10/20/2025,EXCLZPCM6A,23,23,23,23,1000
10/20/2025,FAPA,6150,6150,6075,6150,6900
10/20/2025,FAST,478,478,478,478,3865400
10/20/2025,FASW,0,0,0,0,0
10/20/2025,FILM,4980,5300,4900,5200,9251900
10/20/2025,FIMP,0,0,0,0,0
10/20/2025,FIRE,77,79,75,77,9891700
10/20/2025,FISH,1975,2000,1880,1980,40900
10/20/2025,FITT,980,980,835,835,2376700
10/20/2025,FLMC,159,161,145,150,3618300
10/20/2025,FMII,348,370,348,354,21900
10/20/2025,FOLK,0,0,0,0,0
10/20/2025,FOOD,208,208,198,198,33100
10/20/2025,FORE,550,585,540,550,26029200
10/20/2025,FORU,1095,1125,1070,1120,102200
10/20/2025,FPNI,185,190,183,189,621700
10/20/2025,FUJI,855,855,855,855,1944700
10/20/2025,FUTR,570,620,525,590,96141400
10/20/2025,FWCT,147,150,140,148,1760400
10/20/2025,GAMA,0,0,0,0,0
10/20/2025,GDST,114,118,111,113,4748300
10/20/2025,GDYR,1085,1100,1065,1070,373700
10/20/2025,GEMA,105,110,105,107,3145200
10/20/2025,GEMS,8875,8950,8875,8875,43000
10/20/2025,GGRM,11600,12225,11575,11825,1832100
10/20/2025,GGRMZPCG6A,85,97,84,90,2701000
10/20/2025,GGRP,222,226,220,224,229000
10/20/2025,GHON,1670,1670,1615,1665,3600
10/20/2025,GIAA,102,108,102,108,122037100
10/20/2025,GJTL,950,975,935,975,3038300
10/20/2025,GJTLZPCJ6A,18,18,18,18,61300
10/20/2025,GLOB,118,118,118,118,127200
10/20/2025,GLVA,330,334,320,328,12500
10/20/2025,GMFI,91,91,91,91,9415800
10/20/2025,GMTD,2100,2100,2030,2040,2100
10/20/2025,GOLD,330,416,292,362,4585900
10/20/2025,GOLF,200,212,198,202,4189500
10/20/2025,GOLL,0,0,0,0,0
10/20/2025,GOOD,368,372,364,368,623600
10/20/2025,GOTO,55,56,54,55,3051389000
10/20/2025,GOTOBQCJ6A,6,8,6,8,5192100
10/20/2025,GOTOBQCZ5A,3,4,3,3,4037500
10/20/2025,GOTODRCG6A,7,7,6,7,6804200
10/20/2025,GOTOHDCK6A,14,14,13,13,5500
10/20/2025,GOTOM,0,0,0,0,0
10/20/2025,GOTOZPCH6A,0,0,0,0,0
10/20/2025,GOTOZPCK6A,11,11,11,11,50800
10/20/2025,GPRA,129,130,128,130,52310500
10/20/2025,GPSO,1000,1010,935,935,8997600
10/20/2025,GRIA,107,117,106,115,6034400
10/20/2025,GRPH,65,67,63,65,6929500
10/20/2025,GRPM,59,62,57,62,2177000
10/20/2025,GRPM-W,16,17,15,17,1648800
10/20/2025,GSMF,85,87,85,86,534800
10/20/2025,GTBO,218,224,216,224,374900
10/20/2025,GTRA,282,294,260,292,2066900
10/20/2025,GTSI,113,139,108,139,3202040000
10/20/2025,GULA,472,492,448,450,5448400
10/20/2025,GUNA,242,250,240,244,1143000
10/20/2025,GWSA,138,140,130,140,183300
10/20/2025,GZCO,316,356,314,322,560846400
10/20/2025,HADE,25,25,25,25,2067100
10/20/2025,HAIS,200,204,196,196,4988500
10/20/2025,HAJJ,115,120,115,117,12894400
10/20/2025,HAJJ-W,15,16,14,16,5642500
10/20/2025,HALO,138,143,125,139,15196600
10/20/2025,HALO-W,19,19,17,18,15870900
10/20/2025,HATM,250,254,246,254,25734000
10/20/2025,HBAT,184,202,166,166,2743800
10/20/2025,HDFA,153,165,153,156,266000
10/20/2025,HDIT,54,56,54,54,7260000
10/20/2025,HEAL,1535,1560,1500,1505,10633700
10/20/2025,HEALBQCZ5A,0,0,0,0,0
10/20/2025,HEALDRCJ6A,0,0,0,0,0
10/20/2025,HEALHDCH6A,0,0,0,0,0
10/20/2025,HEALYUCZ5A,39,39,35,35,200
10/20/2025,HEALZPCH6A,50,50,50,50,53700
10/20/2025,HELI,234,238,232,236,105500
10/20/2025,HERO,575,690,560,595,317000
10/20/2025,HEXA,4500,4550,4490,4530,331200
10/20/2025,HGII,165,168,162,168,9585100
10/20/2025,HILL,156,157,154,155,2619200
10/20/2025,HITS,0,0,0,0,0
10/20/2025,HKMU,0,0,0,0,0
10/20/2025,HMSP,685,745,685,725,114157400
10/20/2025,HOKI,74,80,74,77,130134200
10/20/2025,HOME,0,0,0,0,0
10/20/2025,HOMI,336,390,336,386,3133000
10/20/2025,HOPE,131,146,130,145,66271900
10/20/2025,HOTL,0,0,0,0,0
10/20/2025,HRME,45,45,41,41,1395500
10/20/2025,HRTA,1480,1485,1320,1360,67307000
10/20/2025,HRUM,1085,1125,1055,1080,35474800
10/20/2025,HRUMDRCN6A,42,46,42,45,26600
10/20/2025,HRUMHDCK6A,48,53,47,51,751500
10/20/2025,HRUMZPCG6A,58,61,57,59,114300
10/20/2025,HRUMZPCM6A,34,35,32,33,280900
10/20/2025,HUMI,117,148,115,141,1941988500
10/20/2025,HUMI-W,18,24,18,21,190309100
10/20/2025,HYGN,163,165,155,165,1232400
10/20/2025,IATA,69,69,69,69,3257900
10/20/2025,IATA-W,28,28,28,28,400
10/20/2025,IBFN,35,36,35,36,683500
10/20/2025,IBOS,56,56,51,53,24877200
10/20/2025,IBST,0,0,0,0,0
10/20/2025,ICBP,9425,9550,9275,9375,7951500
10/20/2025,ICBPDRCX6A,4000,4000,4000,4000,100
10/20/2025,ICBPHDCJ6A,40,47,39,42,447600
10/20/2025,ICBPZPCX5A,15,16,13,16,394500
10/20/2025,ICON,45,49,45,48,458100
10/20/2025,IDEA,64,69,58,69,26493100
10/20/2025,IDPR,438,438,438,438,583900
10/20/2025,IFII,230,230,222,226,318900
10/20/2025,IFSH,780,785,770,770,3900
10/20/2025,IGAR,500,505,500,500,2200
10/20/2025,IIKP,0,0,0,0,0
10/20/2025,IKAI,16,16,16,16,17834300
10/20/2025,IKAN,113,127,111,121,52068700
10/20/2025,IKBI,494,500,490,498,89600
10/20/2025,IKPM,238,238,230,236,2320500
10/20/2025,IMAS,1090,1115,1060,1095,440700
10/20/2025,IMJS,236,238,232,238,3168900
10/20/2025,IMPC,2540,2720,2500,2640,32356200
10/20/2025,INAF,0,0,0,0,0
10/20/2025,INAI,151,151,149,151,48300
10/20/2025,INCF,44,46,44,46,1569800
10/20/2025,INCI,605,615,605,615,39100
10/20/2025,INCO,4250,4340,4230,4270,4652900
10/20/2025,INCOBQCF6A,0,0,0,0,0
10/20/2025,INCOBQCJ6A,56,56,55,55,20200
10/20/2025,INCOBQCV5A,6,7,3,4,19873800
10/20/2025,INCODRCG6A,0,0,0,0,0
10/20/2025,INCODRCK6A,0,0,0,0,0
10/20/2025,INCODRCX5A,0,0,0,0,0
10/20/2025,INCOHDCJ6A,0,0,0,0,0
10/20/2025,INCOYUCZ5A,114,114,114,114,100
10/20/2025,INCOZPCK6A,0,0,0,0,0
10/20/2025,INCOZPCX5A,0,0,0,0,0
10/20/2025,INDF,7125,7300,7125,7250,10833500
10/20/2025,INDFBQCV5A,2,2,1,2,10511800
10/20/2025,INDFDRCX6A,3660,3660,3660,3660,100
10/20/2025,INDFHDCJ6A,18,21,18,20,202900
10/20/2025,INDO,236,242,234,240,17084300
10/20/2025,INDR,3080,3350,3080,3240,13200
10/20/2025,INDS,222,228,222,226,566900
10/20/2025,INDX,146,158,145,158,10590400
10/20/2025,INDY,2580,2600,2320,2440,51073800
10/20/2025,INDYDRCN6A,166,166,134,144,33600
10/20/2025,INDYHDCJ6A,316,316,262,262,35100
10/20/2025,INDYZPCG6A,135,145,134,139,12500
10/20/2025,INET,264,276,262,268,128456900
10/20/2025,INET-W,173,181,170,176,4792600
10/20/2025,INKP,7250,7525,7250,7500,6116800
10/20/2025,INKPBQCX5A,0,0,0,0,0
10/20/2025,INKPDRCF6A,0,0,0,0,0
10/20/2025,INKPDRCG6A,62,62,62,62,3100
10/20/2025,INKPHDCK6A,0,0,0,0,0
10/20/2025,INKPZPCF6A,80,80,80,80,10000
10/20/2025,INKPZPCK6A,29,31,29,31,1800
10/20/2025,INOV,98,99,97,98,2197400
10/20/2025,INPC,146,154,145,151,7541200
10/20/2025,INPP,640,665,615,665,178900
10/20/2025,INPS,125,125,120,120,205300
10/20/2025,INRU,740,745,705,710,24200
10/20/2025,INTA,49,49,43,43,1677700
10/20/2025,INTD,212,226,206,208,90800
10/20/2025,INTP,5950,6225,5925,6100,1677800
10/20/2025,INTPDRCN6A,56,59,56,59,205000
10/20/2025,INTPHDCM6A,49,49,49,49,1200
10/20/2025,INTPZPCG6A,45,48,45,47,80300
10/20/2025,INTPZPCM6A,0,0,0,0,0
10/20/2025,IOTF,83,86,80,85,15794300
10/20/2025,IPAC,0,0,0,0,0
10/20/2025,IPCC,1075,1090,1050,1090,1954400
10/20/2025,IPCM,306,310,306,308,1770900
10/20/2025,IPOL,139,143,138,142,45600
10/20/2025,IPPE,0,0,0,0,0
10/20/2025,IPTV,40,40,37,40,13225300
10/20/2025,IRRA,432,452,432,444,2057900
10/20/2025,IRSX,212,236,212,236,18244700
10/20/2025,ISAP,33,33,30,32,49872200
10/20/2025,ISAP-W,18,19,16,18,53941200
10/20/2025,ISAT,1770,1825,1770,1805,10362800
10/20/2025,ISATBQCJ6A,37,37,37,37,9900
10/20/2025,ISATDRCG6A,28,29,28,29,1000
10/20/2025,ISATDRCX5A,26,29,26,29,200
10/20/2025,ISATHDCJ6A,11,12,10,11,7704700
10/20/2025,ISATZPCF6A,0,0,0,0,0
10/20/2025,ISEA,81,84,77,84,3425000
10/20/2025,ISSP,396,408,396,406,1467600
10/20/2025,ITIC,306,380,306,364,13550900
10/20/2025,ITMA,1510,1650,1405,1425,1211100
10/20/2025,ITMG,22225,22450,22200,22450,525700
10/20/2025,ITMGDRCV6A,0,0,0,0,0
10/20/2025,ITMGHDCJ6A,136,136,136,136,7500
10/20/2025,ITMGZPCJ6A,0,0,0,0,0
10/20/2025,JARR,3660,3660,3660,3660,7764300
10/20/2025,JAST,83,90,81,86,2191300
10/20/2025,JATI,106,123,106,111,6371700
10/20/2025,JAWA,149,154,148,152,3614000
10/20/2025,JAYA,103,103,101,102,679000
10/20/2025,JECC,1130,1160,1130,1145,21900
10/20/2025,JGLE,16,18,16,18,67314600
10/20/2025,JIHD,560,590,560,590,560900
10/20/2025,JKON,84,85,83,84,6821000
10/20/2025,JMAS,147,172,141,162,102348300
10/20/2025,JPFA,2390,2500,2300,2410,54587200
10/20/2025,JPFABQCZ5A,212,216,208,208,123200
10/20/2025,JPFADRCJ6A,121,127,117,117,237000
10/20/2025,JPFAHDCZ5A,0,0,0,0,0
10/20/2025,JPFAZPCG6A,0,0,0,0,0
10/20/2025,JRPT,860,865,850,865,491900
10/20/2025,JSKY,0,0,0,0,0
10/20/2025,JSMR,3790,3860,3790,3810,4179900
10/20/2025,JSMRDRCK6A,0,0,0,0,0
10/20/2025,JSMRHDCH6A,0,0,0,0,0
10/20/2025,JSMRZPCG6A,50,50,49,49,480700
10/20/2025,JSPT,3900,3910,3560,3660,48100
10/20/2025,JTPE,330,332,330,332,95700
10/20/2025,KAEF,625,640,605,615,2975900
10/20/2025,KAQI,64,68,64,67,9558400
10/20/2025,KARW,490,490,450,450,366600
10/20/2025,KAYU,0,0,0,0,0
10/20/2025,KBAG,46,46,46,46,1600000
10/20/2025,KBLI,314,316,310,316,523600
10/20/2025,KBLM,334,356,334,350,436600
10/20/2025,KBLV,212,236,200,236,45376800
10/20/2025,KBRI,0,0,0,0,0
10/20/2025,KDSI,448,462,448,460,8200
10/20/2025,KDTN,112,114,107,110,219400
10/20/2025,KEEN,1020,1020,990,1010,5727900
10/20/2025,KEJU,685,730,685,715,2740000
10/20/2025,KETR,555,575,505,565,10619400
10/20/2025,KIAS,0,0,0,0,0
10/20/2025,KICI,242,280,195,230,10383600
10/20/2025,KIJA,179,181,177,180,71555200
10/20/2025,KING,208,210,206,206,530300
10/20/2025,KING-W,12,13,11,13,4904300
10/20/2025,KINO,1200,1210,1165,1210,27900
10/20/2025,KIOS,69,70,65,67,14569000
10/20/2025,KJEN,183,198,183,192,4432600
10/20/2025,KKES,30,30,30,30,1775200
10/20/2025,KKGI,374,382,370,376,7294500
10/20/2025,KLAS,125,130,125,129,12387500
10/20/2025,KLBF,1200,1225,1165,1200,102938300
10/20/2025,KLBFBQCJ6A,0,0,0,0,0
10/20/2025,KLBFBQCV5A,2,2,1,1,21644600
10/20/2025,KLBFDRCG6A,14,17,13,15,1766900
10/20/2025,KLBFHDCK6A,0,0,0,0,0
10/20/2025,KLBFZPCF6A,14,16,14,16,209700
10/20/2025,KLBFZPCJ6A,20,22,20,22,2628800
10/20/2025,KLIN,182,193,177,188,1638900
10/20/2025,KMDS,630,645,625,645,186300
10/20/2025,KMTR,284,284,274,284,210200
10/20/2025,KOBX,148,157,146,148,4346700
10/20/2025,KOCI,80,85,79,82,8656200
10/20/2025,KOCI-W,16,17,15,16,3524300
10/20/2025,KOIN,77,77,70,71,26700
10/20/2025,KOKA,0,0,0,0,0
10/20/2025,KONI,2470,3080,2250,3030,566400
10/20/2025,KOPI,298,308,298,304,79400
10/20/2025,KOTA,29,29,29,29,7036100
10/20/2025,KPIG,151,152,147,150,104225300
10/20/2025,KRAS,304,324,304,314,20864400
10/20/2025,KREN,16,16,16,16,90943900
10/20/2025,KRYA,167,206,167,191,65805400
10/20/2025,KSIX,254,254,242,254,288800
10/20/2025,KUAS,66,69,65,67,4211500
10/20/2025,LABA,324,324,324,324,8444900
10/20/2025,LABS,141,143,140,142,936200
10/20/2025,LAJU,67,69,63,66,16104600
10/20/2025,LAND,38,39,38,39,1846000
10/20/2025,LAPD,232,232,222,222,13008100
10/20/2025,LCGP,0,0,0,0,0
10/20/2025,LCKM,214,236,204,210,228900
10/20/2025,LEAD,76,79,74,76,46887200
10/20/2025,LFLO,392,426,362,424,261000
10/20/2025,LIFE,9900,10000,9825,10000,2800
10/20/2025,LINK,2160,2300,2160,2300,42100
10/20/2025,LION,456,460,420,440,253000
10/20/2025,LIVE,174,190,169,182,6384200
10/20/2025,LMAS,0,0,0,0,0
10/20/2025,LMAX,74,74,66,71,3508400
10/20/2025,LMPI,146,151,144,145,377100
10/20/2025,LMSH,0,0,0,0,0
10/20/2025,LOPI,86,92,78,86,11416500
10/20/2025,LPCK,565,595,535,590,728600
10/20/2025,LPGI,685,685,625,630,197600
10/20/2025,LPIN,446,458,444,454,107200
10/20/2025,LPKR,89,94,88,92,122393800
10/20/2025,LPLI,710,710,665,665,248700
10/20/2025,LPPF,1590,1620,1590,1615,1232500
10/20/2025,LPPS,138,156,138,148,13307200
10/20/2025,LRNA,179,185,176,179,383200
10/20/2025,LSIP,1355,1370,1350,1360,5438000
10/20/2025,LSIPDRCK6A,0,0,0,0,0
10/20/2025,LSIPHDCJ6A,0,0,0,0,0
10/20/2025,LSIPYUCZ5A,51,51,51,51,200
10/20/2025,LSIPZPCG6A,64,64,64,64,15700
10/20/2025,LTLS,840,845,840,840,21200
10/20/2025,LUCK,90,94,89,93,2009200
10/20/2025,LUCY,110,121,99,104,1419100
10/20/2025,MABA,0,0,0,0,0
10/20/2025,MAGP,0,0,0,0,0
10/20/2025,MAHA,138,142,138,141,3650900
10/20/2025,MAIN,780,810,770,785,11928200
10/20/2025,MANG,74,75,69,73,28599700
10/20/2025,MANG-W,25,25,22,24,13111300
10/20/2025,MAPA,605,645,600,640,77168500
10/20/2025,MAPABQCZ5A,11,15,11,14,1908300
10/20/2025,MAPADRCJ6A,13,17,11,15,3795100
10/20/2025,MAPAHDCZ5A,19,23,19,22,155100
10/20/2025,MAPAZPCH6A,0,0,0,0,0
10/20/2025,MAPB,1615,1660,1560,1630,28000
10/20/2025,MAPI,1275,1310,1240,1270,29498500
10/20/2025,MAPIBQCV5A,1,2,1,1,23872400
10/20/2025,MAPIDRCX5A,16,17,14,16,5080200
10/20/2025,MAPIHDCK6A,79,79,79,79,2500
10/20/2025,MAPIZPCJ6A,0,0,0,0,0
10/20/2025,MARI,36,36,35,35,4842000
10/20/2025,MARK,635,660,635,655,14733800
10/20/2025,MASA,0,0,0,0,0
10/20/2025,MASB,3110,3270,3100,3270,900
10/20/2025,MAXI,55,56,54,56,8711100
10/20/2025,MAYA,226,262,226,244,13296100
10/20/2025,MBAP,1600,1630,1600,1620,39000
10/20/2025,MBMA,550,595,535,580,201475400
10/20/2025,MBMABQCX5A,31,41,14,14,852100
10/20/2025,MBMADRCG6A,21,26,20,25,4083500
10/20/2025,MBMADRCX5A,57,67,57,62,15700
10/20/2025,MBMADRPX5A,5,5,3,4,4644100
10/20/2025,MBMAHDCH6A,100,100,98,98,25000
10/20/2025,MBMAYUCK6A,113,127,113,127,600
10/20/2025,MBMAZPCK6A,30,35,30,34,369400
10/20/2025,MBMAZPCX5A,0,0,0,0,0
10/20/2025,MBSS,1400,1560,1360,1500,7906500
10/20/2025,MBTO,280,280,242,242,29900400
10/20/2025,MCAS,800,850,795,815,375200
10/20/2025,MCOL,3570,3800,3570,3620,23100
10/20/2025,MCOR,70,72,70,72,6925700
10/20/2025,MDIA,34,34,33,33,1898900
10/20/2025,MDIY,1050,1070,1045,1050,263700
10/20/2025,MDKA,2340,2350,2240,2280,58329400
10/20/2025,MDKABQCV5A,66,68,65,65,900
10/20/2025,MDKABQCX5B,14,16,14,16,20500
10/20/2025,MDKADRCG6A,62,62,59,60,107900
10/20/2025,MDKADRCK6A,0,0,0,0,0
10/20/2025,MDKADRPX5A,17,19,17,18,78000
10/20/2025,MDKAHDCZ5A,96,97,92,97,276000
10/20/2025,MDKAHDPH6A,0,0,0,0,0
10/20/2025,MDKAHDPJ6A,60,60,59,59,200
10/20/2025,MDKAYUCK6A,135,135,135,135,100
10/20/2025,MDKAZPCF6A,58,58,52,54,1852300
10/20/2025,MDKI,185,187,180,185,1076300
10/20/2025,MDLA,234,240,234,238,1674100
10/20/2025,MDLN,60,61,57,61,17611900
10/20/2025,MDRN,49,49,49,49,18123600
10/20/2025,MEDC,1350,1380,1330,1370,36794700
10/20/2025,MEDCBQCV5A,16,21,1,1,279900
10/20/2025,MEDCBQCX5B,0,0,0,0,0
10/20/2025,MEDCBQCZ5A,27,27,27,27,1100
10/20/2025,MEDCDRCG6A,37,38,36,37,138600
10/20/2025,MEDCHDCH6A,0,0,0,0,0
10/20/2025,MEDCZPCF6A,37,37,37,37,21800
10/20/2025,MEDS,70,74,69,73,10787600
10/20/2025,MEGA,3310,3350,3250,3310,11000
10/20/2025,MEJA,0,0,0,0,0
10/20/2025,MEJA-W,0,0,0,0,0
10/20/2025,MENN,50,54,50,52,11916700
10/20/2025,MERI,212,220,210,216,2092700
10/20/2025,MERK,2800,2800,2790,2800,12200
10/20/2025,META,0,0,0,0,0
10/20/2025,MFMI,0,0,0,0,0
10/20/2025,MGLV,458,470,418,418,354100
10/20/2025,MGNA,33,39,33,39,542300
10/20/2025,MGNA-W,0,0,0,0,0
10/20/2025,MGRO,760,770,745,765,5378300
10/20/2025,MHKI,264,278,246,272,36911700
10/20/2025,MICE,484,492,478,490,170600
10/20/2025,MIDI,426,450,426,444,17388800
10/20/2025,MIKA,2670,2680,2560,2590,2992100
10/20/2025,MIKADRCV6A,0,0,0,0,0
10/20/2025,MIKAZPCG6A,0,0,0,0,0
10/20/2025,MINA,172,189,170,182,207419800
10/20/2025,MINE,476,490,476,486,1839700
10/20/2025,MIRA,44,44,44,44,6975600
10/20/2025,MITI,328,340,314,316,2566300
10/20/2025,MKAP,354,354,350,350,266200
10/20/2025,MKNT,0,0,0,0,0
10/20/2025,MKPI,24400,24575,24400,24500,6200
10/20/2025,MKTR,137,144,125,140,1900600
10/20/2025,MKTR-W,4,4,2,3,25372100
10/20/2025,MLBI,5775,5950,5775,5875,72000
10/20/2025,MLIA,344,346,340,342,3628600
10/20/2025,MLPL,160,169,153,158,255111100
10/20/2025,MLPT,124950,124950,106225,106225,13900
10/20/2025,MMIX,430,452,424,450,7829200
10/20/2025,MMLP,560,565,555,560,5172100
10/20/2025,MNCN,264,270,260,264,32244900
10/20/2025,MNCNDRCN6A,0,0,0,0,0
10/20/2025,MNCNHDCM6A,26,26,26,26,2200
10/20/2025,MNCNZPCM6A,12,13,12,12,883400
10/20/2025,MOLI,338,350,314,332,6125800
10/20/2025,MORA,1115,1120,955,1080,4228300
10/20/2025,MPIX,70,70,68,69,5515500
10/20/2025,MPIX-W,9,11,9,10,10659200
10/20/2025,MPMX,920,935,920,930,1445200
10/20/2025,MPOW,108,117,108,110,5861500
10/20/2025,MPPA,61,65,61,63,57566700
10/20/2025,MPRO,6650,6650,6400,6600,37100
10/20/2025,MPXL,193,210,193,204,5193100
10/20/2025,MRAT,428,496,416,424,3367300
10/20/2025,MREI,900,930,900,925,142500
10/20/2025,MSIE,55,57,47,52,10414000
10/20/2025,MSIN,525,525,500,500,35647900
10/20/2025,MSJA,300,302,294,296,3999000
10/20/2025,MSKY,77,81,76,78,6731300
10/20/2025,MSTI,1575,1620,1575,1590,1488300
10/20/2025,MTDL,590,610,590,600,3946300
10/20/2025,MTEL,555,555,545,545,9153500
10/20/2025,MTELDRCK6A,18,18,15,15,26100
10/20/2025,MTELHDCM6A,18,18,18,18,100
10/20/2025,MTELZPCM6A,18,18,18,18,100
10/20/2025,MTFN,14,14,14,14,151902500
10/20/2025,MTLA,434,436,410,436,242800
10/20/2025,MTMH,1450,1455,1200,1250,94100
10/20/2025,MTPS,67,67,61,61,1533500
10/20/2025,MTRA,0,0,0,0,0
10/20/2025,MTSM,0,0,0,0,0
10/20/2025,MTWI,348,348,340,348,25100
10/20/2025,MUTU,107,109,105,107,2436500
10/20/2025,MYOH,1670,1690,1670,1690,1400
10/20/2025,MYOR,2200,2270,2180,2230,12539400
10/20/2025,MYORDRCK6A,64,71,64,69,2172300
10/20/2025,MYORHDCM6A,0,0,0,0,0
10/20/2025,MYORZPCH6A,37,37,37,37,500000
10/20/2025,MYTX,0,0,0,0,0
10/20/2025,NAIK,111,116,110,115,12122000
10/20/2025,NAIK-W,20,22,20,22,2550300
10/20/2025,NANO,50,53,47,53,16478000
10/20/2025,NASA,36,36,36,36,1228800
10/20/2025,NASI,103,110,103,107,2380900
10/20/2025,NATO,142,147,142,147,63400
10/20/2025,NAYZ,145,158,133,158,10073300
10/20/2025,NCKL,1240,1245,1200,1225,35953300
10/20/2025,NCKLBQCM6A,0,0,0,0,0
10/20/2025,NCKLDRCK6A,58,58,57,57,11100
10/20/2025,NCKLHDCK6A,82,82,80,80,1515400
10/20/2025,NCKLYUCZ5A,130,130,123,123,115100
10/20/2025,NCKLZPCJ6A,83,83,83,83,6100
10/20/2025,NCKLZPCM6A,41,41,40,40,500900
10/20/2025,NELY,354,360,352,356,485700
10/20/2025,NEST,348,374,346,350,14417000
10/20/2025,NETV,108,112,106,109,2487300
10/20/2025,NFCX,1615,1680,1600,1600,155400
10/20/2025,NICE,426,438,426,430,3493300
10/20/2025,NICK,1235,1235,1180,1205,8100
10/20/2025,NICL,1040,1070,1000,1065,6458700
10/20/2025,NIKL,378,412,364,376,5578700
10/20/2025,NINE,0,0,0,0,0
10/20/2025,NIRO,120,121,120,121,22700
10/20/2025,NISP,1345,1365,1330,1360,3913400
10/20/2025,NOBU,494,505,494,498,11212200
10/20/2025,NPGF,58,59,57,58,7283200
10/20/2025,NRCA,755,805,740,755,8335800
10/20/2025,NSSS,560,560,525,525,5753000
10/20/2025,NTBK,0,0,0,0,0
10/20/2025,NUSA,0,0,0,0,0
10/20/2025,NZIA,107,107,105,106,1179600
10/20/2025,OASA,278,284,274,278,31741400
10/20/2025,OBAT,498,505,480,498,5783300
10/20/2025,OBAT-W,160,160,140,145,1469200
10/20/2025,OBMD,254,274,254,266,1630900
10/20/2025,OCAP,0,0,0,0,0
10/20/2025,OILS,195,195,186,190,3718000
10/20/2025,OKAS,159,165,154,164,21479500
10/20/2025,OLIV,125,151,125,125,58572500
10/20/2025,OMED,200,200,196,198,1127400
10/20/2025,OMRE,0,0,0,0,0
10/20/2025,OPMS,80,109,80,101,122245700
10/20/2025,PACK,2600,2620,2600,2620,3250200
10/20/2025,PADA,100,100,100,100,43824400
10/20/2025,PADI,76,84,76,84,9200400
10/20/2025,PALM,380,384,372,384,356800
10/20/2025,PAMG,62,66,60,64,6696300
10/20/2025,PANI,14500,14775,14250,14425,10491400
10/20/2025,PANIBQCZ5A,40,40,34,34,46100
10/20/2025,PANIDRCG6A,79,81,76,76,651200
10/20/2025,PANIHDCJ6A,0,0,0,0,0
10/20/2025,PANIHDCZ5A,150,151,150,150,1600
10/20/2025,PANIZPCJ6A,68,68,66,66,1661500
10/20/2025,PANR,645,675,630,655,5168200
10/20/2025,PANS,1365,1380,1365,1380,109500
10/20/2025,PART,116,122,113,122,136128000
10/20/2025,PART-W,16,17,14,16,49657000
10/20/2025,PBID,482,484,478,484,410300
10/20/2025,PBRX,32,32,31,32,14420000
10/20/2025,PBSA,895,920,890,905,741400
10/20/2025,PCAR,33,34,33,34,1141300
10/20/2025,PDES,600,635,600,635,1669700
10/20/2025,PDPP,400,470,388,398,240900
10/20/2025,PEGE,127,130,120,123,2735100
10/20/2025,PEHA,326,350,326,330,520100
10/20/2025,PEVE,454,500,454,484,329300
10/20/2025,PGAS,1635,1700,1625,1695,35352000
10/20/2025,PGASBQCZ5A,0,0,0,0,0
10/20/2025,PGASDRCG6A,0,0,0,0,0
10/20/2025,PGASDRCG6B,78,78,78,78,500
10/20/2025,PGASHDCK6A,0,0,0,0,0
10/20/2025,PGASZPCJ6A,38,38,38,38,50000
10/20/2025,PGEO,1275,1310,1275,1305,30066400
10/20/2025,PGEOBQCX5B,5,6,4,6,30115900
10/20/2025,PGEODRCJ6A,26,28,26,27,1689300
10/20/2025,PGEOHDCH6A,33,33,33,33,14900
10/20/2025,PGEOHDCH6B,43,43,43,43,200
10/20/2025,PGEOHDPH6A,0,0,0,0,0
10/20/2025,PGEOYUCK6A,75,75,73,74,150400
10/20/2025,PGEOZPCJ6A,0,0,0,0,0
10/20/2025,PGEOZPCM6A,41,42,41,41,20200
10/20/2025,PGJO,975,1070,965,1070,3166900
10/20/2025,PGLI,312,374,312,374,7892600
10/20/2025,PGUN,14725,14725,14725,14725,21300
10/20/2025,PICO,230,258,226,240,1797700
10/20/2025,PIPA,374,374,374,374,9799600
10/20/2025,PJAA,530,545,525,535,69300
10/20/2025,PKPK,570,585,520,565,251400
10/20/2025,PLAN,44,48,42,44,3660700
10/20/2025,PLAS,0,0,0,0,0
10/20/2025,PLIN,0,0,0,0,0
10/20/2025,PMJS,115,117,115,116,170200
10/20/2025,PMMP,0,0,0,0,0
10/20/2025,PMUI,142,150,141,145,18527000
10/20/2025,PNBN,1005,1015,990,1000,15846600
10/20/2025,PNBS,50,53,50,52,33189100
10/20/2025,PNGO,3720,4650,3170,3170,1424100
10/20/2025,PNIN,760,785,760,780,529800
10/20/2025,PNLF,226,238,226,236,73124400
10/20/2025,PNLFBQCM6A,16,19,16,18,7982600
10/20/2025,PNLFDRCJ6A,10,11,10,10,5736100
10/20/2025,PNLFHDCZ5A,0,0,0,0,0
10/20/2025,PNLFYUCV5A,0,0,0,0,0
10/20/2025,PNLFZPCH6A,0,0,0,0,0
10/20/2025,PNSE,775,775,735,755,35100
10/20/2025,POLA,30,33,30,33,6011600
10/20/2025,POLI,705,750,705,750,2600
10/20/2025,POLL,0,0,0,0,0
10/20/2025,POLU,27000,29975,25000,26750,23100
10/20/2025,POLY,20,20,20,20,1636500
10/20/2025,POOL,0,0,0,0,0
10/20/2025,PORT,1360,1700,1255,1550,689300
10/20/2025,POSA,0,0,0,0,0
10/20/2025,POWR,690,705,690,700,6609300
10/20/2025,PPGL,115,126,108,125,8821300
10/20/2025,PPRE,81,86,81,85,3669700
10/20/2025,PPRI,406,434,400,414,17537900
10/20/2025,PPRO,0,0,0,0,0
10/20/2025,PRAY,750,750,730,750,71500
10/20/2025,PRDA,2560,2580,2540,2540,53800
10/20/2025,PRIM,77,81,76,78,5022300
10/20/2025,PSAB,700,700,610,640,556827300
10/20/2025,PSAT,1350,1365,1340,1360,768200
10/20/2025,PSDN,108,110,105,107,11506300
10/20/2025,PSGO,262,272,252,262,1616700
10/20/2025,PSKT,116,126,116,126,15707600
10/20/2025,PSSI,340,346,340,344,128500
10/20/2025,PTBA,2210,2270,2200,2270,10329300
10/20/2025,PTBABQCV5A,3,3,2,3,109900
10/20/2025,PTBADRCG6A,13,15,13,15,1763000
10/20/2025,PTBAHDCM6A,0,0,0,0,0
10/20/2025,PTBAYUCZ5A,63,63,63,63,100
10/20/2025,PTBAZPCH6A,29,29,29,29,100
10/20/2025,PTDU,0,0,0,0,0
10/20/2025,PTIS,396,410,396,402,37300
10/20/2025,PTMP,83,83,78,83,8184200
10/20/2025,PTMR,0,0,0,0,0
10/20/2025,PTPP,364,380,362,376,13364400
10/20/2025,PTPS,210,226,194,224,42419100
10/20/2025,PTPW,925,930,925,930,14200
10/20/2025,PTRO,6900,7100,6700,6775,54061800
10/20/2025,PTRODRCG6A,186,200,175,178,984300
10/20/2025,PTROHDCK6A,0,0,0,0,0
10/20/2025,PTROYUCK6A,336,338,336,338,3100
10/20/2025,PTROZPCK6A,177,183,169,179,105900
10/20/2025,PTSN,434,450,420,440,803900
10/20/2025,PTSP,950,950,910,935,10100
10/20/2025,PUDP,655,805,650,795,1628900
10/20/2025,PURA,27,29,27,29,5324200
10/20/2025,PURE,0,0,0,0,0
10/20/2025,PURI,300,330,240,288,30150400
10/20/2025,PWON,352,368,350,364,71722900
10/20/2025,PWONDRCN6A,29,29,29,29,1000
10/20/2025,PWONHDCZ5A,55,58,55,58,300
10/20/2025,PWONZPCH6A,29,29,28,28,1200
10/20/2025,PYFA,520,535,505,515,35320400
10/20/2025,PYFA-W,119,119,111,116,395000
10/20/2025,PZZA,248,266,248,258,1236800
10/20/2025,R-ABFII,0,0,0,0,0
10/20/2025,R-LQ45X,945,975,945,975,2300
10/20/2025,RAAM,262,272,260,270,15753100
10/20/2025,RAFI,20,20,20,20,1323700
10/20/2025,RAJA,4530,4740,4370,4500,58124200
10/20/2025,RAJADRCG6A,222,236,208,218,2082400
10/20/2025,RAJAHDCK6A,216,226,197,206,556700
10/20/2025,RAJAZPCK6A,109,114,99,103,1209200
10/20/2025,RALS,392,398,390,394,3804200
10/20/2025,RANC,730,800,730,800,641600
10/20/2025,RATU,7675,7975,7350,7950,16104100
10/20/2025,RBMS,39,39,38,38,228500
10/20/2025,RCCC,242,242,234,240,2372400
10/20/2025,RDTX,0,0,0,0,0
10/20/2025,REAL,64,75,57,74,895472600
10/20/2025,RELF,42,43,39,42,11283000
10/20/2025,RELI,605,640,605,630,4100
10/20/2025,RGAS,94,94,92,94,1714200
10/20/2025,RICY,62,67,62,66,398700
10/20/2025,RIGS,790,825,780,795,164100
10/20/2025,RIMO,0,0,0,0,0
10/20/2025,RISE,6500,6500,6100,6100,6544200
10/20/2025,RMKE,2260,2260,2260,2260,309600
10/20/2025,RMKO,234,234,234,234,463900
10/20/2025,ROCK,690,690,630,630,11200
10/20/2025,RODA,37,41,37,41,245300
10/20/2025,RONY,3020,3020,2860,2910,23200
10/20/2025,ROTI,790,790,785,790,119400
10/20/2025,RSCH,370,380,366,378,3597900
10/20/2025,RSGK,0,0,0,0,0
10/20/2025,RUIS,194,194,189,192,571800
10/20/2025,RUNS,97,97,90,91,4428400
10/20/2025,SAFE,186,189,183,185,705300
10/20/2025,SAGE,33,33,32,33,5557600
10/20/2025,SAME,302,316,302,306,1511200
10/20/2025,SAMF,314,318,314,314,295500
10/20/2025,SAPX,290,296,286,296,178700
10/20/2025,SATU,244,246,242,244,3138600
10/20/2025,SBAT,0,0,0,0,0
10/20/2025,SBMA,131,140,130,137,3253600
10/20/2025,SCCO,2330,2380,2310,2320,55400
10/20/2025,SCMA,364,376,342,370,184667800
10/20/2025,SCMABQCZ5A,0,0,0,0,0
10/20/2025,SCMADRCG6A,25,33,25,33,6352300
10/20/2025,SCMADRCK6A,0,0,0,0,0
10/20/2025,SCMAHDCK6A,52,58,52,58,1629700
10/20/2025,SCMAHDCZ5A,356,370,356,370,190000
10/20/2025,SCMAYUCK6A,87,93,87,93,1100
10/20/2025,SCMAZPCG6A,202,204,202,204,600
10/20/2025,SCMAZPCM6A,54,58,52,58,254900
10/20/2025,SCNP,187,187,159,167,4267100
10/20/2025,SCPI,0,0,0,0,0
10/20/2025,SDMU,73,73,70,71,5465600
10/20/2025,SDPC,134,136,132,136,66500
10/20/2025,SDRA,282,282,280,280,800400
10/20/2025,SEMA,97,98,96,97,438800
10/20/2025,SFAN,1915,1920,1910,1915,68100
10/20/2025,SGER,416,446,394,440,872492900
10/20/2025,SGRO,5125,5775,5125,5600,5679200
10/20/2025,SHID,895,895,790,890,5200
10/20/2025,SHIP,5200,6500,5150,6050,189600
10/20/2025,SICO,125,128,124,128,1813800
10/20/2025,SIDO,540,570,540,550,58105800
10/20/2025,SIDODRCK6A,32,32,32,32,56500
10/20/2025,SIDOZPCM6A,18,18,17,18,38700
10/20/2025,SILO,1850,1900,1840,1880,1342300
10/20/2025,SIMA,0,0,0,0,0
10/20/2025,SIMP,630,630,610,615,13183100
10/20/2025,SINI,4980,4980,4980,4980,52800
10/20/2025,SIPD,705,705,705,705,7500
10/20/2025,SKBM,430,434,378,434,685000
10/20/2025,SKLT,195,202,191,200,455300
10/20/2025,SKRN,625,635,605,625,317600
10/20/2025,SKYB,0,0,0,0,0
10/20/2025,SLIS,82,85,80,83,14114300
10/20/2025,SLIS-W,17,17,15,17,3007100
10/20/2025,SMAR,4990,5100,4980,5050,84000
10/20/2025,SMBR,252,264,252,260,4385300
10/20/2025,SMCB,0,0,0,0,0
10/20/2025,SMDM,870,890,840,860,144900
10/20/2025,SMDR,294,306,292,306,15339900
10/20/2025,SMGA,107,110,103,106,52956900
10/20/2025,SMGR,2390,2540,2390,2510,7243900
10/20/2025,SMGRBQCX5B,0,0,0,0,0
10/20/2025,SMGRBQCZ5A,6,8,5,7,9244400
10/20/2025,SMGRDRCG6A,0,0,0,0,0
10/20/2025,SMGRHDCZ5A,47,52,47,52,3900
10/20/2025,SMGRZPCJ6A,40,41,40,41,13000
10/20/2025,SMIL,555,580,555,575,105002100
10/20/2025,SMKL,169,169,167,167,12100
10/20/2025,SMKM,171,184,165,169,12490200
10/20/2025,SMLE,342,342,308,322,6473500
10/20/2025,SMMA,13775,13775,13300,13500,8500
10/20/2025,SMMT,1340,1400,1315,1360,453400
10/20/2025,SMRA,380,392,380,388,42225000
10/20/2025,SMRADRCG6A,0,0,0,0,0
10/20/2025,SMRADRCJ6A,0,0,0,0,0
10/20/2025,SMRAHDCZ5A,0,0,0,0,0
10/20/2025,SMRAZPCH6A,0,0,0,0,0
10/20/2025,SMRU,0,0,0,0,0
10/20/2025,SMSM,1790,1835,1775,1800,992400
10/20/2025,SNLK,414,414,400,406,8286300
10/20/2025,SOCI,218,228,214,222,13682600
10/20/2025,SOFA,178,178,178,178,4496500
10/20/2025,SOHO,1215,1250,1130,1195,89800
10/20/2025,SOLA,130,146,127,135,73063900
10/20/2025,SONA,2960,3050,2950,3000,83800
10/20/2025,SOSS,1245,1335,1065,1180,796800
10/20/2025,SOTS,342,342,322,330,114200
10/20/2025,SOUL,82,84,75,78,1496200
10/20/2025,SPMA,344,354,342,348,815400
10/20/2025,SPRE,94,105,94,101,979600
10/20/2025,SPTO,635,645,630,640,692600
10/20/2025,SQMI,0,0,0,0,0
10/20/2025,SRAJ,11500,11650,11225,11650,1612600
10/20/2025,SRIL,0,0,0,0,0
10/20/2025,SRSN,66,69,65,67,23613800
10/20/2025,SRTG,1575,1660,1575,1655,8089900
10/20/2025,SRTGDRCK6A,67,67,65,65,10200
10/20/2025,SRTGHDCK6A,58,63,58,63,71600
10/20/2025,SRTGZPCG6A,57,62,56,61,58300
10/20/2025,SRTGZPCK6A,31,31,31,31,1000
10/20/2025,SSIA,1775,1840,1770,1815,25285600
10/20/2025,SSMS,1650,1695,1610,1610,8179800
10/20/2025,SSTM,282,352,282,352,4814800
10/20/2025,STAA,1740,1775,1600,1750,21492700
10/20/2025,STAR,73,75,70,73,60000
10/20/2025,STRK,160,166,159,160,5130500
10/20/2025,STTP,10100,10200,10100,10200,700
10/20/2025,SUGI,0,0,0,0,0
10/20/2025,SULI,149,152,144,150,4117300
10/20/2025,SUNI,805,815,795,800,504600
10/20/2025,SUPR,0,0,0,0,0
10/20/2025,SURE,2660,2660,2520,2610,3500
10/20/2025,SURI,98,101,96,99,14654200
10/20/2025,SWAT,0,0,0,0,0
10/20/2025,SWID,86,90,84,89,825400
10/20/2025,TALF,402,420,400,400,11100
10/20/2025,TAMA,29,34,28,34,1406800
10/20/2025,TAMU,25,26,25,26,12102700
10/20/2025,TAPG,1850,1890,1820,1870,8476100
10/20/2025,TAPGDRCG6A,57,60,57,60,21100
10/20/2025,TAPGDRCJ6A,0,0,0,0,0
10/20/2025,TAPGHDCH6A,0,0,0,0,0
10/20/2025,TAPGZPCH6A,151,151,151,151,900
10/20/2025,TAPGZPCM6A,49,51,47,50,26600
10/20/2025,TARA,26,28,26,28,2042600
10/20/2025,TAXI,14,14,14,14,29282000
10/20/2025,TAYS,69,71,64,70,9813700
10/20/2025,TBIG,1960,1970,1870,1885,893300
10/20/2025,TBLA,725,735,715,735,4524000
10/20/2025,TBMS,1505,1530,1455,1480,64000
10/20/2025,TCID,3040,3090,3040,3050,29600
10/20/2025,TCPI,6325,6425,6275,6400,7150400
10/20/2025,TDPM,0,0,0,0,0
10/20/2025,TEBE,2600,2670,2270,2270,14960600
10/20/2025,TECH,0,0,0,0,0
10/20/2025,TELE,0,0,0,0,0
10/20/2025,TFAS,330,352,282,282,8063100
10/20/2025,TFCO,0,0,0,0,0
10/20/2025,TGKA,5450,5450,5450,5450,500
10/20/2025,TGRA,0,0,0,0,0
10/20/2025,TGUK,0,0,0,0,0
10/20/2025,TIFA,406,406,390,402,25300
10/20/2025,TINS,0,0,0,0,0
10/20/2025,TIRA,1465,1520,1395,1430,85900
10/20/2025,TIRT,0,0,0,0,0
10/20/2025,TKIM,6925,7075,6925,7025,1333000
10/20/2025,TKIMDRCN6A,0,0,0,0,0
10/20/2025,TKIMHDCJ6A,0,0,0,0,0
10/20/2025,TKIMZPCG6A,85,88,85,88,200
10/20/2025,TKIMZPCK6A,27,27,27,27,81200
10/20/2025,TLDN,815,835,785,825,2168800
10/20/2025,TLKM,2930,2970,2900,2940,96029300
10/20/2025,TLKMBQCG6A,0,0,0,0,0
10/20/2025,TLKMBQCJ6A,44,44,44,44,1000
10/20/2025,TLKMBQCV5A,2,6,2,6,5096100
10/20/2025,TLKMDRCJ6A,61,63,61,63,200
10/20/2025,TLKMDRCX6A,0,0,0,0,0
10/20/2025,TLKMHDCJ6A,35,35,35,35,100
10/20/2025,TLKMYUCK6A,92,92,92,92,100
10/20/2025,TLKMZPCF6A,68,68,68,68,12100
10/20/2025,TLKMZPCM6A,0,0,0,0,0
10/20/2025,TMAS,128,130,127,128,3463900
10/20/2025,TMPO,164,168,162,165,2607600
10/20/2025,TNCA,250,286,244,246,12306300
10/20/2025,TOBA,1115,1145,1085,1135,48603100
10/20/2025,TOOL,61,61,52,56,52220900
10/20/2025,TOPS,0,0,0,0,0
10/20/2025,TOSK,73,78,70,73,35345200
10/20/2025,TOTL,875,920,875,900,5542700
10/20/2025,TOTO,270,274,262,272,680900
10/20/2025,TOWR,550,550,535,545,11505100
10/20/2025,TOWRDRCN6A,19,19,18,18,350800
10/20/2025,TOWRHDCK6A,0,0,0,0,0
10/20/2025,TOYS,0,0,0,0,0
10/20/2025,TPIA,7000,7125,6950,7025,6296500
10/20/2025,TPMA,560,570,555,570,3456400
10/20/2025,TRAM,0,0,0,0,0
10/20/2025,TRGU,176,179,176,178,161700
10/20/2025,TRIL,0,0,0,0,0
10/20/2025,TRIM,496,530,488,498,829200
10/20/2025,TRIN,0,0,0,0,0
10/20/2025,TRIN-W2,0,0,0,0,0
10/20/2025,TRIO,0,0,0,0,0
10/20/2025,TRIS,179,180,178,180,62700
10/20/2025,TRJA,160,174,160,167,1404800
10/20/2025,TRON,76,81,73,78,8503800
10/20/2025,TRST,484,484,470,482,24700
10/20/2025,TRUE,110,114,110,114,48931600
10/20/2025,TRUK,264,318,264,290,5077800
10/20/2025,TRUS,446,446,428,440,2100
10/20/2025,TSPC,2570,2710,2560,2660,2744600
10/20/2025,TUGU,1005,1035,1005,1025,3367100
10/20/2025,TYRE,121,130,121,128,1203100
10/20/2025,UANG,2850,2900,2490,2640,1934600
10/20/2025,UCID,448,464,444,462,1951000
10/20/2025,UDNG,2220,2440,2030,2040,685800
10/20/2025,UFOE,199,204,196,196,3473800
10/20/2025,ULTJ,1330,1360,1330,1350,4156900
10/20/2025,UNIC,8000,8100,7850,8100,5800
10/20/2025,UNIQ,348,364,348,360,47543500
10/20/2025,UNIT,0,0,0,0,0
10/20/2025,UNSP,156,163,155,163,83900
10/20/2025,UNTD,82,85,81,85,13252700
10/20/2025,UNTR,27000,27000,26025,26600,3474200
10/20/2025,UNTRBQCV5A,79,83,77,79,49500
10/20/2025,UNTRDRCG6A,172,172,163,163,80100
10/20/2025,UNTRHDCM6A,165,166,165,166,2100
10/20/2025,UNTRZPCJ6A,153,154,153,154,10100
10/20/2025,UNVR,1935,2130,1935,2080,86711600
10/20/2025,UNVRBQCZ5A,110,126,109,114,247600
10/20/2025,UNVRDRCG6A,58,77,58,69,470400
10/20/2025,UNVRHDCM6A,0,0,0,0,0
10/20/2025,UNVRHDPG6A,57,57,48,50,594700
10/20/2025,UNVRZPCH6A,100,100,59,68,1477800
10/20/2025,UNVRZPCM6A,0,0,0,0,0
10/20/2025,URBN,140,142,134,141,218600
10/20/2025,UVCR,61,65,61,63,1950300
10/20/2025,VAST,151,151,149,150,126800
10/20/2025,VAST-W,13,13,12,13,51000
10/20/2025,VERN,119,123,119,119,1793500
10/20/2025,VICI,600,610,595,610,16100
10/20/2025,VICO,180,190,178,183,2386500
10/20/2025,VINS,151,172,148,148,13934800
10/20/2025,VISI,185,196,185,192,9001800
10/20/2025,VIVA,30,30,30,30,6809900
10/20/2025,VKTR,286,302,268,300,75288100
10/20/2025,VOKS,276,276,260,274,85200
10/20/2025,VRNA,81,85,80,83,299600
10/20/2025,VTNY,93,94,91,92,14111200
10/20/2025,WAPO,175,234,175,234,152193900
10/20/2025,WEGE,62,64,60,62,16826000
10/20/2025,WEHA,108,108,102,103,2631200
10/20/2025,WGSH,244,252,230,246,4220600
10/20/2025,WICO,0,0,0,0,0
10/20/2025,WIDI,35,35,32,35,17349900
10/20/2025,WIFI,2830,3280,2830,3200,271071200
10/20/2025,WIIM,1030,1200,1005,1150,25041800
10/20/2025,WIKA,0,0,0,0,0
10/20/2025,WINE,193,200,193,200,3134100
10/20/2025,WINR,33,34,32,34,14051900
10/20/2025,WINS,416,422,414,416,612100
10/20/2025,WIRG,115,122,112,117,357078400
10/20/2025,WMPP,0,0,0,0,0
10/20/2025,WMUU,30,32,30,32,58534900
10/20/2025,WOMF,332,332,328,330,543100
10/20/2025,WOOD,466,490,462,484,3627900
10/20/2025,WOWS,70,74,66,70,23677600
10/20/2025,WSBP,25,26,25,26,48086500
10/20/2025,WSKT,0,0,0,0,0
10/20/2025,WTON,96,101,94,99,22743100
10/20/2025,XAQA,0,0,0,0,0
10/20/2025,XBES,0,0,0,0,0
10/20/2025,XBID,513,513,513,513,40000
10/20/2025,XBIG,0,0,0,0,0
10/20/2025,XBIN,584,584,584,584,40000
10/20/2025,XBLQ,0,0,0,0,0
10/20/2025,XBNI,0,0,0,0,0
10/20/2025,XBSK,443,443,443,443,40000
10/20/2025,XCEG,101,102,101,102,26600
10/20/2025,XCID,50,51,50,50,183500
10/20/2025,XCIS,88,88,80,81,33300
10/20/2025,XCLQ,89,112,86,88,186000
10/20/2025,XDIF,0,0,0,0,0
10/20/2025,XIFE,95,106,85,102,1100
10/20/2025,XIHD,616,616,611,611,1000
10/20/2025,XIIC,0,0,0,0,0
10/20/2025,XIID,464,464,464,464,200
10/20/2025,XIIF,448,448,447,447,72000
10/20/2025,XIIT,500,517,500,514,2600
10/20/2025,XIJI,660,666,660,666,17500
10/20/2025,XILV,95,121,83,114,4200
10/20/2025,XIML,189,258,189,242,2100
10/20/2025,XIPB,183,186,180,180,85200
10/20/2025,XIPI,0,0,0,0,0
10/20/2025,XISB,0,0,0,0,0
10/20/2025,XISC,940,1175,800,1170,9900
10/20/2025,XISI,0,0,0,0,0
10/20/2025,XISR,433,433,433,433,2300
10/20/2025,XKID,949,949,949,949,100
10/20/2025,XKIV,599,599,599,599,40000
10/20/2025,XKMS,1130,1140,1129,1138,200000
10/20/2025,XMGB,1139,1139,1139,1139,100
10/20/2025,XMIG,214,214,214,214,200000
10/20/2025,XMLF,879,879,879,879,40000
10/20/2025,XMSK,371,379,371,379,300
10/20/2025,XNVE,0,0,0,0,0
10/20/2025,XPDV,597,605,597,605,200
10/20/2025,XPFT,0,0,0,0,0
10/20/2025,XPIN,621,639,621,639,18500
10/20/2025,XPLQ,0,0,0,0,0
10/20/2025,XPSG,390,390,390,390,200
10/20/2025,XPTD,0,0,0,0,0
10/20/2025,XSBC,97,97,95,97,278300
10/20/2025,XSPI,0,0,0,0,0
10/20/2025,XSSI,87,87,84,84,219200
10/20/2025,XSSK,689,689,689,689,20000
10/20/2025,YELO,60,62,60,60,10977200
10/20/2025,YOII,98,103,98,101,2768200
10/20/2025,YPAS,540,540,540,540,24100
10/20/2025,YULE,2700,2720,2600,2720,222100
10/20/2025,YUPI,1700,1720,1685,1715,52200
10/20/2025,ZATA,60,63,52,59,194160100
10/20/2025,ZBRA,0,0,0,0,0
10/20/2025,ZINC,28,30,28,30,15527500
10/20/2025,ZONE,555,565,540,565,39100
10/20/2025,ZYRX,136,140,129,140,488300
