<date>,<ticker>,<open>,<high>,<low>,<close>,<volume>
9/8/2025,IHSG,7929.060,7934.990,7766.850,7766.849,34133061000
9/8/2025,IDX30,0.000,0.000,0.000,0.000,0
9/8/2025,IDX80,0.000,0.000,0.000,0.000,0
9/8/2025,AADI,7300,7325,7050,7075,9577300
9/8/2025,AALI,7350,7400,7275,7300,1349700
9/8/2025,ABBA,42,43,42,43,1369000
9/8/2025,ABDA,3400,3400,3400,3400,200
9/8/2025,ABMM,2960,2970,2940,2940,767600
9/8/2025,ACES,440,442,430,432,68998800
9/8/2025,ACESBQCV5A,2,2,1,2,687800
9/8/2025,ACESBQCX5B,10,10,10,10,1200
9/8/2025,ACESBQCZ5A,19,19,18,18,7382800
9/8/2025,ACESDRCJ6A,0,0,0,0,0
9/8/2025,ACESHDCZ5A,0,0,0,0,0
9/8/2025,ACESZPCJ6A,0,0,0,0,0
9/8/2025,ACRO,86,88,83,83,10685600
9/8/2025,ACRO-W,13,13,11,12,16965900
9/8/2025,ACST,144,148,135,139,16091400
9/8/2025,ADCP,62,68,61,62,164755600
9/8/2025,ADES,13700,13700,13400,13425,42800
9/8/2025,ADHI,292,296,280,282,30383600
9/8/2025,ADMF,8975,9050,8975,8975,50600
9/8/2025,ADMG,148,150,143,147,1454500
9/8/2025,ADMR,1030,1040,1000,1000,26064500
9/8/2025,ADMRDRCJ6A,35,35,32,35,57700
9/8/2025,ADMRHDCJ6A,55,55,54,54,3300
9/8/2025,ADMRZPCH6A,51,51,51,51,1300
9/8/2025,ADRO,1765,1780,1720,1720,123216100
9/8/2025,ADROBQCU5A,2,3,1,3,2220400
9/8/2025,ADROBQCZ5A,0,0,0,0,0
9/8/2025,ADRODRCJ6A,57,57,57,57,510000
9/8/2025,ADRODRCX5A,37,38,35,38,598000
9/8/2025,ADROHDCZ5A,56,56,56,56,1800
9/8/2025,ADROHDPH6A,126,132,126,132,16700
9/8/2025,ADROYUCZ5A,70,70,69,69,3100
9/8/2025,ADROZPCF6A,28,28,28,28,800
9/8/2025,AEGS,47,47,41,42,88014900
9/8/2025,AGAR,250,252,250,250,49800
9/8/2025,AGII,830,840,805,805,914500
9/8/2025,AGRO,232,238,226,226,10400800
9/8/2025,AGRS,75,79,75,75,19776100
9/8/2025,AHAP,77,80,76,77,7764700
9/8/2025,AIMS,320,320,320,320,41000
9/8/2025,AISA,123,126,121,121,6984000
9/8/2025,AKKU,0,0,0,0,0
9/8/2025,AKPI,555,575,550,555,124800
9/8/2025,AKRA,1235,1245,1215,1220,16725500
9/8/2025,AKRABQCX5B,0,0,0,0,0
9/8/2025,AKRADRCX5A,35,36,33,36,300
9/8/2025,AKRAHDCH6A,0,0,0,0,0
9/8/2025,AKRAZPCJ6A,0,0,0,0,0
9/8/2025,AKRAZPCX5A,0,0,0,0,0
9/8/2025,AKSI,246,248,242,242,66500
9/8/2025,ALDO,500,500,498,498,72000
9/8/2025,ALII,535,550,535,535,2440200
9/8/2025,ALKA,316,320,300,312,9900
9/8/2025,ALMI,0,0,0,0,0
9/8/2025,ALTO,0,0,0,0,0
9/8/2025,AMAG,370,392,368,372,969200
9/8/2025,AMAN,123,125,121,121,1956300
9/8/2025,AMAR,208,214,204,204,1332300
9/8/2025,AMFG,3350,3350,3190,3210,22900
9/8/2025,AMIN,220,224,218,220,215700
9/8/2025,AMMN,8125,8125,8000,8100,22209700
9/8/2025,AMMNBQCZ5A,39,39,38,38,5512400
9/8/2025,AMMNDRCJ6A,70,70,70,70,200
9/8/2025,AMMNHDCH6A,0,0,0,0,0
9/8/2025,AMMNZPCG6A,0,0,0,0,0
9/8/2025,AMMS,196,214,196,214,5421300
9/8/2025,AMOR,478,478,474,474,75200
9/8/2025,AMRT,2100,2140,2070,2080,21888800
9/8/2025,AMRTBQCU5A,1,2,1,2,987900
9/8/2025,AMRTDRCZ5A,0,0,0,0,0
9/8/2025,AMRTHDCJ6A,25,25,25,25,800
9/8/2025,AMRTZPCX5A,0,0,0,0,0
9/8/2025,ANDI,31,31,28,28,29904600
9/8/2025,ANJT,1795,1800,1795,1795,2028100
9/8/2025,ANTM,3470,3710,3450,3610,400454400
9/8/2025,ANTMBQCU5A,406,418,406,418,14500
9/8/2025,ANTMBQCX5A,110,128,110,128,1763200
9/8/2025,ANTMBQCZ5A,0,0,0,0,0
9/8/2025,ANTMDRCG6A,69,80,67,77,3870200
9/8/2025,ANTMDRCX5A,374,410,374,400,59700
9/8/2025,ANTMDRPU5A,9,9,2,2,20300
9/8/2025,ANTMDRPU5B,2,3,1,2,5757600
9/8/2025,ANTMHDCH6A,116,126,116,122,57200
9/8/2025,ANTMHDCH6B,170,188,170,184,21000
9/8/2025,ANTMHDCU5A,160,224,155,195,343500
9/8/2025,ANTMHDPH6A,66,66,58,60,132500
9/8/2025,ANTMZPCJ6A,104,121,102,118,832800
9/8/2025,ANTMZPCX5A,306,308,302,302,7100
9/8/2025,APEX,125,125,120,120,16951500
9/8/2025,APIC,1110,1140,1110,1125,3867300
9/8/2025,APII,175,176,175,176,500
9/8/2025,APLI,478,478,472,472,2800
9/8/2025,APLN,105,110,104,104,40021000
9/8/2025,ARCI,880,920,875,890,160322900
9/8/2025,AREA,505,525,494,520,2854300
9/8/2025,ARGO,1345,1360,1300,1305,32700
9/8/2025,ARII,258,268,258,264,41900
9/8/2025,ARKA,42,42,36,37,14474000
9/8/2025,ARKO,1355,1375,1310,1310,656000
9/8/2025,ARMY,0,0,0,0,0
9/8/2025,ARNA,570,570,560,565,1255500
9/8/2025,ARTA,3340,3400,3290,3290,3900
9/8/2025,ARTI,0,0,0,0,0
9/8/2025,ARTO,2190,2200,1990,2000,11045100
9/8/2025,ARTOBQCU5A,2,2,1,1,1757100
9/8/2025,ARTOBQCX5B,0,0,0,0,0
9/8/2025,ARTOBQCZ5A,23,23,17,17,760000
9/8/2025,ARTODRCK6A,71,71,71,71,100
9/8/2025,ARTODRCX5A,54,54,46,46,196600
9/8/2025,ARTOHDCZ5A,0,0,0,0,0
9/8/2025,ARTOZPCX5A,52,52,52,52,2500000
9/8/2025,ASBI,444,444,434,438,3200
9/8/2025,ASDM,535,550,530,540,4300
9/8/2025,ASGR,1200,1270,1200,1215,2228500
9/8/2025,ASHA,46,46,46,46,24541700
9/8/2025,ASII,5600,5600,5350,5425,57081800
9/8/2025,ASIIBQCU5A,36,41,36,37,441400
9/8/2025,ASIIBQCZ5A,0,0,0,0,0
9/8/2025,ASIIDRCX5A,127,127,127,127,100
9/8/2025,ASIIDRCX6A,0,0,0,0,0
9/8/2025,ASIIHDCZ5A,0,0,0,0,0
9/8/2025,ASIIZPCJ6A,117,117,117,117,100
9/8/2025,ASJT,112,112,108,109,40400
9/8/2025,ASLC,103,107,97,97,143400100
9/8/2025,ASLI,0,0,0,0,0
9/8/2025,ASMI,31,31,31,31,1807100
9/8/2025,ASPI,422,525,422,490,17205100
9/8/2025,ASPR,93,94,92,92,5865600
9/8/2025,ASRI,174,179,169,169,54870700
9/8/2025,ASRM,276,280,276,276,7400
9/8/2025,ASSA,840,880,840,850,12474800
9/8/2025,ATAP,58,58,53,53,6650500
9/8/2025,ATIC,458,470,444,446,381500
9/8/2025,ATLA,64,73,60,63,1128839900
9/8/2025,AUTO,2370,2460,2360,2390,4608300
9/8/2025,AUTOZPCJ6A,0,0,0,0,0
9/8/2025,AVIA,426,430,424,424,4972400
9/8/2025,AVIAZPCJ6A,19,19,19,19,1000
9/8/2025,AWAN,256,262,256,256,17298600
9/8/2025,AXIO,127,129,127,127,718400
9/8/2025,AYAM,171,173,169,172,84243800
9/8/2025,AYLS,104,105,102,104,2712100
9/8/2025,BABP,62,64,59,59,70630300
9/8/2025,BABY,304,310,302,308,8632000
9/8/2025,BACA,136,142,135,135,3348000
9/8/2025,BAIK,105,105,101,101,2185600
9/8/2025,BAIK-W,11,12,10,12,24320000
9/8/2025,BAJA,124,125,121,121,518900
9/8/2025,BALI,1430,1430,1380,1390,20500
9/8/2025,BANK,815,820,800,815,4570300
9/8/2025,BANK-W,0,0,0,0,0
9/8/2025,BAPA,78,98,74,88,501489300
9/8/2025,BAPI,25,25,25,25,45426700
9/8/2025,BATA,51,52,51,52,17800
9/8/2025,BATR,106,132,106,117,108066600
9/8/2025,BAUT,38,39,37,37,9062300
9/8/2025,BAYU,1320,1345,1300,1325,191700
9/8/2025,BBCA,8025,8025,7700,7700,321191900
9/8/2025,BBCABQCV5A,4,5,3,3,8671500
9/8/2025,BBCABQCX5A,13,13,12,12,2122100
9/8/2025,BBCADRCF6A,40,40,35,36,1378000
9/8/2025,BBCADRCX6A,3680,3680,3520,3520,1400
9/8/2025,BBCAHDCQ7A,59,60,56,56,96600
9/8/2025,BBCAHDCU5A,4,4,4,4,1000
9/8/2025,BBCAHDCV5A,0,0,0,0,0
9/8/2025,BBCAZPCF6A,0,0,0,0,0
9/8/2025,BBCAZPCH6A,80,81,79,79,73000
9/8/2025,BBHI,1570,1580,1530,1535,1599600
9/8/2025,BBKP,78,79,75,75,285173400
9/8/2025,BBLD,900,950,850,905,135800
9/8/2025,BBMD,2110,2120,2090,2090,900
9/8/2025,BBNI,4430,4440,4050,4180,55687200
9/8/2025,BBNIBQCU5A,0,0,0,0,0
9/8/2025,BBNIBQCV5A,0,0,0,0,0
9/8/2025,BBNIDRCX6A,0,0,0,0,0
9/8/2025,BBNIDRCZ5A,62,62,52,52,200200
9/8/2025,BBNIDRPU5A,2,3,1,3,30100
9/8/2025,BBNIHDCQ7A,0,0,0,0,0
9/8/2025,BBNIHDCU5A,62,62,62,62,1600
9/8/2025,BBNIHDPU5A,0,0,0,0,0
9/8/2025,BBNIYUCV5A,53,53,40,40,10200
9/8/2025,BBNIZPCH6A,0,0,0,0,0
9/8/2025,BBNIZPCX5A,0,0,0,0,0
9/8/2025,BBRI,4070,4070,3890,3900,143993900
9/8/2025,BBRIBQCU5A,13,13,9,9,122500
9/8/2025,BBRIBQCZ5A,0,0,0,0,0
9/8/2025,BBRIDRCX5A,152,152,134,137,240000
9/8/2025,BBRIDRCX6A,0,0,0,0,0
9/8/2025,BBRIHDCH6A,0,0,0,0,0
9/8/2025,BBRIHDCQ7A,0,0,0,0,0
9/8/2025,BBRIYUCV5A,94,94,94,94,100
9/8/2025,BBRIZPCH6A,0,0,0,0,0
9/8/2025,BBRIZPCX5A,0,0,0,0,0
9/8/2025,BBRM,88,90,87,87,7574300
9/8/2025,BBSI,4010,4050,4010,4050,22300
9/8/2025,BBSS,262,278,244,274,550700
9/8/2025,BBTN,1290,1315,1155,1155,59151800
9/8/2025,BBTNHDCZ5A,0,0,0,0,0
9/8/2025,BBTNYUCZ5A,0,0,0,0,0
9/8/2025,BBTNZPCG6A,57,57,57,57,400
9/8/2025,BBYB,324,330,308,308,66654500
9/8/2025,BCAP,75,77,70,70,161067200
9/8/2025,BCIC,0,0,0,0,0
9/8/2025,BCIP,94,96,92,94,19110600
9/8/2025,BDKR,157,164,155,160,39411000
9/8/2025,BDMN,2560,2560,2490,2510,926200
9/8/2025,BEBS,0,0,0,0,0
9/8/2025,BEEF,322,334,316,326,26523800
9/8/2025,BEER,111,111,104,105,1762700
9/8/2025,BEKS,28,28,26,26,143623500
9/8/2025,BELI,368,370,360,360,961400
9/8/2025,BELL,71,71,64,65,92055700
9/8/2025,BESS,1035,1045,1000,1040,60100
9/8/2025,BEST,120,128,115,115,92922700
9/8/2025,BFIN,765,780,755,760,15280300
9/8/2025,BFINDRCK6A,0,0,0,0,0
9/8/2025,BGTG,110,110,102,104,44930100
9/8/2025,BHAT,895,900,885,895,1571300
9/8/2025,BHIT,37,37,36,37,17519300
9/8/2025,BIKA,0,0,0,0,0
9/8/2025,BIKE,1000,1050,1000,1025,10512600
9/8/2025,BIMA,76,76,76,76,253200
9/8/2025,BINA,4680,4680,4500,4500,1500
9/8/2025,BINO,123,133,120,122,7772600
9/8/2025,BIPI,81,81,79,79,275737900
9/8/2025,BIPP,49,49,49,49,60200
9/8/2025,BIRD,1795,1800,1775,1780,1034600
9/8/2025,BISI,900,910,890,890,75800
9/8/2025,BJBR,775,780,765,765,13824400
9/8/2025,BJTM,515,520,510,515,7411700
9/8/2025,BKDP,41,41,40,40,604100
9/8/2025,BKSL,132,136,128,128,263670500
9/8/2025,BKSW,69,77,67,69,41478400
9/8/2025,BLES,160,162,158,158,5872700
9/8/2025,BLOG,585,640,570,585,50394000
9/8/2025,BLTA,41,41,38,38,25863700
9/8/2025,BLTZ,0,0,0,0,0
9/8/2025,BLUE,318,320,316,320,17100
9/8/2025,BMAS,680,725,650,700,191000
9/8/2025,BMBL,48,48,48,48,6009000
9/8/2025,BMHS,185,188,180,180,7290500
9/8/2025,BMRI,4750,4750,4460,4490,200234500
9/8/2025,BMRIBQCU5A,2,2,1,1,228600
9/8/2025,BMRIBQCZ5A,36,36,35,35,403700
9/8/2025,BMRIDRCX5A,50,50,50,50,100
9/8/2025,BMRIDRCX6A,0,0,0,0,0
9/8/2025,BMRIHDCQ7A,94,94,94,94,1500
9/8/2025,BMRIHDCU5A,0,0,0,0,0
9/8/2025,BMRIHDPU5A,120,127,120,126,9500
9/8/2025,BMRIZPCH6A,61,61,59,59,1700
9/8/2025,BMRIZPCX5A,32,32,30,30,6500
9/8/2025,BMSR,252,276,252,266,252000
9/8/2025,BMTR,148,148,142,143,44757600
9/8/2025,BNBA,780,780,750,755,633500
9/8/2025,BNBR,33,34,33,34,95117700
9/8/2025,BNGA,1710,1715,1700,1705,3361000
9/8/2025,BNGADRCK6A,66,66,66,66,8000
9/8/2025,BNGAZPCH6A,50,50,50,50,10000
9/8/2025,BNII,212,212,208,208,832100
9/8/2025,BNLI,3160,3230,3150,3170,511400
9/8/2025,BOAT,122,123,117,117,11125000
9/8/2025,BOBA,183,189,176,183,101500
9/8/2025,BOGA,570,575,560,570,947600
9/8/2025,BOLA,199,199,186,191,1896400
9/8/2025,BOLT,1065,1065,1050,1055,7600
9/8/2025,BOSS,0,0,0,0,0
9/8/2025,BPFI,338,350,336,336,112800
9/8/2025,BPII,585,585,575,585,141700
9/8/2025,BPTR,96,97,94,94,400600
9/8/2025,BRAM,5200,5225,5025,5200,3900
9/8/2025,BREN,8675,8950,8550,8575,31595900
9/8/2025,BRIS,2740,2740,2580,2580,30899500
9/8/2025,BRISBQCZ5A,52,52,52,52,25000
9/8/2025,BRISDRCJ6A,45,45,43,43,300000
9/8/2025,BRISHDCH6A,63,63,63,63,10000
9/8/2025,BRISHDCZ5A,0,0,0,0,0
9/8/2025,BRISYUCV5A,63,63,59,59,4100
9/8/2025,BRISZPCG6A,0,0,0,0,0
9/8/2025,BRMS,505,525,500,505,792907100
9/8/2025,BRMSBQCZ5A,65,68,65,68,1071600
9/8/2025,BRMSDRCJ6A,55,55,50,53,5054200
9/8/2025,BRMSDRPX5A,16,16,15,15,102000
9/8/2025,BRMSHDCH6A,0,0,0,0,0
9/8/2025,BRMSHDCZ5A,0,0,0,0,0
9/8/2025,BRMSYUCV5A,41,41,35,35,50200
9/8/2025,BRMSZPCG6A,83,87,81,85,612500
9/8/2025,BRNA,725,740,700,730,116700
9/8/2025,BRPT,2200,2240,2150,2150,103542900
9/8/2025,BRPTBQCV5A,0,0,0,0,0
9/8/2025,BRPTBQCX5B,64,65,64,65,165700
9/8/2025,BRPTBQCZ5A,0,0,0,0,0
9/8/2025,BRPTDRCF6A,182,184,182,184,1200
9/8/2025,BRPTDRCJ6A,90,95,90,91,237400
9/8/2025,BRPTDRCX5A,212,218,212,216,60900
9/8/2025,BRPTDRPV5A,6,6,6,6,100000
9/8/2025,BRPTHDCH6A,0,0,0,0,0
9/8/2025,BRPTHDCH6B,124,124,124,124,100
9/8/2025,BRPTHDPG6A,0,0,0,0,0
9/8/2025,BRPTYUCZ5A,112,112,112,112,100
9/8/2025,BRPTZPCF6A,0,0,0,0,0
9/8/2025,BRPTZPCX5A,0,0,0,0,0
9/8/2025,BRRC,77,81,76,76,28742100
9/8/2025,BRRC-W,14,18,13,15,198220400
9/8/2025,BSBK,76,78,71,72,222608400
9/8/2025,BSDE,1120,1165,1080,1100,36525800
9/8/2025,BSDEDRCJ6A,59,59,54,54,1050300
9/8/2025,BSDEZPCH6A,0,0,0,0,0
9/8/2025,BSIM,895,895,855,875,42800
9/8/2025,BSML,106,108,104,104,61890900
9/8/2025,BSSR,3970,3970,3930,3940,532900
9/8/2025,BSWD,0,0,0,0,0
9/8/2025,BTEK,17,17,17,17,64349900
9/8/2025,BTEL,0,0,0,0,0
9/8/2025,BTON,380,380,374,374,10500
9/8/2025,BTPN,2130,2130,2080,2080,34000
9/8/2025,BTPS,1465,1485,1350,1350,25199600
9/8/2025,BTPSDRCK6A,50,50,50,50,100
9/8/2025,BTPSHDCJ6A,0,0,0,0,0
9/8/2025,BTPSZPCH6A,0,0,0,0,0
9/8/2025,BUAH,1440,1465,1435,1450,131300
9/8/2025,BUDI,218,222,216,220,30100
9/8/2025,BUKA,174,182,171,171,249349200
9/8/2025,BUKABQCZ5B,23,23,20,20,19782800
9/8/2025,BUKADRCK6A,22,22,21,21,11400
9/8/2025,BUKAHDCZ5A,0,0,0,0,0
9/8/2025,BUKK,875,885,855,885,84700
9/8/2025,BULL,154,160,149,149,255079300
9/8/2025,BUMI,112,114,108,108,1582535200
9/8/2025,BUVA,356,356,334,336,135068600
9/8/2025,BVIC,111,112,107,107,16989700
9/8/2025,BVIC-W,47,47,46,46,118300
9/8/2025,BWPT,0,0,0,0,0
9/8/2025,BYAN,18150,18150,17975,17975,16600
9/8/2025,CAKK,141,156,138,143,1310000
9/8/2025,CAMP,212,228,212,212,8871500
9/8/2025,CANI,43,43,42,42,360200
9/8/2025,CARE,300,302,294,300,17611900
9/8/2025,CARS,138,142,128,130,100545900
9/8/2025,CASA,1130,1135,1115,1130,3654900
9/8/2025,CASH,91,100,82,89,30998000
9/8/2025,CASS,2580,2620,2560,2560,69400
9/8/2025,CBDK,6300,6350,6000,6000,11900300
9/8/2025,CBMF,0,0,0,0,0
9/8/2025,CBPE,186,195,186,193,152900
9/8/2025,CBRE,420,452,370,452,455339400
9/8/2025,CBUT,1510,1750,1435,1700,191400
9/8/2025,CCSI,382,388,370,376,1383000
9/8/2025,CDIA,1405,1425,1375,1375,95722400
9/8/2025,CEKA,2660,2670,2620,2620,22100
9/8/2025,CENT,122,126,119,119,15119700
9/8/2025,CFIN,316,320,314,314,3045200
9/8/2025,CGAS,154,166,150,150,56838200
9/8/2025,CHEK,202,208,200,200,20881300
9/8/2025,CHEM,101,105,97,97,28015300
9/8/2025,CHIP,1385,1390,1350,1380,75100
9/8/2025,CINT,160,160,156,158,177600
9/8/2025,CITA,4140,4170,4100,4110,372500
9/8/2025,CITY,105,106,101,102,2415600
9/8/2025,CLAY,1505,1505,1380,1505,75500
9/8/2025,CLEO,555,555,540,540,12800200
9/8/2025,CLPI,1245,1260,1235,1235,105700
9/8/2025,CMNP,1350,1595,1350,1395,4979600
9/8/2025,CMNP-W,440,464,440,464,73400
9/8/2025,CMNT,820,830,805,820,31900100
9/8/2025,CMPP,90,93,90,93,126800
9/8/2025,CMRY,4980,4990,4920,4920,276900
9/8/2025,CMRYDRCK6A,0,0,0,0,0
9/8/2025,CMRYZPCJ6A,43,43,43,43,5500
9/8/2025,CNKO,105,105,99,99,92091300
9/8/2025,CNMA,132,135,132,133,19079100
9/8/2025,CNTB,0,0,0,0,0
9/8/2025,CNTX,0,0,0,0,0
9/8/2025,COAL,59,59,54,54,50991400
9/8/2025,COCO,610,610,525,525,18410000
9/8/2025,COIN,2470,2500,2380,2380,23667800
9/8/2025,COWL,0,0,0,0,0
9/8/2025,CPIN,4550,4640,4470,4530,11905800
9/8/2025,CPINDRCG6A,66,66,66,66,7600
9/8/2025,CPINZPCJ6A,0,0,0,0,0
9/8/2025,CPRI,0,0,0,0,0
9/8/2025,CPRO,59,62,57,57,740152800
9/8/2025,CRAB,238,240,236,240,1442000
9/8/2025,CRSN,113,113,109,110,489600
9/8/2025,CSAP,290,298,290,296,264500
9/8/2025,CSIS,119,120,117,117,1582900
9/8/2025,CSMI,398,400,340,388,8844100
9/8/2025,CSRA,915,915,840,860,1378600
9/8/2025,CTBN,5125,5125,5125,5125,1500
9/8/2025,CTRA,995,1005,945,960,76902500
9/8/2025,CTRADRCJ6A,26,26,26,26,178700
9/8/2025,CTRAYUCZ5A,0,0,0,0,0
9/8/2025,CTRAZPCG6A,41,41,41,41,66100
9/8/2025,CTTH,42,42,42,42,228600
9/8/2025,CUAN,1500,1520,1460,1475,94002800
9/8/2025,CYBR,980,990,955,955,13786700
9/8/2025,CYBR-W,550,560,535,560,9200
9/8/2025,DAAZ,3140,3140,3050,3050,240700
9/8/2025,DADA,46,46,46,46,149249300
9/8/2025,DART,162,164,159,159,469200
9/8/2025,DATA,0,0,0,0,0
9/8/2025,DAYA,1020,1020,975,1015,9800
9/8/2025,DCII,325000,325000,320000,320025,6300
9/8/2025,DEAL,0,0,0,0,0
9/8/2025,DEFI,398,398,360,360,72500
9/8/2025,DEPO,202,266,200,248,24496600
9/8/2025,DEWA,224,228,216,216,256584900
9/8/2025,DEWI,110,111,109,110,72713000
9/8/2025,DFAM,81,90,77,79,30970600
9/8/2025,DGIK,95,98,95,95,4520400
9/8/2025,DGNS,148,154,144,144,29033400
9/8/2025,DGWG,418,424,406,408,8546000
9/8/2025,DIGI,31,32,31,32,1137000
9/8/2025,DILD,138,142,136,136,12498200
9/8/2025,DIVA,125,130,121,121,6418900
9/8/2025,DKFT,715,730,705,705,32074000
9/8/2025,DKHH,110,113,104,104,14986200
9/8/2025,DKHH-W,17,17,16,16,9335700
9/8/2025,DLTA,1970,1975,1960,1960,36500
9/8/2025,DMAS,138,139,137,137,41242800
9/8/2025,DMMX,364,400,348,398,14870400
9/8/2025,DMND,570,585,570,570,126000
9/8/2025,DNAR,121,123,119,119,3199700
9/8/2025,DNET,9300,9300,9000,9125,21800
9/8/2025,DOID,360,384,360,362,45586100
9/8/2025,DOOH,145,149,137,137,92693600
9/8/2025,DOSS,143,145,138,138,3534000
9/8/2025,DPNS,266,266,260,260,33300
9/8/2025,DPUM,69,74,68,72,21877700
9/8/2025,DRMA,990,1025,990,1000,1321900
9/8/2025,DSFI,84,86,82,82,9396600
9/8/2025,DSNG,1625,1690,1565,1665,35297400
9/8/2025,DSNGDRCK6A,89,89,89,89,100
9/8/2025,DSSA,106000,114150,106000,110850,5688200
9/8/2025,DUCK,0,0,0,0,0
9/8/2025,DUTI,4300,4610,4280,4440,35400
9/8/2025,DVLA,1610,1620,1565,1615,94700
9/8/2025,DWGL,226,234,226,228,227900
9/8/2025,DYAN,90,91,88,88,2191200
9/8/2025,EAST,96,96,93,94,5938600
9/8/2025,ECII,186,192,183,184,538500
9/8/2025,EDGE,4260,4290,4200,4250,18800
9/8/2025,EKAD,187,191,187,190,216700
9/8/2025,ELIT,184,186,173,177,21779200
9/8/2025,ELPI,382,388,360,360,3526700
9/8/2025,ELSA,500,500,490,490,24318500
9/8/2025,ELSADRCJ6A,35,35,35,35,100
9/8/2025,ELSAZPCG6A,33,33,33,33,4503900
9/8/2025,ELTY,16,16,16,16,168085100
9/8/2025,EMDE,97,97,95,95,1684500
9/8/2025,EMTK,1310,1315,1230,1245,80582400
9/8/2025,EMTKBQCZ5A,368,368,366,366,222000
9/8/2025,EMTKDRCK6A,66,66,66,66,1900
9/8/2025,EMTKHDCZ5A,272,272,270,270,400000
9/8/2025,EMTKYUCV5A,176,176,172,172,3600
9/8/2025,EMTKZPCH6A,164,164,164,164,3100
9/8/2025,ENAK,685,700,685,700,1021100
9/8/2025,ENRG,600,605,585,585,72539100
9/8/2025,ENRGBQCZ5A,27,29,27,27,12893300
9/8/2025,ENRGDRCJ6A,82,82,82,82,20000
9/8/2025,ENRGHDCZ5A,230,230,230,230,1200
9/8/2025,ENRGZPCG6A,0,0,0,0,0
9/8/2025,ENVY,0,0,0,0,0
9/8/2025,ENZO,40,40,37,37,530600
9/8/2025,EPAC,36,36,33,33,10855500
9/8/2025,EPMT,2320,2320,2290,2300,58700
9/8/2025,ERAA,446,460,444,450,84898700
9/8/2025,ERAABQCZ5A,0,0,0,0,0
9/8/2025,ERAADRCJ6A,12,12,12,12,73100
9/8/2025,ERAAHDCZ5A,36,36,36,36,100
9/8/2025,ERAAZPCH6A,0,0,0,0,0
9/8/2025,ERAL,324,344,324,332,21923100
9/8/2025,ERTX,127,138,127,127,7307000
9/8/2025,ESIP,50,50,45,45,1171700
9/8/2025,ESSA,610,650,605,605,163516300
9/8/2025,ESSABQCZ5A,49,55,45,48,2364600
9/8/2025,ESSAHDCH6A,57,58,57,58,236200
9/8/2025,ESSAYUCZ5A,42,44,42,44,600
9/8/2025,ESTA,72,92,69,74,102065300
9/8/2025,ESTI,55,55,55,55,2426500
9/8/2025,ETWA,0,0,0,0,0
9/8/2025,EURO,256,280,256,280,186900
9/8/2025,EXCL,2730,2730,2650,2680,9275600
9/8/2025,EXCLHDCJ6A,39,40,38,38,421700
9/8/2025,EXCLZPCF6A,0,0,0,0,0
9/8/2025,FAPA,5925,5975,5925,5975,7100
9/8/2025,FAST,336,340,328,330,1658200
9/8/2025,FASW,0,0,0,0,0
9/8/2025,FILM,3810,3970,3700,3720,11198400
9/8/2025,FIMP,0,0,0,0,0
9/8/2025,FIRE,80,89,79,79,69724000
9/8/2025,FISH,0,0,0,0,0
9/8/2025,FITT,414,460,374,460,9790100
9/8/2025,FLMC,0,0,0,0,0
9/8/2025,FMII,356,370,356,370,28600
9/8/2025,FOLK,79,83,76,77,3877400
9/8/2025,FOOD,118,118,118,118,61900
9/8/2025,FORE,520,525,510,510,5353200
9/8/2025,FORU,1200,1230,1130,1160,297100
9/8/2025,FPNI,192,197,191,194,464300
9/8/2025,FUJI,450,484,406,420,5826500
9/8/2025,FUTR,256,268,232,234,132045200
9/8/2025,FWCT,161,163,157,157,2087100
9/8/2025,GAMA,0,0,0,0,0
9/8/2025,GDST,108,110,107,108,728400
9/8/2025,GDYR,1180,1205,1150,1155,5400
9/8/2025,GEMA,122,124,117,118,8733000
9/8/2025,GEMS,9200,9225,9125,9125,128900
9/8/2025,GGRM,8725,10050,8450,9900,4848900
9/8/2025,GGRMZPCG6A,38,54,33,53,110600
9/8/2025,GGRP,240,250,232,232,1614500
9/8/2025,GHON,1680,1690,1650,1650,5400
9/8/2025,GIAA,69,69,67,67,10156200
9/8/2025,GJTL,1030,1030,1020,1020,3408800
9/8/2025,GJTLZPCJ6A,26,26,23,23,63500
9/8/2025,GLOB,57,57,57,57,29700
9/8/2025,GLVA,326,332,324,328,14200
9/8/2025,GMFI,62,62,60,60,1920900
9/8/2025,GMTD,2190,2230,2190,2230,1800
9/8/2025,GOLD,252,282,252,272,450900
9/8/2025,GOLF,210,216,208,210,3806300
9/8/2025,GOLL,0,0,0,0,0
9/8/2025,GOOD,370,370,366,370,164200
9/8/2025,GOTO,59,60,58,58,1947303100
9/8/2025,GOTOBQCZ5A,2,3,2,3,197400
9/8/2025,GOTODRCG6A,10,10,10,10,11000
9/8/2025,GOTOM,0,0,0,0,0
9/8/2025,GOTOZPCH6A,0,0,0,0,0
9/8/2025,GPRA,130,133,129,131,59469700
9/8/2025,GPSO,276,292,268,282,5489200
9/8/2025,GRIA,126,143,122,135,71339700
9/8/2025,GRPH,74,75,67,69,31982300
9/8/2025,GRPM,54,59,54,59,20496600
9/8/2025,GRPM-W,15,18,15,17,43871300
9/8/2025,GSMF,113,113,99,99,23653500
9/8/2025,GTBO,197,202,191,197,384500
9/8/2025,GTRA,139,143,138,139,438700
9/8/2025,GTSI,93,95,82,83,147392900
9/8/2025,GULA,324,354,322,334,3978200
9/8/2025,GUNA,242,244,238,240,658800
9/8/2025,GWSA,156,157,152,153,295100
9/8/2025,GZCO,220,224,195,196,234167600
9/8/2025,HADE,36,36,36,36,1942700
9/8/2025,HAIS,192,193,188,188,4543100
9/8/2025,HAJJ,125,125,116,117,11192600
9/8/2025,HAJJ-W,19,19,15,16,20498300
9/8/2025,HALO,85,87,80,83,10168100
9/8/2025,HALO-W,14,14,12,13,10549400
9/8/2025,HATM,254,254,250,250,25922600
9/8/2025,HBAT,0,0,0,0,0
9/8/2025,HDFA,129,129,123,123,34500
9/8/2025,HDIT,64,64,61,61,10961200
9/8/2025,HEAL,1655,1690,1655,1675,5533600
9/8/2025,HEALBQCZ5A,35,37,35,37,200
9/8/2025,HEALDRCJ6A,54,54,54,54,100
9/8/2025,HEALHDCH6A,0,0,0,0,0
9/8/2025,HEALYUCZ5A,0,0,0,0,0
9/8/2025,HEALZPCH6A,0,0,0,0,0
9/8/2025,HELI,252,262,250,250,555900
9/8/2025,HERO,396,402,394,396,21600
9/8/2025,HEXA,5525,5550,5500,5500,493900
9/8/2025,HGII,147,147,144,147,7870000
9/8/2025,HILL,208,218,206,208,7771600
9/8/2025,HITS,0,0,0,0,0
9/8/2025,HKMU,0,0,0,0,0
9/8/2025,HMSP,535,640,530,630,131790500
9/8/2025,HOKI,80,82,79,79,32221700
9/8/2025,HOME,0,0,0,0,0
9/8/2025,HOMI,220,220,204,204,2480000
9/8/2025,HOPE,146,152,146,147,30193500
9/8/2025,HOTL,0,0,0,0,0
9/8/2025,HRME,42,42,42,42,7921600
9/8/2025,HRTA,860,880,840,840,110711400
9/8/2025,HRUM,1075,1125,1020,1040,145060700
9/8/2025,HRUMZPCG6A,61,67,61,61,2680200
9/8/2025,HUMI,161,165,141,141,400835800
9/8/2025,HUMI-W,26,27,22,23,95092000
9/8/2025,HYGN,160,163,158,163,1679800
9/8/2025,IATA,61,62,61,62,18077600
9/8/2025,IATA-W,17,21,17,21,6600
9/8/2025,IBFN,30,30,30,30,403400
9/8/2025,IBOS,44,48,44,48,29899400
9/8/2025,IBST,5425,6025,5425,5575,2200
9/8/2025,ICBP,9300,9475,9275,9375,8124700
9/8/2025,ICBPDRCX6A,0,0,0,0,0
9/8/2025,ICBPHDCJ6A,0,0,0,0,0
9/8/2025,ICBPZPCX5A,27,31,27,28,246200
9/8/2025,ICON,48,48,45,48,591700
9/8/2025,IDEA,86,92,85,88,6561700
9/8/2025,IDPR,242,246,240,242,164600
9/8/2025,IFII,252,254,238,248,1249000
9/8/2025,IFSH,785,960,775,925,140500
9/8/2025,IGAR,525,525,510,520,8700
9/8/2025,IIKP,0,0,0,0,0
9/8/2025,IKAI,24,24,24,24,8601100
9/8/2025,IKAN,142,146,135,136,30877500
9/8/2025,IKBI,500,520,498,505,489500
9/8/2025,IKPM,224,224,214,216,828000
9/8/2025,IMAS,1145,1150,1110,1110,827800
9/8/2025,IMJS,244,246,234,236,10790200
9/8/2025,IMPC,1440,1500,1355,1400,47532000
9/8/2025,INAF,0,0,0,0,0
9/8/2025,INAI,156,157,154,154,53500
9/8/2025,INCF,42,42,42,42,2179100
9/8/2025,INCI,610,610,590,600,70400
9/8/2025,INCO,3910,4050,3890,3900,19199800
9/8/2025,INCOBQCV5A,37,50,37,39,1452500
9/8/2025,INCODRCK6A,0,0,0,0,0
9/8/2025,INCODRCX5A,101,107,98,98,712200
9/8/2025,INCODRPV5A,0,0,0,0,0
9/8/2025,INCOHDCJ6A,0,0,0,0,0
9/8/2025,INCOYUCZ5A,100,100,100,100,100
9/8/2025,INCOZPCX5A,0,0,0,0,0
9/8/2025,INDF,7525,7575,7400,7425,8650500
9/8/2025,INDFBQCV5A,35,36,33,33,722000
9/8/2025,INDFDRCX6A,3930,3930,3900,3900,11200
9/8/2025,INDFHDCJ6A,31,31,31,31,19500
9/8/2025,INDO,218,228,214,222,7383800
9/8/2025,INDR,2560,2660,2560,2560,107800
9/8/2025,INDS,224,226,222,224,42800
9/8/2025,INDX,87,91,84,89,6187600
9/8/2025,INDY,1635,1770,1595,1660,166924600
9/8/2025,INDYHDCJ6A,127,149,120,136,1189400
9/8/2025,INDYZPCG6A,64,77,64,67,101600
9/8/2025,INET,220,228,204,206,175761300
9/8/2025,INET-W,130,135,115,115,13637300
9/8/2025,INKP,7925,8125,7825,7875,5312000
9/8/2025,INKPBQCX5A,0,0,0,0,0
9/8/2025,INKPDRCF6A,212,214,204,204,114800
9/8/2025,INKPZPCF6A,0,0,0,0,0
9/8/2025,INOV,99,101,96,97,1047400
9/8/2025,INPC,170,173,162,162,21047300
9/8/2025,INPP,800,800,785,795,95100
9/8/2025,INPS,117,117,112,112,204600
9/8/2025,INRU,870,915,760,770,873800
9/8/2025,INTA,25,25,25,25,7887000
9/8/2025,INTD,194,200,194,195,265300
9/8/2025,INTP,6900,7025,6825,6900,1374600
9/8/2025,INTPZPCG6A,0,0,0,0,0
9/8/2025,IOTF,91,99,90,91,261246500
9/8/2025,IPAC,145,150,145,146,61000
9/8/2025,IPCC,1110,1180,1110,1135,7983600
9/8/2025,IPCM,294,296,292,294,4562200
9/8/2025,IPOL,139,139,134,138,46400
9/8/2025,IPPE,0,0,0,0,0
9/8/2025,IPTV,43,43,43,43,10713300
9/8/2025,IRRA,432,432,426,428,856700
9/8/2025,IRSX,0,0,0,0,0
9/8/2025,ISAP,39,39,36,39,239089800
9/8/2025,ISAP-W,16,16,14,15,75699400
9/8/2025,ISAT,1970,1990,1910,1925,14405200
9/8/2025,ISATBQCU5A,12,12,11,12,500
9/8/2025,ISATDRCG6A,55,55,52,52,10000
9/8/2025,ISATDRCX5A,43,43,43,43,36000
9/8/2025,ISATHDCJ6A,0,0,0,0,0
9/8/2025,ISATZPCF6A,0,0,0,0,0
9/8/2025,ISEA,96,108,92,94,159126800
9/8/2025,ISSP,414,424,402,404,4146900
9/8/2025,ITIC,224,254,222,250,4183100
9/8/2025,ITMA,1095,1125,1055,1100,9728700
9/8/2025,ITMG,22350,22450,22250,22275,1626400
9/8/2025,ITMGHDCJ6A,155,155,155,155,700
9/8/2025,ITMGZPCJ6A,0,0,0,0,0
9/8/2025,JARR,0,0,0,0,0
9/8/2025,JAST,103,103,98,98,13030100
9/8/2025,JATI,139,141,134,135,3808600
9/8/2025,JAWA,148,150,147,148,1050900
9/8/2025,JAYA,96,115,96,100,28496000
9/8/2025,JECC,1150,1175,1135,1135,107800
9/8/2025,JGLE,16,16,16,16,375117800
9/8/2025,JIHD,685,695,650,650,1483500
9/8/2025,JKON,95,96,91,91,18202300
9/8/2025,JMAS,148,154,142,150,267500
9/8/2025,JPFA,1775,1810,1685,1690,53741300
9/8/2025,JPFABQCZ5A,82,83,82,83,20000
9/8/2025,JPFADRCJ6A,45,51,43,43,584400
9/8/2025,JPFAHDCZ5A,172,172,159,159,28800
9/8/2025,JPFAZPCG6A,0,0,0,0,0
9/8/2025,JRPT,805,820,805,810,388500
9/8/2025,JSKY,0,0,0,0,0
9/8/2025,JSMR,3450,3490,3410,3410,6538800
9/8/2025,JSMRDRCK6A,0,0,0,0,0
9/8/2025,JSMRHDCH6A,0,0,0,0,0
9/8/2025,JSMRZPCG6A,39,39,39,39,2800
9/8/2025,JSPT,3980,4210,3930,4020,23300
9/8/2025,JTPE,324,326,316,320,10149500
9/8/2025,KAEF,505,510,498,498,390700
9/8/2025,KAQI,72,78,70,70,80621700
9/8/2025,KARW,620,625,620,625,444600
9/8/2025,KAYU,0,0,0,0,0
9/8/2025,KBAG,41,41,40,40,2598100
9/8/2025,KBLI,378,378,374,374,128500
9/8/2025,KBLM,388,390,380,386,163500
9/8/2025,KBLV,220,236,208,210,101486800
9/8/2025,KBRI,0,0,0,0,0
9/8/2025,KDSI,464,472,454,472,9300
9/8/2025,KDTN,118,118,117,117,6100
9/8/2025,KEEN,840,840,830,835,2664400
9/8/2025,KEJU,605,615,600,605,1254700
9/8/2025,KETR,675,750,650,650,28749800
9/8/2025,KIAS,0,0,0,0,0
9/8/2025,KICI,145,146,134,140,932300
9/8/2025,KIJA,202,206,195,200,41493600
9/8/2025,KING,204,204,200,200,373000
9/8/2025,KING-W,15,16,14,15,21722400
9/8/2025,KINO,1225,1270,1225,1235,119600
9/8/2025,KIOS,84,91,82,83,53371300
9/8/2025,KJEN,131,137,129,129,3140700
9/8/2025,KKES,39,39,37,39,1639500
9/8/2025,KKGI,332,332,324,324,3304500
9/8/2025,KLAS,135,136,132,132,3343400
9/8/2025,KLBF,1185,1195,1150,1150,100014900
9/8/2025,KLBFBQCV5A,5,5,4,4,833700
9/8/2025,KLBFDRCG6A,0,0,0,0,0
9/8/2025,KLBFZPCF6A,0,0,0,0,0
9/8/2025,KLBFZPCJ6A,24,24,24,24,6700
9/8/2025,KLIN,190,197,186,195,340700
9/8/2025,KMDS,645,655,635,635,296000
9/8/2025,KMTR,306,314,298,310,819900
9/8/2025,KOBX,140,143,138,138,683600
9/8/2025,KOCI,67,67,63,63,11162500
9/8/2025,KOCI-W,16,17,15,15,10397500
9/8/2025,KOIN,72,72,72,72,39300
9/8/2025,KOKA,99,99,96,96,8113500
9/8/2025,KONI,1900,1900,1740,1880,65100
9/8/2025,KOPI,340,342,336,336,169200
9/8/2025,KOTA,33,33,33,33,45485600
9/8/2025,KPIG,200,202,190,192,112352100
9/8/2025,KRAS,304,310,294,294,36495000
9/8/2025,KREN,18,18,18,18,120118100
9/8/2025,KRYA,206,206,191,191,16844300
9/8/2025,KSIX,234,234,228,228,454200
9/8/2025,KUAS,73,79,71,73,48783200
9/8/2025,LABA,0,0,0,0,0
9/8/2025,LABS,141,142,140,142,127500
9/8/2025,LAJU,72,89,72,83,1574426600
9/8/2025,LAND,42,42,40,40,9812500
9/8/2025,LAPD,0,0,0,0,0
9/8/2025,LCGP,0,0,0,0,0
9/8/2025,LCKM,197,212,197,210,26700
9/8/2025,LEAD,76,80,76,76,14500900
9/8/2025,LFLO,258,266,236,252,1855100
9/8/2025,LIFE,0,0,0,0,0
9/8/2025,LINK,3140,3140,3000,3000,96600
9/8/2025,LION,354,440,354,440,1131400
9/8/2025,LIVE,167,224,167,199,230017000
9/8/2025,LMAS,0,0,0,0,0
9/8/2025,LMAX,81,84,76,76,4400600
9/8/2025,LMPI,142,151,140,141,1560500
9/8/2025,LMSH,0,0,0,0,0
9/8/2025,LOPI,59,59,57,58,8347800
9/8/2025,LPCK,625,650,610,610,1754300
9/8/2025,LPGI,438,442,436,436,31600
9/8/2025,LPIN,418,422,414,418,226600
9/8/2025,LPKR,101,110,101,104,504113200
9/8/2025,LPLI,316,320,314,314,444200
9/8/2025,LPPF,1620,1630,1595,1595,1273100
9/8/2025,LPPS,85,87,82,82,6411200
9/8/2025,LRNA,174,184,174,175,758500
9/8/2025,LSIP,1340,1350,1305,1310,14056800
9/8/2025,LSIPDRCK6A,45,45,45,45,100
9/8/2025,LSIPHDCJ6A,0,0,0,0,0
9/8/2025,LSIPYUCZ5A,61,61,60,60,200
9/8/2025,LSIPZPCG6A,71,71,71,71,200
9/8/2025,LTLS,850,860,845,850,55200
9/8/2025,LUCK,83,88,81,81,7443900
9/8/2025,LUCY,95,96,93,95,823800
9/8/2025,MABA,0,0,0,0,0
9/8/2025,MAGP,0,0,0,0,0
9/8/2025,MAHA,136,143,136,140,5368900
9/8/2025,MAIN,695,700,675,675,2166600
9/8/2025,MANG,56,56,48,56,38139400
9/8/2025,MANG-W,34,40,25,29,64715500
9/8/2025,MAPA,620,625,590,590,88378300
9/8/2025,MAPABQCZ5A,18,19,18,18,228800
9/8/2025,MAPADRCJ6A,15,15,15,15,145000
9/8/2025,MAPAHDCZ5A,0,0,0,0,0
9/8/2025,MAPAZPCH6A,32,32,32,32,12000
9/8/2025,MAPB,1700,1705,1680,1680,6300
9/8/2025,MAPI,1170,1180,1140,1140,30368400
9/8/2025,MAPIBQCV5A,3,4,2,3,6834900
9/8/2025,MAPIDRCX5A,18,18,16,16,260000
9/8/2025,MAPIZPCJ6A,47,47,47,47,5900
9/8/2025,MARI,35,36,35,36,5728500
9/8/2025,MARK,640,650,630,630,13520600
9/8/2025,MASA,0,0,0,0,0
9/8/2025,MASB,3240,3330,3230,3330,600
9/8/2025,MAXI,58,64,57,57,144467000
9/8/2025,MAYA,228,238,222,222,13598100
9/8/2025,MBAP,1620,1625,1595,1595,248300
9/8/2025,MBMA,436,442,424,428,240703700
9/8/2025,MBMABQCX5A,18,18,17,18,3454200
9/8/2025,MBMADRCX5A,29,29,28,28,1128300
9/8/2025,MBMADRPX5A,0,0,0,0,0
9/8/2025,MBMAHDCH6A,66,67,65,65,51200
9/8/2025,MBMAZPCX5A,57,57,55,55,8400
9/8/2025,MBSS,1540,1620,1520,1520,1967400
9/8/2025,MBTO,126,127,121,124,1242600
9/8/2025,MCAS,835,840,805,820,172100
9/8/2025,MCOL,3780,3780,3710,3710,42000
9/8/2025,MCOR,76,77,75,75,5387800
9/8/2025,MDIA,40,40,40,40,7798100
9/8/2025,MDIY,1080,1100,1055,1055,3100200
9/8/2025,MDKA,2700,2740,2620,2640,184323100
9/8/2025,MDKABQCV5A,163,163,154,157,314400
9/8/2025,MDKABQCX5B,59,59,56,58,1469400
9/8/2025,MDKADRCK6A,100,101,93,93,325200
9/8/2025,MDKADRCV5A,123,126,113,113,59900
9/8/2025,MDKADRPX5A,24,24,23,23,24500
9/8/2025,MDKAHDCU5A,250,256,236,236,331800
9/8/2025,MDKAHDCZ5A,173,173,171,171,57600
9/8/2025,MDKAZPCF6A,100,100,92,94,124600
9/8/2025,MDKI,158,164,158,160,1627000
9/8/2025,MDLA,230,252,228,234,11810600
9/8/2025,MDLN,70,73,66,66,52845500
9/8/2025,MDRN,36,36,36,36,18720700
9/8/2025,MEDC,1250,1255,1215,1215,20583500
9/8/2025,MEDCBQCV5A,44,48,43,45,4184800
9/8/2025,MEDCBQCX5B,0,0,0,0,0
9/8/2025,MEDCBQCZ5A,29,29,29,29,100
9/8/2025,MEDCDRCG6A,0,0,0,0,0
9/8/2025,MEDCDRPV5A,0,0,0,0,0
9/8/2025,MEDCHDCH6A,0,0,0,0,0
9/8/2025,MEDCZPCF6A,32,33,32,32,160100
9/8/2025,MEDS,68,81,64,70,233203900
9/8/2025,MEGA,3260,3260,3230,3230,2300
9/8/2025,MEJA,90,99,81,81,100871100
9/8/2025,MEJA-W,20,26,17,22,120854200
9/8/2025,MENN,52,58,52,54,90718600
9/8/2025,MERI,244,244,230,230,11585900
9/8/2025,MERK,2820,2840,2800,2820,11800
9/8/2025,META,0,0,0,0,0
9/8/2025,MFIN,1160,1165,1070,1070,464600
9/8/2025,MFMI,0,0,0,0,0
9/8/2025,MGLV,0,0,0,0,0
9/8/2025,MGNA,46,46,46,46,1187700
9/8/2025,MGNA-W,38,38,38,38,210000
9/8/2025,MGRO,710,715,705,715,5130400
9/8/2025,MHKI,150,159,147,148,73742400
9/8/2025,MICE,498,498,490,490,19500
9/8/2025,MIDI,440,456,440,450,13107300
9/8/2025,MIKA,2400,2410,2360,2370,5215300
9/8/2025,MIKAZPCG6A,27,27,27,27,1000
9/8/2025,MINA,177,178,160,160,263847900
9/8/2025,MINE,570,585,560,565,7729000
9/8/2025,MIRA,67,67,65,65,12303100
9/8/2025,MITI,266,322,264,304,40004800
9/8/2025,MKAP,362,364,358,358,335000
9/8/2025,MKNT,0,0,0,0,0
9/8/2025,MKPI,24750,25000,24750,24950,7000
9/8/2025,MKTR,137,137,124,129,17960700
9/8/2025,MKTR-W,20,20,15,17,18315600
9/8/2025,MLBI,5900,5950,5800,5825,248700
9/8/2025,MLIA,360,362,358,360,3862100
9/8/2025,MLPL,136,144,133,133,180130500
9/8/2025,MLPT,77925,77925,77400,77400,4400
9/8/2025,MMIX,298,350,282,350,8947100
9/8/2025,MMLP,540,545,535,535,8635400
9/8/2025,MNCN,266,268,258,258,32636100
9/8/2025,MOLI,210,250,208,212,27184400
9/8/2025,MORA,438,450,430,430,175600
9/8/2025,MPIX,73,74,70,70,16058600
9/8/2025,MPIX-W,14,15,13,14,56911100
9/8/2025,MPMX,960,960,950,950,4290400
9/8/2025,MPOW,117,120,114,114,773600
9/8/2025,MPPA,69,73,68,69,51219200
9/8/2025,MPRO,4500,4620,4470,4490,241300
9/8/2025,MPXL,126,135,121,121,17436600
9/8/2025,MRAT,234,236,226,232,905300
9/8/2025,MREI,930,950,925,925,129600
9/8/2025,MSIE,50,50,50,50,3593000
9/8/2025,MSIN,670,675,570,590,54830400
9/8/2025,MSJA,304,306,300,304,2598500
9/8/2025,MSKY,0,0,0,0,0
9/8/2025,MSTI,1550,1550,1505,1510,2522500
9/8/2025,MTDL,600,635,595,615,10664300
9/8/2025,MTEL,590,595,585,585,4181900
9/8/2025,MTELDRCK6A,0,0,0,0,0
9/8/2025,MTFN,13,13,13,13,157021200
9/8/2025,MTLA,446,446,440,440,12200
9/8/2025,MTMH,1290,1295,1280,1285,128200
9/8/2025,MTPS,45,45,45,45,182700
9/8/2025,MTRA,0,0,0,0,0
9/8/2025,MTSM,0,0,0,0,0
9/8/2025,MTWI,382,382,370,380,208300
9/8/2025,MUTU,98,101,95,96,9528100
9/8/2025,MYOH,1660,1780,1660,1775,35300
9/8/2025,MYOR,2130,2170,2110,2120,2867800
9/8/2025,MYORDRCK6A,69,69,69,69,100
9/8/2025,MYORZPCH6A,0,0,0,0,0
9/8/2025,MYTX,0,0,0,0,0
9/8/2025,NAIK,146,147,142,142,18727300
9/8/2025,NAIK-W,25,26,23,23,5370200
9/8/2025,NANO,81,81,74,81,224621800
9/8/2025,NASA,39,39,39,39,4522600
9/8/2025,NASI,88,98,88,91,52523000
9/8/2025,NATO,134,137,131,133,108700
9/8/2025,NAYZ,0,0,0,0,0
9/8/2025,NCKL,1045,1135,1045,1080,163145100
9/8/2025,NCKLDRCK6A,51,53,47,47,199400
9/8/2025,NCKLYUCZ5A,90,109,90,108,2800
9/8/2025,NCKLZPCJ6A,64,73,64,72,64800
9/8/2025,NELY,352,354,350,350,314900
9/8/2025,NEST,264,274,262,274,8154900
9/8/2025,NETV,134,137,132,132,4479500
9/8/2025,NFCX,1745,1760,1655,1750,48400
9/8/2025,NICE,432,440,424,426,4410700
9/8/2025,NICK,1360,1435,1325,1430,7200
9/8/2025,NICL,1065,1105,1060,1080,16020100
9/8/2025,NIKL,230,236,228,232,4347500
9/8/2025,NINE,0,0,0,0,0
9/8/2025,NIRO,123,136,120,121,688800
9/8/2025,NISP,1390,1400,1380,1380,6811400
9/8/2025,NOBU,555,565,545,545,5519300
9/8/2025,NPGF,64,69,62,62,92900600
9/8/2025,NRCA,855,880,745,760,18933600
9/8/2025,NSSS,438,438,416,424,9764300
9/8/2025,NTBK,64,67,59,61,126901700
9/8/2025,NUSA,0,0,0,0,0
9/8/2025,NZIA,96,98,95,96,508600
9/8/2025,OASA,254,280,246,250,352981100
9/8/2025,OBAT,452,476,452,458,5488900
9/8/2025,OBAT-W,97,115,96,101,10989400
9/8/2025,OBMD,280,282,264,266,4434800
9/8/2025,OCAP,0,0,0,0,0
9/8/2025,OILS,138,141,137,137,1750400
9/8/2025,OKAS,272,284,250,270,6521800
9/8/2025,OLIV,79,79,79,79,9045400
9/8/2025,OMED,188,190,187,189,202100
9/8/2025,OMRE,0,0,0,0,0
9/8/2025,OPMS,83,92,78,80,48415800
9/8/2025,PACK,2720,2730,2460,2460,10939100
9/8/2025,PADA,41,41,41,41,13847800
9/8/2025,PADI,83,83,81,81,13460200
9/8/2025,PALM,438,450,414,418,2736200
9/8/2025,PAMG,76,78,76,76,6903400
9/8/2025,PANI,15200,15200,14100,14325,21663700
9/8/2025,PANIBQCZ5A,66,66,60,60,175800
9/8/2025,PANIHDCJ6A,139,139,130,130,1626400
9/8/2025,PANIHDCZ5A,194,194,183,183,423500
9/8/2025,PANIZPCJ6A,87,87,73,80,63747100
9/8/2025,PANR,760,760,730,745,3135400
9/8/2025,PANS,1390,1400,1385,1385,304900
9/8/2025,PART,124,132,121,125,42434100
9/8/2025,PART-W,24,25,22,23,26296400
9/8/2025,PBID,490,492,486,490,305300
9/8/2025,PBRX,42,42,42,42,55823000
9/8/2025,PBSA,875,925,805,830,12478200
9/8/2025,PCAR,42,42,38,38,6876100
9/8/2025,PDES,478,478,476,476,300
9/8/2025,PDPP,498,510,484,488,206300
9/8/2025,PEGE,120,120,112,115,1854100
9/8/2025,PEHA,330,334,326,328,19500
9/8/2025,PEVE,442,446,440,446,131200
9/8/2025,PGAS,1770,1800,1725,1725,48013100
9/8/2025,PGASBQCU5A,0,0,0,0,0
9/8/2025,PGASBQCZ5A,0,0,0,0,0
9/8/2025,PGASDRCG6A,76,76,75,75,600
9/8/2025,PGASZPCJ6A,0,0,0,0,0
9/8/2025,PGEO,1450,1465,1385,1395,76909600
9/8/2025,PGEOBQCX5B,31,31,31,31,300
9/8/2025,PGEODRCJ6A,46,46,41,41,610200
9/8/2025,PGEODRPV5A,21,21,21,21,3500
9/8/2025,PGEOHDCH6A,57,57,57,57,15800
9/8/2025,PGEOHDCH6B,66,66,66,66,800
9/8/2025,PGEOZPCJ6A,0,0,0,0,0
9/8/2025,PGJO,0,0,0,0,0
9/8/2025,PGLI,185,185,173,175,159100
9/8/2025,PGUN,0,0,0,0,0
9/8/2025,PICO,140,142,137,137,931900
9/8/2025,PIPA,157,167,145,145,123091000
9/8/2025,PJAA,505,510,496,496,167200
9/8/2025,PKPK,590,600,580,580,332200
9/8/2025,PLAN,72,72,60,60,41159100
9/8/2025,PLAS,0,0,0,0,0
9/8/2025,PLIN,0,0,0,0,0
9/8/2025,PMJS,118,120,117,117,163500
9/8/2025,PMMP,0,0,0,0,0
9/8/2025,PMUI,129,131,125,125,5000000
9/8/2025,PNBN,1150,1155,1140,1140,5248300
9/8/2025,PNBS,57,58,55,55,44428000
9/8/2025,PNGO,2510,2510,2400,2400,8700
9/8/2025,PNIN,840,850,835,845,2292400
9/8/2025,PNLF,258,258,252,252,131436500
9/8/2025,PNLFDRCJ6A,14,14,14,14,2200
9/8/2025,PNLFHDCZ5A,52,52,50,50,1830000
9/8/2025,PNLFYUCV5A,0,0,0,0,0
9/8/2025,PNLFZPCH6A,39,39,39,39,21900
9/8/2025,PNSE,835,840,790,805,30700
9/8/2025,POLA,26,26,26,26,20882200
9/8/2025,POLI,725,725,725,725,700
9/8/2025,POLL,0,0,0,0,0
9/8/2025,POLU,9700,10350,9675,10350,129300
9/8/2025,POLY,26,27,26,27,775000
9/8/2025,POOL,0,0,0,0,0
9/8/2025,PORT,855,970,855,960,46000
9/8/2025,POSA,0,0,0,0,0
9/8/2025,POWR,705,710,700,700,2323300
9/8/2025,PPGL,104,109,104,105,3193200
9/8/2025,PPRE,106,110,101,103,48549200
9/8/2025,PPRI,310,350,298,314,266904100
9/8/2025,PPRO,0,0,0,0,0
9/8/2025,PRAY,695,695,675,680,27100
9/8/2025,PRDA,2710,2710,2660,2670,75800
9/8/2025,PRIM,94,94,87,87,25414300
9/8/2025,PSAB,585,665,580,585,745083200
9/8/2025,PSAT,1445,1470,1405,1405,937700
9/8/2025,PSDN,111,128,104,115,72239400
9/8/2025,PSGO,208,208,199,200,1634200
9/8/2025,PSKT,120,120,118,118,10495100
9/8/2025,PSSI,356,356,354,354,126800
9/8/2025,PTBA,2410,2420,2400,2410,13472000
9/8/2025,PTBABQCV5A,22,23,22,22,5498600
9/8/2025,PTBADRCG6A,26,26,26,26,1500
9/8/2025,PTBAYUCZ5A,0,0,0,0,0
9/8/2025,PTBAZPCH6A,0,0,0,0,0
9/8/2025,PTDU,0,0,0,0,0
9/8/2025,PTIS,416,418,404,406,41700
9/8/2025,PTMP,96,97,93,93,12492600
9/8/2025,PTMR,0,0,0,0,0
9/8/2025,PTPP,404,406,386,386,31186500
9/8/2025,PTPS,174,175,166,167,13476700
9/8/2025,PTPW,945,955,945,945,27600
9/8/2025,PTRO,3690,3710,3520,3520,35700800
9/8/2025,PTSN,470,492,434,472,12936400
9/8/2025,PTSP,945,945,880,895,513900
9/8/2025,PUDP,224,226,224,224,6500
9/8/2025,PURA,32,33,32,33,28691900
9/8/2025,PURE,0,0,0,0,0
9/8/2025,PURI,192,192,185,185,93500
9/8/2025,PWON,374,380,364,364,50407800
9/8/2025,PWONHDCZ5A,0,0,0,0,0
9/8/2025,PWONZPCH6A,0,0,0,0,0
9/8/2025,PYFA,570,575,505,505,107271700
9/8/2025,PYFA-W,106,106,100,100,936800
9/8/2025,PZZA,214,222,212,214,7752700
9/8/2025,R-ABFII,0,0,0,0,0
9/8/2025,R-LQ45X,976,1075,975,975,35400
9/8/2025,RAAM,284,292,280,280,17338800
9/8/2025,RAFI,0,0,0,0,0
9/8/2025,RAJA,2760,2840,2650,2700,51692500
9/8/2025,RALS,396,396,392,392,3247700
9/8/2025,RANC,418,418,410,418,5500
9/8/2025,RATU,6000,6025,5500,5675,8082700
9/8/2025,RBMS,37,37,37,37,4345600
9/8/2025,RCCC,182,186,179,182,76400
9/8/2025,RDTX,12000,12000,12000,12000,100
9/8/2025,REAL,55,55,55,55,89609900
9/8/2025,RELF,56,61,56,61,12581500
9/8/2025,RELI,670,670,620,635,87100
9/8/2025,RGAS,112,113,110,110,9847200
9/8/2025,RICY,69,69,69,69,5184000
9/8/2025,RIGS,835,835,780,780,321500
9/8/2025,RIMO,0,0,0,0,0
9/8/2025,RISE,995,1030,995,1020,297300
9/8/2025,RMKE,940,965,930,960,4118800
9/8/2025,RMKO,143,150,136,149,14655000
9/8/2025,ROCK,625,625,565,565,30100
9/8/2025,RODA,50,50,50,50,1756800
9/8/2025,RONY,0,0,0,0,0
9/8/2025,ROTI,800,800,795,795,173100
9/8/2025,RSCH,372,374,364,368,3044700
9/8/2025,RSGK,0,0,0,0,0
9/8/2025,RUIS,232,232,214,218,3960000
9/8/2025,RUNS,122,126,109,118,4781500
9/8/2025,SAFE,185,187,185,185,285200
9/8/2025,SAGE,44,44,44,44,10118800
9/8/2025,SAME,334,334,306,310,3140900
9/8/2025,SAMF,332,334,330,330,181100
9/8/2025,SAPX,310,310,302,302,255600
9/8/2025,SATU,246,246,242,242,3925200
9/8/2025,SBAT,0,0,0,0,0
9/8/2025,SBMA,138,139,137,137,3974800
9/8/2025,SCCO,2290,2330,2270,2270,27100
9/8/2025,SCMA,322,330,310,312,114301600
9/8/2025,SCMABQCZ5A,141,141,141,141,200
9/8/2025,SCMADRCK6A,107,107,104,104,400
9/8/2025,SCMAHDCZ5A,0,0,0,0,0
9/8/2025,SCMAZPCG6A,0,0,0,0,0
9/8/2025,SCNP,177,185,175,183,9700
9/8/2025,SCPI,0,0,0,0,0
9/8/2025,SDMU,60,60,60,60,10144600
9/8/2025,SDPC,135,135,132,135,258700
9/8/2025,SDRA,300,300,290,292,355700
9/8/2025,SEMA,102,103,95,95,5106300
9/8/2025,SFAN,1915,1920,1910,1915,78400
9/8/2025,SGER,338,338,326,326,70883900
9/8/2025,SGRO,4360,4380,4330,4350,1599400
9/8/2025,SHID,915,920,905,915,17600
9/8/2025,SHIP,4500,4610,4500,4510,12200
9/8/2025,SICO,121,121,118,119,2617600
9/8/2025,SIDO,530,535,530,535,20171400
9/8/2025,SIDODRCK6A,0,0,0,0,0
9/8/2025,SILO,2200,2200,2160,2170,865300
9/8/2025,SIMA,0,0,0,0,0
9/8/2025,SIMP,660,660,635,635,13900200
9/8/2025,SINI,3790,3790,3790,3790,48700
9/8/2025,SIPD,730,730,730,730,200
9/8/2025,SKBM,364,364,348,358,11000
9/8/2025,SKLT,193,195,187,189,848200
9/8/2025,SKRN,402,406,400,404,423200
9/8/2025,SKYB,0,0,0,0,0
9/8/2025,SLIS,90,96,86,88,189535200
9/8/2025,SLIS-W,18,21,17,17,38683800
9/8/2025,SMAR,5850,5850,5525,5600,341100
9/8/2025,SMBR,298,306,294,294,28737100
9/8/2025,SMCB,0,0,0,0,0
9/8/2025,SMDM,820,830,810,815,195600
9/8/2025,SMDR,336,338,328,328,25693100
9/8/2025,SMGA,105,109,102,102,91114700
9/8/2025,SMGR,2780,2840,2780,2780,6835900
9/8/2025,SMGRBQCU5A,2,2,1,2,1644500
9/8/2025,SMGRBQCX5B,70,71,68,70,4082000
9/8/2025,SMGRBQCZ5A,0,0,0,0,0
9/8/2025,SMGRDRCV5A,0,0,0,0,0
9/8/2025,SMGRHDCZ5A,0,0,0,0,0
9/8/2025,SMGRZPCJ6A,0,0,0,0,0
9/8/2025,SMIL,520,555,510,520,285298800
9/8/2025,SMKL,169,170,167,168,118200
9/8/2025,SMKM,0,0,0,0,0
9/8/2025,SMLE,148,155,148,155,1172900
9/8/2025,SMMA,16200,16725,16200,16325,93400
9/8/2025,SMMT,1210,1510,1210,1305,3888200
9/8/2025,SMRA,454,470,444,446,91781600
9/8/2025,SMRADRCJ6A,35,37,35,36,33600
9/8/2025,SMRAHDCZ5A,0,0,0,0,0
9/8/2025,SMRAZPCH6A,0,0,0,0,0
9/8/2025,SMRU,0,0,0,0,0
9/8/2025,SMSM,1945,1945,1900,1920,1060600
9/8/2025,SNLK,476,478,466,476,7757400
9/8/2025,SOCI,194,199,190,190,7898100
9/8/2025,SOFA,58,58,58,58,6028800
9/8/2025,SOHO,760,760,710,745,156700
9/8/2025,SOLA,148,150,138,139,28560400
9/8/2025,SONA,4790,4790,4040,4040,956500
9/8/2025,SOSS,0,0,0,0,0
9/8/2025,SOTS,256,266,256,266,1200
9/8/2025,SOUL,96,96,88,96,9646600
9/8/2025,SPMA,292,292,288,290,243900
9/8/2025,SPRE,80,83,78,78,2408400
9/8/2025,SPTO,680,680,670,670,1267100
9/8/2025,SQMI,0,0,0,0,0
9/8/2025,SRAJ,8225,8400,8150,8300,1277700
9/8/2025,SRIL,0,0,0,0,0
9/8/2025,SRSN,69,79,67,69,385023000
9/8/2025,SRTG,2090,2150,1995,2000,32535400
9/8/2025,SRTGDRCK6A,120,123,113,113,48900
9/8/2025,SRTGZPCG6A,121,126,117,123,134300
9/8/2025,SSIA,2150,2160,1990,2000,62292200
9/8/2025,SSMS,1405,1435,1355,1355,9699900
9/8/2025,SSTM,292,320,262,294,1098400
9/8/2025,STAA,1025,1025,995,995,12105600
9/8/2025,STAR,51,51,51,51,727600
9/8/2025,STRK,0,0,0,0,0
9/8/2025,STTP,10375,10475,10275,10275,1400
9/8/2025,SUGI,0,0,0,0,0
9/8/2025,SULI,95,97,94,94,1402300
9/8/2025,SUNI,785,825,780,805,1143200
9/8/2025,SUPR,0,0,0,0,0
9/8/2025,SURE,3000,3000,2900,2940,10400
9/8/2025,SURI,117,128,116,125,435577100
9/8/2025,SWAT,0,0,0,0,0
9/8/2025,SWID,97,98,91,92,2954900
9/8/2025,TALF,360,430,358,430,953500
9/8/2025,TAMA,38,38,37,37,1121000
9/8/2025,TAMU,30,30,30,30,26041200
9/8/2025,TAPG,1415,1420,1390,1390,22896900
9/8/2025,TAPGDRCJ6A,65,65,65,65,100
9/8/2025,TAPGHDCH6A,0,0,0,0,0
9/8/2025,TAPGZPCH6A,0,0,0,0,0
9/8/2025,TARA,36,36,36,36,1185600
9/8/2025,TAXI,17,17,17,17,87706600
9/8/2025,TAYS,79,93,77,82,243176600
9/8/2025,TBIG,1870,1930,1865,1865,1159500
9/8/2025,TBLA,745,755,740,740,1675000
9/8/2025,TBMS,1055,1055,1030,1035,46100
9/8/2025,TCID,2470,2470,2470,2470,400
9/8/2025,TCPI,5750,5900,5725,5825,8622900
9/8/2025,TDPM,0,0,0,0,0
9/8/2025,TEBE,1680,1795,1645,1685,7807600
9/8/2025,TECH,0,0,0,0,0
9/8/2025,TELE,0,0,0,0,0
9/8/2025,TFAS,145,147,139,139,4076000
9/8/2025,TFCO,0,0,0,0,0
9/8/2025,TGKA,5775,5800,5775,5800,200
9/8/2025,TGRA,0,0,0,0,0
9/8/2025,TGUK,0,0,0,0,0
9/8/2025,TIFA,400,408,400,406,133400
9/8/2025,TINS,1035,1140,1035,1090,136330300
9/8/2025,TIRA,1565,1630,1460,1585,66200
9/8/2025,TIRT,0,0,0,0,0
9/8/2025,TKIM,7575,7925,7550,7600,3929800
9/8/2025,TKIMHDCJ6A,0,0,0,0,0
9/8/2025,TKIMZPCG6A,125,130,125,127,533900
9/8/2025,TLDN,720,740,700,700,3607100
9/8/2025,TLKM,3300,3300,3090,3090,93725000
9/8/2025,TLKMBQCV5A,0,0,0,0,0
9/8/2025,TLKMDRCJ6A,85,85,80,80,70800
9/8/2025,TLKMDRCX6A,0,0,0,0,0
9/8/2025,TLKMHDCJ6A,0,0,0,0,0
9/8/2025,TLKMHDCV5A,304,304,304,304,600
9/8/2025,TLKMZPCF6A,104,104,104,104,100
9/8/2025,TMAS,140,140,136,137,4707000
9/8/2025,TMPO,202,214,194,194,38118300
9/8/2025,TNCA,174,177,165,165,1503200
9/8/2025,TOBA,1240,1270,1160,1175,92201400
9/8/2025,TOOL,68,70,64,64,21378000
9/8/2025,TOPS,0,0,0,0,0
9/8/2025,TOSK,66,70,62,63,86595500
9/8/2025,TOTL,775,800,770,780,8421000
9/8/2025,TOTO,258,260,256,260,2524000
9/8/2025,TOWR,610,625,590,590,59891600
9/8/2025,TOYS,0,0,0,0,0
9/8/2025,TPIA,8175,8325,8000,8000,6462700
9/8/2025,TPMA,585,590,580,585,4402200
9/8/2025,TRAM,0,0,0,0,0
9/8/2025,TRGU,173,176,173,175,131300
9/8/2025,TRIL,0,0,0,0,0
9/8/2025,TRIM,378,380,366,368,1447100
9/8/2025,TRIN,94,96,92,93,1852700
9/8/2025,TRIN-W2,0,0,0,0,0
9/8/2025,TRIO,0,0,0,0,0
9/8/2025,TRIS,196,196,189,192,462500
9/8/2025,TRJA,139,139,134,135,421900
9/8/2025,TRON,89,112,88,90,108784600
9/8/2025,TRST,496,496,496,496,2200
9/8/2025,TRUE,59,59,54,54,18277700
9/8/2025,TRUK,202,244,202,214,5946800
9/8/2025,TRUS,482,484,460,474,197000
9/8/2025,TSPC,2270,2290,2260,2260,871300
9/8/2025,TUGU,960,975,950,950,5542700
9/8/2025,TYRE,129,131,127,129,349100
9/8/2025,UANG,850,850,850,850,713500
9/8/2025,UCID,460,470,460,464,9425800
9/8/2025,UDNG,0,0,0,0,0
9/8/2025,UFOE,174,178,174,175,189000
9/8/2025,ULTJ,1275,1290,1265,1275,2561700
9/8/2025,UNIC,8000,8075,7975,8000,1800
9/8/2025,UNIQ,362,374,358,358,48364600
9/8/2025,UNIT,0,0,0,0,0
9/8/2025,UNSP,168,168,167,167,513000
9/8/2025,UNTD,84,101,83,92,80087000
9/8/2025,UNTR,25700,27000,25475,26450,11781400
9/8/2025,UNTRBQCV5A,100,100,100,100,54500
9/8/2025,UNTRDRCG6A,167,173,167,168,17000
9/8/2025,UNTRZPCJ6A,0,0,0,0,0
9/8/2025,UNVR,1705,1715,1685,1695,38625200
9/8/2025,UNVRBQCU5A,13,13,11,11,2656100
9/8/2025,UNVRBQCZ5A,81,81,81,81,200000
9/8/2025,UNVRDRCG6A,41,41,41,41,100
9/8/2025,UNVRHDPG6A,0,0,0,0,0
9/8/2025,UNVRZPCH6A,0,0,0,0,0
9/8/2025,URBN,139,141,139,139,105000
9/8/2025,UVCR,76,78,75,76,4965900
9/8/2025,VAST,176,180,174,178,7213300
9/8/2025,VAST-W,15,15,14,14,2733200
9/8/2025,VERN,136,138,125,128,10100800
9/8/2025,VERN-W,7,7,5,6,85716600
9/8/2025,VICI,615,620,605,615,356600
9/8/2025,VICO,184,194,184,185,2090600
9/8/2025,VINS,126,129,126,129,48300
9/8/2025,VISI,142,146,138,144,8876900
9/8/2025,VIVA,37,37,37,37,13745300
9/8/2025,VKTR,111,125,111,117,88959300
9/8/2025,VOKS,256,276,248,256,1121600
9/8/2025,VRNA,90,91,87,88,2876700
9/8/2025,VTNY,104,105,101,102,10389600
9/8/2025,WAPO,206,210,196,196,18341300
9/8/2025,WEGE,79,84,75,75,140069400
9/8/2025,WEHA,118,121,116,117,3689600
9/8/2025,WGSH,168,175,164,175,1553100
9/8/2025,WICO,0,0,0,0,0
9/8/2025,WIDI,60,60,50,50,181430800
9/8/2025,WIFI,2600,2640,2500,2510,87340900
9/8/2025,WIIM,795,975,790,925,19619800
9/8/2025,WIKA,0,0,0,0,0
9/8/2025,WINE,214,216,210,210,334600
9/8/2025,WINR,29,32,29,32,42101500
9/8/2025,WINS,402,408,402,402,2829500
9/8/2025,WIRG,178,184,164,169,603264100
9/8/2025,WMPP,0,0,0,0,0
9/8/2025,WMUU,18,18,18,18,83694500
9/8/2025,WOMF,340,342,338,338,242500
9/8/2025,WOOD,372,374,362,364,4169100
9/8/2025,WOWS,112,120,105,105,138209700
9/8/2025,WSBP,36,36,36,36,238816400
9/8/2025,WSKT,0,0,0,0,0
9/8/2025,WTON,106,111,102,102,40749900
9/8/2025,XAQA,0,0,0,0,0
9/8/2025,XBES,1053,1053,1032,1032,12000
9/8/2025,XBID,503,503,503,503,40000
9/8/2025,XBIG,0,0,0,0,0
9/8/2025,XBIN,570,570,570,570,40000
9/8/2025,XBLQ,0,0,0,0,0
9/8/2025,XBNI,0,0,0,0,0
9/8/2025,XBSK,454,454,443,443,41000
9/8/2025,XCEG,109,109,109,109,100
9/8/2025,XCID,68,83,67,70,16277800
9/8/2025,XCIS,84,93,84,92,20000
9/8/2025,XCLQ,83,87,83,85,2000
9/8/2025,XDIF,0,0,0,0,0
9/8/2025,XIFE,108,110,108,108,41000
9/8/2025,XIHD,636,636,635,635,600
9/8/2025,XIIC,0,0,0,0,0
9/8/2025,XIID,0,0,0,0,0
9/8/2025,XIIF,469,469,466,466,2300
9/8/2025,XIIT,511,520,511,515,12400
9/8/2025,XIJI,610,626,610,625,4800
9/8/2025,XILV,145,145,101,117,18100
9/8/2025,XIML,278,278,224,262,8000
9/8/2025,XIPB,197,197,192,192,2200
9/8/2025,XIPI,220,221,220,220,3700
9/8/2025,XISB,0,0,0,0,0
9/8/2025,XISC,0,0,0,0,0
9/8/2025,XISI,0,0,0,0,0
9/8/2025,XISR,445,445,443,444,700
9/8/2025,XKID,930,930,930,930,100
9/8/2025,XKIV,596,596,584,584,40500
9/8/2025,XKMS,1146,1146,1122,1122,200200
9/8/2025,XMGB,1118,1118,1118,1118,100
9/8/2025,XMIG,219,219,218,218,200100
9/8/2025,XMLF,879,879,868,868,40300
9/8/2025,XMSK,389,389,386,386,400
9/8/2025,XNVE,0,0,0,0,0
9/8/2025,XPDV,725,725,555,640,500
9/8/2025,XPFT,0,0,0,0,0
9/8/2025,XPIN,648,652,648,648,8400
9/8/2025,XPLQ,450,585,450,480,21700
9/8/2025,XPSG,0,0,0,0,0
9/8/2025,XPTD,468,468,468,468,200
9/8/2025,XSBC,101,120,99,106,831200
9/8/2025,XSPI,0,0,0,0,0
9/8/2025,XSSI,81,109,73,81,9934000
9/8/2025,XSSK,689,689,689,689,20000
9/8/2025,YELO,58,58,56,56,16178200
9/8/2025,YOII,96,96,94,94,2811100
9/8/2025,YPAS,0,0,0,0,0
9/8/2025,YULE,2700,2700,2700,2700,8100
9/8/2025,YUPI,1610,1615,1575,1590,77200
9/8/2025,ZATA,28,28,28,28,3953300
9/8/2025,ZBRA,0,0,0,0,0
9/8/2025,ZINC,24,24,24,24,44269700
9/8/2025,ZONE,740,745,740,745,101800
9/8/2025,ZYRX,157,158,145,150,2158000
