<date>,<ticker>,<open>,<high>,<low>,<close>,<volume>
11/21/2025,IHSG,8403.900,8432.600,8361.270,8414.352,33323226000
11/21/2025,AADI,7725,7775,7600,7650,9586900
11/21/2025,AADIDRCN6A,94,94,94,94,78800
11/21/2025,AADIHDCK6A,96,98,93,93,297200
11/21/2025,AADIYUCK6A,0,0,0,0,0
11/21/2025,AALI,7875,7875,7775,7800,496100
11/21/2025,ABBA,58,58,57,57,269400
11/21/2025,ABDA,0,0,0,0,0
11/21/2025,ABMM,3030,3030,2980,2990,971200
11/21/2025,ACES,426,428,422,424,39806000
11/21/2025,ACESBQCG6A,0,0,0,0,0
11/21/2025,ACESBQCK6A,0,0,0,0,0
11/21/2025,ACESBQCX5B,1,2,1,1,28453400
11/21/2025,ACESBQCZ5A,0,0,0,0,0
11/21/2025,ACESDRCJ6A,9,10,8,10,2094500
11/21/2025,ACESHDCN6A,53,53,53,53,5300
11/21/2025,ACESHDCZ5A,0,0,0,0,0
11/21/2025,ACESZPCJ6A,0,0,0,0,0
11/21/2025,ACRO,93,93,90,90,8069100
11/21/2025,ACRO-W,7,8,6,7,2771700
11/21/2025,ACST,138,138,134,135,7017100
11/21/2025,ADCP,55,56,54,55,7297500
11/21/2025,ADES,15000,15200,15000,15000,7900
11/21/2025,ADHI,260,264,258,258,12651600
11/21/2025,ADMF,8850,8850,8775,8775,34200
11/21/2025,ADMG,162,168,160,162,1880600
11/21/2025,ADMR,1330,1335,1300,1300,18837500
11/21/2025,ADMRDRCH6A,0,0,0,0,0
11/21/2025,ADMRDRCJ6A,59,59,57,57,2409300
11/21/2025,ADMRHDCJ6A,92,92,89,89,31000
11/21/2025,ADMRZPCH6A,81,81,78,78,200
11/21/2025,ADRO,1900,1900,1865,1870,60223900
11/21/2025,ADROBQCG6A,0,0,0,0,0
11/21/2025,ADROBQCJ6A,56,56,55,55,58500
11/21/2025,ADROBQCN6A,62,62,61,61,17400
11/21/2025,ADROBQCZ5A,3,3,2,2,1110800
11/21/2025,ADRODRCJ6A,61,61,55,55,644200
11/21/2025,ADROHDCN6A,72,72,71,71,4300
11/21/2025,ADROHDCZ5A,37,37,35,35,100000
11/21/2025,ADROHDPH6A,0,0,0,0,0
11/21/2025,ADROYUCZ5A,0,0,0,0,0
11/21/2025,ADROZPCF6A,22,22,20,20,109200
11/21/2025,ADROZPCK6A,0,0,0,0,0
11/21/2025,AEGS,81,81,73,74,62731800
11/21/2025,AGAR,240,242,238,238,46200
11/21/2025,AGII,1365,1405,1355,1400,2495700
11/21/2025,AGRO,226,228,224,224,10469400
11/21/2025,AGRS,70,70,69,70,10777200
11/21/2025,AHAP,95,101,95,97,31320400
11/21/2025,AIMS,378,384,370,374,310100
11/21/2025,AISA,140,141,139,139,2217000
11/21/2025,AKKU,30,34,30,34,393900
11/21/2025,AKPI,580,585,565,570,44300
11/21/2025,AKRA,1280,1300,1275,1290,10733100
11/21/2025,AKRABQCX5B,8,8,3,3,20503700
11/21/2025,AKRADRCH6A,50,50,50,50,26100
11/21/2025,AKRAHDCH6A,0,0,0,0,0
11/21/2025,AKRAZPCJ6A,0,0,0,0,0
11/21/2025,AKRAZPCM6A,0,0,0,0,0
11/21/2025,AKRAZPCX5A,59,59,57,58,1197600
11/21/2025,AKSI,428,430,400,428,733100
11/21/2025,ALDO,595,640,595,635,461500
11/21/2025,ALII,630,630,600,600,1909900
11/21/2025,ALKA,360,360,350,358,8200
11/21/2025,ALMI,0,0,0,0,0
11/21/2025,ALTO,0,0,0,0,0
11/21/2025,AMAG,382,384,378,384,61900
11/21/2025,AMAN,168,171,167,171,8056900
11/21/2025,AMAR,224,228,222,226,587400
11/21/2025,AMFG,3290,3350,3280,3300,58200
11/21/2025,AMIN,254,312,250,260,5179700
11/21/2025,AMMN,6450,6525,6425,6475,20979800
11/21/2025,AMMNBQCZ5A,3,4,3,3,3962800
11/21/2025,AMMNDRCJ6A,28,29,27,29,2400
11/21/2025,AMMNHDCH6A,45,45,45,45,100
11/21/2025,AMMNZPCG6A,14,14,14,14,18600
11/21/2025,AMMS,520,530,520,530,8053100
11/21/2025,AMOR,410,412,398,400,1085200
11/21/2025,AMRT,1845,1855,1825,1830,31362500
11/21/2025,AMRTBQCF6A,12,12,11,12,2086800
11/21/2025,AMRTBQCH6A,13,13,13,13,3000
11/21/2025,AMRTBQCJ6A,0,0,0,0,0
11/21/2025,AMRTDRCH6A,21,21,21,21,1556300
11/21/2025,AMRTDRCZ5A,8,8,7,8,1033300
11/21/2025,AMRTHDCJ6A,7,7,5,6,37775900
11/21/2025,AMRTZPCK6A,13,13,12,13,459200
11/21/2025,AMRTZPCX5A,0,0,0,0,0
11/21/2025,ANDI,23,23,23,23,4357400
11/21/2025,ANJT,1965,1970,1930,1950,430800
11/21/2025,ANTM,2980,2990,2910,2910,70438500
11/21/2025,ANTMBQCG6A,36,36,35,35,177800
11/21/2025,ANTMBQCJ6A,0,0,0,0,0
11/21/2025,ANTMBQCN6A,0,0,0,0,0
11/21/2025,ANTMBQCX5A,2,2,1,1,50506700
11/21/2025,ANTMBQCZ5A,0,0,0,0,0
11/21/2025,ANTMDRCG6A,28,28,28,28,9900
11/21/2025,ANTMDRCG6B,30,30,29,29,686200
11/21/2025,ANTMDRPZ5A,24,24,24,24,19200
11/21/2025,ANTMHDCH6A,55,55,55,55,100
11/21/2025,ANTMHDCH6B,0,0,0,0,0
11/21/2025,ANTMHDPH6A,0,0,0,0,0
11/21/2025,ANTMYUCN6A,0,0,0,0,0
11/21/2025,ANTMZPCJ6A,53,53,51,51,35100
11/21/2025,ANTMZPCK6A,21,21,20,20,719200
11/21/2025,ANTMZPCX5A,143,143,137,137,3300
11/21/2025,APEX,226,228,218,222,79589700
11/21/2025,APIC,1200,1235,1175,1225,4149300
11/21/2025,APII,190,190,186,188,104000
11/21/2025,APLI,418,462,416,432,87100
11/21/2025,APLN,98,99,98,99,1948500
11/21/2025,ARCI,1145,1175,1130,1130,47794800
11/21/2025,AREA,550,550,520,525,2189400
11/21/2025,ARGO,1035,1065,1035,1060,3600
11/21/2025,ARII,270,276,270,272,61100
11/21/2025,ARKA,30,30,30,30,2285400
11/21/2025,ARKO,2220,2680,2220,2660,9297000
11/21/2025,ARMY,0,0,0,0,0
11/21/2025,ARNA,555,555,545,545,3414000
11/21/2025,ARTA,3050,3050,2930,2940,12100
11/21/2025,ARTI,0,0,0,0,0
11/21/2025,ARTO,1985,1990,1945,1950,9626700
11/21/2025,ARTOBQCG6A,16,16,15,15,150100
11/21/2025,ARTOBQCJ6A,23,23,23,23,1000
11/21/2025,ARTOBQCN6A,34,34,34,34,7400
11/21/2025,ARTOBQCX5B,0,0,0,0,0
11/21/2025,ARTOBQCZ5A,9,9,6,7,2406400
11/21/2025,ARTODRCK6A,0,0,0,0,0
11/21/2025,ARTOHDCN6A,46,46,45,45,669000
11/21/2025,ARTOHDCZ5A,0,0,0,0,0
11/21/2025,ARTOZPCK6A,32,32,30,30,5000
11/21/2025,ARTOZPCX5A,21,27,21,27,22000
11/21/2025,ASBI,480,482,480,480,7000
11/21/2025,ASDM,620,620,600,610,22000
11/21/2025,ASGR,1265,1280,1250,1255,167000
11/21/2025,ASHA,67,67,63,63,15003000
11/21/2025,ASII,6400,6425,6325,6425,43653200
11/21/2025,ASIIBQCZ5A,0,0,0,0,0
11/21/2025,ASIIDRCH6A,0,0,0,0,0
11/21/2025,ASIIDRCX6A,0,0,0,0,0
11/21/2025,ASIIHDCZ5A,197,197,197,197,100
11/21/2025,ASIIZPCJ6A,0,0,0,0,0
11/21/2025,ASIIZPCM6A,0,0,0,0,0
11/21/2025,ASJT,141,147,137,143,960000
11/21/2025,ASLC,85,86,85,85,12943000
11/21/2025,ASLI,230,262,224,242,145033100
11/21/2025,ASMI,27,27,26,26,578000
11/21/2025,ASPI,780,930,735,830,2919600
11/21/2025,ASPR,100,100,98,98,1782700
11/21/2025,ASRI,165,166,163,163,6557800
11/21/2025,ASRM,344,348,330,334,106600
11/21/2025,ASSA,1100,1100,1065,1070,6515400
11/21/2025,ATAP,177,177,177,177,1713600
11/21/2025,ATIC,615,715,610,710,2058200
11/21/2025,ATLA,64,65,63,64,19340900
11/21/2025,AUTO,2630,2640,2590,2630,1477200
11/21/2025,AUTODRCV6A,76,76,76,76,2600
11/21/2025,AUTOHDCN6A,0,0,0,0,0
11/21/2025,AUTOZPCJ6A,0,0,0,0,0
11/21/2025,AVIA,454,456,450,450,5149300
11/21/2025,AVIADRCV6A,0,0,0,0,0
11/21/2025,AVIAHDCN6A,0,0,0,0,0
11/21/2025,AVIAZPCJ6A,0,0,0,0,0
11/21/2025,AWAN,234,236,228,236,2111100
11/21/2025,AXIO,137,138,135,135,1717200
11/21/2025,AYAM,316,322,306,316,40521800
11/21/2025,AYLS,0,0,0,0,0
11/21/2025,BABP,56,56,54,55,6253300
11/21/2025,BABY,346,348,328,334,14067100
11/21/2025,BACA,142,143,141,142,1499600
11/21/2025,BAIK,102,103,102,102,1716200
11/21/2025,BAIK-W,8,8,7,8,1168400
11/21/2025,BAJA,174,176,171,171,3312100
11/21/2025,BALI,1220,1290,1210,1260,216100
11/21/2025,BANK,840,880,830,865,8459600
11/21/2025,BANK-W,0,0,0,0,0
11/21/2025,BAPA,92,93,88,91,17210100
11/21/2025,BAPI,22,22,21,21,5920000
11/21/2025,BATA,65,65,65,65,267400
11/21/2025,BATR,109,110,107,107,1257800
11/21/2025,BAUT,39,40,39,40,1179900
11/21/2025,BAYU,1320,1320,1315,1320,112100
11/21/2025,BBCA,8375,8425,8350,8400,103917100
11/21/2025,BBCABQCG6A,65,65,63,63,2061400
11/21/2025,BBCABQCJ6A,35,36,34,34,4923500
11/21/2025,BBCABQCN6A,48,48,48,48,500
11/21/2025,BBCABQCX5A,2,2,1,1,26249900
11/21/2025,BBCADRCF6A,25,25,24,24,280600
11/21/2025,BBCADRCX6A,3890,3920,3870,3870,800
11/21/2025,BBCAHDCN6A,0,0,0,0,0
11/21/2025,BBCAHDCQ7A,65,66,63,63,98900
11/21/2025,BBCAYUCK6A,186,186,186,186,11400
11/21/2025,BBCAZPCF6A,16,16,15,16,1398300
11/21/2025,BBCAZPCH6A,77,77,76,76,29300
11/21/2025,BBCAZPCN6A,60,60,59,59,10300
11/21/2025,BBHI,1485,1485,1470,1470,80500
11/21/2025,BBKP,70,72,69,71,111654100
11/21/2025,BBLD,905,970,885,935,28200
11/21/2025,BBMD,2020,2020,2020,2020,2000
11/21/2025,BBNI,4450,4450,4370,4390,45565700
11/21/2025,BBNIBQCG6A,0,0,0,0,0
11/21/2025,BBNIBQCJ6A,0,0,0,0,0
11/21/2025,BBNIBQCN6A,0,0,0,0,0
11/21/2025,BBNIDRCH6A,62,62,62,62,100
11/21/2025,BBNIDRCX6A,2410,2410,2380,2380,200
11/21/2025,BBNIDRCZ5A,0,0,0,0,0
11/21/2025,BBNIDRPZ5A,0,0,0,0,0
11/21/2025,BBNIHDCQ7A,89,89,84,84,115400
11/21/2025,BBNIYUCN6A,0,0,0,0,0
11/21/2025,BBNIZPCH6A,90,90,88,88,62500
11/21/2025,BBNIZPCX5A,0,0,0,0,0
11/21/2025,BBRI,3980,4000,3940,3960,112666100
11/21/2025,BBRIBQCG6A,40,40,39,39,278400
11/21/2025,BBRIBQCJ6A,46,47,46,47,94000
11/21/2025,BBRIBQCN6A,0,0,0,0,0
11/21/2025,BBRIBQCZ5A,20,20,13,13,20800
11/21/2025,BBRIDRCG6A,73,73,67,67,129500
11/21/2025,BBRIDRCN6A,97,97,96,96,47200
11/21/2025,BBRIDRCX5A,0,0,0,0,0
11/21/2025,BBRIDRCX6A,2210,2210,2210,2210,1300
11/21/2025,BBRIDRPZ5A,0,0,0,0,0
11/21/2025,BBRIHDCH6A,98,98,98,98,42500
11/21/2025,BBRIHDCQ7A,83,84,81,81,53000
11/21/2025,BBRIYUCN6A,122,122,114,114,1000
11/21/2025,BBRIZPCH6A,74,74,72,72,210000
11/21/2025,BBRIZPCN6A,0,0,0,0,0
11/21/2025,BBRIZPCX5A,0,0,0,0,0
11/21/2025,BBRM,90,96,87,88,60355700
11/21/2025,BBSI,4010,4010,3950,3990,1700
11/21/2025,BBSS,360,400,360,384,1125200
11/21/2025,BBTN,1200,1205,1180,1185,27330400
11/21/2025,BBTNDRCV6A,0,0,0,0,0
11/21/2025,BBTNHDCN6A,0,0,0,0,0
11/21/2025,BBTNHDCZ5A,0,0,0,0,0
11/21/2025,BBTNYUCZ5A,0,0,0,0,0
11/21/2025,BBTNZPCG6A,0,0,0,0,0
11/21/2025,BBYB,380,386,374,382,43887500
11/21/2025,BCAP,56,56,54,55,11095500
11/21/2025,BCIC,150,153,150,153,90800
11/21/2025,BCIP,105,107,102,107,52272400
11/21/2025,BDKR,166,171,164,170,26939700
11/21/2025,BDMN,2530,2540,2510,2540,542700
11/21/2025,BEBS,0,0,0,0,0
11/21/2025,BEEF,630,650,605,630,28308900
11/21/2025,BEER,206,208,199,202,1959100
11/21/2025,BEKS,28,28,28,28,40264700
11/21/2025,BELI,448,454,440,442,5875200
11/21/2025,BELL,74,75,70,72,45137800
11/21/2025,BESS,1850,1925,1795,1835,183100
11/21/2025,BEST,105,106,103,104,3116500
11/21/2025,BFIN,765,775,755,760,25545500
11/21/2025,BFINDRCK6A,0,0,0,0,0
11/21/2025,BFINHDCM6A,0,0,0,0,0
11/21/2025,BFINZPCM6A,17,17,17,17,200000
11/21/2025,BGTG,116,118,115,116,17016000
11/21/2025,BHAT,1125,1130,1075,1120,1586500
11/21/2025,BHIT,32,32,32,32,23593200
11/21/2025,BIKA,0,0,0,0,0
11/21/2025,BIKE,845,855,845,855,6919700
11/21/2025,BIMA,0,0,0,0,0
11/21/2025,BINA,4450,4490,4450,4490,10000
11/21/2025,BINO,140,150,140,143,6085800
11/21/2025,BIPI,82,98,81,91,2400827900
11/21/2025,BIPP,46,46,46,46,347400
11/21/2025,BIRD,1760,1765,1750,1755,536300
11/21/2025,BISI,900,915,895,905,710300
11/21/2025,BJBR,805,805,795,800,2394400
11/21/2025,BJTM,550,550,540,545,11315200
11/21/2025,BKDP,39,39,38,39,125000
11/21/2025,BKSL,129,130,126,126,191812200
11/21/2025,BKSW,63,63,62,63,767000
11/21/2025,BLES,157,162,157,159,2706900
11/21/2025,BLOG,466,468,464,466,825700
11/21/2025,BLTA,32,32,31,32,1300300
11/21/2025,BLTZ,0,0,0,0,0
11/21/2025,BLUE,3100,3170,2980,2980,507600
11/21/2025,BMAS,685,695,680,695,2700
11/21/2025,BMBL,60,63,54,59,30498100
11/21/2025,BMHS,155,171,155,168,52907800
11/21/2025,BMRI,4940,4970,4900,4950,142452600
11/21/2025,BMRIBQCG6A,0,0,0,0,0
11/21/2025,BMRIBQCJ6A,73,73,73,73,100
11/21/2025,BMRIBQCZ5A,7,7,5,5,493400
11/21/2025,BMRIDRCG6A,116,116,110,111,21800
11/21/2025,BMRIDRCX6A,2430,2430,2390,2390,200
11/21/2025,BMRIHDCQ7A,155,156,151,151,6100
11/21/2025,BMRIYUCK6A,0,0,0,0,0
11/21/2025,BMRIZPCH6A,57,59,57,57,1148000
11/21/2025,BMRIZPCX5A,16,16,10,15,10600
11/21/2025,BMSR,296,296,286,292,172000
11/21/2025,BMTR,142,142,140,142,16352000
11/21/2025,BNBA,625,625,600,620,720500
11/21/2025,BNBR,48,48,46,46,22049500
11/21/2025,BNGA,1805,1810,1780,1790,2979900
11/21/2025,BNGADRCK6A,0,0,0,0,0
11/21/2025,BNGAHDCN6A,70,70,70,70,10000
11/21/2025,BNGAZPCH6A,0,0,0,0,0
11/21/2025,BNII,208,208,204,206,421700
11/21/2025,BNLI,5075,5075,4950,5000,49700
11/21/2025,BOAT,135,141,130,134,11015500
11/21/2025,BOBA,198,198,192,194,334200
11/21/2025,BOGA,840,840,750,840,3093500
11/21/2025,BOLA,167,169,162,165,414100
11/21/2025,BOLT,1100,1100,1080,1080,13000
11/21/2025,BOSS,0,0,0,0,0
11/21/2025,BPFI,320,324,314,322,59800
11/21/2025,BPII,520,520,520,520,111100
11/21/2025,BPTR,92,94,90,92,176300
11/21/2025,BRAM,4930,4940,4850,4920,8200
11/21/2025,BREN,9800,9900,9675,9850,53431000
11/21/2025,BRIS,2450,2450,2390,2420,22051000
11/21/2025,BRISBQCZ5A,0,0,0,0,0
11/21/2025,BRISDRCJ6A,26,26,25,25,197400
11/21/2025,BRISHDCH6A,0,0,0,0,0
11/21/2025,BRISHDCZ5A,0,0,0,0,0
11/21/2025,BRISYUCN6A,0,0,0,0,0
11/21/2025,BRISZPCG6A,23,23,23,23,251000
11/21/2025,BRMS,950,990,940,990,617447500
11/21/2025,BRMSBQCZ5A,0,0,0,0,0
11/21/2025,BRMSDRCG6A,37,45,36,45,1915900
11/21/2025,BRMSDRCJ6A,167,179,167,179,42900
11/21/2025,BRMSDRPG6A,24,24,23,23,250700
11/21/2025,BRMSHDCH6A,284,290,284,290,60200
11/21/2025,BRMSHDCZ5A,0,0,0,0,0
11/21/2025,BRMSYUCN6A,85,87,85,86,501200
11/21/2025,BRMSZPCG6A,288,288,288,288,200
11/21/2025,BRMSZPCN6A,43,46,43,46,90000
11/21/2025,BRNA,725,745,700,735,85900
11/21/2025,BRPT,3450,3500,3410,3490,61228900
11/21/2025,BRPTBQCF6A,43,44,42,42,7427900
11/21/2025,BRPTBQCH6A,0,0,0,0,0
11/21/2025,BRPTBQCK6A,0,0,0,0,0
11/21/2025,BRPTBQCX5B,208,216,200,200,4100
11/21/2025,BRPTBQCZ5A,0,0,0,0,0
11/21/2025,BRPTDRCF6A,346,356,346,350,57300
11/21/2025,BRPTDRCH6A,66,66,65,65,200
11/21/2025,BRPTDRCJ6A,197,198,195,196,12500
11/21/2025,BRPTDRPG6A,53,54,51,54,413300
11/21/2025,BRPTHDCH6A,0,0,0,0,0
11/21/2025,BRPTHDCH6B,0,0,0,0,0
11/21/2025,BRPTHDPG6A,60,60,57,57,500100
11/21/2025,BRPTYUCZ5A,0,0,0,0,0
11/21/2025,BRPTZPCF6A,0,0,0,0,0
11/21/2025,BRPTZPCK6A,89,89,71,73,387500
11/21/2025,BRPTZPCN6A,82,82,78,78,14000
11/21/2025,BRPTZPCX5A,0,0,0,0,0
11/21/2025,BRRC,157,157,142,149,102556700
11/21/2025,BRRC-W,21,22,19,19,26874400
11/21/2025,BSBK,70,71,69,70,31743800
11/21/2025,BSDE,945,955,945,950,5152800
11/21/2025,BSDEBQCK6A,27,27,27,27,3500
11/21/2025,BSDEDRCG6A,0,0,0,0,0
11/21/2025,BSDEDRCJ6A,27,27,27,27,4000
11/21/2025,BSDEHDCM6A,0,0,0,0,0
11/21/2025,BSDEYUCN6A,0,0,0,0,0
11/21/2025,BSDEZPCH6A,0,0,0,0,0
11/21/2025,BSDEZPCN6A,0,0,0,0,0
11/21/2025,BSIM,880,880,850,875,19800
11/21/2025,BSML,216,226,216,222,25593200
11/21/2025,BSSR,3930,3960,3920,3940,350500
11/21/2025,BSWD,0,0,0,0,0
11/21/2025,BTEK,14,15,14,15,58902900
11/21/2025,BTEL,0,0,0,0,0
11/21/2025,BTON,388,390,374,386,30900
11/21/2025,BTPN,2120,2140,2110,2140,12100
11/21/2025,BTPS,1370,1380,1360,1360,5154000
11/21/2025,BTPSDRCK6A,0,0,0,0,0
11/21/2025,BTPSHDCJ6A,0,0,0,0,0
11/21/2025,BTPSYUCN6A,0,0,0,0,0
11/21/2025,BTPSZPCH6A,0,0,0,0,0
11/21/2025,BUAH,700,700,690,695,199200
11/21/2025,BUDI,232,232,224,224,969400
11/21/2025,BUKA,167,171,166,168,142391300
11/21/2025,BUKABQCZ5B,8,9,8,9,1590000
11/21/2025,BUKADRCK6A,14,15,14,15,447900
11/21/2025,BUKAHDCN6A,31,32,31,32,64000
11/21/2025,BUKAHDCZ5A,0,0,0,0,0
11/21/2025,BUKAYUCN6A,35,35,35,35,100
11/21/2025,BUKAZPCM6A,35,36,35,36,118900
11/21/2025,BUKK,1925,1925,1925,1925,739700
11/21/2025,BULL,254,312,254,294,1296486200
11/21/2025,BUMI,224,226,218,220,3825011300
11/21/2025,BUVA,1040,1095,1005,1040,204400400
11/21/2025,BVIC,107,107,102,104,22544400
11/21/2025,BVIC-W,22,23,21,21,95900
11/21/2025,BWPT,149,157,148,149,368457100
11/21/2025,BYAN,17775,17850,17750,17750,8500
11/21/2025,CAKK,176,181,175,176,511400
11/21/2025,CAMP,216,216,214,214,361400
11/21/2025,CANI,49,49,49,49,166400
11/21/2025,CARE,358,358,344,350,21953500
11/21/2025,CARS,129,129,123,124,21137600
11/21/2025,CASA,1080,1090,1065,1080,4752700
11/21/2025,CASH,113,113,109,113,1008600
11/21/2025,CASS,2890,3000,2800,2850,86100
11/21/2025,CBDK,6350,6600,6300,6500,9319100
11/21/2025,CBMF,0,0,0,0,0
11/21/2025,CBPE,326,328,316,328,255600
11/21/2025,CBRE,1095,1105,1065,1085,16286400
11/21/2025,CBUT,1515,1515,1445,1485,303900
11/21/2025,CCSI,350,350,336,344,433900
11/21/2025,CDIA,1815,1835,1795,1805,61756200
11/21/2025,CEKA,2520,2520,2500,2500,11600
11/21/2025,CENT,134,138,133,135,12623900
11/21/2025,CFIN,322,330,322,324,2067400
11/21/2025,CGAS,170,172,165,167,6398800
11/21/2025,CHEK,183,185,182,185,1574900
11/21/2025,CHEM,111,112,109,110,5589500
11/21/2025,CHIP,1385,1400,1385,1390,181300
11/21/2025,CINT,191,236,191,226,34516900
11/21/2025,CITA,4220,4230,4140,4180,198800
11/21/2025,CITY,191,193,187,187,2825000
11/21/2025,CLAY,2740,2800,2670,2760,668700
11/21/2025,CLEO,515,520,510,520,2557200
11/21/2025,CLPI,1620,1620,1530,1570,84400
11/21/2025,CMNP,1380,1380,1355,1355,198200
11/21/2025,CMNT,765,775,760,775,21679600
11/21/2025,CMPP,94,94,93,94,54800
11/21/2025,CMRY,6225,6225,5875,5900,3773800
11/21/2025,CMRYDRCK6A,0,0,0,0,0
11/21/2025,CMRYHDCN6A,93,93,93,93,1000
11/21/2025,CMRYZPCJ6A,0,0,0,0,0
11/21/2025,CNKO,53,53,51,51,42837400
11/21/2025,CNMA,114,115,113,113,25145500
11/21/2025,CNTB,0,0,0,0,0
11/21/2025,CNTX,0,0,0,0,0
11/21/2025,COAL,63,65,63,65,11550500
11/21/2025,COCO,418,420,404,406,56700700
11/21/2025,COIN,3460,3520,3320,3330,65325300
11/21/2025,COWL,0,0,0,0,0
11/21/2025,CPIN,4740,4780,4680,4740,8411100
11/21/2025,CPINDRCG6A,56,56,56,56,5100
11/21/2025,CPINHDCN6A,0,0,0,0,0
11/21/2025,CPINZPCJ6A,35,35,35,35,4400
11/21/2025,CPINZPCN6A,0,0,0,0,0
11/21/2025,CPRI,0,0,0,0,0
11/21/2025,CPRO,65,65,63,64,146964900
11/21/2025,CRAB,280,286,278,284,3540100
11/21/2025,CRSN,151,163,147,151,16106600
11/21/2025,CSAP,330,336,328,334,38000
11/21/2025,CSIS,482,482,430,456,39792500
11/21/2025,CSMI,310,316,302,304,15595900
11/21/2025,CSRA,955,960,920,935,2323400
11/21/2025,CTBN,5300,5300,5300,5300,600
11/21/2025,CTRA,865,870,855,860,7996400
11/21/2025,CTRADRCJ6A,10,10,9,10,317700
11/21/2025,CTRAHDCK6A,22,22,22,22,40000
11/21/2025,CTRAYUCZ5A,0,0,0,0,0
11/21/2025,CTRAZPCG6A,0,0,0,0,0
11/21/2025,CTTH,107,107,105,105,2924800
11/21/2025,CUAN,2230,2300,2190,2260,86158700
11/21/2025,CYBR,1515,1515,1450,1460,11918700
11/21/2025,CYBR-W,1080,1130,1020,1060,13500
11/21/2025,DAAZ,2240,2270,2220,2220,304300
11/21/2025,DADA,50,50,50,50,1046300
11/21/2025,DART,184,188,183,185,155800
11/21/2025,DATA,4860,4910,4680,4700,3812600
11/21/2025,DAYA,1570,1570,1450,1495,48200
11/21/2025,DCII,260700,260700,257975,260500,1800
11/21/2025,DEAL,0,0,0,0,0
11/21/2025,DEFI,0,0,0,0,0
11/21/2025,DEPO,264,264,258,258,122500
11/21/2025,DEWA,410,420,404,416,612443800
11/21/2025,DEWI,143,143,135,140,38650500
11/21/2025,DFAM,87,87,85,85,2285900
11/21/2025,DGIK,116,118,113,114,4681700
11/21/2025,DGNS,144,148,141,145,405500
11/21/2025,DGWG,400,402,396,398,10242800
11/21/2025,DIGI,34,34,34,34,1069700
11/21/2025,DILD,138,139,136,138,10614000
11/21/2025,DIVA,190,191,187,189,271900
11/21/2025,DKFT,725,725,700,705,32261100
11/21/2025,DKHH,88,89,86,88,3752200
11/21/2025,DKHH-W,16,17,16,17,1372900
11/21/2025,DLTA,2070,2110,2040,2100,11600
11/21/2025,DMAS,132,133,131,132,17700500
11/21/2025,DMMX,378,386,378,386,2345400
11/21/2025,DMND,630,630,620,625,132600
11/21/2025,DNAR,125,127,123,125,1784500
11/21/2025,DNET,8950,8950,8925,8950,11200
11/21/2025,DOID,332,336,320,326,7233100
11/21/2025,DOOH,168,172,161,162,123186700
11/21/2025,DOSS,167,169,161,162,1609000
11/21/2025,DPNS,0,0,0,0,0
11/21/2025,DPUM,76,77,74,76,2486500
11/21/2025,DRMA,1020,1040,1010,1035,1892100
11/21/2025,DSFI,89,92,88,91,21822100
11/21/2025,DSNG,1680,1710,1670,1695,18884700
11/21/2025,DSNGDRCK6A,0,0,0,0,0
11/21/2025,DSNGHDCK6A,0,0,0,0,0
11/21/2025,DSNGZPCM6A,0,0,0,0,0
11/21/2025,DSSA,99500,102000,97250,100000,1777400
11/21/2025,DUCK,0,0,0,0,0
11/21/2025,DUTI,4350,4350,4300,4300,500
11/21/2025,DVLA,1655,1660,1650,1655,31100
11/21/2025,DWGL,356,368,344,364,10490000
11/21/2025,DYAN,87,88,86,88,3464400
11/21/2025,EAST,94,94,93,93,864700
11/21/2025,ECII,189,189,184,188,294600
11/21/2025,EDGE,4340,4450,4280,4380,27500
11/21/2025,EKAD,188,188,186,187,80600
11/21/2025,ELIT,183,189,180,181,15111100
11/21/2025,ELPI,695,735,690,700,1513700
11/21/2025,ELSA,525,530,520,520,14377000
11/21/2025,ELSADRCG6A,0,0,0,0,0
11/21/2025,ELSADRCJ6A,37,37,37,37,400
11/21/2025,ELSAHDCK6A,38,38,38,38,100100
11/21/2025,ELSAZPCG6A,31,31,31,31,15700
11/21/2025,ELSAZPCN6A,24,24,24,24,200
11/21/2025,ELTY,20,20,19,20,37817500
11/21/2025,EMAS,3690,3750,3670,3700,10465200
11/21/2025,EMDE,96,101,95,96,5459200
11/21/2025,EMTK,1165,1270,1160,1260,183978500
11/21/2025,EMTKBQCH6A,22,27,22,25,3327700
11/21/2025,EMTKBQCZ5A,0,0,0,0,0
11/21/2025,EMTKDRCH6A,52,64,52,64,132400
11/21/2025,EMTKDRCK6A,45,55,45,55,1112600
11/21/2025,EMTKHDCK6A,56,72,56,70,476000
11/21/2025,EMTKHDCZ5A,240,240,240,240,400
11/21/2025,EMTKYUCN6A,0,0,0,0,0
11/21/2025,EMTKZPCH6A,150,157,150,155,7000
11/21/2025,EMTKZPCM6A,41,46,41,46,36800
11/21/2025,ENAK,675,675,665,670,702700
11/21/2025,ENRG,930,935,915,930,36837700
11/21/2025,ENRGBQCZ5A,77,77,77,77,200
11/21/2025,ENRGDRCG6A,25,26,23,23,1000
11/21/2025,ENRGDRCJ6A,0,0,0,0,0
11/21/2025,ENRGHDCK6A,86,86,86,86,2000
11/21/2025,ENRGHDCZ5A,0,0,0,0,0
11/21/2025,ENRGYUCN6A,0,0,0,0,0
11/21/2025,ENRGZPCG6A,0,0,0,0,0
11/21/2025,ENRGZPCK6A,0,0,0,0,0
11/21/2025,ENVY,0,0,0,0,0
11/21/2025,ENZO,39,39,39,39,238700
11/21/2025,EPAC,31,31,30,30,4489500
11/21/2025,EPMT,2350,2350,2320,2340,13600
11/21/2025,ERAA,410,410,400,406,95595200
11/21/2025,ERAABQCZ5A,2,3,2,2,2722300
11/21/2025,ERAADRCJ6A,7,8,7,8,6246800
11/21/2025,ERAAHDCN6A,37,37,36,36,894900
11/21/2025,ERAAHDCZ5A,0,0,0,0,0
11/21/2025,ERAAZPCH6A,13,13,13,13,100000
11/21/2025,ERAL,296,298,288,292,13390300
11/21/2025,ERTX,171,175,171,173,604000
11/21/2025,ESIP,118,118,116,117,8138400
11/21/2025,ESSA,645,645,615,630,41142200
11/21/2025,ESSABQCZ5A,20,21,17,17,1511700
11/21/2025,ESSADRCN6A,30,31,30,31,5000
11/21/2025,ESSAHDCH6A,46,46,46,46,150000
11/21/2025,ESSAYUCZ5A,23,23,21,21,600000
11/21/2025,ESSAZPCK6A,17,17,16,16,56000
11/21/2025,ESTA,242,278,240,268,23396300
11/21/2025,ESTI,151,154,150,154,1227600
11/21/2025,ETWA,0,0,0,0,0
11/21/2025,EURO,300,316,294,314,1103600
11/21/2025,EXCL,2770,2840,2700,2730,20482500
11/21/2025,EXCLHDCJ6A,33,33,28,28,179900
11/21/2025,EXCLZPCF6A,63,63,56,56,2566300
11/21/2025,EXCLZPCM6A,0,0,0,0,0
11/21/2025,EXCLZPCN6A,0,0,0,0,0
11/21/2025,FAPA,6175,6200,6150,6150,10900
11/21/2025,FAST,595,595,575,580,6341700
11/21/2025,FASW,0,0,0,0,0
11/21/2025,FILM,6250,6650,6175,6525,12224000
11/21/2025,FIMP,0,0,0,0,0
11/21/2025,FIRE,92,95,91,92,13673600
11/21/2025,FISH,1480,1480,1450,1450,50500
11/21/2025,FITT,740,780,720,770,612900
11/21/2025,FLMC,210,224,204,218,4040600
11/21/2025,FMII,384,384,344,352,1311200
11/21/2025,FOLK,320,332,312,326,1990700
11/21/2025,FOOD,326,326,326,326,67500
11/21/2025,FORE,510,510,505,510,2056500
11/21/2025,FORU,1070,1100,1060,1085,38000
11/21/2025,FPNI,700,700,700,700,14865800
11/21/2025,FUJI,725,845,720,845,12869100
11/21/2025,FUTR,630,655,615,625,51238700
11/21/2025,FWCT,146,147,142,144,8179400
11/21/2025,GAMA,0,0,0,0,0
11/21/2025,GDST,118,118,116,118,234900
11/21/2025,GDYR,1120,1125,1100,1100,38200
11/21/2025,GEMA,94,96,93,95,5888000
11/21/2025,GEMS,8925,8950,8900,8950,48700
11/21/2025,GGRM,15250,15475,14850,15375,2304400
11/21/2025,GGRMZPCG6A,165,172,156,172,1616900
11/21/2025,GGRP,210,262,208,262,25333200
11/21/2025,GHON,1715,1720,1690,1715,900
11/21/2025,GIAA,105,105,105,105,42309300
11/21/2025,GJTL,1055,1055,1040,1045,2488800
11/21/2025,GJTLZPCJ6A,21,21,20,20,131300
11/21/2025,GLOB,0,0,0,0,0
11/21/2025,GLVA,450,450,430,438,187800
11/21/2025,GMFI,81,81,81,81,8693000
11/21/2025,GMTD,2370,2440,2330,2430,2900
11/21/2025,GOLD,312,320,306,308,34400
11/21/2025,GOLF,202,202,200,202,218200
11/21/2025,GOLL,0,0,0,0,0
11/21/2025,GOOD,374,374,368,370,46100
11/21/2025,GOTO,60,64,60,64,5357554500
11/21/2025,GOTOBQCJ6A,7,10,6,8,88669800
11/21/2025,GOTOBQCQ6A,9,10,9,10,6908000
11/21/2025,GOTOBQCZ5A,2,3,1,3,16623000
11/21/2025,GOTODRCG6A,7,8,7,7,11467000
11/21/2025,GOTOHDCK6A,15,19,15,19,33300
11/21/2025,GOTOM,0,0,0,0,0
11/21/2025,GOTOZPCH6A,23,23,23,23,300
11/21/2025,GOTOZPCK6A,13,14,13,13,31000
11/21/2025,GPRA,137,138,133,134,10979900
11/21/2025,GPSO,630,760,630,760,26071800
11/21/2025,GRIA,100,100,98,99,931500
11/21/2025,GRPH,64,65,63,64,4666200
11/21/2025,GRPM,61,62,58,60,1736000
11/21/2025,GRPM-W,15,16,15,16,2684600
11/21/2025,GSMF,107,114,106,113,18060800
11/21/2025,GTBO,210,210,202,208,135900
11/21/2025,GTRA,346,352,336,342,2229100
11/21/2025,GTSI,133,133,124,130,241919800
11/21/2025,GULA,356,358,344,344,1703600
11/21/2025,GUNA,280,288,278,280,1680400
11/21/2025,GWSA,159,159,152,154,4587700
11/21/2025,GZCO,320,344,312,314,852866200
11/21/2025,HADE,23,25,23,23,1106500
11/21/2025,HAIS,214,216,200,212,6475600
11/21/2025,HAJJ,116,117,115,116,14911500
11/21/2025,HAJJ-W,16,16,14,15,2757300
11/21/2025,HALO,110,110,107,109,24206600
11/21/2025,HALO-W,15,15,14,15,249200
11/21/2025,HATM,380,384,374,380,33743500
11/21/2025,HBAT,240,256,234,248,1016100
11/21/2025,HDFA,170,171,166,167,275400
11/21/2025,HDIT,58,59,58,59,2896300
11/21/2025,HEAL,1430,1450,1420,1445,7245600
11/21/2025,HEALBQCZ5A,5,5,4,4,3598100
11/21/2025,HEALDRCJ6A,22,22,22,22,100000
11/21/2025,HEALHDCH6A,0,0,0,0,0
11/21/2025,HEALYUCZ5A,0,0,0,0,0
11/21/2025,HEALZPCH6A,0,0,0,0,0
11/21/2025,HEALZPCN6A,0,0,0,0,0
11/21/2025,HELI,248,248,240,244,744300
11/21/2025,HERO,520,520,500,500,47000
11/21/2025,HEXA,4600,4630,4590,4600,97200
11/21/2025,HGII,163,166,161,163,7339300
11/21/2025,HILL,161,162,157,158,2012500
11/21/2025,HITS,0,0,0,0,0
11/21/2025,HKMU,0,0,0,0,0
11/21/2025,HMSP,820,830,805,825,35240900
11/21/2025,HOKI,75,75,74,74,18429000
11/21/2025,HOME,0,0,0,0,0
11/21/2025,HOMI,488,498,474,486,2046000
11/21/2025,HOPE,137,138,133,135,6678900
11/21/2025,HOTL,0,0,0,0,0
11/21/2025,HRME,38,40,38,40,72700
11/21/2025,HRTA,1390,1445,1340,1355,41887300
11/21/2025,HRUM,980,980,955,970,10596800
11/21/2025,HRUMDRCN6A,26,26,25,26,2328600
11/21/2025,HRUMHDCK6A,28,28,28,28,100000
11/21/2025,HRUMZPCG6A,0,0,0,0,0
11/21/2025,HRUMZPCM6A,23,25,21,25,461800
11/21/2025,HUMI,131,131,127,128,69620300
11/21/2025,HUMI-W,21,21,20,20,3090700
11/21/2025,HYGN,162,163,160,162,411900
11/21/2025,IATA,86,86,86,86,14345800
11/21/2025,IBFN,73,73,73,73,1128800
11/21/2025,IBOS,56,60,55,60,42714400
11/21/2025,IBST,4770,5200,4770,5200,500
11/21/2025,ICBP,8350,8400,8325,8350,9262700
11/21/2025,ICBPDRCX6A,3000,3000,2990,3000,400
11/21/2025,ICBPDRCX6B,52,52,52,52,15100
11/21/2025,ICBPHDCJ6A,16,16,15,16,1231300
11/21/2025,ICBPZPCX5A,2,2,1,2,2265500
11/21/2025,ICON,49,50,49,50,300800
11/21/2025,IDEA,73,76,73,73,8896000
11/21/2025,IDPR,314,314,304,310,511300
11/21/2025,IFII,236,236,222,226,625800
11/21/2025,IFSH,805,815,765,805,24600
11/21/2025,IGAR,500,500,498,500,17100
11/21/2025,IIKP,0,0,0,0,0
11/21/2025,IKAI,14,14,14,14,104299000
11/21/2025,IKAN,115,115,111,112,6277000
11/21/2025,IKBI,550,595,545,580,1331000
11/21/2025,IKPM,232,236,228,236,932500
11/21/2025,IMAS,1175,1180,1165,1165,313400
11/21/2025,IMJS,258,264,256,258,13428900
11/21/2025,IMPC,2590,2700,2540,2690,34758800
11/21/2025,INAF,0,0,0,0,0
11/21/2025,INAI,153,156,149,153,102600
11/21/2025,INCF,47,49,47,49,2771900
11/21/2025,INCI,630,655,630,635,126500
11/21/2025,INCO,3810,3940,3770,3940,18719900
11/21/2025,INCOBQCF6A,0,0,0,0,0
11/21/2025,INCOBQCJ6A,30,31,30,31,5600
11/21/2025,INCOBQCN6A,0,0,0,0,0
11/21/2025,INCODRCG6A,36,40,36,37,681000
11/21/2025,INCODRCK6A,56,59,56,58,23800
11/21/2025,INCOHDCJ6A,0,0,0,0,0
11/21/2025,INCOYUCZ5A,0,0,0,0,0
11/21/2025,INCOZPCK6A,0,0,0,0,0
11/21/2025,INCOZPCN6A,59,59,57,57,298600
11/21/2025,INCOZPCX5A,0,0,0,0,0
11/21/2025,INDF,7050,7125,7025,7125,7423400
11/21/2025,INDFDRCX6A,0,0,0,0,0
11/21/2025,INDFDRCX6B,52,52,52,52,100
11/21/2025,INDFHDCJ6A,0,0,0,0,0
11/21/2025,INDO,242,302,236,302,162051700
11/21/2025,INDR,2800,2850,2750,2850,5800
11/21/2025,INDS,228,228,224,224,195000
11/21/2025,INDX,170,171,166,167,3896800
11/21/2025,INDY,1820,1820,1795,1800,6358900
11/21/2025,INDYDRCN6A,61,61,61,61,250000
11/21/2025,INDYHDCJ6A,0,0,0,0,0
11/21/2025,INDYHDCN6A,0,0,0,0,0
11/21/2025,INDYYUCN6A,0,0,0,0,0
11/21/2025,INDYZPCG6A,73,73,73,73,2000
11/21/2025,INDYZPCN6A,0,0,0,0,0
11/21/2025,INET,550,555,530,540,234356900
11/21/2025,INET-W,442,442,430,440,2693900
11/21/2025,INKP,7600,7675,7575,7600,2719900
11/21/2025,INKPBQCX5A,12,13,11,12,501200
11/21/2025,INKPDRCF6A,0,0,0,0,0
11/21/2025,INKPDRCG6A,53,53,53,53,30000
11/21/2025,INKPHDCK6A,0,0,0,0,0
11/21/2025,INKPYUCN6A,0,0,0,0,0
11/21/2025,INKPZPCF6A,69,69,68,68,392500
11/21/2025,INKPZPCK6A,0,0,0,0,0
11/21/2025,INOV,145,146,138,139,4017300
11/21/2025,INPC,153,155,151,151,2150300
11/21/2025,INPP,680,680,670,670,7200
11/21/2025,INPS,185,185,175,182,4269500
11/21/2025,INRU,770,795,725,725,76200
11/21/2025,INTA,48,48,48,48,2700400
11/21/2025,INTD,222,222,212,220,196300
11/21/2025,INTP,6900,6950,6700,6800,606300
11/21/2025,INTPDRCN6A,70,70,70,70,1500
11/21/2025,INTPHDCM6A,0,0,0,0,0
11/21/2025,INTPZPCG6A,0,0,0,0,0
11/21/2025,INTPZPCM6A,0,0,0,0,0
11/21/2025,IOTF,96,97,92,93,52306200
11/21/2025,IPAC,212,218,206,208,70800
11/21/2025,IPCC,1245,1270,1235,1250,1038900
11/21/2025,IPCM,330,334,328,332,1355700
11/21/2025,IPOL,123,124,122,124,184100
11/21/2025,IPPE,0,0,0,0,0
11/21/2025,IPTV,40,41,39,41,4088800
11/21/2025,IRRA,444,444,434,440,927900
11/21/2025,IRSX,286,298,286,298,43089400
11/21/2025,ISAP,31,32,30,31,32755000
11/21/2025,ISAP-W,15,16,14,16,18882000
11/21/2025,ISAT,2130,2130,2040,2060,12358100
11/21/2025,ISATBQCF6A,0,0,0,0,0
11/21/2025,ISATBQCJ6A,48,48,48,48,100000
11/21/2025,ISATDRCG6A,48,48,48,48,10000
11/21/2025,ISATHDCJ6A,20,20,16,18,3836300
11/21/2025,ISATZPCF6A,0,0,0,0,0
11/21/2025,ISEA,97,104,93,96,83794900
11/21/2025,ISSP,442,448,440,440,1459200
11/21/2025,ITIC,408,426,402,420,3869000
11/21/2025,ITMA,1400,1460,1330,1460,17614000
11/21/2025,ITMG,22100,22175,22050,22125,1232000
11/21/2025,ITMGDRCV6A,136,136,136,136,3000
11/21/2025,ITMGHDCJ6A,131,131,130,130,10000
11/21/2025,ITMGZPCJ6A,55,55,55,55,10000
11/21/2025,JARR,3560,3570,3480,3490,3086200
11/21/2025,JAST,101,105,98,99,43463200
11/21/2025,JATI,186,202,155,157,569649400
11/21/2025,JAWA,170,170,167,167,1710000
11/21/2025,JAYA,110,110,108,109,486600
11/21/2025,JECC,1170,1185,1145,1145,134600
11/21/2025,JGLE,19,19,19,19,24509500
11/21/2025,JIHD,585,595,575,585,114900
11/21/2025,JKON,89,91,87,87,25232900
11/21/2025,JMAS,155,155,150,150,1438300
11/21/2025,JPFA,2420,2490,2400,2460,15947900
11/21/2025,JPFABQCZ5A,0,0,0,0,0
11/21/2025,JPFADRCH6A,45,45,43,45,87700
11/21/2025,JPFADRCJ6A,123,123,123,123,2000
11/21/2025,JPFAHDCN6A,0,0,0,0,0
11/21/2025,JPFAHDCZ5A,0,0,0,0,0
11/21/2025,JPFAYUCN6A,164,164,164,164,6300
11/21/2025,JPFAZPCG6A,196,196,194,194,1002200
11/21/2025,JPFAZPCN6A,26,28,26,27,492700
11/21/2025,JRPT,970,1150,960,990,1519600
11/21/2025,JSKY,0,0,0,0,0
11/21/2025,JSMR,3540,3550,3520,3530,2070000
11/21/2025,JSMRDRCH6A,0,0,0,0,0
11/21/2025,JSMRDRCK6A,0,0,0,0,0
11/21/2025,JSMRHDCH6A,0,0,0,0,0
11/21/2025,JSMRZPCG6A,33,33,33,33,10000
11/21/2025,JSPT,3360,3390,3310,3380,7300
11/21/2025,JTPE,386,390,382,390,1271800
11/21/2025,KAEF,565,580,565,570,687000
11/21/2025,KAQI,66,69,66,68,29317600
11/21/2025,KARW,460,460,460,460,42700
11/21/2025,KAYU,0,0,0,0,0
11/21/2025,KBAG,42,42,42,42,1010400
11/21/2025,KBLI,334,342,334,338,105500
11/21/2025,KBLM,362,362,358,358,16700
11/21/2025,KBLV,216,244,212,218,167499000
11/21/2025,KBRI,0,0,0,0,0
11/21/2025,KDSI,462,462,446,454,19800
11/21/2025,KDTN,0,0,0,0,0
11/21/2025,KEEN,1100,1155,1090,1140,16407000
11/21/2025,KEJU,710,750,710,715,611900
11/21/2025,KETR,476,490,470,480,9659100
11/21/2025,KIAS,0,0,0,0,0
11/21/2025,KICI,252,288,248,250,3600200
11/21/2025,KIJA,183,184,181,183,14838500
11/21/2025,KING,206,210,206,210,11900
11/21/2025,KING-W,11,11,10,11,1065000
11/21/2025,KINO,1280,1290,1270,1285,21800
11/21/2025,KIOS,79,79,77,77,5653700
11/21/2025,KJEN,276,294,272,286,40950000
11/21/2025,KKES,28,28,27,27,354700
11/21/2025,KKGI,338,344,334,336,4099800
11/21/2025,KLAS,134,138,134,135,5564500
11/21/2025,KLBF,1200,1230,1190,1210,130150400
11/21/2025,KLBFBQCF6A,0,0,0,0,0
11/21/2025,KLBFBQCJ6A,0,0,0,0,0
11/21/2025,KLBFDRCG6A,11,12,11,12,678200
11/21/2025,KLBFHDCK6A,57,58,55,58,80100
11/21/2025,KLBFZPCF6A,0,0,0,0,0
11/21/2025,KLBFZPCJ6A,18,19,18,18,100200
11/21/2025,KLIN,170,174,169,174,156800
11/21/2025,KMDS,685,700,680,695,130300
11/21/2025,KMTR,278,282,272,278,704200
11/21/2025,KOBX,180,196,180,184,34290500
11/21/2025,KOCI,95,95,90,92,28155700
11/21/2025,KOCI-W,15,15,13,14,23329400
11/21/2025,KOIN,72,72,65,71,206400
11/21/2025,KOKA,348,388,328,336,117858700
11/21/2025,KONI,2500,2500,2310,2380,91400
11/21/2025,KOPI,308,312,306,308,216400
11/21/2025,KOTA,36,38,36,38,3810900
11/21/2025,KPIG,140,140,136,137,77146800
11/21/2025,KRAS,382,398,376,380,64997200
11/21/2025,KREN,15,16,15,16,8199300
11/21/2025,KRYA,190,191,185,186,6722700
11/21/2025,KSIX,392,400,386,392,854100
11/21/2025,KUAS,67,68,66,68,938800
11/21/2025,LABA,224,226,216,216,24430100
11/21/2025,LABS,143,143,140,141,851300
11/21/2025,LAJU,70,71,69,69,12808300
11/21/2025,LAND,33,33,33,33,184100
11/21/2025,LAPD,232,256,232,256,15715400
11/21/2025,LCGP,0,0,0,0,0
11/21/2025,LCKM,252,296,238,290,593900
11/21/2025,LEAD,79,80,78,78,13628200
11/21/2025,LFLO,0,0,0,0,0
11/21/2025,LIFE,9575,9600,9100,9225,18100
11/21/2025,LINK,2950,2980,2870,2920,101100
11/21/2025,LION,448,472,432,446,1334900
11/21/2025,LIVE,184,191,184,188,2739800
11/21/2025,LMAS,0,0,0,0,0
11/21/2025,LMAX,81,85,81,83,1235600
11/21/2025,LMPI,152,156,149,153,908800
11/21/2025,LMSH,0,0,0,0,0
11/21/2025,LOPI,104,113,103,108,43838000
11/21/2025,LPCK,575,580,565,580,70500
11/21/2025,LPGI,810,815,785,810,30300
11/21/2025,LPIN,456,466,450,452,244700
11/21/2025,LPKR,88,89,87,87,38607600
11/21/2025,LPLI,456,472,452,460,441700
11/21/2025,LPPF,1700,1700,1680,1695,1263400
11/21/2025,LPPS,134,139,131,132,10715200
11/21/2025,LRNA,179,183,179,179,20300
11/21/2025,LSIP,1400,1400,1380,1395,3690400
11/21/2025,LSIPDRCK6A,0,0,0,0,0
11/21/2025,LSIPHDCJ6A,0,0,0,0,0
11/21/2025,LSIPYUCZ5A,0,0,0,0,0
11/21/2025,LSIPZPCG6A,0,0,0,0,0
11/21/2025,LTLS,825,850,825,840,68200
11/21/2025,LUCK,120,122,118,118,5697600
11/21/2025,LUCY,102,111,102,111,2562000
11/21/2025,MABA,0,0,0,0,0
11/21/2025,MAGP,0,0,0,0,0
11/21/2025,MAHA,144,144,142,142,2157400
11/21/2025,MAIN,815,830,805,820,3116100
11/21/2025,MANG,59,64,58,64,12296500
11/21/2025,MANG-W,22,24,20,24,19122900
11/21/2025,MAPA,745,760,735,745,24401800
11/21/2025,MAPABQCZ5A,17,19,17,19,908700
11/21/2025,MAPADRCJ6A,24,24,24,24,102700
11/21/2025,MAPAHDCZ5A,0,0,0,0,0
11/21/2025,MAPAZPCH6A,40,40,40,40,500
11/21/2025,MAPB,1640,1640,1640,1640,22100
11/21/2025,MAPI,1320,1350,1295,1295,19141300
11/21/2025,MAPIBQCK6A,35,35,33,33,700000
11/21/2025,MAPIDRCH6A,55,55,55,55,20000
11/21/2025,MAPIDRCX5A,0,0,0,0,0
11/21/2025,MAPIHDCK6A,89,89,85,88,1864000
11/21/2025,MAPIZPCJ6A,58,59,53,53,5080300
11/21/2025,MARI,30,31,30,31,4419400
11/21/2025,MARK,755,755,725,745,19990400
11/21/2025,MASB,3050,3050,3050,3050,2200
11/21/2025,MAXI,54,54,53,53,12392200
11/21/2025,MAYA,248,260,248,248,3732200
11/21/2025,MBAP,1610,1615,1605,1615,46600
11/21/2025,MBMA,565,570,540,560,177126700
11/21/2025,MBMABQCX5A,10,10,4,6,10849400
11/21/2025,MBMADRCG6A,12,12,10,11,3436900
11/21/2025,MBMADRCX5A,0,0,0,0,0
11/21/2025,MBMAHDCH6A,78,78,78,78,161500
11/21/2025,MBMAHDCN6A,66,66,66,66,500000
11/21/2025,MBMAYUCK6A,109,109,109,109,100
11/21/2025,MBMAZPCK6A,40,40,29,29,446800
11/21/2025,MBMAZPCN6A,21,21,20,20,6300
11/21/2025,MBMAZPCX5A,109,109,104,104,14600
11/21/2025,MBSS,1390,1390,1370,1380,459300
11/21/2025,MBTO,180,183,174,178,2611000
11/21/2025,MCAS,800,800,780,785,114000
11/21/2025,MCOL,3830,3840,3800,3800,22400
11/21/2025,MCOR,73,73,71,72,4046400
11/21/2025,MDIA,31,32,31,32,1150900
11/21/2025,MDIY,1060,1065,1055,1060,3334000
11/21/2025,MDKA,2170,2270,2140,2270,57952200
11/21/2025,MDKABQCX5B,2,2,1,2,2183700
11/21/2025,MDKADRCG6A,37,40,36,38,673600
11/21/2025,MDKADRCK6A,0,0,0,0,0
11/21/2025,MDKAHDCN6A,53,55,52,55,406700
11/21/2025,MDKAHDCZ5A,50,50,50,50,4600
11/21/2025,MDKAHDPH6A,110,110,110,110,1000
11/21/2025,MDKAHDPJ6A,0,0,0,0,0
11/21/2025,MDKAYUCK6A,0,0,0,0,0
11/21/2025,MDKAZPCF6A,0,0,0,0,0
11/21/2025,MDKI,198,200,195,199,1591800
11/21/2025,MDLA,244,246,240,244,1105700
11/21/2025,MDLN,60,61,59,60,7970400
11/21/2025,MDRN,38,38,38,38,2956700
11/21/2025,MEDC,1285,1285,1240,1265,33200600
11/21/2025,MEDCBQCX5B,1,2,1,1,60297300
11/21/2025,MEDCBQCZ5A,7,7,6,7,25685000
11/21/2025,MEDCDRCG6A,26,26,25,25,52500
11/21/2025,MEDCDRCH6A,57,58,57,58,200
11/21/2025,MEDCDRPG6A,29,29,28,28,200
11/21/2025,MEDCHDCH6A,0,0,0,0,0
11/21/2025,MEDCZPCF6A,24,24,24,24,27800
11/21/2025,MEDS,63,63,62,63,3688100
11/21/2025,MEGA,3270,3270,3220,3220,4100
11/21/2025,MEJA,116,126,113,126,111426100
11/21/2025,MEJA-W,47,63,43,54,83620500
11/21/2025,MENN,0,0,0,0,0
11/21/2025,MERI,208,210,204,204,2164900
11/21/2025,MERK,3110,3150,3040,3040,41800
11/21/2025,META,0,0,0,0,0
11/21/2025,MFMI,0,0,0,0,0
11/21/2025,MGLV,955,955,955,955,336900
11/21/2025,MGNA,89,90,89,90,4358400
11/21/2025,MGNA-W,59,59,59,59,14100
11/21/2025,MGRO,760,795,755,790,3721500
11/21/2025,MHKI,240,256,230,240,140994200
11/21/2025,MICE,620,625,605,610,78700
11/21/2025,MIDI,394,396,390,392,7719300
11/21/2025,MIKA,2560,2560,2470,2500,3132800
11/21/2025,MIKADRCV6A,0,0,0,0,0
11/21/2025,MIKAHDCN6A,0,0,0,0,0
11/21/2025,MIKAZPCG6A,25,25,25,25,3000
11/21/2025,MINA,232,238,224,226,260661900
11/21/2025,MINE,486,488,478,480,2341600
11/21/2025,MIRA,28,28,28,28,1934200
11/21/2025,MITI,312,312,290,292,14842800
11/21/2025,MKAP,342,342,338,340,64100
11/21/2025,MKNT,0,0,0,0,0
11/21/2025,MKPI,24100,24175,24100,24175,6000
11/21/2025,MKTR,151,152,148,151,588000
11/21/2025,MLBI,5850,5875,5800,5825,713000
11/21/2025,MLIA,338,340,336,340,2450300
11/21/2025,MLPL,136,139,135,136,63543100
11/21/2025,MLPT,75950,76000,75500,75500,2300
11/21/2025,MMIX,244,252,236,238,6043700
11/21/2025,MMLP,565,565,560,565,2820300
11/21/2025,MNCN,264,266,262,264,21340200
11/21/2025,MNCNDRCN6A,0,0,0,0,0
11/21/2025,MNCNHDCM6A,0,0,0,0,0
11/21/2025,MNCNZPCM6A,0,0,0,0,0
11/21/2025,MOLI,322,326,312,316,4118800
11/21/2025,MORA,0,0,0,0,0
11/21/2025,MPIX,70,71,69,69,4072600
11/21/2025,MPIX-W,11,12,10,11,1310200
11/21/2025,MPMX,965,970,960,965,2133100
11/21/2025,MPOW,113,133,113,121,31683400
11/21/2025,MPPA,60,61,60,60,19278700
11/21/2025,MPRO,9000,9200,8600,9000,20500
11/21/2025,MPXL,234,234,228,230,1442600
11/21/2025,MRAT,364,368,352,362,747700
11/21/2025,MREI,1000,1000,975,985,76300
11/21/2025,MSIE,49,49,47,49,2146000
11/21/2025,MSIN,498,500,490,498,36777100
11/21/2025,MSJA,310,316,302,302,6751900
11/21/2025,MSKY,82,83,81,82,2744300
11/21/2025,MSTI,1430,1430,1415,1420,1187700
11/21/2025,MTDL,615,615,590,595,9286400
11/21/2025,MTEL,570,570,560,570,10905600
11/21/2025,MTELDRCK6A,14,14,14,14,100
11/21/2025,MTELHDCM6A,17,17,17,17,365300
11/21/2025,MTELZPCM6A,13,13,13,13,5000
11/21/2025,MTFN,16,16,15,15,18070200
11/21/2025,MTLA,450,462,448,448,140000
11/21/2025,MTMH,1160,1160,1140,1160,3800
11/21/2025,MTPS,0,0,0,0,0
11/21/2025,MTRA,0,0,0,0,0
11/21/2025,MTSM,0,0,0,0,0
11/21/2025,MTWI,358,358,358,358,48700
11/21/2025,MUTU,123,123,117,120,10495000
11/21/2025,MYOH,1555,1555,1470,1510,8100
11/21/2025,MYOR,2100,2120,2100,2110,5886200
11/21/2025,MYORDRCK6A,49,51,49,51,3022200
11/21/2025,MYORHDCM6A,0,0,0,0,0
11/21/2025,MYORZPCH6A,0,0,0,0,0
11/21/2025,MYTX,0,0,0,0,0
11/21/2025,NAIK,124,128,123,127,18614700
11/21/2025,NAIK-W,21,22,20,22,2271000
11/21/2025,NANO,55,55,52,54,17163800
11/21/2025,NASA,30,30,29,30,806200
11/21/2025,NASI,103,104,101,102,3169000
11/21/2025,NATO,160,198,159,176,38136900
11/21/2025,NAYZ,67,80,66,80,81434800
11/21/2025,NCKL,975,990,950,970,62531400
11/21/2025,NCKLBQCM6A,22,22,22,22,80900
11/21/2025,NCKLDRCH6A,31,36,31,33,162000
11/21/2025,NCKLDRCK6A,31,31,29,29,800
11/21/2025,NCKLHDCK6A,41,41,41,41,1000000
11/21/2025,NCKLYUCZ5A,0,0,0,0,0
11/21/2025,NCKLZPCJ6A,46,49,45,46,139400
11/21/2025,NCKLZPCM6A,19,20,19,20,300000
11/21/2025,NELY,370,370,366,370,789100
11/21/2025,NEST,344,346,340,342,6330300
11/21/2025,NETV,113,115,108,113,11169500
11/21/2025,NFCX,1675,1685,1615,1675,689900
11/21/2025,NICE,406,418,404,412,2969200
11/21/2025,NICK,1205,1370,1170,1235,25500
11/21/2025,NICL,1060,1075,1030,1030,34194000
11/21/2025,NIKL,360,364,354,360,713500
11/21/2025,NINE,0,0,0,0,0
11/21/2025,NIRO,320,320,312,312,1430900
11/21/2025,NISP,1385,1390,1380,1385,1856500
11/21/2025,NOBU,494,494,486,490,4037900
11/21/2025,NPGF,61,61,60,60,3859900
11/21/2025,NRCA,1090,1155,1090,1110,49548700
11/21/2025,NSSS,520,520,505,510,6978600
11/21/2025,NTBK,150,153,145,148,22784400
11/21/2025,NUSA,0,0,0,0,0
11/21/2025,NZIA,110,112,109,112,1073000
11/21/2025,OASA,238,254,236,238,228059500
11/21/2025,OBAT,428,432,426,426,709200
11/21/2025,OBAT-W,86,86,83,84,108400
11/21/2025,OBMD,248,264,246,264,2871800
11/21/2025,OCAP,0,0,0,0,0
11/21/2025,OILS,282,288,262,266,22654900
11/21/2025,OKAS,143,145,141,142,4016600
11/21/2025,OLIV,108,108,104,106,11278600
11/21/2025,OMED,199,202,198,200,1357500
11/21/2025,OMRE,482,482,482,482,1000
11/21/2025,OPMS,109,109,106,106,5313500
11/21/2025,PACK,2600,2620,2530,2570,4212400
11/21/2025,PADA,130,135,130,135,25879100
11/21/2025,PADI,72,76,72,76,13696300
11/21/2025,PALM,386,386,380,382,435500
11/21/2025,PAMG,67,68,65,65,4119500
11/21/2025,PANI,13875,14350,13825,14025,6807500
11/21/2025,PANIBQCZ5A,10,17,10,17,22694800
11/21/2025,PANIDRCG6A,54,59,53,58,2502700
11/21/2025,PANIHDCJ6A,89,90,87,90,129300
11/21/2025,PANIHDCN6A,78,84,78,81,30748400
11/21/2025,PANIHDCZ5A,103,112,103,104,2834000
11/21/2025,PANIZPCJ6A,54,58,53,56,2113800
11/21/2025,PANIZPCN6A,101,104,101,104,1281700
11/21/2025,PANR,720,720,690,715,3788100
11/21/2025,PANS,1465,1480,1445,1475,270900
11/21/2025,PART,137,138,133,136,42842900
11/21/2025,PART-W,19,21,19,20,19867500
11/21/2025,PBID,488,492,486,490,314200
11/21/2025,PBRX,35,35,34,34,4468200
11/21/2025,PBSA,1450,1450,1395,1440,1929000
11/21/2025,PCAR,35,35,34,34,450400
11/21/2025,PDES,635,635,600,615,180200
11/21/2025,PDPP,382,390,378,380,74000
11/21/2025,PEGE,181,194,175,177,26651200
11/21/2025,PEHA,324,326,322,322,38200
11/21/2025,PEVE,500,510,498,500,149600
11/21/2025,PGAS,1735,1750,1720,1720,11718300
11/21/2025,PGASBQCZ5A,25,25,25,25,200
11/21/2025,PGASDRCG6A,0,0,0,0,0
11/21/2025,PGASDRCG6B,0,0,0,0,0
11/21/2025,PGASHDCK6A,59,59,59,59,8500
11/21/2025,PGASZPCJ6A,0,0,0,0,0
11/21/2025,PGEO,1195,1225,1190,1210,21231500
11/21/2025,PGEOBQCF6A,10,10,10,10,50000
11/21/2025,PGEOBQCJ6A,0,0,0,0,0
11/21/2025,PGEOBQCX5B,1,2,1,1,9342200
11/21/2025,PGEODRCJ6A,19,19,18,18,30100
11/21/2025,PGEOHDCH6A,20,21,19,21,211400
11/21/2025,PGEOHDCH6B,28,28,28,28,100
11/21/2025,PGEOHDPH6A,0,0,0,0,0
11/21/2025,PGEOYUCK6A,0,0,0,0,0
11/21/2025,PGEOZPCJ6A,0,0,0,0,0
11/21/2025,PGEOZPCM6A,30,31,29,31,6200
11/21/2025,PGJO,1260,1300,1135,1295,3185700
11/21/2025,PGLI,372,374,350,350,454900
11/21/2025,PGUN,13250,13250,12900,13000,25200
11/21/2025,PICO,250,264,250,252,8213200
11/21/2025,PIPA,282,286,276,278,38530500
11/21/2025,PJAA,520,525,520,525,94100
11/21/2025,PJHB,610,620,590,615,78993400
11/21/2025,PJHB-W,157,161,143,147,6255700
11/21/2025,PKPK,630,730,625,680,2529100
11/21/2025,PLAN,45,49,45,47,3782400
11/21/2025,PLAS,0,0,0,0,0
11/21/2025,PLIN,0,0,0,0,0
11/21/2025,PMJS,117,118,114,117,386100
11/21/2025,PMMP,0,0,0,0,0
11/21/2025,PMUI,145,148,143,147,3603300
11/21/2025,PNBN,1045,1045,1025,1035,4514500
11/21/2025,PNBS,54,55,53,54,16568200
11/21/2025,PNGO,3070,3090,3050,3050,4200
11/21/2025,PNIN,860,860,790,800,1321700
11/21/2025,PNLF,250,254,246,248,53662300
11/21/2025,PNLFBQCM6A,18,20,18,20,27300
11/21/2025,PNLFDRCJ6A,10,10,10,10,31500
11/21/2025,PNLFHDCZ5A,20,20,19,19,800
11/21/2025,PNLFZPCH6A,0,0,0,0,0
11/21/2025,PNSE,725,745,715,740,8500
11/21/2025,POLA,34,37,34,37,3193200
11/21/2025,POLI,755,755,755,755,400
11/21/2025,POLL,0,0,0,0,0
11/21/2025,POLU,23025,23400,22975,22975,10800
11/21/2025,POLY,25,25,24,25,16300
11/21/2025,POOL,0,0,0,0,0
11/21/2025,PORT,1135,1160,1135,1135,25100
11/21/2025,POSA,0,0,0,0,0
11/21/2025,POWR,720,720,710,715,3599500
11/21/2025,PPGL,141,152,137,152,15488600
11/21/2025,PPRE,120,126,119,126,43071300
11/21/2025,PPRI,338,352,334,340,4412300
11/21/2025,PPRO,0,0,0,0,0
11/21/2025,PRAY,850,850,835,850,7600
11/21/2025,PRDA,2420,2430,2410,2430,1217000
11/21/2025,PRIM,82,84,81,82,6825900
11/21/2025,PSAB,525,535,525,525,58720100
11/21/2025,PSAT,1370,1385,1340,1355,281200
11/21/2025,PSDN,107,108,105,105,970000
11/21/2025,PSGO,220,220,218,218,296200
11/21/2025,PSKT,159,159,157,158,14748300
11/21/2025,PSSI,350,350,346,348,77900
11/21/2025,PTBA,2320,2330,2300,2320,5794800
11/21/2025,PTBADRCG6A,12,12,12,12,2200
11/21/2025,PTBAHDCM6A,0,0,0,0,0
11/21/2025,PTBAYUCZ5A,0,0,0,0,0
11/21/2025,PTBAZPCH6A,0,0,0,0,0
11/21/2025,PTDU,33,33,33,33,1655100
11/21/2025,PTIS,400,410,398,410,25000
11/21/2025,PTMP,90,91,88,89,5109400
11/21/2025,PTMR,0,0,0,0,0
11/21/2025,PTPP,376,376,370,374,6988900
11/21/2025,PTPS,214,230,208,212,66587300
11/21/2025,PTPW,970,970,970,970,15000
11/21/2025,PTRO,8925,8950,8800,8950,16033600
11/21/2025,PTRODRCG6A,308,314,308,310,2024300
11/21/2025,PTROHDCK6A,520,525,520,525,1800
11/21/2025,PTROHDCN6A,104,104,101,103,1086100
11/21/2025,PTROYUCK6A,0,0,0,0,0
11/21/2025,PTROZPCK6A,0,0,0,0,0
11/21/2025,PTROZPCN6A,130,131,129,130,3430200
11/21/2025,PTSN,402,406,390,394,1372300
11/21/2025,PTSP,1095,1240,1070,1170,306900
11/21/2025,PUDP,1280,1500,1265,1370,962300
11/21/2025,PURA,32,32,31,31,10257900
11/21/2025,PURE,0,0,0,0,0
11/21/2025,PURI,498,498,498,498,8220200
11/21/2025,PWON,360,360,352,352,73291500
11/21/2025,PWONDRCN6A,0,0,0,0,0
11/21/2025,PWONHDCZ5A,0,0,0,0,0
11/21/2025,PWONZPCH6A,22,22,22,22,400800
11/21/2025,PYFA,520,525,515,520,13811900
11/21/2025,PYFA-W,123,123,115,120,202800
11/21/2025,PZZA,234,236,226,228,1854200
11/21/2025,R-ABFII,0,0,0,0,0
11/21/2025,R-LQ45X,1039,1039,1020,1020,600
11/21/2025,RAAM,250,250,240,242,8873800
11/21/2025,RAFI,38,38,38,38,3855100
11/21/2025,RAJA,4950,5050,4840,4910,78620400
11/21/2025,RAJADRCG6A,244,252,232,248,873600
11/21/2025,RAJADRCH6A,62,62,54,58,1399000
11/21/2025,RAJAHDCK6A,232,246,232,246,34800
11/21/2025,RAJAYUCN6A,130,130,130,130,1500
11/21/2025,RAJAZPCK6A,119,123,114,121,606700
11/21/2025,RALS,436,438,434,438,1716500
11/21/2025,RANC,1060,1065,965,995,359500
11/21/2025,RATU,10200,10200,9825,9850,9248800
11/21/2025,RBMS,39,39,38,38,302000
11/21/2025,RCCC,198,204,192,199,2885000
11/21/2025,RDTX,0,0,0,0,0
11/21/2025,REAL,71,71,69,70,43183700
11/21/2025,RELF,44,45,42,44,10972400
11/21/2025,RELI,625,670,590,625,225100
11/21/2025,RGAS,99,100,98,99,821000
11/21/2025,RICY,57,57,57,57,202200
11/21/2025,RIGS,770,770,765,765,6900
11/21/2025,RIMO,0,0,0,0,0
11/21/2025,RISE,11175,12050,11175,11675,1139000
11/21/2025,RMKE,3040,3090,3010,3010,10760900
11/21/2025,RMKO,226,266,224,238,18915500
11/21/2025,ROCK,494,494,494,494,11900
11/21/2025,RODA,45,45,45,45,17500
11/21/2025,RONY,3720,3800,3720,3800,9300
11/21/2025,ROTI,790,800,790,795,410700
11/21/2025,RSCH,378,380,374,378,5524600
11/21/2025,RSGK,0,0,0,0,0
11/21/2025,RUIS,198,199,196,196,1291100
11/21/2025,RUNS,98,99,96,97,83900
11/21/2025,SAFE,292,300,284,290,1135900
11/21/2025,SAGE,31,31,30,30,1883600
11/21/2025,SAME,374,408,362,404,67033300
11/21/2025,SAMF,312,322,312,318,1023800
11/21/2025,SAPX,300,304,300,302,152600
11/21/2025,SATU,252,254,252,254,4002900
11/21/2025,SBAT,0,0,0,0,0
11/21/2025,SBMA,131,131,129,130,931100
11/21/2025,SCCO,2360,2390,2340,2350,48500
11/21/2025,SCMA,364,386,362,380,290870100
11/21/2025,SCMABQCZ5A,0,0,0,0,0
11/21/2025,SCMADRCG6A,22,25,21,23,789400
11/21/2025,SCMADRCK6A,127,138,127,135,2951300
11/21/2025,SCMAHDCK6A,58,58,58,58,10000
11/21/2025,SCMAHDCZ5A,358,358,358,358,100
11/21/2025,SCMAYUCK6A,0,0,0,0,0
11/21/2025,SCMAZPCG6A,0,0,0,0,0
11/21/2025,SCMAZPCM6A,56,59,56,59,1300
11/21/2025,SCNP,161,162,160,160,312500
11/21/2025,SCPI,0,0,0,0,0
11/21/2025,SDMU,63,63,62,63,2399300
11/21/2025,SDPC,140,140,139,139,54200
11/21/2025,SDRA,282,284,278,280,972200
11/21/2025,SEMA,103,106,103,105,2410100
11/21/2025,SFAN,1930,1930,1925,1930,83200
11/21/2025,SGER,458,460,426,440,17115500
11/21/2025,SGRO,7500,7500,7325,7350,8053700
11/21/2025,SHID,880,900,850,860,65100
11/21/2025,SHIP,5475,5475,5275,5350,28700
11/21/2025,SICO,137,140,135,139,4279000
11/21/2025,SIDO,555,555,545,550,8185500
11/21/2025,SIDODRCK6A,0,0,0,0,0
11/21/2025,SIDOHDCN6A,0,0,0,0,0
11/21/2025,SIDOZPCM6A,18,18,18,18,30000
11/21/2025,SILO,2430,2510,2420,2500,1202000
11/21/2025,SIMA,0,0,0,0,0
11/21/2025,SIMP,635,635,625,625,5784900
11/21/2025,SINI,0,0,0,0,0
11/21/2025,SIPD,720,740,720,740,25300
11/21/2025,SKBM,535,550,494,498,726600
11/21/2025,SKLT,266,266,230,234,12407100
11/21/2025,SKRN,710,720,695,700,493500
11/21/2025,SKYB,0,0,0,0,0
11/21/2025,SLIS,86,86,81,81,31746100
11/21/2025,SLIS-W,16,16,15,16,3738600
11/21/2025,SMAR,5075,5100,5000,5000,211000
11/21/2025,SMBR,282,286,280,282,6864900
11/21/2025,SMCB,0,0,0,0,0
11/21/2025,SMDM,1010,1260,910,1260,52362100
11/21/2025,SMDR,306,308,304,308,7372100
11/21/2025,SMGA,105,105,101,102,34838400
11/21/2025,SMGR,2650,2710,2610,2700,4823400
11/21/2025,SMGRBQCX5B,3,3,1,2,14392600
11/21/2025,SMGRBQCZ5A,3,4,2,3,2929000
11/21/2025,SMGRDRCG6A,29,32,29,32,177000
11/21/2025,SMGRHDCZ5A,32,38,32,38,107500
11/21/2025,SMGRZPCJ6A,0,0,0,0,0
11/21/2025,SMIL,492,494,480,494,110905400
11/21/2025,SMKL,166,171,166,170,105900
11/21/2025,SMKM,126,135,126,131,14795600
11/21/2025,SMLE,254,264,254,260,7845200
11/21/2025,SMMA,12800,12900,12800,12875,2800
11/21/2025,SMMT,1660,1685,1660,1685,90500
11/21/2025,SMRA,390,392,386,390,24298300
11/21/2025,SMRADRCG6A,0,0,0,0,0
11/21/2025,SMRADRCJ6A,15,15,15,15,100000
11/21/2025,SMRAHDCZ5A,48,48,48,48,460000
11/21/2025,SMRAZPCH6A,0,0,0,0,0
11/21/2025,SMRU,0,0,0,0,0
11/21/2025,SMSM,1790,1800,1760,1760,5079800
11/21/2025,SNLK,408,410,402,408,8928200
11/21/2025,SOCI,214,226,212,218,17486400
11/21/2025,SOFA,254,272,250,270,10132300
11/21/2025,SOHO,1695,1695,1695,1695,190700
11/21/2025,SOLA,129,133,128,132,7672000
11/21/2025,SONA,2420,2450,2410,2430,21400
11/21/2025,SOSS,860,940,860,940,25100
11/21/2025,SOTS,328,386,304,386,1818600
11/21/2025,SOUL,86,95,86,90,18416300
11/21/2025,SPMA,266,266,262,262,168800
11/21/2025,SPRE,123,126,119,122,3399700
11/21/2025,SPTO,695,705,690,695,2670600
11/21/2025,SQMI,0,0,0,0,0
11/21/2025,SRAJ,14100,14750,13800,14575,131400
11/21/2025,SRIL,0,0,0,0,0
11/21/2025,SRSN,65,65,63,64,16786800
11/21/2025,SRTG,1605,1620,1595,1600,1479400
11/21/2025,SRTGDRCK6A,0,0,0,0,0
11/21/2025,SRTGHDCK6A,0,0,0,0,0
11/21/2025,SRTGYUCN6A,84,84,84,84,2000
11/21/2025,SRTGZPCG6A,0,0,0,0,0
11/21/2025,SRTGZPCK6A,0,0,0,0,0
11/21/2025,SSIA,1745,1790,1705,1705,39143600
11/21/2025,SSMS,1585,1595,1550,1550,6540400
11/21/2025,SSTM,795,870,795,870,330600
11/21/2025,STAA,1490,1490,1385,1390,13707000
11/21/2025,STAR,96,96,96,96,519700
11/21/2025,STRK,190,208,188,190,99435600
11/21/2025,STTP,10000,10000,9925,9925,300
11/21/2025,SUGI,0,0,0,0,0
11/21/2025,SULI,134,134,128,133,1466500
11/21/2025,SUNI,790,790,780,790,323500
11/21/2025,SUPR,0,0,0,0,0
11/21/2025,SURE,2640,2640,2590,2630,1800
11/21/2025,SURI,101,101,99,99,5563800
11/21/2025,SWAT,0,0,0,0,0
11/21/2025,SWID,112,118,107,113,9244000
11/21/2025,TALF,488,505,476,486,76900
11/21/2025,TAMA,33,35,33,35,1353400
11/21/2025,TAMU,27,28,27,28,5946900
11/21/2025,TAPG,1780,1785,1740,1750,9295300
11/21/2025,TAPGDRCG6A,33,33,33,33,21900
11/21/2025,TAPGDRCJ6A,119,119,119,119,100
11/21/2025,TAPGHDCH6A,246,250,242,244,330400
11/21/2025,TAPGZPCH6A,141,141,140,140,4400
11/21/2025,TAPGZPCM6A,42,42,42,42,71800
11/21/2025,TARA,27,27,27,27,464300
11/21/2025,TAXI,17,17,17,17,31014400
11/21/2025,TAYS,100,103,84,84,226104800
11/21/2025,TBIG,1985,2010,1965,1985,381000
11/21/2025,TBLA,730,730,715,715,2993600
11/21/2025,TBMS,1385,1385,1365,1365,5100
11/21/2025,TCID,3040,3130,2990,3040,46400
11/21/2025,TCPI,7550,7675,7150,7675,6978300
11/21/2025,TDPM,0,0,0,0,0
11/21/2025,TEBE,2370,2390,2280,2310,4425100
11/21/2025,TECH,0,0,0,0,0
11/21/2025,TELE,0,0,0,0,0
11/21/2025,TFAS,240,264,240,242,3338500
11/21/2025,TFCO,0,0,0,0,0
11/21/2025,TGKA,5175,5175,5100,5100,4100
11/21/2025,TGRA,0,0,0,0,0
11/21/2025,TGUK,0,0,0,0,0
11/21/2025,TIFA,550,550,468,476,1511400
11/21/2025,TINS,3050,3110,2980,3040,47259200
11/21/2025,TIRA,1410,1550,1400,1530,223400
11/21/2025,TIRT,0,0,0,0,0
11/21/2025,TKIM,7150,7175,7000,7025,552000
11/21/2025,TKIMDRCN6A,0,0,0,0,0
11/21/2025,TKIMHDCJ6A,0,0,0,0,0
11/21/2025,TKIMZPCG6A,82,83,82,82,8100
11/21/2025,TKIMZPCK6A,0,0,0,0,0
11/21/2025,TLDN,725,730,715,720,1137900
11/21/2025,TLKM,3590,3610,3460,3500,93181600
11/21/2025,TLKMBQCG6A,0,0,0,0,0
11/21/2025,TLKMBQCJ6A,0,0,0,0,0
11/21/2025,TLKMDRCJ6A,97,97,87,87,637700
11/21/2025,TLKMDRCX6A,0,0,0,0,0
11/21/2025,TLKMHDCJ6A,0,0,0,0,0
11/21/2025,TLKMYUCK6A,0,0,0,0,0
11/21/2025,TLKMZPCF6A,0,0,0,0,0
11/21/2025,TLKMZPCM6A,57,57,57,57,320200
11/21/2025,TMAS,132,134,131,131,5497600
11/21/2025,TMPO,169,184,165,182,28838700
11/21/2025,TNCA,226,228,222,224,363400
11/21/2025,TOBA,820,915,815,855,250510900
11/21/2025,TOOL,64,65,63,64,3954800
11/21/2025,TOPS,0,0,0,0,0
11/21/2025,TOSK,75,75,72,73,29926200
11/21/2025,TOTL,1030,1100,1015,1095,11450000
11/21/2025,TOTO,284,284,280,282,2417200
11/21/2025,TOWR,550,550,540,540,14596400
11/21/2025,TOWRDRCN6A,17,17,17,17,70000
11/21/2025,TOWRHDCK6A,22,22,22,22,7500
11/21/2025,TOYS,0,0,0,0,0
11/21/2025,TPIA,7150,7275,7100,7275,5916400
11/21/2025,TPMA,580,585,575,580,1688100
11/21/2025,TRAM,0,0,0,0,0
11/21/2025,TRGU,192,192,190,191,182700
11/21/2025,TRIL,0,0,0,0,0
11/21/2025,TRIM,715,735,665,680,10440700
11/21/2025,TRIN,0,0,0,0,0
11/21/2025,TRIN-W2,0,0,0,0,0
11/21/2025,TRIO,0,0,0,0,0
11/21/2025,TRIS,190,194,187,192,707700
11/21/2025,TRJA,154,165,154,156,2102600
11/21/2025,TRON,97,98,91,93,25881000
11/21/2025,TRST,452,510,448,490,3981000
11/21/2025,TRUE,116,120,116,120,38913700
11/21/2025,TRUK,650,685,610,665,6807000
11/21/2025,TRUS,430,434,428,434,8600
11/21/2025,TSPC,2820,2820,2780,2790,498800
11/21/2025,TUGU,1070,1110,1050,1080,10773000
11/21/2025,TYRE,122,126,122,125,145000
11/21/2025,UANG,5425,5425,5125,5150,1937500
11/21/2025,UCID,440,442,440,442,158600
11/21/2025,UDNG,3190,3490,2870,3350,2440700
11/21/2025,UFOE,200,200,190,190,1267400
11/21/2025,ULTJ,1430,1450,1420,1425,4016700
11/21/2025,UNIC,9025,9050,9000,9050,2000
11/21/2025,UNIQ,412,416,408,408,22470000
11/21/2025,UNIT,0,0,0,0,0
11/21/2025,UNSP,200,202,200,202,1891300
11/21/2025,UNTD,93,96,92,94,18977100
11/21/2025,UNTR,27000,27150,26900,27025,2051500
11/21/2025,UNTRDRCG6A,0,0,0,0,0
11/21/2025,UNTRHDCM6A,0,0,0,0,0
11/21/2025,UNTRZPCJ6A,0,0,0,0,0
11/21/2025,UNVR,2600,2670,2540,2540,27647200
11/21/2025,UNVRBQCG6A,50,51,49,50,200000
11/21/2025,UNVRBQCK6A,0,0,0,0,0
11/21/2025,UNVRBQCZ5A,0,0,0,0,0
11/21/2025,UNVRDRCG6A,138,138,129,129,49300
11/21/2025,UNVRHDCM6A,188,188,188,188,100
11/21/2025,UNVRHDPG6A,12,12,12,12,500300
11/21/2025,UNVRZPCH6A,0,0,0,0,0
11/21/2025,UNVRZPCM6A,0,0,0,0,0
11/21/2025,URBN,181,191,179,183,1565200
11/21/2025,UVCR,116,117,112,113,6385000
11/21/2025,VAST,152,153,150,151,2125400
11/21/2025,VAST-W,13,14,13,13,280300
11/21/2025,VERN,123,152,123,128,109333200
11/21/2025,VICI,660,830,655,705,2550200
11/21/2025,VICO,180,182,179,182,145500
11/21/2025,VINS,150,153,148,151,410200
11/21/2025,VISI,212,218,212,218,8676100
11/21/2025,VIVA,29,29,28,28,2237000
11/21/2025,VKTR,470,478,438,478,63361900
11/21/2025,VOKS,274,282,272,278,1111900
11/21/2025,VRNA,89,90,87,90,470500
11/21/2025,VTNY,95,96,94,95,9518800
11/21/2025,WAPO,188,194,186,187,7623900
11/21/2025,WEGE,68,70,67,68,15856500
11/21/2025,WEHA,107,107,106,107,317000
11/21/2025,WGSH,254,256,230,242,2109000
11/21/2025,WICO,0,0,0,0,0
11/21/2025,WIDI,40,41,39,40,13115400
11/21/2025,WIFI,3680,3740,3570,3610,122601000
11/21/2025,WIIM,1360,1455,1345,1445,11993500
11/21/2025,WIKA,0,0,0,0,0
11/21/2025,WINE,199,202,199,200,2749900
11/21/2025,WINR,35,36,35,36,4433800
11/21/2025,WINS,458,458,444,448,2981400
11/21/2025,WIRG,108,108,105,105,73590200
11/21/2025,WMPP,0,0,0,0,0
11/21/2025,WMUU,40,41,40,41,147540900
11/21/2025,WOMF,334,334,332,334,40200
11/21/2025,WOOD,392,398,386,386,4328400
11/21/2025,WOWS,79,81,77,80,27253500
11/21/2025,WSBP,20,20,20,20,22045400
11/21/2025,WSKT,0,0,0,0,0
11/21/2025,WTON,100,101,99,100,4377500
11/21/2025,XAQA,0,0,0,0,0
11/21/2025,XBES,0,0,0,0,0
11/21/2025,XBID,538,538,538,538,40000
11/21/2025,XBIG,0,0,0,0,0
11/21/2025,XBIN,615,615,610,610,45300
11/21/2025,XBLQ,635,635,432,501,31300
11/21/2025,XBNI,0,0,0,0,0
11/21/2025,XBSK,464,464,464,464,40000
11/21/2025,XCEG,0,0,0,0,0
11/21/2025,XCID,57,57,56,57,33700
11/21/2025,XCIS,80,85,70,82,51000
11/21/2025,XCLQ,90,94,90,94,1600
11/21/2025,XDIF,490,490,474,478,3600
11/21/2025,XIFE,114,114,112,112,10100
11/21/2025,XIHD,0,0,0,0,0
11/21/2025,XIIC,0,0,0,0,0
11/21/2025,XIID,518,518,518,518,100
11/21/2025,XIIF,0,0,0,0,0
11/21/2025,XIIT,542,547,542,545,15500
11/21/2025,XIJI,674,675,665,665,4300
11/21/2025,XILV,127,149,121,127,23000
11/21/2025,XIML,260,260,260,260,1500
11/21/2025,XIPB,208,240,200,200,64400
11/21/2025,XIPI,231,231,221,221,6600
11/21/2025,XISB,0,0,0,0,0
11/21/2025,XISC,945,945,790,800,5100
11/21/2025,XISI,0,0,0,0,0
11/21/2025,XISR,0,0,0,0,0
11/21/2025,XKID,995,995,995,995,100
11/21/2025,XKIV,606,606,606,606,40000
11/21/2025,XKMS,1180,1180,1175,1175,205600
11/21/2025,XMGB,1139,1139,1139,1139,1500
11/21/2025,XMIG,224,224,224,224,200000
11/21/2025,XMLF,922,922,922,922,40000
11/21/2025,XMSK,402,402,402,402,100
11/21/2025,XNVE,0,0,0,0,0
11/21/2025,XPDV,670,735,639,639,1100
11/21/2025,XPFT,0,0,0,0,0
11/21/2025,XPIN,680,680,673,675,1400
11/21/2025,XPLQ,0,0,0,0,0
11/21/2025,XPSG,0,0,0,0,0
11/21/2025,XPTD,501,501,501,501,1000
11/21/2025,XSBC,0,0,0,0,0
11/21/2025,XSPI,0,0,0,0,0
11/21/2025,XSSI,88,88,87,87,6100
11/21/2025,XSSK,723,723,718,718,20200
11/21/2025,YELO,82,82,78,82,20460200
11/21/2025,YOII,99,100,98,99,2492000
11/21/2025,YPAS,452,452,452,452,4400
11/21/2025,YULE,2800,3100,2600,2700,87300
11/21/2025,YUPI,1600,1620,1595,1600,68500
11/21/2025,ZATA,66,66,64,65,25389300
11/21/2025,ZBRA,0,0,0,0,0
11/21/2025,ZINC,32,32,32,32,2439600
11/21/2025,ZONE,555,555,530,555,24000
11/21/2025,ZYRX,180,181,174,178,2029300
