<date>,<ticker>,<open>,<high>,<low>,<close>,<volume>
8/25/2025,IHSG,7921.021,7951.978,7858.851,7926.907,5258822549
8/25/2025,IDX30,0.000,0.000,0.000,0.000,0
8/25/2025,IDX80,0.000,0.000,0.000,0.000,0
8/25/2025,AADI,6850,6875,6800,6825,11577700
8/25/2025,AALI,7475,7575,7475,7475,1623300
8/25/2025,ABBA,39,42,39,42,3591300
8/25/2025,ABDA,3400,3400,3400,3400,100
8/25/2025,ABMM,2990,3000,2960,2980,957100
8/25/2025,ACES,456,464,456,460,54222400
8/25/2025,ACESBQCV5A,2,3,2,3,95700
8/25/2025,ACESBQCX5B,0,0,0,0,0
8/25/2025,ACESBQCZ5A,30,31,30,31,3500
8/25/2025,ACESDRCJ6A,17,17,16,16,2600
8/25/2025,ACESHDCZ5A,44,44,44,44,33000
8/25/2025,ACESZPCJ6A,0,0,0,0,0
8/25/2025,ACRO,95,97,91,94,37898900
8/25/2025,ACRO-W,10,10,9,10,11305900
8/25/2025,ACST,159,171,146,162,124973300
8/25/2025,ADCP,50,51,50,50,12900400
8/25/2025,ADES,14100,14400,13600,13775,126200
8/25/2025,ADHI,292,300,286,292,62521700
8/25/2025,ADMF,9125,9150,9050,9075,90000
8/25/2025,ADMG,163,163,152,157,10704000
8/25/2025,ADMR,1025,1025,1005,1010,24354100
8/25/2025,ADMRDRCJ6A,34,34,33,33,519900
8/25/2025,ADMRZPCH6A,54,54,53,53,153000
8/25/2025,ADRO,1780,1795,1740,1740,126177800
8/25/2025,ADROBQCU5A,8,8,6,6,85600
8/25/2025,ADROBQCZ5A,22,22,21,21,4841100
8/25/2025,ADRODRCJ6A,65,65,62,62,11100
8/25/2025,ADRODRCX5A,40,40,38,38,208900
8/25/2025,ADROHDCZ5A,62,62,61,61,37000
8/25/2025,ADROYUCZ5A,79,79,78,78,14800
8/25/2025,ADROZPCF6A,32,32,31,31,253200
8/25/2025,AEGS,55,56,51,52,5327800
8/25/2025,AGAR,274,310,246,258,2128800
8/25/2025,AGII,895,900,880,890,727200
8/25/2025,AGRO,250,258,244,252,80385700
8/25/2025,AGRS,76,86,74,83,107948800
8/25/2025,AHAP,87,92,82,85,141717700
8/25/2025,AIMS,352,352,350,350,1553800
8/25/2025,AISA,128,129,126,128,4283500
8/25/2025,AKKU,0,0,0,0,0
8/25/2025,AKPI,550,570,545,565,32100
8/25/2025,AKRA,1250,1260,1235,1250,19749600
8/25/2025,AKRABQCX5B,0,0,0,0,0
8/25/2025,AKRADRCX5A,38,39,38,39,300
8/25/2025,AKRAHDCH6A,0,0,0,0,0
8/25/2025,AKRAZPCJ6A,0,0,0,0,0
8/25/2025,AKRAZPCX5A,68,69,68,69,200
8/25/2025,AKSI,256,258,252,254,140400
8/25/2025,ALDO,510,515,496,505,45500
8/25/2025,ALII,570,570,560,565,3541300
8/25/2025,ALKA,314,320,312,318,231900
8/25/2025,ALMI,0,0,0,0,0
8/25/2025,ALTO,0,0,0,0,0
8/25/2025,AMAG,370,374,366,370,31700
8/25/2025,AMAN,124,124,118,120,4001700
8/25/2025,AMAR,212,224,208,220,5130200
8/25/2025,AMFG,3050,3090,3050,3060,135400
8/25/2025,AMIN,210,214,197,204,746100
8/25/2025,AMMN,8600,8625,8450,8500,62792700
8/25/2025,AMMNBQCZ5A,52,53,52,53,200000
8/25/2025,AMMNDRCJ6A,0,0,0,0,0
8/25/2025,AMMNHDCH6A,0,0,0,0,0
8/25/2025,AMMNZPCG6A,0,0,0,0,0
8/25/2025,AMMS,152,160,145,148,7514000
8/25/2025,AMOR,494,500,492,498,141000
8/25/2025,AMRT,2340,2340,2270,2280,21226100
8/25/2025,AMRTBQCU5A,8,9,7,8,2605500
8/25/2025,AMRTDRCZ5A,43,44,43,44,61200
8/25/2025,AMRTHDCJ6A,37,37,37,37,700
8/25/2025,AMRTHDCQ5A,1,2,1,2,92900
8/25/2025,AMRTZPCX5A,55,57,55,55,204800
8/25/2025,ANDI,28,29,28,29,307327000
8/25/2025,ANJT,1780,1790,1780,1780,6353500
8/25/2025,ANTM,2850,2900,2840,2870,72067200
8/25/2025,ANTMBQCU5A,0,0,0,0,0
8/25/2025,ANTMBQCX5A,57,57,56,56,1600
8/25/2025,ANTMBQCZ5A,0,0,0,0,0
8/25/2025,ANTMDRCG6A,43,43,42,42,74300
8/25/2025,ANTMDRCX5A,268,272,266,268,14500
8/25/2025,ANTMDRPU5A,0,0,0,0,0
8/25/2025,ANTMDRPU5B,14,14,14,14,68300
8/25/2025,ANTMHDCH6A,0,0,0,0,0
8/25/2025,ANTMHDCH6B,114,114,114,114,1000000
8/25/2025,ANTMHDCU5A,66,66,64,64,4200
8/25/2025,ANTMZPCJ6A,62,65,62,65,300
8/25/2025,ANTMZPCX5A,168,168,167,167,400
8/25/2025,APEX,126,129,124,124,70101400
8/25/2025,APIC,1175,1215,1160,1205,6851900
8/25/2025,APII,178,178,173,177,22000
8/25/2025,APLI,482,484,482,484,400
8/25/2025,APLN,109,115,108,111,69047300
8/25/2025,ARCI,670,700,655,690,28022400
8/25/2025,AREA,600,620,555,600,4158900
8/25/2025,ARGO,1495,1540,1420,1420,104300
8/25/2025,ARII,270,270,258,270,490600
8/25/2025,ARKA,35,36,35,36,24027800
8/25/2025,ARKO,1430,1440,1365,1395,1248600
8/25/2025,ARMY,0,0,0,0,0
8/25/2025,ARNA,575,580,570,575,1720400
8/25/2025,ARTA,3460,3460,3340,3390,4100
8/25/2025,ARTI,0,0,0,0,0
8/25/2025,ARTO,2230,2340,2220,2290,20864900
8/25/2025,ARTOBQCU5A,6,9,6,6,16111900
8/25/2025,ARTOBQCX5B,136,146,136,146,1800000
8/25/2025,ARTOBQCZ5A,34,35,33,34,500200
8/25/2025,ARTODRCK6A,88,100,86,100,550800
8/25/2025,ARTODRCX5A,63,68,60,63,880200
8/25/2025,ARTOHDCZ5A,140,140,140,140,400000
8/25/2025,ARTOZPCX5A,63,65,63,65,1486900
8/25/2025,ASBI,450,450,438,438,11300
8/25/2025,ASDM,550,565,550,555,40100
8/25/2025,ASGR,1290,1315,1260,1260,4309700
8/25/2025,ASHA,27,27,27,27,24506200
8/25/2025,ASII,5750,5775,5675,5750,60737900
8/25/2025,ASIIBQCU5A,0,0,0,0,0
8/25/2025,ASIIBQCZ5A,0,0,0,0,0
8/25/2025,ASIIDRCX5A,0,0,0,0,0
8/25/2025,ASIIDRCX6A,0,0,0,0,0
8/25/2025,ASIIHDCZ5A,0,0,0,0,0
8/25/2025,ASIIZPCJ6A,138,138,130,130,90200
8/25/2025,ASJT,107,110,107,110,126600
8/25/2025,ASLC,118,124,107,114,412956100
8/25/2025,ASLI,0,0,0,0,0
8/25/2025,ASMI,25,25,22,23,18174900
8/25/2025,ASPI,416,454,410,452,4780900
8/25/2025,ASPR,98,100,97,100,18752400
8/25/2025,ASRI,185,191,181,184,192676900
8/25/2025,ASRM,284,284,280,282,19700
8/25/2025,ASSA,970,1010,900,920,44662600
8/25/2025,ATAP,34,36,34,35,1247300
8/25/2025,ATIC,400,406,396,400,398100
8/25/2025,ATLA,50,50,50,50,18202000
8/25/2025,AUTO,2480,2500,2430,2480,9093100
8/25/2025,AUTOZPCJ6A,38,38,38,38,400
8/25/2025,AVIA,430,430,424,424,20913600
8/25/2025,AVIAZPCJ6A,20,20,19,20,2521000
8/25/2025,AWAN,254,264,254,260,20172800
8/25/2025,AXIO,128,139,126,129,15326400
8/25/2025,AYAM,171,172,166,169,135127400
8/25/2025,AYLS,110,111,108,109,3537200
8/25/2025,BABP,55,67,53,67,315156900
8/25/2025,BABY,354,372,348,352,8237700
8/25/2025,BACA,133,174,133,160,29554100
8/25/2025,BAIK,114,114,108,109,9616000
8/25/2025,BAIK-W,9,10,8,10,10091800
8/25/2025,BAJA,132,132,128,131,3462400
8/25/2025,BALI,1340,1455,1340,1455,14600
8/25/2025,BANK,840,860,835,850,6016500
8/25/2025,BANK-W,0,0,0,0,0
8/25/2025,BAPA,59,61,58,60,5366900
8/25/2025,BAPI,16,16,16,16,3163200
8/25/2025,BATA,50,50,50,50,74200
8/25/2025,BATR,108,111,104,107,7508400
8/25/2025,BAUT,38,40,37,37,17834500
8/25/2025,BAYU,1365,1395,1345,1350,323100
8/25/2025,BBCA,8525,8550,8475,8475,64052700
8/25/2025,BBCABQCV5A,15,16,14,14,13606800
8/25/2025,BBCABQCX5A,0,0,0,0,0
8/25/2025,BBCADRCF6A,59,59,59,59,400
8/25/2025,BBCADRCX6A,0,0,0,0,0
8/25/2025,BBCAHDCQ7A,82,83,81,81,7300
8/25/2025,BBCAHDCU5A,0,0,0,0,0
8/25/2025,BBCAHDCV5A,0,0,0,0,0
8/25/2025,BBCAZPCF6A,0,0,0,0,0
8/25/2025,BBCAZPCH6A,0,0,0,0,0
8/25/2025,BBHI,1555,1585,1555,1575,2984200
8/25/2025,BBKP,65,85,64,85,2543322300
8/25/2025,BBLD,965,975,925,965,211000
8/25/2025,BBMD,2100,2110,2080,2110,600
8/25/2025,BBNI,4460,4520,4440,4450,53434200
8/25/2025,BBNIBQCU5A,0,0,0,0,0
8/25/2025,BBNIBQCV5A,0,0,0,0,0
8/25/2025,BBNIDRCX6A,0,0,0,0,0
8/25/2025,BBNIDRCZ5A,69,69,69,69,18100
8/25/2025,BBNIDRPU5A,10,10,10,10,131500
8/25/2025,BBNIHDCQ7A,0,0,0,0,0
8/25/2025,BBNIHDCU5A,103,103,103,103,4000
8/25/2025,BBNIHDPU5A,0,0,0,0,0
8/25/2025,BBNIYUCV5A,72,72,70,70,200
8/25/2025,BBNIZPCH6A,106,106,106,106,900
8/25/2025,BBNIZPCX5A,0,0,0,0,0
8/25/2025,BBRI,4180,4270,4170,4210,195322200
8/25/2025,BBRIBQCQ5A,1,2,1,1,213700
8/25/2025,BBRIBQCU5A,32,37,32,35,16075600
8/25/2025,BBRIBQCZ5A,0,0,0,0,0
8/25/2025,BBRIDRCX5A,197,197,192,192,15100
8/25/2025,BBRIDRCX6A,2540,2540,2540,2540,5900
8/25/2025,BBRIHDCH6A,0,0,0,0,0
8/25/2025,BBRIHDCQ7A,112,112,112,112,300
8/25/2025,BBRIYUCV5A,158,158,157,157,300
8/25/2025,BBRIZPCH6A,116,116,116,116,300
8/25/2025,BBRIZPCX5A,0,0,0,0,0
8/25/2025,BBRM,84,112,84,101,199527800
8/25/2025,BBSI,4020,4050,4020,4050,10900
8/25/2025,BBSS,250,250,240,250,219400
8/25/2025,BBTN,1315,1320,1295,1300,21053300
8/25/2025,BBTNHDCZ5A,0,0,0,0,0
8/25/2025,BBTNYUCZ5A,78,78,78,78,100
8/25/2025,BBTNZPCG6A,58,58,56,56,2300
8/25/2025,BBYB,350,382,346,374,348011700
8/25/2025,BCAP,66,73,65,72,298619300
8/25/2025,BCIC,0,0,0,0,0
8/25/2025,BCIP,97,100,96,98,39342300
8/25/2025,BDKR,150,152,148,151,14900400
8/25/2025,BDMN,2560,2580,2550,2560,808900
8/25/2025,BEBS,0,0,0,0,0
8/25/2025,BEEF,318,326,312,324,38150700
8/25/2025,BEER,118,120,115,119,7096800
8/25/2025,BEKS,26,27,26,27,32599700
8/25/2025,BELI,372,378,370,374,651700
8/25/2025,BELL,55,57,54,55,20161200
8/25/2025,BESS,1015,1025,965,1010,26100
8/25/2025,BEST,108,114,108,112,60437800
8/25/2025,BFIN,865,880,850,855,11821500
8/25/2025,BFINDRCK6A,36,37,36,37,160500
8/25/2025,BGTG,107,123,106,118,374350800
8/25/2025,BHAT,870,890,865,890,3040100
8/25/2025,BHIT,29,30,29,30,28170300
8/25/2025,BIKA,0,0,0,0,0
8/25/2025,BIKE,850,885,850,860,7205900
8/25/2025,BIMA,60,62,60,62,82700
8/25/2025,BINA,4380,4420,4380,4410,2300
8/25/2025,BINO,129,129,123,126,1920800
8/25/2025,BIPI,87,88,86,87,104743400
8/25/2025,BIPP,44,45,44,45,1627900
8/25/2025,BIRD,1890,1905,1870,1885,1142700
8/25/2025,BISI,900,905,890,900,72700
8/25/2025,BJBR,805,805,795,800,3997400
8/25/2025,BJTM,520,535,520,530,19836100
8/25/2025,BKDP,38,40,38,40,308300
8/25/2025,BKSL,148,151,147,147,298126900
8/25/2025,BKSW,68,81,67,77,130087800
8/25/2025,BLES,164,168,161,168,8908900
8/25/2025,BLOG,515,640,515,615,136819900
8/25/2025,BLTA,25,25,25,25,6597700
8/25/2025,BLTZ,1800,1800,1800,1800,400
8/25/2025,BLUE,320,320,312,318,127800
8/25/2025,BMAS,585,585,585,585,127400
8/25/2025,BMBL,29,30,28,29,12118900
8/25/2025,BMHS,192,192,187,189,4411600
8/25/2025,BMRI,4950,4980,4920,4950,149580800
8/25/2025,BMRIBQCU5A,3,3,3,3,3030000
8/25/2025,BMRIBQCZ5A,70,70,70,70,50000
8/25/2025,BMRIDRCX5A,0,0,0,0,0
8/25/2025,BMRIDRCX6A,2580,2580,2570,2570,11600
8/25/2025,BMRIHDCQ7A,111,111,110,110,2600
8/25/2025,BMRIHDCU5A,106,106,103,103,160000
8/25/2025,BMRIHDPU5A,0,0,0,0,0
8/25/2025,BMRIZPCH6A,75,75,74,74,600
8/25/2025,BMRIZPCX5A,46,47,45,45,312300
8/25/2025,BMSR,252,262,252,260,144000
8/25/2025,BMTR,142,148,142,147,71912700
8/25/2025,BNBA,810,810,780,805,1139600
8/25/2025,BNBR,39,39,39,39,23944700
8/25/2025,BNGA,1730,1740,1730,1730,2433700
8/25/2025,BNGADRCK6A,70,70,70,70,13800
8/25/2025,BNGAZPCH6A,0,0,0,0,0
8/25/2025,BNII,212,220,212,220,6844000
8/25/2025,BNLI,3020,3080,3000,3060,135800
8/25/2025,BOAT,109,111,107,110,6343700
8/25/2025,BOBA,194,196,189,190,269400
8/25/2025,BOGA,575,585,570,585,515000
8/25/2025,BOLA,198,210,193,204,2548700
8/25/2025,BOLT,1070,1070,1060,1070,11600
8/25/2025,BOSS,0,0,0,0,0
8/25/2025,BPFI,350,350,336,344,9100
8/25/2025,BPII,585,590,580,580,174900
8/25/2025,BPTR,100,100,97,100,1328700
8/25/2025,BRAM,5175,5300,5075,5100,3600
8/25/2025,BREN,8575,9050,8525,8925,27637600
8/25/2025,BRIS,2760,2790,2750,2750,7609900
8/25/2025,BRISBQCZ5A,0,0,0,0,0
8/25/2025,BRISDRCJ6A,54,54,52,52,55400
8/25/2025,BRISHDCH6A,0,0,0,0,0
8/25/2025,BRISHDCZ5A,0,0,0,0,0
8/25/2025,BRISYUCV5A,79,79,79,79,700
8/25/2025,BRISZPCG6A,0,0,0,0,0
8/25/2025,BRMS,484,490,476,486,441043100
8/25/2025,BRMSBQCZ5A,62,62,62,62,1000
8/25/2025,BRMSDRCJ6A,49,49,48,49,4069500
8/25/2025,BRMSDRPX5A,0,0,0,0,0
8/25/2025,BRMSHDCH6A,0,0,0,0,0
8/25/2025,BRMSHDCZ5A,0,0,0,0,0
8/25/2025,BRMSYUCV5A,36,36,36,36,200
8/25/2025,BRMSZPCG6A,77,78,77,78,64000
8/25/2025,BRNA,750,770,750,755,17400
8/25/2025,BRPT,2270,2300,2250,2270,46320700
8/25/2025,BRPTBQCQ5A,0,0,0,0,0
8/25/2025,BRPTBQCV5A,344,344,344,344,30000
8/25/2025,BRPTBQCX5B,78,80,76,76,1842300
8/25/2025,BRPTBQCZ5A,0,0,0,0,0
8/25/2025,BRPTDRCF6A,191,194,189,189,79600
8/25/2025,BRPTDRCJ6A,102,103,100,100,85200
8/25/2025,BRPTDRCX5A,226,226,222,222,54300
8/25/2025,BRPTDRPV5A,10,10,10,10,9000
8/25/2025,BRPTHDCH6A,0,0,0,0,0
8/25/2025,BRPTHDCH6B,0,0,0,0,0
8/25/2025,BRPTHDPG6A,0,0,0,0,0
8/25/2025,BRPTYUCZ5A,0,0,0,0,0
8/25/2025,BRPTZPCF6A,0,0,0,0,0
8/25/2025,BRPTZPCX5A,0,0,0,0,0
8/25/2025,BRRC,82,83,81,81,13515200
8/25/2025,BRRC-W,10,11,10,11,2681800
8/25/2025,BSBK,52,54,51,53,49730400
8/25/2025,BSDE,980,985,960,960,19560500
8/25/2025,BSDEDRCJ6A,0,0,0,0,0
8/25/2025,BSDEZPCH6A,50,50,50,50,100
8/25/2025,BSIM,920,1005,910,940,270700
8/25/2025,BSML,103,104,101,103,38256500
8/25/2025,BSSR,3910,3930,3890,3900,534600
8/25/2025,BSWD,1425,1425,1425,1425,200
8/25/2025,BTEK,10,10,10,10,21294100
8/25/2025,BTEL,0,0,0,0,0
8/25/2025,BTON,388,392,388,390,33800
8/25/2025,BTPN,2180,2190,2150,2180,79800
8/25/2025,BTPS,1450,1455,1425,1435,8675400
8/25/2025,BTPSDRCK6A,51,53,51,53,54200
8/25/2025,BTPSZPCH6A,42,43,42,42,648900
8/25/2025,BUAH,1330,1395,1300,1320,634100
8/25/2025,BUDI,222,226,220,222,190400
8/25/2025,BUKA,181,189,180,183,621638600
8/25/2025,BUKABQCZ5B,23,26,23,25,14165200
8/25/2025,BUKADRCK6A,22,24,22,23,210000
8/25/2025,BUKAHDCZ5A,160,160,155,155,35100
8/25/2025,BUKK,815,825,815,825,56600
8/25/2025,BULL,153,154,150,154,110821700
8/25/2025,BUMI,112,113,110,112,576623400
8/25/2025,BUVA,358,394,356,358,317098300
8/25/2025,BVIC,106,139,104,135,227943100
8/25/2025,BVIC-W,50,58,48,54,2372300
8/25/2025,BWPT,0,0,0,0,0
8/25/2025,BYAN,18400,18400,18200,18325,14100
8/25/2025,CAKK,136,136,133,136,54600
8/25/2025,CAMP,212,214,210,210,3382600
8/25/2025,CANI,42,42,40,40,964100
8/25/2025,CARE,300,300,288,292,18007200
8/25/2025,CARS,126,135,121,123,376214500
8/25/2025,CASA,1100,1135,1100,1120,4559200
8/25/2025,CASH,90,99,90,99,2970100
8/25/2025,CASS,2600,3000,2430,2640,115200
8/25/2025,CBDK,6050,7150,6025,6850,66198800
8/25/2025,CBMF,0,0,0,0,0
8/25/2025,CBPE,208,214,185,199,646000
8/25/2025,CBRE,134,134,134,134,12032300
8/25/2025,CBUT,1495,1520,1380,1520,351900
8/25/2025,CCSI,342,342,324,328,1059700
8/25/2025,CDIA,1500,1575,1480,1530,254115600
8/25/2025,CEKA,2770,2860,2760,2790,61400
8/25/2025,CENT,131,133,126,126,38450700
8/25/2025,CFIN,330,340,328,334,3801300
8/25/2025,CGAS,123,132,123,127,35477100
8/25/2025,CHEK,204,210,202,202,42315600
8/25/2025,CHEM,104,105,99,102,31076400
8/25/2025,CHIP,1460,1490,1405,1455,134600
8/25/2025,CINT,162,162,160,160,219900
8/25/2025,CITA,4140,4280,4070,4090,329600
8/25/2025,CITY,105,110,104,108,6713600
8/25/2025,CLAY,1380,1440,1345,1380,331600
8/25/2025,CLEO,590,620,590,615,15607400
8/25/2025,CLPI,1260,1270,1150,1150,806900
8/25/2025,CMNP,1380,1380,1350,1370,257800
8/25/2025,CMNP-W,420,494,380,410,1100
8/25/2025,CMNT,815,820,805,820,39210600
8/25/2025,CMPP,89,92,89,92,253200
8/25/2025,CMRY,4970,5000,4830,4830,1581100
8/25/2025,CMRYDRCK6A,89,89,84,84,22800
8/25/2025,CMRYZPCJ6A,0,0,0,0,0
8/25/2025,CNKO,92,99,92,99,145460000
8/25/2025,CNMA,141,141,137,140,46179700
8/25/2025,CNTB,0,0,0,0,0
8/25/2025,CNTX,0,0,0,0,0
8/25/2025,COAL,42,42,42,42,1907900
8/25/2025,COCO,510,510,510,510,3674400
8/25/2025,COIN,2000,2380,1900,2380,348106200
8/25/2025,COWL,0,0,0,0,0
8/25/2025,CPIN,4520,4530,4450,4480,11466100
8/25/2025,CPINDRCG6A,67,67,64,64,115300
8/25/2025,CPINZPCJ6A,40,40,40,40,888500
8/25/2025,CPRI,0,0,0,0,0
8/25/2025,CPRO,51,56,51,54,517518600
8/25/2025,CRAB,242,244,240,242,3239900
8/25/2025,CRSN,116,117,112,115,1453900
8/25/2025,CSAP,300,306,298,300,293800
8/25/2025,CSIS,122,123,118,120,6293100
8/25/2025,CSMI,0,0,0,0,0
8/25/2025,CSRA,795,800,770,785,3595600
8/25/2025,CTBN,5825,5825,5825,5825,6400
8/25/2025,CTRA,1020,1075,1020,1065,46040700
8/25/2025,CTRADRCJ6A,31,34,31,34,816600
8/25/2025,CTRAYUCZ5A,81,82,79,79,2700
8/25/2025,CTRAZPCG6A,0,0,0,0,0
8/25/2025,CTTH,36,36,36,36,1086300
8/25/2025,CUAN,1640,1650,1615,1630,170274500
8/25/2025,CYBR,985,1010,965,995,19550700
8/25/2025,CYBR-W,500,575,500,570,33600
8/25/2025,DAAZ,3360,3360,3270,3330,431400
8/25/2025,DADA,22,22,22,22,4292300
8/25/2025,DART,167,174,166,171,310500
8/25/2025,DATA,3290,3820,3190,3790,35824800
8/25/2025,DAYA,1055,1055,985,1025,24100
8/25/2025,DCII,340000,340000,320200,320200,4600
8/25/2025,DEAL,0,0,0,0,0
8/25/2025,DEFI,650,650,650,650,31000
8/25/2025,DEPO,200,200,198,200,1264000
8/25/2025,DEWA,222,230,222,226,239543500
8/25/2025,DEWI,113,113,110,112,62218700
8/25/2025,DFAM,63,70,62,64,27726600
8/25/2025,DGIK,102,102,100,101,6339500
8/25/2025,DGNS,149,149,142,144,1713400
8/25/2025,DGWG,436,450,432,434,18377300
8/25/2025,DIGI,27,27,27,27,2773000
8/25/2025,DILD,143,148,142,145,25990400
8/25/2025,DIVA,119,121,116,118,8851800
8/25/2025,DKFT,705,755,705,730,57014300
8/25/2025,DKHH,123,123,117,118,52773400
8/25/2025,DKHH-W,18,19,17,18,17852600
8/25/2025,DLTA,1985,1985,1980,1985,97700
8/25/2025,DMAS,140,141,139,140,40361200
8/25/2025,DMMX,324,340,314,340,3400000
8/25/2025,DMND,585,595,580,585,82300
8/25/2025,DNAR,124,131,122,128,19780600
8/25/2025,DNET,9475,10575,9475,9775,77900
8/25/2025,DOID,348,354,344,350,7367700
8/25/2025,DOOH,162,174,160,165,246504800
8/25/2025,DOSS,139,143,139,140,1902700
8/25/2025,DPNS,244,280,240,258,148500
8/25/2025,DPUM,68,68,61,64,15827100
8/25/2025,DRMA,1050,1055,1015,1035,2111700
8/25/2025,DSFI,86,87,84,86,16168100
8/25/2025,DSNG,1675,1720,1655,1680,49490600
8/25/2025,DSNGDRCK6A,86,95,86,94,93700
8/25/2025,DSSA,79850,80300,78000,79875,7661100
8/25/2025,DUCK,0,0,0,0,0
8/25/2025,DUTI,3840,3840,3480,3480,23000
8/25/2025,DVLA,1650,1680,1650,1680,12300
8/25/2025,DWGL,226,234,222,230,563500
8/25/2025,DYAN,90,94,89,91,9059900
8/25/2025,EAST,97,98,95,95,4746400
8/25/2025,ECII,187,220,187,199,9768300
8/25/2025,EDGE,4420,4440,4340,4350,52800
8/25/2025,EKAD,192,192,188,191,183000
8/25/2025,ELIT,226,230,214,218,59708600
8/25/2025,ELPI,322,322,318,320,475400
8/25/2025,ELSA,515,520,510,515,25272200
8/25/2025,ELSADRCJ6A,40,40,40,40,33900
8/25/2025,ELSAZPCG6A,37,39,37,38,5106900
8/25/2025,ELTY,18,18,18,18,58083100
8/25/2025,EMDE,102,106,99,100,11307800
8/25/2025,EMTK,1180,1435,1180,1380,377309600
8/25/2025,EMTKBQCZ5A,408,424,408,422,4800
8/25/2025,EMTKDRCK6A,53,80,53,76,292200
8/25/2025,EMTKHDCZ5A,294,310,294,310,285000
8/25/2025,EMTKYUCV5A,181,210,180,197,30300
8/25/2025,EMTKZPCH6A,162,191,162,182,25196500
8/25/2025,ENAK,710,710,695,710,822200
8/25/2025,ENRG,565,590,560,585,87630200
8/25/2025,ENRGBQCZ5A,26,29,26,28,7458200
8/25/2025,ENRGDRCJ6A,76,80,75,79,207100
8/25/2025,ENRGHDCZ5A,212,220,212,220,7800
8/25/2025,ENRGZPCG6A,169,181,169,181,992200
8/25/2025,ENVY,0,0,0,0,0
8/25/2025,ENZO,38,38,36,36,77800
8/25/2025,EPAC,25,25,25,25,8374100
8/25/2025,EPMT,2350,2400,2340,2360,65700
8/25/2025,ERAA,456,460,452,454,32089300
8/25/2025,ERAABQCZ5A,0,0,0,0,0
8/25/2025,ERAADRCJ6A,12,12,12,12,101100
8/25/2025,ERAAHDCZ5A,38,39,38,39,200
8/25/2025,ERAAZPCH6A,0,0,0,0,0
8/25/2025,ERAL,336,346,334,340,13698300
8/25/2025,ERTX,115,129,112,119,11637800
8/25/2025,ESIP,46,46,46,46,1261700
8/25/2025,ESSA,585,590,575,575,33015600
8/25/2025,ESSABQCZ5A,0,0,0,0,0
8/25/2025,ESSAHDCH6A,0,0,0,0,0
8/25/2025,ESSAYUCZ5A,38,38,38,38,100
8/25/2025,ESTA,65,65,64,65,1486400
8/25/2025,ESTI,50,50,50,50,2555700
8/25/2025,ETWA,0,0,0,0,0
8/25/2025,EURO,246,248,240,242,150900
8/25/2025,EXCL,2930,2980,2900,2930,25527700
8/25/2025,EXCLHDCJ6A,62,62,62,62,46500
8/25/2025,EXCLHDCQ5A,158,158,158,158,100
8/25/2025,EXCLZPCF6A,0,0,0,0,0
8/25/2025,FAPA,5750,5800,5750,5800,13400
8/25/2025,FAST,320,328,316,326,1966100
8/25/2025,FASW,0,0,0,0,0
8/25/2025,FILM,3760,3810,3730,3750,22874500
8/25/2025,FIMP,0,0,0,0,0
8/25/2025,FIRE,86,91,82,84,44538900
8/25/2025,FISH,0,0,0,0,0
8/25/2025,FITT,410,450,344,382,8081400
8/25/2025,FLMC,135,135,135,135,1504300
8/25/2025,FMII,378,380,366,368,148000
8/25/2025,FOLK,82,83,80,82,786400
8/25/2025,FOOD,103,103,102,102,241000
8/25/2025,FORE,570,570,560,560,5809200
8/25/2025,FORU,1190,1245,1150,1200,849500
8/25/2025,FPNI,192,192,188,192,631100
8/25/2025,FUJI,452,492,452,480,651500
8/25/2025,FUTR,0,0,0,0,0
8/25/2025,FWCT,159,160,156,158,1638500
8/25/2025,GAMA,0,0,0,0,0
8/25/2025,GDST,112,113,110,112,1948200
8/25/2025,GDYR,1190,1190,1150,1150,4300
8/25/2025,GEMA,129,131,124,125,41039900
8/25/2025,GEMS,9400,9425,9300,9350,131000
8/25/2025,GGRM,8900,9225,8775,8875,1972900
8/25/2025,GGRMZPCG6A,41,44,41,43,14400
8/25/2025,GGRP,240,240,238,238,383700
8/25/2025,GHON,1630,1640,1615,1640,14500
8/25/2025,GIAA,70,70,70,70,36778300
8/25/2025,GJTL,1035,1045,1030,1035,3608700
8/25/2025,GJTLZPCJ6A,0,0,0,0,0
8/25/2025,GLOB,50,50,50,50,18400
8/25/2025,GLVA,336,336,330,332,22800
8/25/2025,GMFI,62,62,62,62,1174900
8/25/2025,GMTD,2270,2270,2200,2270,900
8/25/2025,GOLD,258,268,258,260,62600
8/25/2025,GOLF,212,214,210,212,1701700
8/25/2025,GOLL,0,0,0,0,0
8/25/2025,GOOD,380,386,376,378,304500
8/25/2025,GOTO,61,62,60,60,1569532300
8/25/2025,GOTOBQCZ5A,3,3,2,2,170300
8/25/2025,GOTODRCG6A,10,10,10,10,200
8/25/2025,GOTOHDCQ5A,4,4,3,3,3100
8/25/2025,GOTOM,0,0,0,0,0
8/25/2025,GOTOZPCH6A,0,0,0,0,0
8/25/2025,GPRA,152,153,149,151,62863100
8/25/2025,GPSO,314,326,298,300,6432800
8/25/2025,GRIA,94,94,90,93,463700
8/25/2025,GRPH,78,78,74,76,14194000
8/25/2025,GRPM,52,57,51,57,65832700
8/25/2025,GRPM-W,14,16,13,15,24181900
8/25/2025,GSMF,85,96,83,84,36220600
8/25/2025,GTBO,187,236,186,222,17777000
8/25/2025,GTRA,141,142,139,141,706700
8/25/2025,GTSI,63,63,63,63,33977400
8/25/2025,GULA,302,302,290,300,3447400
8/25/2025,GUNA,250,250,240,248,844100
8/25/2025,GWSA,156,158,152,158,514700
8/25/2025,GZCO,140,141,135,137,62778300
8/25/2025,HADE,18,18,18,18,2117800
8/25/2025,HAIS,197,202,194,198,6822900
8/25/2025,HAJJ,118,125,115,118,14695300
8/25/2025,HAJJ-W,13,14,12,13,16242600
8/25/2025,HALO,84,85,83,84,5256900
8/25/2025,HALO-W,9,10,8,10,24031000
8/25/2025,HATM,266,268,262,266,27468500
8/25/2025,HBAT,0,0,0,0,0
8/25/2025,HDFA,117,120,116,119,39100
8/25/2025,HDIT,52,52,52,52,18834500
8/25/2025,HEAL,1675,1725,1660,1665,9731800
8/25/2025,HEALBQCZ5A,41,44,39,39,434100
8/25/2025,HEALDRCJ6A,0,0,0,0,0
8/25/2025,HEALHDCH6A,0,0,0,0,0
8/25/2025,HEALYUCZ5A,82,82,82,82,100
8/25/2025,HEALZPCH6A,0,0,0,0,0
8/25/2025,HELI,252,264,252,256,1013100
8/25/2025,HERO,402,402,394,402,117000
8/25/2025,HEXA,5550,5600,5525,5575,434200
8/25/2025,HGII,150,152,146,152,14543700
8/25/2025,HILL,206,208,204,206,115792900
8/25/2025,HITS,0,0,0,0,0
8/25/2025,HKMU,0,0,0,0,0
8/25/2025,HMSP,540,545,530,535,16720100
8/25/2025,HOKI,84,87,81,84,192990300
8/25/2025,HOME,0,0,0,0,0
8/25/2025,HOMI,210,232,191,198,1424000
8/25/2025,HOPE,0,0,0,0,0
8/25/2025,HOTL,0,0,0,0,0
8/25/2025,HRME,38,38,37,38,2426500
8/25/2025,HRTA,650,665,645,650,11677000
8/25/2025,HRUM,860,870,850,855,12135800
8/25/2025,HRUMZPCG6A,0,0,0,0,0
8/25/2025,HUMI,117,139,117,134,1800871100
8/25/2025,HUMI-W,22,32,22,26,373999500
8/25/2025,HYGN,166,168,163,165,4345800
8/25/2025,IATA,58,59,58,59,13030400
8/25/2025,IATA-W,26,26,26,26,1900
8/25/2025,IBFN,24,24,24,24,56500
8/25/2025,IBOS,45,45,40,41,40900200
8/25/2025,IBST,5450,5550,5450,5550,7700
8/25/2025,ICBP,9575,9625,9500,9500,5199200
8/25/2025,ICBPDRCX6A,4240,4240,4230,4230,2800
8/25/2025,ICBPHDCJ6A,62,62,60,60,309600
8/25/2025,ICBPZPCX5A,38,38,38,38,2100
8/25/2025,ICON,39,40,39,40,748500
8/25/2025,IDEA,92,101,92,101,7499800
8/25/2025,IDPR,248,248,240,246,865900
8/25/2025,IFII,224,230,224,226,357700
8/25/2025,IFSH,785,805,770,770,21500
8/25/2025,IGAR,540,545,535,535,9300
8/25/2025,IIKP,0,0,0,0,0
8/25/2025,IKAI,15,15,15,15,2639400
8/25/2025,IKAN,155,166,153,154,62498400
8/25/2025,IKBI,600,670,600,625,2070000
8/25/2025,IKPM,194,196,194,194,322100
8/25/2025,IMAS,1125,1150,1125,1130,1102600
8/25/2025,IMJS,266,266,254,258,13147600
8/25/2025,IMPC,0,0,0,0,0
8/25/2025,INAF,0,0,0,0,0
8/25/2025,INAI,156,162,155,160,727600
8/25/2025,INCF,42,42,42,42,5060500
8/25/2025,INCI,625,630,615,625,34100
8/25/2025,INCO,3710,3750,3670,3690,5112700
8/25/2025,INCOBQCQ5A,0,0,0,0,0
8/25/2025,INCOBQCV5A,36,36,34,34,200200
8/25/2025,INCODRCK6A,71,71,71,71,48500
8/25/2025,INCODRCX5A,88,88,88,88,900
8/25/2025,INCODRPV5A,0,0,0,0,0
8/25/2025,INCOHDCQ5A,54,54,49,49,210900
8/25/2025,INCOYUCZ5A,0,0,0,0,0
8/25/2025,INCOZPCX5A,0,0,0,0,0
8/25/2025,INDF,7850,7900,7700,7700,9881300
8/25/2025,INDFBQCV5A,0,0,0,0,0
8/25/2025,INDFDRCX6A,4210,4210,4210,4210,10000
8/25/2025,INDFHDCJ6A,38,38,38,38,600
8/25/2025,INDO,232,240,220,230,13757600
8/25/2025,INDR,2620,2650,2590,2650,83000
8/25/2025,INDS,248,252,230,236,485300
8/25/2025,INDX,98,102,96,99,12150500
8/25/2025,INDY,1345,1360,1290,1300,19898600
8/25/2025,INDYZPCG6A,0,0,0,0,0
8/25/2025,INET,254,266,254,258,208470400
8/25/2025,INET-W,153,166,152,159,27666600
8/25/2025,INKP,7800,7900,7775,7850,4791200
8/25/2025,INKPBQCX5A,70,71,70,71,200
8/25/2025,INKPDRCF6A,0,0,0,0,0
8/25/2025,INKPZPCF6A,115,118,115,118,105400
8/25/2025,INOV,88,92,88,91,977600
8/25/2025,INPC,192,208,182,200,207919700
8/25/2025,INPP,775,790,760,790,124100
8/25/2025,INPS,116,118,116,117,123200
8/25/2025,INRU,830,890,740,790,227800
8/25/2025,INTA,20,20,20,20,1373400
8/25/2025,INTD,195,204,191,193,1864500
8/25/2025,INTP,6625,6850,6575,6850,3657500
8/25/2025,INTPZPCG6A,68,70,68,70,900
8/25/2025,IOTF,110,112,107,107,115622700
8/25/2025,IPAC,140,147,135,137,74400
8/25/2025,IPCC,1100,1120,1100,1105,2259000
8/25/2025,IPCM,296,300,296,298,1087600
8/25/2025,IPOL,144,146,136,143,104200
8/25/2025,IPPE,0,0,0,0,0
8/25/2025,IPTV,36,36,36,36,13193200
8/25/2025,IRRA,430,450,428,446,2016300
8/25/2025,IRSX,0,0,0,0,0
8/25/2025,ISAP,19,19,19,19,12901100
8/25/2025,ISAP-W,8,10,7,10,267224000
8/25/2025,ISAT,2080,2120,2050,2060,14888700
8/25/2025,ISATBQCU5A,29,30,29,29,382400
8/25/2025,ISATDRCG6A,67,67,65,65,70400
8/25/2025,ISATDRCX5A,0,0,0,0,0
8/25/2025,ISATHDCJ6A,33,33,30,31,212800
8/25/2025,ISATHDCQ5A,28,28,28,28,200
8/25/2025,ISATZPCF6A,0,0,0,0,0
8/25/2025,ISEA,83,86,83,85,5677000
8/25/2025,ISSP,394,424,394,418,30224100
8/25/2025,ITIC,216,220,214,218,1248300
8/25/2025,ITMA,845,870,815,840,1581400
8/25/2025,ITMG,22325,22525,22325,22400,1821700
8/25/2025,ITMGZPCJ6A,0,0,0,0,0
8/25/2025,JARR,1060,1075,1030,1070,24651300
8/25/2025,JAST,108,110,106,107,10803300
8/25/2025,JATI,149,153,145,146,27234100
8/25/2025,JAWA,157,158,150,154,3473400
8/25/2025,JAYA,98,99,96,98,1436100
8/25/2025,JECC,1205,1330,1110,1330,2142400
8/25/2025,JGLE,14,14,14,14,14277000
8/25/2025,JIHD,750,825,745,795,8671900
8/25/2025,JKON,101,109,99,103,105868500
8/25/2025,JMAS,155,155,150,151,992600
8/25/2025,JPFA,1645,1660,1615,1615,22486300
8/25/2025,JPFABQCZ5A,0,0,0,0,0
8/25/2025,JPFADRCJ6A,39,39,39,39,1000
8/25/2025,JPFAHDCZ5A,0,0,0,0,0
8/25/2025,JPFAZPCG6A,0,0,0,0,0
8/25/2025,JRPT,760,765,745,755,215200
8/25/2025,JSKY,0,0,0,0,0
8/25/2025,JSMR,3320,3460,3320,3430,16242500
8/25/2025,JSMRDRCK6A,67,67,67,67,100
8/25/2025,JSMRHDCH6A,0,0,0,0,0
8/25/2025,JSMRZPCG6A,37,37,37,37,240000
8/25/2025,JSPT,4140,4140,4000,4000,23100
8/25/2025,JTPE,306,316,306,316,12947200
8/25/2025,KAEF,525,525,505,515,1212400
8/25/2025,KAQI,80,80,75,78,44593100
8/25/2025,KARW,750,750,750,750,690700
8/25/2025,KAYU,0,0,0,0,0
8/25/2025,KBAG,39,40,39,40,5308100
8/25/2025,KBLI,374,388,374,380,782200
8/25/2025,KBLM,400,400,386,386,848600
8/25/2025,KBLV,0,0,0,0,0
8/25/2025,KBRI,0,0,0,0,0
8/25/2025,KDSI,474,476,472,476,15600
8/25/2025,KDTN,119,121,111,120,11400
8/25/2025,KEEN,810,835,810,830,3955200
8/25/2025,KEJU,650,660,640,645,2395100
8/25/2025,KETR,290,302,276,300,2954800
8/25/2025,KIAS,0,0,0,0,0
8/25/2025,KICI,129,172,127,156,28829900
8/25/2025,KIJA,220,230,218,226,202478700
8/25/2025,KING,206,208,202,202,340300
8/25/2025,KING-W,10,10,10,10,6304900
8/25/2025,KINO,1100,1100,1080,1100,72300
8/25/2025,KIOS,85,90,84,86,41311900
8/25/2025,KJEN,140,156,136,147,21824400
8/25/2025,KKES,30,33,30,33,4541000
8/25/2025,KKGI,340,340,336,338,3153900
8/25/2025,KLAS,141,143,138,138,6339000
8/25/2025,KLBF,1360,1365,1300,1300,55259900
8/25/2025,KLBFBQCV5A,24,25,24,25,118200
8/25/2025,KLBFDRCG6A,34,34,32,32,412500
8/25/2025,KLBFZPCF6A,33,33,33,33,250000
8/25/2025,KLBFZPCJ6A,40,40,37,37,325000
8/25/2025,KLIN,183,184,170,174,1127200
8/25/2025,KMDS,655,655,650,655,237800
8/25/2025,KMTR,282,310,282,302,1971900
8/25/2025,KOBX,142,144,140,143,338800
8/25/2025,KOCI,62,65,62,65,22055400
8/25/2025,KOCI-W,10,13,9,12,43408400
8/25/2025,KOIN,66,70,66,70,108500
8/25/2025,KOKA,104,104,101,101,14114900
8/25/2025,KONI,1280,1370,1260,1260,4700
8/25/2025,KOPI,352,356,346,350,659700
8/25/2025,KOTA,26,26,26,26,23343700
8/25/2025,KPIG,187,198,185,193,150740500
8/25/2025,KRAS,292,292,282,288,32228400
8/25/2025,KREN,17,17,17,17,141127500
8/25/2025,KRYA,244,256,240,252,42855400
8/25/2025,KSIX,220,226,216,220,760600
8/25/2025,KUAS,73,78,72,76,56144700
8/25/2025,LABA,0,0,0,0,0
8/25/2025,LABS,141,144,140,142,630900
8/25/2025,LAJU,60,77,58,69,533838200
8/25/2025,LAND,36,36,36,36,4697300
8/25/2025,LAPD,110,110,110,110,28268200
8/25/2025,LCGP,0,0,0,0,0
8/25/2025,LCKM,206,220,206,208,23500
8/25/2025,LEAD,79,95,79,87,293023800
8/25/2025,LFLO,250,266,232,256,10800
8/25/2025,LIFE,0,0,0,0,0
8/25/2025,LINK,3720,3720,3060,3060,935700
8/25/2025,LION,370,376,352,370,55000
8/25/2025,LIVE,184,186,182,184,19487700
8/25/2025,LMAS,0,0,0,0,0
8/25/2025,LMAX,85,89,81,89,7672000
8/25/2025,LMPI,141,142,140,141,179100
8/25/2025,LMSH,0,0,0,0,0
8/25/2025,LOPI,63,66,56,59,23299600
8/25/2025,LPCK,660,755,640,740,10945000
8/25/2025,LPGI,460,480,458,464,341400
8/25/2025,LPIN,424,450,424,426,997100
8/25/2025,LPKR,100,133,99,133,1219435800
8/25/2025,LPLI,302,322,302,316,1439900
8/25/2025,LPPF,1600,1640,1595,1635,4455500
8/25/2025,LPPS,88,92,85,89,49219900
8/25/2025,LRNA,175,175,169,173,30600
8/25/2025,LSIP,1420,1440,1390,1395,16831100
8/25/2025,LSIPDRCK6A,57,57,53,54,321500
8/25/2025,LSIPYUCZ5A,78,78,77,77,200
8/25/2025,LSIPZPCG6A,83,83,83,83,461700
8/25/2025,LTLS,850,865,850,855,78700
8/25/2025,LUCK,85,86,84,85,2192800
8/25/2025,LUCY,77,77,74,76,165900
8/25/2025,MABA,0,0,0,0,0
8/25/2025,MAGP,0,0,0,0,0
8/25/2025,MAHA,144,144,142,143,2189900
8/25/2025,MAIN,665,665,645,650,3087600
8/25/2025,MANG,46,48,42,46,25330000
8/25/2025,MANG-W,28,28,26,28,390800
8/25/2025,MAPA,655,665,650,655,39173600
8/25/2025,MAPABQCZ5A,27,27,26,26,2580000
8/25/2025,MAPADRCJ6A,21,21,21,21,100000
8/25/2025,MAPAHDCZ5A,0,0,0,0,0
8/25/2025,MAPAZPCH6A,0,0,0,0,0
8/25/2025,MAPB,1720,1780,1680,1780,7300
8/25/2025,MAPI,1360,1375,1355,1355,9482600
8/25/2025,MAPIBQCV5A,17,19,17,18,4718100
8/25/2025,MAPIDRCX5A,37,37,37,37,5100
8/25/2025,MAPIZPCJ6A,74,75,74,75,1300
8/25/2025,MARI,29,29,29,29,6864200
8/25/2025,MARK,660,680,655,660,21770600
8/25/2025,MASA,0,0,0,0,0
8/25/2025,MASB,3210,3350,3200,3320,1800
8/25/2025,MAXI,51,51,50,51,5902100
8/25/2025,MAYA,230,240,220,230,43308700
8/25/2025,MBAP,1675,1675,1655,1670,82800
8/25/2025,MBMA,416,424,414,416,97687800
8/25/2025,MBMABQCX5A,18,19,16,18,2124300
8/25/2025,MBMADRCX5A,26,27,25,27,48200
8/25/2025,MBMADRPX5A,24,24,24,24,2000
8/25/2025,MBMAHDCH6A,65,65,65,65,17100
8/25/2025,MBMAZPCX5A,51,52,51,52,800700
8/25/2025,MBSS,1650,1705,1560,1580,6357800
8/25/2025,MBTO,126,164,121,140,124136500
8/25/2025,MCAS,980,980,945,955,143000
8/25/2025,MCOL,3870,3880,3800,3860,110400
8/25/2025,MCOR,75,83,74,82,91938800
8/25/2025,MDIA,36,36,33,33,3969900
8/25/2025,MDIY,1255,1265,1235,1240,3379500
8/25/2025,MDKA,2300,2320,2250,2260,37224200
8/25/2025,MDKABQCV5A,96,97,89,90,66300
8/25/2025,MDKABQCX5B,44,46,43,44,410000
8/25/2025,MDKADRCK6A,70,72,68,68,123900
8/25/2025,MDKADRCV5A,76,78,74,74,22900
8/25/2025,MDKADRPX5A,36,36,36,36,10000
8/25/2025,MDKAHDCU5A,0,0,0,0,0
8/25/2025,MDKAHDCZ5A,0,0,0,0,0
8/25/2025,MDKAZPCF6A,0,0,0,0,0
8/25/2025,MDKI,162,164,161,164,418400
8/25/2025,MDLA,268,318,264,284,98779100
8/25/2025,MDLN,69,79,68,76,330574600
8/25/2025,MDRN,18,18,18,18,6906400
8/25/2025,MEDC,1245,1255,1220,1240,19414200
8/25/2025,MEDCBQCV5A,56,57,54,54,435200
8/25/2025,MEDCBQCX5B,0,0,0,0,0
8/25/2025,MEDCBQCZ5A,0,0,0,0,0
8/25/2025,MEDCDRCG6A,35,36,34,35,524600
8/25/2025,MEDCDRPV5A,0,0,0,0,0
8/25/2025,MEDCHDCH6A,0,0,0,0,0
8/25/2025,MEDCHDCQ5A,31,31,31,31,2100
8/25/2025,MEDCZPCF6A,34,35,34,35,600
8/25/2025,MEDS,51,52,50,50,15012400
8/25/2025,MEGA,3310,3330,3180,3290,31300
8/25/2025,MEJA,59,60,56,58,43398400
8/25/2025,MEJA-W,10,10,9,10,9617000
8/25/2025,MENN,46,49,45,49,51986400
8/25/2025,MERI,264,270,260,270,8777700
8/25/2025,MERK,2810,2820,2800,2820,12100
8/25/2025,META,0,0,0,0,0
8/25/2025,MFIN,1360,1440,1360,1360,2749000
8/25/2025,MFMI,0,0,0,0,0
8/25/2025,MGLV,0,0,0,0,0
8/25/2025,MGNA,39,39,38,39,1188200
8/25/2025,MGNA-W,21,23,21,23,153500
8/25/2025,MGRO,710,720,700,720,6187300
8/25/2025,MHKI,128,131,125,126,3546500
8/25/2025,MICE,492,494,488,492,110500
8/25/2025,MIDI,470,486,464,466,30257600
8/25/2025,MIKA,2350,2370,2310,2330,8027300
8/25/2025,MIKAZPCG6A,0,0,0,0,0
8/25/2025,MINA,169,169,169,169,44382600
8/25/2025,MINE,585,605,570,590,8076100
8/25/2025,MIRA,57,57,57,57,8896400
8/25/2025,MITI,198,200,193,195,2754200
8/25/2025,MKAP,360,360,356,356,162200
8/25/2025,MKNT,0,0,0,0,0
8/25/2025,MKPI,25500,25850,24075,25475,8100
8/25/2025,MKTR,106,107,105,105,1637000
8/25/2025,MKTR-W,6,8,6,8,3816300
8/25/2025,MLBI,5950,6100,5950,6050,93300
8/25/2025,MLIA,340,348,340,346,5126900
8/25/2025,MLPL,150,172,145,170,1350372500
8/25/2025,MLPT,80050,80975,75800,77000,337200
8/25/2025,MMIX,272,272,258,264,7068400
8/25/2025,MMLP,555,555,540,540,6128400
8/25/2025,MNCN,256,268,256,268,39817900
8/25/2025,MOLI,212,216,208,210,1170300
8/25/2025,MORA,404,418,404,414,114800
8/25/2025,MPIX,69,84,67,76,310169000
8/25/2025,MPIX-W,10,14,9,13,65753500
8/25/2025,MPMX,965,965,960,960,3157700
8/25/2025,MPOW,123,135,122,126,13658400
8/25/2025,MPPA,76,90,73,85,641671600
8/25/2025,MPRO,3300,3510,3290,3430,488800
8/25/2025,MPXL,111,114,110,112,2375600
8/25/2025,MRAT,244,248,238,246,2089600
8/25/2025,MREI,960,985,955,980,300700
8/25/2025,MSIE,34,35,32,34,5879200
8/25/2025,MSIN,492,492,476,482,28279000
8/25/2025,MSJA,314,316,304,312,2868800
8/25/2025,MSKY,83,85,80,85,61444000
8/25/2025,MSTI,1630,1660,1615,1625,4235900
8/25/2025,MTDL,590,595,585,590,24633400
8/25/2025,MTEL,600,605,595,595,12985700
8/25/2025,MTELDRCK6A,21,21,21,21,100000
8/25/2025,MTFN,14,14,14,14,8044100
8/25/2025,MTLA,450,456,448,456,78600
8/25/2025,MTMH,960,970,950,950,1518600
8/25/2025,MTPS,58,58,58,58,1426900
8/25/2025,MTRA,0,0,0,0,0
8/25/2025,MTSM,0,0,0,0,0
8/25/2025,MTWI,394,394,374,392,630200
8/25/2025,MUTU,92,94,91,94,2035200
8/25/2025,MYOH,1680,1715,1680,1695,35700
8/25/2025,MYOR,2220,2240,2200,2200,3616500
8/25/2025,MYORDRCK6A,77,77,77,77,13100
8/25/2025,MYORZPCH6A,0,0,0,0,0
8/25/2025,MYTX,0,0,0,0,0
8/25/2025,NAIK,161,162,156,158,74808400
8/25/2025,NAIK-W,29,29,26,27,21378700
8/25/2025,NANO,37,37,35,37,45389200
8/25/2025,NASA,28,28,28,28,4883900
8/25/2025,NASI,91,100,90,94,31830000
8/25/2025,NATO,139,141,123,136,2109400
8/25/2025,NAYZ,69,69,65,69,30464900
8/25/2025,NCKL,1000,1060,1000,1015,96359800
8/25/2025,NCKLDRCK6A,42,46,42,43,8567800
8/25/2025,NCKLYUCZ5A,88,92,87,87,5500
8/25/2025,NCKLZPCJ6A,62,63,59,59,3929600
8/25/2025,NELY,352,354,350,354,818300
8/25/2025,NEST,286,300,280,286,3232400
8/25/2025,NETV,137,139,135,137,2999100
8/25/2025,NFCX,1900,1910,1815,1815,402300
8/25/2025,NICE,420,432,414,416,3784100
8/25/2025,NICK,1290,1330,1265,1300,12500
8/25/2025,NICL,1085,1090,1060,1075,3535100
8/25/2025,NIKL,240,248,232,234,2519100
8/25/2025,NINE,258,258,240,258,171468400
8/25/2025,NIRO,121,122,120,122,105800
8/25/2025,NISP,1400,1410,1400,1400,3680600
8/25/2025,NOBU,580,610,570,605,19255500
8/25/2025,NPGF,59,61,55,57,45608900
8/25/2025,NRCA,855,860,810,825,8820700
8/25/2025,NSSS,420,430,412,426,10206200
8/25/2025,NTBK,54,55,51,52,37717600
8/25/2025,NUSA,0,0,0,0,0
8/25/2025,NZIA,104,104,101,103,1241100
8/25/2025,OASA,226,238,206,206,379823200
8/25/2025,OBAT,456,482,436,464,12243200
8/25/2025,OBAT-W,100,118,94,118,4811300
8/25/2025,OBMD,206,232,206,230,6555300
8/25/2025,OCAP,0,0,0,0,0
8/25/2025,OILS,138,143,138,139,3857700
8/25/2025,OKAS,252,260,248,252,10611900
8/25/2025,OLIV,36,36,36,36,12002100
8/25/2025,OMED,197,200,195,199,1793500
8/25/2025,OMRE,426,426,426,426,2500
8/25/2025,OPMS,89,94,87,89,44089500
8/25/2025,PACK,2860,3140,2670,2970,45791200
8/25/2025,PADA,39,39,39,39,5922500
8/25/2025,PADI,76,85,76,85,48613100
8/25/2025,PALM,374,380,362,370,551300
8/25/2025,PAMG,81,85,81,82,75869400
8/25/2025,PANI,16000,16625,15875,16025,30297700
8/25/2025,PANIBQCZ5A,97,97,97,97,50000
8/25/2025,PANIHDCZ5A,230,248,230,234,1655600
8/25/2025,PANIZPCJ6A,100,107,98,99,28349100
8/25/2025,PANR,830,840,810,835,11219000
8/25/2025,PANS,1405,1420,1405,1410,154000
8/25/2025,PART,130,132,127,130,37965100
8/25/2025,PART-W,28,28,25,27,8161700
8/25/2025,PBID,486,486,482,486,395300
8/25/2025,PBRX,27,28,27,28,12850700
8/25/2025,PBSA,575,580,545,575,2298300
8/25/2025,PCAR,40,40,39,39,26552300
8/25/2025,PDES,505,505,500,500,27300
8/25/2025,PDPP,494,500,484,490,167400
8/25/2025,PEGE,114,121,114,118,4198300
8/25/2025,PEHA,330,330,322,326,13700
8/25/2025,PEVE,444,458,436,456,1264700
8/25/2025,PGAS,1730,1740,1710,1720,22096900
8/25/2025,PGASBQCU5A,0,0,0,0,0
8/25/2025,PGASBQCZ5A,0,0,0,0,0
8/25/2025,PGASDRCG6A,74,74,73,73,620100
8/25/2025,PGASZPCJ6A,0,0,0,0,0
8/25/2025,PGEO,1425,1455,1415,1440,45040900
8/25/2025,PGEOBQCX5B,0,0,0,0,0
8/25/2025,PGEODRCJ6A,43,46,43,46,1002900
8/25/2025,PGEODRPV5A,27,27,27,27,689700
8/25/2025,PGEOHDCH6A,57,57,57,57,10000
8/25/2025,PGEOHDCH6B,0,0,0,0,0
8/25/2025,PGEOZPCJ6A,55,56,55,56,12600
8/25/2025,PGJO,0,0,0,0,0
8/25/2025,PGLI,171,171,165,171,59400
8/25/2025,PGUN,1445,1445,1445,1445,158600
8/25/2025,PICO,143,145,138,143,2723400
8/25/2025,PIPA,98,98,93,95,15730100
8/25/2025,PJAA,488,494,486,494,445100
8/25/2025,PKPK,595,610,580,595,244600
8/25/2025,PLAN,44,45,42,44,6964700
8/25/2025,PLAS,0,0,0,0,0
8/25/2025,PLIN,0,0,0,0,0
8/25/2025,PMJS,119,125,115,116,2505300
8/25/2025,PMMP,0,0,0,0,0
8/25/2025,PMUI,126,141,123,140,72399700
8/25/2025,PNBN,1170,1225,1170,1215,32294600
8/25/2025,PNBS,51,57,51,55,287267600
8/25/2025,PNGO,2600,2600,2500,2500,11800
8/25/2025,PNIN,910,940,900,915,5273500
8/25/2025,PNLF,262,282,262,278,599043400
8/25/2025,PNLFDRCJ6A,17,19,16,19,10737700
8/25/2025,PNLFHDCZ5A,68,68,66,66,2200000
8/25/2025,PNLFYUCV5A,15,15,14,14,36200
8/25/2025,PNLFZPCH6A,46,48,46,47,68000
8/25/2025,PNSE,760,780,745,760,19700
8/25/2025,POLA,31,31,31,31,3740800
8/25/2025,POLI,760,760,760,760,400
8/25/2025,POLL,0,0,0,0,0
8/25/2025,POLU,7000,7950,6050,6250,212400
8/25/2025,POLY,19,19,19,19,353700
8/25/2025,POOL,0,0,0,0,0
8/25/2025,PORT,945,955,890,955,34600
8/25/2025,POSA,0,0,0,0,0
8/25/2025,POWR,710,720,705,710,4706700
8/25/2025,PPGL,101,102,100,101,341200
8/25/2025,PPRE,107,109,103,106,35386500
8/25/2025,PPRI,236,254,230,252,40060400
8/25/2025,PPRO,0,0,0,0,0
8/25/2025,PRAY,620,625,615,625,8900
8/25/2025,PRDA,2790,2800,2760,2770,109700
8/25/2025,PRIM,103,106,97,100,127163800
8/25/2025,PSAB,426,458,426,456,243548300
8/25/2025,PSAT,1530,1660,1525,1640,7862000
8/25/2025,PSDN,90,99,87,90,31889500
8/25/2025,PSGO,216,218,210,210,2218900
8/25/2025,PSKT,95,104,95,104,85337300
8/25/2025,PSSI,360,364,356,360,681400
8/25/2025,PTBA,2420,2430,2410,2420,6953800
8/25/2025,PTBABQCV5A,28,28,28,28,27000
8/25/2025,PTBADRCG6A,0,0,0,0,0
8/25/2025,PTBAHDCQ5A,0,0,0,0,0
8/25/2025,PTBAYUCZ5A,98,98,98,98,5200
8/25/2025,PTBAZPCH6A,0,0,0,0,0
8/25/2025,PTDU,0,0,0,0,0
8/25/2025,PTIS,436,436,410,420,183100
8/25/2025,PTMP,107,109,104,107,30581400
8/25/2025,PTMR,0,0,0,0,0
8/25/2025,PTPP,406,406,392,406,41186400
8/25/2025,PTPS,185,191,183,184,23212000
8/25/2025,PTPW,975,975,970,975,15300
8/25/2025,PTRO,4070,4100,3960,4000,37128300
8/25/2025,PTSN,314,372,314,354,15744200
8/25/2025,PTSP,1020,1020,980,1015,6000
8/25/2025,PUDP,216,262,216,224,1348300
8/25/2025,PURA,24,24,24,24,6150800
8/25/2025,PURE,0,0,0,0,0
8/25/2025,PURI,192,192,185,187,362500
8/25/2025,PWON,386,392,386,388,69948500
8/25/2025,PWONHDCZ5A,0,0,0,0,0
8/25/2025,PWONZPCH6A,0,0,0,0,0
8/25/2025,PYFA,0,0,0,0,0
8/25/2025,PYFA-W,0,0,0,0,0
8/25/2025,PZZA,208,212,204,208,9077200
8/25/2025,R-ABFII,0,0,0,0,0
8/25/2025,R-LQ45X,1020,1040,970,1015,24700
8/25/2025,RAAM,284,300,278,296,18104900
8/25/2025,RAFI,0,0,0,0,0
8/25/2025,RAJA,2730,2750,2660,2670,33614900
8/25/2025,RALS,404,406,400,402,7418100
8/25/2025,RANC,414,426,406,418,107700
8/25/2025,RATU,6625,6700,6575,6600,7704100
8/25/2025,RBMS,30,30,30,30,2890100
8/25/2025,RCCC,181,193,164,172,548000
8/25/2025,RDTX,11950,12200,11925,12100,2000
8/25/2025,REAL,45,45,43,44,18488800
8/25/2025,RELF,40,41,36,36,71561600
8/25/2025,RELI,560,680,560,680,612800
8/25/2025,RGAS,115,116,114,115,17977900
8/25/2025,RICY,42,42,42,42,69000
8/25/2025,RIGS,745,750,715,745,490600
8/25/2025,RIMO,0,0,0,0,0
8/25/2025,RISE,1055,1055,1055,1055,537700
8/25/2025,RMKE,775,780,770,770,956100
8/25/2025,RMKO,109,109,105,107,1283600
8/25/2025,ROCK,0,0,0,0,0
8/25/2025,RODA,40,41,40,41,184400
8/25/2025,RONY,0,0,0,0,0
8/25/2025,ROTI,800,810,800,805,613200
8/25/2025,RSCH,380,384,376,378,4629800
8/25/2025,RSGK,0,0,0,0,0
8/25/2025,RUIS,242,250,226,234,4723200
8/25/2025,RUNS,67,73,66,73,2540800
8/25/2025,SAFE,190,196,180,186,2249800
8/25/2025,SAGE,30,30,30,30,5482400
8/25/2025,SAME,378,398,372,374,18152000
8/25/2025,SAMF,342,342,332,336,94300
8/25/2025,SAPX,330,330,310,318,2035000
8/25/2025,SATU,232,234,230,232,3233200
8/25/2025,SBAT,0,0,0,0,0
8/25/2025,SBMA,138,139,135,137,4896000
8/25/2025,SCCO,2300,2400,2300,2330,142200
8/25/2025,SCMA,306,356,304,336,1001966700
8/25/2025,SCMABQCZ5A,161,161,153,155,2800
8/25/2025,SCMADRCK6A,88,128,88,119,373200
8/25/2025,SCMAHDCZ5A,330,350,330,350,500
8/25/2025,SCMAZPCG6A,160,206,160,191,51600
8/25/2025,SCNP,182,197,181,183,439000
8/25/2025,SCPI,0,0,0,0,0
8/25/2025,SDMU,46,46,45,45,405000
8/25/2025,SDPC,130,131,130,131,182800
8/25/2025,SDRA,302,310,300,306,672000
8/25/2025,SEMA,93,93,91,91,256600
8/25/2025,SFAN,1915,1920,1915,1920,112900
8/25/2025,SGER,338,344,334,340,140869200
8/25/2025,SGRO,4800,4870,4650,4680,5186500
8/25/2025,SHID,915,925,900,915,15700
8/25/2025,SHIP,4300,4850,4250,4490,207700
8/25/2025,SICO,124,132,120,130,29039600
8/25/2025,SIDO,540,550,535,545,42523200
8/25/2025,SIDODRCK6A,32,33,32,33,112200
8/25/2025,SILO,2150,2190,2140,2190,1737900
8/25/2025,SIMA,0,0,0,0,0
8/25/2025,SIMP,650,665,650,650,19817500
8/25/2025,SINI,3600,3600,3550,3550,66800
8/25/2025,SIPD,665,730,665,730,1600
8/25/2025,SKBM,368,370,360,360,49900
8/25/2025,SKLT,190,191,189,190,56400
8/25/2025,SKRN,406,408,402,406,248700
8/25/2025,SKYB,0,0,0,0,0
8/25/2025,SLIS,69,71,68,71,28829400
8/25/2025,SLIS-W,10,12,10,11,10722000
8/25/2025,SMAR,6625,7250,6625,6875,1551800
8/25/2025,SMBR,302,316,302,310,43501500
8/25/2025,SMCB,0,0,0,0,0
8/25/2025,SMDM,875,890,855,865,172700
8/25/2025,SMDR,348,354,344,344,30325600
8/25/2025,SMGA,118,123,113,113,176791900
8/25/2025,SMGR,2760,2830,2750,2810,7464800
8/25/2025,SMGRBQCU5A,6,8,5,8,4010400
8/25/2025,SMGRBQCX5B,77,79,77,79,91800
8/25/2025,SMGRBQCZ5A,38,38,38,38,200
8/25/2025,SMGRDRCV5A,0,0,0,0,0
8/25/2025,SMGRHDCZ5A,0,0,0,0,0
8/25/2025,SMGRZPCJ6A,0,0,0,0,0
8/25/2025,SMIL,476,476,438,470,287998600
8/25/2025,SMKL,163,163,160,162,87900
8/25/2025,SMKM,99,108,98,108,60176300
8/25/2025,SMLE,161,161,157,157,4253400
8/25/2025,SMMA,15500,15675,15300,15300,37900
8/25/2025,SMMT,1000,1005,985,1005,93700
8/25/2025,SMRA,466,476,466,474,81109200
8/25/2025,SMRADRCJ6A,39,39,38,39,443500
8/25/2025,SMRAHDCZ5A,0,0,0,0,0
8/25/2025,SMRAZPCH6A,70,71,70,71,200200
8/25/2025,SMRU,0,0,0,0,0
8/25/2025,SMSM,1995,2020,1940,1940,438800
8/25/2025,SNLK,500,515,494,515,14605400
8/25/2025,SOCI,181,188,181,186,4581800
8/25/2025,SOFA,47,47,44,46,20568100
8/25/2025,SOHO,755,755,745,755,31500
8/25/2025,SOLA,178,182,172,177,182535800
8/25/2025,SONA,3690,3780,3690,3720,24000
8/25/2025,SOSS,740,820,715,760,1106300
8/25/2025,SOTS,270,270,256,266,21600
8/25/2025,SOUL,90,96,81,95,4899700
8/25/2025,SPMA,300,302,292,296,406500
8/25/2025,SPRE,90,92,87,90,3085200
8/25/2025,SPTO,670,690,670,685,1569400
8/25/2025,SQMI,0,0,0,0,0
8/25/2025,SRAJ,6500,6650,6450,6575,1367100
8/25/2025,SRIL,0,0,0,0,0
8/25/2025,SRSN,67,69,65,68,38557600
8/25/2025,SRTG,1815,1835,1810,1815,3552900
8/25/2025,SRTGDRCK6A,95,95,93,94,20500
8/25/2025,SRTGZPCG6A,0,0,0,0,0
8/25/2025,SSIA,2360,2420,2340,2350,29674100
8/25/2025,SSMS,1480,1530,1480,1510,10591700
8/25/2025,SSTM,310,310,310,310,736600
8/25/2025,STAA,1050,1060,1040,1060,10750600
8/25/2025,STAR,43,43,43,43,238100
8/25/2025,STRK,159,172,156,163,57338900
8/25/2025,STTP,10325,10700,10225,10325,2700
8/25/2025,SUGI,0,0,0,0,0
8/25/2025,SULI,110,110,105,108,2290900
8/25/2025,SUNI,765,800,755,795,1075500
8/25/2025,SUPR,0,0,0,0,0
8/25/2025,SURE,3110,3110,3000,3040,9500
8/25/2025,SURI,124,126,120,121,241942400
8/25/2025,SWAT,0,0,0,0,0
8/25/2025,SWID,104,106,102,106,3832400
8/25/2025,TALF,316,316,300,306,7400
8/25/2025,TAMA,34,35,34,35,1501200
8/25/2025,TAMU,26,26,26,26,11745400
8/25/2025,TAPG,1550,1560,1515,1515,19515200
8/25/2025,TAPGDRCJ6A,87,87,86,86,105000
8/25/2025,TAPGHDCH6A,0,0,0,0,0
8/25/2025,TAPGZPCH6A,0,0,0,0,0
8/25/2025,TARA,18,18,18,18,1183100
8/25/2025,TAXI,14,14,14,14,103453900
8/25/2025,TAYS,66,67,62,64,12980300
8/25/2025,TBIG,1925,1930,1920,1930,617900
8/25/2025,TBLA,780,795,770,770,2623000
8/25/2025,TBMS,1045,1050,1025,1035,78700
8/25/2025,TCID,2480,2480,2440,2480,2300
8/25/2025,TCPI,6000,6025,5825,6025,9460700
8/25/2025,TDPM,0,0,0,0,0
8/25/2025,TEBE,1120,1170,1085,1135,4869900
8/25/2025,TECH,0,0,0,0,0
8/25/2025,TELE,0,0,0,0,0
8/25/2025,TFAS,132,135,129,135,1337700
8/25/2025,TFCO,0,0,0,0,0
8/25/2025,TGKA,5925,5950,5900,5900,4500
8/25/2025,TGRA,0,0,0,0,0
8/25/2025,TGUK,0,0,0,0,0
8/25/2025,TIFA,404,420,400,410,64800
8/25/2025,TINS,1015,1020,1005,1010,8930500
8/25/2025,TIRA,1910,1910,1740,1900,105000
8/25/2025,TIRT,0,0,0,0,0
8/25/2025,TKIM,7200,7250,7100,7125,1118400
8/25/2025,TKIMZPCG6A,106,106,105,105,110900
8/25/2025,TLDN,705,750,690,725,5087000
8/25/2025,TLKM,3280,3350,3250,3310,93221500
8/25/2025,TLKMBQCQ5A,0,0,0,0,0
8/25/2025,TLKMBQCV5A,136,136,136,136,100
8/25/2025,TLKMDRCJ6A,89,95,89,95,144800
8/25/2025,TLKMDRCX6A,0,0,0,0,0
8/25/2025,TLKMHDCJ6A,0,0,0,0,0
8/25/2025,TLKMHDCV5A,344,344,344,344,100
8/25/2025,TLKMZPCF6A,117,120,117,120,500
8/25/2025,TMAS,137,139,136,138,2480000
8/25/2025,TMPO,148,150,146,149,1430600
8/25/2025,TNCA,196,218,192,208,18321400
8/25/2025,TOBA,1080,1195,1040,1145,360145500
8/25/2025,TOOL,66,67,60,63,55652400
8/25/2025,TOPS,0,0,0,0,0
8/25/2025,TOSK,55,55,53,54,41667300
8/25/2025,TOTL,750,765,740,745,4417600
8/25/2025,TOTO,252,258,250,256,5654400
8/25/2025,TOWR,610,685,610,685,127801200
8/25/2025,TOYS,0,0,0,0,0
8/25/2025,TPIA,8800,8825,8700,8750,4378000
8/25/2025,TPMA,590,600,585,595,7601000
8/25/2025,TRAM,0,0,0,0,0
8/25/2025,TRGU,195,197,192,194,145100
8/25/2025,TRIL,0,0,0,0,0
8/25/2025,TRIM,360,362,358,358,182300
8/25/2025,TRIN,102,113,99,101,14224900
8/25/2025,TRIN-W2,0,0,0,0,0
8/25/2025,TRIO,0,0,0,0,0
8/25/2025,TRIS,186,189,180,189,70400
8/25/2025,TRJA,140,140,135,137,365800
8/25/2025,TRON,100,103,99,100,4120200
8/25/2025,TRST,496,500,486,500,103300
8/25/2025,TRUE,33,33,33,33,46739900
8/25/2025,TRUK,184,200,180,189,2350000
8/25/2025,TRUS,474,486,462,478,19300
8/25/2025,TSPC,2280,2300,2250,2290,1857400
8/25/2025,TUGU,975,995,975,990,4226300
8/25/2025,TYRE,128,130,128,128,111100
8/25/2025,UANG,0,0,0,0,0
8/25/2025,UCID,480,486,478,486,2504800
8/25/2025,UDNG,0,0,0,0,0
8/25/2025,UFOE,180,183,178,180,433700
8/25/2025,ULTJ,1290,1330,1290,1330,12021800
8/25/2025,UNIC,8175,8300,8000,8275,11600
8/25/2025,UNIQ,392,398,386,398,11522100
8/25/2025,UNIT,0,0,0,0,0
8/25/2025,UNSP,147,150,146,150,2946900
8/25/2025,UNTD,80,92,79,83,41138900
8/25/2025,UNTR,25875,26125,25225,25225,5207300
8/25/2025,UNTRBQCV5A,0,0,0,0,0
8/25/2025,UNTRDRCG6A,158,158,148,149,13536200
8/25/2025,UNTRZPCJ6A,0,0,0,0,0
8/25/2025,UNVR,1775,1810,1770,1775,10311100
8/25/2025,UNVRBQCQ5A,2,2,1,2,1804500
8/25/2025,UNVRBQCU5A,31,31,29,29,100200
8/25/2025,UNVRBQCZ5A,0,0,0,0,0
8/25/2025,UNVRDRCG6A,51,51,51,51,137900
8/25/2025,UNVRHDCQ5A,0,0,0,0,0
8/25/2025,UNVRHDPG6A,0,0,0,0,0
8/25/2025,UNVRZPCH6A,0,0,0,0,0
8/25/2025,URBN,134,135,130,135,122600
8/25/2025,UVCR,79,79,75,75,9658500
8/25/2025,VAST,176,183,176,179,10141100
8/25/2025,VAST-W,14,14,13,14,481000
8/25/2025,VERN,143,143,139,142,2101300
8/25/2025,VERN-W,5,5,4,5,4281900
8/25/2025,VICI,610,620,610,615,533400
8/25/2025,VICO,198,202,185,197,6467900
8/25/2025,VINS,129,138,129,131,1406300
8/25/2025,VISI,129,131,126,129,7771400
8/25/2025,VIVA,24,24,24,24,4478600
8/25/2025,VKTR,121,122,111,117,125833500
8/25/2025,VOKS,196,199,195,196,96300
8/25/2025,VRNA,90,98,85,91,11747000
8/25/2025,VTNY,111,120,108,114,55950500
8/25/2025,WAPO,146,147,143,144,1038300
8/25/2025,WEGE,63,64,62,63,17288100
8/25/2025,WEHA,118,118,116,117,1832200
8/25/2025,WGSH,158,163,153,160,2034900
8/25/2025,WICO,0,0,0,0,0
8/25/2025,WIDI,28,28,25,28,98219100
8/25/2025,WIFI,2770,2870,2770,2800,89649100
8/25/2025,WIIM,830,835,820,830,905600
8/25/2025,WIKA,0,0,0,0,0
8/25/2025,WINE,216,218,212,216,534900
8/25/2025,WINR,28,29,28,29,104454000
8/25/2025,WINS,410,414,408,414,3918800
8/25/2025,WIRG,226,238,218,224,1678706600
8/25/2025,WMPP,0,0,0,0,0
8/25/2025,WMUU,16,16,16,16,716518600
8/25/2025,WOMF,342,346,340,344,237700
8/25/2025,WOOD,376,376,340,360,35641500
8/25/2025,WOWS,105,105,105,105,17967800
8/25/2025,WSBP,20,20,20,20,39372200
8/25/2025,WSKT,0,0,0,0,0
8/25/2025,WTON,99,100,96,98,10301500
8/25/2025,XAQA,0,0,0,0,0
8/25/2025,XBES,1094,1095,1093,1095,20200
8/25/2025,XBID,529,529,529,529,40000
8/25/2025,XBIG,0,0,0,0,0
8/25/2025,XBIN,602,602,602,602,40000
8/25/2025,XBLQ,492,492,492,492,100
8/25/2025,XBNI,0,0,0,0,0
8/25/2025,XBSK,469,469,465,465,41000
8/25/2025,XCEG,111,113,111,112,281500
8/25/2025,XCID,76,79,74,77,171100
8/25/2025,XCIS,108,145,93,95,43000
8/25/2025,XCLQ,91,105,90,100,56800
8/25/2025,XDIF,463,463,463,463,300
8/25/2025,XIFE,100,115,100,113,141300
8/25/2025,XIHD,710,710,595,653,8600
8/25/2025,XIIC,0,0,0,0,0
8/25/2025,XIID,0,0,0,0,0
8/25/2025,XIIF,479,479,477,477,2000
8/25/2025,XIIT,527,533,527,530,1000
8/25/2025,XIJI,635,635,634,635,5200
8/25/2025,XILV,117,174,111,135,150100
8/25/2025,XIML,240,240,240,240,100
8/25/2025,XIPB,0,0,0,0,0
8/25/2025,XIPI,240,240,227,227,5800
8/25/2025,XISB,0,0,0,0,0
8/25/2025,XISC,0,0,0,0,0
8/25/2025,XISI,360,360,360,360,100
8/25/2025,XISR,454,461,454,461,9000
8/25/2025,XKID,968,978,968,978,3100
8/25/2025,XKIV,598,598,598,598,41000
8/25/2025,XKMS,1188,1194,1188,1192,203100
8/25/2025,XMGB,1114,1114,1114,1114,100
8/25/2025,XMIG,225,225,224,224,400000
8/25/2025,XMLF,914,915,911,915,41200
8/25/2025,XMSK,402,402,402,402,500
8/25/2025,XNVE,0,0,0,0,0
8/25/2025,XPDV,531,775,531,775,45200
8/25/2025,XPFT,0,0,0,0,0
8/25/2025,XPIN,652,652,652,652,27600
8/25/2025,XPLQ,725,725,501,507,13100
8/25/2025,XPSG,0,0,0,0,0
8/25/2025,XPTD,414,486,414,416,14500
8/25/2025,XSBC,210,253,179,188,247200
8/25/2025,XSPI,0,0,0,0,0
8/25/2025,XSSI,99,102,85,90,557300
8/25/2025,XSSK,728,728,722,722,20200
8/25/2025,YELO,63,63,63,63,8411600
8/25/2025,YOII,105,105,100,104,12976300
8/25/2025,YPAS,354,354,354,354,100
8/25/2025,YULE,2690,2690,2510,2690,700
8/25/2025,YUPI,1690,1695,1660,1690,43300
8/25/2025,ZATA,17,17,17,17,5243200
8/25/2025,ZBRA,0,0,0,0,0
8/25/2025,ZINC,19,19,19,19,63528900
8/25/2025,ZONE,745,745,735,745,104500
8/25/2025,ZYRX,157,194,153,158,105978200
