<date>,<ticker>,<open>,<high>,<low>,<close>,<volume>
11/17/2025,IHSG,8397.840,8452.330,8392.000,8416.882,39803762400
11/17/2025,AADI,8700,8875,8650,8750,19598100
11/17/2025,AADIDRCN6A,114,115,108,109,2525800
11/17/2025,AADIHDCK6A,115,119,114,115,1259600
11/17/2025,AADIYUCK6A,352,352,342,346,25600
11/17/2025,AALI,7650,7750,7625,7750,884000
11/17/2025,ABBA,57,57,57,57,700800
11/17/2025,ABDA,2700,2700,2700,2700,100
11/17/2025,ABMM,3080,3140,3070,3100,1421100
11/17/2025,ACES,422,432,422,430,38926200
11/17/2025,ACESBQCG6A,10,10,10,10,194600
11/17/2025,ACESBQCK6A,16,16,15,15,1200
11/17/2025,ACESBQCX5B,1,2,1,1,48826000
11/17/2025,ACESBQCZ5A,6,6,6,6,200
11/17/2025,ACESDRCJ6A,10,11,9,10,869200
11/17/2025,ACESHDCN6A,55,55,54,54,17300
11/17/2025,ACESHDCZ5A,0,0,0,0,0
11/17/2025,ACESZPCJ6A,16,16,15,15,102900
11/17/2025,ACRO,88,93,88,90,31165100
11/17/2025,ACRO-W,8,8,7,7,12202100
11/17/2025,ACST,132,135,131,134,4209100
11/17/2025,ADCP,55,55,54,55,12169000
11/17/2025,ADES,15000,15300,15000,15300,31400
11/17/2025,ADHI,260,260,256,260,10697600
11/17/2025,ADMF,8825,8900,8800,8875,50400
11/17/2025,ADMG,162,164,157,163,1969700
11/17/2025,ADMR,1340,1385,1300,1330,47540600
11/17/2025,ADMRDRCJ6A,63,67,55,59,1022600
11/17/2025,ADMRHDCJ6A,98,103,93,93,170000
11/17/2025,ADMRZPCH6A,120,120,85,87,50400
11/17/2025,ADRO,1880,1910,1860,1910,104434200
11/17/2025,ADROBQCG6A,73,73,63,66,6300
11/17/2025,ADROBQCJ6A,60,60,57,57,13800
11/17/2025,ADROBQCN6A,64,65,62,65,108600
11/17/2025,ADROBQCZ5A,4,4,3,4,3439700
11/17/2025,ADRODRCJ6A,59,59,55,58,520200
11/17/2025,ADRODRCX5A,0,0,0,0,0
11/17/2025,ADROHDCN6A,73,75,71,75,105400
11/17/2025,ADROHDCZ5A,43,43,43,43,50000
11/17/2025,ADROHDPH6A,0,0,0,0,0
11/17/2025,ADROYUCZ5A,0,0,0,0,0
11/17/2025,ADROZPCF6A,0,0,0,0,0
11/17/2025,ADROZPCK6A,55,58,55,58,74700
11/17/2025,AEGS,88,95,84,91,17277500
11/17/2025,AGAR,242,242,236,238,34100
11/17/2025,AGII,1345,1350,1280,1305,1487700
11/17/2025,AGRO,228,232,226,230,10635300
11/17/2025,AGRS,72,75,72,72,7622700
11/17/2025,AHAP,90,94,88,94,24882600
11/17/2025,AIMS,338,394,338,392,973200
11/17/2025,AISA,142,143,141,142,5443400
11/17/2025,AKKU,29,33,29,33,608300
11/17/2025,AKPI,575,585,575,580,25600
11/17/2025,AKRA,1230,1430,1220,1275,32981600
11/17/2025,AKRABQCX5B,4,6,4,6,40300
11/17/2025,AKRADRCX5A,0,0,0,0,0
11/17/2025,AKRAHDCH6A,50,62,50,62,87900
11/17/2025,AKRAZPCJ6A,40,40,40,40,189000
11/17/2025,AKRAZPCM6A,35,36,35,36,2400
11/17/2025,AKRAZPCX5A,0,0,0,0,0
11/17/2025,AKSI,402,410,392,396,286700
11/17/2025,ALDO,545,550,530,550,301400
11/17/2025,ALII,660,695,605,625,3844900
11/17/2025,ALKA,360,360,346,360,7100
11/17/2025,ALMI,0,0,0,0,0
11/17/2025,ALTO,0,0,0,0,0
11/17/2025,AMAG,380,380,378,378,71500
11/17/2025,AMAN,155,158,153,158,3457300
11/17/2025,AMAR,234,234,228,228,552200
11/17/2025,AMFG,3480,3530,3440,3480,15700
11/17/2025,AMIN,264,270,258,270,214800
11/17/2025,AMMN,6700,6700,6300,6300,33497500
11/17/2025,AMMNBQCZ5A,5,5,4,5,835600
11/17/2025,AMMNDRCJ6A,31,31,27,27,488400
11/17/2025,AMMNHDCH6A,50,50,46,46,31700
11/17/2025,AMMNZPCG6A,15,16,13,13,1689300
11/17/2025,AMMS,0,0,0,0,0
11/17/2025,AMOR,418,420,406,406,2160400
11/17/2025,AMRT,1875,1895,1855,1855,22978500
11/17/2025,AMRTBQCF6A,0,0,0,0,0
11/17/2025,AMRTBQCH6A,16,16,15,15,566600
11/17/2025,AMRTBQCJ6A,34,34,34,34,500
11/17/2025,AMRTDRCZ5A,11,11,9,9,945100
11/17/2025,AMRTHDCJ6A,8,8,6,7,35952400
11/17/2025,AMRTZPCK6A,14,14,14,14,1167300
11/17/2025,AMRTZPCX5A,0,0,0,0,0
11/17/2025,ANDI,23,23,23,23,3513300
11/17/2025,ANJT,1980,2020,1950,1975,622200
11/17/2025,ANTM,3040,3130,2960,3060,258066200
11/17/2025,ANTMBQCG6A,40,43,39,43,2400
11/17/2025,ANTMBQCJ6A,51,58,51,58,6326000
11/17/2025,ANTMBQCN6A,82,82,82,82,1400
11/17/2025,ANTMBQCX5A,8,10,4,7,7300100
11/17/2025,ANTMBQCZ5A,0,0,0,0,0
11/17/2025,ANTMDRCG6A,31,35,28,32,4942400
11/17/2025,ANTMDRCG6B,36,43,33,40,447600
11/17/2025,ANTMDRCX5A,0,0,0,0,0
11/17/2025,ANTMDRPZ5A,0,0,0,0,0
11/17/2025,ANTMHDCH6A,58,66,58,63,3163400
11/17/2025,ANTMHDCH6B,101,109,97,106,832400
11/17/2025,ANTMHDPH6A,58,61,52,53,1250600
11/17/2025,ANTMZPCJ6A,60,64,53,60,1657300
11/17/2025,ANTMZPCK6A,25,26,21,24,2642800
11/17/2025,ANTMZPCX5A,159,179,148,177,770200
11/17/2025,APEX,143,191,143,191,737344400
11/17/2025,APIC,1135,1145,1110,1115,4205600
11/17/2025,APII,190,190,188,190,30400
11/17/2025,APLI,448,450,412,440,122400
11/17/2025,APLN,99,100,98,100,1946900
11/17/2025,ARCI,1260,1260,1185,1190,160378700
11/17/2025,AREA,520,530,510,525,2681000
11/17/2025,ARGO,1105,1120,1055,1075,8000
11/17/2025,ARII,276,276,268,272,141800
11/17/2025,ARKA,33,33,32,32,6487800
11/17/2025,ARKO,1805,2080,1780,2070,6597800
11/17/2025,ARMY,0,0,0,0,0
11/17/2025,ARNA,560,560,550,555,1932300
11/17/2025,ARTA,3320,3320,3000,3130,12600
11/17/2025,ARTI,0,0,0,0,0
11/17/2025,ARTO,2030,2070,2010,2010,8768000
11/17/2025,ARTOBQCG6A,0,0,0,0,0
11/17/2025,ARTOBQCJ6A,0,0,0,0,0
11/17/2025,ARTOBQCN6A,0,0,0,0,0
11/17/2025,ARTOBQCX5B,29,29,25,25,600
11/17/2025,ARTOBQCZ5A,10,10,9,9,858700
11/17/2025,ARTODRCK6A,0,0,0,0,0
11/17/2025,ARTODRCX5A,0,0,0,0,0
11/17/2025,ARTOHDCN6A,50,50,50,50,100
11/17/2025,ARTOHDCZ5A,0,0,0,0,0
11/17/2025,ARTOZPCK6A,35,36,34,34,191800
11/17/2025,ARTOZPCX5A,0,0,0,0,0
11/17/2025,ASBI,470,484,470,482,16100
11/17/2025,ASDM,615,615,600,600,23100
11/17/2025,ASGR,1290,1310,1280,1300,1046700
11/17/2025,ASHA,68,68,68,68,42732900
11/17/2025,ASII,6400,6500,6375,6450,40681500
11/17/2025,ASIIBQCZ5A,143,147,143,147,62800
11/17/2025,ASIIDRCX5A,0,0,0,0,0
11/17/2025,ASIIDRCX6A,0,0,0,0,0
11/17/2025,ASIIHDCZ5A,0,0,0,0,0
11/17/2025,ASIIZPCJ6A,0,0,0,0,0
11/17/2025,ASIIZPCM6A,0,0,0,0,0
11/17/2025,ASJT,131,140,131,134,1733900
11/17/2025,ASLC,84,89,84,88,99907300
11/17/2025,ASLI,196,196,191,192,13981100
11/17/2025,ASMI,26,27,26,26,286600
11/17/2025,ASPI,715,835,690,750,3158400
11/17/2025,ASPR,100,101,99,99,3380900
11/17/2025,ASRI,163,169,163,169,26662500
11/17/2025,ASRM,336,340,332,336,61000
11/17/2025,ASSA,1085,1165,1080,1165,21500400
11/17/2025,ATAP,134,134,134,134,4604400
11/17/2025,ATIC,660,670,630,645,836100
11/17/2025,ATLA,65,68,64,64,94579600
11/17/2025,AUTO,2580,2660,2580,2660,3270200
11/17/2025,AUTODRCV6A,0,0,0,0,0
11/17/2025,AUTOHDCN6A,43,44,43,43,110600
11/17/2025,AUTOZPCJ6A,47,47,47,47,100
11/17/2025,AVIA,448,450,442,448,8934700
11/17/2025,AVIADRCV6A,73,73,73,73,20000
11/17/2025,AVIAHDCN6A,0,0,0,0,0
11/17/2025,AVIAZPCJ6A,19,19,19,19,1500
11/17/2025,AWAN,276,278,258,260,18171200
11/17/2025,AXIO,127,156,125,134,48279800
11/17/2025,AYAM,296,322,268,288,468498200
11/17/2025,AYLS,0,0,0,0,0
11/17/2025,BABP,55,56,54,56,7764900
11/17/2025,BABY,352,400,350,400,155845000
11/17/2025,BACA,145,158,142,146,10960200
11/17/2025,BAIK,103,103,100,102,8109900
11/17/2025,BAIK-W,8,9,8,8,3314700
11/17/2025,BAJA,170,184,170,172,33041800
11/17/2025,BALI,1205,1220,1190,1200,37300
11/17/2025,BANK,810,845,810,835,7326000
11/17/2025,BANK-W,0,0,0,0,0
11/17/2025,BAPA,77,78,75,77,5494500
11/17/2025,BAPI,23,24,23,23,9299100
11/17/2025,BATA,61,62,61,62,124500
11/17/2025,BATR,108,111,107,109,4689300
11/17/2025,BAUT,41,42,40,41,2393100
11/17/2025,BAYU,1320,1320,1305,1315,188900
11/17/2025,BBCA,8500,8575,8475,8575,129411100
11/17/2025,BBCABQCG6A,75,75,71,72,5563800
11/17/2025,BBCABQCJ6A,0,0,0,0,0
11/17/2025,BBCABQCN6A,51,51,51,51,10600
11/17/2025,BBCABQCX5A,2,2,1,2,11601500
11/17/2025,BBCADRCF6A,30,30,27,29,1215500
11/17/2025,BBCADRCX6A,4010,4010,4010,4010,6000
11/17/2025,BBCAHDCN6A,50,50,50,50,27000
11/17/2025,BBCAHDCQ7A,68,71,68,71,2057200
11/17/2025,BBCAYUCK6A,0,0,0,0,0
11/17/2025,BBCAZPCF6A,19,19,17,18,2777800
11/17/2025,BBCAZPCH6A,81,82,81,82,49800
11/17/2025,BBCAZPCN6A,61,63,61,63,300
11/17/2025,BBHI,1530,1530,1475,1475,1400400
11/17/2025,BBKP,74,75,72,72,220901100
11/17/2025,BBLD,900,910,900,910,13000
11/17/2025,BBMD,2050,2050,2050,2050,1600
11/17/2025,BBNI,4390,4440,4380,4390,28453300
11/17/2025,BBNIBQCG6A,0,0,0,0,0
11/17/2025,BBNIBQCJ6A,0,0,0,0,0
11/17/2025,BBNIBQCN6A,0,0,0,0,0
11/17/2025,BBNIDRCX6A,0,0,0,0,0
11/17/2025,BBNIDRCZ5A,42,42,42,42,7600
11/17/2025,BBNIDRPZ5A,32,32,30,30,248800
11/17/2025,BBNIHDCQ7A,86,88,85,86,104800
11/17/2025,BBNIZPCH6A,0,0,0,0,0
11/17/2025,BBNIZPCX5A,0,0,0,0,0
11/17/2025,BBRI,3880,3950,3880,3940,140868100
11/17/2025,BBRIBQCG6A,40,40,40,40,5600
11/17/2025,BBRIBQCJ6A,0,0,0,0,0
11/17/2025,BBRIBQCN6A,0,0,0,0,0
11/17/2025,BBRIBQCZ5A,0,0,0,0,0
11/17/2025,BBRIDRCG6A,71,71,71,71,140800
11/17/2025,BBRIDRCN6A,95,95,93,93,140600
11/17/2025,BBRIDRCX5A,60,66,60,66,6007500
11/17/2025,BBRIDRCX6A,0,0,0,0,0
11/17/2025,BBRIDRPZ5A,0,0,0,0,0
11/17/2025,BBRIHDCH6A,0,0,0,0,0
11/17/2025,BBRIHDCQ7A,81,82,79,82,81300
11/17/2025,BBRIZPCH6A,69,72,69,70,278500
11/17/2025,BBRIZPCN6A,0,0,0,0,0
11/17/2025,BBRIZPCX5A,0,0,0,0,0
11/17/2025,BBRM,85,93,85,87,25827000
11/17/2025,BBSI,3930,4010,3930,4010,7700
11/17/2025,BBSS,356,366,354,362,26400
11/17/2025,BBTN,1195,1225,1195,1210,20744600
11/17/2025,BBTNDRCV6A,58,59,58,59,25400
11/17/2025,BBTNHDCN6A,0,0,0,0,0
11/17/2025,BBTNHDCZ5A,0,0,0,0,0
11/17/2025,BBTNYUCZ5A,0,0,0,0,0
11/17/2025,BBTNZPCG6A,33,33,33,33,13900
11/17/2025,BBYB,370,382,370,376,57063400
11/17/2025,BCAP,56,57,55,56,16093700
11/17/2025,BCIC,153,153,151,153,299100
11/17/2025,BCIP,110,114,108,114,57148800
11/17/2025,BDKR,176,181,172,174,17246900
11/17/2025,BDMN,2550,2580,2540,2560,1363600
11/17/2025,BEBS,0,0,0,0,0
11/17/2025,BEEF,640,650,570,580,92742000
11/17/2025,BEER,180,240,180,214,74976600
11/17/2025,BEKS,28,28,27,27,41236800
11/17/2025,BELI,440,466,440,462,5502200
11/17/2025,BELL,76,77,70,73,77311800
11/17/2025,BESS,1740,1820,1560,1765,99400
11/17/2025,BEST,103,106,103,105,12705300
11/17/2025,BFIN,760,780,755,775,12755700
11/17/2025,BFINDRCK6A,21,21,20,20,332200
11/17/2025,BFINHDCM6A,30,30,30,30,2400
11/17/2025,BFINZPCM6A,18,19,18,18,297000
11/17/2025,BGTG,116,117,115,115,10618900
11/17/2025,BHAT,1025,1060,1025,1060,2409300
11/17/2025,BHIT,34,34,33,33,14209800
11/17/2025,BIKA,0,0,0,0,0
11/17/2025,BIKE,830,830,825,830,7202800
11/17/2025,BIMA,80,81,80,81,86800
11/17/2025,BINA,4410,4500,4410,4480,5700
11/17/2025,BINO,140,140,132,135,2875400
11/17/2025,BIPI,85,86,84,85,285654200
11/17/2025,BIPP,46,46,45,45,425800
11/17/2025,BIRD,1760,1800,1760,1770,1327700
11/17/2025,BISI,900,905,890,895,302900
11/17/2025,BJBR,800,805,795,800,2354100
11/17/2025,BJTM,545,555,540,550,12595600
11/17/2025,BKDP,37,39,37,38,147100
11/17/2025,BKSL,122,123,120,121,106772600
11/17/2025,BKSW,63,64,62,63,1221600
11/17/2025,BLES,158,166,157,159,7311100
11/17/2025,BLOG,468,470,464,468,1853800
11/17/2025,BLTA,32,32,31,31,4897900
11/17/2025,BLTZ,0,0,0,0,0
11/17/2025,BLUE,3460,3460,3030,3110,1810900
11/17/2025,BMAS,705,705,700,700,8700
11/17/2025,BMBL,43,46,42,46,21459900
11/17/2025,BMHS,152,154,151,152,2947100
11/17/2025,BMRI,4780,4850,4770,4820,136477100
11/17/2025,BMRIBQCG6A,0,0,0,0,0
11/17/2025,BMRIBQCJ6A,0,0,0,0,0
11/17/2025,BMRIBQCZ5A,7,8,6,7,3767800
11/17/2025,BMRIDRCG6A,102,108,102,106,82500
11/17/2025,BMRIDRCX5A,0,0,0,0,0
11/17/2025,BMRIDRCX6A,2320,2320,2320,2320,1000
11/17/2025,BMRIHDCQ7A,93,95,92,94,54000
11/17/2025,BMRIYUCK6A,120,120,120,120,100
11/17/2025,BMRIZPCH6A,52,54,52,53,85200
11/17/2025,BMRIZPCX5A,10,10,10,10,8400
11/17/2025,BMSR,302,368,302,334,2892300
11/17/2025,BMTR,145,146,143,145,53488500
11/17/2025,BNBA,615,675,605,630,3468600
11/17/2025,BNBR,49,49,45,45,30550800
11/17/2025,BNGA,1735,1790,1735,1765,8505500
11/17/2025,BNGADRCK6A,0,0,0,0,0
11/17/2025,BNGAHDCN6A,70,70,70,70,14800
11/17/2025,BNGAZPCH6A,48,48,48,48,5100
11/17/2025,BNII,206,208,204,206,3082400
11/17/2025,BNLI,5150,5200,5125,5150,47600
11/17/2025,BOAT,129,129,126,126,2942600
11/17/2025,BOBA,194,197,193,193,415300
11/17/2025,BOGA,530,545,530,540,2176200
11/17/2025,BOLA,171,171,167,169,212900
11/17/2025,BOLT,1115,1115,1110,1110,6600
11/17/2025,BOSS,0,0,0,0,0
11/17/2025,BPFI,318,332,316,320,385300
11/17/2025,BPII,530,535,520,520,125600
11/17/2025,BPTR,94,94,92,93,131500
11/17/2025,BRAM,4940,5100,4930,4970,4500
11/17/2025,BREN,9800,9925,9675,9725,24739000
11/17/2025,BRIS,2500,2510,2460,2480,11211600
11/17/2025,BRISBQCZ5A,0,0,0,0,0
11/17/2025,BRISDRCJ6A,28,28,28,28,22600
11/17/2025,BRISHDCH6A,0,0,0,0,0
11/17/2025,BRISHDCZ5A,0,0,0,0,0
11/17/2025,BRISZPCG6A,26,26,26,26,100000
11/17/2025,BRMS,980,990,930,930,558331100
11/17/2025,BRMSBQCZ5A,0,0,0,0,0
11/17/2025,BRMSDRCG6A,44,44,35,36,3046500
11/17/2025,BRMSDRCJ6A,177,177,162,164,148200
11/17/2025,BRMSHDCH6A,0,0,0,0,0
11/17/2025,BRMSHDCZ5A,0,0,0,0,0
11/17/2025,BRMSZPCG6A,276,276,276,276,200
11/17/2025,BRMSZPCN6A,46,47,41,42,1161300
11/17/2025,BRNA,740,740,705,725,12600
11/17/2025,BRPT,3800,3860,3750,3770,88662000
11/17/2025,BRPTBQCF6A,65,65,62,62,2653300
11/17/2025,BRPTBQCH6A,82,82,81,81,1576000
11/17/2025,BRPTBQCK6A,92,92,92,92,1576000
11/17/2025,BRPTBQCX5B,308,308,290,298,700
11/17/2025,BRPTBQCZ5A,0,0,0,0,0
11/17/2025,BRPTDRCF6A,414,414,408,408,1100
11/17/2025,BRPTDRCJ6A,242,242,234,234,38900
11/17/2025,BRPTDRCX5A,0,0,0,0,0
11/17/2025,BRPTHDCH6A,354,354,352,352,800000
11/17/2025,BRPTHDCH6B,326,326,314,318,3285100
11/17/2025,BRPTHDPG6A,47,49,47,48,128700
11/17/2025,BRPTYUCZ5A,256,256,256,256,100
11/17/2025,BRPTZPCF6A,0,0,0,0,0
11/17/2025,BRPTZPCK6A,90,90,87,87,223100
11/17/2025,BRPTZPCN6A,98,98,96,96,59100
11/17/2025,BRPTZPCX5A,0,0,0,0,0
11/17/2025,BRRC,164,169,137,137,427646000
11/17/2025,BRRC-W,23,24,17,18,81178600
11/17/2025,BSBK,70,71,69,70,48382000
11/17/2025,BSDE,965,990,960,985,20404700
11/17/2025,BSDEBQCK6A,0,0,0,0,0
11/17/2025,BSDEDRCG6A,36,36,36,36,5500
11/17/2025,BSDEDRCJ6A,0,0,0,0,0
11/17/2025,BSDEHDCM6A,0,0,0,0,0
11/17/2025,BSDEZPCH6A,44,46,44,46,61400
11/17/2025,BSDEZPCN6A,0,0,0,0,0
11/17/2025,BSIM,865,880,860,870,8300
11/17/2025,BSML,208,228,208,226,67222900
11/17/2025,BSSR,3920,3940,3910,3920,646400
11/17/2025,BSWD,900,900,900,900,300
11/17/2025,BTEK,15,15,15,15,49914900
11/17/2025,BTEL,0,0,0,0,0
11/17/2025,BTON,388,388,380,388,6800
11/17/2025,BTPN,2130,2130,2120,2130,12000
11/17/2025,BTPS,1380,1385,1365,1375,4240800
11/17/2025,BTPSDRCK6A,0,0,0,0,0
11/17/2025,BTPSHDCJ6A,0,0,0,0,0
11/17/2025,BTPSZPCH6A,30,30,30,30,4700
11/17/2025,BUAH,690,700,680,695,273400
11/17/2025,BUDI,228,230,226,230,152500
11/17/2025,BUKA,168,170,167,169,75335900
11/17/2025,BUKABQCZ5B,9,9,9,9,459300
11/17/2025,BUKADRCK6A,15,15,14,15,414500
11/17/2025,BUKAHDCN6A,32,33,32,33,300
11/17/2025,BUKAHDCZ5A,0,0,0,0,0
11/17/2025,BUKAZPCM6A,36,36,35,35,455700
11/17/2025,BUKK,985,990,970,990,81300
11/17/2025,BULL,222,256,216,232,700909300
11/17/2025,BUMI,222,232,218,222,8428653200
11/17/2025,BUVA,890,985,885,945,345526400
11/17/2025,BVIC,110,117,109,116,58150000
11/17/2025,BVIC-W,21,27,20,27,830700
11/17/2025,BWPT,143,146,142,142,51693000
11/17/2025,BYAN,17925,17925,17725,17900,25700
11/17/2025,CAKK,179,179,174,177,234100
11/17/2025,CAMP,218,218,214,214,831000
11/17/2025,CANI,45,45,45,45,78300
11/17/2025,CARE,320,330,316,326,28760200
11/17/2025,CARS,125,130,123,128,40454700
11/17/2025,CASA,1080,1100,1075,1090,3939800
11/17/2025,CASH,106,116,104,113,2327700
11/17/2025,CASS,2790,2820,2700,2790,96600
11/17/2025,CBDK,6500,6750,6325,6425,16785400
11/17/2025,CBMF,0,0,0,0,0
11/17/2025,CBPE,284,286,272,286,1746900
11/17/2025,CBRE,1120,1210,1060,1145,103352600
11/17/2025,CBUT,1435,1450,1330,1430,315500
11/17/2025,CCSI,354,354,340,350,344600
11/17/2025,CDIA,1810,1860,1810,1820,118458500
11/17/2025,CEKA,2510,2520,2500,2500,12500
11/17/2025,CENT,145,153,136,139,45448500
11/17/2025,CFIN,334,344,330,336,9037100
11/17/2025,CGAS,165,180,163,174,52383700
11/17/2025,CHEK,184,184,181,184,2928900
11/17/2025,CHEM,109,115,109,112,17845700
11/17/2025,CHIP,1385,1405,1365,1385,173100
11/17/2025,CINT,187,188,183,185,317000
11/17/2025,CITA,4350,4510,4300,4420,367100
11/17/2025,CITY,184,208,171,171,41694100
11/17/2025,CLAY,3060,3070,2740,2790,684600
11/17/2025,CLEO,520,520,515,520,2861800
11/17/2025,CLPI,1500,1595,1500,1580,400100
11/17/2025,CMNP,1400,1410,1370,1370,489000
11/17/2025,CMNT,770,775,760,770,23225600
11/17/2025,CMPP,100,100,97,97,163300
11/17/2025,CMRY,6100,6450,6000,6300,3272200
11/17/2025,CMRYDRCK6A,0,0,0,0,0
11/17/2025,CMRYHDCN6A,109,113,109,113,1100
11/17/2025,CMRYZPCJ6A,0,0,0,0,0
11/17/2025,CNKO,56,58,56,58,28511600
11/17/2025,CNMA,115,115,113,114,21883800
11/17/2025,CNTB,0,0,0,0,0
11/17/2025,CNTX,0,0,0,0,0
11/17/2025,COAL,67,67,63,63,21113900
11/17/2025,COCO,418,470,412,424,394816800
11/17/2025,COIN,3250,3530,3230,3390,85471100
11/17/2025,COWL,0,0,0,0,0
11/17/2025,CPIN,4820,4860,4610,4610,18350500
11/17/2025,CPINDRCG6A,63,63,53,53,228200
11/17/2025,CPINHDCN6A,68,68,68,68,300
11/17/2025,CPINZPCJ6A,37,37,37,37,500
11/17/2025,CPINZPCN6A,0,0,0,0,0
11/17/2025,CPRI,0,0,0,0,0
11/17/2025,CPRO,70,72,67,68,649704400
11/17/2025,CRAB,282,286,280,282,4731300
11/17/2025,CRSN,180,180,145,161,104561700
11/17/2025,CSAP,340,340,332,338,160800
11/17/2025,CSIS,390,422,370,418,88703000
11/17/2025,CSMI,308,338,286,326,36956800
11/17/2025,CSRA,880,905,865,905,5673900
11/17/2025,CTBN,5300,5300,5300,5300,4500
11/17/2025,CTRA,865,885,865,880,14929000
11/17/2025,CTRADRCJ6A,11,11,11,11,1600
11/17/2025,CTRAHDCK6A,0,0,0,0,0
11/17/2025,CTRAYUCZ5A,0,0,0,0,0
11/17/2025,CTRAZPCG6A,17,17,17,17,1000000
11/17/2025,CTTH,92,92,92,92,4023600
11/17/2025,CUAN,2150,2270,2140,2200,90469300
11/17/2025,CYBR,1370,1450,1340,1380,20567000
11/17/2025,CYBR-W,950,965,925,955,12900
11/17/2025,DAAZ,2120,2240,2120,2170,785600
11/17/2025,DADA,50,50,50,50,3452500
11/17/2025,DART,185,192,183,186,1028800
11/17/2025,DATA,4610,5150,4580,5125,13671100
11/17/2025,DAYA,1490,1550,1480,1535,24100
11/17/2025,DCII,261825,262000,261825,262000,600
11/17/2025,DEAL,0,0,0,0,0
11/17/2025,DEFI,0,0,0,0,0
11/17/2025,DEPO,260,268,256,260,342800
11/17/2025,DEWA,410,428,404,408,769205700
11/17/2025,DEWI,130,149,130,144,98459600
11/17/2025,DFAM,86,91,85,86,25748900
11/17/2025,DGIK,111,112,108,111,6939800
11/17/2025,DGNS,142,144,140,143,697700
11/17/2025,DGWG,388,394,384,390,8324000
11/17/2025,DIGI,33,34,33,34,1361800
11/17/2025,DILD,137,141,136,141,37704700
11/17/2025,DIVA,192,196,188,191,842700
11/17/2025,DKFT,860,880,735,755,114251900
11/17/2025,DKHH,91,92,90,91,5929000
11/17/2025,DKHH-W,17,18,17,17,3371000
11/17/2025,DLTA,2090,2090,2070,2080,28900
11/17/2025,DMAS,132,133,132,132,33933300
11/17/2025,DMMX,360,366,350,366,1530500
11/17/2025,DMND,620,620,595,620,290500
11/17/2025,DNAR,123,125,121,123,2000800
11/17/2025,DNET,9050,9050,8825,8950,3800
11/17/2025,DOID,340,340,334,336,3566200
11/17/2025,DOOH,163,166,157,157,147849200
11/17/2025,DOSS,163,167,162,165,2078600
11/17/2025,DPNS,0,0,0,0,0
11/17/2025,DPUM,75,79,71,75,44901000
11/17/2025,DRMA,1005,1005,970,995,1422400
11/17/2025,DSFI,87,89,86,87,3500800
11/17/2025,DSNG,1605,1615,1590,1605,17713000
11/17/2025,DSNGDRCK6A,0,0,0,0,0
11/17/2025,DSNGHDCK6A,76,78,76,76,34500
11/17/2025,DSNGZPCM6A,41,41,41,41,12100
11/17/2025,DSSA,91600,98000,91050,97200,2091900
11/17/2025,DUCK,0,0,0,0,0
11/17/2025,DUTI,4330,4390,4330,4390,1900
11/17/2025,DVLA,1655,1670,1650,1655,100800
11/17/2025,DWGL,340,342,328,338,7030800
11/17/2025,DYAN,87,88,85,87,1889900
11/17/2025,EAST,93,94,92,93,1319100
11/17/2025,ECII,184,226,181,191,13199800
11/17/2025,EDGE,4360,4530,4360,4460,53900
11/17/2025,EKAD,187,188,186,187,149700
11/17/2025,ELIT,183,184,181,182,4579200
11/17/2025,ELPI,705,715,695,700,758900
11/17/2025,ELSA,540,570,540,555,83151400
11/17/2025,ELSADRCG6A,31,33,31,32,136300
11/17/2025,ELSADRCJ6A,40,43,39,41,405200
11/17/2025,ELSAHDCK6A,44,48,44,48,322700
11/17/2025,ELSAZPCG6A,36,41,36,39,8331000
11/17/2025,ELSAZPCN6A,26,29,26,28,244500
11/17/2025,ELTY,22,22,21,22,41643500
11/17/2025,EMAS,3970,4000,3830,3830,21542400
11/17/2025,EMDE,100,100,96,97,7047400
11/17/2025,EMTK,1230,1245,1205,1210,58884000
11/17/2025,EMTKBQCH6A,24,26,24,24,227700
11/17/2025,EMTKBQCZ5A,0,0,0,0,0
11/17/2025,EMTKDRCK6A,54,84,50,50,1333300
11/17/2025,EMTKHDCK6A,67,67,64,64,159200
11/17/2025,EMTKHDCZ5A,0,0,0,0,0
11/17/2025,EMTKZPCH6A,151,151,147,147,25500
11/17/2025,EMTKZPCM6A,42,42,42,42,1000000
11/17/2025,ENAK,670,695,670,675,2688200
11/17/2025,ENRG,925,945,920,920,83049100
11/17/2025,ENRGBQCZ5A,0,0,0,0,0
11/17/2025,ENRGDRCG6A,30,30,26,27,2075700
11/17/2025,ENRGDRCJ6A,167,167,162,162,75200
11/17/2025,ENRGHDCK6A,88,89,85,86,1165700
11/17/2025,ENRGHDCZ5A,0,0,0,0,0
11/17/2025,ENRGZPCG6A,402,402,402,402,100
11/17/2025,ENRGZPCK6A,48,49,48,48,6590200
11/17/2025,ENVY,0,0,0,0,0
11/17/2025,ENZO,40,40,40,40,468500
11/17/2025,EPAC,23,23,23,23,1464200
11/17/2025,EPMT,2340,2350,2330,2350,40100
11/17/2025,ERAA,422,428,420,420,38521600
11/17/2025,ERAABQCZ5A,4,4,4,4,647100
11/17/2025,ERAADRCJ6A,7,8,7,8,2097600
11/17/2025,ERAAHDCN6A,41,41,41,41,20000
11/17/2025,ERAAHDCZ5A,0,0,0,0,0
11/17/2025,ERAAZPCH6A,15,15,15,15,200
11/17/2025,ERAL,280,290,276,288,6199900
11/17/2025,ERTX,173,177,173,173,231800
11/17/2025,ESIP,110,110,109,109,5249100
11/17/2025,ESSA,690,710,680,695,61239600
11/17/2025,ESSABQCZ5A,37,38,34,35,2100200
11/17/2025,ESSADRCN6A,41,41,39,39,1000500
11/17/2025,ESSAHDCH6A,0,0,0,0,0
11/17/2025,ESSAYUCZ5A,32,32,32,32,100
11/17/2025,ESSAZPCK6A,22,23,20,20,4664300
11/17/2025,ESTA,222,222,216,216,5375200
11/17/2025,ESTI,140,140,140,140,1091000
11/17/2025,ETWA,0,0,0,0,0
11/17/2025,EURO,310,314,290,294,3318000
11/17/2025,EXCL,2720,2750,2710,2730,8008400
11/17/2025,EXCLHDCJ6A,0,0,0,0,0
11/17/2025,EXCLZPCF6A,57,57,57,57,200000
11/17/2025,EXCLZPCM6A,0,0,0,0,0
11/17/2025,EXCLZPCN6A,0,0,0,0,0
11/17/2025,FAPA,6075,6125,6075,6100,10000
11/17/2025,FAST,615,620,590,595,11668400
11/17/2025,FASW,0,0,0,0,0
11/17/2025,FILM,5700,6425,5675,6075,11944800
11/17/2025,FIMP,0,0,0,0,0
11/17/2025,FIRE,91,92,89,90,18060200
11/17/2025,FISH,1640,1640,1595,1595,93400
11/17/2025,FITT,800,815,735,745,1037300
11/17/2025,FLMC,220,238,218,238,8368000
11/17/2025,FMII,348,358,332,350,65300
11/17/2025,FOLK,308,312,302,306,1221000
11/17/2025,FOOD,0,0,0,0,0
11/17/2025,FORE,510,515,510,515,1929500
11/17/2025,FORU,1150,1150,1100,1110,127900
11/17/2025,FPNI,0,0,0,0,0
11/17/2025,FUJI,730,795,715,765,3407500
11/17/2025,FUTR,700,705,655,655,88236100
11/17/2025,FWCT,155,155,140,146,21517800
11/17/2025,GAMA,0,0,0,0,0
11/17/2025,GDST,117,120,117,118,3435200
11/17/2025,GDYR,1115,1115,1110,1110,11400
11/17/2025,GEMA,94,95,91,93,11563400
11/17/2025,GEMS,9000,9025,8800,8900,318600
11/17/2025,GGRM,15600,15675,15400,15625,1558600
11/17/2025,GGRMZPCG6A,176,178,170,175,1378400
11/17/2025,GGRP,212,224,212,222,2309800
11/17/2025,GHON,1715,1720,1645,1685,30300
11/17/2025,GIAA,117,117,109,109,146788600
11/17/2025,GJTL,1055,1065,1045,1045,4788400
11/17/2025,GJTLZPCJ6A,21,22,20,22,211600
11/17/2025,GLOB,0,0,0,0,0
11/17/2025,GLVA,442,474,432,432,647600
11/17/2025,GMFI,81,81,81,81,15701000
11/17/2025,GMTD,2570,2630,2520,2520,18700
11/17/2025,GOLD,306,318,306,316,239100
11/17/2025,GOLF,202,202,200,202,221100
11/17/2025,GOLL,0,0,0,0,0
11/17/2025,GOOD,372,378,368,372,315700
11/17/2025,GOTO,64,65,61,62,4772617200
11/17/2025,GOTOBQCJ6A,8,9,7,8,1569500
11/17/2025,GOTOBQCQ6A,10,11,9,9,1248800
11/17/2025,GOTOBQCZ5A,2,3,2,3,11780200
11/17/2025,GOTODRCG6A,9,9,7,8,5563900
11/17/2025,GOTOHDCK6A,19,19,18,18,102900
11/17/2025,GOTOM,0,0,0,0,0
11/17/2025,GOTOZPCH6A,26,26,26,26,800
11/17/2025,GOTOZPCK6A,13,14,13,14,100100
11/17/2025,GPRA,131,137,129,136,49939400
11/17/2025,GPSO,715,760,715,755,2111800
11/17/2025,GRIA,98,105,98,102,11476900
11/17/2025,GRPH,65,66,63,65,9376100
11/17/2025,GRPM,60,61,59,60,652400
11/17/2025,GRPM-W,16,16,15,15,462900
11/17/2025,GSMF,96,102,96,100,9416000
11/17/2025,GTBO,204,214,202,208,159300
11/17/2025,GTRA,338,342,316,332,5335000
11/17/2025,GTSI,120,124,118,120,93127100
11/17/2025,GULA,372,380,360,370,2708400
11/17/2025,GUNA,282,292,280,282,3500300
11/17/2025,GWSA,147,151,146,149,455100
11/17/2025,GZCO,288,294,286,288,26569400
11/17/2025,HADE,24,24,23,23,840500
11/17/2025,HAIS,218,220,214,218,3955300
11/17/2025,HAJJ,116,117,114,116,11265500
11/17/2025,HAJJ-W,16,16,15,16,1442400
11/17/2025,HALO,112,114,104,112,414315300
11/17/2025,HALO-W,14,15,14,15,1294500
11/17/2025,HATM,338,348,328,344,17049700
11/17/2025,HBAT,252,252,232,250,4480800
11/17/2025,HDFA,163,182,157,164,4292200
11/17/2025,HDIT,60,60,60,60,16939400
11/17/2025,HEAL,1435,1440,1420,1430,3657900
11/17/2025,HEALBQCZ5A,6,6,6,6,20000
11/17/2025,HEALDRCJ6A,0,0,0,0,0
11/17/2025,HEALHDCH6A,0,0,0,0,0
11/17/2025,HEALYUCZ5A,13,13,13,13,15300
11/17/2025,HEALZPCH6A,0,0,0,0,0
11/17/2025,HEALZPCN6A,0,0,0,0,0
11/17/2025,HELI,248,252,244,250,224800
11/17/2025,HERO,530,530,500,510,267000
11/17/2025,HEXA,4630,4640,4610,4620,244400
11/17/2025,HGII,159,160,158,159,6668600
11/17/2025,HILL,159,160,153,155,2250500
11/17/2025,HITS,0,0,0,0,0
11/17/2025,HKMU,0,0,0,0,0
11/17/2025,HMSP,830,850,825,840,36515100
11/17/2025,HOKI,75,75,74,75,48117200
11/17/2025,HOME,0,0,0,0,0
11/17/2025,HOMI,436,470,436,454,2432800
11/17/2025,HOPE,134,140,130,131,50152100
11/17/2025,HOTL,0,0,0,0,0
11/17/2025,HRME,38,38,37,37,79000
11/17/2025,HRTA,1360,1365,1285,1295,32698200
11/17/2025,HRUM,1010,1025,1005,1015,10150100
11/17/2025,HRUMDRCN6A,31,31,30,30,107000
11/17/2025,HRUMHDCK6A,35,35,35,35,284800
11/17/2025,HRUMZPCG6A,0,0,0,0,0
11/17/2025,HRUMZPCM6A,25,26,25,26,60700
11/17/2025,HUMI,126,129,125,127,36383400
11/17/2025,HUMI-W,20,22,20,21,8537500
11/17/2025,HYGN,162,164,160,164,670500
11/17/2025,IATA,93,93,85,89,79939300
11/17/2025,IBFN,51,51,47,51,1075700
11/17/2025,IBOS,54,55,52,53,6478000
11/17/2025,IBST,0,0,0,0,0
11/17/2025,ICBP,8500,8700,8325,8375,21504300
11/17/2025,ICBPDRCX6A,3190,3230,3010,3030,5100
11/17/2025,ICBPHDCJ6A,19,21,16,17,1080300
11/17/2025,ICBPZPCX5A,2,2,1,2,5598700
11/17/2025,ICON,48,48,45,45,210300
11/17/2025,IDEA,65,67,65,66,3881400
11/17/2025,IDPR,308,336,308,316,1171200
11/17/2025,IFII,236,238,230,234,861800
11/17/2025,IFSH,795,810,790,800,10600
11/17/2025,IGAR,500,500,498,500,98100
11/17/2025,IIKP,0,0,0,0,0
11/17/2025,IKAI,16,16,16,16,35889200
11/17/2025,IKAN,114,114,111,113,5778300
11/17/2025,IKBI,540,560,535,545,171100
11/17/2025,IKPM,240,248,240,242,893600
11/17/2025,IMAS,1155,1235,1145,1145,2190800
11/17/2025,IMJS,246,286,240,262,105540000
11/17/2025,IMPC,2580,2700,2550,2630,25040700
11/17/2025,INAF,0,0,0,0,0
11/17/2025,INAI,151,154,150,153,68700
11/17/2025,INCF,50,50,46,46,1004600
11/17/2025,INCI,665,665,650,655,80500
11/17/2025,INCO,4240,4270,4090,4100,15955800
11/17/2025,INCOBQCF6A,59,59,59,59,40000
11/17/2025,INCOBQCJ6A,0,0,0,0,0
11/17/2025,INCOBQCN6A,0,0,0,0,0
11/17/2025,INCODRCG6A,62,62,62,62,16500
11/17/2025,INCODRCK6A,79,79,79,79,13000
11/17/2025,INCODRCX5A,0,0,0,0,0
11/17/2025,INCOHDCJ6A,94,94,94,94,22000
11/17/2025,INCOYUCZ5A,0,0,0,0,0
11/17/2025,INCOZPCK6A,46,46,43,43,46400
11/17/2025,INCOZPCN6A,72,72,72,72,101000
11/17/2025,INCOZPCX5A,174,174,174,174,1000
11/17/2025,INDF,7100,7150,7075,7100,4245000
11/17/2025,INDFDRCX6A,3460,3460,3440,3440,300
11/17/2025,INDFHDCJ6A,14,14,14,14,160000
11/17/2025,INDO,212,212,204,208,5035500
11/17/2025,INDR,2890,2900,2840,2880,12700
11/17/2025,INDS,226,228,222,228,449700
11/17/2025,INDX,170,174,165,170,7193100
11/17/2025,INDY,2020,2050,1925,1930,23326800
11/17/2025,INDYDRCN6A,80,81,74,74,76400
11/17/2025,INDYHDCJ6A,188,188,188,188,100
11/17/2025,INDYHDCN6A,50,50,50,50,100
11/17/2025,INDYZPCG6A,0,0,0,0,0
11/17/2025,INDYZPCN6A,34,34,34,34,3300
11/17/2025,INET,525,560,505,515,1354262300
11/17/2025,INET-W,410,450,408,426,5445800
11/17/2025,INKP,7600,7700,7525,7575,5328400
11/17/2025,INKPBQCX5A,0,0,0,0,0
11/17/2025,INKPDRCF6A,157,157,157,157,17000
11/17/2025,INKPDRCG6A,58,58,58,58,20000
11/17/2025,INKPHDCK6A,0,0,0,0,0
11/17/2025,INKPZPCF6A,70,74,69,73,941800
11/17/2025,INKPZPCK6A,0,0,0,0,0
11/17/2025,INOV,134,144,131,137,11733800
11/17/2025,INPC,153,157,152,154,11659000
11/17/2025,INPP,680,695,665,690,17000
11/17/2025,INPS,153,153,153,153,187800
11/17/2025,INRU,695,745,695,715,65300
11/17/2025,INTA,41,41,40,40,1016000
11/17/2025,INTD,218,218,202,216,191500
11/17/2025,INTP,6700,6775,6650,6700,636600
11/17/2025,INTPDRCN6A,0,0,0,0,0
11/17/2025,INTPHDCM6A,60,60,60,60,53500
11/17/2025,INTPZPCG6A,0,0,0,0,0
11/17/2025,INTPZPCM6A,0,0,0,0,0
11/17/2025,IOTF,88,89,87,89,21776400
11/17/2025,IPAC,214,238,210,218,314200
11/17/2025,IPCC,1185,1190,1175,1185,1298400
11/17/2025,IPCM,326,326,324,324,3093300
11/17/2025,IPOL,129,130,122,123,3250500
11/17/2025,IPPE,0,0,0,0,0
11/17/2025,IPTV,40,40,39,40,7188300
11/17/2025,IRRA,440,446,436,446,1201000
11/17/2025,IRSX,276,276,266,266,20044100
11/17/2025,ISAP,31,31,29,30,47788100
11/17/2025,ISAP-W,16,16,15,16,7037600
11/17/2025,ISAT,2040,2080,2020,2040,9205000
11/17/2025,ISATBQCF6A,26,26,24,25,1200000
11/17/2025,ISATBQCJ6A,48,48,48,48,100000
11/17/2025,ISATDRCG6A,45,45,41,42,110600
11/17/2025,ISATDRCX5A,0,0,0,0,0
11/17/2025,ISATHDCJ6A,17,19,16,17,5428300
11/17/2025,ISATZPCF6A,28,28,26,26,300
11/17/2025,ISEA,91,92,88,92,17063200
11/17/2025,ISSP,426,440,426,428,3277400
11/17/2025,ITIC,420,436,408,430,3670600
11/17/2025,ITMA,1500,1505,1410,1440,6995400
11/17/2025,ITMG,22425,22425,22275,22400,1226000
11/17/2025,ITMGDRCV6A,147,147,143,143,9900
11/17/2025,ITMGHDCJ6A,138,139,138,139,7100
11/17/2025,ITMGZPCJ6A,58,60,58,59,74400
11/17/2025,JARR,3700,3730,3580,3620,7483500
11/17/2025,JAST,96,96,92,92,8573900
11/17/2025,JATI,118,119,115,119,5925400
11/17/2025,JAWA,169,177,167,174,14604600
11/17/2025,JAYA,108,110,106,109,734100
11/17/2025,JECC,1190,1240,1110,1160,1191000
11/17/2025,JGLE,18,19,18,18,96499900
11/17/2025,JIHD,600,635,575,585,2838100
11/17/2025,JKON,85,86,84,85,3680200
11/17/2025,JMAS,151,151,147,147,899800
11/17/2025,JPFA,2420,2430,2300,2330,44215900
11/17/2025,JPFABQCZ5A,191,191,188,191,40000
11/17/2025,JPFADRCJ6A,117,117,105,105,22000
11/17/2025,JPFAHDCN6A,0,0,0,0,0
11/17/2025,JPFAHDCZ5A,0,0,0,0,0
11/17/2025,JPFAZPCG6A,187,187,184,184,7800
11/17/2025,JPFAZPCN6A,27,27,22,22,889200
11/17/2025,JRPT,880,890,875,890,200700
11/17/2025,JSKY,0,0,0,0,0
11/17/2025,JSMR,3500,3540,3500,3510,2178000
11/17/2025,JSMRDRCK6A,59,59,59,59,390000
11/17/2025,JSMRHDCH6A,0,0,0,0,0
11/17/2025,JSMRZPCG6A,0,0,0,0,0
11/17/2025,JSPT,3320,3350,3250,3320,9200
11/17/2025,JTPE,382,386,380,386,923400
11/17/2025,KAEF,570,585,565,585,843700
11/17/2025,KAQI,68,69,67,67,5929900
11/17/2025,KARW,478,478,478,478,23000
11/17/2025,KAYU,0,0,0,0,0
11/17/2025,KBAG,41,41,41,41,1261000
11/17/2025,KBLI,338,344,336,340,89900
11/17/2025,KBLM,362,364,360,364,23600
11/17/2025,KBLV,240,256,222,234,82922500
11/17/2025,KBRI,0,0,0,0,0
11/17/2025,KDSI,466,466,450,460,36600
11/17/2025,KDTN,0,0,0,0,0
11/17/2025,KEEN,1050,1075,1045,1045,8891500
11/17/2025,KEJU,735,755,720,730,954500
11/17/2025,KETR,444,550,444,550,92230500
11/17/2025,KIAS,0,0,0,0,0
11/17/2025,KICI,262,266,250,256,722500
11/17/2025,KIJA,188,189,185,188,23891200
11/17/2025,KING,206,206,204,206,313500
11/17/2025,KING-W,10,11,10,11,1013700
11/17/2025,KINO,1330,1350,1280,1320,27700
11/17/2025,KIOS,77,78,75,76,7508000
11/17/2025,KJEN,224,244,210,216,7037000
11/17/2025,KKES,30,30,29,29,429400
11/17/2025,KKGI,326,328,322,328,3596500
11/17/2025,KLAS,130,131,129,130,12937200
11/17/2025,KLBF,1235,1255,1225,1225,50255000
11/17/2025,KLBFBQCF6A,0,0,0,0,0
11/17/2025,KLBFBQCJ6A,0,0,0,0,0
11/17/2025,KLBFDRCG6A,15,15,13,14,3952400
11/17/2025,KLBFHDCK6A,0,0,0,0,0
11/17/2025,KLBFZPCF6A,0,0,0,0,0
11/17/2025,KLBFZPCJ6A,0,0,0,0,0
11/17/2025,KLIN,166,170,162,170,209700
11/17/2025,KMDS,695,700,680,695,86300
11/17/2025,KMTR,276,276,272,276,135200
11/17/2025,KOBX,177,180,174,178,9955500
11/17/2025,KOCI,93,93,87,89,19952300
11/17/2025,KOCI-W,14,15,13,14,7332100
11/17/2025,KOIN,65,72,65,69,553900
11/17/2025,KOKA,318,318,302,302,11443600
11/17/2025,KONI,2900,2900,2890,2890,4500
11/17/2025,KOPI,312,312,306,310,511400
11/17/2025,KOTA,35,38,35,38,26383700
11/17/2025,KPIG,145,145,143,143,93634700
11/17/2025,KRAS,384,436,382,424,398934100
11/17/2025,KREN,16,16,16,16,19202600
11/17/2025,KRYA,186,188,180,185,10114200
11/17/2025,KSIX,380,390,368,378,1132300
11/17/2025,KUAS,68,69,67,68,2869700
11/17/2025,LABA,254,260,228,232,50449900
11/17/2025,LABS,143,143,140,142,1143600
11/17/2025,LAJU,69,71,69,70,10922100
11/17/2025,LAND,34,36,33,36,1958600
11/17/2025,LAPD,200,200,196,196,9045900
11/17/2025,LCGP,0,0,0,0,0
11/17/2025,LCKM,220,274,220,236,2987600
11/17/2025,LEAD,76,77,75,76,17987600
11/17/2025,LFLO,695,700,660,700,304600
11/17/2025,LIFE,8800,8800,8250,8625,7300
11/17/2025,LINK,2990,3120,2700,2900,62600
11/17/2025,LION,520,555,464,468,6051400
11/17/2025,LIVE,179,187,178,184,2422900
11/17/2025,LMAS,0,0,0,0,0
11/17/2025,LMAX,83,85,81,83,1403800
11/17/2025,LMPI,149,151,147,149,25900
11/17/2025,LMSH,0,0,0,0,0
11/17/2025,LOPI,92,92,85,85,2229300
11/17/2025,LPCK,585,595,575,580,321100
11/17/2025,LPGI,765,765,750,765,7800
11/17/2025,LPIN,462,462,454,458,60500
11/17/2025,LPKR,90,90,88,89,37523500
11/17/2025,LPLI,478,478,456,460,1400100
11/17/2025,LPPF,1700,1720,1685,1715,1272500
11/17/2025,LPPS,135,139,129,134,20749500
11/17/2025,LRNA,181,189,178,179,2046000
11/17/2025,LSIP,1385,1390,1365,1385,3507200
11/17/2025,LSIPDRCK6A,0,0,0,0,0
11/17/2025,LSIPHDCJ6A,43,43,43,43,1700
11/17/2025,LSIPYUCZ5A,42,42,42,42,30000
11/17/2025,LSIPZPCG6A,0,0,0,0,0
11/17/2025,LTLS,875,875,860,865,121900
11/17/2025,LUCK,109,143,106,138,150012100
11/17/2025,LUCY,102,114,102,109,517900
11/17/2025,MABA,0,0,0,0,0
11/17/2025,MAGP,0,0,0,0,0
11/17/2025,MAHA,142,145,140,144,3510000
11/17/2025,MAIN,855,870,805,820,6943600
11/17/2025,MANG,60,62,59,62,17697400
11/17/2025,MANG-W,21,30,21,28,51123400
11/17/2025,MAPA,730,745,705,745,41737300
11/17/2025,MAPABQCZ5A,17,19,17,18,763200
11/17/2025,MAPADRCJ6A,24,24,21,23,248000
11/17/2025,MAPAHDCZ5A,0,0,0,0,0
11/17/2025,MAPAZPCH6A,38,41,38,41,15400
11/17/2025,MAPB,1670,1670,1650,1670,6900
11/17/2025,MAPI,1320,1355,1305,1340,27974000
11/17/2025,MAPIBQCK6A,0,0,0,0,0
11/17/2025,MAPIDRCX5A,7,10,7,10,2906000
11/17/2025,MAPIHDCK6A,84,90,84,88,2009800
11/17/2025,MAPIZPCJ6A,59,59,58,59,180800
11/17/2025,MARI,31,31,29,29,27158600
11/17/2025,MARK,695,730,690,730,31442100
11/17/2025,MASB,3110,3200,3100,3170,2400
11/17/2025,MAXI,55,56,54,55,6298200
11/17/2025,MAYA,256,270,254,258,14786700
11/17/2025,MBAP,1605,1635,1595,1625,173800
11/17/2025,MBMA,635,635,580,585,384690700
11/17/2025,MBMABQCX5A,36,38,20,23,498500
11/17/2025,MBMADRCG6A,24,24,15,16,36270400
11/17/2025,MBMADRCX5A,78,78,65,65,4600
11/17/2025,MBMAHDCH6A,90,90,90,90,40200
11/17/2025,MBMAHDCN6A,73,73,72,72,1705600
11/17/2025,MBMAYUCK6A,123,123,123,123,100
11/17/2025,MBMAZPCK6A,37,37,33,33,1110200
11/17/2025,MBMAZPCN6A,25,26,25,26,43100
11/17/2025,MBMAZPCX5A,141,141,141,141,300
11/17/2025,MBSS,1410,1430,1365,1365,2209300
11/17/2025,MBTO,181,186,180,183,2384800
11/17/2025,MCAS,800,810,785,800,200600
11/17/2025,MCOL,3800,3800,3760,3800,3600
11/17/2025,MCOR,72,73,71,72,5492600
11/17/2025,MDIA,32,32,31,32,6430200
11/17/2025,MDIY,1040,1075,1035,1060,508900
11/17/2025,MDKA,2390,2400,2240,2260,94282100
11/17/2025,MDKABQCX5B,4,4,2,2,11840600
11/17/2025,MDKADRCG6A,52,52,46,48,218800
11/17/2025,MDKADRCK6A,0,0,0,0,0
11/17/2025,MDKAHDCN6A,59,63,58,63,166700
11/17/2025,MDKAHDCZ5A,78,78,67,69,198300
11/17/2025,MDKAHDPH6A,0,0,0,0,0
11/17/2025,MDKAHDPJ6A,0,0,0,0,0
11/17/2025,MDKAYUCK6A,0,0,0,0,0
11/17/2025,MDKAZPCF6A,51,51,49,49,5000000
11/17/2025,MDKI,200,208,199,202,2893200
11/17/2025,MDLA,242,242,238,240,1243600
11/17/2025,MDLN,60,61,59,60,7491000
11/17/2025,MDRN,41,41,39,39,11575500
11/17/2025,MEDC,1305,1310,1285,1290,21213200
11/17/2025,MEDCBQCX5B,5,5,3,3,2527100
11/17/2025,MEDCBQCZ5A,11,12,11,11,400600
11/17/2025,MEDCDRCG6A,28,28,28,28,86400
11/17/2025,MEDCHDCH6A,0,0,0,0,0
11/17/2025,MEDCZPCF6A,0,0,0,0,0
11/17/2025,MEDS,63,63,60,62,5486200
11/17/2025,MEGA,3260,3290,3260,3260,17300
11/17/2025,MEJA,129,129,128,128,15437900
11/17/2025,MEJA-W,55,55,54,54,7700700
11/17/2025,MENN,0,0,0,0,0
11/17/2025,MERI,206,208,204,208,1609200
11/17/2025,MERK,3050,3090,3050,3080,33200
11/17/2025,META,0,0,0,0,0
11/17/2025,MFMI,0,0,0,0,0
11/17/2025,MGLV,680,815,680,700,4534400
11/17/2025,MGNA,87,87,87,87,8607800
11/17/2025,MGNA-W,60,60,57,57,30100
11/17/2025,MGRO,760,765,755,760,4449900
11/17/2025,MHKI,238,240,232,236,11726400
11/17/2025,MICE,605,680,605,610,417100
11/17/2025,MIDI,402,404,386,394,20310100
11/17/2025,MIKA,2520,2570,2520,2550,2836200
11/17/2025,MIKADRCV6A,53,53,53,53,700
11/17/2025,MIKAHDCN6A,0,0,0,0,0
11/17/2025,MIKAZPCG6A,0,0,0,0,0
11/17/2025,MINA,180,242,180,242,3425569700
11/17/2025,MINE,488,494,484,486,2711400
11/17/2025,MIRA,28,28,27,27,23274500
11/17/2025,MITI,300,324,296,310,14008700
11/17/2025,MKAP,342,342,340,342,59900
11/17/2025,MKNT,0,0,0,0,0
11/17/2025,MKPI,24100,24225,24100,24225,6100
11/17/2025,MKTR,149,158,147,154,4180900
11/17/2025,MLBI,5800,5875,5800,5850,226400
11/17/2025,MLIA,340,340,336,338,3490600
11/17/2025,MLPL,142,145,138,144,140943000
11/17/2025,MLPT,77550,78200,77450,78000,7300
11/17/2025,MMIX,268,274,242,260,12571000
11/17/2025,MMLP,570,570,565,570,2178900
11/17/2025,MNCN,268,268,264,268,22887200
11/17/2025,MNCNDRCN6A,0,0,0,0,0
11/17/2025,MNCNHDCM6A,0,0,0,0,0
11/17/2025,MNCNZPCM6A,12,12,11,11,23000
11/17/2025,MOLI,344,358,330,346,9131900
11/17/2025,MORA,0,0,0,0,0
11/17/2025,MPIX,69,70,68,69,5476100
11/17/2025,MPIX-W,11,12,10,11,1598100
11/17/2025,MPMX,970,975,965,970,1242300
11/17/2025,MPOW,117,117,114,115,910400
11/17/2025,MPPA,62,67,61,63,144469300
11/17/2025,MPRO,9400,9400,8000,8500,104200
11/17/2025,MPXL,234,244,232,238,4677000
11/17/2025,MRAT,362,366,352,354,171200
11/17/2025,MREI,980,980,960,975,61900
11/17/2025,MSIE,47,49,45,48,3757600
11/17/2025,MSIN,500,500,496,500,27335500
11/17/2025,MSJA,294,294,290,292,2768300
11/17/2025,MSKY,82,86,81,84,20527400
11/17/2025,MSTI,1430,1430,1420,1430,1197000
11/17/2025,MTDL,595,605,590,595,6228300
11/17/2025,MTEL,555,560,550,560,11019200
11/17/2025,MTELDRCK6A,13,13,13,13,100000
11/17/2025,MTELHDCM6A,0,0,0,0,0
11/17/2025,MTELZPCM6A,0,0,0,0,0
11/17/2025,MTFN,16,16,16,16,35330500
11/17/2025,MTLA,438,440,436,440,13400
11/17/2025,MTMH,1140,1170,1140,1150,6700
11/17/2025,MTPS,0,0,0,0,0
11/17/2025,MTRA,0,0,0,0,0
11/17/2025,MTSM,0,0,0,0,0
11/17/2025,MTWI,344,356,338,356,622900
11/17/2025,MUTU,116,117,113,114,3971700
11/17/2025,MYOH,1560,1560,1550,1550,500
11/17/2025,MYOR,2120,2150,2110,2120,8171600
11/17/2025,MYORDRCK6A,53,53,51,53,2601300
11/17/2025,MYORHDCM6A,44,44,44,44,76600
11/17/2025,MYORZPCH6A,27,27,27,27,26600
11/17/2025,MYTX,0,0,0,0,0
11/17/2025,NAIK,124,127,122,122,11905100
11/17/2025,NAIK-W,19,20,19,20,3501200
11/17/2025,NANO,56,56,53,53,30746400
11/17/2025,NASA,30,31,30,30,843300
11/17/2025,NASI,101,104,101,104,3152200
11/17/2025,NATO,145,149,143,148,4331500
11/17/2025,NAYZ,103,105,93,98,42541600
11/17/2025,NCKL,1025,1040,1005,1025,76230500
11/17/2025,NCKLBQCM6A,30,30,27,27,83000
11/17/2025,NCKLDRCK6A,34,34,34,34,110200
11/17/2025,NCKLHDCK6A,48,48,48,48,2000
11/17/2025,NCKLYUCZ5A,78,78,78,78,69800
11/17/2025,NCKLZPCJ6A,55,56,53,53,1091700
11/17/2025,NCKLZPCM6A,23,24,23,23,93900
11/17/2025,NELY,350,368,348,356,1649200
11/17/2025,NEST,340,340,334,340,6708400
11/17/2025,NETV,108,108,104,106,2925300
11/17/2025,NFCX,1730,1790,1730,1745,112800
11/17/2025,NICE,412,414,406,408,1762700
11/17/2025,NICK,1195,1490,1190,1255,133900
11/17/2025,NICL,960,970,955,960,1133000
11/17/2025,NIKL,372,378,366,368,1878600
11/17/2025,NINE,0,0,0,0,0
11/17/2025,NIRO,0,0,0,0,0
11/17/2025,NISP,1375,1380,1370,1375,2265900
11/17/2025,NOBU,500,505,500,505,2024200
11/17/2025,NPGF,61,64,60,62,34917600
11/17/2025,NRCA,1000,1215,970,1165,181041400
11/17/2025,NSSS,515,515,505,515,6371400
11/17/2025,NTBK,150,153,128,129,167118700
11/17/2025,NUSA,0,0,0,0,0
11/17/2025,NZIA,111,111,108,110,156400
11/17/2025,OASA,220,224,214,216,47948100
11/17/2025,OBAT,428,432,424,426,943700
11/17/2025,OBAT-W,87,87,84,86,186800
11/17/2025,OBMD,246,250,240,244,1000500
11/17/2025,OCAP,0,0,0,0,0
11/17/2025,OILS,208,234,208,220,32551200
11/17/2025,OKAS,143,143,131,139,11519600
11/17/2025,OLIV,116,119,107,109,52761200
11/17/2025,OMED,199,200,198,200,1274700
11/17/2025,OMRE,535,535,535,535,100
11/17/2025,OPMS,106,108,104,105,5998700
11/17/2025,PACK,2650,2840,2560,2590,8412700
11/17/2025,PADA,129,129,129,129,38988100
11/17/2025,PADI,73,76,73,76,14909800
11/17/2025,PALM,384,388,378,388,635700
11/17/2025,PAMG,68,69,67,68,2968800
11/17/2025,PANI,14725,15200,14350,14400,30019100
11/17/2025,PANIBQCZ5A,25,25,17,17,31125100
11/17/2025,PANIDRCG6A,69,74,63,63,1530700
11/17/2025,PANIHDCJ6A,106,110,100,100,12052400
11/17/2025,PANIHDCN6A,91,95,86,86,472700
11/17/2025,PANIHDCZ5A,131,141,121,121,2968000
11/17/2025,PANIZPCJ6A,66,69,60,61,23178400
11/17/2025,PANIZPCN6A,119,121,110,111,1371900
11/17/2025,PANR,650,680,650,665,3543400
11/17/2025,PANS,1450,1470,1445,1465,224500
11/17/2025,PART,130,144,126,135,127209300
11/17/2025,PART-W,19,20,18,20,20684400
11/17/2025,PBID,486,488,484,488,573600
11/17/2025,PBRX,36,36,35,35,6921400
11/17/2025,PBSA,1445,1600,1385,1600,23821400
11/17/2025,PCAR,36,36,35,35,2177600
11/17/2025,PDES,585,605,585,600,33900
11/17/2025,PDPP,392,406,384,390,224300
11/17/2025,PEGE,123,125,121,124,758500
11/17/2025,PEHA,326,326,322,324,120800
11/17/2025,PEVE,494,510,494,505,540400
11/17/2025,PGAS,1745,1750,1720,1750,17883100
11/17/2025,PGASBQCZ5A,0,0,0,0,0
11/17/2025,PGASDRCG6A,56,56,56,56,45300
11/17/2025,PGASDRCG6B,0,0,0,0,0
11/17/2025,PGASHDCK6A,62,62,62,62,100
11/17/2025,PGASZPCJ6A,0,0,0,0,0
11/17/2025,PGEO,1180,1215,1180,1200,29023300
11/17/2025,PGEOBQCF6A,0,0,0,0,0
11/17/2025,PGEOBQCJ6A,32,32,32,32,11100
11/17/2025,PGEOBQCX5B,2,2,1,2,12854600
11/17/2025,PGEODRCJ6A,19,19,17,18,798700
11/17/2025,PGEOHDCH6A,22,22,21,21,200
11/17/2025,PGEOHDCH6B,29,32,29,32,200
11/17/2025,PGEOHDPH6A,136,136,136,136,70000
11/17/2025,PGEOYUCK6A,60,60,59,59,300
11/17/2025,PGEOZPCJ6A,25,25,24,24,5070000
11/17/2025,PGEOZPCM6A,32,32,32,32,100
11/17/2025,PGJO,1100,1125,1050,1125,3029000
11/17/2025,PGLI,392,392,370,390,1442600
11/17/2025,PGUN,13575,13575,13000,13400,58200
11/17/2025,PICO,252,254,242,244,2090500
11/17/2025,PIPA,294,314,280,284,112471800
11/17/2025,PJAA,525,525,515,520,87000
11/17/2025,PJHB,900,900,735,735,167572500
11/17/2025,PJHB-W,340,348,270,280,13514500
11/17/2025,PKPK,595,610,580,595,230200
11/17/2025,PLAN,46,47,45,46,2504600
11/17/2025,PLAS,0,0,0,0,0
11/17/2025,PLIN,0,0,0,0,0
11/17/2025,PMJS,117,118,115,117,163600
11/17/2025,PMMP,0,0,0,0,0
11/17/2025,PMUI,150,154,147,149,9693700
11/17/2025,PNBN,1040,1055,1030,1035,13169100
11/17/2025,PNBS,54,54,53,54,16775600
11/17/2025,PNGO,3040,3090,3040,3050,18100
11/17/2025,PNIN,820,825,800,805,588500
11/17/2025,PNLF,258,264,256,258,115062900
11/17/2025,PNLFBQCM6A,22,22,20,22,5841900
11/17/2025,PNLFDRCJ6A,10,12,10,11,400000
11/17/2025,PNLFHDCZ5A,29,29,27,28,2600
11/17/2025,PNLFZPCH6A,32,32,32,32,11400
11/17/2025,PNSE,730,760,705,720,36000
11/17/2025,POLA,35,35,33,34,3116500
11/17/2025,POLI,770,770,765,765,6000
11/17/2025,POLL,0,0,0,0,0
11/17/2025,POLU,23700,27200,23700,26175,74700
11/17/2025,POLY,25,25,25,25,173400
11/17/2025,POOL,0,0,0,0,0
11/17/2025,PORT,1145,1170,1105,1125,25500
11/17/2025,POSA,0,0,0,0,0
11/17/2025,POWR,710,725,710,715,7942500
11/17/2025,PPGL,137,147,130,132,9635800
11/17/2025,PPRE,116,119,115,117,17276300
11/17/2025,PPRI,356,360,340,344,6336000
11/17/2025,PPRO,0,0,0,0,0
11/17/2025,PRAY,850,855,825,835,47800
11/17/2025,PRDA,2480,2480,2410,2420,665700
11/17/2025,PRIM,80,84,79,82,31378100
11/17/2025,PSAB,575,575,550,550,71231500
11/17/2025,PSAT,1350,1370,1335,1340,1015800
11/17/2025,PSDN,104,105,103,104,951000
11/17/2025,PSGO,216,218,212,214,444200
11/17/2025,PSKT,160,160,157,157,14529300
11/17/2025,PSSI,350,350,346,346,170100
11/17/2025,PTBA,2340,2370,2340,2350,7490900
11/17/2025,PTBADRCG6A,14,14,14,14,36000
11/17/2025,PTBAHDCM6A,51,51,51,51,10000
11/17/2025,PTBAYUCZ5A,65,65,65,65,200
11/17/2025,PTBAZPCH6A,0,0,0,0,0
11/17/2025,PTDU,24,24,24,24,430800
11/17/2025,PTIS,408,428,408,414,18100
11/17/2025,PTMP,90,94,89,94,29164900
11/17/2025,PTMR,0,0,0,0,0
11/17/2025,PTPP,380,380,370,372,8117000
11/17/2025,PTPS,202,204,200,200,8612400
11/17/2025,PTPW,970,980,970,975,20100
11/17/2025,PTRO,9025,9225,8925,9075,21574700
11/17/2025,PTRODRCG6A,344,346,320,320,798100
11/17/2025,PTROHDCK6A,545,555,530,530,83400
11/17/2025,PTROHDCN6A,108,113,105,108,15820600
11/17/2025,PTROYUCK6A,515,520,500,500,11100
11/17/2025,PTROZPCK6A,276,276,268,270,12181700
11/17/2025,PTROZPCN6A,135,139,132,135,7737000
11/17/2025,PTSN,382,384,374,378,703300
11/17/2025,PTSP,1110,1150,1065,1085,101900
11/17/2025,PUDP,1115,1120,930,930,679200
11/17/2025,PURA,27,27,27,27,4399400
11/17/2025,PURE,0,0,0,0,0
11/17/2025,PURI,1180,1385,945,945,32202700
11/17/2025,PWON,362,366,360,362,19260400
11/17/2025,PWONDRCN6A,26,26,25,25,600
11/17/2025,PWONHDCZ5A,0,0,0,0,0
11/17/2025,PWONZPCH6A,0,0,0,0,0
11/17/2025,PYFA,545,555,525,530,30715100
11/17/2025,PYFA-W,124,125,120,122,107900
11/17/2025,PZZA,224,228,222,226,788700
11/17/2025,RAAM,244,258,242,246,13924900
11/17/2025,R-ABFII,0,0,0,0,0
11/17/2025,RAFI,39,39,36,36,39926800
11/17/2025,RAJA,4750,4860,4690,4690,34828000
11/17/2025,RAJADRCG6A,234,236,220,220,148400
11/17/2025,RAJAHDCK6A,222,228,220,220,34500
11/17/2025,RAJAZPCK6A,115,115,108,108,250100
11/17/2025,RALS,430,438,428,434,8441000
11/17/2025,RANC,1110,1125,1020,1045,451800
11/17/2025,RATU,10225,10600,9950,10125,19973800
11/17/2025,RBMS,38,38,38,38,2006500
11/17/2025,RCCC,196,212,196,208,4710900
11/17/2025,RDTX,12300,12300,12300,12300,1100
11/17/2025,REAL,70,71,67,68,130268100
11/17/2025,RELF,42,43,41,43,6386400
11/17/2025,RELI,630,650,605,645,23200
11/17/2025,RGAS,100,103,98,100,18997600
11/17/2025,RICY,57,62,57,62,97600
11/17/2025,RIGS,775,790,765,785,25200
11/17/2025,RIMO,0,0,0,0,0
11/17/2025,RISE,9950,10550,9500,10550,3034600
11/17/2025,R-LQ45X,1028,1028,1028,1028,300
11/17/2025,RMKE,2700,2960,2680,2940,20905800
11/17/2025,RMKO,210,228,200,214,7835200
11/17/2025,ROCK,468,468,468,468,1300
11/17/2025,RODA,46,46,46,46,27200
11/17/2025,RONY,3940,3940,3830,3830,32600
11/17/2025,ROTI,800,805,790,800,483700
11/17/2025,RSCH,376,388,376,384,3173700
11/17/2025,RSGK,0,0,0,0,0
11/17/2025,RUIS,192,216,189,206,29516000
11/17/2025,RUNS,99,99,95,98,820400
11/17/2025,SAFE,262,270,256,262,916900
11/17/2025,SAGE,30,30,30,30,1976500
11/17/2025,SAME,314,334,308,318,1493200
11/17/2025,SAMF,314,316,314,316,122200
11/17/2025,SAPX,304,306,300,302,446100
11/17/2025,SATU,258,258,252,254,2465800
11/17/2025,SBAT,0,0,0,0,0
11/17/2025,SBMA,130,130,129,129,795700
11/17/2025,SCCO,2450,2460,2400,2420,74900
11/17/2025,SCMA,350,370,350,364,155556700
11/17/2025,SCMABQCZ5A,0,0,0,0,0
11/17/2025,SCMADRCG6A,17,20,16,18,1088500
11/17/2025,SCMADRCK6A,115,120,113,120,213500
11/17/2025,SCMAHDCK6A,48,51,48,49,81300
11/17/2025,SCMAHDCZ5A,348,366,348,366,400
11/17/2025,SCMAYUCK6A,86,89,85,87,72700
11/17/2025,SCMAZPCG6A,202,210,202,204,8200
11/17/2025,SCMAZPCM6A,48,52,48,50,674500
11/17/2025,SCNP,161,165,160,162,891500
11/17/2025,SCPI,0,0,0,0,0
11/17/2025,SDMU,62,64,62,64,3819600
11/17/2025,SDPC,138,141,136,138,269100
11/17/2025,SDRA,282,286,282,282,440800
11/17/2025,SEMA,102,103,99,100,925000
11/17/2025,SFAN,1925,1930,1925,1925,84500
11/17/2025,SGER,466,478,440,460,27334800
11/17/2025,SGRO,5800,5900,5725,5850,2214400
11/17/2025,SHID,870,870,870,870,600
11/17/2025,SHIP,6575,6575,5875,5875,649200
11/17/2025,SICO,136,140,134,137,7700900
11/17/2025,SIDO,565,565,555,560,16308600
11/17/2025,SIDODRCK6A,0,0,0,0,0
11/17/2025,SIDOHDCN6A,0,0,0,0,0
11/17/2025,SIDOZPCM6A,0,0,0,0,0
11/17/2025,SILO,2500,2600,2420,2550,3766800
11/17/2025,SIMA,0,0,0,0,0
11/17/2025,SIMP,630,645,630,635,7837100
11/17/2025,SINI,6700,6700,6650,6650,268500
11/17/2025,SIPD,705,705,705,705,500
11/17/2025,SKBM,484,545,480,530,682300
11/17/2025,SKLT,210,216,208,214,544500
11/17/2025,SKRN,675,835,600,720,6543100
11/17/2025,SKYB,0,0,0,0,0
11/17/2025,SLIS,80,81,79,80,12033500
11/17/2025,SLIS-W,14,14,13,14,1123800
11/17/2025,SMAR,5050,5125,5025,5050,52200
11/17/2025,SMBR,290,302,290,290,22950700
11/17/2025,SMCB,0,0,0,0,0
11/17/2025,SMDM,815,820,810,820,129500
11/17/2025,SMDR,306,312,306,312,14253700
11/17/2025,SMGA,108,108,105,106,26098000
11/17/2025,SMGR,2600,2620,2570,2600,5953600
11/17/2025,SMGRBQCX5B,5,7,5,7,2608200
11/17/2025,SMGRBQCZ5A,3,4,3,3,3665000
11/17/2025,SMGRDRCG6A,28,28,28,28,53500
11/17/2025,SMGRHDCZ5A,0,0,0,0,0
11/17/2025,SMGRZPCJ6A,0,0,0,0,0
11/17/2025,SMIL,478,486,470,486,153782400
11/17/2025,SMKL,174,174,170,173,418300
11/17/2025,SMKM,148,150,140,145,13786100
11/17/2025,SMLE,264,264,232,246,5646600
11/17/2025,SMMA,12975,13000,12825,12825,20800
11/17/2025,SMMT,1700,1700,1640,1700,94400
11/17/2025,SMRA,390,396,390,392,20798900
11/17/2025,SMRADRCG6A,0,0,0,0,0
11/17/2025,SMRADRCJ6A,16,16,16,16,365900
11/17/2025,SMRAHDCZ5A,0,0,0,0,0
11/17/2025,SMRAZPCH6A,35,35,35,35,10000
11/17/2025,SMRU,0,0,0,0,0
11/17/2025,SMSM,1825,1845,1795,1800,3719000
11/17/2025,SNLK,408,412,406,410,7903800
11/17/2025,SOCI,210,214,208,212,3911600
11/17/2025,SOFA,248,268,244,268,29857500
11/17/2025,SOHO,1660,1660,1660,1660,32200
11/17/2025,SOLA,132,132,128,129,3465900
11/17/2025,SONA,2530,2550,2400,2470,179000
11/17/2025,SOSS,1075,1075,1045,1045,8700
11/17/2025,SOTS,306,326,306,324,10500
11/17/2025,SOUL,80,88,78,88,5294800
11/17/2025,SPMA,268,268,260,262,1157100
11/17/2025,SPRE,114,136,114,126,6677800
11/17/2025,SPTO,680,690,675,690,4630100
11/17/2025,SQMI,0,0,0,0,0
11/17/2025,SRAJ,18375,18400,13525,14000,1076200
11/17/2025,SRIL,0,0,0,0,0
11/17/2025,SRSN,65,68,65,66,16688400
11/17/2025,SRTG,1610,1645,1595,1600,5211100
11/17/2025,SRTGDRCK6A,58,58,58,58,1300
11/17/2025,SRTGHDCK6A,54,54,54,54,5300
11/17/2025,SRTGZPCG6A,52,52,52,52,3400
11/17/2025,SRTGZPCK6A,27,27,25,25,180800
11/17/2025,SSIA,1610,1770,1610,1745,103998000
11/17/2025,SSMS,1555,1590,1535,1590,7301700
11/17/2025,SSTM,775,775,775,775,45300
11/17/2025,STAA,1450,1460,1425,1450,18066300
11/17/2025,STAR,84,84,81,81,105300
11/17/2025,STRK,185,187,181,182,27598800
11/17/2025,STTP,9950,10025,9800,10025,3000
11/17/2025,SUGI,0,0,0,0,0
11/17/2025,SULI,131,132,125,129,1066500
11/17/2025,SUNI,800,805,785,800,604400
11/17/2025,SUPR,0,0,0,0,0
11/17/2025,SURE,2670,2700,2610,2660,7300
11/17/2025,SURI,100,100,98,100,12731900
11/17/2025,SWAT,0,0,0,0,0
11/17/2025,SWID,113,122,109,116,22766600
11/17/2025,TALF,496,515,490,498,92700
11/17/2025,TAMA,31,31,31,31,6075700
11/17/2025,TAMU,28,29,28,28,12589200
11/17/2025,TAPG,1615,1640,1605,1620,6305700
11/17/2025,TAPGDRCG6A,0,0,0,0,0
11/17/2025,TAPGDRCJ6A,98,98,98,98,100
11/17/2025,TAPGHDCH6A,210,210,210,210,100
11/17/2025,TAPGZPCH6A,0,0,0,0,0
11/17/2025,TAPGZPCM6A,33,33,33,33,3000
11/17/2025,TARA,28,28,26,27,4239000
11/17/2025,TAXI,17,18,17,18,132971600
11/17/2025,TAYS,80,80,78,79,4238000
11/17/2025,TBIG,2000,2020,1960,2000,762600
11/17/2025,TBLA,735,740,730,735,2233000
11/17/2025,TBMS,1400,1410,1390,1390,43800
11/17/2025,TCID,3200,3200,3030,3150,83200
11/17/2025,TCPI,7625,7625,7400,7625,6597700
11/17/2025,TDPM,0,0,0,0,0
11/17/2025,TEBE,2550,2550,2360,2480,8073100
11/17/2025,TECH,0,0,0,0,0
11/17/2025,TELE,0,0,0,0,0
11/17/2025,TFAS,246,252,238,246,736500
11/17/2025,TFCO,0,0,0,0,0
11/17/2025,TGKA,5225,5250,5100,5200,5300
11/17/2025,TGRA,0,0,0,0,0
11/17/2025,TGUK,0,0,0,0,0
11/17/2025,TIFA,414,430,408,414,131600
11/17/2025,TINS,3180,3320,3160,3200,44039300
11/17/2025,TIRA,1570,1570,1380,1400,831300
11/17/2025,TIRT,0,0,0,0,0
11/17/2025,TKIM,7025,7050,6900,7025,611800
11/17/2025,TKIMDRCN6A,0,0,0,0,0
11/17/2025,TKIMHDCJ6A,0,0,0,0,0
11/17/2025,TKIMZPCG6A,81,82,81,81,548200
11/17/2025,TKIMZPCK6A,0,0,0,0,0
11/17/2025,TLDN,715,715,695,700,1303200
11/17/2025,TLKM,3570,3630,3560,3610,76833800
11/17/2025,TLKMBQCG6A,0,0,0,0,0
11/17/2025,TLKMBQCJ6A,0,0,0,0,0
11/17/2025,TLKMDRCJ6A,100,100,97,97,294900
11/17/2025,TLKMDRCX6A,0,0,0,0,0
11/17/2025,TLKMHDCJ6A,83,83,81,81,30400
11/17/2025,TLKMYUCK6A,138,139,138,139,23000
11/17/2025,TLKMZPCF6A,0,0,0,0,0
11/17/2025,TLKMZPCM6A,0,0,0,0,0
11/17/2025,TMAS,130,130,128,130,1152500
11/17/2025,TMPO,164,181,159,179,12651600
11/17/2025,TNCA,230,234,226,226,510600
11/17/2025,TOBA,850,850,815,815,63344100
11/17/2025,TOOL,65,66,64,64,8475400
11/17/2025,TOPS,0,0,0,0,0
11/17/2025,TOSK,77,77,74,74,51105800
11/17/2025,TOTL,950,985,945,955,3683200
11/17/2025,TOTO,292,296,268,280,9611800
11/17/2025,TOWR,545,545,535,545,31345800
11/17/2025,TOWRDRCN6A,17,17,16,16,468300
11/17/2025,TOWRHDCK6A,22,22,21,21,11900
11/17/2025,TOYS,0,0,0,0,0
11/17/2025,TPIA,7050,7150,7025,7100,6656600
11/17/2025,TPMA,585,585,575,580,5587000
11/17/2025,TRAM,0,0,0,0,0
11/17/2025,TRGU,194,199,192,198,524000
11/17/2025,TRIL,0,0,0,0,0
11/17/2025,TRIM,630,675,600,630,1032400
11/17/2025,TRIN,510,570,505,560,10198700
11/17/2025,TRIN-W2,515,555,510,555,5600
11/17/2025,TRIO,0,0,0,0,0
11/17/2025,TRIS,195,198,186,189,2278400
11/17/2025,TRJA,153,156,152,153,315100
11/17/2025,TRON,91,96,90,94,33347100
11/17/2025,TRST,480,484,440,468,302500
11/17/2025,TRUE,111,111,109,110,12563100
11/17/2025,TRUK,550,615,496,510,17610100
11/17/2025,TRUS,436,438,428,438,27500
11/17/2025,TSPC,2910,2930,2890,2920,835800
11/17/2025,TUGU,1020,1030,1010,1020,4244200
11/17/2025,TYRE,128,129,124,125,1042200
11/17/2025,UANG,6025,7100,5600,5900,18314300
11/17/2025,UCID,448,450,446,448,369200
11/17/2025,UDNG,4370,4370,3920,3920,1421600
11/17/2025,UFOE,187,188,184,185,904500
11/17/2025,ULTJ,1410,1470,1410,1430,10121800
11/17/2025,UNIC,9325,9325,9000,9025,9600
11/17/2025,UNIQ,394,408,390,398,34266400
11/17/2025,UNIT,0,0,0,0,0
11/17/2025,UNSP,200,200,197,197,44200
11/17/2025,UNTD,92,105,92,100,284449700
11/17/2025,UNTR,28000,28250,27975,28025,1640800
11/17/2025,UNTRDRCG6A,0,0,0,0,0
11/17/2025,UNTRHDCM6A,186,187,186,187,30000
11/17/2025,UNTRZPCJ6A,0,0,0,0,0
11/17/2025,UNVR,2540,2620,2520,2590,37359900
11/17/2025,UNVRBQCG6A,0,0,0,0,0
11/17/2025,UNVRBQCK6A,0,0,0,0,0
11/17/2025,UNVRBQCZ5A,240,248,222,230,33200
11/17/2025,UNVRDRCG6A,127,133,126,133,99200
11/17/2025,UNVRHDCM6A,184,184,178,178,34900
11/17/2025,UNVRHDPG6A,16,16,14,14,744600
11/17/2025,UNVRZPCH6A,106,112,106,112,300
11/17/2025,UNVRZPCM6A,115,115,115,115,100
11/17/2025,URBN,190,204,180,186,6068000
11/17/2025,UVCR,118,118,110,115,24336000
11/17/2025,VAST,153,155,150,155,3154300
11/17/2025,VAST-W,14,14,12,14,581200
11/17/2025,VERN,119,121,116,118,555200
11/17/2025,VICI,630,630,625,630,272100
11/17/2025,VICO,184,188,182,183,906500
11/17/2025,VINS,151,153,149,153,501200
11/17/2025,VISI,204,212,204,206,11346200
11/17/2025,VIVA,29,29,28,28,12358700
11/17/2025,VKTR,428,446,420,440,77808500
11/17/2025,VOKS,270,272,264,268,172300
11/17/2025,VRNA,86,87,84,84,1375400
11/17/2025,VTNY,95,96,93,94,15556500
11/17/2025,WAPO,183,195,182,194,11376200
11/17/2025,WEGE,67,67,65,66,13331300
11/17/2025,WEHA,106,107,105,106,559200
11/17/2025,WGSH,270,270,244,248,2186600
11/17/2025,WICO,0,0,0,0,0
11/17/2025,WIDI,40,41,40,41,4004200
11/17/2025,WIFI,3370,3550,3350,3430,96606200
11/17/2025,WIIM,1400,1475,1400,1475,8929500
11/17/2025,WIKA,0,0,0,0,0
11/17/2025,WINE,198,216,198,208,7377500
11/17/2025,WINR,37,37,37,37,8474800
11/17/2025,WINS,458,464,454,456,10343800
11/17/2025,WIRG,115,115,112,113,111887800
11/17/2025,WMPP,0,0,0,0,0
11/17/2025,WMUU,30,33,30,33,57058800
11/17/2025,WOMF,334,334,328,334,180300
11/17/2025,WOOD,426,426,416,416,2510900
11/17/2025,WOWS,83,85,80,82,40511900
11/17/2025,WSBP,22,22,21,21,57986400
11/17/2025,WSKT,0,0,0,0,0
11/17/2025,WTON,100,101,99,100,4120900
11/17/2025,XAQA,0,0,0,0,0
11/17/2025,XBES,0,0,0,0,0
11/17/2025,XBID,547,547,547,547,40000
11/17/2025,XBIG,0,0,0,0,0
11/17/2025,XBIN,621,621,621,621,40000
11/17/2025,XBLQ,0,0,0,0,0
11/17/2025,XBNI,0,0,0,0,0
11/17/2025,XBSK,467,467,467,467,40000
11/17/2025,XCEG,111,111,111,111,300
11/17/2025,XCID,57,57,56,57,103500
11/17/2025,XCIS,81,81,73,80,20000
11/17/2025,XCLQ,95,100,87,96,20400
11/17/2025,XDIF,478,570,412,480,18000
11/17/2025,XIFE,108,115,108,115,112400
11/17/2025,XIHD,659,685,659,684,19100
11/17/2025,XIIC,0,0,0,0,0
11/17/2025,XIID,0,0,0,0,0
11/17/2025,XIIF,0,0,0,0,0
11/17/2025,XIIT,550,554,545,549,8400
11/17/2025,XIJI,685,687,681,687,30900
11/17/2025,XILV,150,150,105,122,35100
11/17/2025,XIML,261,261,261,261,100
11/17/2025,XIPB,270,270,199,210,45900
11/17/2025,XIPI,230,230,229,229,6600
11/17/2025,XISB,132,132,132,132,100
11/17/2025,XISC,835,835,710,720,3400
11/17/2025,XISI,357,357,357,357,100
11/17/2025,XISR,457,457,457,457,100
11/17/2025,XKID,1012,1012,1012,1012,100
11/17/2025,XKIV,613,613,613,613,40000
11/17/2025,XKMS,1191,1196,1191,1195,200000
11/17/2025,XMGB,1138,1139,1138,1139,1600
11/17/2025,XMIG,228,228,228,228,200000
11/17/2025,XMLF,934,934,934,934,40000
11/17/2025,XMSK,0,0,0,0,0
11/17/2025,XNVE,0,0,0,0,0
11/17/2025,XPDV,780,780,555,646,19600
11/17/2025,XPFT,0,0,0,0,0
11/17/2025,XPIN,0,0,0,0,0
11/17/2025,XPLQ,510,510,510,510,500
11/17/2025,XPSG,366,515,366,416,19800
11/17/2025,XPTD,0,0,0,0,0
11/17/2025,XSBC,109,109,109,109,26300
11/17/2025,XSPI,0,0,0,0,0
11/17/2025,XSSI,87,89,87,89,53100
11/17/2025,XSSK,723,723,723,723,20000
11/17/2025,YELO,73,74,73,74,10266800
11/17/2025,YOII,98,100,97,98,2769100
11/17/2025,YPAS,462,462,462,462,26100
11/17/2025,YULE,0,0,0,0,0
11/17/2025,YUPI,1655,1670,1635,1645,102900
11/17/2025,ZATA,69,69,67,68,20280900
11/17/2025,ZBRA,0,0,0,0,0
11/17/2025,ZINC,34,34,34,34,49742800
11/17/2025,ZONE,560,565,555,560,19900
11/17/2025,ZYRX,151,200,147,187,91310300
