<date>,<ticker>,<open>,<high>,<low>,<close>,<volume>
10/6/2025,IHSG,8155.370,8176.310,8104.550,8139.894,43737664900
10/6/2025,AADI,7475,7475,7300,7350,9241100
10/6/2025,AADIDRCN6A,80,80,78,78,371500
10/6/2025,AADIHDCK6A,83,83,80,80,1239300
10/6/2025,AADIYUCK6A,276,276,274,274,32700
10/6/2025,AALI,7950,7950,7550,7575,3060100
10/6/2025,ABBA,74,74,74,74,38958600
10/6/2025,ABDA,2970,2970,2970,2970,100
10/6/2025,ABMM,2860,2860,2800,2810,1509900
10/6/2025,ACES,434,440,428,428,46850100
10/6/2025,ACESBQCV5A,7,8,6,6,29830600
10/6/2025,ACESBQCX5B,7,8,6,7,17843200
10/6/2025,ACESBQCZ5A,17,17,17,17,2000
10/6/2025,ACESDRCJ6A,13,13,11,12,2508200
10/6/2025,ACESHDCZ5A,0,0,0,0,0
10/6/2025,ACESZPCJ6A,20,20,18,19,225900
10/6/2025,ACRO,90,91,86,89,19078700
10/6/2025,ACRO-W,13,13,12,13,8421000
10/6/2025,ACST,144,154,144,153,31684700
10/6/2025,ADCP,62,62,59,59,52020800
10/6/2025,ADES,13550,13600,13500,13575,25100
10/6/2025,ADHI,278,280,264,266,28670900
10/6/2025,ADMF,8775,8800,8700,8750,89200
10/6/2025,ADMG,138,140,135,140,747100
10/6/2025,ADMR,1095,1105,1065,1105,38546100
10/6/2025,ADMRDRCJ6A,39,39,36,37,3800900
10/6/2025,ADMRHDCJ6A,0,0,0,0,0
10/6/2025,ADMRZPCH6A,0,0,0,0,0
10/6/2025,ADRO,1665,1690,1650,1655,65170200
10/6/2025,ADROBQCG6A,0,0,0,0,0
10/6/2025,ADROBQCZ5A,12,14,10,11,17518300
10/6/2025,ADRODRCJ6A,47,47,47,47,50000
10/6/2025,ADRODRCX5A,27,27,27,27,2604500
10/6/2025,ADROHDCZ5A,38,38,38,38,34700
10/6/2025,ADROHDPH6A,0,0,0,0,0
10/6/2025,ADROYUCZ5A,50,50,50,50,500
10/6/2025,ADROZPCF6A,1,20,1,20,78900
10/6/2025,ADROZPCK6A,43,43,43,43,500
10/6/2025,AEGS,47,48,44,46,22186000
10/6/2025,AGAR,258,258,250,250,64000
10/6/2025,AGII,1560,1560,1560,1560,4102600
10/6/2025,AGRO,254,256,240,246,26764300
10/6/2025,AGRS,78,78,74,75,12398500
10/6/2025,AHAP,85,90,83,86,54215800
10/6/2025,AIMS,406,406,406,406,82500
10/6/2025,AISA,145,145,139,141,9453500
10/6/2025,AKKU,0,0,0,0,0
10/6/2025,AKPI,575,615,560,610,900000
10/6/2025,AKRA,1135,1145,1115,1115,19125000
10/6/2025,AKRABQCX5B,20,20,20,20,2000
10/6/2025,AKRADRCX5A,23,23,18,18,2516700
10/6/2025,AKRAHDCH6A,47,47,45,46,15000
10/6/2025,AKRAZPCJ6A,38,38,37,37,21800
10/6/2025,AKRAZPCM6A,34,34,31,31,4500
10/6/2025,AKRAZPCX5A,0,0,0,0,0
10/6/2025,AKSI,314,318,292,300,962500
10/6/2025,ALDO,494,498,492,494,218500
10/6/2025,ALII,545,550,530,540,1431900
10/6/2025,ALKA,340,340,330,334,13000
10/6/2025,ALMI,0,0,0,0,0
10/6/2025,ALTO,0,0,0,0,0
10/6/2025,AMAG,356,356,352,354,131900
10/6/2025,AMAN,153,155,150,153,1725100
10/6/2025,AMAR,216,220,212,218,3803400
10/6/2025,AMFG,3520,3520,3250,3500,59900
10/6/2025,AMIN,238,246,232,240,443800
10/6/2025,AMMN,6975,7050,6875,6925,22995100
10/6/2025,AMMNBQCZ5A,15,16,14,14,3080700
10/6/2025,AMMNDRCJ6A,43,43,42,43,3000
10/6/2025,AMMNHDCH6A,0,0,0,0,0
10/6/2025,AMMNZPCG6A,26,26,26,26,200
10/6/2025,AMMS,240,246,216,232,9217900
10/6/2025,AMOR,454,456,448,450,128500
10/6/2025,AMRT,1970,2030,1960,1960,40107200
10/6/2025,AMRTDRCZ5A,22,23,19,21,4603000
10/6/2025,AMRTHDCJ6A,14,16,13,14,29341700
10/6/2025,AMRTZPCK6A,21,22,20,21,401000
10/6/2025,AMRTZPCX5A,25,25,25,25,157300
10/6/2025,ANDI,25,25,25,25,15126300
10/6/2025,ANJT,2250,2700,2180,2650,18986000
10/6/2025,ANTM,3260,3300,3180,3190,111584900
10/6/2025,ANTMBQCX5A,64,64,55,57,35100
10/6/2025,ANTMBQCZ5A,725,725,715,715,5600
10/6/2025,ANTMDRCG6A,48,48,47,47,58600
10/6/2025,ANTMDRCX5A,326,326,322,322,35900
10/6/2025,ANTMDRPZ5A,33,33,33,33,16100
10/6/2025,ANTMHDCH6A,87,87,84,84,30500
10/6/2025,ANTMHDCH6B,135,139,130,130,1026200
10/6/2025,ANTMHDPH6A,67,68,67,68,20000
10/6/2025,ANTMZPCJ6A,84,84,77,78,45600
10/6/2025,ANTMZPCK6A,32,35,31,33,4542800
10/6/2025,ANTMZPCX5A,216,216,208,208,679500
10/6/2025,APEX,155,160,140,149,145920800
10/6/2025,APIC,1190,1195,1175,1185,4278100
10/6/2025,APII,179,183,178,183,77800
10/6/2025,APLI,474,494,452,478,55700
10/6/2025,APLN,102,103,99,99,33735200
10/6/2025,ARCI,965,1080,945,1065,391122300
10/6/2025,AREA,570,575,555,570,1812300
10/6/2025,ARGO,1155,1155,1090,1130,113300
10/6/2025,ARII,288,326,280,292,3881300
10/6/2025,ARKA,30,30,30,30,7679000
10/6/2025,ARKO,1550,1575,1505,1540,1056400
10/6/2025,ARMY,0,0,0,0,0
10/6/2025,ARNA,530,530,515,520,7104700
10/6/2025,ARTA,3380,3430,3050,3180,39800
10/6/2025,ARTI,0,0,0,0,0
10/6/2025,ARTO,2180,2180,2120,2130,7395300
10/6/2025,ARTOBQCX5B,87,87,87,87,100
10/6/2025,ARTOBQCZ5A,15,16,13,14,6962500
10/6/2025,ARTODRCK6A,73,73,73,73,49700
10/6/2025,ARTODRCX5A,0,0,0,0,0
10/6/2025,ARTOHDCZ5A,0,0,0,0,0
10/6/2025,ARTOZPCK6A,47,47,44,46,7000
10/6/2025,ARTOZPCX5A,46,46,46,46,100
10/6/2025,ASBI,466,466,450,450,8400
10/6/2025,ASDM,550,570,540,555,45900
10/6/2025,ASGR,1155,1215,1155,1175,1703600
10/6/2025,ASHA,84,86,84,86,41504400
10/6/2025,ASII,5900,5925,5800,5825,21815800
10/6/2025,ASIIBQCZ5A,118,118,118,118,4200
10/6/2025,ASIIDRCX5A,0,0,0,0,0
10/6/2025,ASIIDRCX6A,0,0,0,0,0
10/6/2025,ASIIHDCZ5A,0,0,0,0,0
10/6/2025,ASIIZPCJ6A,0,0,0,0,0
10/6/2025,ASIIZPCM6A,35,35,33,34,93900
10/6/2025,ASJT,127,131,124,125,929400
10/6/2025,ASLC,88,89,84,85,50780300
10/6/2025,ASLI,0,0,0,0,0
10/6/2025,ASMI,28,28,28,28,2492600
10/6/2025,ASPI,625,625,565,565,757300
10/6/2025,ASPR,100,100,97,98,8229600
10/6/2025,ASRI,177,180,171,173,34270600
10/6/2025,ASRM,326,336,306,334,1400600
10/6/2025,ASSA,810,820,775,780,12413900
10/6/2025,ATAP,61,67,61,67,810500
10/6/2025,ATIC,432,436,428,432,342900
10/6/2025,ATLA,82,89,82,85,743975400
10/6/2025,AUTO,2300,2350,2290,2340,3475300
10/6/2025,AUTODRCV6A,0,0,0,0,0
10/6/2025,AUTOZPCJ6A,32,32,31,31,500
10/6/2025,AVIA,408,410,402,402,8303800
10/6/2025,AVIADRCV6A,0,0,0,0,0
10/6/2025,AVIAZPCJ6A,1,15,1,14,3550300
10/6/2025,AWAN,230,236,220,230,21224200
10/6/2025,AXIO,129,129,127,128,737500
10/6/2025,AYAM,181,181,176,177,95056200
10/6/2025,AYLS,116,118,114,115,2906600
10/6/2025,BABP,57,57,54,56,41519400
10/6/2025,BABY,324,328,306,306,12560600
10/6/2025,BACA,151,151,140,144,6986600
10/6/2025,BAIK,114,115,111,111,1415400
10/6/2025,BAIK-W,13,14,12,12,9625000
10/6/2025,BAJA,170,179,163,165,27297300
10/6/2025,BALI,1265,1320,1250,1295,102100
10/6/2025,BANK,805,815,800,805,3092000
10/6/2025,BANK-W,0,0,0,0,0
10/6/2025,BAPA,79,79,76,76,3397500
10/6/2025,BAPI,23,23,23,23,7390800
10/6/2025,BATA,57,57,54,57,94200
10/6/2025,BATR,107,116,106,112,15037900
10/6/2025,BAUT,41,41,41,41,19086400
10/6/2025,BAYU,1325,1325,1295,1305,147200
10/6/2025,BBCA,7500,7550,7450,7500,104035900
10/6/2025,BBCABQCG6A,61,61,60,61,220500
10/6/2025,BBCABQCV5A,15,15,8,10,5851700
10/6/2025,BBCABQCX5A,12,13,10,12,10948800
10/6/2025,BBCADRCF6A,23,24,23,23,35000
10/6/2025,BBCADRCX6A,3240,3260,3240,3260,11300
10/6/2025,BBCAHDCQ7A,46,46,44,44,394400
10/6/2025,BBCAHDCV5A,8,8,7,7,586900
10/6/2025,BBCAYUCK6A,158,160,158,160,3800
10/6/2025,BBCAZPCF6A,15,15,14,15,14155900
10/6/2025,BBCAZPCH6A,59,59,58,59,377700
10/6/2025,BBHI,1500,1525,1500,1510,900300
10/6/2025,BBKP,76,77,74,74,155109000
10/6/2025,BBLD,910,930,895,900,207800
10/6/2025,BBMD,2100,2140,2100,2130,900
10/6/2025,BBNI,4040,4090,4000,4000,35064400
10/6/2025,BBNIBQCG6A,0,0,0,0,0
10/6/2025,BBNIBQCV5A,10,10,7,8,22689400
10/6/2025,BBNIDRCX6A,2080,2080,2080,2080,600
10/6/2025,BBNIDRCZ5A,36,36,36,36,67000
10/6/2025,BBNIDRPZ5A,0,0,0,0,0
10/6/2025,BBNIHDCQ7A,71,71,71,71,100
10/6/2025,BBNIYUCV5A,0,0,0,0,0
10/6/2025,BBNIZPCH6A,76,76,76,76,10200
10/6/2025,BBNIZPCX5A,0,0,0,0,0
10/6/2025,BBRI,3700,3740,3640,3660,190286800
10/6/2025,BBRIBQCJ6A,47,47,43,43,160000
10/6/2025,BBRIBQCZ5A,33,33,33,33,186500
10/6/2025,BBRIDRCN6A,90,90,87,88,27700
10/6/2025,BBRIDRCX5A,89,89,80,81,155000
10/6/2025,BBRIDRCX6A,1965,1965,1955,1955,1700
10/6/2025,BBRIDRPZ5A,0,0,0,0,0
10/6/2025,BBRIHDCH6A,0,0,0,0,0
10/6/2025,BBRIHDCQ7A,72,72,69,69,11500
10/6/2025,BBRIYUCV5A,26,26,26,26,100
10/6/2025,BBRIZPCH6A,0,0,0,0,0
10/6/2025,BBRIZPCX5A,0,0,0,0,0
10/6/2025,BBRM,86,94,85,91,69101100
10/6/2025,BBSI,4400,5225,4350,4880,259000
10/6/2025,BBSS,336,336,322,326,29400
10/6/2025,BBTN,1215,1230,1180,1195,32520100
10/6/2025,BBTNDRCV6A,66,66,64,64,1000
10/6/2025,BBTNHDCZ5A,0,0,0,0,0
10/6/2025,BBTNYUCZ5A,59,59,59,59,100
10/6/2025,BBTNZPCG6A,39,39,38,38,103700
10/6/2025,BBYB,396,400,374,380,136996500
10/6/2025,BCAP,65,67,61,65,75653400
10/6/2025,BCIC,0,0,0,0,0
10/6/2025,BCIP,121,122,115,120,8488600
10/6/2025,BDKR,164,167,163,166,17912800
10/6/2025,BDMN,2380,2390,2350,2360,1895400
10/6/2025,BEBS,0,0,0,0,0
10/6/2025,BEEF,0,0,0,0,0
10/6/2025,BEER,116,117,101,104,13801900
10/6/2025,BEKS,28,28,27,27,76884200
10/6/2025,BELI,372,372,366,368,1364900
10/6/2025,BELL,64,65,62,64,11259700
10/6/2025,BESS,1085,1095,1070,1075,21600
10/6/2025,BEST,115,115,112,113,10730900
10/6/2025,BFIN,765,765,745,750,12308300
10/6/2025,BFINDRCK6A,0,0,0,0,0
10/6/2025,BFINZPCM6A,19,19,18,19,36800
10/6/2025,BGTG,107,110,106,108,44817200
10/6/2025,BHAT,870,875,865,875,2178100
10/6/2025,BHIT,35,35,35,35,18348200
10/6/2025,BIKA,0,0,0,0,0
10/6/2025,BIKE,1005,1005,930,935,3545000
10/6/2025,BIMA,72,74,72,74,90800
10/6/2025,BINA,4430,4440,4430,4440,9900
10/6/2025,BINO,126,127,124,125,656300
10/6/2025,BIPI,100,103,97,98,712295700
10/6/2025,BIPP,45,45,42,42,201700
10/6/2025,BIRD,1775,1795,1770,1775,936600
10/6/2025,BISI,900,900,870,875,538000
10/6/2025,BJBR,765,770,760,765,5107100
10/6/2025,BJTM,510,515,505,510,9260300
10/6/2025,BKDP,44,44,43,44,363300
10/6/2025,BKSL,136,137,131,135,326901400
10/6/2025,BKSW,65,65,63,65,8217700
10/6/2025,BLES,173,174,167,170,8455500
10/6/2025,BLOG,530,535,510,520,6049500
10/6/2025,BLTA,35,35,33,33,6039600
10/6/2025,BLTZ,0,0,0,0,0
10/6/2025,BLUE,825,825,825,825,4248700
10/6/2025,BMAS,735,765,725,755,84900
10/6/2025,BMBL,54,55,49,52,17520000
10/6/2025,BMHS,165,171,161,162,10174600
10/6/2025,BMRI,4320,4330,4260,4260,96044800
10/6/2025,BMRIBQCJ6A,0,0,0,0,0
10/6/2025,BMRIBQCZ5A,15,15,14,14,1365700
10/6/2025,BMRIDRCX5A,0,0,0,0,0
10/6/2025,BMRIDRCX6A,1920,1920,1885,1900,4500
10/6/2025,BMRIHDCQ7A,69,69,66,67,255600
10/6/2025,BMRIYUCK6A,106,106,104,104,120500
10/6/2025,BMRIZPCH6A,43,43,42,42,157700
10/6/2025,BMRIZPCX5A,0,0,0,0,0
10/6/2025,BMSR,316,316,292,296,137200
10/6/2025,BMTR,153,153,148,151,41991300
10/6/2025,BNBA,760,785,735,755,1771100
10/6/2025,BNBR,50,50,48,48,56412300
10/6/2025,BNGA,1700,1705,1690,1695,3252700
10/6/2025,BNGADRCK6A,0,0,0,0,0
10/6/2025,BNGAZPCH6A,0,0,0,0,0
10/6/2025,BNII,208,208,206,208,653800
10/6/2025,BNLI,6000,6150,5525,5675,507000
10/6/2025,BOAT,130,130,124,127,5044000
10/6/2025,BOBA,181,188,181,184,196000
10/6/2025,BOGA,500,500,498,500,140000
10/6/2025,BOLA,182,188,174,180,4755000
10/6/2025,BOLT,1075,1075,1070,1070,8800
10/6/2025,BOSS,0,0,0,0,0
10/6/2025,BPFI,336,338,318,332,38700
10/6/2025,BPII,540,545,540,540,111500
10/6/2025,BPTR,102,102,96,100,1209200
10/6/2025,BRAM,5150,5150,5150,5150,100
10/6/2025,BREN,9675,10150,9575,9975,67404700
10/6/2025,BRIS,2610,2620,2590,2610,8687700
10/6/2025,BRISBQCZ5A,0,0,0,0,0
10/6/2025,BRISDRCJ6A,0,0,0,0,0
10/6/2025,BRISHDCH6A,0,0,0,0,0
10/6/2025,BRISHDCZ5A,0,0,0,0,0
10/6/2025,BRISYUCV5A,32,33,32,33,31000
10/6/2025,BRISZPCG6A,0,0,0,0,0
10/6/2025,BRMS,980,1025,960,980,728387900
10/6/2025,BRMSBQCZ5A,262,262,262,262,2400
10/6/2025,BRMSDRCJ6A,180,191,176,179,193100
10/6/2025,BRMSDRPX5A,6,6,4,6,18181700
10/6/2025,BRMSHDCH6A,294,312,294,306,41700
10/6/2025,BRMSHDCZ5A,0,0,0,0,0
10/6/2025,BRMSYUCV5A,188,188,169,171,74500
10/6/2025,BRMSZPCG6A,292,304,282,282,14600
10/6/2025,BRNA,725,725,700,700,172500
10/6/2025,BRPT,3870,4100,3820,4000,200918500
10/6/2025,BRPTBQCV5A,1090,1200,1090,1155,1700
10/6/2025,BRPTBQCX5B,334,374,334,364,87700
10/6/2025,BRPTBQCZ5A,0,0,0,0,0
10/6/2025,BRPTDRCF6A,432,440,426,434,30500
10/6/2025,BRPTDRCJ6A,274,282,268,280,16800
10/6/2025,BRPTDRCX5A,0,0,0,0,0
10/6/2025,BRPTDRPV5A,0,0,0,0,0
10/6/2025,BRPTHDCH6A,412,412,410,410,2500
10/6/2025,BRPTHDCH6B,0,0,0,0,0
10/6/2025,BRPTHDPG6A,84,84,76,80,153400
10/6/2025,BRPTYUCZ5A,346,346,346,346,200
10/6/2025,BRPTZPCF6A,0,0,0,0,0
10/6/2025,BRPTZPCK6A,94,103,94,101,588700
10/6/2025,BRPTZPCX5A,0,0,0,0,0
10/6/2025,BRRC,75,79,74,79,18525000
10/6/2025,BRRC-W,14,14,13,14,11580400
10/6/2025,BSBK,86,87,81,84,125357600
10/6/2025,BSDE,1045,1055,1005,1025,17497700
10/6/2025,BSDEDRCJ6A,0,0,0,0,0
10/6/2025,BSDEZPCH6A,57,57,53,56,901800
10/6/2025,BSIM,875,900,875,895,25500
10/6/2025,BSML,129,133,127,130,63558900
10/6/2025,BSSR,3890,3900,3880,3900,526000
10/6/2025,BSWD,0,0,0,0,0
10/6/2025,BTEK,22,22,22,22,65568100
10/6/2025,BTEL,0,0,0,0,0
10/6/2025,BTON,384,384,370,374,2000
10/6/2025,BTPN,2070,2070,2020,2070,13700
10/6/2025,BTPS,1435,1470,1435,1455,17231200
10/6/2025,BTPSDRCK6A,0,0,0,0,0
10/6/2025,BTPSHDCJ6A,0,0,0,0,0
10/6/2025,BTPSZPCH6A,38,38,38,38,143200
10/6/2025,BUAH,1400,1415,1385,1400,130800
10/6/2025,BUDI,210,210,208,210,79800
10/6/2025,BUKA,177,197,177,195,1236644700
10/6/2025,BUKABQCZ5B,19,29,19,27,6993000
10/6/2025,BUKADRCK6A,20,25,19,23,20527300
10/6/2025,BUKAHDCZ5A,0,0,0,0,0
10/6/2025,BUKAZPCM6A,47,50,46,47,15100
10/6/2025,BUKK,1035,1150,950,1005,259500
10/6/2025,BULL,197,198,189,189,271184300
10/6/2025,BUMI,162,164,149,150,6865926600
10/6/2025,BUVA,0,0,0,0,0
10/6/2025,BVIC,109,110,107,107,5883900
10/6/2025,BVIC-W,45,45,43,45,7400
10/6/2025,BWPT,137,139,132,133,95381700
10/6/2025,BYAN,18300,18300,17950,18300,74200
10/6/2025,CAKK,179,184,176,178,1410000
10/6/2025,CAMP,214,216,210,210,3051900
10/6/2025,CANI,48,51,48,51,374100
10/6/2025,CARE,300,300,290,296,10608600
10/6/2025,CARS,145,145,139,141,58829100
10/6/2025,CASA,1110,1120,1105,1115,2673100
10/6/2025,CASH,175,179,158,159,10569500
10/6/2025,CASS,2500,2540,2400,2490,22300
10/6/2025,CBDK,6700,6825,6625,6675,13506100
10/6/2025,CBMF,0,0,0,0,0
10/6/2025,CBPE,246,252,216,224,1999500
10/6/2025,CBRE,1145,1255,1140,1255,106775200
10/6/2025,CBUT,1395,1440,1315,1315,65600
10/6/2025,CCSI,352,366,344,364,1292100
10/6/2025,CDIA,1810,2000,1810,2000,1212620100
10/6/2025,CEKA,2600,2600,2400,2540,81900
10/6/2025,CENT,121,129,120,124,21084000
10/6/2025,CFIN,314,314,310,314,991600
10/6/2025,CGAS,149,165,148,151,60353700
10/6/2025,CHEK,178,181,174,180,9645100
10/6/2025,CHEM,119,125,105,110,107045000
10/6/2025,CHIP,1405,1420,1390,1415,145400
10/6/2025,CINT,159,164,155,159,196400
10/6/2025,CITA,4130,4200,4090,4110,337800
10/6/2025,CITY,116,118,114,115,1782800
10/6/2025,CLAY,0,0,0,0,0
10/6/2025,CLEO,525,530,520,520,8610300
10/6/2025,CLPI,1275,1285,1265,1275,22800
10/6/2025,CMNP,1295,1295,1280,1295,259800
10/6/2025,CMNP-W,314,322,272,272,5700
10/6/2025,CMNT,805,805,790,800,15528800
10/6/2025,CMPP,99,99,94,98,124000
10/6/2025,CMRY,4600,4700,4580,4680,2218300
10/6/2025,CMRYDRCK6A,0,0,0,0,0
10/6/2025,CMRYZPCJ6A,34,34,34,34,1500
10/6/2025,CNKO,99,108,99,108,136003600
10/6/2025,CNMA,119,120,116,119,34625100
10/6/2025,CNTB,0,0,0,0,0
10/6/2025,CNTX,0,0,0,0,0
10/6/2025,COAL,62,62,60,61,32287400
10/6/2025,COCO,448,460,440,446,16959000
10/6/2025,COIN,3680,3730,3440,3520,90180100
10/6/2025,COWL,0,0,0,0,0
10/6/2025,CPIN,4850,4850,4740,4760,2513400
10/6/2025,CPINDRCG6A,0,0,0,0,0
10/6/2025,CPINZPCJ6A,43,43,43,43,3000
10/6/2025,CPRI,0,0,0,0,0
10/6/2025,CPRO,70,73,69,69,497704300
10/6/2025,CRAB,246,246,240,244,2270200
10/6/2025,CRSN,114,115,110,114,820300
10/6/2025,CSAP,322,326,300,320,263400
10/6/2025,CSIS,220,224,198,220,7157500
10/6/2025,CSMI,422,424,362,364,48996400
10/6/2025,CSRA,810,815,790,810,8220400
10/6/2025,CTBN,5100,5100,4590,4590,1400
10/6/2025,CTRA,885,920,865,905,34348500
10/6/2025,CTRADRCJ6A,15,15,15,15,500
10/6/2025,CTRAHDCK6A,0,0,0,0,0
10/6/2025,CTRAYUCZ5A,29,35,29,35,20300
10/6/2025,CTRAZPCG6A,1,25,1,23,418300
10/6/2025,CTTH,39,40,39,40,77400
10/6/2025,CUAN,1610,1780,1605,1780,584911100
10/6/2025,CYBR,1205,1215,1130,1140,16566900
10/6/2025,CYBR-W,730,790,665,710,1879200
10/6/2025,DAAZ,2860,2910,2830,2850,784800
10/6/2025,DADA,140,148,140,148,132092300
10/6/2025,DART,165,167,162,165,155100
10/6/2025,DATA,3800,4330,3740,4170,11786600
10/6/2025,DAYA,1215,1275,1160,1215,432100
10/6/2025,DCII,284900,284900,278000,284750,3500
10/6/2025,DEAL,0,0,0,0,0
10/6/2025,DEFI,172,172,171,171,230800
10/6/2025,DEPO,334,340,290,294,5921900
10/6/2025,DEWA,338,352,322,326,630562400
10/6/2025,DEWI,113,115,112,114,85974600
10/6/2025,DFAM,86,90,84,87,9948900
10/6/2025,DGIK,96,97,93,95,3745300
10/6/2025,DGNS,142,145,140,143,28924500
10/6/2025,DGWG,406,408,398,406,11976000
10/6/2025,DIGI,33,33,33,33,2314500
10/6/2025,DILD,135,135,131,131,20960900
10/6/2025,DIVA,158,162,148,156,10953800
10/6/2025,DKFT,745,755,715,735,49761300
10/6/2025,DKHH,101,104,100,102,16759900
10/6/2025,DKHH-W,20,21,19,19,10547700
10/6/2025,DLTA,2000,2000,1985,1985,9700
10/6/2025,DMAS,137,138,136,136,25504500
10/6/2025,DMMX,448,460,422,422,6832100
10/6/2025,DMND,590,600,590,595,74600
10/6/2025,DNAR,118,120,117,117,1375700
10/6/2025,DNET,9125,9150,9100,9100,4700
10/6/2025,DOID,358,358,348,350,11642400
10/6/2025,DOOH,178,184,174,174,175294700
10/6/2025,DOSS,156,158,153,155,2100700
10/6/2025,DPNS,304,318,290,292,347400
10/6/2025,DPUM,68,68,65,65,1463900
10/6/2025,DRMA,1030,1035,995,1015,3131300
10/6/2025,DSFI,88,116,85,96,476502200
10/6/2025,DSNG,1690,1695,1660,1690,33105500
10/6/2025,DSNGDRCK6A,0,0,0,0,0
10/6/2025,DSNGHDCK6A,98,98,98,98,200
10/6/2025,DSNGZPCM6A,0,0,0,0,0
10/6/2025,DSSA,105600,105600,102950,103525,1184100
10/6/2025,DUCK,0,0,0,0,0
10/6/2025,DUTI,4450,4450,4440,4440,12700
10/6/2025,DVLA,1625,1645,1625,1630,39000
10/6/2025,DWGL,800,800,800,800,19328200
10/6/2025,DYAN,99,101,93,98,23329700
10/6/2025,EAST,94,94,92,94,1640200
10/6/2025,ECII,210,210,197,197,790700
10/6/2025,EDGE,4710,4730,4330,4430,60200
10/6/2025,EKAD,184,185,180,181,526600
10/6/2025,ELIT,185,191,182,183,11874300
10/6/2025,ELPI,370,372,348,360,744900
10/6/2025,ELSA,488,496,484,484,17980500
10/6/2025,ELSADRCJ6A,32,32,32,32,300
10/6/2025,ELSAHDCK6A,0,0,0,0,0
10/6/2025,ELSAZPCG6A,30,30,29,29,3554100
10/6/2025,ELTY,22,23,22,22,230342800
10/6/2025,EMAS,4690,4700,4300,4540,112633000
10/6/2025,EMDE,98,99,95,97,2697200
10/6/2025,EMTK,1500,1560,1470,1505,214123900
10/6/2025,EMTKBQCZ5A,0,0,0,0,0
10/6/2025,EMTKDRCK6A,85,91,82,84,2453800
10/6/2025,EMTKHDCK6A,122,130,119,121,859900
10/6/2025,EMTKHDCZ5A,328,336,328,336,1000000
10/6/2025,EMTKYUCV5A,226,226,224,226,18700
10/6/2025,EMTKZPCH6A,204,216,204,208,312600
10/6/2025,EMTKZPCM6A,74,74,70,70,1277400
10/6/2025,ENAK,680,685,675,680,313200
10/6/2025,ENRG,960,1025,935,990,203839600
10/6/2025,ENRGBQCZ5A,87,92,87,91,75400
10/6/2025,ENRGDRCJ6A,190,192,187,192,2020100
10/6/2025,ENRGHDCK6A,99,107,99,103,22000
10/6/2025,ENRGHDCZ5A,545,545,545,545,3200
10/6/2025,ENRGZPCG6A,0,0,0,0,0
10/6/2025,ENRGZPCK6A,54,59,53,57,136200
10/6/2025,ENVY,0,0,0,0,0
10/6/2025,ENZO,34,37,34,37,3125300
10/6/2025,EPAC,25,25,25,25,12225000
10/6/2025,EPMT,2260,2260,2200,2250,127600
10/6/2025,ERAA,416,422,408,418,42520300
10/6/2025,ERAABQCZ5A,13,13,12,13,347700
10/6/2025,ERAADRCJ6A,8,9,7,9,18171000
10/6/2025,ERAAHDCZ5A,20,23,20,23,6100
10/6/2025,ERAAZPCH6A,17,18,16,17,4200
10/6/2025,ERAL,320,324,318,320,6777600
10/6/2025,ERTX,154,154,144,152,2661500
10/6/2025,ESIP,85,93,85,93,22577900
10/6/2025,ESSA,715,730,700,720,50910400
10/6/2025,ESSABQCZ5A,61,66,60,66,35700
10/6/2025,ESSADRCN6A,0,0,0,0,0
10/6/2025,ESSAHDCH6A,65,65,65,65,14000
10/6/2025,ESSAYUCZ5A,51,51,51,51,2500
10/6/2025,ESSAZPCK6A,25,25,24,25,226100
10/6/2025,ESTA,190,192,138,138,69214400
10/6/2025,ESTI,99,99,90,95,2947700
10/6/2025,ETWA,0,0,0,0,0
10/6/2025,EURO,300,330,294,326,414200
10/6/2025,EXCL,2640,2660,2590,2630,3868100
10/6/2025,EXCLHDCJ6A,28,28,27,28,51300
10/6/2025,EXCLZPCF6A,58,58,58,58,10600
10/6/2025,EXCLZPCM6A,0,0,0,0,0
10/6/2025,FAPA,6125,6150,6100,6125,8900
10/6/2025,FAST,0,0,0,0,0
10/6/2025,FASW,0,0,0,0,0
10/6/2025,FILM,6100,6100,5200,5200,6033000
10/6/2025,FIMP,0,0,0,0,0
10/6/2025,FIRE,98,99,91,92,26950800
10/6/2025,FISH,2850,2900,2650,2730,79100
10/6/2025,FITT,915,915,915,915,1337500
10/6/2025,FLMC,216,216,195,200,4979000
10/6/2025,FMII,342,378,342,366,60000
10/6/2025,FOLK,114,117,106,115,3762900
10/6/2025,FOOD,214,214,195,204,308100
10/6/2025,FORE,500,510,500,505,5283600
10/6/2025,FORU,1080,1100,1015,1040,780100
10/6/2025,FPNI,193,193,189,190,1446200
10/6/2025,FUJI,690,705,575,610,5988600
10/6/2025,FUTR,550,550,550,550,22187500
10/6/2025,FWCT,165,165,160,160,1929600
10/6/2025,GAMA,0,0,0,0,0
10/6/2025,GDST,113,121,112,115,17859200
10/6/2025,GDYR,1175,1465,1175,1310,379200
10/6/2025,GEMA,117,118,114,114,4434600
10/6/2025,GEMS,8850,8975,8825,8950,151900
10/6/2025,GGRM,13375,13500,12625,12625,3010500
10/6/2025,GGRMZPCG6A,126,130,108,111,5341700
10/6/2025,GGRP,234,242,224,228,1811500
10/6/2025,GHON,1660,1680,1650,1650,8300
10/6/2025,GIAA,77,80,77,80,103532500
10/6/2025,GJTL,1000,1005,985,990,6773500
10/6/2025,GJTLZPCJ6A,0,0,0,0,0
10/6/2025,GLOB,94,98,89,98,84700
10/6/2025,GLVA,346,350,330,338,89100
10/6/2025,GMFI,80,88,80,87,12252300
10/6/2025,GMTD,2160,2190,2080,2100,900
10/6/2025,GOLD,264,266,258,264,96500
10/6/2025,GOLF,212,216,208,214,2206600
10/6/2025,GOLL,0,0,0,0,0
10/6/2025,GOOD,370,370,366,370,174300
10/6/2025,GOTO,58,60,57,57,4537385900
10/6/2025,GOTOBQCJ6A,8,9,7,7,7722100
10/6/2025,GOTOBQCZ5A,5,6,4,6,72232100
10/6/2025,GOTODRCG6A,8,9,8,8,24833500
10/6/2025,GOTOHDCK6A,16,17,16,16,919100
10/6/2025,GOTOM,0,0,0,0,0
10/6/2025,GOTOZPCH6A,24,24,24,24,200
10/6/2025,GOTOZPCK6A,13,13,13,13,964900
10/6/2025,GPRA,129,131,125,131,104923600
10/6/2025,GPSO,0,0,0,0,0
10/6/2025,GRIA,113,117,111,115,4129300
10/6/2025,GRPH,70,71,69,70,6286500
10/6/2025,GRPM,60,61,58,59,5650000
10/6/2025,GRPM-W,21,21,19,21,7546300
10/6/2025,GSMF,98,102,97,101,5436600
10/6/2025,GTBO,234,234,208,220,1098300
10/6/2025,GTRA,260,260,236,252,4166600
10/6/2025,GTSI,102,119,101,114,1000658100
10/6/2025,GULA,348,348,330,338,1992200
10/6/2025,GUNA,250,260,240,242,1147800
10/6/2025,GWSA,153,155,150,152,400600
10/6/2025,GZCO,214,214,200,206,138706300
10/6/2025,HADE,25,25,25,25,4513700
10/6/2025,HAIS,193,194,190,192,2651800
10/6/2025,HAJJ,130,130,123,123,17396900
10/6/2025,HAJJ-W,21,22,20,20,9854200
10/6/2025,HALO,114,120,111,116,133757100
10/6/2025,HALO-W,19,21,19,21,11514400
10/6/2025,HATM,248,248,240,248,24585000
10/6/2025,HBAT,322,322,286,286,2088100
10/6/2025,HDFA,152,152,148,152,188500
10/6/2025,HDIT,59,59,59,59,9460800
10/6/2025,HEAL,1650,1650,1595,1595,8359700
10/6/2025,HEALBQCZ5A,37,37,33,33,248000
10/6/2025,HEALDRCJ6A,44,44,43,43,202000
10/6/2025,HEALHDCH6A,0,0,0,0,0
10/6/2025,HEALYUCZ5A,56,56,28,52,62600
10/6/2025,HEALZPCH6A,0,0,0,0,0
10/6/2025,HELI,244,244,238,244,304600
10/6/2025,HERO,580,715,580,715,3286100
10/6/2025,HEXA,4690,4700,4490,4560,725500
10/6/2025,HGII,158,158,152,158,13085800
10/6/2025,HILL,204,206,202,202,1714700
10/6/2025,HITS,0,0,0,0,0
10/6/2025,HKMU,0,0,0,0,0
10/6/2025,HMSP,830,840,750,755,178899600
10/6/2025,HOKI,84,89,83,85,102701800
10/6/2025,HOME,0,0,0,0,0
10/6/2025,HOMI,250,266,250,250,6315200
10/6/2025,HOPE,170,198,170,185,95651900
10/6/2025,HOTL,0,0,0,0,0
10/6/2025,HRME,44,45,44,45,395800
10/6/2025,HRTA,955,1100,955,1055,72017800
10/6/2025,HRUM,1195,1215,1160,1195,55358700
10/6/2025,HRUMDRCN6A,59,61,55,59,6043800
10/6/2025,HRUMHDCK6A,74,79,70,73,1209200
10/6/2025,HRUMZPCG6A,79,79,77,77,1500
10/6/2025,HRUMZPCM6A,44,47,42,45,465600
10/6/2025,HUMI,130,135,129,132,103583100
10/6/2025,HUMI-W,24,24,22,22,37030000
10/6/2025,HYGN,165,165,162,165,727000
10/6/2025,IATA,65,66,63,66,25845700
10/6/2025,IATA-W,27,27,27,27,200
10/6/2025,IBFN,60,60,60,60,294100
10/6/2025,IBOS,67,69,61,61,28139900
10/6/2025,IBST,5600,5600,5600,5600,100
10/6/2025,ICBP,9550,9550,9400,9500,2234600
10/6/2025,ICBPDRCX6A,0,0,0,0,0
10/6/2025,ICBPHDCJ6A,0,0,0,0,0
10/6/2025,ICBPZPCX5A,20,20,20,20,100
10/6/2025,ICON,52,52,49,49,149000
10/6/2025,IDEA,78,80,71,71,21727700
10/6/2025,IDPR,505,620,505,620,4979100
10/6/2025,IFII,230,238,226,230,216400
10/6/2025,IFSH,795,835,790,810,27700
10/6/2025,IGAR,525,530,510,515,22400
10/6/2025,IIKP,0,0,0,0,0
10/6/2025,IKAI,23,23,23,23,11812500
10/6/2025,IKAN,131,136,129,132,18335600
10/6/2025,IKBI,530,530,505,520,297600
10/6/2025,IKPM,224,234,220,222,1186300
10/6/2025,IMAS,1230,1230,1170,1185,838700
10/6/2025,IMJS,252,254,242,244,9517300
10/6/2025,IMPC,2400,2410,2270,2290,43036000
10/6/2025,INAF,0,0,0,0,0
10/6/2025,INAI,155,157,153,153,216200
10/6/2025,INCF,43,43,42,42,2997800
10/6/2025,INCI,615,625,610,620,78000
10/6/2025,INCO,4410,4490,4300,4350,8743800
10/6/2025,INCOBQCF6A,0,0,0,0,0
10/6/2025,INCOBQCV5A,59,61,47,51,1144000
10/6/2025,INCODRCK6A,105,105,105,105,1500
10/6/2025,INCODRCX5A,0,0,0,0,0
10/6/2025,INCODRPV5A,0,0,0,0,0
10/6/2025,INCOHDCJ6A,0,0,0,0,0
10/6/2025,INCOYUCZ5A,0,0,0,0,0
10/6/2025,INCOZPCK6A,0,0,0,0,0
10/6/2025,INCOZPCX5A,0,0,0,0,0
10/6/2025,INDF,7200,7200,7025,7100,5279700
10/6/2025,INDFBQCV5A,7,7,6,7,21600100
10/6/2025,INDFDRCX6A,3550,3550,3550,3550,300
10/6/2025,INDFHDCJ6A,0,0,0,0,0
10/6/2025,INDO,244,244,236,238,4450100
10/6/2025,INDR,3290,3310,3150,3280,17800
10/6/2025,INDS,228,230,222,222,722600
10/6/2025,INDX,0,0,0,0,0
10/6/2025,INDY,2460,2500,2360,2380,37062300
10/6/2025,INDYDRCN6A,0,0,0,0,0
10/6/2025,INDYHDCJ6A,0,0,0,0,0
10/6/2025,INDYZPCG6A,145,147,140,146,151800
10/6/2025,INET,304,310,286,286,380160400
10/6/2025,INET-W,200,208,191,191,26840900
10/6/2025,INKP,7500,7675,7500,7525,6531500
10/6/2025,INKPBQCX5A,0,0,0,0,0
10/6/2025,INKPDRCF6A,177,177,172,172,200
10/6/2025,INKPDRCG6A,74,79,74,76,700
10/6/2025,INKPHDCK6A,0,0,0,0,0
10/6/2025,INKPZPCF6A,89,89,89,89,115500
10/6/2025,INKPZPCK6A,34,34,34,34,3000
10/6/2025,INOV,105,105,98,99,15950800
10/6/2025,INPC,162,162,159,160,12447600
10/6/2025,INPP,710,725,705,720,163700
10/6/2025,INPS,180,180,180,180,585000
10/6/2025,INRU,750,750,715,745,35300
10/6/2025,INTA,33,33,33,33,2099200
10/6/2025,INTD,197,197,194,196,73900
10/6/2025,INTP,6525,6775,6500,6775,1024700
10/6/2025,INTPDRCN6A,78,80,78,80,1000000
10/6/2025,INTPZPCG6A,60,60,60,60,20000
10/6/2025,INTPZPCM6A,41,42,41,42,28600
10/6/2025,IOTF,104,109,102,102,143840400
10/6/2025,IPAC,330,330,330,330,6000
10/6/2025,IPCC,1060,1070,1045,1045,2392400
10/6/2025,IPCM,306,306,302,304,1134900
10/6/2025,IPOL,140,141,136,139,103800
10/6/2025,IPPE,0,0,0,0,0
10/6/2025,IPTV,42,42,40,40,16525900
10/6/2025,IRRA,430,432,420,426,1464900
10/6/2025,IRSX,246,280,246,280,52830000
10/6/2025,ISAP,43,45,39,41,343636000
10/6/2025,ISAP-W,19,25,18,22,181667000
10/6/2025,ISAT,1695,1700,1615,1645,18213900
10/6/2025,ISATBQCJ6A,30,30,30,30,3500
10/6/2025,ISATDRCG6A,0,0,0,0,0
10/6/2025,ISATDRCX5A,19,19,16,16,23900
10/6/2025,ISATHDCJ6A,9,9,7,8,6360200
10/6/2025,ISATZPCF6A,16,16,16,16,100
10/6/2025,ISEA,91,99,89,92,45069600
10/6/2025,ISSP,426,426,410,416,2697800
10/6/2025,ITIC,492,492,492,492,2396100
10/6/2025,ITMA,1050,1110,1005,1110,7525200
10/6/2025,ITMG,22700,22700,22475,22500,1053800
10/6/2025,ITMGDRCV6A,155,155,155,155,100
10/6/2025,ITMGHDCJ6A,0,0,0,0,0
10/6/2025,ITMGZPCJ6A,0,0,0,0,0
10/6/2025,JARR,5125,5125,5125,5125,1415100
10/6/2025,JAST,96,97,91,92,7839700
10/6/2025,JATI,123,124,119,121,3800000
10/6/2025,JAWA,146,148,145,148,866900
10/6/2025,JAYA,100,108,99,103,2019200
10/6/2025,JECC,1010,1260,1000,1260,2125000
10/6/2025,JGLE,21,21,21,21,38928100
10/6/2025,JIHD,655,670,635,650,2575300
10/6/2025,JKON,89,90,87,88,12553100
10/6/2025,JMAS,142,142,132,137,540400
10/6/2025,JPFA,2130,2130,2040,2080,10808300
10/6/2025,JPFABQCZ5A,0,0,0,0,0
10/6/2025,JPFADRCJ6A,75,75,75,75,200000
10/6/2025,JPFAHDCZ5A,0,0,0,0,0
10/6/2025,JPFAZPCG6A,0,0,0,0,0
10/6/2025,JRPT,870,880,855,865,435900
10/6/2025,JSKY,0,0,0,0,0
10/6/2025,JSMR,3920,3930,3700,3870,14868000
10/6/2025,JSMRDRCK6A,87,90,80,80,3200
10/6/2025,JSMRHDCH6A,0,0,0,0,0
10/6/2025,JSMRZPCG6A,51,51,51,51,1000
10/6/2025,JSPT,3620,3620,3370,3400,72700
10/6/2025,JTPE,332,334,330,334,523700
10/6/2025,KAEF,555,555,500,510,3669200
10/6/2025,KAQI,73,75,71,73,20479900
10/6/2025,KARW,510,510,510,510,546100
10/6/2025,KAYU,0,0,0,0,0
10/6/2025,KBAG,47,48,47,48,9526100
10/6/2025,KBLI,362,362,358,358,77400
10/6/2025,KBLM,370,378,364,378,226900
10/6/2025,KBLV,0,0,0,0,0
10/6/2025,KBRI,0,0,0,0,0
10/6/2025,KDSI,458,458,446,452,4700
10/6/2025,KDTN,116,119,111,115,755900
10/6/2025,KEEN,955,1015,950,970,8490000
10/6/2025,KEJU,645,760,635,715,12545800
10/6/2025,KETR,620,625,575,595,11161000
10/6/2025,KIAS,0,0,0,0,0
10/6/2025,KICI,150,153,142,144,884900
10/6/2025,KIJA,186,186,181,185,42123800
10/6/2025,KING,204,210,202,206,894900
10/6/2025,KING-W,15,15,14,15,2744200
10/6/2025,KINO,1195,1195,1160,1160,7000
10/6/2025,KIOS,95,97,94,95,11179400
10/6/2025,KJEN,232,242,232,242,9261800
10/6/2025,KKES,35,35,33,33,1467700
10/6/2025,KKGI,330,338,328,328,5684700
10/6/2025,KLAS,137,138,133,135,9838000
10/6/2025,KLBF,1080,1095,1055,1070,89653700
10/6/2025,KLBFBQCJ6A,32,32,30,30,600
10/6/2025,KLBFBQCV5A,7,8,5,6,12192500
10/6/2025,KLBFDRCG6A,10,11,8,10,7475400
10/6/2025,KLBFHDCK6A,45,45,45,45,100000
10/6/2025,KLBFZPCF6A,12,12,11,11,10900
10/6/2025,KLBFZPCJ6A,15,15,15,15,201000
10/6/2025,KLIN,193,193,174,185,7064800
10/6/2025,KMDS,630,640,620,635,230700
10/6/2025,KMTR,298,298,284,290,304600
10/6/2025,KOBX,193,197,166,168,31373300
10/6/2025,KOCI,83,84,80,80,6791400
10/6/2025,KOCI-W,19,20,17,18,8264900
10/6/2025,KOIN,76,76,75,75,29900
10/6/2025,KOKA,0,0,0,0,0
10/6/2025,KONI,1720,1790,1700,1715,28100
10/6/2025,KOPI,332,332,326,330,254200
10/6/2025,KOTA,24,24,24,24,32712500
10/6/2025,KPIG,173,179,170,174,138018500
10/6/2025,KRAS,370,420,368,372,253504300
10/6/2025,KREN,18,18,18,18,30793300
10/6/2025,KRYA,197,198,191,193,13011600
10/6/2025,KSIX,264,270,254,262,339400
10/6/2025,KUAS,72,73,71,72,2486200
10/6/2025,LABA,0,0,0,0,0
10/6/2025,LABS,142,142,140,142,1322600
10/6/2025,LAJU,78,80,75,77,50672700
10/6/2025,LAND,38,38,38,38,3201900
10/6/2025,LAPD,292,292,292,292,11188200
10/6/2025,LCGP,0,0,0,0,0
10/6/2025,LCKM,230,230,206,224,97200
10/6/2025,LEAD,86,87,83,83,28345300
10/6/2025,LFLO,328,328,312,312,49100
10/6/2025,LIFE,9100,11075,9100,10750,83000
10/6/2025,LINK,3280,3290,3280,3290,58700
10/6/2025,LION,590,600,580,580,1981100
10/6/2025,LIVE,185,185,173,181,10711600
10/6/2025,LMAS,0,0,0,0,0
10/6/2025,LMAX,90,91,86,89,6547300
10/6/2025,LMPI,146,146,143,145,26400
10/6/2025,LMSH,0,0,0,0,0
10/6/2025,LOPI,89,96,89,90,11122500
10/6/2025,LPCK,650,655,620,635,815000
10/6/2025,LPGI,580,610,555,605,353800
10/6/2025,LPIN,474,478,466,468,373800
10/6/2025,LPKR,100,101,97,99,181823300
10/6/2025,LPLI,0,0,0,0,0
10/6/2025,LPPF,1620,1620,1590,1600,1407000
10/6/2025,LPPS,193,208,192,204,39142700
10/6/2025,LRNA,185,185,179,183,74200
10/6/2025,LSIP,1315,1330,1295,1305,5995600
10/6/2025,LSIPDRCK6A,0,0,0,0,0
10/6/2025,LSIPHDCJ6A,0,0,0,0,0
10/6/2025,LSIPYUCZ5A,49,49,49,49,100
10/6/2025,LSIPZPCG6A,0,0,0,0,0
10/6/2025,LTLS,840,845,830,840,98000
10/6/2025,LUCK,107,107,103,107,3649800
10/6/2025,LUCY,112,123,112,123,2835900
10/6/2025,MABA,0,0,0,0,0
10/6/2025,MAGP,0,0,0,0,0
10/6/2025,MAHA,154,156,148,148,7077800
10/6/2025,MAIN,725,730,710,715,1001900
10/6/2025,MANG,71,71,65,66,16086800
10/6/2025,MANG-W,31,31,28,30,11213900
10/6/2025,MAPA,550,555,545,545,17833900
10/6/2025,MAPABQCZ5A,10,10,9,10,179600
10/6/2025,MAPADRCJ6A,11,11,9,11,2320000
10/6/2025,MAPAHDCZ5A,17,17,17,17,7400
10/6/2025,MAPAZPCH6A,0,0,0,0,0
10/6/2025,MAPB,1695,1700,1620,1640,9200
10/6/2025,MAPI,1155,1200,1150,1175,23872000
10/6/2025,MAPIBQCV5A,6,9,4,5,37028600
10/6/2025,MAPIDRCX5A,12,14,10,13,3808400
10/6/2025,MAPIHDCK6A,0,0,0,0,0
10/6/2025,MAPIZPCJ6A,46,48,46,46,98100
10/6/2025,MARI,39,39,36,36,8586900
10/6/2025,MARK,635,635,625,630,5240400
10/6/2025,MASA,0,0,0,0,0
10/6/2025,MASB,3180,3200,3180,3200,1900
10/6/2025,MAXI,57,58,56,57,16767600
10/6/2025,MAYA,282,314,278,300,86675100
10/6/2025,MBAP,1610,1635,1605,1635,110200
10/6/2025,MBMA,625,635,610,615,213934700
10/6/2025,MBMABQCX5A,53,59,52,53,4296700
10/6/2025,MBMADRCG6A,35,38,34,35,797800
10/6/2025,MBMADRCX5A,81,81,75,75,77800
10/6/2025,MBMADRPX5A,6,6,4,6,17653800
10/6/2025,MBMAHDCH6A,117,117,115,117,58800
10/6/2025,MBMAYUCK6A,144,144,142,142,8400
10/6/2025,MBMAZPCK6A,40,40,36,38,4125700
10/6/2025,MBMAZPCX5A,143,143,143,143,200
10/6/2025,MBSS,1410,1435,1380,1400,593500
10/6/2025,MBTO,181,189,158,162,111717000
10/6/2025,MCAS,930,930,810,855,1647100
10/6/2025,MCOL,3740,3750,3680,3690,14000
10/6/2025,MCOR,76,77,74,74,6345800
10/6/2025,MDIA,33,33,33,33,21208600
10/6/2025,MDIY,1105,1105,1065,1070,1797200
10/6/2025,MDKA,2190,2200,2100,2130,51199600
10/6/2025,MDKABQCV5A,47,48,45,46,439400
10/6/2025,MDKABQCX5B,14,16,13,14,3412800
10/6/2025,MDKADRCK6A,52,52,52,52,3000
10/6/2025,MDKADRCV5A,53,53,47,50,454300
10/6/2025,MDKADRPX5A,27,28,27,28,1600
10/6/2025,MDKAHDCZ5A,88,88,87,87,42900
10/6/2025,MDKAHDPH6A,131,131,131,131,13200
10/6/2025,MDKAYUCK6A,0,0,0,0,0
10/6/2025,MDKAZPCF6A,45,47,45,47,46100
10/6/2025,MDKI,187,187,182,182,1646700
10/6/2025,MDLA,228,230,224,224,7140800
10/6/2025,MDLN,68,71,67,67,81442500
10/6/2025,MDRN,53,53,53,53,16364200
10/6/2025,MEDC,1530,1570,1510,1515,121098200
10/6/2025,MEDCBQCV5A,110,110,105,105,2000300
10/6/2025,MEDCBQCX5B,52,55,49,51,2005400
10/6/2025,MEDCBQCZ5A,58,65,57,60,13600
10/6/2025,MEDCDRCG6A,60,63,58,61,20286000
10/6/2025,MEDCDRPV5A,0,0,0,0,0
10/6/2025,MEDCHDCH6A,131,131,127,127,140800
10/6/2025,MEDCZPCF6A,60,66,60,61,57500
10/6/2025,MEDS,72,74,69,72,36196400
10/6/2025,MEGA,3310,3310,3300,3310,5700
10/6/2025,MEJA,0,0,0,0,0
10/6/2025,MEJA-W,0,0,0,0,0
10/6/2025,MENN,57,60,52,54,80361500
10/6/2025,MERI,230,234,222,228,14264700
10/6/2025,MERK,2840,2870,2820,2860,15000
10/6/2025,META,0,0,0,0,0
10/6/2025,MFMI,0,0,0,0,0
10/6/2025,MGLV,575,610,575,610,1517800
10/6/2025,MGNA,35,35,35,35,761500
10/6/2025,MGNA-W,0,0,0,0,0
10/6/2025,MGRO,770,800,765,785,5847200
10/6/2025,MHKI,210,214,197,202,47335200
10/6/2025,MICE,498,498,490,494,64100
10/6/2025,MIDI,428,430,414,420,13774900
10/6/2025,MIKA,2390,2450,2380,2420,2721400
10/6/2025,MIKADRCV6A,52,52,52,52,200
10/6/2025,MIKAZPCG6A,0,0,0,0,0
10/6/2025,MINA,218,254,204,232,2590417000
10/6/2025,MINE,535,540,520,520,6350400
10/6/2025,MIRA,59,59,58,58,13920500
10/6/2025,MITI,318,324,296,322,7804300
10/6/2025,MKAP,350,352,348,350,591600
10/6/2025,MKNT,0,0,0,0,0
10/6/2025,MKPI,25225,25225,25175,25175,6300
10/6/2025,MKTR,146,150,143,150,3041900
10/6/2025,MKTR-W,10,11,9,11,7287300
10/6/2025,MLBI,5850,5900,5800,5825,55200
10/6/2025,MLIA,344,346,338,344,3688300
10/6/2025,MLPL,220,246,212,234,399300500
10/6/2025,MLPT,195000,197225,195000,197225,37100
10/6/2025,MMIX,456,456,384,384,12919800
10/6/2025,MMLP,560,565,555,565,20132500
10/6/2025,MNCN,274,278,268,278,25437100
10/6/2025,MNCNDRCN6A,29,32,29,32,101700
10/6/2025,MNCNZPCM6A,16,16,13,14,482200
10/6/2025,MOLI,218,224,214,218,911700
10/6/2025,MORA,444,448,426,440,442600
10/6/2025,MPIX,75,76,71,73,14655800
10/6/2025,MPIX-W,16,16,14,16,6866100
10/6/2025,MPMX,930,935,925,930,3007200
10/6/2025,MPOW,115,116,113,115,2017200
10/6/2025,MPPA,78,87,75,81,329389400
10/6/2025,MPRO,5425,5575,5425,5525,185800
10/6/2025,MPXL,194,202,193,198,7476400
10/6/2025,MRAT,296,296,284,288,1773400
10/6/2025,MREI,915,915,900,910,111700
10/6/2025,MSIE,63,63,57,57,5925600
10/6/2025,MSIN,555,565,545,555,40255400
10/6/2025,MSJA,304,304,300,302,3882800
10/6/2025,MSKY,94,95,87,90,67052800
10/6/2025,MSTI,1560,1560,1515,1530,2564200
10/6/2025,MTDL,620,620,605,605,3173200
10/6/2025,MTEL,590,590,580,585,2429100
10/6/2025,MTELDRCK6A,17,17,17,17,2300
10/6/2025,MTELZPCM6A,16,17,16,16,78000
10/6/2025,MTFN,22,22,22,22,56813400
10/6/2025,MTLA,442,444,436,440,30200
10/6/2025,MTMH,1300,1300,1170,1250,30900
10/6/2025,MTPS,49,55,46,55,13783900
10/6/2025,MTRA,0,0,0,0,0
10/6/2025,MTSM,0,0,0,0,0
10/6/2025,MTWI,344,350,344,348,115100
10/6/2025,MUTU,134,134,121,124,46790400
10/6/2025,MYOH,1725,1725,1660,1660,14500
10/6/2025,MYOR,2190,2230,2170,2200,6992900
10/6/2025,MYORDRCK6A,0,0,0,0,0
10/6/2025,MYORZPCH6A,0,0,0,0,0
10/6/2025,MYTX,0,0,0,0,0
10/6/2025,NAIK,135,137,131,133,31604400
10/6/2025,NAIK-W,24,25,23,24,14670600
10/6/2025,NANO,65,72,65,69,62403000
10/6/2025,NASA,37,37,37,37,5933500
10/6/2025,NASI,127,130,115,120,39371400
10/6/2025,NATO,146,147,143,147,138400
10/6/2025,NAYZ,171,188,154,154,358921900
10/6/2025,NCKL,1150,1190,1125,1135,39761800
10/6/2025,NCKLDRCK6A,56,56,51,51,1116200
10/6/2025,NCKLHDCK6A,78,78,78,78,1900
10/6/2025,NCKLYUCZ5A,0,0,0,0,0
10/6/2025,NCKLZPCJ6A,76,78,76,78,300
10/6/2025,NCKLZPCM6A,37,37,33,34,1172600
10/6/2025,NELY,380,382,370,374,1647800
10/6/2025,NEST,266,276,262,268,7090600
10/6/2025,NETV,127,128,125,125,2533400
10/6/2025,NFCX,1695,1720,1650,1675,125200
10/6/2025,NICE,458,458,442,454,12896200
10/6/2025,NICK,1125,1300,1125,1185,17000
10/6/2025,NICL,1175,1175,1110,1120,15013900
10/6/2025,NIKL,330,374,330,374,38801900
10/6/2025,NINE,0,0,0,0,0
10/6/2025,NIRO,125,128,122,122,5600
10/6/2025,NISP,1355,1360,1345,1350,4197800
10/6/2025,NOBU,560,560,545,555,5791900
10/6/2025,NPGF,60,60,56,57,14833000
10/6/2025,NRCA,900,935,875,930,20124400
10/6/2025,NSSS,565,570,540,565,8433000
10/6/2025,NTBK,60,64,59,61,99266300
10/6/2025,NUSA,0,0,0,0,0
10/6/2025,NZIA,114,114,109,111,4703400
10/6/2025,OASA,256,262,250,258,155613400
10/6/2025,OBAT,474,490,466,474,6570900
10/6/2025,OBAT-W,106,120,104,114,5052100
10/6/2025,OBMD,256,278,254,260,3478200
10/6/2025,OCAP,0,0,0,0,0
10/6/2025,OILS,230,238,204,222,16675500
10/6/2025,OKAS,170,173,163,166,17639700
10/6/2025,OLIV,0,0,0,0,0
10/6/2025,OMED,199,200,197,199,687800
10/6/2025,OMRE,0,0,0,0,0
10/6/2025,OPMS,142,143,135,135,9419500
10/6/2025,PACK,1935,1960,1885,1890,4660400
10/6/2025,PADA,90,90,90,90,11698000
10/6/2025,PADI,104,104,104,104,129760000
10/6/2025,PALM,402,402,390,392,1019900
10/6/2025,PAMG,75,75,73,73,7120000
10/6/2025,PANI,15250,16100,15050,15750,25970100
10/6/2025,PANIBQCZ5A,55,69,53,63,22682000
10/6/2025,PANIDRCG6A,96,113,96,109,6293600
10/6/2025,PANIHDCJ6A,137,149,137,143,15744000
10/6/2025,PANIHDCZ5A,187,202,179,197,3170600
10/6/2025,PANIZPCJ6A,80,99,80,85,35525300
10/6/2025,PANR,700,710,685,690,605500
10/6/2025,PANS,1390,1395,1380,1395,165900
10/6/2025,PART,105,108,104,104,36057000
10/6/2025,PART-W,19,20,18,19,6818200
10/6/2025,PBID,488,488,482,486,417900
10/6/2025,PBRX,33,33,32,32,48480300
10/6/2025,PBSA,905,950,900,935,2380600
10/6/2025,PCAR,36,36,33,33,4072300
10/6/2025,PDES,640,640,615,630,478600
10/6/2025,PDPP,476,478,466,478,137200
10/6/2025,PEGE,116,119,114,115,4368800
10/6/2025,PEHA,328,334,326,328,62900
10/6/2025,PEVE,498,510,450,462,7314000
10/6/2025,PGAS,1615,1640,1610,1635,39941800
10/6/2025,PGASBQCZ5A,0,0,0,0,0
10/6/2025,PGASDRCG6A,0,0,0,0,0
10/6/2025,PGASHDCK6A,0,0,0,0,0
10/6/2025,PGASZPCJ6A,35,35,34,34,7500
10/6/2025,PGEO,1460,1545,1430,1455,307888000
10/6/2025,PGEOBQCX5B,18,22,15,17,76485200
10/6/2025,PGEODRCJ6A,38,47,38,40,6860400
10/6/2025,PGEODRPV5A,0,0,0,0,0
10/6/2025,PGEOHDCH6A,55,60,50,53,274600
10/6/2025,PGEOHDCH6B,61,72,61,61,355400
10/6/2025,PGEOHDPH6A,0,0,0,0,0
10/6/2025,PGEOYUCK6A,97,104,95,95,1310900
10/6/2025,PGEOZPCJ6A,50,50,50,50,2000000
10/6/2025,PGEOZPCM6A,55,64,53,58,1489100
10/6/2025,PGJO,800,880,800,880,495000
10/6/2025,PGLI,250,266,246,252,1063200
10/6/2025,PGUN,0,0,0,0,0
10/6/2025,PICO,270,272,230,230,9020800
10/6/2025,PIPA,615,625,590,625,130399200
10/6/2025,PJAA,630,630,590,595,452800
10/6/2025,PKPK,570,570,555,570,294300
10/6/2025,PLAN,54,55,49,50,17139500
10/6/2025,PLAS,0,0,0,0,0
10/6/2025,PLIN,0,0,0,0,0
10/6/2025,PMJS,120,120,118,118,52100
10/6/2025,PMMP,0,0,0,0,0
10/6/2025,PMUI,130,137,128,133,5997700
10/6/2025,PNBN,1055,1060,1030,1040,14845200
10/6/2025,PNBS,53,54,53,53,15373000
10/6/2025,PNGO,3050,3780,3050,3780,1053100
10/6/2025,PNIN,810,840,785,840,1829000
10/6/2025,PNLF,242,244,238,238,112436200
10/6/2025,PNLFDRCJ6A,11,12,11,12,330400
10/6/2025,PNLFHDCZ5A,0,0,0,0,0
10/6/2025,PNLFYUCV5A,6,6,4,6,621600
10/6/2025,PNLFZPCH6A,0,0,0,0,0
10/6/2025,PNSE,750,755,715,740,56700
10/6/2025,POLA,37,37,37,37,5170900
10/6/2025,POLI,745,745,745,745,4300
10/6/2025,POLL,0,0,0,0,0
10/6/2025,POLU,19375,20250,17025,20250,255400
10/6/2025,POLY,29,29,29,29,2486400
10/6/2025,POOL,0,0,0,0,0
10/6/2025,PORT,1000,1010,970,980,37900
10/6/2025,POSA,0,0,0,0,0
10/6/2025,POWR,705,705,695,695,3436500
10/6/2025,PPGL,105,108,102,108,787000
10/6/2025,PPRE,93,94,91,91,7105200
10/6/2025,PPRI,370,370,326,346,47221900
10/6/2025,PPRO,0,0,0,0,0
10/6/2025,PRAY,725,770,725,735,85700
10/6/2025,PRDA,2590,2610,2560,2600,115500
10/6/2025,PRIM,94,95,87,90,34320600
10/6/2025,PSAB,565,605,560,605,261095400
10/6/2025,PSAT,1385,1425,1370,1385,941800
10/6/2025,PSDN,111,112,106,108,8051800
10/6/2025,PSGO,212,212,206,210,844800
10/6/2025,PSKT,145,145,145,145,102263500
10/6/2025,PSSI,346,350,342,344,145200
10/6/2025,PTBA,2340,2340,2300,2310,11177700
10/6/2025,PTBABQCV5A,10,11,10,10,34736400
10/6/2025,PTBADRCG6A,0,0,0,0,0
10/6/2025,PTBAYUCZ5A,75,75,75,75,100
10/6/2025,PTBAZPCH6A,33,33,33,33,50000
10/6/2025,PTDU,0,0,0,0,0
10/6/2025,PTIS,408,412,394,402,417800
10/6/2025,PTMP,93,94,92,93,10260000
10/6/2025,PTMR,0,0,0,0,0
10/6/2025,PTPP,402,406,392,394,10815100
10/6/2025,PTPS,172,173,167,169,11864400
10/6/2025,PTPW,955,960,950,955,17900
10/6/2025,PTRO,0,0,0,0,0
10/6/2025,PTRODRCG6A,0,0,0,0,0
10/6/2025,PTROHDCK6A,0,0,0,0,0
10/6/2025,PTROYUCK6A,0,0,0,0,0
10/6/2025,PTROZPCK6A,0,0,0,0,0
10/6/2025,PTSN,480,486,464,466,2524000
10/6/2025,PTSP,905,940,900,940,13900
10/6/2025,PUDP,530,530,530,530,556900
10/6/2025,PURA,27,27,26,26,15376000
10/6/2025,PURE,0,0,0,0,0
10/6/2025,PURI,191,192,187,190,72500
10/6/2025,PWON,368,370,358,360,75576800
10/6/2025,PWONDRCN6A,0,0,0,0,0
10/6/2025,PWONHDCZ5A,0,0,0,0,0
10/6/2025,PWONZPCH6A,0,0,0,0,0
10/6/2025,PYFA,565,595,545,580,62538800
10/6/2025,PYFA-W,131,135,120,128,1229600
10/6/2025,PZZA,268,268,250,260,5499400
10/6/2025,R-ABFII,0,0,0,0,0
10/6/2025,R-LQ45X,1095,1100,954,960,4500
10/6/2025,RAAM,302,302,294,296,14745700
10/6/2025,RAFI,0,0,0,0,0
10/6/2025,RAJA,4150,4800,4120,4620,261108500
10/6/2025,RAJADRCG6A,210,258,189,240,13940700
10/6/2025,RAJAHDCK6A,181,236,180,222,5372500
10/6/2025,RAJAZPCK6A,90,119,90,110,7051700
10/6/2025,RALS,402,404,398,400,4293600
10/6/2025,RANC,0,0,0,0,0
10/6/2025,RATU,6850,7750,6550,7275,99330800
10/6/2025,RBMS,41,41,40,40,935800
10/6/2025,RCCC,236,242,220,240,2131800
10/6/2025,RDTX,12300,12300,12300,12300,800
10/6/2025,REAL,75,77,67,72,231920900
10/6/2025,RELF,50,51,45,46,36352200
10/6/2025,RELI,635,685,635,645,52600
10/6/2025,RGAS,101,102,100,101,2081600
10/6/2025,RICY,68,68,65,65,601100
10/6/2025,RIGS,830,830,820,825,255900
10/6/2025,RIMO,0,0,0,0,0
10/6/2025,RISE,0,0,0,0,0
10/6/2025,RMKE,1885,2310,1885,2310,28090700
10/6/2025,RMKO,197,260,195,260,74073000
10/6/2025,ROCK,670,670,670,670,1100
10/6/2025,RODA,48,48,45,47,112300
10/6/2025,RONY,4200,4200,4200,4200,298500
10/6/2025,ROTI,800,805,780,795,603800
10/6/2025,RSCH,360,370,360,362,348600
10/6/2025,RSGK,0,0,0,0,0
10/6/2025,RUIS,204,208,197,198,2668400
10/6/2025,RUNS,125,125,106,114,2868300
10/6/2025,SAFE,192,192,184,186,1212600
10/6/2025,SAGE,36,36,33,33,9323800
10/6/2025,SAME,312,316,306,314,1373800
10/6/2025,SAMF,322,322,318,320,83100
10/6/2025,SAPX,302,304,296,296,654100
10/6/2025,SATU,244,246,244,246,4971700
10/6/2025,SBAT,0,0,0,0,0
10/6/2025,SBMA,137,138,133,136,4312100
10/6/2025,SCCO,2340,2340,2300,2310,120500
10/6/2025,SCMA,404,408,394,396,262115100
10/6/2025,SCMABQCZ5A,0,0,0,0,0
10/6/2025,SCMADRCK6A,152,154,151,151,27500
10/6/2025,SCMAHDCK6A,67,70,66,67,137800
10/6/2025,SCMAHDCZ5A,400,400,392,400,13800
10/6/2025,SCMAYUCK6A,110,110,108,108,233400
10/6/2025,SCMAZPCG6A,0,0,0,0,0
10/6/2025,SCMAZPCM6A,67,70,67,68,48300
10/6/2025,SCNP,183,190,183,187,13600
10/6/2025,SCPI,0,0,0,0,0
10/6/2025,SDMU,74,78,74,78,6922600
10/6/2025,SDPC,140,140,137,137,87600
10/6/2025,SDRA,288,332,284,306,1376300
10/6/2025,SEMA,97,100,96,99,929900
10/6/2025,SFAN,1920,1930,1920,1930,64900
10/6/2025,SGER,336,348,330,346,233696300
10/6/2025,SGRO,5100,5150,4860,4890,3370300
10/6/2025,SHID,875,885,870,870,41000
10/6/2025,SHIP,7000,7150,6675,6725,277900
10/6/2025,SICO,138,138,132,133,10691900
10/6/2025,SIDO,525,525,515,525,13377200
10/6/2025,SIDODRCK6A,0,0,0,0,0
10/6/2025,SIDOZPCM6A,15,15,14,15,47000
10/6/2025,SILO,1975,2000,1975,1990,656900
10/6/2025,SIMA,0,0,0,0,0
10/6/2025,SIMP,620,630,585,590,42591000
10/6/2025,SINI,4840,4840,4810,4840,304300
10/6/2025,SIPD,0,0,0,0,0
10/6/2025,SKBM,498,520,434,450,827700
10/6/2025,SKLT,204,222,204,208,1910600
10/6/2025,SKRN,545,585,545,575,1623500
10/6/2025,SKYB,0,0,0,0,0
10/6/2025,SLIS,89,89,84,85,26600500
10/6/2025,SLIS-W,18,19,17,18,3018600
10/6/2025,SMAR,5175,5175,4910,4940,497800
10/6/2025,SMBR,290,300,286,288,31269000
10/6/2025,SMCB,0,0,0,0,0
10/6/2025,SMDM,850,885,825,860,235100
10/6/2025,SMDR,310,312,302,304,20929800
10/6/2025,SMGA,100,100,98,99,16884100
10/6/2025,SMGR,2710,2740,2700,2710,4134200
10/6/2025,SMGRBQCX5B,0,0,0,0,0
10/6/2025,SMGRBQCZ5A,17,17,17,17,102000
10/6/2025,SMGRDRCV5A,0,0,0,0,0
10/6/2025,SMGRHDCZ5A,0,0,0,0,0
10/6/2025,SMGRZPCJ6A,0,0,0,0,0
10/6/2025,SMIL,560,575,525,560,392430100
10/6/2025,SMKL,167,167,165,165,74100
10/6/2025,SMKM,179,185,170,178,21444200
10/6/2025,SMLE,0,0,0,0,0
10/6/2025,SMMA,14775,14800,14550,14725,19400
10/6/2025,SMMT,1210,1500,1210,1410,5255500
10/6/2025,SMRA,422,422,400,410,77937800
10/6/2025,SMRADRCJ6A,22,22,22,22,10004600
10/6/2025,SMRAHDCZ5A,0,0,0,0,0
10/6/2025,SMRAZPCH6A,0,0,0,0,0
10/6/2025,SMRU,0,0,0,0,0
10/6/2025,SMSM,1835,1840,1815,1820,840800
10/6/2025,SNLK,430,430,404,404,3858100
10/6/2025,SOCI,208,216,204,204,23959000
10/6/2025,SOFA,0,0,0,0,0
10/6/2025,SOHO,795,800,770,785,10900
10/6/2025,SOLA,155,157,144,147,98226400
10/6/2025,SONA,4060,4240,4060,4090,56900
10/6/2025,SOSS,985,1010,905,950,301100
10/6/2025,SOTS,370,378,338,338,226500
10/6/2025,SOUL,78,85,78,85,6544600
10/6/2025,SPMA,336,344,322,336,1651400
10/6/2025,SPRE,128,139,115,120,32424700
10/6/2025,SPTO,665,665,650,655,1227100
10/6/2025,SQMI,0,0,0,0,0
10/6/2025,SRAJ,0,0,0,0,0
10/6/2025,SRIL,0,0,0,0,0
10/6/2025,SRSN,72,77,69,70,61008300
10/6/2025,SRTG,1740,1750,1730,1735,3818800
10/6/2025,SRTGDRCK6A,77,77,77,77,13900
10/6/2025,SRTGHDCK6A,0,0,0,0,0
10/6/2025,SRTGZPCG6A,0,0,0,0,0
10/6/2025,SRTGZPCK6A,0,0,0,0,0
10/6/2025,SSIA,1855,2040,1840,2010,139805600
10/6/2025,SSMS,1720,1730,1640,1685,8736500
10/6/2025,SSTM,254,316,254,316,1441200
10/6/2025,STAA,1105,1120,1080,1085,18073500
10/6/2025,STAR,75,78,75,78,488100
10/6/2025,STRK,218,218,204,206,37639600
10/6/2025,STTP,10075,10200,10050,10075,2800
10/6/2025,SUGI,0,0,0,0,0
10/6/2025,SULI,127,140,112,129,28546800
10/6/2025,SUNI,805,825,805,815,823500
10/6/2025,SUPR,0,0,0,0,0
10/6/2025,SURE,2990,2990,2850,2900,14100
10/6/2025,SURI,116,117,114,114,13478000
10/6/2025,SWAT,0,0,0,0,0
10/6/2025,SWID,92,93,91,92,582900
10/6/2025,TALF,480,520,464,480,34600
10/6/2025,TAMA,38,38,38,38,2744700
10/6/2025,TAMU,31,31,28,28,17342000
10/6/2025,TAPG,1850,1850,1785,1845,11594900
10/6/2025,TAPGDRCJ6A,0,0,0,0,0
10/6/2025,TAPGHDCH6A,0,0,0,0,0
10/6/2025,TAPGZPCH6A,145,150,145,149,33400
10/6/2025,TAPGZPCM6A,47,50,47,50,87400
10/6/2025,TARA,30,31,30,30,12244400
10/6/2025,TAXI,18,18,18,18,47696500
10/6/2025,TAYS,78,79,76,77,7925100
10/6/2025,TBIG,1750,1915,1740,1900,2632700
10/6/2025,TBLA,745,745,700,720,6481400
10/6/2025,TBMS,1295,1450,1255,1380,635800
10/6/2025,TCID,3230,3390,3120,3350,182300
10/6/2025,TCPI,6150,6150,6025,6100,7631000
10/6/2025,TDPM,0,0,0,0,0
10/6/2025,TEBE,0,0,0,0,0
10/6/2025,TECH,0,0,0,0,0
10/6/2025,TELE,0,0,0,0,0
10/6/2025,TFAS,262,262,230,242,4569700
10/6/2025,TFCO,0,0,0,0,0
10/6/2025,TGKA,5500,5550,5500,5500,1300
10/6/2025,TGRA,0,0,0,0,0
10/6/2025,TGUK,0,0,0,0,0
10/6/2025,TIFA,412,430,410,410,48500
10/6/2025,TINS,0,0,0,0,0
10/6/2025,TIRA,1565,1595,1500,1550,89300
10/6/2025,TIRT,0,0,0,0,0
10/6/2025,TKIM,7075,7100,6900,7050,1314500
10/6/2025,TKIMDRCN6A,0,0,0,0,0
10/6/2025,TKIMHDCJ6A,0,0,0,0,0
10/6/2025,TKIMZPCG6A,92,92,90,90,176900
10/6/2025,TKIMZPCK6A,0,0,0,0,0
10/6/2025,TLDN,715,720,695,710,3470100
10/6/2025,TLKM,3080,3090,2960,3010,59707600
10/6/2025,TLKMBQCG6A,47,47,47,47,100
10/6/2025,TLKMBQCV5A,34,35,34,35,200
10/6/2025,TLKMDRCJ6A,67,67,65,65,31000
10/6/2025,TLKMDRCX6A,0,0,0,0,0
10/6/2025,TLKMHDCJ6A,41,41,41,41,84400
10/6/2025,TLKMHDCV5A,256,256,234,234,27000
10/6/2025,TLKMYUCK6A,98,98,98,98,100
10/6/2025,TLKMZPCF6A,0,0,0,0,0
10/6/2025,TLKMZPCM6A,42,42,40,40,18500
10/6/2025,TMAS,130,131,129,130,2212000
10/6/2025,TMPO,170,174,167,168,3256300
10/6/2025,TNCA,210,228,195,212,14079500
10/6/2025,TOBA,1250,1335,1245,1315,240426100
10/6/2025,TOOL,67,69,67,69,2981300
10/6/2025,TOPS,0,0,0,0,0
10/6/2025,TOSK,77,80,73,77,116495800
10/6/2025,TOTL,820,830,800,805,1870800
10/6/2025,TOTO,278,290,278,280,4929800
10/6/2025,TOWR,535,540,510,515,57606200
10/6/2025,TOWRDRCN6A,19,19,17,17,19400
10/6/2025,TOWRHDCK6A,25,25,25,25,75700
10/6/2025,TOYS,0,0,0,0,0
10/6/2025,TPIA,7625,8000,7625,7850,27973500
10/6/2025,TPMA,580,580,575,575,3313900
10/6/2025,TRAM,0,0,0,0,0
10/6/2025,TRGU,172,173,168,173,470800
10/6/2025,TRIL,0,0,0,0,0
10/6/2025,TRIM,486,605,470,605,21519400
10/6/2025,TRIN,108,120,103,112,9949000
10/6/2025,TRIN-W2,0,0,0,0,0
10/6/2025,TRIO,0,0,0,0,0
10/6/2025,TRIS,179,184,179,180,1192900
10/6/2025,TRJA,157,171,156,170,2124000
10/6/2025,TRON,90,92,89,91,12427600
10/6/2025,TRST,488,488,488,488,16400
10/6/2025,TRUE,71,72,71,72,18036400
10/6/2025,TRUK,276,276,252,252,7589300
10/6/2025,TRUS,444,444,432,438,34800
10/6/2025,TSPC,2400,2400,2340,2380,874300
10/6/2025,TUGU,1020,1045,1005,1025,2737700
10/6/2025,TYRE,128,135,125,128,1945300
10/6/2025,UANG,7100,7100,5050,7100,14003400
10/6/2025,UCID,470,470,466,466,651000
10/6/2025,UDNG,1450,1520,1450,1520,420700
10/6/2025,UFOE,199,228,192,228,21648700
10/6/2025,ULTJ,1295,1300,1280,1290,2033900
10/6/2025,UNIC,9000,9000,8900,8925,24300
10/6/2025,UNIQ,368,372,362,362,20246000
10/6/2025,UNIT,0,0,0,0,0
10/6/2025,UNSP,165,165,159,159,1953200
10/6/2025,UNTD,83,85,82,84,16304400
10/6/2025,UNTR,26500,26525,26200,26400,1812400
10/6/2025,UNTRBQCV5A,0,0,0,0,0
10/6/2025,UNTRDRCG6A,0,0,0,0,0
10/6/2025,UNTRZPCJ6A,0,0,0,0,0
10/6/2025,UNVR,1850,1890,1820,1860,22207000
10/6/2025,UNVRBQCZ5A,80,80,78,78,14000
10/6/2025,UNVRDRCG6A,51,52,48,49,3994400
10/6/2025,UNVRHDPG6A,72,75,72,73,23200
10/6/2025,UNVRZPCH6A,56,56,53,53,71700
10/6/2025,UNVRZPCM6A,53,53,50,50,67300
10/6/2025,URBN,141,141,135,140,200200
10/6/2025,UVCR,75,77,74,76,5695600
10/6/2025,VAST,162,162,153,156,916900
10/6/2025,VAST-W,14,15,14,15,3625300
10/6/2025,VERN,146,150,132,141,7425600
10/6/2025,VERN-W,0,0,0,0,0
10/6/2025,VICI,635,650,630,645,807400
10/6/2025,VICO,186,190,182,184,206200
10/6/2025,VINS,141,143,141,141,62900
10/6/2025,VISI,160,163,160,163,3227400
10/6/2025,VIVA,30,30,30,30,13148300
10/6/2025,VKTR,0,0,0,0,0
10/6/2025,VOKS,306,308,300,300,100200
10/6/2025,VRNA,88,91,88,88,424800
10/6/2025,VTNY,92,97,92,93,20397000
10/6/2025,WAPO,161,180,161,168,12788300
10/6/2025,WEGE,71,71,67,68,24441100
10/6/2025,WEHA,115,115,113,114,1290100
10/6/2025,WGSH,252,270,238,254,2345000
10/6/2025,WICO,0,0,0,0,0
10/6/2025,WIDI,49,49,45,46,55488600
10/6/2025,WIFI,3250,3460,3250,3310,353794100
10/6/2025,WIIM,1375,1385,1265,1275,15052900
10/6/2025,WIKA,0,0,0,0,0
10/6/2025,WINE,206,208,202,208,3588400
10/6/2025,WINR,39,39,36,36,17487200
10/6/2025,WINS,428,430,412,412,3772900
10/6/2025,WIRG,132,141,130,133,806108700
10/6/2025,WMPP,0,0,0,0,0
10/6/2025,WMUU,30,30,27,30,231770500
10/6/2025,WOMF,334,338,332,336,121100
10/6/2025,WOOD,560,565,496,540,35139400
10/6/2025,WOWS,82,83,76,80,27082800
10/6/2025,WSBP,24,24,23,23,77409900
10/6/2025,WSKT,0,0,0,0,0
10/6/2025,WTON,99,100,97,98,7784800
10/6/2025,XAQA,0,0,0,0,0
10/6/2025,XBES,0,0,0,0,0
10/6/2025,XBID,506,506,504,504,40300
10/6/2025,XBIG,0,0,0,0,0
10/6/2025,XBIN,574,574,572,572,40100
10/6/2025,XBLQ,0,0,0,0,0
10/6/2025,XBNI,0,0,0,0,0
10/6/2025,XBSK,436,436,434,434,40100
10/6/2025,XCEG,105,106,105,105,10700
10/6/2025,XCID,65,65,61,63,136000
10/6/2025,XCIS,84,84,73,80,51700
10/6/2025,XCLQ,80,88,80,87,21900
10/6/2025,XDIF,457,457,457,457,100
10/6/2025,XIFE,105,111,105,107,1400
10/6/2025,XIHD,607,608,601,607,9300
10/6/2025,XIIC,0,0,0,0,0
10/6/2025,XIID,496,496,487,487,800
10/6/2025,XIIF,444,444,442,444,50000
10/6/2025,XIIT,512,518,506,510,22500
10/6/2025,XIJI,657,665,646,659,3000
10/6/2025,XILV,94,124,94,118,76100
10/6/2025,XIML,228,237,228,232,6700
10/6/2025,XIPB,220,220,200,206,4400
10/6/2025,XIPI,213,214,213,214,4500
10/6/2025,XISB,0,0,0,0,0
10/6/2025,XISC,0,0,0,0,0
10/6/2025,XISI,0,0,0,0,0
10/6/2025,XISR,422,430,422,427,6800
10/6/2025,XKID,0,0,0,0,0
10/6/2025,XKIV,595,596,595,595,44000
10/6/2025,XKMS,1110,1110,1110,1110,100
10/6/2025,XMGB,1132,1132,1132,1132,200
10/6/2025,XMIG,215,215,212,212,300
10/6/2025,XMLF,859,859,859,859,40000
10/6/2025,XMSK,376,376,376,376,200
10/6/2025,XNVE,0,0,0,0,0
10/6/2025,XPDV,599,599,591,591,200
10/6/2025,XPFT,545,545,545,545,100
10/6/2025,XPIN,637,639,637,639,2200
10/6/2025,XPLQ,524,524,524,524,2900
10/6/2025,XPSG,0,0,0,0,0
10/6/2025,XPTD,466,466,466,466,100
10/6/2025,XSBC,100,101,97,99,144900
10/6/2025,XSPI,0,0,0,0,0
10/6/2025,XSSI,85,86,81,84,309000
10/6/2025,XSSK,676,676,676,676,20000
10/6/2025,YELO,64,65,63,63,12739600
10/6/2025,YOII,103,108,103,104,3013400
10/6/2025,YPAS,510,510,510,510,57300
10/6/2025,YULE,2690,2720,2690,2700,33500
10/6/2025,YUPI,1835,1870,1755,1760,233200
10/6/2025,ZATA,72,80,64,73,541846200
10/6/2025,ZBRA,0,0,0,0,0
10/6/2025,ZINC,31,31,29,29,30644400
10/6/2025,ZONE,640,640,625,640,144900
10/6/2025,ZYRX,152,153,148,151,2121900
