<date>,<ticker>,<open>,<high>,<low>,<close>,<volume>
7/16/2025,IHSG,7182.645,7216.814,7140.209,7192.018,287209405
7/16/2025,IDX30,0.000,0.000,0.000,0.000,0
7/16/2025,IDX80,0.000,0.000,0.000,0.000,0
7/16/2025,AADI,7075,7100,6900,6925,6273900
7/16/2025,AALI,5900,6000,5900,5950,610700
7/16/2025,ABBA,37,37,37,37,1096100
7/16/2025,ABDA,0,0,0,0,0
7/16/2025,ABMM,3030,3050,2970,2990,1861600
7/16/2025,ACES,492,496,490,492,20312600
7/16/2025,ACESBQCV5A,5,5,4,5,8900
7/16/2025,ACESDRCN5A,2,2,1,2,174400
7/16/2025,ACESDRCQ5A,2,2,2,2,11700
7/16/2025,ACESHDCZ5A,65,65,65,65,200
7/16/2025,ACRO,62,64,61,63,5242300
7/16/2025,ACRO-W,6,7,6,6,194800
7/16/2025,ACST,91,91,91,91,783700
7/16/2025,ADCP,50,50,50,50,122400
7/16/2025,ADES,12725,12925,12625,12825,58500
7/16/2025,ADHI,258,262,256,260,17347400
7/16/2025,ADMF,9200,9325,9200,9300,202100
7/16/2025,ADMG,116,121,114,115,631000
7/16/2025,ADMR,990,1005,990,990,10676900
7/16/2025,ADMRZPCH6A,0,0,0,0,0
7/16/2025,ADRO,1820,1870,1820,1840,46377600
7/16/2025,ADROBQCN5A,0,0,0,0,0
7/16/2025,ADROBQCU5A,29,32,29,32,38500
7/16/2025,ADROBQCZ5A,47,47,47,47,100
7/16/2025,ADRODRCN5A,14,14,2,2,316400
7/16/2025,ADRODRCQ5A,3,3,2,2,2611000
7/16/2025,ADRODRCQ5B,22,24,22,22,28500
7/16/2025,ADRODRCX5A,48,52,48,50,1076600
7/16/2025,ADROHDCQ5A,10,10,9,9,20000
7/16/2025,ADROHDCZ5A,84,84,82,82,19200
7/16/2025,ADROZPCF6A,0,0,0,0,0
7/16/2025,AEGS,33,34,32,33,603100
7/16/2025,AGAR,228,238,228,228,47200
7/16/2025,AGII,985,990,980,985,308200
7/16/2025,AGRO,214,216,210,212,11109700
7/16/2025,AGRS,64,64,63,63,2141900
7/16/2025,AHAP,71,71,65,67,9034900
7/16/2025,AIMS,406,410,378,390,1004500
7/16/2025,AISA,148,156,148,155,18386700
7/16/2025,AKKU,0,0,0,0,0
7/16/2025,AKPI,595,595,585,595,41100
7/16/2025,AKRA,1260,1265,1205,1220,18628400
7/16/2025,AKRADRCN5A,40,40,36,36,200
7/16/2025,AKRADRCQ5A,10,10,10,10,380200
7/16/2025,AKRADRCX5A,38,38,35,37,4600
7/16/2025,AKRAHDCQ5A,21,21,19,19,2900
7/16/2025,AKRAZPCX5A,65,65,60,60,170100
7/16/2025,AKSI,274,290,268,274,842900
7/16/2025,ALDO,492,498,490,490,30300
7/16/2025,ALII,585,595,585,590,3488000
7/16/2025,ALKA,306,312,296,306,60000
7/16/2025,ALMI,0,0,0,0,0
7/16/2025,ALTO,0,0,0,0,0
7/16/2025,AMAG,354,354,350,354,37800
7/16/2025,AMAN,107,107,101,104,3039500
7/16/2025,AMAR,159,161,157,158,3352200
7/16/2025,AMFG,3510,3510,3500,3500,100800
7/16/2025,AMIN,153,164,147,150,1031700
7/16/2025,AMMN,8225,8300,8100,8225,32294100
7/16/2025,AMMNBQCZ5A,0,0,0,0,0
7/16/2025,AMMNZPCG6A,66,67,66,66,22500
7/16/2025,AMMS,99,99,96,97,1325100
7/16/2025,AMMS-W,3,3,1,3,49950900
7/16/2025,AMOR,515,515,510,510,51100
7/16/2025,AMRT,2220,2230,2150,2150,45308000
7/16/2025,AMRTBQCU5A,21,22,21,21,322400
7/16/2025,AMRTDRCN5A,0,0,0,0,0
7/16/2025,AMRTDRCQ5A,0,0,0,0,0
7/16/2025,AMRTDRCZ5A,40,41,40,40,59500
7/16/2025,AMRTHDCQ5A,17,17,17,17,586400
7/16/2025,AMRTZPCX5A,0,0,0,0,0
7/16/2025,ANDI,18,18,17,17,2119400
7/16/2025,ANJT,1765,1770,1765,1770,412800
7/16/2025,ANTM,2990,3010,2940,2990,126818600
7/16/2025,ANTMBQCU5A,282,284,278,284,800
7/16/2025,ANTMBQCX5A,82,86,82,85,67000
7/16/2025,ANTMBQCZ5A,0,0,0,0,0
7/16/2025,ANTMDRCG6A,53,54,53,54,5500
7/16/2025,ANTMDRCN5A,208,208,208,208,100
7/16/2025,ANTMDRCQ5A,258,260,256,256,10300
7/16/2025,ANTMDRCX5A,288,292,288,290,185200
7/16/2025,ANTMDRPU5A,0,0,0,0,0
7/16/2025,ANTMDRPU5B,1,33,1,33,12000
7/16/2025,ANTMHDCQ5A,0,0,0,0,0
7/16/2025,ANTMHDCU5A,0,0,0,0,0
7/16/2025,ANTMYUCQ5A,336,336,336,336,500
7/16/2025,ANTMZPCX5A,0,0,0,0,0
7/16/2025,APEX,116,127,116,123,27160800
7/16/2025,APIC,1195,1195,1160,1160,5013100
7/16/2025,APII,174,174,168,170,136900
7/16/2025,APLI,490,490,478,478,800
7/16/2025,APLN,95,98,93,95,26167900
7/16/2025,ARCI,565,590,555,590,35684600
7/16/2025,AREA,416,416,406,414,969000
7/16/2025,ARGO,960,1125,960,1125,368200
7/16/2025,ARII,270,270,266,266,20500
7/16/2025,ARKA,19,19,18,19,1795400
7/16/2025,ARKO,810,835,800,825,161100
7/16/2025,ARMY,0,0,0,0,0
7/16/2025,ARNA,590,595,585,590,680100
7/16/2025,ARTA,2260,2600,2170,2450,48400
7/16/2025,ARTI,0,0,0,0,0
7/16/2025,ARTO,1810,1815,1780,1780,6411500
7/16/2025,ARTOBQCU5A,8,8,8,8,81000
7/16/2025,ARTOBQCZ5A,0,0,0,0,0
7/16/2025,ARTODRCN5A,2,2,2,2,100000
7/16/2025,ARTODRCQ5A,3,4,3,3,198600
7/16/2025,ARTODRCX5A,38,39,38,39,28900
7/16/2025,ARTOHDCZ5A,0,0,0,0,0
7/16/2025,ARTOZPCX5A,0,0,0,0,0
7/16/2025,ASBI,420,424,420,420,8100
7/16/2025,ASDM,510,525,510,525,19000
7/16/2025,ASGR,890,900,885,890,378600
7/16/2025,ASHA,16,16,16,16,3231800
7/16/2025,ASII,4700,4810,4690,4750,53394000
7/16/2025,ASIIBQCU5A,53,53,53,53,20000
7/16/2025,ASIIBQCZ5A,0,0,0,0,0
7/16/2025,ASIIDRCQ5A,0,0,0,0,0
7/16/2025,ASIIDRCQ5B,19,20,19,20,200
7/16/2025,ASIIDRCX5A,85,90,85,88,10300
7/16/2025,ASIIDRCX6A,2780,2810,2780,2810,200
7/16/2025,ASIIDRPQ5A,26,26,25,25,33100
7/16/2025,ASIIHDCZ5A,0,0,0,0,0
7/16/2025,ASJT,114,116,112,113,73400
7/16/2025,ASLC,66,66,64,65,5268800
7/16/2025,ASLI,50,50,50,50,888900
7/16/2025,ASMI,17,17,16,17,2493400
7/16/2025,ASPI,0,0,0,0,0
7/16/2025,ASPR,104,116,102,108,155467400
7/16/2025,ASRI,144,149,138,138,186974300
7/16/2025,ASRM,264,278,264,270,9700
7/16/2025,ASSA,815,825,790,790,12159200
7/16/2025,ATAP,27,27,27,27,78500
7/16/2025,ATIC,378,378,372,376,228600
7/16/2025,ATLA,50,50,50,50,299300
7/16/2025,AUTO,2060,2110,2060,2100,3862700
7/16/2025,AVIA,446,452,440,444,7302600
7/16/2025,AWAN,270,278,266,268,21735300
7/16/2025,AXIO,130,131,128,128,792400
7/16/2025,AYAM,164,164,162,163,115896900
7/16/2025,AYLS,97,107,96,105,20780700
7/16/2025,BABP,51,51,50,50,22395000
7/16/2025,BABY,288,298,272,280,9596900
7/16/2025,BACA,131,131,130,130,1031700
7/16/2025,BAIK,97,97,94,97,2205000
7/16/2025,BAIK-W,7,8,7,8,1207300
7/16/2025,BAJA,125,127,122,123,1639200
7/16/2025,BALI,1415,1600,1410,1450,38100
7/16/2025,BANK,820,845,820,830,6394200
7/16/2025,BANK-W,0,0,0,0,0
7/16/2025,BAPA,50,50,50,50,40000
7/16/2025,BAPI,8,9,8,9,1489300
7/16/2025,BATA,50,50,50,50,600
7/16/2025,BATR,84,86,82,83,4749700
7/16/2025,BAUT,28,29,28,29,3416700
7/16/2025,BAYU,1285,1300,1285,1290,68000
7/16/2025,BBCA,8550,8600,8500,8525,97475300
7/16/2025,BBCABQCV5A,64,65,64,65,8500
7/16/2025,BBCABQCX5A,0,0,0,0,0
7/16/2025,BBCADRCF6A,74,74,73,74,105400
7/16/2025,BBCADRCQ5A,30,31,30,31,5100
7/16/2025,BBCADRCX6A,0,0,0,0,0
7/16/2025,BBCADRPQ5A,62,63,62,62,3800
7/16/2025,BBCAHDCQ5A,0,0,0,0,0
7/16/2025,BBCAHDCU5A,0,0,0,0,0
7/16/2025,BBCAHDCV5A,0,0,0,0,0
7/16/2025,BBCAYUCQ5A,0,0,0,0,0
7/16/2025,BBCAZPCF6A,0,0,0,0,0
7/16/2025,BBCAZPCH6A,0,0,0,0,0
7/16/2025,BBHI,1115,1170,1060,1105,3217800
7/16/2025,BBKP,60,60,59,60,29560200
7/16/2025,BBLD,750,780,735,760,224900
7/16/2025,BBMD,2110,2190,2100,2180,10200
7/16/2025,BBNI,4130,4150,4080,4130,66349800
7/16/2025,BBNIBQCU5A,0,0,0,0,0
7/16/2025,BBNIBQCV5A,0,0,0,0,0
7/16/2025,BBNIDRCQ5A,12,12,12,12,100
7/16/2025,BBNIDRCX6A,2250,2280,2250,2280,300
7/16/2025,BBNIDRCZ5A,60,61,60,60,12100
7/16/2025,BBNIDRPU5A,31,31,31,31,6100
7/16/2025,BBNIHDCQ5A,37,40,37,40,47600
7/16/2025,BBNIHDCU5A,0,0,0,0,0
7/16/2025,BBNIHDPU5A,0,0,0,0,0
7/16/2025,BBNIYUCV5A,72,72,72,72,100
7/16/2025,BBNIZPCH6A,0,0,0,0,0
7/16/2025,BBNIZPCX5A,0,0,0,0,0
7/16/2025,BBRI,3950,3960,3880,3880,241966800
7/16/2025,BBRIBQCQ5A,16,17,16,16,85200
7/16/2025,BBRIBQCU5A,0,0,0,0,0
7/16/2025,BBRIBQCZ5A,0,0,0,0,0
7/16/2025,BBRIDRCQ5A,39,39,35,35,2607700
7/16/2025,BBRIDRCX5A,171,175,170,170,11583100
7/16/2025,BBRIDRCX6A,2280,2300,2280,2300,1500
7/16/2025,BBRIDRPN5A,11,11,6,6,109300
7/16/2025,BBRIHDCQ5A,0,0,0,0,0
7/16/2025,BBRIYUCV5A,167,167,157,157,300
7/16/2025,BBRIZPCH6A,0,0,0,0,0
7/16/2025,BBRIZPCX5A,92,92,92,92,6000000
7/16/2025,BBRM,76,77,74,76,3048500
7/16/2025,BBSI,4020,4020,3870,4000,5000
7/16/2025,BBSS,300,300,294,300,4200
7/16/2025,BBTN,1235,1270,1230,1240,51188200
7/16/2025,BBTNHDCZ5A,0,0,0,0,0
7/16/2025,BBTNZPCG6A,0,0,0,0,0
7/16/2025,BBYB,234,244,234,242,44604800
7/16/2025,BCAP,56,57,55,56,42728000
7/16/2025,BCIC,0,0,0,0,0
7/16/2025,BCIP,93,96,93,96,19861600
7/16/2025,BDKR,157,160,153,160,35674500
7/16/2025,BDMN,2430,2470,2420,2450,1291100
7/16/2025,BEBS,0,0,0,0,0
7/16/2025,BEEF,278,288,278,282,12169900
7/16/2025,BEER,72,73,70,72,87700
7/16/2025,BEKS,24,24,24,24,11606100
7/16/2025,BELI,384,400,384,398,465600
7/16/2025,BELL,50,51,50,50,401300
7/16/2025,BESS,1020,1020,980,985,47000
7/16/2025,BEST,97,98,96,97,11178900
7/16/2025,BFIN,800,830,795,815,7729500
7/16/2025,BGTG,78,79,77,78,2711500
7/16/2025,BHAT,755,770,745,765,2098100
7/16/2025,BHIT,25,26,25,26,7168700
7/16/2025,BIKA,0,0,0,0,0
7/16/2025,BIKE,585,595,575,580,1055500
7/16/2025,BIMA,46,48,46,46,50600
7/16/2025,BINA,4390,4390,4380,4380,10500
7/16/2025,BINO,109,112,108,108,1124000
7/16/2025,BIPI,80,85,79,84,426051800
7/16/2025,BIPP,39,42,39,42,1212400
7/16/2025,BIRD,1840,1910,1840,1900,3347700
7/16/2025,BISI,945,955,935,950,66700
7/16/2025,BJBR,810,810,805,805,3456800
7/16/2025,BJTM,492,494,490,492,6565700
7/16/2025,BKDP,32,32,32,32,193300
7/16/2025,BKSL,120,124,114,122,457896800
7/16/2025,BKSW,61,69,60,67,27924700
7/16/2025,BLES,176,179,175,177,957800
7/16/2025,BLOG,700,755,695,755,65058000
7/16/2025,BLTA,20,20,20,20,1825700
7/16/2025,BLTZ,0,0,0,0,0
7/16/2025,BLUE,312,314,308,312,126700
7/16/2025,BMAS,515,565,515,565,6300
7/16/2025,BMBL,17,17,16,17,795800
7/16/2025,BMHS,196,196,194,196,827100
7/16/2025,BMRI,4730,4760,4680,4690,323831100
7/16/2025,BMRIBQCN5A,0,0,0,0,0
7/16/2025,BMRIBQCU5A,0,0,0,0,0
7/16/2025,BMRIBQCZ5A,0,0,0,0,0
7/16/2025,BMRIDRCQ5A,6,7,6,6,619300
7/16/2025,BMRIDRCX5A,70,70,68,68,3028300
7/16/2025,BMRIDRCX6A,2430,2440,2390,2390,400400
7/16/2025,BMRIDRPN5A,16,16,16,16,100
7/16/2025,BMRIHDCQ5A,6,7,6,7,2500600
7/16/2025,BMRIHDCU5A,112,112,110,110,98800
7/16/2025,BMRIHDPU5A,0,0,0,0,0
7/16/2025,BMRIYUCQ5A,39,39,37,37,2095000
7/16/2025,BMRIZPCH6A,0,0,0,0,0
7/16/2025,BMRIZPCX5A,47,47,46,46,1300000
7/16/2025,BMSR,248,250,240,248,36500
7/16/2025,BMTR,130,133,130,131,47240100
7/16/2025,BNBA,845,845,815,825,491900
7/16/2025,BNBR,27,27,27,27,23284200
7/16/2025,BNGA,1700,1720,1700,1715,2565900
7/16/2025,BNGAZPCH6A,54,54,54,54,5000
7/16/2025,BNII,199,199,197,198,433700
7/16/2025,BNLI,2800,2820,2750,2780,242300
7/16/2025,BOAT,98,100,98,99,2524900
7/16/2025,BOBA,177,180,155,173,726200
7/16/2025,BOGA,595,595,575,580,837500
7/16/2025,BOLA,100,103,100,103,744200
7/16/2025,BOLT,1220,1225,1215,1220,1410800
7/16/2025,BOSS,0,0,0,0,0
7/16/2025,BPFI,0,0,0,0,0
7/16/2025,BPII,590,595,585,595,138900
7/16/2025,BPTR,91,98,91,96,1599900
7/16/2025,BRAM,5625,5800,5625,5750,1100
7/16/2025,BREN,7850,7875,7350,7700,55971100
7/16/2025,BRIS,2770,2790,2760,2780,25834000
7/16/2025,BRISBQCZ5A,0,0,0,0,0
7/16/2025,BRISHDCZ5A,0,0,0,0,0
7/16/2025,BRISYUCV5A,98,100,98,99,32200
7/16/2025,BRISZPCG6A,0,0,0,0,0
7/16/2025,BRMS,434,456,430,452,1051481300
7/16/2025,BRMSBQCZ5A,82,86,81,85,68100
7/16/2025,BRMSHDCZ5A,156,171,156,171,1400
7/16/2025,BRMSYUCV5A,37,40,37,39,1890800
7/16/2025,BRMSZPCG6A,65,72,65,72,591100
7/16/2025,BRNA,620,625,595,625,4800
7/16/2025,BRPT,2050,2060,1930,2010,166467800
7/16/2025,BRPTBQCQ5A,500,515,446,490,46600
7/16/2025,BRPTBQCV5A,270,296,266,296,80200
7/16/2025,BRPTBQCZ5A,0,0,0,0,0
7/16/2025,BRPTDRCF6A,162,163,152,163,106300
7/16/2025,BRPTDRCN5A,256,282,248,282,14100
7/16/2025,BRPTDRCQ5A,200,204,200,204,27100
7/16/2025,BRPTDRCX5A,191,191,177,191,167300
7/16/2025,BRPTDRPV5A,28,29,27,27,431900
7/16/2025,BRPTHDCQ5A,0,0,0,0,0
7/16/2025,BRPTZPCF6A,177,177,177,177,55000
7/16/2025,BRPTZPCX5A,256,260,254,260,38700
7/16/2025,BRRC,57,57,55,56,4003800
7/16/2025,BRRC-W,8,9,7,9,1222500
7/16/2025,BSBK,50,51,50,50,14068300
7/16/2025,BSDE,830,845,820,830,29591600
7/16/2025,BSDEZPCH6A,0,0,0,0,0
7/16/2025,BSIM,950,985,875,895,260400
7/16/2025,BSML,91,98,91,98,39301800
7/16/2025,BSSR,3940,3960,3910,3960,428000
7/16/2025,BSWD,0,0,0,0,0
7/16/2025,BTEK,5,5,5,5,13734300
7/16/2025,BTEL,0,0,0,0,0
7/16/2025,BTON,392,392,380,388,15400
7/16/2025,BTPN,2120,2170,2110,2120,26200
7/16/2025,BTPS,1450,1490,1430,1445,21087500
7/16/2025,BTPSZPCH6A,45,45,45,45,462700
7/16/2025,BUAH,1570,1580,1550,1565,122600
7/16/2025,BUDI,234,240,228,238,273000
7/16/2025,BUKA,133,135,131,131,96007100
7/16/2025,BUKAHDCZ5A,0,0,0,0,0
7/16/2025,BUKK,820,820,810,815,6100
7/16/2025,BULL,139,143,135,138,98121600
7/16/2025,BUMI,113,122,113,121,3325970000
7/16/2025,BUVA,80,84,78,81,40389500
7/16/2025,BVIC,86,89,85,87,6400100
7/16/2025,BVIC-W,49,49,48,48,1400
7/16/2025,BWPT,61,63,59,62,23506900
7/16/2025,BYAN,19600,19650,19100,19400,35600
7/16/2025,CAKK,136,137,134,135,92400
7/16/2025,CAMP,212,218,210,214,1765700
7/16/2025,CANI,42,43,42,42,54000
7/16/2025,CARE,226,230,222,224,20033100
7/16/2025,CARS,85,86,84,84,975600
7/16/2025,CASA,995,1000,985,995,5336400
7/16/2025,CASH,61,65,60,61,607400
7/16/2025,CASS,2100,2100,2040,2040,13900
7/16/2025,CBDK,6225,6250,6050,6075,6492400
7/16/2025,CBMF,0,0,0,0,0
7/16/2025,CBPE,185,185,183,183,230300
7/16/2025,CBRE,65,67,65,66,4309300
7/16/2025,CBUT,1020,1055,1000,1010,25100
7/16/2025,CCSI,318,320,302,320,157100
7/16/2025,CDIA,780,780,780,780,8701600
7/16/2025,CEKA,2710,2780,2690,2770,39200
7/16/2025,CENT,99,102,97,100,8875800
7/16/2025,CFIN,308,314,306,310,2152900
7/16/2025,CGAS,92,95,91,92,4525800
7/16/2025,CHEK,191,199,185,188,118065800
7/16/2025,CHEM,54,55,53,54,2186400
7/16/2025,CHIP,1320,1330,1310,1325,78800
7/16/2025,CINT,157,159,152,155,178300
7/16/2025,CITA,4000,4050,3990,4000,119300
7/16/2025,CITY,87,90,85,89,1321700
7/16/2025,CLAY,720,720,650,710,230800
7/16/2025,CLEO,560,575,555,570,10164700
7/16/2025,CLPI,1195,1220,1175,1195,388400
7/16/2025,CMNP,1330,1350,1325,1335,195400
7/16/2025,CMNP-W,390,390,352,378,500
7/16/2025,CMNT,820,870,810,865,50584600
7/16/2025,CMPP,78,78,78,78,9600
7/16/2025,CMRY,4730,4730,4640,4650,2962100
7/16/2025,CNKO,30,30,29,30,6795900
7/16/2025,CNMA,151,157,151,152,28221600
7/16/2025,CNTB,0,0,0,0,0
7/16/2025,CNTX,0,0,0,0,0
7/16/2025,COAL,35,35,33,34,530800
7/16/2025,COCO,197,212,177,190,16921700
7/16/2025,COIN,474,474,474,474,6527100
7/16/2025,COWL,0,0,0,0,0
7/16/2025,CPIN,4840,4880,4770,4770,2685700
7/16/2025,CPINDRCG6A,92,94,90,94,1400
7/16/2025,CPINDRCN5A,60,60,60,60,100
7/16/2025,CPINDRCQ5A,23,23,22,22,200
7/16/2025,CPINHDCQ5A,0,0,0,0,0
7/16/2025,CPRI,0,0,0,0,0
7/16/2025,CPRO,52,52,50,51,23153200
7/16/2025,CRAB,234,236,234,236,176900
7/16/2025,CRSN,105,105,101,102,138300
7/16/2025,CSAP,240,246,240,242,52000
7/16/2025,CSIS,75,75,74,74,133300
7/16/2025,CSMI,0,0,0,0,0
7/16/2025,CSRA,685,730,680,730,824900
7/16/2025,CTBN,8000,8000,8000,8000,200
7/16/2025,CTRA,995,1020,970,985,37365200
7/16/2025,CTRAZPCG6A,49,49,47,47,1160000
7/16/2025,CTTH,25,25,25,25,8300
7/16/2025,CUAN,1630,1710,1500,1665,602401200
7/16/2025,CYBR,930,950,925,935,15607300
7/16/2025,CYBR-W,550,555,530,545,5400
7/16/2025,DAAZ,4030,4030,3990,4000,767700
7/16/2025,DADA,8,8,7,8,29315500
7/16/2025,DART,145,145,141,142,38900
7/16/2025,DATA,1405,1420,1370,1380,3083000
7/16/2025,DAYA,890,905,855,900,58000
7/16/2025,DCII,155100,186050,155025,186050,22800
7/16/2025,DEAL,0,0,0,0,0
7/16/2025,DEFI,0,0,0,0,0
7/16/2025,DEPO,202,204,197,204,577800
7/16/2025,DEWA,180,193,180,190,860160200
7/16/2025,DEWI,100,103,99,103,50302700
7/16/2025,DFAM,50,50,50,50,1400
7/16/2025,DGIK,86,90,85,89,7371000
7/16/2025,DGNS,152,154,152,154,21070400
7/16/2025,DGWG,426,432,420,424,8682700
7/16/2025,DIGI,20,20,20,20,448600
7/16/2025,DILD,131,136,129,131,19514300
7/16/2025,DIVA,108,111,106,110,5599600
7/16/2025,DKFT,520,600,520,570,103365900
7/16/2025,DKHH,0,0,0,0,0
7/16/2025,DKHH-W,0,0,0,0,0
7/16/2025,DLTA,2020,2040,2010,2020,57500
7/16/2025,DMAS,141,143,141,142,30225900
7/16/2025,DMMX,376,378,372,374,1205300
7/16/2025,DMND,505,510,498,505,90000
7/16/2025,DNAR,127,136,114,119,27649200
7/16/2025,DNET,9200,9400,9175,9200,3400
7/16/2025,DOID,360,366,360,360,14632800
7/16/2025,DOOH,99,101,95,97,178474400
7/16/2025,DOSS,150,155,143,147,725000
7/16/2025,DPNS,232,232,230,230,12700
7/16/2025,DPUM,50,50,50,50,100000
7/16/2025,DRMA,970,970,955,960,1213600
7/16/2025,DSFI,55,57,55,56,2538200
7/16/2025,DSNG,875,970,875,965,57940400
7/16/2025,DSSA,61500,66200,61300,64600,5186400
7/16/2025,DUCK,0,0,0,0,0
7/16/2025,DUTI,3490,3490,3490,3490,100
7/16/2025,DVLA,1690,1715,1685,1710,195100
7/16/2025,DWGL,218,220,212,214,217600
7/16/2025,DYAN,89,90,85,88,3875200
7/16/2025,EAST,97,112,97,106,13487600
7/16/2025,ECII,194,200,188,193,1549600
7/16/2025,EDGE,3890,4810,3850,4810,428000
7/16/2025,EKAD,182,185,181,185,257200
7/16/2025,ELIT,164,165,161,162,2252300
7/16/2025,ELPI,352,352,348,352,85700
7/16/2025,ELSA,480,490,480,480,26561800
7/16/2025,ELSAZPCG6A,36,36,36,36,22200
7/16/2025,ELTY,10,10,10,10,61364500
7/16/2025,EMDE,92,93,90,91,468500
7/16/2025,EMTK,494,520,494,520,47940700
7/16/2025,EMTKBQCZ5A,0,0,0,0,0
7/16/2025,EMTKHDCZ5A,0,0,0,0,0
7/16/2025,EMTKYUCV5A,26,28,26,28,42800
7/16/2025,EMTKZPCH6A,29,31,29,31,556900
7/16/2025,ENAK,705,710,695,705,410300
7/16/2025,ENRG,388,456,384,448,843906000
7/16/2025,ENRGHDCZ5A,92,135,92,130,1463000
7/16/2025,ENRGZPCG6A,82,116,82,111,1132200
7/16/2025,ENVY,0,0,0,0,0
7/16/2025,ENZO,31,33,31,31,13600
7/16/2025,EPAC,12,12,12,12,1020400
7/16/2025,EPMT,2280,2290,2270,2290,17300
7/16/2025,ERAA,565,585,545,550,126658700
7/16/2025,ERAABQCZ5A,0,0,0,0,0
7/16/2025,ERAAHDCZ5A,67,68,67,68,1700
7/16/2025,ERAAZPCH6A,40,43,38,38,1528000
7/16/2025,ERAL,384,388,378,386,15395700
7/16/2025,ERTX,105,105,102,103,1644400
7/16/2025,ESIP,27,28,27,28,2214200
7/16/2025,ESSA,590,595,575,585,20921900
7/16/2025,ESSABQCZ5A,76,76,75,75,2000
7/16/2025,ESTA,66,67,65,66,716900
7/16/2025,ESTI,34,34,34,34,84700
7/16/2025,ETWA,0,0,0,0,0
7/16/2025,EURO,151,156,148,155,1647500
7/16/2025,EXCL,2500,2610,2480,2570,35481300
7/16/2025,EXCLHDCQ5A,98,106,95,103,277800
7/16/2025,EXCLZPCF6A,74,74,68,68,1400
7/16/2025,FAPA,5475,5525,5475,5525,10500
7/16/2025,FAST,326,332,312,322,4382300
7/16/2025,FASW,0,0,0,0,0
7/16/2025,FILM,1730,1740,1595,1665,13040300
7/16/2025,FIMP,66,67,66,67,34500
7/16/2025,FIRE,76,77,74,76,4786900
7/16/2025,FISH,0,0,0,0,0
7/16/2025,FITT,294,294,294,294,15100
7/16/2025,FLMC,52,52,47,50,436000
7/16/2025,FMII,330,330,314,314,173300
7/16/2025,FOLK,68,72,66,69,3833700
7/16/2025,FOOD,106,106,102,102,1300
7/16/2025,FORE,640,645,630,635,9318600
7/16/2025,FORU,1255,1265,1235,1250,36100
7/16/2025,FORZ,0,0,0,0,0
7/16/2025,FPNI,195,198,195,196,1321000
7/16/2025,FUJI,388,394,376,376,57600
7/16/2025,FUTR,56,57,54,55,21143300
7/16/2025,FWCT,137,141,135,140,1364100
7/16/2025,GAMA,0,0,0,0,0
7/16/2025,GDST,106,110,104,105,5954800
7/16/2025,GDYR,1200,1210,1185,1205,5800
7/16/2025,GEMA,86,86,84,85,850800
7/16/2025,GEMS,9325,9525,9325,9475,427700
7/16/2025,GGRM,9000,9275,9000,9200,505000
7/16/2025,GGRMZPCG6A,0,0,0,0,0
7/16/2025,GGRP,0,0,0,0,0
7/16/2025,GHON,1575,1640,1575,1610,17900
7/16/2025,GIAA,67,71,67,71,43759900
7/16/2025,GJTL,1075,1100,1070,1090,8352800
7/16/2025,GLOB,0,0,0,0,0
7/16/2025,GLVA,326,328,324,324,7600
7/16/2025,GMFI,60,62,60,62,512500
7/16/2025,GMTD,2340,2920,2150,2270,158400
7/16/2025,GOLD,250,256,248,250,18500
7/16/2025,GOLF,230,232,224,228,2066700
7/16/2025,GOLL,0,0,0,0,0
7/16/2025,GOOD,358,360,356,360,140300
7/16/2025,GOTO,59,60,58,59,1317626000
7/16/2025,GOTOBQCZ5A,6,6,6,6,95500
7/16/2025,GOTODRCG6A,12,15,11,15,83700
7/16/2025,GOTODRCN5A,0,0,0,0,0
7/16/2025,GOTODRCQ5A,0,0,0,0,0
7/16/2025,GOTOHDCQ5A,0,0,0,0,0
7/16/2025,GOTOM,0,0,0,0,0
7/16/2025,GOTOZPCH6A,0,0,0,0,0
7/16/2025,GPRA,127,131,125,130,103099700
7/16/2025,GPSO,408,458,400,422,5370600
7/16/2025,GRIA,84,85,82,85,4053700
7/16/2025,GRPH,50,50,50,50,61900
7/16/2025,GRPM,49,54,48,50,10819400
7/16/2025,GRPM-W,14,14,13,13,1421400
7/16/2025,GSMF,52,53,52,53,119500
7/16/2025,GTBO,184,202,184,192,6350200
7/16/2025,GTRA,137,144,137,142,957800
7/16/2025,GTSI,39,40,39,40,301200
7/16/2025,GULA,264,266,260,262,183600
7/16/2025,GUNA,268,270,262,266,310800
7/16/2025,GWSA,125,126,125,125,15600
7/16/2025,GZCO,97,99,95,99,19530600
7/16/2025,HADE,8,8,7,7,4849100
7/16/2025,HAIS,188,190,188,190,308200
7/16/2025,HAJJ,130,133,119,122,55310800
7/16/2025,HAJJ-W,16,17,14,15,22030400
7/16/2025,HALO,84,86,79,79,86628100
7/16/2025,HALO-W,9,11,8,9,38609900
7/16/2025,HATM,272,272,266,270,28306500
7/16/2025,HBAT,64,65,59,62,3102700
7/16/2025,HDFA,109,110,106,108,63200
7/16/2025,HDIT,17,17,17,17,2416900
7/16/2025,HDTX,0,0,0,0,0
7/16/2025,HEAL,1555,1575,1550,1555,18313200
7/16/2025,HEALZPCH6A,0,0,0,0,0
7/16/2025,HELI,256,260,248,254,1673600
7/16/2025,HERO,394,424,388,412,235800
7/16/2025,HEXA,5150,5175,5125,5175,205500
7/16/2025,HGII,160,160,156,156,4061900
7/16/2025,HILL,230,232,224,228,88850300
7/16/2025,HITS,0,0,0,0,0
7/16/2025,HKMU,0,0,0,0,0
7/16/2025,HMSP,610,610,600,600,5732500
7/16/2025,HOKI,88,91,88,90,14032300
7/16/2025,HOME,0,0,0,0,0
7/16/2025,HOMI,206,206,202,204,60100
7/16/2025,HOPE,63,63,63,63,1143100
7/16/2025,HOTL,0,0,0,0,0
7/16/2025,HRME,21,21,21,21,1060500
7/16/2025,HRTA,580,595,575,585,17610300
7/16/2025,HRUM,815,830,805,820,6944600
7/16/2025,HRUMZPCG6A,32,32,32,32,30100
7/16/2025,HUMI,58,60,58,59,66442600
7/16/2025,HUMI-W,6,7,6,7,41485200
7/16/2025,HYGN,143,145,142,143,1664500
7/16/2025,IATA,49,49,49,49,10402800
7/16/2025,IATA-W,37,37,25,35,48800
7/16/2025,IBFN,13,13,13,13,42700
7/16/2025,IBOS,27,28,27,28,3073400
7/16/2025,IBST,0,0,0,0,0
7/16/2025,ICBP,10400,10425,10275,10350,2396100
7/16/2025,ICBPDRCQ5A,0,0,0,0,0
7/16/2025,ICBPDRCX6A,0,0,0,0,0
7/16/2025,ICBPHDCQ5A,0,0,0,0,0
7/16/2025,ICBPZPCX5A,68,70,68,69,1600
7/16/2025,ICON,42,43,42,43,205800
7/16/2025,IDEA,45,49,43,47,541200
7/16/2025,IDPR,195,204,195,200,117700
7/16/2025,IFII,258,258,252,256,76500
7/16/2025,IFSH,765,795,750,770,3100
7/16/2025,IGAR,575,580,575,575,2200
7/16/2025,IIKP,0,0,0,0,0
7/16/2025,IKAI,8,9,8,9,2328100
7/16/2025,IKAN,64,67,64,64,6886600
7/16/2025,IKBI,404,406,398,400,42700
7/16/2025,IKPM,200,210,200,202,649500
7/16/2025,IMAS,905,905,880,890,352300
7/16/2025,IMJS,190,191,186,188,1455100
7/16/2025,IMPC,300,310,298,304,34704000
7/16/2025,INAF,0,0,0,0,0
7/16/2025,INAI,185,218,157,159,24709600
7/16/2025,INCF,23,24,23,23,150100
7/16/2025,INCI,590,595,575,595,87500
7/16/2025,INCO,3520,3540,3500,3500,7790500
7/16/2025,INCOBQCQ5A,0,0,0,0,0
7/16/2025,INCOBQCV5A,60,60,60,60,100
7/16/2025,INCODRCN5A,38,38,36,38,527600
7/16/2025,INCODRCQ5A,9,9,6,8,5003000
7/16/2025,INCODRCX5A,83,83,81,82,502100
7/16/2025,INCODRPV5A,0,0,0,0,0
7/16/2025,INCOHDCQ5A,98,98,97,97,63400
7/16/2025,INCOZPCX5A,0,0,0,0,0
7/16/2025,INDF,8325,8450,8275,8275,12711100
7/16/2025,INDFBQCV5A,0,0,0,0,0
7/16/2025,INDFDRCQ5A,39,39,39,39,200
7/16/2025,INDFDRCX6A,0,0,0,0,0
7/16/2025,INDFHDCQ5A,0,0,0,0,0
7/16/2025,INDO,204,206,202,204,4941200
7/16/2025,INDR,2440,2440,2200,2430,76900
7/16/2025,INDS,226,226,222,224,134400
7/16/2025,INDX,75,80,75,77,3479500
7/16/2025,INDY,1335,1355,1330,1350,3762900
7/16/2025,INDYZPCG6A,0,0,0,0,0
7/16/2025,INET,242,250,228,236,350878700
7/16/2025,INET-W,134,146,132,138,33358900
7/16/2025,INKP,5750,5800,5675,5675,3538600
7/16/2025,INKPDRCF6A,100,103,100,103,1000300
7/16/2025,INKPDRCN5A,0,0,0,0,0
7/16/2025,INKPDRCQ5A,9,9,9,9,1000
7/16/2025,INKPHDCQ5A,7,7,7,7,100
7/16/2025,INKPZPCF6A,0,0,0,0,0
7/16/2025,INOV,87,90,84,87,901900
7/16/2025,INPC,157,158,154,157,4582000
7/16/2025,INPP,785,800,785,800,200
7/16/2025,INPS,122,125,121,123,1560100
7/16/2025,INRU,805,835,805,825,86500
7/16/2025,INTA,13,13,13,13,3098400
7/16/2025,INTD,193,195,183,188,831800
7/16/2025,INTP,5550,5550,5375,5425,1217100
7/16/2025,INTPZPCG6A,0,0,0,0,0
7/16/2025,IOTF,74,108,74,99,1530102000
7/16/2025,IPAC,137,138,124,135,69100
7/16/2025,IPCC,1035,1045,1015,1030,1492900
7/16/2025,IPCM,274,278,274,276,383500
7/16/2025,IPOL,135,135,132,134,234100
7/16/2025,IPPE,0,0,0,0,0
7/16/2025,IPTV,25,25,25,25,11238100
7/16/2025,IRRA,422,428,416,418,1743400
7/16/2025,IRSX,39,39,39,39,16968600
7/16/2025,IRSX-W,1,1,1,1,251203700
7/16/2025,ISAP,12,12,11,12,9853400
7/16/2025,ISAP-W,4,4,3,4,386900
7/16/2025,ISAT,2070,2140,2050,2090,14070500
7/16/2025,ISATBQCU5A,0,0,0,0,0
7/16/2025,ISATDRCG6A,82,82,77,77,300
7/16/2025,ISATDRCX5A,60,60,56,56,10600
7/16/2025,ISATHDCQ5A,0,0,0,0,0
7/16/2025,ISATZPCF6A,0,0,0,0,0
7/16/2025,ISEA,63,65,63,64,2141000
7/16/2025,ISSP,352,370,352,364,12212300
7/16/2025,ITIC,220,220,212,212,153900
7/16/2025,ITMA,785,795,780,785,15162900
7/16/2025,ITMG,22425,22550,22425,22475,694900
7/16/2025,JARR,386,400,382,388,7665500
7/16/2025,JAST,59,60,58,58,3866200
7/16/2025,JATI,153,158,149,154,17949200
7/16/2025,JAWA,139,145,139,144,2736300
7/16/2025,JAYA,94,94,93,94,162000
7/16/2025,JECC,820,850,800,820,37300
7/16/2025,JGLE,7,8,7,7,80112400
7/16/2025,JIHD,625,625,610,620,1196300
7/16/2025,JKON,76,84,75,79,91719000
7/16/2025,JKSW,0,0,0,0,0
7/16/2025,JMAS,125,132,125,130,3108300
7/16/2025,JPFA,1590,1625,1590,1620,26229900
7/16/2025,JPFABQCZ5A,82,82,82,82,1300
7/16/2025,JPFAHDCZ5A,0,0,0,0,0
7/16/2025,JPFAZPCG6A,0,0,0,0,0
7/16/2025,JRPT,725,730,725,730,341000
7/16/2025,JSKY,0,0,0,0,0
7/16/2025,JSMR,3630,3670,3610,3620,3161000
7/16/2025,JSMRZPCG6A,0,0,0,0,0
7/16/2025,JSPT,4550,4600,4400,4450,12100
7/16/2025,JTPE,262,268,260,264,5625400
7/16/2025,KAEF,515,580,515,550,6392600
7/16/2025,KAQI,50,50,50,50,269700
7/16/2025,KARW,910,910,875,875,247300
7/16/2025,KAYU,0,0,0,0,0
7/16/2025,KBAG,33,33,32,32,280500
7/16/2025,KBLI,396,398,394,398,269600
7/16/2025,KBLM,300,310,296,304,53400
7/16/2025,KBLV,56,56,52,54,16182000
7/16/2025,KBRI,0,0,0,0,0
7/16/2025,KDSI,478,480,466,480,15400
7/16/2025,KDTN,120,124,120,123,1300
7/16/2025,KEEN,825,835,800,800,5993400
7/16/2025,KEJU,600,600,585,595,211900
7/16/2025,KETR,206,206,200,202,118300
7/16/2025,KIAS,20,20,20,20,1596600
7/16/2025,KICI,112,115,111,113,353400
7/16/2025,KIJA,180,182,179,181,109616100
7/16/2025,KING,214,214,210,212,446000
7/16/2025,KING-W,17,18,16,18,1023600
7/16/2025,KINO,1100,1150,1080,1085,7800
7/16/2025,KIOS,50,50,50,50,29800
7/16/2025,KJEN,97,103,94,102,1679200
7/16/2025,KKES,27,27,26,26,204300
7/16/2025,KKGI,364,368,360,364,3744500
7/16/2025,KLAS,140,144,135,143,16551900
7/16/2025,KLBF,1540,1540,1510,1510,15518200
7/16/2025,KLBFBQCV5A,0,0,0,0,0
7/16/2025,KLBFDRCG6A,58,58,56,56,200
7/16/2025,KLBFDRCN5A,54,54,53,53,200
7/16/2025,KLBFDRCQ5A,27,27,27,27,500000
7/16/2025,KLBFHDCQ5A,0,0,0,0,0
7/16/2025,KLBFZPCF6A,0,0,0,0,0
7/16/2025,KLIN,137,137,130,131,63500
7/16/2025,KMDS,590,605,580,600,326500
7/16/2025,KMTR,272,272,258,270,139900
7/16/2025,KOBX,150,152,149,149,228100
7/16/2025,KOCI,51,52,50,52,5012400
7/16/2025,KOCI-W,5,6,5,6,78300
7/16/2025,KOIN,0,0,0,0,0
7/16/2025,KOKA,67,69,67,69,1205300
7/16/2025,KONI,1225,1290,1225,1290,2200
7/16/2025,KOPI,372,372,362,372,477600
7/16/2025,KOTA,18,18,18,18,1618500
7/16/2025,KPAL,0,0,0,0,0
7/16/2025,KPAS,0,0,0,0,0
7/16/2025,KPIG,170,171,162,164,78661400
7/16/2025,KRAH,0,0,0,0,0
7/16/2025,KRAS,314,314,284,284,28522500
7/16/2025,KREN,9,10,9,10,1834600
7/16/2025,KRYA,264,280,258,274,40363000
7/16/2025,KSIX,193,196,191,196,744100
7/16/2025,KUAS,51,51,50,51,1449700
7/16/2025,LABA,0,0,0,0,0
7/16/2025,LABS,138,140,138,138,379600
7/16/2025,LAJU,50,50,50,50,130600
7/16/2025,LAND,22,22,22,22,1239500
7/16/2025,LAPD,29,29,29,29,1742100
7/16/2025,LCGP,0,0,0,0,0
7/16/2025,LCKM,196,216,196,206,40900
7/16/2025,LEAD,71,74,70,72,10369500
7/16/2025,LFLO,308,308,280,280,25100
7/16/2025,LIFE,6500,6500,6500,6500,100
7/16/2025,LINK,1555,1555,1555,1555,41100
7/16/2025,LION,382,384,378,384,13600
7/16/2025,LIVE,141,141,138,141,597000
7/16/2025,LMAS,0,0,0,0,0
7/16/2025,LMAX,51,51,48,49,1298200
7/16/2025,LMPI,141,143,139,140,119200
7/16/2025,LMSH,0,0,0,0,0
7/16/2025,LOPI,35,36,34,36,6869300
7/16/2025,LPCK,466,470,464,468,144600
7/16/2025,LPGI,396,430,384,412,127600
7/16/2025,LPIN,370,372,368,370,119500
7/16/2025,LPKR,85,86,83,84,19793800
7/16/2025,LPLI,280,280,274,278,186400
7/16/2025,LPPF,1705,1720,1700,1700,1618700
7/16/2025,LPPS,57,57,55,56,2581500
7/16/2025,LRNA,141,142,140,140,310000
7/16/2025,LSIP,1335,1360,1325,1355,11641700
7/16/2025,LSIPZPCG6A,77,77,77,77,1000000
7/16/2025,LTLS,865,870,855,865,63800
7/16/2025,LUCK,65,66,64,65,332700
7/16/2025,LUCY,71,73,68,72,269500
7/16/2025,MABA,0,0,0,0,0
7/16/2025,MAGP,0,0,0,0,0
7/16/2025,MAHA,147,149,145,147,4620300
7/16/2025,MAIN,630,645,630,635,1898100
7/16/2025,MAMI,0,0,0,0,0
7/16/2025,MAMIP,0,0,0,0,0
7/16/2025,MANG,32,32,30,31,5302800
7/16/2025,MANG-W,24,25,23,24,30600
7/16/2025,MAPA,685,715,675,705,35184600
7/16/2025,MAPAHDCZ5A,63,68,63,68,3100
7/16/2025,MAPAZPCH6A,47,51,47,50,399400
7/16/2025,MAPB,1640,1720,1640,1680,1800
7/16/2025,MAPI,1220,1220,1185,1190,15965000
7/16/2025,MAPIBQCV5A,29,30,28,28,197400
7/16/2025,MAPIDRCQ5A,16,16,15,15,871400
7/16/2025,MAPIDRCX5A,29,31,27,31,123700
7/16/2025,MAPIHDCQ5A,0,0,0,0,0
7/16/2025,MARI,24,24,23,23,7929900
7/16/2025,MARK,670,685,665,675,22683300
7/16/2025,MASA,0,0,0,0,0
7/16/2025,MASB,3300,3300,3290,3300,400
7/16/2025,MAXI,50,50,50,50,78700
7/16/2025,MAYA,182,182,177,178,4080300
7/16/2025,MBAP,1695,1695,1630,1690,88800
7/16/2025,MBMA,575,575,540,545,282414700
7/16/2025,MBMADRCQ5A,38,40,32,33,6431400
7/16/2025,MBMADRCX5A,70,70,63,63,1215400
7/16/2025,MBMAHDCQ5A,21,21,17,17,7870400
7/16/2025,MBMAZPCX5A,117,117,117,117,100
7/16/2025,MBSS,1715,1775,1660,1750,1847900
7/16/2025,MBTO,85,87,85,86,510100
7/16/2025,MCAS,1150,1150,1075,1085,92900
7/16/2025,MCOL,4320,4320,4180,4250,52100
7/16/2025,MCOR,66,66,64,65,6046200
7/16/2025,MDIA,25,25,25,25,1607400
7/16/2025,MDIY,1290,1290,1225,1290,1084300
7/16/2025,MDKA,2180,2210,2130,2130,43824400
7/16/2025,MDKABQCN5A,0,0,0,0,0
7/16/2025,MDKABQCV5A,90,92,88,89,261500
7/16/2025,MDKADRCN5A,2,2,1,1,103000
7/16/2025,MDKADRCQ5A,24,26,22,22,1384100
7/16/2025,MDKADRCV5A,75,75,69,69,2247900
7/16/2025,MDKAHDCU5A,0,0,0,0,0
7/16/2025,MDKAHDCZ5A,0,0,0,0,0
7/16/2025,MDKAYUCQ5A,97,97,97,97,100
7/16/2025,MDKAZPCF6A,0,0,0,0,0
7/16/2025,MDKI,162,162,156,158,173800
7/16/2025,MDLA,191,192,189,192,4754000
7/16/2025,MDLN,51,51,50,51,10952500
7/16/2025,MDRN,7,7,7,7,1111400
7/16/2025,MEDC,1265,1315,1260,1295,77888800
7/16/2025,MEDCBQCV5A,86,97,86,96,25300
7/16/2025,MEDCBQCZ5A,0,0,0,0,0
7/16/2025,MEDCDRCG6A,44,49,44,49,77000
7/16/2025,MEDCDRCN5A,3,5,3,5,1651100
7/16/2025,MEDCDRCQ5A,43,50,43,47,3631800
7/16/2025,MEDCDRPV5A,40,40,40,40,100
7/16/2025,MEDCHDCQ5A,89,98,89,95,542600
7/16/2025,MEDCZPCF6A,45,46,44,46,2900
7/16/2025,MEDS,50,50,50,50,20900
7/16/2025,MEGA,3260,3260,3160,3250,11200
7/16/2025,MEJA,0,0,0,0,0
7/16/2025,MEJA-W,0,0,0,0,0
7/16/2025,MENN,45,46,44,46,7008100
7/16/2025,MERI,440,452,422,452,58239100
7/16/2025,MERK,2920,2940,2910,2920,15300
7/16/2025,META,0,0,0,0,0
7/16/2025,MFIN,1100,1510,1030,1030,6229800
7/16/2025,MFMI,0,0,0,0,0
7/16/2025,MGLV,440,440,440,440,420700
7/16/2025,MGNA,33,33,33,33,9400
7/16/2025,MGNA-W,19,19,19,19,20500
7/16/2025,MGRO,715,715,695,705,3839100
7/16/2025,MHKI,128,128,125,126,292800
7/16/2025,MICE,480,480,472,480,42500
7/16/2025,MIDI,406,408,400,404,13312500
7/16/2025,MIKA,2510,2520,2460,2490,4027800
7/16/2025,MIKAZPCG6A,34,34,34,34,650000
7/16/2025,MINA,81,92,73,87,525263700
7/16/2025,MINE,505,515,500,510,3571400
7/16/2025,MIRA,30,30,30,30,2288800
7/16/2025,MITI,185,186,180,184,721400
7/16/2025,MKAP,330,334,330,330,187400
7/16/2025,MKNT,0,0,0,0,0
7/16/2025,MKPI,23275,23275,22350,22350,9200
7/16/2025,MKTR,105,106,104,105,834000
7/16/2025,MKTR-W,5,6,5,5,2237700
7/16/2025,MLBI,5775,5800,5750,5750,91200
7/16/2025,MLIA,310,322,310,322,6617100
7/16/2025,MLPL,102,106,100,104,97217600
7/16/2025,MLPT,31525,31550,31475,31525,6400
7/16/2025,MMIX,200,202,198,202,5516000
7/16/2025,MMLP,510,515,498,505,7055100
7/16/2025,MNCN,254,256,250,252,29736300
7/16/2025,MOLI,202,202,198,202,48800
7/16/2025,MORA,406,488,406,464,36400
7/16/2025,MPIX,65,65,61,64,7033400
7/16/2025,MPIX-W,8,8,7,8,116600
7/16/2025,MPMX,970,980,970,975,2037700
7/16/2025,MPOW,114,115,112,113,948900
7/16/2025,MPPA,62,65,60,64,142165000
7/16/2025,MPRO,2150,2200,2150,2200,3100
7/16/2025,MPXL,108,112,108,110,2559200
7/16/2025,MRAT,250,270,250,256,466600
7/16/2025,MREI,910,945,885,910,383500
7/16/2025,MSIE,25,26,24,26,724200
7/16/2025,MSIN,500,515,496,505,73300500
7/16/2025,MSJA,296,302,290,300,160800
7/16/2025,MSKY,54,54,53,54,1505000
7/16/2025,MSTI,1450,1485,1450,1470,3207500
7/16/2025,MTDL,565,570,555,570,5298700
7/16/2025,MTEL,570,590,560,585,19850800
7/16/2025,MTFN,5,5,4,4,20049800
7/16/2025,MTLA,452,470,450,454,22500
7/16/2025,MTMH,855,855,835,850,23000
7/16/2025,MTPS,45,45,43,43,582300
7/16/2025,MTRA,0,0,0,0,0
7/16/2025,MTSM,0,0,0,0,0
7/16/2025,MTWI,278,320,270,296,3080000
7/16/2025,MUTU,92,93,91,92,702400
7/16/2025,MUTU-W,1,1,1,1,484000
7/16/2025,MYOH,1705,1720,1695,1720,84200
7/16/2025,MYOR,2030,2050,1975,1990,18695400
7/16/2025,MYORZPCH6A,0,0,0,0,0
7/16/2025,MYRX,0,0,0,0,0
7/16/2025,MYRXP,0,0,0,0,0
7/16/2025,MYTX,0,0,0,0,0
7/16/2025,NAIK,162,164,159,160,6928200
7/16/2025,NAIK-W,31,33,30,31,3395900
7/16/2025,NANO,22,23,22,22,3974600
7/16/2025,NASA,16,16,16,16,1351200
7/16/2025,NASI,85,88,82,83,16512000
7/16/2025,NATO,146,163,142,143,1237400
7/16/2025,NAYZ,42,43,41,41,2338500
7/16/2025,NCKL,650,685,650,675,41591900
7/16/2025,NELY,364,364,358,360,743800
7/16/2025,NEST,298,306,296,300,4028400
7/16/2025,NETV,146,151,145,147,1262700
7/16/2025,NFCX,1705,1755,1700,1715,73500
7/16/2025,NICE,494,494,472,480,39373300
7/16/2025,NICK,1265,1270,1210,1260,2800
7/16/2025,NICL,990,990,965,980,3238200
7/16/2025,NIKL,238,238,234,238,848600
7/16/2025,NINE,69,70,63,65,52651500
7/16/2025,NIPS,0,0,0,0,0
7/16/2025,NIRO,122,123,122,123,200
7/16/2025,NISP,1340,1350,1335,1350,2919200
7/16/2025,NOBU,590,595,560,585,9505000
7/16/2025,NPGF,48,48,44,44,1276400
7/16/2025,NRCA,600,655,600,655,57572400
7/16/2025,NSSS,344,348,338,342,5287600
7/16/2025,NTBK,50,50,50,50,900
7/16/2025,NUSA,0,0,0,0,0
7/16/2025,NZIA,87,88,85,85,1707100
7/16/2025,OASA,176,190,175,189,205174600
7/16/2025,OBAT,356,364,354,362,3049000
7/16/2025,OBAT-W,46,47,43,45,4484700
7/16/2025,OBMD,197,198,190,194,90500
7/16/2025,OCAP,0,0,0,0,0
7/16/2025,OILS,106,107,101,101,1702700
7/16/2025,OKAS,146,151,145,148,2998100
7/16/2025,OLIV,20,22,20,22,10387500
7/16/2025,OMED,176,178,173,174,583500
7/16/2025,OMRE,428,458,426,458,16500
7/16/2025,OPMS,71,72,69,69,4859800
7/16/2025,PACK,3900,3950,3650,3710,5148600
7/16/2025,PADA,15,15,15,15,875700
7/16/2025,PADI,32,32,32,32,1444800
7/16/2025,PALM,348,352,330,344,496000
7/16/2025,PAMG,94,109,91,91,507328000
7/16/2025,PANI,14725,14850,14375,14575,13254800
7/16/2025,PANIHDCZ5A,222,224,214,216,672700
7/16/2025,PANR,1070,1085,1055,1085,10287300
7/16/2025,PANS,1445,1455,1430,1445,282200
7/16/2025,PART,118,118,114,114,3293700
7/16/2025,PART-W,19,20,18,19,9479000
7/16/2025,PBID,500,505,500,505,271400
7/16/2025,PBRX,20,21,20,21,4670300
7/16/2025,PBSA,364,368,364,366,406900
7/16/2025,PCAR,27,28,27,28,1360000
7/16/2025,PDES,446,448,446,448,1800
7/16/2025,PDPP,500,505,490,500,578600
7/16/2025,PEGE,109,110,107,108,696100
7/16/2025,PEHA,318,322,310,314,152800
7/16/2025,PEVE,334,338,328,334,106000
7/16/2025,PGAS,1575,1590,1560,1570,32847700
7/16/2025,PGASBQCU5A,0,0,0,0,0
7/16/2025,PGASBQCZ5A,0,0,0,0,0
7/16/2025,PGASDRCG6A,64,66,62,66,3000
7/16/2025,PGASDRCN5A,31,31,30,30,200
7/16/2025,PGASDRCQ5A,25,25,23,23,14300
7/16/2025,PGASHDCQ5A,0,0,0,0,0
7/16/2025,PGASYUCQ5A,0,0,0,0,0
7/16/2025,PGEO,1645,1645,1530,1610,158944300
7/16/2025,PGEODRCN5A,111,111,88,104,829800
7/16/2025,PGEODRCQ5A,121,121,102,111,206700
7/16/2025,PGEODRPV5A,35,37,35,35,28000
7/16/2025,PGEOHDCQ5A,115,115,105,115,290100
7/16/2025,PGJO,0,0,0,0,0
7/16/2025,PGLI,139,146,135,138,444000
7/16/2025,PGUN,540,560,535,535,7900
7/16/2025,PICO,128,130,126,126,265700
7/16/2025,PIPA,70,70,70,70,14480000
7/16/2025,PJAA,484,484,478,482,100100
7/16/2025,PKPK,700,725,625,655,286500
7/16/2025,PLAN,40,41,39,40,654500
7/16/2025,PLAS,0,0,0,0,0
7/16/2025,PLIN,0,0,0,0,0
7/16/2025,PMJS,126,129,122,129,181200
7/16/2025,PMMP,0,0,0,0,0
7/16/2025,PMUI,129,144,124,130,100277800
7/16/2025,PNBN,1140,1145,1130,1135,4651700
7/16/2025,PNBS,50,50,50,50,769200
7/16/2025,PNGO,1805,1810,1775,1805,7800
7/16/2025,PNIN,910,925,900,905,1020600
7/16/2025,PNLF,258,260,256,256,57108000
7/16/2025,PNLFHDCZ5A,0,0,0,0,0
7/16/2025,PNLFYUCV5A,0,0,0,0,0
7/16/2025,PNLFZPCH6A,46,46,46,46,1000
7/16/2025,PNSE,800,925,755,920,987900
7/16/2025,POLA,16,17,16,17,85400
7/16/2025,POLI,0,0,0,0,0
7/16/2025,POLL,0,0,0,0,0
7/16/2025,POLU,0,0,0,0,0
7/16/2025,POLY,19,19,19,19,5500
7/16/2025,POOL,0,0,0,0,0
7/16/2025,PORT,870,885,870,885,28100
7/16/2025,POSA,0,0,0,0,0
7/16/2025,POWR,690,695,685,690,3489600
7/16/2025,PPGL,98,100,97,99,165100
7/16/2025,PPRE,60,61,59,59,1463800
7/16/2025,PPRI,162,164,150,157,740200
7/16/2025,PPRO,0,0,0,0,0
7/16/2025,PRAS,0,0,0,0,0
7/16/2025,PRAY,605,620,605,620,29000
7/16/2025,PRDA,2800,2810,2790,2800,663200
7/16/2025,PRIM,59,60,58,59,3369900
7/16/2025,PSAB,434,452,434,444,95362000
7/16/2025,PSAT,2640,2650,2270,2440,35718600
7/16/2025,PSDN,76,77,75,75,295400
7/16/2025,PSGO,169,169,165,168,111900
7/16/2025,PSKT,34,34,34,34,611400
7/16/2025,PSSI,342,348,340,346,87300
7/16/2025,PTBA,2470,2490,2460,2460,8773000
7/16/2025,PTBABQCV5A,0,0,0,0,0
7/16/2025,PTBADRCG6A,0,0,0,0,0
7/16/2025,PTBADRCN5A,0,0,0,0,0
7/16/2025,PTBADRCQ5A,0,0,0,0,0
7/16/2025,PTBAHDCQ5A,0,0,0,0,0
7/16/2025,PTBAZPCH6A,0,0,0,0,0
7/16/2025,PTDU,0,0,0,0,0
7/16/2025,PTIS,358,360,348,360,183400
7/16/2025,PTMP,92,102,91,98,79873900
7/16/2025,PTMR,0,0,0,0,0
7/16/2025,PTPP,424,434,422,428,33401200
7/16/2025,PTPS,89,97,88,94,41211900
7/16/2025,PTPW,920,930,920,930,17400
7/16/2025,PTRO,4020,4230,3800,4160,180702600
7/16/2025,PTSN,210,214,206,210,437300
7/16/2025,PTSP,940,1070,890,995,181800
7/16/2025,PUDP,214,214,212,212,8900
7/16/2025,PURA,13,13,13,13,1190800
7/16/2025,PURE,0,0,0,0,0
7/16/2025,PURI,189,189,184,186,51200
7/16/2025,PWON,370,376,366,366,75337800
7/16/2025,PWONHDCZ5A,0,0,0,0,0
7/16/2025,PWONZPCH6A,0,0,0,0,0
7/16/2025,PYFA,254,314,254,310,339928000
7/16/2025,PYFA-W,80,100,77,87,13421200
7/16/2025,PZZA,166,166,159,160,4313100
7/16/2025,R-ABFII,0,0,0,0,0
7/16/2025,R-LQ45X,954,964,954,964,2400
7/16/2025,RAAM,260,290,258,280,15679900
7/16/2025,RAFI,0,0,0,0,0
7/16/2025,RAJA,2670,2680,2600,2600,24101000
7/16/2025,RALS,400,402,398,402,2377200
7/16/2025,RANC,422,422,418,420,21300
7/16/2025,RATU,7850,7925,7400,7500,9891800
7/16/2025,RBMS,24,25,24,24,150000
7/16/2025,RCCC,108,109,105,105,4988700
7/16/2025,RDTX,0,0,0,0,0
7/16/2025,REAL,47,47,43,43,2329500
7/16/2025,RELF,18,19,18,19,1377500
7/16/2025,RELI,426,452,426,440,8500
7/16/2025,RGAS,132,134,125,129,46990100
7/16/2025,RICY,37,37,36,36,113100
7/16/2025,RIGS,765,800,765,785,8200
7/16/2025,RIMO,0,0,0,0,0
7/16/2025,RISE,1045,1045,1045,1045,412500
7/16/2025,RMKE,515,520,510,510,519400
7/16/2025,RMKO,98,101,98,99,241400
7/16/2025,ROCK,228,228,228,228,200
7/16/2025,RODA,37,37,37,37,662100
7/16/2025,RONY,0,0,0,0,0
7/16/2025,ROTI,820,835,815,820,5676900
7/16/2025,RSCH,458,458,448,448,1121700
7/16/2025,RSGK,0,0,0,0,0
7/16/2025,RUIS,188,191,186,187,1033800
7/16/2025,RUNS,50,51,49,51,297900
7/16/2025,SAFE,224,280,220,270,7945400
7/16/2025,SAGE,13,13,13,13,438300
7/16/2025,SAME,246,248,240,248,1316500
7/16/2025,SAMF,336,338,332,336,106100
7/16/2025,SAPX,316,320,302,304,379600
7/16/2025,SATU,236,238,232,232,4117100
7/16/2025,SBAT,0,0,0,0,0
7/16/2025,SBMA,119,120,118,118,719400
7/16/2025,SCCO,2180,2190,2100,2190,27500
7/16/2025,SCMA,162,166,161,164,107497500
7/16/2025,SCMABQCZ5A,0,0,0,0,0
7/16/2025,SCMAHDCZ5A,0,0,0,0,0
7/16/2025,SCMAZPCG6A,0,0,0,0,0
7/16/2025,SCNP,157,181,157,157,2220000
7/16/2025,SCPI,0,0,0,0,0
7/16/2025,SDMU,40,40,40,40,1250600
7/16/2025,SDPC,130,130,127,127,364600
7/16/2025,SDRA,300,300,296,296,94700
7/16/2025,SEMA,84,85,83,85,296100
7/16/2025,SFAN,1910,1910,1905,1910,105000
7/16/2025,SGER,330,332,326,332,1145800
7/16/2025,SGRO,2670,2780,2600,2670,1288400
7/16/2025,SHID,1005,1010,970,980,137100
7/16/2025,SHIP,3080,3300,2970,3000,182500
7/16/2025,SICO,107,109,107,108,1257900
7/16/2025,SIDO,515,515,505,505,26140700
7/16/2025,SILO,2180,2200,2170,2190,185100
7/16/2025,SIMA,0,0,0,0,0
7/16/2025,SIMP,530,540,525,530,12672900
7/16/2025,SINI,3540,3540,3380,3380,12800
7/16/2025,SIPD,0,0,0,0,0
7/16/2025,SKBM,332,356,332,340,181800
7/16/2025,SKLT,192,193,189,192,18300
7/16/2025,SKRN,430,430,426,430,157300
7/16/2025,SKYB,0,0,0,0,0
7/16/2025,SLIS,50,50,50,50,11800
7/16/2025,SLIS-W,7,7,6,7,1002600
7/16/2025,SMAR,3530,3570,3490,3540,58700
7/16/2025,SMBR,282,304,278,294,120764800
7/16/2025,SMCB,0,0,0,0,0
7/16/2025,SMDM,875,880,825,825,353100
7/16/2025,SMDR,328,332,322,326,19309400
7/16/2025,SMGA,79,81,78,80,17747500
7/16/2025,SMGR,2760,2800,2750,2800,6169800
7/16/2025,SMGRBQCU5A,28,28,27,28,500400
7/16/2025,SMGRBQCZ5A,60,62,60,61,210400
7/16/2025,SMGRDRCN5A,0,0,0,0,0
7/16/2025,SMGRDRCQ5A,0,0,0,0,0
7/16/2025,SMGRDRCV5A,65,67,65,65,400
7/16/2025,SMGRHDCZ5A,0,0,0,0,0
7/16/2025,SMIL,238,244,236,242,49504000
7/16/2025,SMKL,161,161,158,158,104500
7/16/2025,SMKM,75,75,71,72,6551600
7/16/2025,SMLE,126,129,124,127,1823100
7/16/2025,SMMA,0,0,0,0,0
7/16/2025,SMMT,850,850,840,840,4700
7/16/2025,SMRA,404,414,398,398,126937400
7/16/2025,SMRAHDCZ5A,129,129,129,129,170700
7/16/2025,SMRAZPCH6A,54,55,51,51,173600
7/16/2025,SMRU,0,0,0,0,0
7/16/2025,SMSM,1900,1910,1875,1875,1050400
7/16/2025,SNLK,540,545,525,545,7149500
7/16/2025,SOCI,172,175,171,172,2287000
7/16/2025,SOFA,46,46,43,45,6642700
7/16/2025,SOHO,700,720,670,675,5800
7/16/2025,SOLA,122,122,115,120,16662900
7/16/2025,SONA,3270,3350,3260,3340,13700
7/16/2025,SOSS,418,434,418,422,2700
7/16/2025,SOTS,278,286,274,278,3900
7/16/2025,SOUL,36,37,35,37,1922400
7/16/2025,SPMA,260,262,260,262,57100
7/16/2025,SPRE,73,82,71,82,3859400
7/16/2025,SPTO,660,665,655,665,262300
7/16/2025,SQMI,0,0,0,0,0
7/16/2025,SRAJ,4500,4510,4420,4430,1415600
7/16/2025,SRIL,0,0,0,0,0
7/16/2025,SRSN,50,50,50,50,378800
7/16/2025,SRTG,1710,1740,1680,1685,8883700
7/16/2025,SRTGZPCG6A,0,0,0,0,0
7/16/2025,SSIA,2850,2890,2460,2520,147812100
7/16/2025,SSMS,1385,1430,1360,1375,11190900
7/16/2025,SSTM,165,174,162,168,12400
7/16/2025,STAA,800,805,790,795,15683400
7/16/2025,STAR,31,31,31,31,15700
7/16/2025,STRK,76,88,74,85,115366200
7/16/2025,STTP,10525,10525,10125,10475,1200
7/16/2025,SUGI,0,0,0,0,0
7/16/2025,SULI,103,108,101,105,1400800
7/16/2025,SUNI,785,900,785,870,2050700
7/16/2025,SUPR,0,0,0,0,0
7/16/2025,SURE,2800,3200,2690,3000,342000
7/16/2025,SURI,97,115,95,109,221857200
7/16/2025,SWAT,0,0,0,0,0
7/16/2025,SWID,62,62,60,61,270500
7/16/2025,TALF,290,300,290,294,3400
7/16/2025,TAMA,25,26,25,26,260100
7/16/2025,TAMU,14,15,14,14,2733200
7/16/2025,TAPG,1180,1275,1180,1270,60207600
7/16/2025,TAPGZPCH6A,61,65,61,63,313800
7/16/2025,TARA,10,10,9,10,403900
7/16/2025,TAXI,6,7,6,6,23013700
7/16/2025,TAYS,50,50,50,50,14900
7/16/2025,TBIG,1995,1995,1970,1970,150300
7/16/2025,TBLA,835,860,830,855,11187300
7/16/2025,TBMS,1050,1310,980,1170,938000
7/16/2025,TCID,2370,2370,2200,2340,38600
7/16/2025,TCPI,5500,5775,5500,5700,9993800
7/16/2025,TDPM,0,0,0,0,0
7/16/2025,TEBE,705,755,705,725,5329400
7/16/2025,TECH,0,0,0,0,0
7/16/2025,TELE,0,0,0,0,0
7/16/2025,TFAS,132,139,132,136,763700
7/16/2025,TFCO,0,0,0,0,0
7/16/2025,TGKA,5975,6125,5975,6050,1200
7/16/2025,TGRA,0,0,0,0,0
7/16/2025,TGUK,0,0,0,0,0
7/16/2025,TIFA,695,700,690,690,9400
7/16/2025,TINS,1030,1035,1015,1020,9257400
7/16/2025,TIRA,1790,1790,1675,1790,56500
7/16/2025,TIRT,0,0,0,0,0
7/16/2025,TKIM,5525,5625,5500,5525,471400
7/16/2025,TKIMZPCG6A,60,60,60,60,1000000
7/16/2025,TLDN,580,585,570,585,323000
7/16/2025,TLKM,2660,2680,2650,2650,43385900
7/16/2025,TLKMBQCQ5A,0,0,0,0,0
7/16/2025,TLKMBQCV5A,77,78,77,78,200
7/16/2025,TLKMDRCQ5A,0,0,0,0,0
7/16/2025,TLKMDRCQ5B,72,72,72,72,100
7/16/2025,TLKMDRCX6A,0,0,0,0,0
7/16/2025,TLKMHDCQ5A,0,0,0,0,0
7/16/2025,TLKMHDCV5A,202,202,202,202,100
7/16/2025,TLKMYUCQ5A,0,0,0,0,0
7/16/2025,TLKMZPCF6A,0,0,0,0,0
7/16/2025,TMAS,132,132,130,131,681300
7/16/2025,TMPO,148,153,145,153,3124300
7/16/2025,TNCA,147,148,143,145,124500
7/16/2025,TOBA,795,830,790,805,94973500
7/16/2025,TOOL,51,52,50,50,1251200
7/16/2025,TOPS,0,0,0,0,0
7/16/2025,TOSK,50,50,50,50,53300
7/16/2025,TOTL,705,730,705,730,6066100
7/16/2025,TOTO,230,230,226,230,446100
7/16/2025,TOWR,595,605,570,580,82129000
7/16/2025,TOYS,0,0,0,0,0
7/16/2025,TPIA,9800,9850,9550,9575,11730000
7/16/2025,TPMA,585,590,580,585,5181000
7/16/2025,TRAM,0,0,0,0,0
7/16/2025,TRGU,178,179,174,178,154800
7/16/2025,TRIL,0,0,0,0,0
7/16/2025,TRIM,344,348,344,348,53900
7/16/2025,TRIN,102,106,100,102,817600
7/16/2025,TRIN-W2,0,0,0,0,0
7/16/2025,TRIO,0,0,0,0,0
7/16/2025,TRIS,175,179,168,178,678700
7/16/2025,TRJA,137,139,134,136,228500
7/16/2025,TRON,101,105,100,101,441400
7/16/2025,TRST,482,500,474,500,21100
7/16/2025,TRUE,17,17,17,17,357500
7/16/2025,TRUK,140,145,135,145,3720800
7/16/2025,TRUS,440,444,432,438,45500
7/16/2025,TSPC,2330,2340,2310,2320,784700
7/16/2025,TUGU,970,985,970,980,2100400
7/16/2025,TYRE,130,133,128,132,126300
7/16/2025,UANG,210,212,202,210,140600
7/16/2025,UCID,500,500,492,494,4186700
7/16/2025,UDNG,1110,1165,955,1165,2178700
7/16/2025,UFOE,178,178,176,177,115400
7/16/2025,ULTJ,1320,1325,1305,1315,2423100
7/16/2025,UNIC,7950,8025,7950,8000,4000
7/16/2025,UNIQ,384,384,368,374,11995400
7/16/2025,UNIT,0,0,0,0,0
7/16/2025,UNSP,117,121,117,120,12800
7/16/2025,UNTD,78,79,76,78,7768200
7/16/2025,UNTR,22600,22625,22375,22575,2967400
7/16/2025,UNTRBQCV5A,0,0,0,0,0
7/16/2025,UNTRDRCG6A,0,0,0,0,0
7/16/2025,UNTRDRCN5A,5,5,5,5,100
7/16/2025,UNTRDRCQ5A,27,27,26,26,106000
7/16/2025,UNTRHDCQ5A,0,0,0,0,0
7/16/2025,UNVR,1565,1575,1540,1560,14183800
7/16/2025,UNVRBQCQ5A,14,17,11,11,23409000
7/16/2025,UNVRBQCU5A,29,30,26,28,2201600
7/16/2025,UNVRBQCZ5A,0,0,0,0,0
7/16/2025,UNVRDRCG6A,37,37,37,37,537200
7/16/2025,UNVRDRCN5A,13,14,13,14,300
7/16/2025,UNVRDRCQ5A,5,5,5,5,50000
7/16/2025,UNVRHDCQ5A,0,0,0,0,0
7/16/2025,UNVRZPCH6A,0,0,0,0,0
7/16/2025,URBN,126,135,126,130,196300
7/16/2025,UVCR,73,78,71,75,10762800
7/16/2025,VAST,154,165,151,165,14554000
7/16/2025,VAST-W,14,16,13,15,20659900
7/16/2025,VERN,123,124,120,121,782200
7/16/2025,VERN-W,3,4,3,4,1045700
7/16/2025,VICI,635,640,625,635,306900
7/16/2025,VICO,157,167,154,159,2009600
7/16/2025,VINS,109,113,109,113,90400
7/16/2025,VISI,147,154,147,154,1162700
7/16/2025,VIVA,13,13,12,13,1040000
7/16/2025,VKTR,84,89,82,86,42428100
7/16/2025,VOKS,197,197,189,194,7700
7/16/2025,VRNA,74,74,72,72,236100
7/16/2025,VTNY,112,113,110,112,5724900
7/16/2025,WAPO,150,152,147,148,1850500
7/16/2025,WEGE,50,50,50,50,1827900
7/16/2025,WEHA,111,115,109,114,3716600
7/16/2025,WGSH,170,171,165,169,979500
7/16/2025,WICO,0,0,0,0,0
7/16/2025,WIDI,20,20,19,19,5637700
7/16/2025,WIFI,2040,2130,2020,2060,183748600
7/16/2025,WIIM,835,860,830,845,2881300
7/16/2025,WIKA,0,0,0,0,0
7/16/2025,WINE,236,240,234,236,86000
7/16/2025,WINR,26,26,26,26,2104700
7/16/2025,WINS,390,394,386,386,2030000
7/16/2025,WIRG,91,94,89,90,201526100
7/16/2025,WMPP,0,0,0,0,0
7/16/2025,WMUU,14,14,14,14,82876500
7/16/2025,WOMF,344,354,344,346,172100
7/16/2025,WOOD,396,420,388,412,19386800
7/16/2025,WOWS,56,57,55,57,1788000
7/16/2025,WSBP,12,12,12,12,5164700
7/16/2025,WSKT,0,0,0,0,0
7/16/2025,WTON,98,99,97,97,6848200
7/16/2025,XAQA,0,0,0,0,0
7/16/2025,XBES,1024,1024,1018,1018,20900
7/16/2025,XBID,498,498,498,498,40000
7/16/2025,XBIG,0,0,0,0,0
7/16/2025,XBIN,556,556,556,556,40000
7/16/2025,XBLQ,0,0,0,0,0
7/16/2025,XBNI,1007,1018,1007,1007,86300
7/16/2025,XBSK,433,433,433,433,40000
7/16/2025,XCEG,101,101,101,101,100
7/16/2025,XCID,57,58,57,58,11900
7/16/2025,XCIS,50,53,50,51,23800
7/16/2025,XCLQ,0,0,0,0,0
7/16/2025,XDIF,0,0,0,0,0
7/16/2025,XIFE,105,105,105,105,100
7/16/2025,XIHD,611,611,611,611,8200
7/16/2025,XIIC,0,0,0,0,0
7/16/2025,XIID,0,0,0,0,0
7/16/2025,XIIF,461,461,456,456,23200
7/16/2025,XIIT,503,503,500,500,11000
7/16/2025,XIJI,594,594,590,590,300
7/16/2025,XILV,0,0,0,0,0
7/16/2025,XIML,0,0,0,0,0
7/16/2025,XIPB,201,201,201,201,400
7/16/2025,XIPI,0,0,0,0,0
7/16/2025,XISB,0,0,0,0,0
7/16/2025,XISC,0,0,0,0,0
7/16/2025,XISI,0,0,0,0,0
7/16/2025,XISR,0,0,0,0,0
7/16/2025,XKID,0,0,0,0,0
7/16/2025,XKIV,541,541,541,541,40100
7/16/2025,XKMS,1142,1144,1139,1143,200100
7/16/2025,XMGB,1099,1099,1099,1099,500
7/16/2025,XMIG,212,212,211,211,200100
7/16/2025,XMLF,867,867,860,863,40600
7/16/2025,XMSK,373,375,373,375,200
7/16/2025,XNVE,0,0,0,0,0
7/16/2025,XPDV,583,583,576,576,86200
7/16/2025,XPFT,0,0,0,0,0
7/16/2025,XPIN,609,611,609,611,1300
7/16/2025,XPLQ,475,475,475,475,400
7/16/2025,XPSG,0,0,0,0,0
7/16/2025,XPTD,427,427,427,427,100
7/16/2025,XSBC,27,33,26,26,70100
7/16/2025,XSPI,0,0,0,0,0
7/16/2025,XSSI,52,52,50,52,27900
7/16/2025,XSSK,674,674,674,674,20000
7/16/2025,YELO,19,19,18,19,512400
7/16/2025,YOII,92,94,92,93,2830500
7/16/2025,YPAS,354,354,354,354,11900
7/16/2025,YULE,0,0,0,0,0
7/16/2025,YUPI,1860,1880,1830,1845,110900
7/16/2025,ZATA,9,9,9,9,1877200
7/16/2025,ZBRA,0,0,0,0,0
7/16/2025,ZINC,13,13,12,13,916900
7/16/2025,ZONE,800,805,800,805,126900
7/16/2025,ZYRX,134,135,125,133,887400
