<date>,<ticker>,<open>,<high>,<low>,<close>,<volume>
7/1/2025,IHSG,6954.386,6971.239,6885.138,6915.360,166802180
7/1/2025,IDX30,0.000,0.000,0.000,0.000,0
7/1/2025,IDX80,0.000,0.000,0.000,0.000,0
7/1/2025,AADI,6800,6825,6700,6725,6102800
7/1/2025,AALI,5825,5850,5750,5750,364200
7/1/2025,ABBA,37,38,37,37,2067500
7/1/2025,ABDA,3400,3400,3400,3400,100
7/1/2025,ABMM,3030,3060,3000,3000,241200
7/1/2025,ACES,496,500,492,494,18411800
7/1/2025,ACESBQCV5A,3,7,3,7,225400
7/1/2025,ACESDRCN5A,2,2,1,1,381700
7/1/2025,ACESDRCQ5A,1,1,1,1,434100
7/1/2025,ACRO,63,63,59,60,6765300
7/1/2025,ACRO-W,7,7,6,7,14300
7/1/2025,ACST,90,90,89,89,284300
7/1/2025,ADCP,50,50,50,50,29900
7/1/2025,ADES,10900,11375,10800,11025,53700
7/1/2025,ADHI,238,240,232,232,5188700
7/1/2025,ADMF,8850,8900,8775,8850,39500
7/1/2025,ADMG,109,111,109,111,122400
7/1/2025,ADMR,1000,1010,980,985,22615700
7/1/2025,ADRO,1845,1860,1815,1830,38393200
7/1/2025,ADROBQCN5A,0,0,0,0,0
7/1/2025,ADROBQCU5A,0,0,0,0,0
7/1/2025,ADROBQCZ5A,0,0,0,0,0
7/1/2025,ADRODRCN5A,0,0,0,0,0
7/1/2025,ADRODRCQ5A,5,5,4,4,2230900
7/1/2025,ADRODRCQ5B,0,0,0,0,0
7/1/2025,ADRODRCX5A,51,51,49,49,1058200
7/1/2025,ADROHDCN5A,0,0,0,0,0
7/1/2025,ADROHDCQ5A,13,13,13,13,52400
7/1/2025,ADROZPCF6A,0,0,0,0,0
7/1/2025,AEGS,31,32,30,30,1203400
7/1/2025,AGAR,234,242,230,230,22000
7/1/2025,AGII,990,995,975,990,225700
7/1/2025,AGRO,202,206,199,199,3314900
7/1/2025,AGRS,65,65,63,65,1184000
7/1/2025,AHAP,67,67,65,67,2002400
7/1/2025,AIMS,320,320,320,320,200
7/1/2025,AISA,142,144,137,141,4089300
7/1/2025,AKKU,0,0,0,0,0
7/1/2025,AKPI,600,600,590,590,3400
7/1/2025,AKRA,1175,1185,1160,1170,6450400
7/1/2025,AKRADRCN5A,34,34,34,34,100
7/1/2025,AKRADRCQ5A,14,23,9,9,326700
7/1/2025,AKRADRCX5A,32,32,32,32,100
7/1/2025,AKRAHDCQ5A,0,0,0,0,0
7/1/2025,AKRAZPCX5A,0,0,0,0,0
7/1/2025,AKSI,268,278,268,274,80400
7/1/2025,ALDO,0,0,0,0,0
7/1/2025,ALII,625,635,620,625,3533900
7/1/2025,ALKA,310,316,288,304,77500
7/1/2025,ALMI,0,0,0,0,0
7/1/2025,ALTO,0,0,0,0,0
7/1/2025,AMAG,366,370,360,366,12900
7/1/2025,AMAN,102,103,101,101,809200
7/1/2025,AMAR,160,160,157,158,81400
7/1/2025,AMFG,4100,4100,3540,3600,65400
7/1/2025,AMIN,160,162,155,160,990300
7/1/2025,AMMN,8475,8750,8475,8675,37391600
7/1/2025,AMMS,0,0,0,0,0
7/1/2025,AMMS-W,0,0,0,0,0
7/1/2025,AMOR,525,540,525,535,65900
7/1/2025,AMRT,2410,2410,2340,2380,17766000
7/1/2025,AMRTBQCU5A,0,0,0,0,0
7/1/2025,AMRTDRCN5A,0,0,0,0,0
7/1/2025,AMRTDRCQ5A,7,8,7,8,240500
7/1/2025,AMRTDRCZ5A,51,51,51,51,100
7/1/2025,AMRTHDCQ5A,40,40,40,40,50100
7/1/2025,AMRTZPCX5A,0,0,0,0,0
7/1/2025,ANDI,16,17,16,17,1714900
7/1/2025,ANJT,1720,1725,1715,1720,226100
7/1/2025,ANTM,3070,3100,3010,3070,166933600
7/1/2025,ANTMBQCU5A,0,0,0,0,0
7/1/2025,ANTMBQCX5A,100,100,95,99,102900
7/1/2025,ANTMBQCZ5A,0,0,0,0,0
7/1/2025,ANTMDRCG6A,60,61,57,58,878000
7/1/2025,ANTMDRCN5A,216,222,214,218,500
7/1/2025,ANTMDRCQ5A,274,274,266,270,26300
7/1/2025,ANTMDRCX5A,306,306,298,302,1443300
7/1/2025,ANTMDRPU5A,64,64,63,63,10100
7/1/2025,ANTMDRPU5B,38,39,38,38,26400
7/1/2025,ANTMHDCQ5A,380,380,380,380,15000
7/1/2025,ANTMHDCU5A,190,192,181,186,43700
7/1/2025,ANTMYUCQ5A,364,364,364,364,100
7/1/2025,ANTMZPCX5A,0,0,0,0,0
7/1/2025,APEX,118,143,113,141,325136000
7/1/2025,APIC,1135,1160,1135,1155,4372500
7/1/2025,APII,171,175,171,174,11000
7/1/2025,APLI,500,500,500,500,200
7/1/2025,APLN,91,91,89,89,1723600
7/1/2025,ARCI,580,645,560,630,90477700
7/1/2025,AREA,438,438,426,434,1040500
7/1/2025,ARGO,670,670,615,615,1700
7/1/2025,ARII,272,280,268,280,179100
7/1/2025,ARKA,20,20,19,20,967000
7/1/2025,ARKO,800,800,785,785,49800
7/1/2025,ARMY,0,0,0,0,0
7/1/2025,ARNA,600,605,590,595,1293300
7/1/2025,ARTA,1930,1945,1900,1900,81900
7/1/2025,ARTI,0,0,0,0,0
7/1/2025,ARTO,1780,1830,1775,1810,6574300
7/1/2025,ARTOBQCU5A,0,0,0,0,0
7/1/2025,ARTOBQCZ5A,0,0,0,0,0
7/1/2025,ARTODRCN5A,1,1,1,1,6200
7/1/2025,ARTODRCQ5A,0,0,0,0,0
7/1/2025,ARTODRCX5A,42,42,40,42,500
7/1/2025,ARTOZPCX5A,40,41,40,41,3501900
7/1/2025,ASBI,422,422,408,418,9400
7/1/2025,ASDM,600,600,575,590,18500
7/1/2025,ASGR,905,915,895,900,471400
7/1/2025,ASHA,19,19,19,19,1943200
7/1/2025,ASII,4490,4510,4440,4450,27427600
7/1/2025,ASIIBQCU5A,0,0,0,0,0
7/1/2025,ASIIBQCZ5A,0,0,0,0,0
7/1/2025,ASIIDRCQ5A,19,19,19,19,100
7/1/2025,ASIIDRCQ5B,17,17,17,17,100
7/1/2025,ASIIDRCX5A,74,74,73,73,200
7/1/2025,ASIIDRCX6A,0,0,0,0,0
7/1/2025,ASIIDRPQ5A,0,0,0,0,0
7/1/2025,ASJT,104,106,104,106,11000
7/1/2025,ASLC,64,65,63,64,11118100
7/1/2025,ASLI,50,50,50,50,608000
7/1/2025,ASMI,16,17,16,17,394900
7/1/2025,ASPI,199,200,183,192,1005400
7/1/2025,ASRI,127,129,126,126,4434200
7/1/2025,ASRM,286,286,286,286,4000
7/1/2025,ASSA,760,770,745,765,6813500
7/1/2025,ATAP,27,27,27,27,205000
7/1/2025,ATIC,396,396,384,390,77300
7/1/2025,ATLA,50,50,50,50,130500
7/1/2025,AUTO,2050,2070,2040,2050,1387100
7/1/2025,AVIA,420,450,420,450,48245000
7/1/2025,AWAN,262,278,260,262,22745100
7/1/2025,AXIO,129,140,127,129,3740700
7/1/2025,AYAM,162,164,160,163,135095000
7/1/2025,AYLS,105,113,100,105,13741500
7/1/2025,BABP,50,52,50,51,22417100
7/1/2025,BABY,314,316,304,304,8331700
7/1/2025,BACA,130,131,130,130,578400
7/1/2025,BAIK,100,103,100,102,1130600
7/1/2025,BAIK-W,8,9,7,9,1189300
7/1/2025,BAJA,118,120,115,116,499600
7/1/2025,BALI,1825,1880,1800,1810,29200
7/1/2025,BANK,830,855,830,835,5780300
7/1/2025,BANK-W,0,0,0,0,0
7/1/2025,BAPA,50,51,50,50,2610900
7/1/2025,BAPI,8,9,8,9,1774700
7/1/2025,BATA,50,50,50,50,505900
7/1/2025,BATR,80,81,79,80,3156000
7/1/2025,BAUT,28,28,27,28,802000
7/1/2025,BAYU,1295,1325,1285,1315,88000
7/1/2025,BBCA,8750,8775,8600,8700,82390600
7/1/2025,BBCABQCV5A,94,94,94,94,100
7/1/2025,BBCABQCX5A,73,73,70,70,50000
7/1/2025,BBCADRCF6A,84,84,81,81,20200
7/1/2025,BBCADRCQ5A,48,48,45,45,200
7/1/2025,BBCADRCX6A,0,0,0,0,0
7/1/2025,BBCADRPQ5A,73,74,73,74,3200
7/1/2025,BBCAHDCQ5A,14,14,14,14,100
7/1/2025,BBCAHDCU5A,112,112,112,112,75200
7/1/2025,BBCAHDCV5A,0,0,0,0,0
7/1/2025,BBCAYUCQ5A,77,77,77,77,100
7/1/2025,BBCAZPCF6A,64,64,64,64,20000
7/1/2025,BBHI,785,800,780,780,1108700
7/1/2025,BBKP,61,62,58,58,213651500
7/1/2025,BBLD,745,810,695,740,2300
7/1/2025,BBMD,2100,2130,2050,2120,15900
7/1/2025,BBNI,4120,4130,4000,4010,55713800
7/1/2025,BBNIBQCU5A,0,0,0,0,0
7/1/2025,BBNIBQCV5A,0,0,0,0,0
7/1/2025,BBNIDRCQ5A,15,15,13,13,200
7/1/2025,BBNIDRCX6A,2210,2210,2210,2210,500
7/1/2025,BBNIDRCZ5A,60,60,58,58,12000200
7/1/2025,BBNIDRPU5A,38,38,38,38,100
7/1/2025,BBNIHDCQ5A,0,0,0,0,0
7/1/2025,BBNIHDCU5A,0,0,0,0,0
7/1/2025,BBNIHDPU5A,0,0,0,0,0
7/1/2025,BBNIYUCV5A,70,70,70,70,200
7/1/2025,BBNIZPCX5A,0,0,0,0,0
7/1/2025,BBRI,3780,3790,3670,3700,212369000
7/1/2025,BBRIBQCQ5A,23,23,21,22,206800
7/1/2025,BBRIBQCU5A,0,0,0,0,0
7/1/2025,BBRIBQCZ5A,0,0,0,0,0
7/1/2025,BBRIDRCQ5A,37,37,33,33,738200
7/1/2025,BBRIDRCX5A,156,156,146,146,4000500
7/1/2025,BBRIDRCX6A,2110,2110,2080,2080,600
7/1/2025,BBRIDRPN5A,23,25,23,25,150100
7/1/2025,BBRIHDCQ5A,30,30,28,28,4400
7/1/2025,BBRIYUCV5A,149,149,149,149,100
7/1/2025,BBRIZPCX5A,81,81,81,81,5000000
7/1/2025,BBRM,75,76,74,75,998500
7/1/2025,BBSI,0,0,0,0,0
7/1/2025,BBSS,296,300,264,298,1132000
7/1/2025,BBTN,1120,1125,1085,1095,22160300
7/1/2025,BBYB,226,226,218,220,7390200
7/1/2025,BCAP,55,55,53,55,7175000
7/1/2025,BCIC,0,0,0,0,0
7/1/2025,BCIP,115,119,112,112,82880700
7/1/2025,BDKR,150,161,150,160,65414600
7/1/2025,BDMN,2450,2450,2420,2430,121100
7/1/2025,BEBS,0,0,0,0,0
7/1/2025,BEEF,280,280,266,266,11942600
7/1/2025,BEER,72,73,71,72,117500
7/1/2025,BEKS,25,26,25,26,4898900
7/1/2025,BELI,400,400,394,400,342700
7/1/2025,BELL,50,50,50,50,16500
7/1/2025,BESS,1125,1160,1110,1115,17400
7/1/2025,BEST,96,97,96,96,1004400
7/1/2025,BFIN,820,825,800,810,6073000
7/1/2025,BGTG,77,78,77,78,734700
7/1/2025,BHAT,690,700,690,690,1860800
7/1/2025,BHIT,25,25,24,24,3956000
7/1/2025,BIKA,0,0,0,0,0
7/1/2025,BIKE,600,610,585,585,846600
7/1/2025,BIMA,45,45,45,45,2800
7/1/2025,BINA,4390,4390,4380,4380,22500
7/1/2025,BINO,108,109,106,107,985400
7/1/2025,BIPI,78,80,77,80,366640400
7/1/2025,BIPP,38,41,38,41,20600
7/1/2025,BIRD,1865,1865,1805,1830,5139300
7/1/2025,BISI,940,945,930,935,198500
7/1/2025,BJBR,810,815,805,805,2490300
7/1/2025,BJTM,500,500,486,486,12772900
7/1/2025,BKDP,33,33,32,32,39500
7/1/2025,BKSL,131,133,126,127,175947300
7/1/2025,BKSW,58,60,58,59,733900
7/1/2025,BLES,175,177,172,174,2872800
7/1/2025,BLTA,20,21,20,20,1337100
7/1/2025,BLTZ,0,0,0,0,0
7/1/2025,BLUE,330,340,324,338,72000
7/1/2025,BMAS,670,670,600,600,8300
7/1/2025,BMBL,16,17,16,16,580500
7/1/2025,BMHS,206,210,202,206,594800
7/1/2025,BMRI,4900,4910,4710,4750,319907500
7/1/2025,BMRIBQCN5A,31,31,30,30,12000
7/1/2025,BMRIBQCU5A,0,0,0,0,0
7/1/2025,BMRIBQCZ5A,121,121,116,116,200
7/1/2025,BMRIDRCQ5A,14,14,11,11,55100
7/1/2025,BMRIDRCX5A,77,77,73,73,423100
7/1/2025,BMRIDRCX6A,2530,2530,2430,2450,21200
7/1/2025,BMRIDRPN5A,33,34,33,34,200100
7/1/2025,BMRIHDCQ5A,0,0,0,0,0
7/1/2025,BMRIHDCU5A,0,0,0,0,0
7/1/2025,BMRIHDPU5A,0,0,0,0,0
7/1/2025,BMRIYUCQ5A,48,48,47,47,200
7/1/2025,BMRIZPCX5A,0,0,0,0,0
7/1/2025,BMSR,250,252,246,246,51800
7/1/2025,BMTR,130,132,127,128,40903300
7/1/2025,BNBA,815,825,805,825,89800
7/1/2025,BNBR,30,30,29,29,3700400
7/1/2025,BNGA,1670,1680,1665,1670,2854000
7/1/2025,BNII,199,202,197,198,652300
7/1/2025,BNLI,2770,2850,2540,2740,2690800
7/1/2025,BOAT,101,101,99,99,714100
7/1/2025,BOBA,173,182,173,177,42600
7/1/2025,BOGA,560,570,555,560,575100
7/1/2025,BOLA,93,96,93,96,449600
7/1/2025,BOLT,1270,1275,1265,1275,784200
7/1/2025,BOSS,0,0,0,0,0
7/1/2025,BPFI,326,342,324,324,34700
7/1/2025,BPII,585,595,585,590,155800
7/1/2025,BPTR,91,93,89,90,551300
7/1/2025,BRAM,5625,5700,5575,5675,500
7/1/2025,BREN,5900,6225,5850,5900,22084700
7/1/2025,BRIS,2590,2600,2510,2510,13941300
7/1/2025,BRISYUCV5A,79,79,79,79,100
7/1/2025,BRMS,400,412,396,408,972001200
7/1/2025,BRMSYUCV5A,32,33,32,33,101000
7/1/2025,BRNA,670,680,635,680,500
7/1/2025,BRPT,1655,1695,1635,1655,141992600
7/1/2025,BRPTBQCQ5A,0,0,0,0,0
7/1/2025,BRPTBQCV5A,0,0,0,0,0
7/1/2025,BRPTBQCZ5A,0,0,0,0,0
7/1/2025,BRPTDRCF6A,118,122,117,117,346500
7/1/2025,BRPTDRCN5A,166,170,161,161,119300
7/1/2025,BRPTDRCQ5A,149,151,145,145,33900
7/1/2025,BRPTDRCX5A,139,139,137,137,4000
7/1/2025,BRPTHDCN5A,535,535,535,535,100
7/1/2025,BRPTHDCQ5A,0,0,0,0,0
7/1/2025,BRPTZPCF6A,0,0,0,0,0
7/1/2025,BRPTZPCX5A,0,0,0,0,0
7/1/2025,BRRC,62,64,59,61,16802400
7/1/2025,BRRC-W,8,9,8,8,54600
7/1/2025,BSBK,50,50,50,50,478800
7/1/2025,BSDE,790,795,780,785,8012900
7/1/2025,BSIM,950,955,935,935,6800
7/1/2025,BSML,89,89,86,87,13894100
7/1/2025,BSSR,3900,3930,3900,3900,311800
7/1/2025,BSWD,0,0,0,0,0
7/1/2025,BTEK,5,5,5,5,26136900
7/1/2025,BTEL,0,0,0,0,0
7/1/2025,BTON,392,392,392,392,1200
7/1/2025,BTPN,2400,2400,2150,2180,429700
7/1/2025,BTPS,1315,1325,1270,1315,9507600
7/1/2025,BUAH,1630,1630,1600,1625,53400
7/1/2025,BUDI,224,230,224,226,122000
7/1/2025,BUKA,126,128,125,125,54080900
7/1/2025,BUKK,815,820,810,810,4600
7/1/2025,BULL,146,150,127,132,462031700
7/1/2025,BUMI,119,120,113,114,1419897100
7/1/2025,BUVA,74,82,73,82,148132800
7/1/2025,BVIC,84,86,84,84,291400
7/1/2025,BVIC-W,50,50,48,48,9400
7/1/2025,BWPT,60,62,60,61,2039100
7/1/2025,BYAN,19550,19900,19550,19900,8700
7/1/2025,CAKK,134,134,133,133,8200
7/1/2025,CAMP,216,218,204,206,4466100
7/1/2025,CANI,39,39,39,39,100
7/1/2025,CARE,236,236,230,230,18195700
7/1/2025,CARS,84,84,81,81,761700
7/1/2025,CASA,925,960,925,955,5369800
7/1/2025,CASH,57,58,56,57,211200
7/1/2025,CASS,1970,2000,1960,1960,41000
7/1/2025,CBDK,5775,5850,5725,5725,2065100
7/1/2025,CBMF,0,0,0,0,0
7/1/2025,CBPE,188,188,180,187,79500
7/1/2025,CBRE,68,68,68,68,6636600
7/1/2025,CBUT,1155,1155,1095,1095,14200
7/1/2025,CCSI,340,348,324,330,182900
7/1/2025,CEKA,2910,2990,2850,2980,1891300
7/1/2025,CENT,91,97,89,92,22676800
7/1/2025,CFIN,314,316,308,310,1984300
7/1/2025,CGAS,91,92,90,91,4080100
7/1/2025,CHEM,53,55,53,54,1550300
7/1/2025,CHIP,1310,1315,1245,1290,85000
7/1/2025,CINT,160,161,154,154,46900
7/1/2025,CITA,4000,4040,3980,3990,95000
7/1/2025,CITY,86,86,82,83,2156300
7/1/2025,CLAY,1050,1060,1050,1055,152000
7/1/2025,CLEO,620,625,605,605,15953400
7/1/2025,CLPI,1175,1185,1150,1155,387600
7/1/2025,CMNP,1310,1315,1295,1295,332200
7/1/2025,CMNP-W,380,380,376,376,200
7/1/2025,CMNT,800,825,790,810,28837500
7/1/2025,CMPP,80,80,79,79,63100
7/1/2025,CMRY,4880,4890,4710,4710,392100
7/1/2025,CNKO,31,34,31,34,24012300
7/1/2025,CNMA,159,161,156,158,21157600
7/1/2025,CNTB,0,0,0,0,0
7/1/2025,CNTX,0,0,0,0,0
7/1/2025,COAL,38,38,37,37,783900
7/1/2025,COCO,178,182,165,182,11864400
7/1/2025,COWL,0,0,0,0,0
7/1/2025,CPIN,4800,4800,4630,4660,3658600
7/1/2025,CPINDRCG6A,86,89,84,88,3700
7/1/2025,CPINDRCN5A,62,62,55,55,400
7/1/2025,CPINDRCQ5A,27,27,23,23,600
7/1/2025,CPINHDCQ5A,34,35,34,35,70600
7/1/2025,CPRI,0,0,0,0,0
7/1/2025,CPRO,50,51,50,51,30768900
7/1/2025,CRAB,236,238,234,236,255400
7/1/2025,CRSN,106,106,101,102,463600
7/1/2025,CSAP,254,260,248,252,1368200
7/1/2025,CSIS,75,79,75,76,3576200
7/1/2025,CSMI,1810,2080,1800,1800,401100
7/1/2025,CSRA,670,680,660,670,488600
7/1/2025,CTBN,8050,8050,8050,8050,500
7/1/2025,CTRA,950,970,950,965,17282200
7/1/2025,CTTH,25,25,24,24,11200
7/1/2025,CUAN,12700,12875,12525,12800,15129400
7/1/2025,CYBR,1000,1020,940,945,15726000
7/1/2025,CYBR-W,680,680,454,525,118000
7/1/2025,DAAZ,4020,4080,3990,4030,303600
7/1/2025,DADA,0,0,0,0,0
7/1/2025,DART,145,145,142,142,396000
7/1/2025,DATA,1300,1300,1245,1250,4150000
7/1/2025,DAYA,915,915,875,900,11500
7/1/2025,DCII,152500,152500,152000,152000,500
7/1/2025,DEAL,0,0,0,0,0
7/1/2025,DEFI,1210,1210,1210,1210,800
7/1/2025,DEPO,214,214,206,210,335500
7/1/2025,DEWA,180,181,171,177,294650200
7/1/2025,DEWI,94,94,92,94,37351100
7/1/2025,DFAM,50,50,50,50,20300
7/1/2025,DGIK,87,90,83,87,9750400
7/1/2025,DGNS,154,159,154,155,259900
7/1/2025,DGWG,456,458,440,450,6934600
7/1/2025,DIGI,20,20,19,20,481300
7/1/2025,DILD,125,128,124,127,7668600
7/1/2025,DIVA,106,108,103,105,2059500
7/1/2025,DKFT,456,460,448,452,26956800
7/1/2025,DKHH,68,70,66,67,16945500
7/1/2025,DKHH-W,12,13,12,12,5241400
7/1/2025,DLTA,2110,2110,1990,2050,364100
7/1/2025,DMAS,138,139,137,137,21083600
7/1/2025,DMMX,370,370,360,360,935100
7/1/2025,DMND,540,540,520,525,293100
7/1/2025,DNAR,104,104,102,103,364900
7/1/2025,DNET,9950,9950,9800,9800,2200
7/1/2025,DOID,410,422,394,394,15856400
7/1/2025,DOOH,92,93,90,92,90493300
7/1/2025,DOSS,154,161,153,154,535200
7/1/2025,DPNS,232,232,228,228,91500
7/1/2025,DPUM,50,50,50,50,100100
7/1/2025,DRMA,970,970,960,965,151700
7/1/2025,DSFI,55,59,55,58,4300700
7/1/2025,DSNG,770,785,770,780,23983200
7/1/2025,DSSA,53575,54200,52125,53050,4314200
7/1/2025,DUCK,0,0,0,0,0
7/1/2025,DUTI,3360,3360,3360,3360,1000
7/1/2025,DVLA,1615,1635,1605,1635,17700
7/1/2025,DWGL,214,218,210,216,163200
7/1/2025,DYAN,87,89,86,88,950700
7/1/2025,EAST,96,97,94,96,1383100
7/1/2025,ECII,184,186,181,184,167300
7/1/2025,EDGE,3780,3840,3760,3780,23000
7/1/2025,EKAD,184,185,180,180,82700
7/1/2025,ELIT,165,165,158,161,4660900
7/1/2025,ELPI,352,354,350,354,260400
7/1/2025,ELSA,468,476,464,466,30862400
7/1/2025,ELTY,10,10,9,10,1102400
7/1/2025,EMDE,91,92,91,92,62300
7/1/2025,EMTK,480,488,478,482,12757400
7/1/2025,EMTKYUCV5A,27,27,26,26,200
7/1/2025,ENAK,715,715,700,700,252300
7/1/2025,ENRG,328,336,318,334,168826700
7/1/2025,ENVY,0,0,0,0,0
7/1/2025,ENZO,32,32,32,32,70200
7/1/2025,EPAC,13,13,13,13,2648000
7/1/2025,EPMT,2270,2270,2250,2260,4900
7/1/2025,ERAA,535,535,520,520,22517300
7/1/2025,ERAL,322,334,310,328,42225300
7/1/2025,ERTX,103,103,100,103,217300
7/1/2025,ESIP,27,27,27,27,250900
7/1/2025,ESSA,580,595,575,585,31492700
7/1/2025,ESTA,68,70,66,67,3929100
7/1/2025,ESTI,36,36,36,36,15200
7/1/2025,ETWA,0,0,0,0,0
7/1/2025,EURO,163,176,144,152,34599400
7/1/2025,EXCL,2260,2330,2250,2310,16350900
7/1/2025,EXCLHDCQ5A,0,0,0,0,0
7/1/2025,EXCLZPCF6A,0,0,0,0,0
7/1/2025,FAPA,5475,5475,5450,5450,3900
7/1/2025,FAST,274,314,272,290,6485400
7/1/2025,FASW,0,0,0,0,0
7/1/2025,FILM,1945,1955,1900,1920,3716700
7/1/2025,FIMP,0,0,0,0,0
7/1/2025,FIRE,78,78,76,76,2039100
7/1/2025,FISH,0,0,0,0,0
7/1/2025,FITT,0,0,0,0,0
7/1/2025,FLMC,41,45,41,44,256500
7/1/2025,FMII,346,346,338,338,13400
7/1/2025,FOLK,67,69,65,67,1298600
7/1/2025,FOOD,103,103,101,101,1200
7/1/2025,FORE,645,645,610,615,7826400
7/1/2025,FORU,1385,1400,1335,1345,50800
7/1/2025,FORZ,0,0,0,0,0
7/1/2025,FPNI,197,204,195,197,1927400
7/1/2025,FUJI,438,478,410,424,138800
7/1/2025,FUTR,70,72,68,72,23123400
7/1/2025,FWCT,149,149,145,145,587700
7/1/2025,GAMA,0,0,0,0,0
7/1/2025,GDST,103,104,101,101,1964600
7/1/2025,GDYR,1105,1105,1090,1090,10300
7/1/2025,GEMA,96,96,95,96,72200
7/1/2025,GEMS,9125,9175,9050,9175,155500
7/1/2025,GGRM,9175,9200,8900,8925,484600
7/1/2025,GGRP,0,0,0,0,0
7/1/2025,GHON,1635,1635,1565,1605,12400
7/1/2025,GIAA,77,77,70,71,134193400
7/1/2025,GJTL,1110,1125,1105,1110,3007000
7/1/2025,GLOB,59,59,59,59,500
7/1/2025,GLVA,350,352,348,352,63500
7/1/2025,GMFI,65,65,63,63,1525800
7/1/2025,GMTD,0,0,0,0,0
7/1/2025,GOLD,244,250,242,246,5300
7/1/2025,GOLF,218,222,216,220,1081000
7/1/2025,GOLL,0,0,0,0,0
7/1/2025,GOOD,360,362,356,358,253600
7/1/2025,GOTO,59,59,58,59,1100469400
7/1/2025,GOTOBQCZ5A,0,0,0,0,0
7/1/2025,GOTODRCG6A,12,12,12,12,5250000
7/1/2025,GOTODRCN5A,3,3,2,2,200
7/1/2025,GOTODRCQ5A,0,0,0,0,0
7/1/2025,GOTOHDCQ5A,0,0,0,0,0
7/1/2025,GOTOM,0,0,0,0,0
7/1/2025,GPRA,155,156,152,155,69047400
7/1/2025,GPSO,360,368,342,354,569100
7/1/2025,GRIA,83,83,82,83,12900
7/1/2025,GRPH,50,50,50,50,145600
7/1/2025,GRPM,50,50,48,50,3230600
7/1/2025,GRPM-W,15,15,14,15,730300
7/1/2025,GSMF,54,54,52,54,97600
7/1/2025,GTBO,168,169,163,165,58600
7/1/2025,GTRA,130,136,130,133,1798000
7/1/2025,GTSI,40,40,39,39,576600
7/1/2025,GULA,260,260,258,258,210100
7/1/2025,GUNA,268,270,262,262,218800
7/1/2025,GWSA,122,123,122,123,63200
7/1/2025,GZCO,90,91,88,88,2479400
7/1/2025,HADE,8,8,7,7,2636800
7/1/2025,HAIS,187,188,186,187,6537300
7/1/2025,HAJJ,122,122,118,121,9740800
7/1/2025,HAJJ-W,11,11,10,10,2723300
7/1/2025,HALO,77,80,76,76,4250100
7/1/2025,HALO-W,8,9,8,8,4111300
7/1/2025,HATM,298,302,286,302,47628800
7/1/2025,HBAT,73,80,66,66,3750100
7/1/2025,HDFA,104,107,104,107,200
7/1/2025,HDIT,18,18,18,18,108600
7/1/2025,HDTX,0,0,0,0,0
7/1/2025,HEAL,1430,1435,1410,1415,14988200
7/1/2025,HELI,248,266,248,266,650700
7/1/2025,HERO,414,458,378,396,1168400
7/1/2025,HEXA,4950,4950,4900,4920,262800
7/1/2025,HGII,164,165,157,159,4019100
7/1/2025,HILL,270,272,246,256,89514800
7/1/2025,HITS,0,0,0,0,0
7/1/2025,HKMU,0,0,0,0,0
7/1/2025,HMSP,600,605,585,595,7652900
7/1/2025,HOKI,89,92,89,89,9141300
7/1/2025,HOME,0,0,0,0,0
7/1/2025,HOMI,212,212,204,206,24400
7/1/2025,HOPE,52,52,50,50,494500
7/1/2025,HOTL,0,0,0,0,0
7/1/2025,HRME,25,25,24,24,313400
7/1/2025,HRTA,605,625,605,615,20699300
7/1/2025,HRUM,840,855,820,825,12122200
7/1/2025,HUMI,54,55,53,53,15923200
7/1/2025,HUMI-W,6,6,5,6,5054300
7/1/2025,HYGN,147,148,140,143,1085600
7/1/2025,IATA,51,51,50,50,7854200
7/1/2025,IATA-W,27,30,27,30,13000
7/1/2025,IBFN,13,13,13,13,149100
7/1/2025,IBOS,27,27,25,27,3075700
7/1/2025,IBST,0,0,0,0,0
7/1/2025,ICBP,10500,10625,10400,10625,4235400
7/1/2025,ICBPDRCQ5A,16,18,16,18,41700
7/1/2025,ICBPDRCX6A,0,0,0,0,0
7/1/2025,ICBPHDCQ5A,19,19,19,19,1350000
7/1/2025,ICBPZPCX5A,71,71,71,71,3300
7/1/2025,ICON,37,38,37,37,70400
7/1/2025,IDEA,46,48,45,48,1294200
7/1/2025,IDPR,192,198,188,195,530800
7/1/2025,IFII,252,252,242,242,534000
7/1/2025,IFSH,790,790,750,750,1800
7/1/2025,IGAR,575,575,570,570,30300
7/1/2025,IIKP,0,0,0,0,0
7/1/2025,IKAI,7,8,7,7,3509000
7/1/2025,IKAN,63,64,62,62,6250200
7/1/2025,IKBI,388,388,386,386,6000
7/1/2025,IKPM,210,220,204,218,7600
7/1/2025,IMAS,800,805,775,790,145900
7/1/2025,IMJS,188,190,185,187,3005100
7/1/2025,IMPC,304,310,300,304,34148900
7/1/2025,INAF,0,0,0,0,0
7/1/2025,INAI,154,176,154,159,1999600
7/1/2025,INCF,22,22,21,22,88400
7/1/2025,INCI,610,610,580,585,364000
7/1/2025,INCO,3460,3530,3390,3500,15200700
7/1/2025,INCOBQCQ5A,155,155,149,149,200
7/1/2025,INCOBQCV5A,61,69,61,69,549500
7/1/2025,INCODRCN5A,38,45,37,44,39100
7/1/2025,INCODRCQ5A,9,12,8,9,4786200
7/1/2025,INCODRCX5A,80,85,78,82,60700
7/1/2025,INCOHDCQ5A,111,111,107,107,70000
7/1/2025,INCOZPCX5A,118,122,118,122,57300
7/1/2025,INDF,8050,8200,8050,8200,8266200
7/1/2025,INDFBQCV5A,131,137,131,137,900
7/1/2025,INDFDRCQ5A,32,32,32,32,100
7/1/2025,INDFDRCX6A,0,0,0,0,0
7/1/2025,INDFHDCQ5A,24,24,24,24,450000
7/1/2025,INDO,170,183,167,178,6494700
7/1/2025,INDR,2070,2100,2060,2100,3200
7/1/2025,INDS,256,272,220,222,1581900
7/1/2025,INDX,78,84,78,81,16072200
7/1/2025,INDY,1385,1390,1330,1335,4762900
7/1/2025,INET,168,170,160,168,269861200
7/1/2025,INET-W,78,78,74,77,15461300
7/1/2025,INKP,5850,5850,5500,5525,9550000
7/1/2025,INKPDRCF6A,101,101,95,95,43100
7/1/2025,INKPDRCN5A,13,13,10,10,200
7/1/2025,INKPDRCQ5A,14,14,12,12,200
7/1/2025,INKPHDCQ5A,0,0,0,0,0
7/1/2025,INKPZPCF6A,54,54,54,54,100
7/1/2025,INOV,84,84,83,84,57300
7/1/2025,INPC,150,153,149,149,3186500
7/1/2025,INPP,805,805,790,805,9000
7/1/2025,INPS,136,165,132,145,48351600
7/1/2025,INRU,990,990,990,990,77000
7/1/2025,INTA,11,11,11,11,175300
7/1/2025,INTD,187,187,184,187,16600
7/1/2025,INTP,5250,5350,5200,5250,612700
7/1/2025,IOTF,109,122,108,111,221896900
7/1/2025,IPAC,140,144,130,144,33000
7/1/2025,IPCC,1010,1040,990,1020,1903800
7/1/2025,IPCM,272,276,268,272,786500
7/1/2025,IPOL,132,132,129,131,153000
7/1/2025,IPPE,0,0,0,0,0
7/1/2025,IPTV,28,28,28,28,3929000
7/1/2025,IRRA,412,416,408,416,943800
7/1/2025,IRSX,28,28,27,27,1958600
7/1/2025,IRSX-W,1,1,1,1,511000
7/1/2025,ISAP,12,12,11,11,4242500
7/1/2025,ISAP-W,3,3,2,3,2113400
7/1/2025,ISAT,2130,2150,2100,2100,3308500
7/1/2025,ISATBQCU5A,0,0,0,0,0
7/1/2025,ISATDRCG6A,81,83,80,81,51900
7/1/2025,ISATDRCX5A,58,61,58,60,1083300
7/1/2025,ISATHDCQ5A,0,0,0,0,0
7/1/2025,ISATZPCF6A,0,0,0,0,0
7/1/2025,ISEA,66,67,64,64,2229200
7/1/2025,ISEA-W,1,1,1,1,83000
7/1/2025,ISSP,330,338,326,336,5668000
7/1/2025,ITIC,220,220,212,216,80500
7/1/2025,ITMA,840,850,725,780,50737600
7/1/2025,ITMG,22125,22175,22000,22075,1262900
7/1/2025,JARR,376,378,370,372,1065300
7/1/2025,JAST,59,59,57,58,8062500
7/1/2025,JATI,156,168,145,161,79906200
7/1/2025,JAWA,146,149,141,146,5566300
7/1/2025,JAYA,117,118,96,98,19242400
7/1/2025,JECC,835,860,820,835,23200
7/1/2025,JGLE,8,8,8,8,16284000
7/1/2025,JIHD,595,600,570,575,1211100
7/1/2025,JKON,74,74,73,74,866300
7/1/2025,JKSW,0,0,0,0,0
7/1/2025,JMAS,133,133,125,131,279000
7/1/2025,JPFA,1515,1515,1430,1435,30324000
7/1/2025,JRPT,705,710,705,710,858300
7/1/2025,JSKY,0,0,0,0,0
7/1/2025,JSMR,3620,3670,3590,3590,2003300
7/1/2025,JSPT,5100,6000,5100,5450,106100
7/1/2025,JTPE,246,246,242,246,4026700
7/1/2025,KAEF,0,0,0,0,0
7/1/2025,KAQI,50,50,50,50,130300
7/1/2025,KARW,855,915,855,855,198100
7/1/2025,KAYU,0,0,0,0,0
7/1/2025,KBAG,34,34,33,33,2122100
7/1/2025,KBLI,388,394,386,394,136900
7/1/2025,KBLM,292,294,290,294,77200
7/1/2025,KBLV,56,59,53,54,6145500
7/1/2025,KBRI,0,0,0,0,0
7/1/2025,KDSI,480,482,472,472,21600
7/1/2025,KDTN,124,125,120,120,32800
7/1/2025,KEEN,790,795,780,780,6786400
7/1/2025,KEJU,580,585,560,565,395700
7/1/2025,KETR,200,202,197,198,205300
7/1/2025,KIAS,19,19,18,18,297600
7/1/2025,KICI,109,112,108,111,478300
7/1/2025,KIJA,178,179,175,179,134053200
7/1/2025,KING,214,218,210,214,1525400
7/1/2025,KING-W,18,19,17,17,1500000
7/1/2025,KINO,1040,1110,1030,1090,22900
7/1/2025,KIOS,50,50,50,50,64600
7/1/2025,KJEN,0,0,0,0,0
7/1/2025,KKES,23,23,23,23,30200
7/1/2025,KKGI,362,366,360,364,1629400
7/1/2025,KLAS,134,135,130,130,6895500
7/1/2025,KLBF,1510,1530,1500,1520,19239700
7/1/2025,KLBFBQCV5A,0,0,0,0,0
7/1/2025,KLBFDRCG6A,58,58,56,57,300
7/1/2025,KLBFDRCN5A,58,58,56,56,400
7/1/2025,KLBFDRCQ5A,36,36,34,34,200
7/1/2025,KLBFHDCQ5A,0,0,0,0,0
7/1/2025,KLBFZPCF6A,0,0,0,0,0
7/1/2025,KLIN,150,150,140,143,196100
7/1/2025,KMDS,580,600,560,570,1474700
7/1/2025,KMTR,280,280,264,264,122500
7/1/2025,KOBX,146,150,145,147,653900
7/1/2025,KOCI,50,50,50,50,41100
7/1/2025,KOCI-W,6,6,6,6,600
7/1/2025,KOIN,0,0,0,0,0
7/1/2025,KOKA,70,70,68,69,733700
7/1/2025,KONI,1270,1270,1195,1225,1700
7/1/2025,KOPI,372,398,362,372,1066800
7/1/2025,KOTA,19,19,18,18,15770400
7/1/2025,KPAL,0,0,0,0,0
7/1/2025,KPAS,0,0,0,0,0
7/1/2025,KPIG,168,177,168,172,59283300
7/1/2025,KRAH,0,0,0,0,0
7/1/2025,KRAS,0,0,0,0,0
7/1/2025,KREN,9,10,9,10,2917200
7/1/2025,KRYA,161,197,157,197,384710700
7/1/2025,KSIX,204,204,197,202,326300
7/1/2025,KUAS,51,51,50,51,94500
7/1/2025,LABA,228,230,208,214,70319900
7/1/2025,LABS,136,138,133,135,773200
7/1/2025,LAJU,50,50,50,50,9400
7/1/2025,LAND,20,21,20,21,679300
7/1/2025,LAPD,23,23,22,22,4092200
7/1/2025,LCGP,0,0,0,0,0
7/1/2025,LCKM,202,204,200,204,44900
7/1/2025,LEAD,72,79,70,79,26828900
7/1/2025,LFLO,270,314,258,258,76000
7/1/2025,LIFE,7500,7500,6475,6475,17400
7/1/2025,LINK,1555,1555,1555,1555,100
7/1/2025,LION,392,400,380,380,10900
7/1/2025,LIVE,142,142,140,140,269200
7/1/2025,LMAS,0,0,0,0,0
7/1/2025,LMAX,41,42,40,41,1617900
7/1/2025,LMPI,138,150,136,141,2625900
7/1/2025,LMSH,0,0,0,0,0
7/1/2025,LOPI,40,40,34,35,27805500
7/1/2025,LPCK,462,468,462,462,177400
7/1/2025,LPGI,468,468,420,444,1565900
7/1/2025,LPIN,372,374,372,372,73800
7/1/2025,LPKR,82,83,80,80,17573800
7/1/2025,LPLI,276,330,274,278,3638400
7/1/2025,LPPF,1700,1725,1685,1705,1955700
7/1/2025,LPPS,56,59,55,58,1401500
7/1/2025,LRNA,136,139,136,139,9500
7/1/2025,LSIP,1200,1205,1175,1190,11314800
7/1/2025,LTLS,880,880,870,870,24900
7/1/2025,LUCK,68,68,65,67,732700
7/1/2025,LUCY,90,90,89,90,34200
7/1/2025,MABA,0,0,0,0,0
7/1/2025,MAGP,0,0,0,0,0
7/1/2025,MAHA,152,152,148,150,2181100
7/1/2025,MAIN,625,630,610,620,1502800
7/1/2025,MAMI,0,0,0,0,0
7/1/2025,MAMIP,0,0,0,0,0
7/1/2025,MANG,32,32,31,31,1218200
7/1/2025,MANG-W,26,26,25,25,26400
7/1/2025,MAPA,660,700,660,700,29115800
7/1/2025,MAPB,1900,2370,1860,1960,70000
7/1/2025,MAPI,1220,1260,1190,1220,21941100
7/1/2025,MAPIBQCV5A,43,44,43,44,5100
7/1/2025,MAPIDRCQ5A,28,28,25,25,25300
7/1/2025,MAPIDRCX5A,33,37,33,37,11152800
7/1/2025,MAPIHDCQ5A,22,22,21,21,115000
7/1/2025,MARI,28,28,28,28,2206300
7/1/2025,MARK,670,680,645,650,26441700
7/1/2025,MASA,0,0,0,0,0
7/1/2025,MASB,3550,3550,3550,3550,5100
7/1/2025,MAXI,50,51,50,50,288500
7/1/2025,MAYA,182,183,180,182,487800
7/1/2025,MBAP,1690,1690,1605,1660,131100
7/1/2025,MBMA,452,478,436,438,658328500
7/1/2025,MBMADRCQ5A,18,22,14,14,57090900
7/1/2025,MBMADRCX5A,42,46,36,37,2247800
7/1/2025,MBMAHDCQ5A,9,12,8,8,30086000
7/1/2025,MBMAZPCX5A,81,81,74,74,16600
7/1/2025,MBSS,1365,1380,1310,1360,2139300
7/1/2025,MBTO,86,86,84,85,188300
7/1/2025,MCAS,1220,1220,1200,1215,15700
7/1/2025,MCOL,4560,4640,4550,4550,17100
7/1/2025,MCOR,67,68,67,68,309200
7/1/2025,MDIA,21,21,21,21,449500
7/1/2025,MDIY,1480,1480,1400,1400,10600
7/1/2025,MDKA,2030,2070,1975,2030,87943800
7/1/2025,MDKABQCN5A,90,91,85,86,230700
7/1/2025,MDKABQCV5A,81,87,76,80,622600
7/1/2025,MDKADRCN5A,4,4,2,3,2492500
7/1/2025,MDKADRCQ5A,20,22,19,20,1615500
7/1/2025,MDKADRCV5A,63,66,58,61,151000
7/1/2025,MDKAHDCU5A,0,0,0,0,0
7/1/2025,MDKAYUCQ5A,79,81,76,79,312400
7/1/2025,MDKAZPCF6A,0,0,0,0,0
7/1/2025,MDKI,156,158,155,157,96800
7/1/2025,MDLA,200,200,196,196,6109200
7/1/2025,MDLN,50,51,50,50,3863700
7/1/2025,MDRN,7,7,7,7,4524700
7/1/2025,MEDC,1245,1270,1220,1260,74426400
7/1/2025,MEDCBQCV5A,144,144,143,143,6900
7/1/2025,MEDCBQCZ5A,67,67,64,66,37400
7/1/2025,MEDCDRCG6A,42,45,42,45,262400
7/1/2025,MEDCDRCN5A,5,9,5,7,5016600
7/1/2025,MEDCDRCQ5A,43,48,42,48,2735100
7/1/2025,MEDCHDCQ5A,95,99,94,98,406300
7/1/2025,MEDCZPCF6A,44,45,44,45,3300
7/1/2025,MEDS,50,50,50,50,7800
7/1/2025,MEGA,3290,3290,3270,3290,1900
7/1/2025,MEJA,0,0,0,0,0
7/1/2025,MEJA-W,0,0,0,0,0
7/1/2025,MENN,43,45,43,44,2989200
7/1/2025,MERK,3010,3010,2960,2960,32800
7/1/2025,META,0,0,0,0,0
7/1/2025,MFIN,3000,3100,3000,3030,22700
7/1/2025,MFMI,0,0,0,0,0
7/1/2025,MGLV,0,0,0,0,0
7/1/2025,MGNA,34,34,34,34,16000
7/1/2025,MGNA-W,12,16,12,16,39200
7/1/2025,MGRO,710,715,705,715,5158400
7/1/2025,MHKI,129,129,126,128,287700
7/1/2025,MICE,462,480,462,480,38800
7/1/2025,MIDI,420,426,412,420,10583500
7/1/2025,MIKA,2540,2650,2520,2620,7143700
7/1/2025,MINA,83,110,83,110,706357100
7/1/2025,MINE,545,565,540,545,6142800
7/1/2025,MIRA,14,14,14,14,4342900
7/1/2025,MITI,183,183,180,180,392500
7/1/2025,MKAP,342,344,334,342,137600
7/1/2025,MKNT,0,0,0,0,0
7/1/2025,MKPI,22675,22675,22000,22375,11100
7/1/2025,MKTR,109,111,105,111,1057000
7/1/2025,MKTR-W,6,7,6,6,5392200
7/1/2025,MLBI,5775,5800,5700,5700,238000
7/1/2025,MLIA,292,294,288,290,3975000
7/1/2025,MLPL,95,96,93,94,13144100
7/1/2025,MLPT,35500,36000,35000,36000,6300
7/1/2025,MMIX,200,210,200,208,8814200
7/1/2025,MMLP,510,510,500,505,2041300
7/1/2025,MNCN,244,248,244,246,31774100
7/1/2025,MOLI,195,195,193,194,17700
7/1/2025,MORA,432,442,424,438,3900
7/1/2025,MPIX,59,62,59,59,1004000
7/1/2025,MPIX-W,8,8,8,8,20300
7/1/2025,MPMX,965,975,960,965,2331200
7/1/2025,MPOW,126,127,120,122,1896300
7/1/2025,MPPA,51,52,50,51,7420800
7/1/2025,MPRO,2180,2200,2150,2200,168400
7/1/2025,MPXL,126,134,119,119,46701900
7/1/2025,MRAT,254,256,248,250,69300
7/1/2025,MREI,795,825,760,815,319200
7/1/2025,MSIE,25,25,23,24,877900
7/1/2025,MSIN,530,530,510,520,18752400
7/1/2025,MSJA,304,306,300,300,20400
7/1/2025,MSKY,53,55,53,54,2613400
7/1/2025,MSTI,1355,1370,1345,1345,2095800
7/1/2025,MTDL,540,540,525,525,5167100
7/1/2025,MTEL,545,555,545,545,2911100
7/1/2025,MTFN,0,0,0,0,0
7/1/2025,MTLA,490,490,450,480,49100
7/1/2025,MTMH,880,880,865,865,47100
7/1/2025,MTPS,42,44,42,43,4089400
7/1/2025,MTRA,0,0,0,0,0
7/1/2025,MTSM,0,0,0,0,0
7/1/2025,MTWI,224,230,216,226,1809000
7/1/2025,MUTU,99,99,94,96,3615600
7/1/2025,MUTU-W,2,2,1,2,3406900
7/1/2025,MYOH,1750,1755,1750,1755,10100
7/1/2025,MYOR,2100,2200,2080,2170,21806000
7/1/2025,MYRX,0,0,0,0,0
7/1/2025,MYRXP,0,0,0,0,0
7/1/2025,MYTX,0,0,0,0,0
7/1/2025,NAIK,155,155,145,148,25133900
7/1/2025,NAIK-W,34,35,31,34,2737800
7/1/2025,NANO,24,24,22,22,61609000
7/1/2025,NASA,15,15,15,15,559100
7/1/2025,NASI,77,79,75,77,1481800
7/1/2025,NATO,145,155,140,141,5500
7/1/2025,NAYZ,40,42,39,41,898900
7/1/2025,NCKL,660,685,660,660,24978400
7/1/2025,NELY,380,380,378,378,784200
7/1/2025,NEST,308,314,306,312,6583000
7/1/2025,NETV,147,153,145,150,3273400
7/1/2025,NFCX,1740,1740,1630,1630,20000
7/1/2025,NICE,356,358,338,346,2201800
7/1/2025,NICK,1465,1500,1310,1430,9400
7/1/2025,NICL,1055,1095,985,1005,10395800
7/1/2025,NIKL,238,238,232,232,344200
7/1/2025,NINE,65,66,61,66,12391000
7/1/2025,NIPS,0,0,0,0,0
7/1/2025,NIRO,120,135,118,121,1130100
7/1/2025,NISP,1350,1355,1335,1345,1620100
7/1/2025,NOBU,840,860,770,780,41827400
7/1/2025,NPGF,28,28,27,28,172900
7/1/2025,NRCA,312,314,310,312,175500
7/1/2025,NSSS,320,324,316,320,2211600
7/1/2025,NTBK,50,50,50,50,27200
7/1/2025,NUSA,0,0,0,0,0
7/1/2025,NZIA,86,90,83,87,4461700
7/1/2025,OASA,0,0,0,0,0
7/1/2025,OBAT,342,368,342,360,5631200
7/1/2025,OBAT-W,41,45,40,44,4602700
7/1/2025,OBMD,192,198,182,192,877600
7/1/2025,OCAP,0,0,0,0,0
7/1/2025,OILS,100,102,99,100,64000
7/1/2025,OKAS,151,154,149,150,2184000
7/1/2025,OLIV,18,19,17,19,1645300
7/1/2025,OMED,176,178,174,178,2518400
7/1/2025,OMRE,0,0,0,0,0
7/1/2025,OPMS,72,72,69,71,5553100
7/1/2025,PACK,4040,4040,4040,4040,346000
7/1/2025,PADA,14,14,14,14,585000
7/1/2025,PADI,33,35,33,35,3556600
7/1/2025,PALM,350,356,340,350,52500
7/1/2025,PAMG,70,71,68,68,1775500
7/1/2025,PANI,11350,11550,11300,11350,2272200
7/1/2025,PANR,885,885,860,885,5513700
7/1/2025,PANS,1610,1610,1575,1610,354200
7/1/2025,PART,122,122,116,117,12911100
7/1/2025,PART-W,21,21,19,20,12507500
7/1/2025,PBID,494,500,494,494,392400
7/1/2025,PBRX,21,21,21,21,3388600
7/1/2025,PBSA,372,380,368,372,1515900
7/1/2025,PCAR,30,31,30,31,11376800
7/1/2025,PDES,420,424,420,422,48800
7/1/2025,PDPP,535,535,520,535,906000
7/1/2025,PEGE,112,114,110,112,119000
7/1/2025,PEHA,336,340,322,326,95200
7/1/2025,PEVE,326,328,324,328,190900
7/1/2025,PGAS,1630,1630,1570,1585,29652300
7/1/2025,PGASBQCU5A,0,0,0,0,0
7/1/2025,PGASBQCZ5A,0,0,0,0,0
7/1/2025,PGASDRCG6A,67,67,66,66,79500
7/1/2025,PGASDRCN5A,41,41,41,41,100
7/1/2025,PGASDRCQ5A,34,34,30,30,974900
7/1/2025,PGASHDCQ5A,0,0,0,0,0
7/1/2025,PGASYUCQ5A,72,72,72,72,100
7/1/2025,PGEO,1405,1435,1385,1385,75673700
7/1/2025,PGEODRCN5A,63,69,61,61,4503100
7/1/2025,PGEODRCQ5A,81,85,79,80,461200
7/1/2025,PGEOHDCQ5A,85,86,85,86,215100
7/1/2025,PGJO,0,0,0,0,0
7/1/2025,PGLI,115,130,112,116,272500
7/1/2025,PGUN,525,545,525,540,22200
7/1/2025,PICO,130,132,129,132,357000
7/1/2025,PIPA,63,65,59,65,12773400
7/1/2025,PJAA,476,478,472,472,41100
7/1/2025,PKPK,670,675,645,675,146900
7/1/2025,PLAN,45,45,41,45,452000
7/1/2025,PLAS,0,0,0,0,0
7/1/2025,PLIN,0,0,0,0,0
7/1/2025,PMJS,119,120,117,118,78300
7/1/2025,PMMP,0,0,0,0,0
7/1/2025,PNBN,1150,1155,1135,1140,7765700
7/1/2025,PNBS,50,50,50,50,113700
7/1/2025,PNGO,1800,1885,1755,1760,2500
7/1/2025,PNIN,940,940,920,920,146700
7/1/2025,PNLF,260,262,254,254,86991300
7/1/2025,PNLFYUCV5A,17,17,17,17,100
7/1/2025,PNSE,870,1055,870,970,678400
7/1/2025,POLA,16,16,15,15,143600
7/1/2025,POLI,0,0,0,0,0
7/1/2025,POLL,0,0,0,0,0
7/1/2025,POLU,0,0,0,0,0
7/1/2025,POLY,18,19,18,19,14300
7/1/2025,POOL,0,0,0,0,0
7/1/2025,PORT,840,875,840,875,4900
7/1/2025,POSA,0,0,0,0,0
7/1/2025,POWR,685,690,680,680,1237500
7/1/2025,PPGL,98,99,97,98,21400
7/1/2025,PPRE,58,58,57,58,1367000
7/1/2025,PPRI,171,172,168,171,21156400
7/1/2025,PPRO,0,0,0,0,0
7/1/2025,PRAS,0,0,0,0,0
7/1/2025,PRAY,600,630,600,605,33700
7/1/2025,PRDA,2750,2790,2750,2790,542400
7/1/2025,PRIM,57,58,56,57,3285300
7/1/2025,PSAB,462,484,454,474,188465400
7/1/2025,PSDN,77,78,76,77,85100
7/1/2025,PSGO,167,168,166,167,122400
7/1/2025,PSKT,32,33,32,33,1212800
7/1/2025,PSSI,348,358,342,344,110000
7/1/2025,PTBA,2470,2490,2440,2460,11130800
7/1/2025,PTBABQCV5A,0,0,0,0,0
7/1/2025,PTBADRCG6A,37,37,37,37,2600
7/1/2025,PTBADRCN5A,14,14,14,14,100
7/1/2025,PTBADRCQ5A,0,0,0,0,0
7/1/2025,PTBAHDCQ5A,84,84,84,84,167500
7/1/2025,PTDU,0,0,0,0,0
7/1/2025,PTIS,380,380,376,380,12500
7/1/2025,PTMP,95,96,87,93,87879900
7/1/2025,PTMR,0,0,0,0,0
7/1/2025,PTPP,440,448,432,432,20619200
7/1/2025,PTPS,86,88,85,88,5982800
7/1/2025,PTPW,915,920,905,905,28100
7/1/2025,PTRO,2760,2850,2720,2730,41436200
7/1/2025,PTSN,210,210,204,206,130800
7/1/2025,PTSP,855,885,850,855,12600
7/1/2025,PUDP,210,222,208,210,13300
7/1/2025,PURA,15,15,15,15,530200
7/1/2025,PURE,0,0,0,0,0
7/1/2025,PURI,185,193,181,187,82000
7/1/2025,PWON,376,378,370,372,13335800
7/1/2025,PYFA,242,242,234,234,8180400
7/1/2025,PYFA-W,73,73,70,72,262900
7/1/2025,PZZA,162,165,160,160,116900
7/1/2025,R-ABFII,0,0,0,0,0
7/1/2025,R-LQ45X,951,951,943,943,4400
7/1/2025,RAAM,270,282,270,278,9974900
7/1/2025,RAFI,0,0,0,0,0
7/1/2025,RAJA,2410,2460,2290,2320,22402000
7/1/2025,RALS,402,408,398,400,4327600
7/1/2025,RANC,420,420,420,420,600
7/1/2025,RATU,6750,6900,6525,6700,7158300
7/1/2025,RBMS,24,24,24,24,68900
7/1/2025,RCCC,107,107,104,105,5112700
7/1/2025,RDTX,12250,12250,12250,12250,100
7/1/2025,REAL,50,50,50,50,66640900
7/1/2025,RELF,20,20,18,20,1076800
7/1/2025,RELI,442,500,410,440,7000
7/1/2025,RGAS,114,115,113,113,13005800
7/1/2025,RICY,35,38,35,38,3600
7/1/2025,RIGS,785,785,755,780,31200
7/1/2025,RIMO,0,0,0,0,0
7/1/2025,RISE,1050,1050,1045,1050,499200
7/1/2025,RMKE,500,510,500,505,501200
7/1/2025,RMKO,108,109,102,102,1586500
7/1/2025,ROCK,228,228,228,228,17100
7/1/2025,RODA,36,36,36,36,2600
7/1/2025,RONY,0,0,0,0,0
7/1/2025,ROTI,820,820,810,820,574500
7/1/2025,RSCH,442,466,438,460,9233700
7/1/2025,RSGK,0,0,0,0,0
7/1/2025,RUIS,196,224,196,214,28834300
7/1/2025,RUNS,48,49,47,48,200600
7/1/2025,SAFE,240,240,208,212,1645600
7/1/2025,SAGE,14,14,14,14,70100
7/1/2025,SAME,250,250,244,250,501400
7/1/2025,SAMF,338,338,332,334,49900
7/1/2025,SAPX,268,270,262,268,138800
7/1/2025,SATU,220,226,218,226,6750300
7/1/2025,SBAT,0,0,0,0,0
7/1/2025,SBMA,117,118,116,116,141000
7/1/2025,SCCO,2030,2080,2030,2080,14400
7/1/2025,SCMA,151,154,151,151,37011800
7/1/2025,SCNP,152,156,152,153,2000
7/1/2025,SCPI,0,0,0,0,0
7/1/2025,SDMU,25,25,25,25,192300
7/1/2025,SDPC,126,129,126,127,70400
7/1/2025,SDRA,322,352,322,324,432100
7/1/2025,SEMA,85,86,82,83,876700
7/1/2025,SFAN,1915,1920,1915,1915,130600
7/1/2025,SGER,334,334,328,334,1060000
7/1/2025,SGRO,2450,2470,2410,2420,149800
7/1/2025,SHID,685,685,680,685,3800
7/1/2025,SHIP,2910,2930,2840,2930,18600
7/1/2025,SICO,112,118,111,116,10719500
7/1/2025,SIDO,500,505,486,488,42218900
7/1/2025,SILO,2350,2350,2210,2220,664900
7/1/2025,SIMA,0,0,0,0,0
7/1/2025,SIMP,505,510,482,500,32559000
7/1/2025,SINI,3870,4020,3870,4020,40800
7/1/2025,SIPD,700,700,700,700,7700
7/1/2025,SKBM,356,356,356,356,200
7/1/2025,SKLT,190,190,185,186,184300
7/1/2025,SKRN,450,450,432,440,114900
7/1/2025,SKYB,0,0,0,0,0
7/1/2025,SLIS,50,50,50,50,29300
7/1/2025,SLIS-W,7,8,7,8,427500
7/1/2025,SMAR,3470,3470,3410,3430,6600
7/1/2025,SMBR,300,300,284,288,16141300
7/1/2025,SMCB,0,0,0,0,0
7/1/2025,SMDM,930,940,880,880,141100
7/1/2025,SMDR,314,322,296,300,37774300
7/1/2025,SMGA,82,83,78,80,31495700
7/1/2025,SMGR,2700,2720,2650,2650,5207600
7/1/2025,SMGRBQCU5A,34,34,33,33,210900
7/1/2025,SMGRBQCZ5A,0,0,0,0,0
7/1/2025,SMGRDRCN5A,0,0,0,0,0
7/1/2025,SMGRDRCQ5A,8,8,8,8,20000
7/1/2025,SMGRDRCV5A,61,61,57,61,15700
7/1/2025,SMIL,204,214,202,208,90572600
7/1/2025,SMKL,159,162,154,160,245100
7/1/2025,SMKM,76,77,73,75,5738400
7/1/2025,SMLE,122,124,120,123,356100
7/1/2025,SMMA,15500,15500,15500,15500,300
7/1/2025,SMMT,895,895,865,880,900
7/1/2025,SMRA,382,384,372,376,22488000
7/1/2025,SMRU,0,0,0,0,0
7/1/2025,SMSM,1855,1915,1855,1915,278500
7/1/2025,SNLK,545,550,535,545,5727200
7/1/2025,SOCI,173,173,169,171,3448800
7/1/2025,SOFA,58,63,57,60,3892300
7/1/2025,SOHO,680,705,680,685,13000
7/1/2025,SOLA,140,140,137,137,3001100
7/1/2025,SONA,3440,3590,3350,3360,17900
7/1/2025,SOSS,442,442,430,438,400
7/1/2025,SOTS,294,294,268,272,28300
7/1/2025,SOUL,37,37,35,37,1310800
7/1/2025,SPMA,256,258,252,256,115000
7/1/2025,SPRE,75,82,75,82,2783100
7/1/2025,SPTO,660,665,655,655,82600
7/1/2025,SQMI,0,0,0,0,0
7/1/2025,SRAJ,3910,4560,3840,4000,1331800
7/1/2025,SRIL,0,0,0,0,0
7/1/2025,SRSN,50,50,50,50,2179800
7/1/2025,SRTG,1620,1625,1575,1575,3339400
7/1/2025,SSIA,1620,1715,1610,1680,83443500
7/1/2025,SSMS,1315,1345,1290,1300,9411300
7/1/2025,SSTM,170,174,170,172,118300
7/1/2025,STAA,795,795,775,775,12372500
7/1/2025,STAR,27,27,27,27,138500
7/1/2025,STRK,87,88,85,85,19707200
7/1/2025,STTP,10150,10150,10150,10150,200
7/1/2025,SUGI,0,0,0,0,0
7/1/2025,SULI,111,116,109,109,8901900
7/1/2025,SUNI,805,805,785,790,595900
7/1/2025,SUPR,0,0,0,0,0
7/1/2025,SURE,2340,2470,2330,2370,2200
7/1/2025,SURI,83,86,80,84,77688200
7/1/2025,SWAT,0,0,0,0,0
7/1/2025,SWID,59,61,58,59,84600
7/1/2025,TALF,302,302,274,296,27300
7/1/2025,TAMA,24,24,23,23,30300
7/1/2025,TAMU,15,15,15,15,14698200
7/1/2025,TAPG,995,1010,980,1000,17075900
7/1/2025,TARA,9,9,9,9,2398500
7/1/2025,TAXI,6,7,6,7,10820100
7/1/2025,TAYS,50,50,50,50,58200
7/1/2025,TBIG,2280,2280,2120,2120,314600
7/1/2025,TBLA,735,745,725,735,3442600
7/1/2025,TBMS,855,865,850,850,15900
7/1/2025,TCID,2350,2410,2320,2320,700
7/1/2025,TCPI,5550,5575,5425,5500,10004400
7/1/2025,TDPM,0,0,0,0,0
7/1/2025,TEBE,635,645,625,640,1012800
7/1/2025,TECH,0,0,0,0,0
7/1/2025,TELE,0,0,0,0,0
7/1/2025,TFAS,134,135,126,134,901900
7/1/2025,TFCO,0,0,0,0,0
7/1/2025,TGKA,5975,6000,5975,5975,1100
7/1/2025,TGRA,0,0,0,0,0
7/1/2025,TGUK,0,0,0,0,0
7/1/2025,TIFA,0,0,0,0,0
7/1/2025,TINS,1045,1060,1025,1025,15707000
7/1/2025,TIRA,1760,1805,1750,1805,26300
7/1/2025,TIRT,0,0,0,0,0
7/1/2025,TKIM,5625,5650,5500,5550,899700
7/1/2025,TLDN,575,575,565,570,192800
7/1/2025,TLKM,2800,2810,2760,2810,73029400
7/1/2025,TLKMBQCQ5A,0,0,0,0,0
7/1/2025,TLKMBQCV5A,104,104,104,104,2000
7/1/2025,TLKMDRCQ5A,44,44,44,44,25000
7/1/2025,TLKMDRCQ5B,91,91,91,91,100
7/1/2025,TLKMDRCX6A,0,0,0,0,0
7/1/2025,TLKMHDCQ5A,50,50,50,50,100
7/1/2025,TLKMHDCV5A,0,0,0,0,0
7/1/2025,TLKMYUCQ5A,90,90,88,88,200
7/1/2025,TLKMZPCF6A,81,81,81,81,5400
7/1/2025,TMAS,133,134,129,132,2154700
7/1/2025,TMPO,144,145,142,143,1448400
7/1/2025,TNCA,146,154,143,147,495400
7/1/2025,TOBA,745,800,740,750,155593300
7/1/2025,TOOL,50,51,50,50,163900
7/1/2025,TOPS,0,0,0,0,0
7/1/2025,TOSK,50,50,50,50,12800
7/1/2025,TOTL,700,700,685,690,1414100
7/1/2025,TOTO,224,226,224,224,402400
7/1/2025,TOWR,494,510,492,494,26547000
7/1/2025,TOYS,0,0,0,0,0
7/1/2025,TPIA,9925,10025,9850,10000,9057400
7/1/2025,TPMA,575,580,570,575,2843500
7/1/2025,TRAM,0,0,0,0,0
7/1/2025,TRGU,170,170,167,169,132600
7/1/2025,TRIL,0,0,0,0,0
7/1/2025,TRIM,332,348,332,346,300800
7/1/2025,TRIN,99,104,99,99,113000
7/1/2025,TRIN-W2,0,0,0,0,0
7/1/2025,TRIO,0,0,0,0,0
7/1/2025,TRIS,175,176,168,171,38000
7/1/2025,TRJA,128,129,125,125,185400
7/1/2025,TRON,97,101,97,101,285500
7/1/2025,TRST,478,480,472,480,2900
7/1/2025,TRUE,18,18,17,17,1763400
7/1/2025,TRUK,134,150,134,137,6220500
7/1/2025,TRUS,446,450,442,450,13500
7/1/2025,TSPC,2340,2340,2300,2320,569100
7/1/2025,TUGU,955,960,940,950,2208500
7/1/2025,TYRE,124,125,122,124,109100
7/1/2025,UANG,220,222,208,210,259000
7/1/2025,UCID,505,505,498,500,689200
7/1/2025,UDNG,1115,1115,1115,1115,705200
7/1/2025,UFOE,190,190,186,186,156100
7/1/2025,ULTJ,1350,1355,1320,1325,2623100
7/1/2025,UNIC,7850,7850,7800,7850,1700
7/1/2025,UNIQ,382,398,382,382,39652200
7/1/2025,UNIT,0,0,0,0,0
7/1/2025,UNSP,120,121,120,120,205500
7/1/2025,UNTD,79,80,78,80,8006300
7/1/2025,UNTR,21275,21500,21175,21475,3875500
7/1/2025,UNTRBQCV5A,0,0,0,0,0
7/1/2025,UNTRDRCG6A,94,96,93,96,14100
7/1/2025,UNTRDRCN5A,10,11,10,11,200
7/1/2025,UNTRDRCQ5A,24,27,24,27,8100
7/1/2025,UNTRHDCQ5A,0,0,0,0,0
7/1/2025,UNVR,1445,1485,1430,1470,22384600
7/1/2025,UNVRBQCQ5A,20,21,19,20,153400
7/1/2025,UNVRBQCU5A,24,27,23,27,67700
7/1/2025,UNVRBQCZ5A,78,81,76,81,2900
7/1/2025,UNVRDRCG6A,29,31,29,31,8300
7/1/2025,UNVRDRCN5A,11,13,10,11,2065900
7/1/2025,UNVRDRCQ5A,4,5,4,5,2812000
7/1/2025,UNVRHDCQ5A,0,0,0,0,0
7/1/2025,URBN,127,127,120,120,26200
7/1/2025,UVCR,77,78,76,76,3928500
7/1/2025,VAST,147,148,135,140,19972600
7/1/2025,VAST-W,14,15,13,13,6941000
7/1/2025,VERN,128,128,124,126,1502000
7/1/2025,VERN-W,4,5,4,4,18452200
7/1/2025,VICI,660,660,630,650,296600
7/1/2025,VICO,144,148,144,144,13500
7/1/2025,VINS,115,115,113,115,700
7/1/2025,VISI,150,150,139,140,115400
7/1/2025,VIVA,12,12,12,12,7446200
7/1/2025,VKTR,87,88,84,84,18977200
7/1/2025,VOKS,191,193,187,188,117600
7/1/2025,VRNA,73,74,72,72,418300
7/1/2025,VTNY,116,118,114,115,9476900
7/1/2025,WAPO,144,146,143,143,332200
7/1/2025,WEGE,52,53,50,51,31387500
7/1/2025,WEHA,102,103,100,100,1233000
7/1/2025,WGSH,177,183,174,181,1916600
7/1/2025,WICO,0,0,0,0,0
7/1/2025,WIDI,18,19,17,18,2500000
7/1/2025,WIFI,2020,2030,1985,1995,28492600
7/1/2025,WIIM,780,820,760,810,3447000
7/1/2025,WIKA,0,0,0,0,0
7/1/2025,WINE,226,234,218,226,409200
7/1/2025,WINR,27,27,26,26,492400
7/1/2025,WINS,358,366,352,366,4290100
7/1/2025,WIRG,80,81,78,79,94601000
7/1/2025,WMPP,0,0,0,0,0
7/1/2025,WMUU,0,0,0,0,0
7/1/2025,WOMF,346,350,344,348,494800
7/1/2025,WOOD,358,378,358,366,929500
7/1/2025,WOWS,54,55,54,55,2172600
7/1/2025,WSBP,13,13,13,13,7097400
7/1/2025,WSKT,0,0,0,0,0
7/1/2025,WTON,87,88,85,86,2250300
7/1/2025,XAQA,0,0,0,0,0
7/1/2025,XBES,981,981,981,981,10000
7/1/2025,XBID,488,488,488,488,40000
7/1/2025,XBIG,0,0,0,0,0
7/1/2025,XBIN,547,547,547,547,40000
7/1/2025,XBLQ,0,0,0,0,0
7/1/2025,XBNI,0,0,0,0,0
7/1/2025,XBSK,424,424,421,421,42300
7/1/2025,XCEG,100,100,100,100,100
7/1/2025,XCID,0,0,0,0,0
7/1/2025,XCIS,50,52,50,50,17600
7/1/2025,XCLQ,86,86,85,85,10600
7/1/2025,XDIF,0,0,0,0,0
7/1/2025,XIFE,106,106,106,106,100
7/1/2025,XIHD,601,601,601,601,200
7/1/2025,XIIC,0,0,0,0,0
7/1/2025,XIID,466,466,466,466,59100
7/1/2025,XIIF,449,449,448,448,2000
7/1/2025,XIIT,499,499,490,490,11600
7/1/2025,XIJI,578,578,570,570,400
7/1/2025,XILV,0,0,0,0,0
7/1/2025,XIML,249,249,249,249,100300
7/1/2025,XIPB,198,198,198,198,500
7/1/2025,XIPI,0,0,0,0,0
7/1/2025,XISB,512,512,512,512,200
7/1/2025,XISC,760,760,760,760,200
7/1/2025,XISI,320,320,320,320,200
7/1/2025,XISR,421,421,421,421,100
7/1/2025,XKID,903,903,903,903,100
7/1/2025,XKIV,518,518,516,516,40100
7/1/2025,XKMS,1138,1138,1130,1130,200000
7/1/2025,XMGB,1092,1092,1092,1092,100
7/1/2025,XMIG,207,207,207,207,100
7/1/2025,XMLF,858,858,847,847,41000
7/1/2025,XMSK,366,366,362,364,6300
7/1/2025,XNVE,0,0,0,0,0
7/1/2025,XPDV,0,0,0,0,0
7/1/2025,XPFT,0,0,0,0,0
7/1/2025,XPIN,596,598,589,591,18300
7/1/2025,XPLQ,0,0,0,0,0
7/1/2025,XPSG,0,0,0,0,0
7/1/2025,XPTD,423,423,423,423,100
7/1/2025,XSBC,70,70,70,70,300
7/1/2025,XSPI,0,0,0,0,0
7/1/2025,XSSI,50,55,48,52,380500
7/1/2025,XSSK,655,655,655,655,20000
7/1/2025,YELO,19,19,18,19,853500
7/1/2025,YOII,95,96,95,96,3667000
7/1/2025,YPAS,270,270,270,270,100
7/1/2025,YULE,0,0,0,0,0
7/1/2025,YUPI,2250,2280,2140,2190,501900
7/1/2025,ZATA,9,9,9,9,1659800
7/1/2025,ZBRA,0,0,0,0,0
7/1/2025,ZINC,13,13,13,13,2010700
7/1/2025,ZONE,815,815,810,815,123300
7/1/2025,ZYRX,140,150,139,143,9503300
