<date>,<ticker>,<open>,<high>,<low>,<close>,<volume>
9/19/2025,IHSG,7996.196,8051.118,7983.357,8051.118,47328288000
9/19/2025,AADI,7000,7150,7000,7100,9448100
9/19/2025,AADIHDCK6A,75,77,75,76,600
9/19/2025,AALI,7925,7950,7700,7850,1739100
9/19/2025,ABBA,62,62,62,62,37182300
9/19/2025,ABDA,0,0,0,0,0
9/19/2025,ABMM,2890,2900,2860,2890,1252200
9/19/2025,ACES,436,438,432,432,17802300
9/19/2025,ACESBQCV5A,8,10,6,6,15255100
9/19/2025,ACESBQCX5B,10,10,8,9,5363500
9/19/2025,ACESBQCZ5A,17,17,16,16,206100
9/19/2025,ACESDRCJ6A,13,14,12,13,272500
9/19/2025,ACESHDCZ5A,0,0,0,0,0
9/19/2025,ACESZPCJ6A,0,0,0,0,0
9/19/2025,ACRO,85,86,83,85,4921200
9/19/2025,ACRO-W,12,12,10,11,6301500
9/19/2025,ACST,138,139,135,136,2900600
9/19/2025,ADCP,63,63,60,60,45242900
9/19/2025,ADES,13100,13500,12975,13350,12200
9/19/2025,ADHI,294,294,284,286,15791700
9/19/2025,ADMF,8975,9000,8925,8950,22900
9/19/2025,ADMG,139,140,136,138,1007700
9/19/2025,ADMR,1015,1025,990,990,40560600
9/19/2025,ADMRDRCJ6A,31,31,31,31,100
9/19/2025,ADMRHDCJ6A,0,0,0,0,0
9/19/2025,ADMRZPCH6A,0,0,0,0,0
9/19/2025,ADRO,1645,1665,1630,1665,89103600
9/19/2025,ADROBQCG6A,0,0,0,0,0
9/19/2025,ADROBQCU5A,7,11,3,5,50676200
9/19/2025,ADROBQCZ5A,10,11,9,10,4138400
9/19/2025,ADRODRCJ6A,47,47,47,47,42100
9/19/2025,ADRODRCX5A,28,29,28,28,454100
9/19/2025,ADROHDCZ5A,42,42,41,41,200
9/19/2025,ADROHDPH6A,135,135,135,135,100
9/19/2025,ADROYUCZ5A,54,54,54,54,100
9/19/2025,ADROZPCF6A,22,22,21,22,101300
9/19/2025,ADROZPCK6A,0,0,0,0,0
9/19/2025,AEGS,49,52,47,52,123638100
9/19/2025,AGAR,258,260,252,252,98200
9/19/2025,AGII,805,825,800,820,1305900
9/19/2025,AGRO,244,248,240,240,8239600
9/19/2025,AGRS,83,83,79,80,18439900
9/19/2025,AHAP,77,79,76,77,8429900
9/19/2025,AIMS,340,340,340,340,21400
9/19/2025,AISA,153,161,145,148,81712400
9/19/2025,AKKU,0,0,0,0,0
9/19/2025,AKPI,625,625,550,585,178500
9/19/2025,AKRA,1240,1245,1205,1225,11234400
9/19/2025,AKRABQCX5B,0,0,0,0,0
9/19/2025,AKRADRCX5A,31,31,31,31,600
9/19/2025,AKRAHDCH6A,0,0,0,0,0
9/19/2025,AKRAZPCJ6A,0,0,0,0,0
9/19/2025,AKRAZPCX5A,0,0,0,0,0
9/19/2025,AKSI,302,304,290,302,1205500
9/19/2025,ALDO,496,500,492,500,117800
9/19/2025,ALII,550,690,530,530,16862900
9/19/2025,ALKA,312,320,310,316,1300
9/19/2025,ALMI,0,0,0,0,0
9/19/2025,ALTO,0,0,0,0,0
9/19/2025,AMAG,368,368,356,356,144600
9/19/2025,AMAN,140,170,133,170,57571900
9/19/2025,AMAR,208,212,206,208,1095400
9/19/2025,AMFG,3290,3400,3290,3380,2000
9/19/2025,AMIN,216,218,214,216,658000
9/19/2025,AMMN,8075,8125,7675,7675,380252900
9/19/2025,AMMNBQCZ5A,33,34,33,34,6000
9/19/2025,AMMNDRCJ6A,66,67,66,66,282600
9/19/2025,AMMNHDCH6A,0,0,0,0,0
9/19/2025,AMMNZPCG6A,0,0,0,0,0
9/19/2025,AMMS,210,220,180,220,23254700
9/19/2025,AMOR,470,478,460,468,86600
9/19/2025,AMRT,2020,2030,1995,2000,63295700
9/19/2025,AMRTBQCU5A,7,8,2,5,71333100
9/19/2025,AMRTDRCZ5A,24,24,24,24,400
9/19/2025,AMRTHDCJ6A,18,18,18,18,100
9/19/2025,AMRTZPCK6A,24,24,23,23,5900
9/19/2025,AMRTZPCX5A,39,39,39,39,200
9/19/2025,ANDI,36,36,36,36,27722700
9/19/2025,ANJT,1795,1800,1790,1800,1798200
9/19/2025,ANTM,3420,3580,3420,3450,164297600
9/19/2025,ANTMBQCU5A,378,386,378,386,2800
9/19/2025,ANTMBQCX5A,94,104,93,93,2432000
9/19/2025,ANTMBQCZ5A,0,0,0,0,0
9/19/2025,ANTMDRCG6A,64,70,64,64,2010000
9/19/2025,ANTMDRCX5A,374,374,370,370,1600
9/19/2025,ANTMDRPZ5A,36,36,31,34,154600
9/19/2025,ANTMHDCH6A,112,112,112,112,64000
9/19/2025,ANTMHDCH6B,161,161,160,160,64700
9/19/2025,ANTMHDCU5A,118,138,100,100,615900
9/19/2025,ANTMHDPH6A,60,61,57,61,28900
9/19/2025,ANTMZPCJ6A,108,108,99,99,3600
9/19/2025,ANTMZPCK6A,41,44,41,43,275800
9/19/2025,ANTMZPCX5A,0,0,0,0,0
9/19/2025,APEX,121,122,118,119,25968100
9/19/2025,APIC,1140,1170,1140,1170,7854700
9/19/2025,APII,183,183,181,181,64100
9/19/2025,APLI,496,496,478,496,1100
9/19/2025,APLN,106,106,103,104,8552900
9/19/2025,ARCI,895,910,885,885,27118100
9/19/2025,AREA,510,510,500,505,466100
9/19/2025,ARGO,1230,1255,1225,1240,57000
9/19/2025,ARII,274,278,252,272,97600
9/19/2025,ARKA,46,50,46,50,7353500
9/19/2025,ARKO,1755,1890,1730,1850,2227000
9/19/2025,ARMY,0,0,0,0,0
9/19/2025,ARNA,550,560,550,555,1186000
9/19/2025,ARTA,3250,3250,2860,3080,5000
9/19/2025,ARTI,0,0,0,0,0
9/19/2025,ARTO,2220,2240,2130,2240,7997100
9/19/2025,ARTOBQCU5A,7,7,3,4,29761200
9/19/2025,ARTOBQCX5B,0,0,0,0,0
9/19/2025,ARTOBQCZ5A,20,20,19,19,175400
9/19/2025,ARTODRCK6A,75,75,75,75,100
9/19/2025,ARTODRCX5A,51,51,51,51,900
9/19/2025,ARTOHDCZ5A,0,0,0,0,0
9/19/2025,ARTOZPCK6A,48,48,48,48,2500000
9/19/2025,ARTOZPCX5A,53,53,52,52,150000
9/19/2025,ASBI,442,476,436,454,187300
9/19/2025,ASDM,540,540,520,530,105200
9/19/2025,ASGR,1225,1250,1190,1225,349000
9/19/2025,ASHA,59,71,59,71,55616500
9/19/2025,ASII,5575,5750,5575,5725,52162200
9/19/2025,ASIIBQCU5A,13,18,13,16,2257500
9/19/2025,ASIIBQCZ5A,0,0,0,0,0
9/19/2025,ASIIDRCX5A,130,130,130,130,100
9/19/2025,ASIIDRCX6A,0,0,0,0,0
9/19/2025,ASIIHDCZ5A,161,161,161,161,1000
9/19/2025,ASIIZPCJ6A,0,0,0,0,0
9/19/2025,ASJT,115,116,114,114,165300
9/19/2025,ASLC,98,98,93,93,75030000
9/19/2025,ASLI,0,0,0,0,0
9/19/2025,ASMI,36,39,36,39,10514100
9/19/2025,ASPI,0,0,0,0,0
9/19/2025,ASPR,96,97,95,95,3536300
9/19/2025,ASRI,179,179,169,169,63023300
9/19/2025,ASRM,276,276,274,276,68500
9/19/2025,ASSA,915,915,885,890,3845900
9/19/2025,ATAP,72,72,72,72,2815200
9/19/2025,ATIC,442,452,440,448,335500
9/19/2025,ATLA,71,77,68,71,1394036700
9/19/2025,AUTO,2330,2410,2280,2410,3488300
9/19/2025,AUTOZPCJ6A,46,46,32,32,4200
9/19/2025,AVIA,406,412,402,402,27804800
9/19/2025,AVIAZPCJ6A,16,17,16,16,55100
9/19/2025,AWAN,256,258,250,254,18027300
9/19/2025,AXIO,130,131,128,129,1611800
9/19/2025,AYAM,175,180,173,176,114591500
9/19/2025,AYLS,115,119,112,115,8284100
9/19/2025,BABP,60,60,57,59,22353200
9/19/2025,BABY,318,318,308,312,11699100
9/19/2025,BACA,136,137,135,137,919900
9/19/2025,BAIK,103,105,100,101,1288500
9/19/2025,BAIK-W,12,12,10,12,4089800
9/19/2025,BAJA,147,148,138,139,3264000
9/19/2025,BALI,1335,1350,1305,1330,17100
9/19/2025,BANK,805,810,795,805,3852100
9/19/2025,BANK-W,0,0,0,0,0
9/19/2025,BAPA,82,83,76,76,11194900
9/19/2025,BAPI,42,42,40,40,24287800
9/19/2025,BATA,54,54,54,54,87500
9/19/2025,BATR,108,109,105,105,4763800
9/19/2025,BAUT,40,40,37,38,12972300
9/19/2025,BAYU,1285,1290,1275,1290,747700
9/19/2025,BBCA,7650,7825,7650,7800,149025300
9/19/2025,BBCABQCG6A,62,65,62,65,3900
9/19/2025,BBCABQCV5A,13,16,8,12,13866800
9/19/2025,BBCABQCX5A,12,12,10,12,17997000
9/19/2025,BBCADRCF6A,33,35,32,34,108800
9/19/2025,BBCADRCX6A,3490,3530,3470,3530,12100
9/19/2025,BBCAHDCQ7A,52,55,52,55,2400
9/19/2025,BBCAHDCV5A,26,26,24,24,2000
9/19/2025,BBCAZPCF6A,21,23,21,23,14900
9/19/2025,BBCAZPCH6A,71,74,71,74,17700
9/19/2025,BBHI,1590,1590,1530,1535,1177400
9/19/2025,BBKP,77,78,75,76,107767500
9/19/2025,BBLD,865,900,865,900,205500
9/19/2025,BBMD,2100,2130,2100,2130,400
9/19/2025,BBNI,4250,4290,4210,4270,100584800
9/19/2025,BBNIBQCG6A,0,0,0,0,0
9/19/2025,BBNIBQCU5A,9,9,5,5,28597900
9/19/2025,BBNIBQCV5A,32,32,25,26,156900
9/19/2025,BBNIDRCX6A,2320,2320,2320,2320,1000
9/19/2025,BBNIDRCZ5A,53,53,51,53,5075600
9/19/2025,BBNIDRPZ5A,66,66,66,66,15200
9/19/2025,BBNIHDCQ7A,85,85,85,85,100
9/19/2025,BBNIYUCV5A,37,37,37,37,200
9/19/2025,BBNIZPCH6A,96,96,96,96,75000
9/19/2025,BBNIZPCX5A,0,0,0,0,0
9/19/2025,BBRI,4230,4250,4180,4250,211373200
9/19/2025,BBRIBQCJ6A,78,78,77,78,10600
9/19/2025,BBRIBQCU5A,10,13,4,5,45255300
9/19/2025,BBRIBQCZ5A,98,98,91,92,1400
9/19/2025,BBRIDRCX5A,174,174,174,174,200
9/19/2025,BBRIDRCX6A,0,0,0,0,0
9/19/2025,BBRIDRPZ5A,47,49,47,47,180700
9/19/2025,BBRIHDCH6A,0,0,0,0,0
9/19/2025,BBRIHDCQ7A,0,0,0,0,0
9/19/2025,BBRIYUCV5A,118,122,118,122,5100
9/19/2025,BBRIZPCH6A,111,111,109,110,8600
9/19/2025,BBRIZPCX5A,94,94,94,94,1300
9/19/2025,BBRM,87,88,85,87,5525000
9/19/2025,BBSI,3630,4050,3630,4050,11800
9/19/2025,BBSS,324,350,324,344,378200
9/19/2025,BBTN,1325,1345,1320,1335,27934400
9/19/2025,BBTNHDCZ5A,121,124,121,124,683600
9/19/2025,BBTNYUCZ5A,79,79,79,79,700
9/19/2025,BBTNZPCG6A,57,57,56,57,200200
9/19/2025,BBYB,334,334,318,318,97347600
9/19/2025,BCAP,71,71,68,68,54830000
9/19/2025,BCIC,0,0,0,0,0
9/19/2025,BCIP,102,107,102,105,26548200
9/19/2025,BDKR,158,162,155,162,18667800
9/19/2025,BDMN,2420,2480,2360,2360,21817200
9/19/2025,BEBS,0,0,0,0,0
9/19/2025,BEEF,316,322,314,316,5744700
9/19/2025,BEER,106,108,104,107,539700
9/19/2025,BEKS,30,30,30,30,195517800
9/19/2025,BELI,370,370,368,370,51100
9/19/2025,BELL,68,68,65,67,19873600
9/19/2025,BESS,1110,1130,1045,1090,71400
9/19/2025,BEST,117,118,112,113,25103800
9/19/2025,BFIN,790,790,770,770,5424000
9/19/2025,BFINDRCK6A,27,27,27,27,100
9/19/2025,BGTG,108,110,104,106,22690900
9/19/2025,BHAT,885,885,870,885,1567100
9/19/2025,BHIT,41,41,40,40,10383500
9/19/2025,BIKA,0,0,0,0,0
9/19/2025,BIKE,1035,1045,1020,1035,7170400
9/19/2025,BIMA,80,82,80,82,139400
9/19/2025,BINA,4490,4500,4490,4500,2700
9/19/2025,BINO,126,132,126,128,491000
9/19/2025,BIPI,85,88,83,83,184264700
9/19/2025,BIPP,50,51,50,51,712100
9/19/2025,BIRD,1805,1875,1785,1875,1149000
9/19/2025,BISI,900,905,870,890,675000
9/19/2025,BJBR,765,770,760,760,2876900
9/19/2025,BJTM,510,515,505,515,10323900
9/19/2025,BKDP,53,53,48,53,2425300
9/19/2025,BKSL,136,137,132,136,168397200
9/19/2025,BKSW,71,72,69,69,9498300
9/19/2025,BLES,163,166,161,162,2753500
9/19/2025,BLOG,525,530,515,515,2068700
9/19/2025,BLTA,42,42,40,40,7235500
9/19/2025,BLTZ,2680,2710,2680,2710,4400
9/19/2025,BLUE,0,0,0,0,0
9/19/2025,BMAS,785,785,765,765,27700
9/19/2025,BMBL,63,68,63,68,19717300
9/19/2025,BMHS,173,174,169,172,5040900
9/19/2025,BMRI,4350,4420,4330,4380,235975900
9/19/2025,BMRIBQCJ6A,59,59,59,59,200
9/19/2025,BMRIBQCU5A,6,9,3,4,46904900
9/19/2025,BMRIBQCZ5A,21,21,17,17,366300
9/19/2025,BMRIDRCX5A,39,39,38,38,595100
9/19/2025,BMRIDRCX6A,2020,2020,2020,2020,100
9/19/2025,BMRIHDCQ7A,0,0,0,0,0
9/19/2025,BMRIZPCH6A,48,49,48,49,1600
9/19/2025,BMRIZPCX5A,22,22,21,22,18300
9/19/2025,BMSR,320,320,294,310,190300
9/19/2025,BMTR,140,141,137,138,30843000
9/19/2025,BNBA,715,715,690,705,362600
9/19/2025,BNBR,51,56,51,56,99496500
9/19/2025,BNGA,1720,1730,1700,1705,3987200
9/19/2025,BNGADRCK6A,0,0,0,0,0
9/19/2025,BNGAZPCH6A,0,0,0,0,0
9/19/2025,BNII,210,212,208,212,609500
9/19/2025,BNLI,3970,4150,3840,4150,1164800
9/19/2025,BOAT,135,136,130,132,5354100
9/19/2025,BOBA,181,202,175,177,1676700
9/19/2025,BOGA,540,540,520,520,229500
9/19/2025,BOLA,188,192,186,190,577100
9/19/2025,BOLT,1040,1045,1040,1045,3200
9/19/2025,BOSS,0,0,0,0,0
9/19/2025,BPFI,338,340,330,330,10800
9/19/2025,BPII,550,565,550,560,126200
9/19/2025,BPTR,98,99,96,97,109800
9/19/2025,BRAM,5325,5375,5300,5300,3000
9/19/2025,BREN,9125,9125,8800,9050,38933800
9/19/2025,BRIS,2610,2640,2590,2610,15916000
9/19/2025,BRISBQCZ5A,0,0,0,0,0
9/19/2025,BRISDRCJ6A,41,41,41,41,100
9/19/2025,BRISHDCH6A,0,0,0,0,0
9/19/2025,BRISHDCZ5A,87,87,86,86,2000000
9/19/2025,BRISYUCV5A,45,45,45,45,100
9/19/2025,BRISZPCG6A,0,0,0,0,0
9/19/2025,BRMS,560,650,535,650,4942216800
9/19/2025,BRMSBQCZ5A,0,0,0,0,0
9/19/2025,BRMSDRCJ6A,64,64,59,62,2051900
9/19/2025,BRMSDRPX5A,12,13,10,11,4251300
9/19/2025,BRMSHDCH6A,0,0,0,0,0
9/19/2025,BRMSHDCZ5A,204,300,204,300,103700
9/19/2025,BRMSYUCV5A,46,48,41,41,338300
9/19/2025,BRMSZPCG6A,0,0,0,0,0
9/19/2025,BRNA,730,735,710,735,29300
9/19/2025,BRPT,2870,3160,2850,3000,472483100
9/19/2025,BRPTBQCV5A,625,650,625,650,200
9/19/2025,BRPTBQCX5B,157,195,151,172,285800
9/19/2025,BRPTBQCZ5A,1030,1030,1030,1030,200
9/19/2025,BRPTDRCF6A,290,310,286,292,36100
9/19/2025,BRPTDRCJ6A,162,183,153,167,1881800
9/19/2025,BRPTDRCX5A,342,350,338,348,400200
9/19/2025,BRPTDRPV5A,7,7,5,6,21644400
9/19/2025,BRPTHDCH6A,252,260,248,254,231900
9/19/2025,BRPTHDCH6B,220,242,220,224,348300
9/19/2025,BRPTHDPG6A,166,166,144,155,104200
9/19/2025,BRPTYUCZ5A,194,216,194,202,61900
9/19/2025,BRPTZPCF6A,352,352,350,350,5100
9/19/2025,BRPTZPCK6A,61,68,60,62,658300
9/19/2025,BRPTZPCX5A,454,454,454,454,400
9/19/2025,BRRC,80,81,77,79,11787300
9/19/2025,BRRC-W,15,15,14,14,3680600
9/19/2025,BSBK,86,92,83,88,335726000
9/19/2025,BSDE,1045,1060,1000,1020,49956800
9/19/2025,BSDEDRCJ6A,40,42,40,41,477200
9/19/2025,BSDEZPCH6A,0,0,0,0,0
9/19/2025,BSIM,895,895,870,885,82100
9/19/2025,BSML,110,111,108,110,22802600
9/19/2025,BSSR,3920,3930,3910,3930,238600
9/19/2025,BSWD,0,0,0,0,0
9/19/2025,BTEK,33,33,33,33,8709600
9/19/2025,BTEL,0,0,0,0,0
9/19/2025,BTON,384,384,370,380,7300
9/19/2025,BTPN,2080,2180,1900,2060,250000
9/19/2025,BTPS,1460,1460,1420,1435,7719500
9/19/2025,BTPSDRCK6A,49,49,49,49,200
9/19/2025,BTPSHDCJ6A,0,0,0,0,0
9/19/2025,BTPSZPCH6A,40,40,40,40,20000
9/19/2025,BUAH,1420,1440,1400,1410,53300
9/19/2025,BUDI,216,218,214,216,2300
9/19/2025,BUKA,165,176,161,175,1347521900
9/19/2025,BUKABQCZ5B,15,17,15,17,298000
9/19/2025,BUKADRCK6A,16,22,16,22,1029100
9/19/2025,BUKAHDCZ5A,120,120,116,120,11400
9/19/2025,BUKK,970,975,900,965,230200
9/19/2025,BULL,190,193,179,181,376713900
9/19/2025,BUMI,113,114,111,114,2767238100
9/19/2025,BUVA,452,458,416,428,332305200
9/19/2025,BVIC,115,117,111,111,10579900
9/19/2025,BVIC-W,46,46,43,45,27600
9/19/2025,BWPT,153,156,147,148,221145800
9/19/2025,BYAN,18200,18250,18200,18250,42500
9/19/2025,CAKK,168,169,159,162,2352700
9/19/2025,CAMP,212,214,210,212,899500
9/19/2025,CANI,55,55,54,54,1748300
9/19/2025,CARE,300,302,296,302,17187800
9/19/2025,CARS,126,140,125,139,283307100
9/19/2025,CASA,1160,1175,1155,1165,5747700
9/19/2025,CASH,147,147,140,147,6637800
9/19/2025,CASS,2620,2700,2610,2670,7100
9/19/2025,CBDK,6075,6100,6025,6075,2083700
9/19/2025,CBMF,0,0,0,0,0
9/19/2025,CBPE,194,195,191,195,293800
9/19/2025,CBRE,0,0,0,0,0
9/19/2025,CBUT,1645,1655,1595,1610,98200
9/19/2025,CCSI,350,360,340,360,655800
9/19/2025,CDIA,1530,1620,1515,1550,439554900
9/19/2025,CEKA,2610,2690,2600,2610,35800
9/19/2025,CENT,123,125,120,122,11060100
9/19/2025,CFIN,316,316,312,312,437400
9/19/2025,CGAS,150,153,149,150,5606600
9/19/2025,CHEK,200,200,195,195,16146100
9/19/2025,CHEM,101,101,97,99,3864800
9/19/2025,CHIP,1425,1485,1425,1470,127300
9/19/2025,CINT,159,162,158,159,79000
9/19/2025,CITA,4100,4110,4080,4090,131600
9/19/2025,CITY,120,120,112,117,3839500
9/19/2025,CLAY,0,0,0,0,0
9/19/2025,CLEO,525,530,515,515,10540800
9/19/2025,CLPI,1250,1260,1240,1250,41800
9/19/2025,CMNP,1335,1340,1315,1320,62800
9/19/2025,CMNP-W,350,388,350,350,2800
9/19/2025,CMNT,820,820,795,795,36456600
9/19/2025,CMPP,95,95,95,95,222400
9/19/2025,CMRY,4820,4840,4720,4840,1910400
9/19/2025,CMRYDRCK6A,0,0,0,0,0
9/19/2025,CMRYZPCJ6A,0,0,0,0,0
9/19/2025,CNKO,95,95,94,94,30354200
9/19/2025,CNMA,129,131,126,130,50013500
9/19/2025,CNTB,0,0,0,0,0
9/19/2025,CNTX,0,0,0,0,0
9/19/2025,COAL,78,78,73,78,169755100
9/19/2025,COCO,452,472,436,452,4435300
9/19/2025,COIN,2270,2380,2210,2300,40069900
9/19/2025,COWL,0,0,0,0,0
9/19/2025,CPIN,4930,5075,4860,5075,15274500
9/19/2025,CPINDRCG6A,83,83,83,83,100
9/19/2025,CPINZPCJ6A,0,0,0,0,0
9/19/2025,CPRI,0,0,0,0,0
9/19/2025,CPRO,59,60,58,59,136762100
9/19/2025,CRAB,240,242,238,242,1675400
9/19/2025,CRSN,115,115,110,110,776500
9/19/2025,CSAP,302,302,296,298,23500
9/19/2025,CSIS,138,183,138,183,56265500
9/19/2025,CSMI,338,390,330,368,18665100
9/19/2025,CSRA,855,870,845,855,1820100
9/19/2025,CTBN,5100,5100,5100,5100,1200
9/19/2025,CTRA,965,965,930,935,31593800
9/19/2025,CTRADRCJ6A,22,22,20,21,893200
9/19/2025,CTRAHDCK6A,0,0,0,0,0
9/19/2025,CTRAYUCZ5A,46,46,46,46,100
9/19/2025,CTRAZPCG6A,0,0,0,0,0
9/19/2025,CTTH,44,44,43,43,961500
9/19/2025,CUAN,1590,1600,1550,1590,138605600
9/19/2025,CYBR,980,1045,960,1045,17457000
9/19/2025,CYBR-W,595,635,595,610,12000
9/19/2025,DAAZ,2950,2990,2850,2920,402000
9/19/2025,DADA,103,103,103,103,10470600
9/19/2025,DART,166,177,165,165,1184400
9/19/2025,DATA,4430,4700,4430,4700,2806800
9/19/2025,DAYA,1015,1025,1000,1025,4600
9/19/2025,DCII,299100,300150,296025,299100,5600
9/19/2025,DEAL,0,0,0,0,0
9/19/2025,DEFI,418,418,418,418,829100
9/19/2025,DEPO,222,242,220,230,3104500
9/19/2025,DEWA,216,220,214,214,141667200
9/19/2025,DEWI,104,104,102,104,76903800
9/19/2025,DFAM,87,91,87,89,4540600
9/19/2025,DGIK,96,97,95,95,2271900
9/19/2025,DGNS,141,145,140,142,2041100
9/19/2025,DGWG,408,412,406,408,9388100
9/19/2025,DIGI,49,49,49,49,11532700
9/19/2025,DILD,138,139,136,138,6852400
9/19/2025,DIVA,130,133,124,129,2067000
9/19/2025,DKFT,710,735,690,700,33297900
9/19/2025,DKHH,106,106,102,102,12496000
9/19/2025,DKHH-W,16,17,15,16,2262200
9/19/2025,DLTA,2000,2040,1995,2000,38300
9/19/2025,DMAS,138,138,136,136,42623300
9/19/2025,DMMX,388,390,382,382,1790000
9/19/2025,DMND,580,590,570,585,28200
9/19/2025,DNAR,121,122,119,121,3283600
9/19/2025,DNET,9175,9325,9075,9100,16700
9/19/2025,DOID,352,358,342,344,9543900
9/19/2025,DOOH,157,159,152,152,115966700
9/19/2025,DOSS,184,186,178,178,7550800
9/19/2025,DPNS,342,352,336,346,138300
9/19/2025,DPUM,69,71,68,69,3254700
9/19/2025,DRMA,1005,1005,990,995,305900
9/19/2025,DSFI,86,86,84,84,11345500
9/19/2025,DSNG,1550,1610,1515,1610,23388500
9/19/2025,DSNGDRCK6A,75,77,75,77,600
9/19/2025,DSSA,110000,114150,107800,114150,37348400
9/19/2025,DUCK,0,0,0,0,0
9/19/2025,DUTI,4330,4400,4250,4360,8000
9/19/2025,DVLA,1625,1625,1610,1615,2300
9/19/2025,DWGL,0,0,0,0,0
9/19/2025,DYAN,88,91,87,89,5053700
9/19/2025,EAST,93,94,93,93,1528800
9/19/2025,ECII,191,202,190,199,676900
9/19/2025,EDGE,4270,4270,4160,4240,18000
9/19/2025,EKAD,188,190,185,185,754300
9/19/2025,ELIT,183,183,178,180,4966600
9/19/2025,ELPI,386,392,368,382,722000
9/19/2025,ELSA,494,496,490,490,9696100
9/19/2025,ELSADRCJ6A,0,0,0,0,0
9/19/2025,ELSAZPCG6A,31,31,31,31,175000
9/19/2025,ELTY,22,22,22,22,75870000
9/19/2025,EMDE,101,102,99,100,2504300
9/19/2025,EMTK,1245,1265,1215,1225,147564000
9/19/2025,EMTKBQCZ5A,0,0,0,0,0
9/19/2025,EMTKDRCK6A,63,63,58,60,5000
9/19/2025,EMTKHDCZ5A,0,0,0,0,0
9/19/2025,EMTKYUCV5A,161,161,160,160,8100
9/19/2025,EMTKZPCH6A,158,158,154,154,18300
9/19/2025,ENAK,700,700,685,700,332300
9/19/2025,ENRG,640,670,625,630,93764200
9/19/2025,ENRGBQCZ5A,31,31,31,31,900
9/19/2025,ENRGDRCJ6A,96,99,90,90,3003400
9/19/2025,ENRGHDCK6A,48,49,44,44,3000900
9/19/2025,ENRGHDCZ5A,0,0,0,0,0
9/19/2025,ENRGZPCG6A,0,0,0,0,0
9/19/2025,ENRGZPCK6A,24,24,24,24,100
9/19/2025,ENVY,0,0,0,0,0
9/19/2025,ENZO,48,48,47,47,1122400
9/19/2025,EPAC,40,40,40,40,9533500
9/19/2025,EPMT,2300,2310,2280,2280,12900
9/19/2025,ERAA,448,452,442,442,22261200
9/19/2025,ERAABQCZ5A,21,21,21,21,399900
9/19/2025,ERAADRCJ6A,10,12,10,10,5388800
9/19/2025,ERAAHDCZ5A,0,0,0,0,0
9/19/2025,ERAAZPCH6A,0,0,0,0,0
9/19/2025,ERAL,322,326,320,322,5276600
9/19/2025,ERTX,126,127,122,123,256800
9/19/2025,ESIP,72,72,69,69,12372800
9/19/2025,ESSA,635,645,620,635,62637100
9/19/2025,ESSABQCZ5A,46,49,45,49,260300
9/19/2025,ESSAHDCH6A,55,55,54,55,2500
9/19/2025,ESSAYUCZ5A,42,42,41,42,400
9/19/2025,ESSAZPCK6A,19,20,19,20,901000
9/19/2025,ESTA,75,76,72,73,10542300
9/19/2025,ESTI,77,77,77,77,5815500
9/19/2025,ETWA,0,0,0,0,0
9/19/2025,EURO,282,284,270,282,19800
9/19/2025,EXCL,2850,2860,2780,2800,14595400
9/19/2025,EXCLHDCJ6A,49,49,46,46,1200
9/19/2025,EXCLZPCF6A,0,0,0,0,0
9/19/2025,FAPA,6025,6075,6000,6000,13000
9/19/2025,FAST,318,370,318,326,33130600
9/19/2025,FASW,0,0,0,0,0
9/19/2025,FILM,0,0,0,0,0
9/19/2025,FIMP,0,0,0,0,0
9/19/2025,FIRE,100,102,95,95,23875500
9/19/2025,FISH,1610,1610,1610,1610,23600
9/19/2025,FITT,0,0,0,0,0
9/19/2025,FLMC,322,322,322,322,10505400
9/19/2025,FMII,358,380,340,364,69200
9/19/2025,FOLK,94,108,90,94,36035600
9/19/2025,FOOD,0,0,0,0,0
9/19/2025,FORE,525,530,515,520,3001700
9/19/2025,FORU,1275,1320,1230,1260,227600
9/19/2025,FPNI,191,195,191,192,437600
9/19/2025,FUJI,690,820,690,735,9082800
9/19/2025,FUTR,416,422,366,380,196779100
9/19/2025,FWCT,159,161,155,159,836800
9/19/2025,GAMA,0,0,0,0,0
9/19/2025,GDST,110,114,106,107,3087200
9/19/2025,GDYR,1195,1195,1175,1175,6000
9/19/2025,GEMA,118,118,115,116,3282500
9/19/2025,GEMS,9000,9050,8975,9000,45900
9/19/2025,GGRM,10625,11175,10625,10900,2608900
9/19/2025,GGRMZPCG6A,68,77,68,74,1238000
9/19/2025,GGRP,238,240,232,240,228200
9/19/2025,GHON,1655,1675,1635,1655,2900
9/19/2025,GIAA,75,75,75,75,104993200
9/19/2025,GJTL,1025,1025,1010,1020,1223200
9/19/2025,GJTLZPCJ6A,23,23,23,23,1000
9/19/2025,GLOB,81,81,81,81,226200
9/19/2025,GLVA,336,336,332,336,2900
9/19/2025,GMFI,70,70,70,70,18398500
9/19/2025,GMTD,2150,2190,2120,2170,3500
9/19/2025,GOLD,270,272,258,262,75900
9/19/2025,GOLF,214,214,210,212,2747600
9/19/2025,GOLL,0,0,0,0,0
9/19/2025,GOOD,364,370,364,368,186300
9/19/2025,GOTO,56,56,55,55,8566178900
9/19/2025,GOTOBQCJ6A,10,10,8,9,14721400
9/19/2025,GOTOBQCZ5A,7,7,5,6,36360800
9/19/2025,GOTODRCG6A,9,9,8,8,38536200
9/19/2025,GOTOM,0,0,0,0,0
9/19/2025,GOTOZPCH6A,23,23,23,23,7200
9/19/2025,GOTOZPCK6A,11,14,11,12,210200
9/19/2025,GPRA,149,154,147,150,108064200
9/19/2025,GPSO,545,605,480,560,79389800
9/19/2025,GRIA,132,132,123,124,7608000
9/19/2025,GRPH,73,74,72,72,7462700
9/19/2025,GRPM,62,68,57,63,16376800
9/19/2025,GRPM-W,17,18,15,16,24820700
9/19/2025,GSMF,94,94,91,92,2627000
9/19/2025,GTBO,204,204,199,199,218100
9/19/2025,GTRA,214,248,171,188,47834100
9/19/2025,GTSI,87,87,83,84,37448600
9/19/2025,GULA,362,362,336,346,1932600
9/19/2025,GUNA,234,238,234,234,262700
9/19/2025,GWSA,155,158,155,155,278800
9/19/2025,GZCO,214,216,206,208,43878800
9/19/2025,HADE,44,44,43,43,3780500
9/19/2025,HAIS,191,192,189,190,2739800
9/19/2025,HAJJ,129,129,120,126,10819200
9/19/2025,HAJJ-W,22,22,18,19,22885100
9/19/2025,HALO,99,111,92,97,180172300
9/19/2025,HALO-W,17,19,16,17,33759800
9/19/2025,HATM,250,250,246,248,23699600
9/19/2025,HBAT,226,244,216,230,10812200
9/19/2025,HDFA,126,170,123,170,13299700
9/19/2025,HDIT,70,70,70,70,28774500
9/19/2025,HEAL,1695,1695,1665,1670,11298800
9/19/2025,HEALBQCZ5A,35,35,32,32,12500
9/19/2025,HEALDRCJ6A,53,53,52,52,275100
9/19/2025,HEALHDCH6A,0,0,0,0,0
9/19/2025,HEALYUCZ5A,70,70,70,70,100
9/19/2025,HEALZPCH6A,0,0,0,0,0
9/19/2025,HELI,246,246,240,240,38300
9/19/2025,HERO,400,406,396,406,34100
9/19/2025,HEXA,5425,5475,5400,5425,1148800
9/19/2025,HGII,165,167,149,150,36641100
9/19/2025,HILL,214,214,202,206,98466000
9/19/2025,HITS,0,0,0,0,0
9/19/2025,HKMU,0,0,0,0,0
9/19/2025,HMSP,625,655,610,655,95045800
9/19/2025,HOKI,96,102,90,92,1021006400
9/19/2025,HOME,0,0,0,0,0
9/19/2025,HOMI,256,308,250,260,12310800
9/19/2025,HOPE,166,168,160,162,10881500
9/19/2025,HOTL,0,0,0,0,0
9/19/2025,HRME,51,51,50,50,1830500
9/19/2025,HRTA,830,860,820,840,31212800
9/19/2025,HRUM,1075,1105,1045,1045,35216800
9/19/2025,HRUMHDCK6A,57,57,52,52,661700
9/19/2025,HRUMZPCG6A,58,58,57,57,200
9/19/2025,HUMI,142,144,129,135,279192300
9/19/2025,HUMI-W,22,23,20,21,60651400
9/19/2025,HYGN,162,165,160,164,2313900
9/19/2025,IATA,81,81,81,81,29697600
9/19/2025,IATA-W,29,29,29,29,18500
9/19/2025,IBFN,49,49,47,49,1563900
9/19/2025,IBOS,58,58,54,58,41760300
9/19/2025,IBST,6400,6400,6200,6200,300
9/19/2025,ICBP,9425,9700,9425,9700,6110200
9/19/2025,ICBPDRCX6A,4130,4150,4110,4130,1300
9/19/2025,ICBPHDCJ6A,0,0,0,0,0
9/19/2025,ICBPZPCX5A,0,0,0,0,0
9/19/2025,ICON,52,55,52,55,1414000
9/19/2025,IDEA,162,163,162,163,15626100
9/19/2025,IDPR,278,292,278,288,975900
9/19/2025,IFII,230,236,226,230,352800
9/19/2025,IFSH,905,915,855,875,44800
9/19/2025,IGAR,515,520,510,510,60700
9/19/2025,IIKP,0,0,0,0,0
9/19/2025,IKAI,40,40,38,38,41872200
9/19/2025,IKAN,134,136,131,131,11631100
9/19/2025,IKBI,505,525,500,515,298300
9/19/2025,IKPM,206,206,196,202,1472000
9/19/2025,IMAS,1140,1140,1115,1125,303700
9/19/2025,IMJS,248,248,238,240,10103800
9/19/2025,IMPC,1600,1800,1565,1800,105583900
9/19/2025,INAF,0,0,0,0,0
9/19/2025,INAI,164,165,156,160,1090300
9/19/2025,INCF,55,56,55,56,12356700
9/19/2025,INCI,610,610,605,610,32000
9/19/2025,INCO,3990,4100,3930,4040,14927400
9/19/2025,INCOBQCF6A,78,78,77,77,1500
9/19/2025,INCOBQCV5A,34,39,22,22,65400
9/19/2025,INCODRCK6A,88,88,83,83,2900
9/19/2025,INCODRCX5A,0,0,0,0,0
9/19/2025,INCODRPV5A,11,11,10,10,2700
9/19/2025,INCOHDCJ6A,0,0,0,0,0
9/19/2025,INCOYUCZ5A,100,100,100,100,100
9/19/2025,INCOZPCK6A,0,0,0,0,0
9/19/2025,INCOZPCX5A,0,0,0,0,0
9/19/2025,INDF,7700,7875,7650,7825,9938400
9/19/2025,INDFBQCV5A,32,32,32,32,94900
9/19/2025,INDFDRCX6A,4190,4240,4190,4240,2400
9/19/2025,INDFHDCJ6A,0,0,0,0,0
9/19/2025,INDO,262,262,248,254,12102600
9/19/2025,INDR,2730,2790,2720,2790,56500
9/19/2025,INDS,226,230,222,224,274500
9/19/2025,INDX,183,240,183,228,97959100
9/19/2025,INDY,2090,2280,2090,2160,65025100
9/19/2025,INDYHDCJ6A,232,250,224,230,1265900
9/19/2025,INDYZPCG6A,119,120,119,119,795100
9/19/2025,INET,224,226,218,220,64431900
9/19/2025,INET-W,128,130,123,125,3370400
9/19/2025,INKP,7450,7500,7300,7300,6593400
9/19/2025,INKPBQCX5A,0,0,0,0,0
9/19/2025,INKPDRCF6A,168,168,164,164,700
9/19/2025,INKPZPCF6A,0,0,0,0,0
9/19/2025,INKPZPCK6A,34,34,34,34,3100
9/19/2025,INOV,97,104,97,99,1457300
9/19/2025,INPC,171,173,165,168,9820500
9/19/2025,INPP,755,770,750,770,99700
9/19/2025,INPS,176,176,176,176,2613500
9/19/2025,INRU,755,795,755,770,14400
9/19/2025,INTA,37,37,37,37,549700
9/19/2025,INTD,198,198,197,198,25200
9/19/2025,INTP,6825,7000,6825,6925,2717300
9/19/2025,INTPZPCG6A,71,71,68,68,800
9/19/2025,IOTF,93,95,92,93,31646800
9/19/2025,IPAC,144,144,130,141,50200
9/19/2025,IPCC,1105,1105,1095,1100,638900
9/19/2025,IPCM,296,302,296,302,751900
9/19/2025,IPOL,138,139,134,137,122700
9/19/2025,IPPE,0,0,0,0,0
9/19/2025,IPTV,46,46,46,46,17988600
9/19/2025,IRRA,420,422,412,416,1775800
9/19/2025,IRSX,218,266,218,266,174111600
9/19/2025,ISAP,53,53,48,53,282170600
9/19/2025,ISAP-W,16,16,14,15,87988100
9/19/2025,ISAT,1845,1900,1815,1890,14833700
9/19/2025,ISATBQCJ6A,0,0,0,0,0
9/19/2025,ISATBQCU5A,8,10,4,5,66159800
9/19/2025,ISATDRCG6A,38,44,38,44,129700
9/19/2025,ISATDRCX5A,31,31,31,31,100
9/19/2025,ISATHDCJ6A,16,18,15,17,744200
9/19/2025,ISATZPCF6A,0,0,0,0,0
9/19/2025,ISEA,96,98,93,94,5857800
9/19/2025,ISSP,400,414,398,408,2658900
9/19/2025,ITIC,310,316,286,310,14281700
9/19/2025,ITMA,1165,1185,1090,1140,1774100
9/19/2025,ITMG,22750,23200,22750,23100,2706500
9/19/2025,ITMGHDCJ6A,162,163,162,163,118700
9/19/2025,ITMGZPCJ6A,70,70,70,70,44200
9/19/2025,JARR,1750,2180,1750,2180,39485000
9/19/2025,JAST,102,105,101,102,5370100
9/19/2025,JATI,133,137,131,132,2116500
9/19/2025,JAWA,148,156,141,145,6783100
9/19/2025,JAYA,105,108,104,104,1076300
9/19/2025,JECC,1110,1110,1070,1080,24000
9/19/2025,JGLE,20,20,20,20,8222700
9/19/2025,JIHD,690,695,655,675,624300
9/19/2025,JKON,89,90,87,87,9871300
9/19/2025,JMAS,145,148,143,148,99200
9/19/2025,JPFA,2100,2110,1995,2050,29860200
9/19/2025,JPFABQCZ5A,0,0,0,0,0
9/19/2025,JPFADRCJ6A,73,73,73,73,657500
9/19/2025,JPFAHDCZ5A,0,0,0,0,0
9/19/2025,JPFAZPCG6A,0,0,0,0,0
9/19/2025,JRPT,805,805,795,805,705000
9/19/2025,JSKY,0,0,0,0,0
9/19/2025,JSMR,3500,3540,3460,3460,4908100
9/19/2025,JSMRDRCK6A,66,66,66,66,100
9/19/2025,JSMRHDCH6A,0,0,0,0,0
9/19/2025,JSMRZPCG6A,0,0,0,0,0
9/19/2025,JSPT,3880,3900,3870,3880,5700
9/19/2025,JTPE,330,332,328,330,235900
9/19/2025,KAEF,510,510,490,500,871600
9/19/2025,KAQI,71,72,68,68,17119600
9/19/2025,KARW,660,660,600,600,181400
9/19/2025,KAYU,0,0,0,0,0
9/19/2025,KBAG,53,53,51,51,10960400
9/19/2025,KBLI,364,366,358,366,105700
9/19/2025,KBLM,374,374,370,372,49900
9/19/2025,KBLV,0,0,0,0,0
9/19/2025,KBRI,0,0,0,0,0
9/19/2025,KDSI,458,460,452,458,6100
9/19/2025,KDTN,121,123,119,121,351400
9/19/2025,KEEN,825,825,810,820,1639900
9/19/2025,KEJU,615,615,605,605,840600
9/19/2025,KETR,488,488,422,482,21802800
9/19/2025,KIAS,0,0,0,0,0
9/19/2025,KICI,145,165,141,151,5223900
9/19/2025,KIJA,198,198,191,195,111949700
9/19/2025,KING,204,206,202,206,555400
9/19/2025,KING-W,14,14,13,14,1720800
9/19/2025,KINO,1190,1200,1120,1185,22000
9/19/2025,KIOS,88,89,85,85,11016700
9/19/2025,KJEN,280,336,280,330,36347300
9/19/2025,KKES,41,41,40,40,2683100
9/19/2025,KKGI,322,326,322,324,1328300
9/19/2025,KLAS,134,165,134,140,111110900
9/19/2025,KLBF,1160,1180,1155,1180,56164100
9/19/2025,KLBFBQCJ6A,0,0,0,0,0
9/19/2025,KLBFBQCV5A,7,12,4,9,44291500
9/19/2025,KLBFDRCG6A,16,17,16,17,10800
9/19/2025,KLBFZPCF6A,18,18,18,18,24000
9/19/2025,KLBFZPCJ6A,0,0,0,0,0
9/19/2025,KLIN,186,192,179,192,5866000
9/19/2025,KMDS,625,660,625,640,107000
9/19/2025,KMTR,302,302,286,296,378000
9/19/2025,KOBX,144,146,143,145,81000
9/19/2025,KOCI,100,104,88,93,69813700
9/19/2025,KOCI-W,18,20,16,18,32157000
9/19/2025,KOIN,82,82,81,81,250900
9/19/2025,KOKA,0,0,0,0,0
9/19/2025,KONI,1760,1775,1735,1745,13800
9/19/2025,KOPI,346,346,340,344,294900
9/19/2025,KOTA,45,45,45,45,60782100
9/19/2025,KPIG,195,195,188,190,283754700
9/19/2025,KRAS,310,314,300,302,19605700
9/19/2025,KREN,28,28,28,28,16395200
9/19/2025,KRYA,224,228,212,212,21561800
9/19/2025,KSIX,252,256,244,250,381500
9/19/2025,KUAS,75,75,71,72,6028500
9/19/2025,LABA,0,0,0,0,0
9/19/2025,LABS,143,144,142,143,211000
9/19/2025,LAJU,77,78,70,75,49560400
9/19/2025,LAND,42,44,42,44,8067600
9/19/2025,LAPD,246,246,218,246,45655200
9/19/2025,LCGP,0,0,0,0,0
9/19/2025,LCKM,214,218,208,218,24400
9/19/2025,LEAD,82,83,79,80,21781200
9/19/2025,LFLO,322,330,310,318,41500
9/19/2025,LIFE,13925,14400,13050,13175,28100
9/19/2025,LINK,2990,2990,2900,2900,19700
9/19/2025,LION,0,0,0,0,0
9/19/2025,LIVE,264,330,260,330,123332300
9/19/2025,LMAS,0,0,0,0,0
9/19/2025,LMAX,107,108,100,108,12156200
9/19/2025,LMPI,144,147,142,142,599400
9/19/2025,LMSH,0,0,0,0,0
9/19/2025,LOPI,118,118,115,118,8252100
9/19/2025,LPCK,635,645,610,615,702400
9/19/2025,LPGI,458,458,436,452,316200
9/19/2025,LPIN,424,446,422,440,1050900
9/19/2025,LPKR,101,101,95,95,291871600
9/19/2025,LPLI,330,412,330,412,4637700
9/19/2025,LPPF,1615,1635,1605,1635,1842600
9/19/2025,LPPS,84,92,83,88,34408600
9/19/2025,LRNA,186,210,180,186,7241100
9/19/2025,LSIP,1320,1330,1315,1330,4292300
9/19/2025,LSIPDRCK6A,42,42,42,42,100
9/19/2025,LSIPHDCJ6A,0,0,0,0,0
9/19/2025,LSIPYUCZ5A,57,58,56,57,500
9/19/2025,LSIPZPCG6A,65,65,65,65,1400
9/19/2025,LTLS,850,855,840,845,15200
9/19/2025,LUCK,111,113,101,106,14019500
9/19/2025,LUCY,88,91,87,89,4642800
9/19/2025,MABA,0,0,0,0,0
9/19/2025,MAGP,0,0,0,0,0
9/19/2025,MAHA,152,156,150,152,8163200
9/19/2025,MAIN,750,755,725,735,4936000
9/19/2025,MANG,61,61,56,61,55005300
9/19/2025,MANG-W,29,32,28,29,19085300
9/19/2025,MAPA,555,565,540,540,22399300
9/19/2025,MAPABQCZ5A,12,12,12,12,539800
9/19/2025,MAPADRCJ6A,11,13,11,11,3772400
9/19/2025,MAPAHDCZ5A,0,0,0,0,0
9/19/2025,MAPAZPCH6A,0,0,0,0,0
9/19/2025,MAPB,1670,1670,1620,1630,7500
9/19/2025,MAPI,1225,1225,1180,1205,26671100
9/19/2025,MAPIBQCV5A,10,10,4,7,17161300
9/19/2025,MAPIDRCX5A,19,19,17,17,1165000
9/19/2025,MAPIHDCK6A,72,73,72,73,7500
9/19/2025,MAPIZPCJ6A,0,0,0,0,0
9/19/2025,MARI,44,44,44,44,35849900
9/19/2025,MARK,620,625,615,620,11458600
9/19/2025,MASA,0,0,0,0,0
9/19/2025,MASB,3210,3370,3200,3340,4300
9/19/2025,MAXI,58,60,58,58,21861500
9/19/2025,MAYA,304,306,292,300,14506100
9/19/2025,MBAP,1610,1670,1605,1640,208300
9/19/2025,MBMA,470,490,468,470,250337700
9/19/2025,MBMABQCX5A,22,24,21,22,614100
9/19/2025,MBMADRCX5A,36,39,35,36,1426100
9/19/2025,MBMADRPX5A,15,15,13,14,1993100
9/19/2025,MBMAHDCH6A,0,0,0,0,0
9/19/2025,MBMAZPCK6A,25,25,23,25,183300
9/19/2025,MBMAZPCX5A,0,0,0,0,0
9/19/2025,MBSS,1680,1775,1635,1715,6482400
9/19/2025,MBTO,130,135,124,127,8834900
9/19/2025,MCAS,765,805,760,795,439400
9/19/2025,MCOL,3620,3680,3610,3670,65100
9/19/2025,MCOR,76,77,74,75,8211400
9/19/2025,MDIA,42,44,42,43,5679500
9/19/2025,MDIY,1065,1080,1050,1070,2095800
9/19/2025,MDKA,2360,2470,2360,2380,108094900
9/19/2025,MDKABQCV5A,103,108,103,105,51400
9/19/2025,MDKABQCX5B,35,35,35,35,6500
9/19/2025,MDKADRCK6A,76,79,73,73,426900
9/19/2025,MDKADRCV5A,92,92,82,85,9200
9/19/2025,MDKADRPX5A,27,27,27,27,200
9/19/2025,MDKAHDCU5A,107,138,107,111,489600
9/19/2025,MDKAHDCZ5A,136,136,127,127,17500
9/19/2025,MDKAZPCF6A,73,73,69,69,12800
9/19/2025,MDKI,195,230,193,206,31011300
9/19/2025,MDLA,240,240,230,234,5128700
9/19/2025,MDLN,72,73,69,69,35179000
9/19/2025,MDRN,46,46,46,46,23973500
9/19/2025,MEDC,1285,1295,1265,1295,22522400
9/19/2025,MEDCBQCV5A,42,43,42,43,10600
9/19/2025,MEDCBQCX5B,0,0,0,0,0
9/19/2025,MEDCBQCZ5A,0,0,0,0,0
9/19/2025,MEDCDRCG6A,35,35,35,35,50800
9/19/2025,MEDCDRPV5A,16,17,16,17,349200
9/19/2025,MEDCHDCH6A,0,0,0,0,0
9/19/2025,MEDCZPCF6A,0,0,0,0,0
9/19/2025,MEDS,69,70,66,66,17054800
9/19/2025,MEGA,3320,3320,3300,3300,400
9/19/2025,MEJA,102,102,102,102,19733500
9/19/2025,MEJA-W,50,64,44,64,94453200
9/19/2025,MENN,66,72,65,72,124784500
9/19/2025,MERI,232,242,232,232,6757300
9/19/2025,MERK,2810,2810,2790,2800,9100
9/19/2025,META,0,0,0,0,0
9/19/2025,MFIN,965,1000,880,900,613700
9/19/2025,MFMI,0,0,0,0,0
9/19/2025,MGLV,1115,1175,1005,1005,3328900
9/19/2025,MGNA,50,53,46,53,1320000
9/19/2025,MGNA-W,39,39,39,39,800
9/19/2025,MGRO,740,745,720,735,4102800
9/19/2025,MHKI,194,204,189,192,31661100
9/19/2025,MICE,488,490,486,486,156400
9/19/2025,MIDI,462,462,444,446,11328900
9/19/2025,MIKA,2360,2520,2350,2520,8378700
9/19/2025,MIKAZPCG6A,0,0,0,0,0
9/19/2025,MINA,172,182,166,169,670890000
9/19/2025,MINE,575,575,550,550,4527000
9/19/2025,MIRA,69,69,66,66,3672100
9/19/2025,MITI,332,344,318,332,9886100
9/19/2025,MKAP,358,358,352,358,575600
9/19/2025,MKNT,0,0,0,0,0
9/19/2025,MKPI,25450,25450,25450,25450,6000
9/19/2025,MKTR,140,143,132,132,4371600
9/19/2025,MKTR-W,14,15,13,15,7600000
9/19/2025,MLBI,5825,6000,5825,5850,166600
9/19/2025,MLIA,350,352,344,352,3585500
9/19/2025,MLPL,170,172,158,159,247891300
9/19/2025,MLPT,0,0,0,0,0
9/19/2025,MMIX,392,394,380,392,12527900
9/19/2025,MMLP,535,545,530,530,17207800
9/19/2025,MNCN,262,266,260,266,31513500
9/19/2025,MOLI,220,224,216,220,772400
9/19/2025,MORA,426,436,422,430,43300
9/19/2025,MPIX,72,72,70,71,7387800
9/19/2025,MPIX-W,14,14,13,14,2903700
9/19/2025,MPMX,940,945,935,940,1550100
9/19/2025,MPOW,118,119,115,115,1214800
9/19/2025,MPPA,74,74,71,71,38613600
9/19/2025,MPRO,0,0,0,0,0
9/19/2025,MPXL,218,220,199,199,68742900
9/19/2025,MRAT,222,222,216,218,648300
9/19/2025,MREI,980,985,945,970,205700
9/19/2025,MSIE,94,94,79,87,17317800
9/19/2025,MSIN,570,570,525,560,14227400
9/19/2025,MSJA,300,300,294,294,1768500
9/19/2025,MSKY,97,97,93,94,18532900
9/19/2025,MSTI,1550,1565,1530,1545,1710700
9/19/2025,MTDL,605,615,605,605,3882000
9/19/2025,MTEL,595,600,585,600,4848400
9/19/2025,MTELDRCK6A,19,19,19,19,600
9/19/2025,MTFN,18,18,18,18,23136200
9/19/2025,MTLA,460,462,450,460,201500
9/19/2025,MTMH,1175,1190,1165,1180,15800
9/19/2025,MTPS,50,50,49,50,1352600
9/19/2025,MTRA,0,0,0,0,0
9/19/2025,MTSM,0,0,0,0,0
9/19/2025,MTWI,360,360,352,358,32500
9/19/2025,MUTU,97,100,97,97,1727300
9/19/2025,MYOH,1705,1730,1690,1700,51200
9/19/2025,MYOR,2030,2050,2010,2040,8389200
9/19/2025,MYORDRCK6A,56,56,55,55,2180100
9/19/2025,MYORZPCH6A,0,0,0,0,0
9/19/2025,MYTX,0,0,0,0,0
9/19/2025,NAIK,138,138,132,134,24882100
9/19/2025,NAIK-W,24,24,22,24,5544300
9/19/2025,NANO,71,76,67,72,99799700
9/19/2025,NASA,60,60,60,60,4460900
9/19/2025,NASI,120,149,110,121,283394600
9/19/2025,NATO,140,144,140,140,39700
9/19/2025,NAYZ,0,0,0,0,0
9/19/2025,NCKL,1055,1090,1050,1080,66265000
9/19/2025,NCKLDRCK6A,45,45,45,45,124400
9/19/2025,NCKLYUCZ5A,97,97,97,97,200
9/19/2025,NCKLZPCJ6A,64,67,64,67,8500
9/19/2025,NELY,348,352,348,350,234000
9/19/2025,NEST,264,270,262,268,3840600
9/19/2025,NETV,125,132,125,130,2460400
9/19/2025,NFCX,1750,1820,1740,1785,301400
9/19/2025,NICE,454,462,442,452,6546000
9/19/2025,NICK,1395,1600,1380,1410,1253200
9/19/2025,NICL,1055,1095,1020,1090,5784100
9/19/2025,NIKL,226,226,224,224,2673900
9/19/2025,NINE,0,0,0,0,0
9/19/2025,NIRO,127,127,121,126,27200
9/19/2025,NISP,1370,1370,1340,1365,5348400
9/19/2025,NOBU,540,540,530,530,1921800
9/19/2025,NPGF,61,61,59,60,10025400
9/19/2025,NRCA,950,990,945,950,11376600
9/19/2025,NSSS,462,472,456,472,9061900
9/19/2025,NTBK,59,61,59,59,13953400
9/19/2025,NUSA,0,0,0,0,0
9/19/2025,NZIA,109,112,105,107,4999600
9/19/2025,OASA,254,260,240,240,82630500
9/19/2025,OBAT,464,470,458,464,1025000
9/19/2025,OBAT-W,107,107,99,103,2302100
9/19/2025,OBMD,272,280,252,262,2331100
9/19/2025,OCAP,0,0,0,0,0
9/19/2025,OILS,135,139,135,137,1627300
9/19/2025,OKAS,218,260,218,218,390683900
9/19/2025,OLIV,0,0,0,0,0
9/19/2025,OMED,187,190,187,190,228900
9/19/2025,OMRE,0,0,0,0,0
9/19/2025,OPMS,118,131,114,127,140496600
9/19/2025,PACK,1805,1985,1735,1985,10331900
9/19/2025,PADA,63,63,63,63,22655200
9/19/2025,PADI,76,76,70,70,40051200
9/19/2025,PALM,398,404,394,398,1100100
9/19/2025,PAMG,78,79,76,77,11726200
9/19/2025,PANI,13400,13525,13200,13225,5599100
9/19/2025,PANIBQCZ5A,41,41,39,40,2200
9/19/2025,PANIHDCJ6A,0,0,0,0,0
9/19/2025,PANIHDCZ5A,149,149,145,145,1200
9/19/2025,PANIZPCJ6A,68,68,64,64,1818700
9/19/2025,PANR,715,720,690,720,3887200
9/19/2025,PANS,1390,1395,1380,1390,112300
9/19/2025,PART,110,110,107,110,62607300
9/19/2025,PART-W,20,21,20,21,4903900
9/19/2025,PBID,490,490,486,490,160500
9/19/2025,PBRX,44,44,42,42,92278500
9/19/2025,PBSA,0,0,0,0,0
9/19/2025,PCAR,46,46,46,46,18227900
9/19/2025,PDES,462,462,462,462,300
9/19/2025,PDPP,496,515,496,496,93700
9/19/2025,PEGE,114,115,112,113,985700
9/19/2025,PEHA,328,332,322,328,21700
9/19/2025,PEVE,438,444,436,438,60800
9/19/2025,PGAS,1765,1765,1730,1745,41128100
9/19/2025,PGASBQCU5A,96,96,85,85,1800
9/19/2025,PGASBQCZ5A,0,0,0,0,0
9/19/2025,PGASDRCG6A,70,70,70,70,39000
9/19/2025,PGASHDCK6A,0,0,0,0,0
9/19/2025,PGASZPCJ6A,0,0,0,0,0
9/19/2025,PGEO,1310,1345,1305,1340,48010900
9/19/2025,PGEOBQCX5B,16,16,14,14,281400
9/19/2025,PGEODRCJ6A,0,0,0,0,0
9/19/2025,PGEODRPV5A,23,23,23,23,55400
9/19/2025,PGEOHDCH6A,43,43,41,42,58100
9/19/2025,PGEOHDCH6B,0,0,0,0,0
9/19/2025,PGEOZPCJ6A,0,0,0,0,0
9/19/2025,PGJO,1215,1215,1215,1215,6500900
9/19/2025,PGLI,230,270,222,228,1934600
9/19/2025,PGUN,6750,6750,6750,6750,23600
9/19/2025,PICO,240,282,226,262,30078600
9/19/2025,PIPA,0,0,0,0,0
9/19/2025,PJAA,490,494,488,494,282100
9/19/2025,PKPK,565,565,545,550,12300
9/19/2025,PLAN,59,63,59,63,31005300
9/19/2025,PLAS,0,0,0,0,0
9/19/2025,PLIN,0,0,0,0,0
9/19/2025,PMJS,118,121,117,119,382300
9/19/2025,PMMP,0,0,0,0,0
9/19/2025,PMUI,129,138,129,136,10947400
9/19/2025,PNBN,1140,1150,1125,1150,7072500
9/19/2025,PNBS,54,55,53,54,11437800
9/19/2025,PNGO,2310,2370,2270,2370,800
9/19/2025,PNIN,820,825,815,825,745900
9/19/2025,PNLF,246,250,246,246,75319500
9/19/2025,PNLFDRCJ6A,13,14,12,13,482800
9/19/2025,PNLFHDCZ5A,0,0,0,0,0
9/19/2025,PNLFYUCV5A,8,11,7,8,12259700
9/19/2025,PNLFZPCH6A,35,36,35,36,225200
9/19/2025,PNSE,790,830,790,790,36300
9/19/2025,POLA,50,55,47,55,41968000
9/19/2025,POLI,740,740,740,740,100
9/19/2025,POLL,0,0,0,0,0
9/19/2025,POLU,0,0,0,0,0
9/19/2025,POLY,42,42,42,42,2772200
9/19/2025,POOL,0,0,0,0,0
9/19/2025,PORT,960,980,960,965,7000
9/19/2025,POSA,0,0,0,0,0
9/19/2025,POWR,710,710,705,710,2054100
9/19/2025,PPGL,101,111,101,111,8308800
9/19/2025,PPRE,100,101,97,98,8558600
9/19/2025,PPRI,342,350,326,334,20048200
9/19/2025,PPRO,0,0,0,0,0
9/19/2025,PRAY,685,720,665,710,214900
9/19/2025,PRDA,2720,2720,2690,2710,44800
9/19/2025,PRIM,89,98,88,90,117891900
9/19/2025,PSAB,520,540,510,525,96592800
9/19/2025,PSAT,1375,1380,1345,1380,624600
9/19/2025,PSDN,100,101,96,97,1832900
9/19/2025,PSGO,204,208,202,204,820400
9/19/2025,PSKT,121,121,120,120,6785900
9/19/2025,PSSI,348,348,344,348,287700
9/19/2025,PTBA,2360,2380,2350,2380,9270300
9/19/2025,PTBABQCV5A,14,15,14,14,423500
9/19/2025,PTBADRCG6A,22,22,22,22,50000
9/19/2025,PTBAYUCZ5A,85,85,85,85,100
9/19/2025,PTBAZPCH6A,0,0,0,0,0
9/19/2025,PTDU,0,0,0,0,0
9/19/2025,PTIS,412,414,400,400,116700
9/19/2025,PTMP,94,100,93,94,25500900
9/19/2025,PTMR,0,0,0,0,0
9/19/2025,PTPP,424,428,412,412,23386300
9/19/2025,PTPS,176,180,174,175,9067600
9/19/2025,PTPW,945,950,945,945,15100
9/19/2025,PTRO,5175,5675,4970,5300,174129400
9/19/2025,PTROHDCK6A,216,252,199,224,3188400
9/19/2025,PTROZPCK6A,112,129,104,119,3152100
9/19/2025,PTSN,430,430,392,410,2693200
9/19/2025,PTSP,915,930,900,915,165600
9/19/2025,PUDP,238,294,236,240,3222800
9/19/2025,PURA,46,46,45,45,30636600
9/19/2025,PURE,0,0,0,0,0
9/19/2025,PURI,194,194,186,189,238700
9/19/2025,PWON,392,394,380,380,82926600
9/19/2025,PWONHDCZ5A,0,0,0,0,0
9/19/2025,PWONZPCH6A,0,0,0,0,0
9/19/2025,PYFA,468,498,468,474,62361500
9/19/2025,PYFA-W,100,100,97,99,261900
9/19/2025,PZZA,254,306,252,288,23069900
9/19/2025,RAAM,346,354,344,354,15179500
9/19/2025,R-ABFII,0,0,0,0,0
9/19/2025,RAFI,0,0,0,0,0
9/19/2025,RAJA,2950,3020,2850,2950,53947600
9/19/2025,RAJAHDCK6A,92,96,87,93,2254800
9/19/2025,RAJAZPCK6A,46,46,45,45,849500
9/19/2025,RALS,392,394,390,392,1716300
9/19/2025,RANC,426,426,418,422,15700
9/19/2025,RATU,5875,6425,5750,6400,19567400
9/19/2025,RBMS,49,49,47,47,2386400
9/19/2025,RCCC,252,264,250,262,98000
9/19/2025,RDTX,11875,11875,11850,11850,600
9/19/2025,REAL,96,103,89,96,287481700
9/19/2025,RELF,65,70,58,70,117537000
9/19/2025,RELI,650,790,625,700,663100
9/19/2025,RGAS,105,105,101,102,31009400
9/19/2025,RICY,91,91,81,81,1127500
9/19/2025,RIGS,810,815,805,815,111800
9/19/2025,RIMO,0,0,0,0,0
9/19/2025,RISE,1080,1150,1080,1150,390400
9/19/2025,R-LQ45X,985,990,985,990,19100
9/19/2025,RMKE,1015,1015,995,1010,1234300
9/19/2025,RMKO,147,148,136,138,1385400
9/19/2025,ROCK,795,870,795,870,71700
9/19/2025,RODA,54,54,52,52,1447400
9/19/2025,RONY,2430,2430,2430,2430,481400
9/19/2025,ROTI,795,795,785,795,269900
9/19/2025,RSCH,376,376,364,368,9541500
9/19/2025,RSGK,0,0,0,0,0
9/19/2025,RUIS,197,199,195,198,1207000
9/19/2025,RUNS,116,123,109,116,945700
9/19/2025,SAFE,183,189,180,183,1066500
9/19/2025,SAGE,46,49,46,47,11204400
9/19/2025,SAME,320,320,306,308,875300
9/19/2025,SAMF,326,326,318,322,308500
9/19/2025,SAPX,306,312,304,310,334500
9/19/2025,SATU,244,246,242,244,4584000
9/19/2025,SBAT,0,0,0,0,0
9/19/2025,SBMA,134,136,133,136,1400300
9/19/2025,SCCO,2280,2300,2200,2270,109900
9/19/2025,SCMA,340,342,328,332,262375500
9/19/2025,SCMABQCZ5A,151,151,151,151,600
9/19/2025,SCMADRCK6A,110,113,110,112,36600
9/19/2025,SCMAHDCZ5A,0,0,0,0,0
9/19/2025,SCMAZPCG6A,0,0,0,0,0
9/19/2025,SCNP,184,192,181,190,313100
9/19/2025,SCPI,0,0,0,0,0
9/19/2025,SDMU,74,74,70,70,666700
9/19/2025,SDPC,137,138,135,135,361200
9/19/2025,SDRA,288,290,286,288,252800
9/19/2025,SEMA,102,103,101,103,721400
9/19/2025,SFAN,1925,1930,1920,1925,68500
9/19/2025,SGER,340,340,326,334,73600900
9/19/2025,SGRO,4790,4870,4650,4710,1431200
9/19/2025,SHID,885,915,885,915,1900
9/19/2025,SHIP,4040,4100,4020,4060,11800
9/19/2025,SICO,122,126,121,123,2901600
9/19/2025,SIDO,545,545,535,540,18613300
9/19/2025,SIDODRCK6A,31,31,31,31,25300
9/19/2025,SILO,2100,2140,2100,2100,16629300
9/19/2025,SIMA,0,0,0,0,0
9/19/2025,SIMP,625,625,620,625,6681800
9/19/2025,SINI,3890,3890,3880,3880,17700
9/19/2025,SIPD,700,710,700,710,8800
9/19/2025,SKBM,356,434,356,434,2561900
9/19/2025,SKLT,191,194,187,187,1200300
9/19/2025,SKRN,414,432,410,418,306400
9/19/2025,SKYB,0,0,0,0,0
9/19/2025,SLIS,101,105,99,99,40067400
9/19/2025,SLIS-W,19,19,18,18,3036400
9/19/2025,SMAR,5550,5600,5400,5475,88100
9/19/2025,SMBR,292,294,286,288,7300800
9/19/2025,SMCB,0,0,0,0,0
9/19/2025,SMDM,825,845,810,835,117400
9/19/2025,SMDR,328,330,324,324,16711200
9/19/2025,SMGA,105,107,104,105,19817600
9/19/2025,SMGR,2900,2910,2840,2870,7641500
9/19/2025,SMGRBQCU5A,6,18,5,8,74935700
9/19/2025,SMGRBQCX5B,0,0,0,0,0
9/19/2025,SMGRBQCZ5A,0,0,0,0,0
9/19/2025,SMGRDRCV5A,61,61,61,61,100
9/19/2025,SMGRHDCZ5A,0,0,0,0,0
9/19/2025,SMGRZPCJ6A,63,63,61,62,242100
9/19/2025,SMIL,690,730,685,720,221062500
9/19/2025,SMKL,170,170,166,166,40200
9/19/2025,SMKM,270,270,270,270,54460300
9/19/2025,SMLE,246,254,242,252,9456900
9/19/2025,SMMA,15650,15650,15525,15525,5000
9/19/2025,SMMT,1195,1195,1180,1190,165200
9/19/2025,SMRA,446,448,434,436,42131500
9/19/2025,SMRADRCJ6A,30,30,30,30,100
9/19/2025,SMRAHDCZ5A,0,0,0,0,0
9/19/2025,SMRAZPCH6A,56,56,56,56,5000
9/19/2025,SMRU,0,0,0,0,0
9/19/2025,SMSM,1890,1890,1870,1880,1275400
9/19/2025,SNLK,438,438,422,438,4381200
9/19/2025,SOCI,206,208,202,204,7053300
9/19/2025,SOFA,91,94,88,94,17429600
9/19/2025,SOHO,735,735,720,730,15500
9/19/2025,SOLA,140,142,136,136,15907400
9/19/2025,SONA,4480,4560,4400,4500,44700
9/19/2025,SOSS,835,905,830,890,254100
9/19/2025,SOTS,530,660,505,530,6645900
9/19/2025,SOUL,78,79,75,77,2556300
9/19/2025,SPMA,284,288,280,282,159200
9/19/2025,SPRE,74,80,73,76,36480800
9/19/2025,SPTO,670,670,650,670,748400
9/19/2025,SQMI,0,0,0,0,0
9/19/2025,SRAJ,10025,11000,10000,10025,1005500
9/19/2025,SRIL,0,0,0,0,0
9/19/2025,SRSN,68,68,66,67,11010400
9/19/2025,SRTG,1950,2020,1910,1945,17734800
9/19/2025,SRTGDRCK6A,102,108,100,100,112600
9/19/2025,SRTGHDCK6A,121,121,121,121,2000000
9/19/2025,SRTGZPCG6A,106,108,106,108,10100
9/19/2025,SRTGZPCK6A,0,0,0,0,0
9/19/2025,SSIA,1820,1840,1770,1800,32481000
9/19/2025,SSMS,1485,1515,1465,1505,8672100
9/19/2025,SSTM,284,298,274,292,129200
9/19/2025,STAA,1100,1110,1060,1110,11259100
9/19/2025,STAR,93,93,93,93,681200
9/19/2025,STRK,276,276,270,270,32748900
9/19/2025,STTP,10325,10325,10100,10150,2200
9/19/2025,SUGI,0,0,0,0,0
9/19/2025,SULI,95,95,92,93,670500
9/19/2025,SUNI,845,870,830,870,703500
9/19/2025,SUPR,0,0,0,0,0
9/19/2025,SURE,3350,3400,3110,3270,154700
9/19/2025,SURI,128,131,125,127,99964400
9/19/2025,SWAT,0,0,0,0,0
9/19/2025,SWID,98,101,94,95,3409000
9/19/2025,TALF,525,545,446,545,693600
9/19/2025,TAMA,48,48,46,46,1621500
9/19/2025,TAMU,44,44,40,40,39654500
9/19/2025,TAPG,1530,1550,1515,1550,6203800
9/19/2025,TAPGDRCJ6A,80,80,80,80,100
9/19/2025,TAPGHDCH6A,0,0,0,0,0
9/19/2025,TAPGZPCH6A,0,0,0,0,0
9/19/2025,TARA,53,53,53,53,16805500
9/19/2025,TAXI,26,26,26,26,20176000
9/19/2025,TAYS,79,79,76,77,6354800
9/19/2025,TBIG,1825,1870,1740,1740,5351200
9/19/2025,TBLA,715,715,710,715,1024700
9/19/2025,TBMS,1020,1025,1010,1015,4300
9/19/2025,TCID,2920,2990,2900,2990,112800
9/19/2025,TCPI,5700,5725,5575,5650,1826700
9/19/2025,TDPM,0,0,0,0,0
9/19/2025,TEBE,1840,2290,1840,2260,79604900
9/19/2025,TECH,0,0,0,0,0
9/19/2025,TELE,0,0,0,0,0
9/19/2025,TFAS,158,162,155,156,1252100
9/19/2025,TFCO,0,0,0,0,0
9/19/2025,TGKA,5650,5650,5625,5625,1100
9/19/2025,TGRA,0,0,0,0,0
9/19/2025,TGUK,0,0,0,0,0
9/19/2025,TIFA,398,410,394,410,6800
9/19/2025,TINS,1110,1120,1090,1100,16702700
9/19/2025,TIRA,1540,1565,1455,1480,21600
9/19/2025,TIRT,0,0,0,0,0
9/19/2025,TKIM,7250,7250,7000,7075,1766400
9/19/2025,TKIMHDCJ6A,0,0,0,0,0
9/19/2025,TKIMZPCG6A,104,104,95,99,1402500
9/19/2025,TKIMZPCK6A,0,0,0,0,0
9/19/2025,TLDN,685,700,680,700,1505300
9/19/2025,TLKM,3210,3300,3160,3230,113834400
9/19/2025,TLKMBQCG6A,0,0,0,0,0
9/19/2025,TLKMBQCV5A,0,0,0,0,0
9/19/2025,TLKMDRCJ6A,82,82,81,81,200
9/19/2025,TLKMDRCX6A,0,0,0,0,0
9/19/2025,TLKMHDCJ6A,0,0,0,0,0
9/19/2025,TLKMHDCV5A,0,0,0,0,0
9/19/2025,TLKMZPCF6A,0,0,0,0,0
9/19/2025,TMAS,136,137,134,135,3431200
9/19/2025,TMPO,172,174,169,169,3423300
9/19/2025,TNCA,175,175,167,167,966400
9/19/2025,TOBA,1400,1410,1245,1255,362402600
9/19/2025,TOOL,67,69,65,66,13618700
9/19/2025,TOPS,0,0,0,0,0
9/19/2025,TOSK,67,69,66,66,31604100
9/19/2025,TOTL,820,825,785,800,1915400
9/19/2025,TOTO,260,260,258,260,643900
9/19/2025,TOWR,595,610,590,610,218228500
9/19/2025,TOWRHDCK6A,37,37,37,37,15100
9/19/2025,TOYS,0,0,0,0,0
9/19/2025,TPIA,8025,8300,7800,8000,18100400
9/19/2025,TPMA,585,590,580,590,3148600
9/19/2025,TRAM,0,0,0,0,0
9/19/2025,TRGU,173,175,173,174,87200
9/19/2025,TRIL,0,0,0,0,0
9/19/2025,TRIM,370,382,370,378,3891200
9/19/2025,TRIN,105,114,105,108,12279000
9/19/2025,TRIN-W2,0,0,0,0,0
9/19/2025,TRIO,0,0,0,0,0
9/19/2025,TRIS,186,189,182,186,57800
9/19/2025,TRJA,143,189,143,163,29777100
9/19/2025,TRON,91,91,89,90,4216200
9/19/2025,TRST,480,500,480,500,40100
9/19/2025,TRUE,48,49,48,49,11773000
9/19/2025,TRUK,0,0,0,0,0
9/19/2025,TRUS,490,505,464,472,97200
9/19/2025,TSPC,2350,2370,2310,2370,889100
9/19/2025,TUGU,965,970,960,970,1203900
9/19/2025,TYRE,128,130,126,127,123300
9/19/2025,UANG,0,0,0,0,0
9/19/2025,UCID,446,464,440,446,3761500
9/19/2025,UDNG,2300,2730,2250,2730,3237300
9/19/2025,UFOE,174,176,174,176,32200
9/19/2025,ULTJ,1300,1320,1290,1320,2209300
9/19/2025,UNIC,8000,8000,8000,8000,900
9/19/2025,UNIQ,340,356,338,346,30850300
9/19/2025,UNIT,0,0,0,0,0
9/19/2025,UNSP,170,170,169,169,1014900
9/19/2025,UNTD,86,86,83,83,8029300
9/19/2025,UNTR,26625,26775,26300,26750,3614500
9/19/2025,UNTRBQCV5A,0,0,0,0,0
9/19/2025,UNTRDRCG6A,158,158,158,158,100
9/19/2025,UNTRZPCJ6A,0,0,0,0,0
9/19/2025,UNVR,1715,1725,1700,1715,22797600
9/19/2025,UNVRBQCU5A,5,7,4,4,55273500
9/19/2025,UNVRBQCZ5A,71,72,70,72,110000
9/19/2025,UNVRDRCG6A,40,40,40,40,101000
9/19/2025,UNVRHDPG6A,0,0,0,0,0
9/19/2025,UNVRZPCH6A,0,0,0,0,0
9/19/2025,URBN,135,139,131,138,54700
9/19/2025,UVCR,72,73,72,73,1847600
9/19/2025,VAST,192,194,190,193,2627000
9/19/2025,VAST-W,14,15,13,14,4385400
9/19/2025,VERN,135,140,130,131,6327800
9/19/2025,VERN-W,6,7,5,5,68560000
9/19/2025,VICI,625,635,610,630,525100
9/19/2025,VICO,198,210,197,200,878300
9/19/2025,VINS,136,140,131,135,1358300
9/19/2025,VISI,152,157,150,155,9802300
9/19/2025,VIVA,42,42,40,41,15888900
9/19/2025,VKTR,172,192,172,176,246431200
9/19/2025,VOKS,336,342,330,340,392300
9/19/2025,VRNA,92,93,90,91,1348000
9/19/2025,VTNY,102,109,98,102,37842700
9/19/2025,WAPO,173,174,161,161,3181400
9/19/2025,WEGE,75,79,74,76,94355400
9/19/2025,WEHA,121,122,117,118,2845600
9/19/2025,WGSH,234,242,224,226,1600100
9/19/2025,WICO,0,0,0,0,0
9/19/2025,WIDI,50,53,47,53,113137600
9/19/2025,WIFI,2640,2670,2600,2660,38654700
9/19/2025,WIIM,930,1005,925,1000,13966800
9/19/2025,WIKA,0,0,0,0,0
9/19/2025,WINE,216,222,214,216,3429600
9/19/2025,WINR,44,48,44,48,54580600
9/19/2025,WINS,448,472,410,466,6710500
9/19/2025,WIRG,157,159,147,151,594786700
9/19/2025,WMPP,0,0,0,0,0
9/19/2025,WMUU,30,30,30,30,156153400
9/19/2025,WOMF,342,342,332,340,431100
9/19/2025,WOOD,408,416,398,400,6461300
9/19/2025,WOWS,85,101,84,90,442719800
9/19/2025,WSBP,29,29,28,29,93063000
9/19/2025,WSKT,0,0,0,0,0
9/19/2025,WTON,105,106,104,105,7995900
9/19/2025,XAQA,0,0,0,0,0
9/19/2025,XBES,1079,1079,1079,1079,10000
9/19/2025,XBID,517,520,517,520,41000
9/19/2025,XBIG,0,0,0,0,0
9/19/2025,XBIN,590,590,590,590,40000
9/19/2025,XBLQ,486,487,486,487,1500
9/19/2025,XBNI,0,0,0,0,0
9/19/2025,XBSK,451,451,451,451,40000
9/19/2025,XCEG,107,107,107,107,1400
9/19/2025,XCID,68,69,68,69,56200
9/19/2025,XCIS,92,92,78,89,7100
9/19/2025,XCLQ,88,118,79,87,47700
9/19/2025,XDIF,0,0,0,0,0
9/19/2025,XIFE,109,109,109,109,41500
9/19/2025,XIHD,628,628,628,628,100
9/19/2025,XIIC,0,0,0,0,0
9/19/2025,XIID,0,0,0,0,0
9/19/2025,XIIF,460,461,456,460,15900
9/19/2025,XIIT,530,530,519,525,19200
9/19/2025,XIJI,653,653,640,643,12000
9/19/2025,XILV,117,125,117,125,18400
9/19/2025,XIML,256,300,248,300,805400
9/19/2025,XIPB,204,204,204,204,2900
9/19/2025,XIPI,0,0,0,0,0
9/19/2025,XISB,0,0,0,0,0
9/19/2025,XISC,0,0,0,0,0
9/19/2025,XISI,0,0,0,0,0
9/19/2025,XISR,0,0,0,0,0
9/19/2025,XKID,0,0,0,0,0
9/19/2025,XKIV,589,590,589,590,40100
9/19/2025,XKMS,1153,1156,1153,1155,200000
9/19/2025,XMGB,0,0,0,0,0
9/19/2025,XMIG,222,222,222,222,200000
9/19/2025,XMLF,894,894,894,894,40000
9/19/2025,XMSK,0,0,0,0,0
9/19/2025,XNVE,0,0,0,0,0
9/19/2025,XPDV,0,0,0,0,0
9/19/2025,XPFT,557,557,557,557,100
9/19/2025,XPIN,0,0,0,0,0
9/19/2025,XPLQ,0,0,0,0,0
9/19/2025,XPSG,0,0,0,0,0
9/19/2025,XPTD,476,476,475,475,300
9/19/2025,XSBC,102,102,101,102,28500
9/19/2025,XSPI,0,0,0,0,0
9/19/2025,XSSI,82,83,79,83,552500
9/19/2025,XSSK,697,702,697,702,20100
9/19/2025,YELO,65,65,65,65,7225700
9/19/2025,YOII,105,105,100,101,6995600
9/19/2025,YPAS,354,354,354,354,1200
9/19/2025,YULE,2810,2810,2650,2690,38600
9/19/2025,YUPI,1610,1625,1605,1615,16400
9/19/2025,ZATA,46,46,46,46,3385700
9/19/2025,ZBRA,0,0,0,0,0
9/19/2025,ZINC,50,50,50,50,134183800
9/19/2025,ZONE,755,765,750,755,161900
9/19/2025,ZYRX,146,154,145,145,863600
