<date>,<ticker>,<open>,<high>,<low>,<close>,<volume>
9/24/2025,IHSG,8161.280,8169.020,8077.840,8126.558,48258637400
9/24/2025,AADI,7350,7625,7200,7450,35965600
9/24/2025,AADIHDCK6A,83,92,81,86,790800
9/24/2025,AADIYUCK6A,286,300,274,300,26300
9/24/2025,AALI,7975,8075,7900,7925,2199200
9/24/2025,ABBA,68,68,65,65,9131800
9/24/2025,ABDA,0,0,0,0,0
9/24/2025,ABMM,2920,2930,2900,2900,947100
9/24/2025,ACES,428,428,424,424,22971700
9/24/2025,ACESBQCV5A,11,13,10,10,39977300
9/24/2025,ACESBQCX5B,8,11,7,9,68194200
9/24/2025,ACESBQCZ5A,14,15,14,15,8600
9/24/2025,ACESDRCJ6A,13,13,11,12,332000
9/24/2025,ACESHDCZ5A,27,27,26,27,20300
9/24/2025,ACESZPCJ6A,19,21,19,21,55000
9/24/2025,ACRO,87,87,84,85,5339900
9/24/2025,ACRO-W,15,18,14,16,74768700
9/24/2025,ACST,135,137,133,134,4001600
9/24/2025,ADCP,62,65,60,62,123846200
9/24/2025,ADES,13075,13225,12900,13000,27400
9/24/2025,ADHI,280,284,276,278,15859700
9/24/2025,ADMF,8975,8975,8925,8950,21500
9/24/2025,ADMG,140,141,135,138,585100
9/24/2025,ADMR,1045,1060,1015,1020,54407800
9/24/2025,ADMRDRCJ6A,34,35,32,35,2065600
9/24/2025,ADMRHDCJ6A,54,54,54,54,7300
9/24/2025,ADMRZPCH6A,51,53,51,53,8100
9/24/2025,ADRO,1775,1790,1725,1730,146696300
9/24/2025,ADROBQCG6A,72,76,70,70,68800
9/24/2025,ADROBQCU5A,0,0,0,0,0
9/24/2025,ADROBQCZ5A,15,19,12,15,32021900
9/24/2025,ADRODRCJ6A,54,58,54,54,292900
9/24/2025,ADRODRCX5A,36,36,33,33,210100
9/24/2025,ADROHDCZ5A,51,55,50,50,43800
9/24/2025,ADROHDPH6A,118,118,118,118,2000
9/24/2025,ADROYUCZ5A,0,0,0,0,0
9/24/2025,ADROZPCF6A,25,27,25,25,522300
9/24/2025,ADROZPCK6A,53,55,53,54,3600
9/24/2025,AEGS,68,68,56,58,141232400
9/24/2025,AGAR,256,260,236,244,745300
9/24/2025,AGII,815,820,795,815,1124900
9/24/2025,AGRO,242,244,232,234,17826400
9/24/2025,AGRS,79,79,77,77,8547900
9/24/2025,AHAP,79,80,76,76,13391000
9/24/2025,AIMS,352,352,352,352,1400
9/24/2025,AISA,155,155,145,145,26667300
9/24/2025,AKKU,0,0,0,0,0
9/24/2025,AKPI,580,580,560,565,324500
9/24/2025,AKRA,1215,1220,1205,1210,16063200
9/24/2025,AKRABQCX5B,34,34,34,34,6700
9/24/2025,AKRADRCX5A,0,0,0,0,0
9/24/2025,AKRAHDCH6A,59,59,59,59,2000
9/24/2025,AKRAZPCJ6A,49,49,48,48,5700
9/24/2025,AKRAZPCX5A,0,0,0,0,0
9/24/2025,AKSI,316,324,302,310,1271700
9/24/2025,ALDO,492,500,488,496,260100
9/24/2025,ALII,535,555,535,545,3760800
9/24/2025,ALKA,340,348,330,336,61500
9/24/2025,ALMI,0,0,0,0,0
9/24/2025,ALTO,0,0,0,0,0
9/24/2025,AMAG,370,370,362,364,37700
9/24/2025,AMAN,170,171,157,160,14032700
9/24/2025,AMAR,206,210,204,208,900500
9/24/2025,AMFG,3360,3400,3320,3400,4600
9/24/2025,AMIN,236,270,226,248,6587900
9/24/2025,AMMN,7300,7300,6900,7050,28224400
9/24/2025,AMMNBQCZ5A,17,22,16,18,42860300
9/24/2025,AMMNDRCJ6A,47,48,46,47,39800
9/24/2025,AMMNHDCH6A,75,75,70,70,14500
9/24/2025,AMMNZPCG6A,33,33,30,31,622300
9/24/2025,AMMS,292,292,240,256,61362900
9/24/2025,AMOR,466,466,460,462,131700
9/24/2025,AMRT,1920,1925,1885,1905,103881000
9/24/2025,AMRTBQCU5A,4,5,2,3,57740000
9/24/2025,AMRTDRCZ5A,19,20,19,19,1209800
9/24/2025,AMRTHDCJ6A,13,13,12,13,413400
9/24/2025,AMRTZPCK6A,19,19,18,19,46700
9/24/2025,AMRTZPCX5A,0,0,0,0,0
9/24/2025,ANDI,35,35,34,34,14813800
9/24/2025,ANJT,1805,2250,1800,2250,4003900
9/24/2025,ANTM,3610,3620,3460,3470,173507600
9/24/2025,ANTMBQCU5A,0,0,0,0,0
9/24/2025,ANTMBQCX5A,115,115,91,91,216600
9/24/2025,ANTMBQCZ5A,875,875,875,875,800
9/24/2025,ANTMDRCG6A,73,73,64,64,1729000
9/24/2025,ANTMDRCX5A,380,380,376,376,59400
9/24/2025,ANTMDRPZ5A,27,32,27,32,220600
9/24/2025,ANTMHDCH6A,112,112,109,109,100200
9/24/2025,ANTMHDCH6B,174,174,171,171,5000
9/24/2025,ANTMHDCU5A,138,138,104,104,114800
9/24/2025,ANTMHDPH6A,55,60,55,60,34100
9/24/2025,ANTMZPCJ6A,120,120,100,100,117800
9/24/2025,ANTMZPCK6A,43,45,43,44,39200
9/24/2025,ANTMZPCX5A,274,274,266,266,400
9/24/2025,APEX,119,122,115,116,27528300
9/24/2025,APIC,1135,1165,1135,1155,5371900
9/24/2025,APII,180,185,180,185,310800
9/24/2025,APLI,476,494,476,488,3000
9/24/2025,APLN,104,105,103,103,7423700
9/24/2025,ARCI,1085,1100,1035,1075,99346000
9/24/2025,AREA,550,550,535,545,1393800
9/24/2025,ARGO,1195,1195,1100,1135,17900
9/24/2025,ARII,312,320,284,290,2366000
9/24/2025,ARKA,45,45,43,43,12300900
9/24/2025,ARKO,1770,1790,1510,1510,2950700
9/24/2025,ARMY,0,0,0,0,0
9/24/2025,ARNA,555,565,550,555,3358400
9/24/2025,ARTA,3500,3500,3050,3220,3900
9/24/2025,ARTI,0,0,0,0,0
9/24/2025,ARTO,2140,2150,2030,2100,10841000
9/24/2025,ARTOBQCU5A,0,0,0,0,0
9/24/2025,ARTOBQCX5B,0,0,0,0,0
9/24/2025,ARTOBQCZ5A,18,18,14,17,20917400
9/24/2025,ARTODRCK6A,0,0,0,0,0
9/24/2025,ARTODRCX5A,48,48,48,48,200000
9/24/2025,ARTOHDCZ5A,0,0,0,0,0
9/24/2025,ARTOZPCK6A,46,46,45,45,3700
9/24/2025,ARTOZPCX5A,0,0,0,0,0
9/24/2025,ASBI,452,452,442,442,21100
9/24/2025,ASDM,540,560,530,545,18400
9/24/2025,ASGR,1190,1220,1190,1200,450700
9/24/2025,ASHA,85,88,85,88,42191500
9/24/2025,ASII,5950,5950,5850,5900,61167600
9/24/2025,ASIIBQCU5A,0,0,0,0,0
9/24/2025,ASIIBQCZ5A,0,0,0,0,0
9/24/2025,ASIIDRCX5A,0,0,0,0,0
9/24/2025,ASIIDRCX6A,0,0,0,0,0
9/24/2025,ASIIHDCZ5A,182,182,182,182,1300
9/24/2025,ASIIZPCJ6A,137,138,135,138,10800
9/24/2025,ASJT,112,116,111,116,110100
9/24/2025,ASLC,91,91,86,86,109987000
9/24/2025,ASLI,0,0,0,0,0
9/24/2025,ASMI,43,49,43,47,14697300
9/24/2025,ASPI,0,0,0,0,0
9/24/2025,ASPR,99,116,97,102,170940600
9/24/2025,ASRI,173,173,169,172,23301700
9/24/2025,ASRM,278,280,276,280,21800
9/24/2025,ASSA,900,910,875,880,3355400
9/24/2025,ATAP,69,69,68,68,2994600
9/24/2025,ATIC,436,440,426,438,259700
9/24/2025,ATLA,69,70,67,67,147126200
9/24/2025,AUTO,2320,2350,2300,2300,2064500
9/24/2025,AUTOZPCJ6A,0,0,0,0,0
9/24/2025,AVIA,402,410,402,406,9161600
9/24/2025,AVIAZPCJ6A,16,16,15,16,34300
9/24/2025,AWAN,260,260,252,256,20205100
9/24/2025,AXIO,132,137,132,132,2242900
9/24/2025,AYAM,178,178,174,176,126610700
9/24/2025,AYLS,114,115,109,113,5252200
9/24/2025,BABP,57,61,57,59,89883400
9/24/2025,BABY,310,314,302,304,12684500
9/24/2025,BACA,140,146,138,139,3748800
9/24/2025,BAIK,102,103,99,101,2281900
9/24/2025,BAIK-W,14,19,14,15,76766100
9/24/2025,BAJA,141,142,134,136,3568400
9/24/2025,BALI,1305,1320,1290,1290,11100
9/24/2025,BANK,810,825,805,820,6512200
9/24/2025,BANK-W,0,0,0,0,0
9/24/2025,BAPA,77,84,76,80,27103500
9/24/2025,BAPI,39,39,37,37,33136300
9/24/2025,BATA,54,54,53,54,1208100
9/24/2025,BATR,104,105,100,105,7485900
9/24/2025,BAUT,49,49,49,49,16338200
9/24/2025,BAYU,1290,1300,1280,1290,213000
9/24/2025,BBCA,7950,7950,7725,7775,150428400
9/24/2025,BBCABQCG6A,65,78,62,77,75700
9/24/2025,BBCABQCV5A,19,41,18,24,79232000
9/24/2025,BBCABQCX5A,23,32,16,24,161975900
9/24/2025,BBCADRCF6A,34,36,32,32,6427700
9/24/2025,BBCADRCX6A,0,0,0,0,0
9/24/2025,BBCAHDCQ7A,56,56,53,54,20800
9/24/2025,BBCAHDCV5A,26,26,21,23,673300
9/24/2025,BBCAYUCK6A,184,184,177,177,53300
9/24/2025,BBCAZPCF6A,23,28,20,21,288936200
9/24/2025,BBCAZPCH6A,74,74,71,72,714000
9/24/2025,BBHI,1490,1510,1485,1495,843400
9/24/2025,BBKP,77,78,74,76,271088000
9/24/2025,BBLD,940,940,900,905,13000
9/24/2025,BBMD,2120,2120,2100,2100,300
9/24/2025,BBNI,4220,4230,4170,4190,28653700
9/24/2025,BBNIBQCG6A,54,54,54,54,100
9/24/2025,BBNIBQCU5A,0,0,0,0,0
9/24/2025,BBNIBQCV5A,30,30,26,27,260500
9/24/2025,BBNIDRCX6A,0,0,0,0,0
9/24/2025,BBNIDRCZ5A,48,49,48,48,181200
9/24/2025,BBNIDRPZ5A,68,68,68,68,1000
9/24/2025,BBNIHDCQ7A,0,0,0,0,0
9/24/2025,BBNIYUCV5A,0,0,0,0,0
9/24/2025,BBNIZPCH6A,0,0,0,0,0
9/24/2025,BBNIZPCX5A,0,0,0,0,0
9/24/2025,BBRI,4140,4170,4100,4170,124591600
9/24/2025,BBRIBQCJ6A,74,74,72,72,5200
9/24/2025,BBRIBQCU5A,0,0,0,0,0
9/24/2025,BBRIBQCZ5A,77,77,77,77,14500
9/24/2025,BBRIDRCX5A,155,157,154,155,2001000
9/24/2025,BBRIDRCX6A,2410,2410,2410,2410,100
9/24/2025,BBRIDRPZ5A,49,50,49,50,52200
9/24/2025,BBRIHDCH6A,134,136,134,136,3900
9/24/2025,BBRIHDCQ7A,105,105,105,105,1900
9/24/2025,BBRIYUCV5A,98,98,95,95,2000
9/24/2025,BBRIZPCH6A,101,101,100,100,1500
9/24/2025,BBRIZPCX5A,84,84,84,84,1300
9/24/2025,BBRM,89,89,84,85,7985700
9/24/2025,BBSI,4220,4820,4200,4400,111100
9/24/2025,BBSS,320,340,320,338,133100
9/24/2025,BBTN,1305,1310,1260,1275,35098300
9/24/2025,BBTNHDCZ5A,0,0,0,0,0
9/24/2025,BBTNYUCZ5A,0,0,0,0,0
9/24/2025,BBTNZPCG6A,52,52,48,48,34900
9/24/2025,BBYB,312,314,304,308,59674700
9/24/2025,BCAP,67,71,66,70,108504500
9/24/2025,BCIC,0,0,0,0,0
9/24/2025,BCIP,113,122,107,119,115369500
9/24/2025,BDKR,163,165,160,163,14190100
9/24/2025,BDMN,2390,2450,2370,2400,2412400
9/24/2025,BEBS,0,0,0,0,0
9/24/2025,BEEF,322,326,320,322,12894600
9/24/2025,BEER,107,107,101,103,1837100
9/24/2025,BEKS,30,30,30,30,90499200
9/24/2025,BELI,370,370,366,366,1757900
9/24/2025,BELL,67,68,65,65,18850400
9/24/2025,BESS,1085,1135,1085,1100,33600
9/24/2025,BEST,115,115,111,111,15143600
9/24/2025,BFIN,785,790,770,775,3208100
9/24/2025,BFINDRCK6A,0,0,0,0,0
9/24/2025,BGTG,109,111,106,110,14400100
9/24/2025,BHAT,865,900,865,880,3129200
9/24/2025,BHIT,39,40,39,40,32132400
9/24/2025,BIKA,0,0,0,0,0
9/24/2025,BIKE,1040,1050,1020,1025,9120400
9/24/2025,BIMA,85,85,84,84,269900
9/24/2025,BINA,4440,4500,4420,4500,11600
9/24/2025,BINO,129,129,125,126,776500
9/24/2025,BIPI,84,85,82,82,511961800
9/24/2025,BIPP,51,51,50,50,658700
9/24/2025,BIRD,1815,1820,1785,1785,939100
9/24/2025,BISI,880,905,875,875,329600
9/24/2025,BJBR,770,775,765,770,3739100
9/24/2025,BJTM,520,520,515,515,7398500
9/24/2025,BKDP,50,50,49,50,241300
9/24/2025,BKSL,139,140,134,134,240304100
9/24/2025,BKSW,68,69,66,66,5111600
9/24/2025,BLES,164,165,160,163,5937500
9/24/2025,BLOG,530,535,510,520,2988600
9/24/2025,BLTA,41,41,39,40,17665300
9/24/2025,BLTZ,3000,3300,3000,3300,7600
9/24/2025,BLUE,0,0,0,0,0
9/24/2025,BMAS,765,780,735,760,67500
9/24/2025,BMBL,88,89,73,74,56069800
9/24/2025,BMHS,171,174,169,170,5101500
9/24/2025,BMRI,4410,4430,4390,4390,85439100
9/24/2025,BMRIBQCJ6A,70,70,70,70,1000
9/24/2025,BMRIBQCU5A,0,0,0,0,0
9/24/2025,BMRIBQCZ5A,16,19,16,19,15408200
9/24/2025,BMRIDRCX5A,37,37,35,35,241200
9/24/2025,BMRIDRCX6A,0,0,0,0,0
9/24/2025,BMRIHDCQ7A,75,75,75,75,7800
9/24/2025,BMRIYUCK6A,116,116,115,116,28100
9/24/2025,BMRIZPCH6A,49,49,47,48,35100
9/24/2025,BMRIZPCX5A,21,21,20,20,7500
9/24/2025,BMSR,322,332,286,300,509200
9/24/2025,BMTR,140,173,139,166,694706100
9/24/2025,BNBA,720,720,700,715,68500
9/24/2025,BNBR,61,61,55,55,125905000
9/24/2025,BNGA,1705,1705,1695,1700,3059700
9/24/2025,BNGADRCK6A,0,0,0,0,0
9/24/2025,BNGAZPCH6A,46,46,46,46,5000
9/24/2025,BNII,214,214,210,212,470600
9/24/2025,BNLI,4980,5500,4980,5200,1708200
9/24/2025,BOAT,136,137,129,131,9749100
9/24/2025,BOBA,191,199,176,180,1940600
9/24/2025,BOGA,505,505,496,505,249000
9/24/2025,BOLA,187,190,181,185,1193600
9/24/2025,BOLT,1060,1075,1060,1075,21400
9/24/2025,BOSS,0,0,0,0,0
9/24/2025,BPFI,344,344,324,326,99300
9/24/2025,BPII,565,565,555,555,138600
9/24/2025,BPTR,94,102,94,98,2772600
9/24/2025,BRAM,5125,5150,5125,5150,1000
9/24/2025,BREN,9150,9400,8875,8875,57939000
9/24/2025,BRIS,2700,2730,2650,2690,22084700
9/24/2025,BRISBQCZ5A,47,47,47,47,20000
9/24/2025,BRISDRCJ6A,40,47,40,44,24400
9/24/2025,BRISHDCH6A,0,0,0,0,0
9/24/2025,BRISHDCZ5A,0,0,0,0,0
9/24/2025,BRISYUCV5A,50,50,50,50,1100
9/24/2025,BRISZPCG6A,48,48,48,48,21900
9/24/2025,BRMS,675,725,660,715,1114381000
9/24/2025,BRMSBQCZ5A,118,137,118,137,5600
9/24/2025,BRMSDRCJ6A,95,106,89,105,7943200
9/24/2025,BRMSDRPX5A,9,11,7,10,133481400
9/24/2025,BRMSHDCH6A,157,169,157,169,2600
9/24/2025,BRMSHDCZ5A,348,352,348,352,5400
9/24/2025,BRMSYUCV5A,130,130,75,91,161000
9/24/2025,BRMSZPCG6A,140,167,140,167,48400
9/24/2025,BRNA,740,740,705,705,123900
9/24/2025,BRPT,3390,3910,3340,3770,427477000
9/24/2025,BRPTBQCV5A,945,1040,945,1040,200
9/24/2025,BRPTBQCX5B,246,350,238,326,282100
9/24/2025,BRPTBQCZ5A,1315,1400,1315,1400,200
9/24/2025,BRPTDRCF6A,354,420,344,410,133000
9/24/2025,BRPTDRCJ6A,200,266,200,254,3769400
9/24/2025,BRPTDRCX5A,440,494,440,478,13400
9/24/2025,BRPTDRPV5A,16,27,15,21,413982300
9/24/2025,BRPTHDCH6A,312,398,312,378,45000
9/24/2025,BRPTHDCH6B,358,358,346,346,600
9/24/2025,BRPTHDPG6A,121,121,94,96,79700
9/24/2025,BRPTYUCZ5A,302,322,296,320,35300
9/24/2025,BRPTZPCF6A,0,0,0,0,0
9/24/2025,BRPTZPCK6A,78,99,76,93,1620900
9/24/2025,BRPTZPCX5A,575,575,570,570,2000
9/24/2025,BRRC,79,80,77,77,9321300
9/24/2025,BRRC-W,18,18,16,16,7589000
9/24/2025,BSBK,89,94,87,88,508710200
9/24/2025,BSDE,1040,1050,995,1005,43654400
9/24/2025,BSDEDRCJ6A,38,38,37,37,43900
9/24/2025,BSDEZPCH6A,58,58,53,53,57300
9/24/2025,BSIM,925,925,885,890,55600
9/24/2025,BSML,130,130,118,122,70465100
9/24/2025,BSSR,3920,3920,3900,3910,360400
9/24/2025,BSWD,0,0,0,0,0
9/24/2025,BTEK,39,42,39,42,758809300
9/24/2025,BTEL,0,0,0,0,0
9/24/2025,BTON,384,384,372,374,28400
9/24/2025,BTPN,2080,2080,2050,2070,7100
9/24/2025,BTPS,1400,1410,1385,1390,4752100
9/24/2025,BTPSDRCK6A,0,0,0,0,0
9/24/2025,BTPSHDCJ6A,0,0,0,0,0
9/24/2025,BTPSZPCH6A,37,37,36,36,20900
9/24/2025,BUAH,1425,1430,1390,1415,282600
9/24/2025,BUDI,220,222,214,218,145300
9/24/2025,BUKA,176,181,170,175,274928800
9/24/2025,BUKABQCZ5B,20,21,18,19,817100
9/24/2025,BUKADRCK6A,19,21,18,18,1190800
9/24/2025,BUKAHDCZ5A,0,0,0,0,0
9/24/2025,BUKK,925,960,890,910,165300
9/24/2025,BULL,186,187,178,182,336974200
9/24/2025,BUMI,143,154,137,149,13829826300
9/24/2025,BUVA,530,580,515,550,226309800
9/24/2025,BVIC,114,114,111,111,5632900
9/24/2025,BVIC-W,46,47,45,46,10100
9/24/2025,BWPT,157,165,152,152,439189400
9/24/2025,BYAN,18275,18300,18175,18300,66800
9/24/2025,CAKK,194,218,182,185,25526500
9/24/2025,CAMP,212,218,212,214,1119800
9/24/2025,CANI,55,60,55,60,1301500
9/24/2025,CARE,302,306,290,294,12399600
9/24/2025,CARS,152,156,139,143,225816800
9/24/2025,CASA,1155,1170,1155,1165,5489100
9/24/2025,CASH,131,135,117,117,7785000
9/24/2025,CASS,2610,2610,2500,2580,32800
9/24/2025,CBDK,6150,6775,6050,6650,41134800
9/24/2025,CBMF,0,0,0,0,0
9/24/2025,CBPE,199,200,195,195,108100
9/24/2025,CBRE,620,680,620,680,61574700
9/24/2025,CBUT,1605,1605,1520,1540,108500
9/24/2025,CCSI,368,370,350,354,361900
9/24/2025,CDIA,1760,1780,1630,1690,655197400
9/24/2025,CEKA,2650,2670,2620,2640,41300
9/24/2025,CENT,121,125,119,123,10514500
9/24/2025,CFIN,316,316,312,312,1562500
9/24/2025,CGAS,150,150,145,147,6449200
9/24/2025,CHEK,191,191,186,188,17167600
9/24/2025,CHEM,101,101,90,97,8438500
9/24/2025,CHIP,1410,1425,1400,1415,108800
9/24/2025,CINT,159,162,157,158,186300
9/24/2025,CITA,4090,4190,4060,4100,647400
9/24/2025,CITY,120,133,114,121,24239400
9/24/2025,CLAY,2250,2390,2240,2250,85300
9/24/2025,CLEO,530,535,520,525,11413100
9/24/2025,CLPI,1255,1280,1240,1270,250200
9/24/2025,CMNP,1310,1325,1305,1315,133900
9/24/2025,CMNP-W,368,368,368,368,300
9/24/2025,CMNT,825,825,805,815,43207800
9/24/2025,CMPP,99,99,91,91,153700
9/24/2025,CMRY,4800,4860,4750,4810,2192800
9/24/2025,CMRYDRCK6A,0,0,0,0,0
9/24/2025,CMRYZPCJ6A,38,38,38,38,4500
9/24/2025,CNKO,116,116,98,98,149352500
9/24/2025,CNMA,126,127,121,121,98580500
9/24/2025,CNTB,0,0,0,0,0
9/24/2025,CNTX,0,0,0,0,0
9/24/2025,COAL,63,67,63,67,154253500
9/24/2025,COCO,436,436,392,400,7042500
9/24/2025,COIN,2410,2880,2350,2880,228808800
9/24/2025,COWL,0,0,0,0,0
9/24/2025,CPIN,4790,4790,4680,4680,4882600
9/24/2025,CPINDRCG6A,72,72,72,72,113400
9/24/2025,CPINZPCJ6A,0,0,0,0,0
9/24/2025,CPRI,0,0,0,0,0
9/24/2025,CPRO,73,75,68,69,1061512900
9/24/2025,CRAB,240,240,234,238,1949300
9/24/2025,CRSN,114,114,110,113,550100
9/24/2025,CSAP,298,302,296,302,178900
9/24/2025,CSIS,179,180,169,177,9831200
9/24/2025,CSMI,432,462,416,450,24006400
9/24/2025,CSRA,835,835,805,820,4160400
9/24/2025,CTBN,5100,5100,5075,5075,200
9/24/2025,CTRA,955,960,925,935,15420900
9/24/2025,CTRADRCJ6A,20,21,19,21,36300
9/24/2025,CTRAHDCK6A,0,0,0,0,0
9/24/2025,CTRAYUCZ5A,0,0,0,0,0
9/24/2025,CTRAZPCG6A,33,33,31,31,1600
9/24/2025,CTTH,41,41,40,40,416900
9/24/2025,CUAN,1615,1640,1570,1595,156902000
9/24/2025,CYBR,990,1005,980,1000,20476300
9/24/2025,CYBR-W,620,620,615,620,7300
9/24/2025,DAAZ,2930,2930,2830,2890,307000
9/24/2025,DADA,136,136,136,136,4380200
9/24/2025,DART,170,171,165,165,425300
9/24/2025,DATA,4180,4200,3960,4060,8100000
9/24/2025,DAYA,1010,1020,970,1015,20700
9/24/2025,DCII,300000,300000,299800,299800,2200
9/24/2025,DEAL,0,0,0,0,0
9/24/2025,DEFI,432,432,374,374,342900
9/24/2025,DEPO,242,260,232,252,4393500
9/24/2025,DEWA,276,280,256,264,979935200
9/24/2025,DEWI,125,125,116,117,101050500
9/24/2025,DFAM,89,91,86,88,17497200
9/24/2025,DGIK,95,96,93,96,4233700
9/24/2025,DGNS,143,144,140,142,27550100
9/24/2025,DGWG,422,424,404,408,9331400
9/24/2025,DIGI,49,49,45,45,1886400
9/24/2025,DILD,139,141,138,138,14174400
9/24/2025,DIVA,127,130,126,128,1961600
9/24/2025,DKFT,730,765,715,760,81079200
9/24/2025,DKHH,105,106,100,100,27832000
9/24/2025,DKHH-W,24,29,20,25,219615100
9/24/2025,DLTA,2050,2090,2000,2070,57600
9/24/2025,DMAS,138,139,137,137,33219400
9/24/2025,DMMX,388,390,380,382,1146000
9/24/2025,DMND,590,600,585,585,140600
9/24/2025,DNAR,118,120,117,119,1415000
9/24/2025,DNET,9150,9150,9050,9075,4405900
9/24/2025,DOID,382,384,366,368,26035000
9/24/2025,DOOH,158,160,153,159,156535500
9/24/2025,DOSS,182,182,169,171,5993200
9/24/2025,DPNS,328,328,322,324,87300
9/24/2025,DPUM,68,69,66,68,3853400
9/24/2025,DRMA,995,995,980,995,340500
9/24/2025,DSFI,89,89,86,87,21775200
9/24/2025,DSNG,1595,1595,1540,1570,18584400
9/24/2025,DSNGDRCK6A,74,74,73,73,5000
9/24/2025,DSNGHDCK6A,91,91,81,81,160000
9/24/2025,DSSA,114500,115500,113050,115000,1310300
9/24/2025,DUCK,0,0,0,0,0
9/24/2025,DUTI,4370,4400,4360,4380,11100
9/24/2025,DVLA,1615,1635,1610,1625,20800
9/24/2025,DWGL,0,0,0,0,0
9/24/2025,DYAN,89,90,88,89,2451600
9/24/2025,EAST,94,95,93,94,2731400
9/24/2025,ECII,199,200,194,196,220700
9/24/2025,EDGE,4220,4270,4200,4200,24200
9/24/2025,EKAD,187,187,184,186,304000
9/24/2025,ELIT,186,187,179,179,12434500
9/24/2025,ELPI,370,380,354,370,673700
9/24/2025,ELSA,496,496,486,490,16570900
9/24/2025,ELSADRCJ6A,32,32,32,32,261300
9/24/2025,ELSAHDCK6A,37,38,36,36,16500
9/24/2025,ELSAZPCG6A,30,30,30,30,7000
9/24/2025,ELTY,28,28,28,28,63896900
9/24/2025,EMAS,4500,4500,3590,3640,736489700
9/24/2025,EMDE,100,102,98,100,2941100
9/24/2025,EMTK,1225,1230,1180,1205,71663300
9/24/2025,EMTKBQCZ5A,0,0,0,0,0
9/24/2025,EMTKDRCK6A,56,57,56,57,700100
9/24/2025,EMTKHDCK6A,78,78,72,72,43800
9/24/2025,EMTKHDCZ5A,248,248,246,246,400000
9/24/2025,EMTKYUCV5A,158,158,158,158,24700
9/24/2025,EMTKZPCH6A,154,154,148,148,2800
9/24/2025,ENAK,685,685,675,685,359200
9/24/2025,ENRG,685,745,665,730,216039500
9/24/2025,ENRGBQCZ5A,41,46,41,45,703500
9/24/2025,ENRGDRCJ6A,102,117,102,116,3415800
9/24/2025,ENRGHDCK6A,50,50,50,50,3000
9/24/2025,ENRGHDCZ5A,0,0,0,0,0
9/24/2025,ENRGZPCG6A,240,240,240,240,300000
9/24/2025,ENRGZPCK6A,31,33,31,32,320000
9/24/2025,ENVY,0,0,0,0,0
9/24/2025,ENZO,43,43,40,42,2948900
9/24/2025,EPAC,42,42,37,37,18492700
9/24/2025,EPMT,2310,2320,2290,2310,23400
9/24/2025,ERAA,444,464,444,454,107974400
9/24/2025,ERAABQCZ5A,20,23,20,21,209600
9/24/2025,ERAADRCJ6A,12,18,10,12,366733500
9/24/2025,ERAAHDCZ5A,32,32,31,31,578700
9/24/2025,ERAAZPCH6A,0,0,0,0,0
9/24/2025,ERAL,330,330,316,324,18318000
9/24/2025,ERTX,125,127,122,123,2257100
9/24/2025,ESIP,90,90,90,90,14868900
9/24/2025,ESSA,640,640,615,620,34831400
9/24/2025,ESSABQCZ5A,42,43,42,42,180200
9/24/2025,ESSAHDCH6A,54,54,54,54,13000
9/24/2025,ESSAYUCZ5A,39,39,39,39,100
9/24/2025,ESSAZPCK6A,18,18,18,18,553300
9/24/2025,ESTA,76,79,74,76,18639400
9/24/2025,ESTI,101,101,101,101,5194400
9/24/2025,ETWA,0,0,0,0,0
9/24/2025,EURO,300,324,296,324,206200
9/24/2025,EXCL,2700,2800,2590,2730,15657200
9/24/2025,EXCLHDCJ6A,35,40,35,40,42200
9/24/2025,EXCLZPCF6A,74,74,74,74,37900
9/24/2025,FAPA,6025,6125,6025,6125,23900
9/24/2025,FAST,366,384,354,372,64381500
9/24/2025,FASW,0,0,0,0,0
9/24/2025,FILM,4850,4850,4500,4500,2530100
9/24/2025,FIMP,0,0,0,0,0
9/24/2025,FIRE,100,100,97,97,16853100
9/24/2025,FISH,3130,3130,2510,2960,1530700
9/24/2025,FITT,0,0,0,0,0
9/24/2025,FLMC,260,260,236,236,15675100
9/24/2025,FMII,366,372,354,370,131400
9/24/2025,FOLK,115,122,108,121,33286500
9/24/2025,FOOD,0,0,0,0,0
9/24/2025,FORE,525,525,510,515,6343100
9/24/2025,FORU,1245,1295,1185,1255,296000
9/24/2025,FPNI,194,196,191,192,2038800
9/24/2025,FUJI,775,810,745,765,15048500
9/24/2025,FUTR,420,420,394,400,78726600
9/24/2025,FWCT,164,164,158,163,3144900
9/24/2025,GAMA,0,0,0,0,0
9/24/2025,GDST,107,109,106,108,1946600
9/24/2025,GDYR,1200,1485,1155,1470,203900
9/24/2025,GEMA,117,118,112,114,10728700
9/24/2025,GEMS,9000,9050,8950,8950,62300
9/24/2025,GGRM,14975,15200,13525,13700,7260400
9/24/2025,GGRMZPCG6A,165,200,80,138,67078400
9/24/2025,GGRP,240,242,230,236,853600
9/24/2025,GHON,1695,1695,1660,1660,6000
9/24/2025,GIAA,99,99,99,99,516537600
9/24/2025,GJTL,1040,1040,1020,1030,4981800
9/24/2025,GJTLZPCJ6A,22,22,22,22,247700
9/24/2025,GLOB,106,106,106,106,319000
9/24/2025,GLVA,332,332,332,332,5300
9/24/2025,GMFI,92,92,92,92,92678200
9/24/2025,GMTD,2190,2190,2020,2120,5000
9/24/2025,GOLD,268,270,264,268,403800
9/24/2025,GOLF,212,214,210,212,1839500
9/24/2025,GOLL,0,0,0,0,0
9/24/2025,GOOD,382,382,372,376,302900
9/24/2025,GOTO,54,54,53,53,1352485600
9/24/2025,GOTOBQCJ6A,8,9,7,9,24187000
9/24/2025,GOTOBQCZ5A,7,7,5,6,29818400
9/24/2025,GOTODRCG6A,8,8,7,7,39651600
9/24/2025,GOTOHDCK6A,14,14,13,13,1508300
9/24/2025,GOTOM,0,0,0,0,0
9/24/2025,GOTOZPCH6A,0,0,0,0,0
9/24/2025,GOTOZPCK6A,15,15,10,11,573100
9/24/2025,GPRA,143,148,131,133,132614000
9/24/2025,GPSO,0,0,0,0,0
9/24/2025,GRIA,128,129,120,120,5629600
9/24/2025,GRPH,74,74,70,71,16647600
9/24/2025,GRPM,80,82,68,68,57375800
9/24/2025,GRPM-W,37,40,20,25,150111600
9/24/2025,GSMF,91,103,89,101,12531100
9/24/2025,GTBO,220,220,210,216,626800
9/24/2025,GTRA,222,280,218,280,27165300
9/24/2025,GTSI,87,88,83,83,28187000
9/24/2025,GULA,342,350,332,338,1130400
9/24/2025,GUNA,234,240,228,234,522100
9/24/2025,GWSA,157,157,153,155,670700
9/24/2025,GZCO,226,246,224,228,562276000
9/24/2025,HADE,44,47,44,47,13191400
9/24/2025,HAIS,193,194,191,192,2646500
9/24/2025,HAJJ,144,151,126,129,68979400
9/24/2025,HAJJ-W,35,39,24,25,138289900
9/24/2025,HALO,101,110,99,102,139275400
9/24/2025,HALO-W,20,23,18,20,93415200
9/24/2025,HATM,248,248,242,244,23308700
9/24/2025,HBAT,286,286,258,280,4474400
9/24/2025,HDFA,157,160,150,154,958600
9/24/2025,HDIT,85,91,85,90,30496000
9/24/2025,HEAL,1660,1665,1635,1635,11181300
9/24/2025,HEALBQCZ5A,0,0,0,0,0
9/24/2025,HEALDRCJ6A,51,51,48,48,4100
9/24/2025,HEALHDCH6A,0,0,0,0,0
9/24/2025,HEALYUCZ5A,0,0,0,0,0
9/24/2025,HEALZPCH6A,0,0,0,0,0
9/24/2025,HELI,248,250,240,240,348100
9/24/2025,HERO,396,404,390,402,194900
9/24/2025,HEXA,5350,5350,5225,5325,2289000
9/24/2025,HGII,155,156,150,152,12635500
9/24/2025,HILL,206,208,202,204,1822000
9/24/2025,HITS,0,0,0,0,0
9/24/2025,HKMU,0,0,0,0,0
9/24/2025,HMSP,840,860,785,790,261181200
9/24/2025,HOKI,94,97,92,92,94706900
9/24/2025,HOME,0,0,0,0,0
9/24/2025,HOMI,254,262,248,256,7939200
9/24/2025,HOPE,153,157,141,149,7937100
9/24/2025,HOTL,0,0,0,0,0
9/24/2025,HRME,46,46,45,45,1676600
9/24/2025,HRTA,945,965,925,930,29302100
9/24/2025,HRUM,1135,1135,1075,1080,38683600
9/24/2025,HRUMHDCK6A,63,63,55,55,348300
9/24/2025,HRUMZPCG6A,64,67,60,60,7200
9/24/2025,HUMI,138,139,132,132,77169800
9/24/2025,HUMI-W,24,24,22,22,33210800
9/24/2025,HYGN,170,174,168,174,3265600
9/24/2025,IATA,87,87,86,87,24851000
9/24/2025,IATA-W,29,29,29,29,27300
9/24/2025,IBFN,63,63,63,63,250400
9/24/2025,IBOS,75,75,63,75,130421300
9/24/2025,IBST,6200,6200,6200,6200,400
9/24/2025,ICBP,9700,9725,9550,9550,5779000
9/24/2025,ICBPDRCX6A,0,0,0,0,0
9/24/2025,ICBPHDCJ6A,0,0,0,0,0
9/24/2025,ICBPZPCX5A,30,30,29,29,12600
9/24/2025,ICON,52,52,52,52,659900
9/24/2025,IDEA,163,163,147,147,12652700
9/24/2025,IDPR,310,310,280,286,458500
9/24/2025,IFII,236,240,232,240,189200
9/24/2025,IFSH,880,880,840,850,15300
9/24/2025,IGAR,525,525,515,515,39500
9/24/2025,IIKP,0,0,0,0,0
9/24/2025,IKAI,37,37,35,35,53091500
9/24/2025,IKAN,139,140,134,134,11783400
9/24/2025,IKBI,525,525,510,525,82300
9/24/2025,IKPM,238,242,220,222,1373800
9/24/2025,IMAS,1140,1140,1120,1140,353100
9/24/2025,IMJS,246,248,234,236,13139500
9/24/2025,IMPC,1980,2380,1920,2310,88721300
9/24/2025,INAF,0,0,0,0,0
9/24/2025,INAI,155,161,155,155,434000
9/24/2025,INCF,72,72,68,68,14502500
9/24/2025,INCI,620,620,610,615,194000
9/24/2025,INCO,4300,4360,4200,4280,8274800
9/24/2025,INCOBQCF6A,90,90,90,90,4600
9/24/2025,INCOBQCV5A,71,73,59,66,581300
9/24/2025,INCODRCK6A,0,0,0,0,0
9/24/2025,INCODRCX5A,126,126,126,126,40000
9/24/2025,INCODRPV5A,10,11,7,9,55485200
9/24/2025,INCOHDCJ6A,114,115,113,114,11100
9/24/2025,INCOYUCZ5A,115,115,115,115,100
9/24/2025,INCOZPCK6A,0,0,0,0,0
9/24/2025,INCOZPCX5A,191,191,186,186,500
9/24/2025,INDF,7800,7950,7750,7875,9415800
9/24/2025,INDFBQCV5A,0,0,0,0,0
9/24/2025,INDFDRCX6A,0,0,0,0,0
9/24/2025,INDFHDCJ6A,0,0,0,0,0
9/24/2025,INDO,246,248,242,246,4150900
9/24/2025,INDR,2950,2950,2890,2900,98300
9/24/2025,INDS,266,266,236,254,3266300
9/24/2025,INDX,234,284,234,276,63939400
9/24/2025,INDY,2430,2470,2360,2400,31518200
9/24/2025,INDYHDCJ6A,282,282,282,282,100
9/24/2025,INDYZPCG6A,146,148,141,141,255700
9/24/2025,INET,242,244,230,230,93690500
9/24/2025,INET-W,146,147,138,138,4167900
9/24/2025,INKP,7300,7350,7200,7325,6439000
9/24/2025,INKPBQCX5A,0,0,0,0,0
9/24/2025,INKPDRCF6A,0,0,0,0,0
9/24/2025,INKPHDCK6A,113,115,113,115,13400
9/24/2025,INKPZPCF6A,0,0,0,0,0
9/24/2025,INKPZPCK6A,32,32,32,32,20000
9/24/2025,INOV,96,101,94,97,2394800
9/24/2025,INPC,162,165,158,161,24106300
9/24/2025,INPP,765,765,740,740,106700
9/24/2025,INPS,160,160,157,157,3804400
9/24/2025,INRU,790,790,755,760,39200
9/24/2025,INTA,48,48,48,48,2094500
9/24/2025,INTD,199,200,196,196,69200
9/24/2025,INTP,7025,7025,6800,6800,685100
9/24/2025,INTPZPCG6A,0,0,0,0,0
9/24/2025,IOTF,94,94,91,92,47413100
9/24/2025,IPAC,163,173,163,173,224600
9/24/2025,IPCC,1095,1095,1080,1085,1657600
9/24/2025,IPCM,304,308,304,306,1313600
9/24/2025,IPOL,137,139,135,139,104200
9/24/2025,IPPE,0,0,0,0,0
9/24/2025,IPTV,45,49,45,49,32294900
9/24/2025,IRRA,424,426,414,420,1032100
9/24/2025,IRSX,310,310,306,308,25841700
9/24/2025,ISAP,69,69,57,66,496545100
9/24/2025,ISAP-W,45,49,20,32,872590400
9/24/2025,ISAT,1865,1870,1830,1830,9379200
9/24/2025,ISATBQCJ6A,0,0,0,0,0
9/24/2025,ISATBQCU5A,4,10,2,4,334800200
9/24/2025,ISATDRCG6A,0,0,0,0,0
9/24/2025,ISATDRCX5A,33,33,33,33,16300
9/24/2025,ISATHDCJ6A,16,16,14,15,16449800
9/24/2025,ISATZPCF6A,29,29,26,27,64100
9/24/2025,ISEA,95,95,91,91,11916500
9/24/2025,ISSP,440,460,434,442,18447400
9/24/2025,ITIC,0,0,0,0,0
9/24/2025,ITMA,1210,1270,1110,1145,7304600
9/24/2025,ITMG,22975,23000,22825,22825,1174200
9/24/2025,ITMGHDCJ6A,0,0,0,0,0
9/24/2025,ITMGZPCJ6A,0,0,0,0,0
9/24/2025,JARR,4230,4250,3730,4250,64981900
9/24/2025,JAST,100,101,97,99,4438900
9/24/2025,JATI,130,130,123,124,6320500
9/24/2025,JAWA,149,150,146,148,3782900
9/24/2025,JAYA,108,109,105,107,1726100
9/24/2025,JECC,1100,1100,1060,1075,44800
9/24/2025,JGLE,26,26,26,26,9122100
9/24/2025,JIHD,670,725,670,710,1708800
9/24/2025,JKON,88,89,86,87,13329000
9/24/2025,JMAS,143,163,141,148,5694100
9/24/2025,JPFA,1965,1970,1895,1915,33142200
9/24/2025,JPFABQCZ5A,107,108,107,108,200
9/24/2025,JPFADRCJ6A,63,63,60,62,10500
9/24/2025,JPFAHDCZ5A,0,0,0,0,0
9/24/2025,JPFAZPCG6A,0,0,0,0,0
9/24/2025,JRPT,810,810,800,810,730300
9/24/2025,JSKY,0,0,0,0,0
9/24/2025,JSMR,3540,3560,3520,3550,2497600
9/24/2025,JSMRDRCK6A,0,0,0,0,0
9/24/2025,JSMRHDCH6A,0,0,0,0,0
9/24/2025,JSMRZPCG6A,0,0,0,0,0
9/24/2025,JSPT,3800,3830,3760,3800,21200
9/24/2025,JTPE,332,334,332,334,591800
9/24/2025,KAEF,515,515,500,505,1555000
9/24/2025,KAQI,69,69,66,66,17024000
9/24/2025,KARW,620,625,620,620,251400
9/24/2025,KAYU,0,0,0,0,0
9/24/2025,KBAG,54,54,50,54,12984200
9/24/2025,KBLI,368,370,364,366,33300
9/24/2025,KBLM,384,388,376,382,272200
9/24/2025,KBLV,0,0,0,0,0
9/24/2025,KBRI,0,0,0,0,0
9/24/2025,KDSI,454,454,448,452,15900
9/24/2025,KDTN,123,126,120,123,1292700
9/24/2025,KEEN,980,1050,965,1050,28594500
9/24/2025,KEJU,615,615,600,605,784300
9/24/2025,KETR,500,505,478,482,4290800
9/24/2025,KIAS,0,0,0,0,0
9/24/2025,KICI,145,150,143,147,462100
9/24/2025,KIJA,194,196,191,192,89285500
9/24/2025,KING,212,218,210,214,963600
9/24/2025,KING-W,19,20,16,17,36949400
9/24/2025,KINO,1185,1190,1150,1150,65100
9/24/2025,KIOS,86,88,84,86,11952200
9/24/2025,KJEN,0,0,0,0,0
9/24/2025,KKES,42,42,39,39,6306000
9/24/2025,KKGI,334,336,324,328,5989600
9/24/2025,KLAS,146,150,144,145,18249500
9/24/2025,KLBF,1190,1190,1165,1165,45664900
9/24/2025,KLBFBQCJ6A,0,0,0,0,0
9/24/2025,KLBFBQCV5A,11,14,11,13,26327400
9/24/2025,KLBFDRCG6A,18,18,15,16,85200
9/24/2025,KLBFHDCK6A,63,63,63,63,1600
9/24/2025,KLBFZPCF6A,17,17,17,17,300
9/24/2025,KLBFZPCJ6A,0,0,0,0,0
9/24/2025,KLIN,187,198,186,192,3391300
9/24/2025,KMDS,640,640,625,635,88000
9/24/2025,KMTR,300,302,290,296,308000
9/24/2025,KOBX,144,146,141,143,419000
9/24/2025,KOCI,91,92,86,90,21833400
9/24/2025,KOCI-W,22,24,20,22,19640900
9/24/2025,KOIN,78,85,78,85,1166100
9/24/2025,KOKA,0,0,0,0,0
9/24/2025,KONI,1610,1685,1555,1575,4000
9/24/2025,KOPI,346,350,340,344,221900
9/24/2025,KOTA,41,41,40,40,22507500
9/24/2025,KPIG,187,197,185,194,144347000
9/24/2025,KRAS,314,318,310,314,15246800
9/24/2025,KREN,29,29,29,29,46936700
9/24/2025,KRYA,222,222,208,210,16374100
9/24/2025,KSIX,258,260,252,256,651400
9/24/2025,KUAS,72,73,70,72,7498400
9/24/2025,LABA,0,0,0,0,0
9/24/2025,LABS,143,144,141,142,813800
9/24/2025,LAJU,73,73,67,69,56254200
9/24/2025,LAND,57,57,57,57,17772700
9/24/2025,LAPD,216,216,216,216,22928100
9/24/2025,LCGP,0,0,0,0,0
9/24/2025,LCKM,264,264,238,256,740700
9/24/2025,LEAD,87,87,83,83,28160300
9/24/2025,LFLO,332,332,300,300,54200
9/24/2025,LIFE,12000,12000,11000,11800,22400
9/24/2025,LINK,2810,2810,2800,2800,16600
9/24/2025,LION,690,690,685,685,520400
9/24/2025,LIVE,326,342,278,278,83478100
9/24/2025,LMAS,0,0,0,0,0
9/24/2025,LMAX,138,141,117,117,6965600
9/24/2025,LMPI,144,147,143,146,137800
9/24/2025,LMSH,0,0,0,0,0
9/24/2025,LOPI,0,0,0,0,0
9/24/2025,LPCK,645,675,625,650,3022400
9/24/2025,LPGI,452,452,438,440,49900
9/24/2025,LPIN,478,484,468,480,1835900
9/24/2025,LPKR,97,104,96,100,374528500
9/24/2025,LPLI,800,800,560,630,15884200
9/24/2025,LPPF,1620,1635,1605,1610,1568500
9/24/2025,LPPS,94,124,94,124,345172200
9/24/2025,LRNA,184,199,183,185,698000
9/24/2025,LSIP,1340,1340,1310,1310,4665600
9/24/2025,LSIPDRCK6A,0,0,0,0,0
9/24/2025,LSIPHDCJ6A,47,47,47,47,5000
9/24/2025,LSIPYUCZ5A,56,56,56,56,100
9/24/2025,LSIPZPCG6A,0,0,0,0,0
9/24/2025,LTLS,845,850,840,850,90000
9/24/2025,LUCK,108,126,103,116,57278100
9/24/2025,LUCY,89,96,86,88,5975700
9/24/2025,MABA,0,0,0,0,0
9/24/2025,MAGP,0,0,0,0,0
9/24/2025,MAHA,156,156,150,150,6663000
9/24/2025,MAIN,725,730,705,715,1767000
9/24/2025,MANG,80,80,66,80,80982200
9/24/2025,MANG-W,65,65,30,38,239663500
9/24/2025,MAPA,560,565,535,540,23682300
9/24/2025,MAPABQCZ5A,12,13,10,13,858300
9/24/2025,MAPADRCJ6A,11,12,10,10,9391200
9/24/2025,MAPAHDCZ5A,21,21,20,20,362200
9/24/2025,MAPAZPCH6A,25,25,25,25,2400
9/24/2025,MAPB,1630,1680,1615,1680,7500
9/24/2025,MAPI,1165,1175,1125,1130,27844900
9/24/2025,MAPIBQCV5A,10,15,10,12,28321000
9/24/2025,MAPIDRCX5A,15,15,12,12,518100
9/24/2025,MAPIHDCK6A,66,66,66,66,7500
9/24/2025,MAPIZPCJ6A,0,0,0,0,0
9/24/2025,MARI,43,43,40,40,25435100
9/24/2025,MARK,655,655,635,640,1648200
9/24/2025,MASA,0,0,0,0,0
9/24/2025,MASB,3250,3320,3210,3210,1900
9/24/2025,MAXI,60,60,57,58,23546900
9/24/2025,MAYA,298,300,292,292,11107300
9/24/2025,MBAP,1645,1650,1625,1625,93600
9/24/2025,MBMA,498,500,472,480,350720700
9/24/2025,MBMABQCX5A,25,25,21,21,1435000
9/24/2025,MBMADRCX5A,40,40,35,36,320300
9/24/2025,MBMADRPX5A,12,13,12,13,329100
9/24/2025,MBMAHDCH6A,76,76,74,74,10100
9/24/2025,MBMAYUCK6A,103,103,98,98,16200
9/24/2025,MBMAZPCK6A,25,26,24,24,131800
9/24/2025,MBMAZPCX5A,77,77,71,71,22000
9/24/2025,MBSS,1550,1565,1510,1510,2653600
9/24/2025,MBTO,143,143,136,139,3760400
9/24/2025,MCAS,795,800,770,770,133000
9/24/2025,MCOL,3880,3900,3780,3800,17400
9/24/2025,MCOR,76,76,74,75,5205400
9/24/2025,MDIA,56,56,56,56,33166200
9/24/2025,MDIY,1075,1100,1065,1080,4292000
9/24/2025,MDKA,2450,2470,2230,2280,199310700
9/24/2025,MDKABQCV5A,105,105,72,72,993600
9/24/2025,MDKABQCX5B,31,31,24,25,677100
9/24/2025,MDKADRCK6A,76,76,62,62,231400
9/24/2025,MDKADRCV5A,93,93,67,71,3279500
9/24/2025,MDKADRPX5A,24,28,24,28,25700
9/24/2025,MDKAHDCU5A,134,134,93,93,156300
9/24/2025,MDKAHDCZ5A,125,125,110,110,8200
9/24/2025,MDKAHDPH6A,113,122,113,122,442300
9/24/2025,MDKAYUCK6A,148,148,142,143,121000
9/24/2025,MDKAZPCF6A,69,70,56,59,7857200
9/24/2025,MDKI,198,198,190,194,3247300
9/24/2025,MDLA,238,238,228,232,11441100
9/24/2025,MDLN,70,71,68,69,26131000
9/24/2025,MDRN,60,60,60,60,25110900
9/24/2025,MEDC,1325,1330,1305,1315,27410500
9/24/2025,MEDCBQCV5A,0,0,0,0,0
9/24/2025,MEDCBQCX5B,0,0,0,0,0
9/24/2025,MEDCBQCZ5A,0,0,0,0,0
9/24/2025,MEDCDRCG6A,38,39,38,38,135100
9/24/2025,MEDCDRPV5A,12,13,12,12,12500
9/24/2025,MEDCHDCH6A,0,0,0,0,0
9/24/2025,MEDCZPCF6A,38,38,38,38,6000
9/24/2025,MEDS,67,68,64,65,21818800
9/24/2025,MEGA,3300,3330,3290,3330,5300
9/24/2025,MEJA,135,135,135,135,15818700
9/24/2025,MEJA-W,128,132,61,88,147286400
9/24/2025,MENN,65,66,61,62,46179300
9/24/2025,MERI,236,238,232,234,2938800
9/24/2025,MERK,2830,2830,2800,2830,29300
9/24/2025,META,0,0,0,0,0
9/24/2025,MFIN,890,950,840,845,414600
9/24/2025,MFMI,0,0,0,0,0
9/24/2025,MGLV,815,850,735,735,2129700
9/24/2025,MGNA,51,52,51,51,527300
9/24/2025,MGNA-W,46,46,46,46,2500
9/24/2025,MGRO,750,770,745,750,7048900
9/24/2025,MHKI,190,191,187,187,14232900
9/24/2025,MICE,494,496,492,494,66800
9/24/2025,MIDI,452,454,438,440,11538500
9/24/2025,MIKA,2480,2500,2420,2470,6101000
9/24/2025,MIKAZPCG6A,0,0,0,0,0
9/24/2025,MINA,178,180,170,171,255632300
9/24/2025,MINE,560,560,535,540,3046300
9/24/2025,MIRA,63,63,62,62,11418400
9/24/2025,MITI,342,346,320,324,9090100
9/24/2025,MKAP,358,358,354,354,356200
9/24/2025,MKNT,0,0,0,0,0
9/24/2025,MKPI,25400,25475,25400,25400,6400
9/24/2025,MKTR,132,136,130,130,3168200
9/24/2025,MKTR-W,17,18,15,15,16840400
9/24/2025,MLBI,5950,5950,5900,5950,52900
9/24/2025,MLIA,350,352,346,348,3432500
9/24/2025,MLPL,162,164,156,156,149798600
9/24/2025,MLPT,0,0,0,0,0
9/24/2025,MMIX,386,404,382,394,16178200
9/24/2025,MMLP,540,545,535,545,4667200
9/24/2025,MNCN,268,312,268,304,301488400
9/24/2025,MOLI,230,230,220,222,3625500
9/24/2025,MORA,440,440,420,424,75500
9/24/2025,MPIX,75,76,72,73,15286600
9/24/2025,MPIX-W,22,22,18,18,15264200
9/24/2025,MPMX,940,945,935,935,3078200
9/24/2025,MPOW,117,119,116,117,956400
9/24/2025,MPPA,72,73,69,69,33260400
9/24/2025,MPRO,0,0,0,0,0
9/24/2025,MPXL,193,194,178,182,18362400
9/24/2025,MRAT,226,226,216,222,1539500
9/24/2025,MREI,985,985,910,935,1317500
9/24/2025,MSIE,0,0,0,0,0
9/24/2025,MSIN,565,585,545,570,29019700
9/24/2025,MSJA,304,308,296,300,3623500
9/24/2025,MSKY,95,106,94,101,219125700
9/24/2025,MSTI,1530,1540,1515,1525,787800
9/24/2025,MTDL,635,635,620,630,4363400
9/24/2025,MTEL,590,590,575,585,5089300
9/24/2025,MTELDRCK6A,18,18,18,18,15000
9/24/2025,MTFN,22,22,22,22,10855700
9/24/2025,MTLA,460,460,456,458,102600
9/24/2025,MTMH,1200,1205,1170,1170,24700
9/24/2025,MTPS,56,56,51,51,1845200
9/24/2025,MTRA,0,0,0,0,0
9/24/2025,MTSM,0,0,0,0,0
9/24/2025,MTWI,348,352,342,352,331600
9/24/2025,MUTU,102,102,99,100,3553200
9/24/2025,MYOH,1700,1700,1655,1695,39500
9/24/2025,MYOR,2060,2060,2020,2030,7909300
9/24/2025,MYORDRCK6A,55,55,54,54,6005000
9/24/2025,MYORZPCH6A,0,0,0,0,0
9/24/2025,MYTX,0,0,0,0,0
9/24/2025,NAIK,141,142,137,137,20278600
9/24/2025,NAIK-W,27,30,27,28,36445300
9/24/2025,NANO,71,72,64,72,136555200
9/24/2025,NASA,70,70,65,65,10270300
9/24/2025,NASI,140,142,131,133,24616600
9/24/2025,NATO,142,145,142,143,271400
9/24/2025,NAYZ,137,137,137,137,15890700
9/24/2025,NCKL,1120,1150,1090,1135,85150600
9/24/2025,NCKLDRCK6A,49,53,48,51,465800
9/24/2025,NCKLHDCK6A,71,74,66,73,4906100
9/24/2025,NCKLYUCZ5A,105,105,105,105,100
9/24/2025,NCKLZPCJ6A,69,72,68,72,24000
9/24/2025,NELY,352,356,348,354,864600
9/24/2025,NEST,268,270,260,262,3637500
9/24/2025,NETV,128,129,127,127,1065600
9/24/2025,NFCX,1715,1715,1630,1685,67900
9/24/2025,NICE,462,468,452,456,6652600
9/24/2025,NICK,1300,1305,1110,1180,4228400
9/24/2025,NICL,1055,1060,1035,1040,4045800
9/24/2025,NIKL,226,228,222,222,2681200
9/24/2025,NINE,0,0,0,0,0
9/24/2025,NIRO,124,134,120,127,2938700
9/24/2025,NISP,1355,1365,1350,1360,3144800
9/24/2025,NOBU,530,535,525,530,3851100
9/24/2025,NPGF,61,62,58,59,13820400
9/24/2025,NRCA,935,955,900,915,12056900
9/24/2025,NSSS,490,496,486,492,11151200
9/24/2025,NTBK,60,60,58,58,16631100
9/24/2025,NUSA,0,0,0,0,0
9/24/2025,NZIA,115,120,111,114,5587600
9/24/2025,OASA,250,250,236,236,97743400
9/24/2025,OBAT,458,460,438,454,1629800
9/24/2025,OBAT-W,101,103,96,99,980600
9/24/2025,OBMD,260,262,244,250,1220200
9/24/2025,OCAP,0,0,0,0,0
9/24/2025,OILS,135,138,133,134,1103500
9/24/2025,OKAS,200,200,182,183,68604600
9/24/2025,OLIV,0,0,0,0,0
9/24/2025,OMED,200,202,195,199,1772700
9/24/2025,OMRE,442,442,442,442,3200
9/24/2025,OPMS,120,163,118,159,158414800
9/24/2025,PACK,1955,1970,1845,1940,4549100
9/24/2025,PADA,82,82,80,80,37356900
9/24/2025,PADI,80,80,75,75,29822000
9/24/2025,PALM,412,416,390,390,4200100
9/24/2025,PAMG,75,76,71,73,22353600
9/24/2025,PANI,13250,13550,12850,13350,18479600
9/24/2025,PANIBQCZ5A,35,37,33,37,107500
9/24/2025,PANIHDCJ6A,98,98,96,96,10400
9/24/2025,PANIHDCZ5A,142,149,133,143,2131200
9/24/2025,PANIZPCJ6A,64,67,61,67,7762700
9/24/2025,PANR,750,755,735,745,7564700
9/24/2025,PANS,1390,1395,1380,1385,221600
9/24/2025,PART,109,109,103,103,17789300
9/24/2025,PART-W,24,24,21,21,9387500
9/24/2025,PBID,492,494,488,492,459600
9/24/2025,PBRX,48,48,47,47,50168200
9/24/2025,PBSA,1120,1120,1120,1120,7391800
9/24/2025,PCAR,53,53,53,53,22871700
9/24/2025,PDES,460,460,456,456,20700
9/24/2025,PDPP,482,510,478,484,457400
9/24/2025,PEGE,113,114,112,113,1738900
9/24/2025,PEHA,332,336,328,330,64000
9/24/2025,PEVE,450,450,446,450,222300
9/24/2025,PGAS,1725,1750,1715,1720,26571800
9/24/2025,PGASBQCU5A,0,0,0,0,0
9/24/2025,PGASBQCZ5A,56,56,56,56,100
9/24/2025,PGASDRCG6A,68,68,68,68,100
9/24/2025,PGASHDCK6A,72,72,72,72,100
9/24/2025,PGASZPCJ6A,0,0,0,0,0
9/24/2025,PGEO,1415,1420,1370,1380,70194900
9/24/2025,PGEOBQCX5B,65,65,16,22,154050400
9/24/2025,PGEODRCJ6A,38,38,36,36,728600
9/24/2025,PGEODRPV5A,15,17,14,17,152300
9/24/2025,PGEOHDCH6A,50,50,50,50,1000
9/24/2025,PGEOHDCH6B,60,60,59,59,6600
9/24/2025,PGEOHDPH6A,132,133,132,132,5000
9/24/2025,PGEOYUCK6A,90,90,88,89,127100
9/24/2025,PGEOZPCJ6A,0,0,0,0,0
9/24/2025,PGJO,1075,1075,1075,1075,357700
9/24/2025,PGLI,220,228,216,220,183000
9/24/2025,PGUN,10675,10675,10675,10675,143700
9/24/2025,PICO,282,318,278,302,20122500
9/24/2025,PIPA,282,282,282,282,86921600
9/24/2025,PJAA,550,580,550,565,1740800
9/24/2025,PKPK,550,550,535,540,71100
9/24/2025,PLAN,82,82,68,68,54959100
9/24/2025,PLAS,0,0,0,0,0
9/24/2025,PLIN,0,0,0,0,0
9/24/2025,PMJS,119,122,117,119,133400
9/24/2025,PMMP,0,0,0,0,0
9/24/2025,PMUI,139,141,134,137,13115700
9/24/2025,PNBN,1145,1145,1115,1125,12528100
9/24/2025,PNBS,54,55,53,54,18970700
9/24/2025,PNGO,2390,2400,2330,2330,1400
9/24/2025,PNIN,820,825,805,815,3409700
9/24/2025,PNLF,248,250,240,244,191633300
9/24/2025,PNLFDRCJ6A,12,13,12,12,4868400
9/24/2025,PNLFHDCZ5A,0,0,0,0,0
9/24/2025,PNLFYUCV5A,9,10,8,8,7385500
9/24/2025,PNLFZPCH6A,34,34,33,34,1400
9/24/2025,PNSE,800,835,785,815,72500
9/24/2025,POLA,72,72,72,72,22885600
9/24/2025,POLI,0,0,0,0,0
9/24/2025,POLL,0,0,0,0,0
9/24/2025,POLU,15900,15900,14350,14350,6300
9/24/2025,POLY,38,38,36,36,3218200
9/24/2025,POOL,0,0,0,0,0
9/24/2025,PORT,965,970,960,965,3400
9/24/2025,POSA,0,0,0,0,0
9/24/2025,POWR,710,715,700,700,4039700
9/24/2025,PPGL,140,147,121,121,15241300
9/24/2025,PPRE,95,98,93,95,14305600
9/24/2025,PPRI,358,370,342,348,17109200
9/24/2025,PPRO,0,0,0,0,0
9/24/2025,PRAY,710,765,670,715,285400
9/24/2025,PRDA,2750,2780,2690,2770,183600
9/24/2025,PRIM,94,95,91,93,21941200
9/24/2025,PSAB,575,575,535,535,103966100
9/24/2025,PSAT,1370,1370,1330,1365,1281200
9/24/2025,PSDN,107,107,104,105,3462800
9/24/2025,PSGO,214,214,210,212,1466100
9/24/2025,PSKT,119,119,119,119,20920400
9/24/2025,PSSI,350,350,342,346,219200
9/24/2025,PTBA,2380,2390,2370,2380,9053800
9/24/2025,PTBABQCV5A,18,18,17,17,83800
9/24/2025,PTBADRCG6A,23,23,23,23,30900
9/24/2025,PTBAYUCZ5A,85,85,85,85,500
9/24/2025,PTBAZPCH6A,39,39,39,39,2100
9/24/2025,PTDU,0,0,0,0,0
9/24/2025,PTIS,412,414,400,408,46400
9/24/2025,PTMP,94,94,91,92,10716500
9/24/2025,PTMR,0,0,0,0,0
9/24/2025,PTPP,414,416,404,408,15752100
9/24/2025,PTPS,173,182,170,170,22098000
9/24/2025,PTPW,940,950,935,935,39400
9/24/2025,PTRO,6000,6975,5950,6475,210347400
9/24/2025,PTROHDCK6A,282,360,282,324,455700
9/24/2025,PTROYUCK6A,292,360,292,332,122800
9/24/2025,PTROZPCK6A,159,184,143,164,24882600
9/24/2025,PTSN,422,436,406,414,984800
9/24/2025,PTSP,930,950,890,925,71800
9/24/2025,PUDP,426,466,374,466,3001000
9/24/2025,PURA,46,46,42,42,29956700
9/24/2025,PURE,0,0,0,0,0
9/24/2025,PURI,191,224,189,193,3884100
9/24/2025,PWON,390,394,386,388,47142700
9/24/2025,PWONHDCZ5A,0,0,0,0,0
9/24/2025,PWONZPCH6A,0,0,0,0,0
9/24/2025,PYFA,470,480,460,466,29528300
9/24/2025,PYFA-W,100,100,98,98,583500
9/24/2025,PZZA,296,298,284,290,2884400
9/24/2025,RAAM,322,342,290,322,46564400
9/24/2025,R-ABFII,0,0,0,0,0
9/24/2025,RAFI,0,0,0,0,0
9/24/2025,RAJA,2850,2910,2820,2830,30987800
9/24/2025,RAJAHDCK6A,89,90,85,86,657500
9/24/2025,RAJAZPCK6A,44,44,43,43,20900
9/24/2025,RALS,396,396,390,392,2132300
9/24/2025,RANC,418,520,416,520,3022100
9/24/2025,RATU,6275,6300,5950,6000,5965900
9/24/2025,RBMS,48,48,46,46,1649100
9/24/2025,RCCC,252,260,230,250,498700
9/24/2025,RDTX,11925,12025,11900,11975,1100
9/24/2025,REAL,96,99,90,90,128090100
9/24/2025,RELF,80,81,72,72,96721500
9/24/2025,RELI,670,670,650,670,26900
9/24/2025,RGAS,108,108,105,106,27078500
9/24/2025,RICY,80,80,80,80,1697300
9/24/2025,RIGS,875,890,785,860,391900
9/24/2025,RIMO,0,0,0,0,0
9/24/2025,RISE,2230,2230,2230,2230,3300
9/24/2025,R-LQ45X,981,985,981,981,7900
9/24/2025,RMKE,1135,1155,1120,1150,3344000
9/24/2025,RMKO,148,149,139,145,3565100
9/24/2025,ROCK,945,945,855,860,4200
9/24/2025,RODA,55,57,55,57,1519000
9/24/2025,RONY,3220,3220,3100,3100,253000
9/24/2025,ROTI,795,800,790,800,933500
9/24/2025,RSCH,374,380,364,366,2918400
9/24/2025,RSGK,0,0,0,0,0
9/24/2025,RUIS,197,198,195,195,1625400
9/24/2025,RUNS,140,146,126,134,4210400
9/24/2025,SAFE,232,234,210,214,7630900
9/24/2025,SAGE,46,46,44,44,8760100
9/24/2025,SAME,302,308,296,302,8637100
9/24/2025,SAMF,318,318,314,314,257200
9/24/2025,SAPX,320,320,308,312,405400
9/24/2025,SATU,244,246,244,246,4983900
9/24/2025,SBAT,0,0,0,0,0
9/24/2025,SBMA,142,143,139,141,6157500
9/24/2025,SCCO,2300,2320,2290,2300,64500
9/24/2025,SCMA,344,348,332,344,146249600
9/24/2025,SCMABQCZ5A,0,0,0,0,0
9/24/2025,SCMADRCK6A,109,112,109,111,271600
9/24/2025,SCMAHDCK6A,50,50,47,49,75600
9/24/2025,SCMAHDCZ5A,338,338,332,338,8000
9/24/2025,SCMAYUCK6A,81,82,79,82,35000
9/24/2025,SCMAZPCG6A,184,190,184,190,400
9/24/2025,SCNP,194,195,182,190,16100
9/24/2025,SCPI,0,0,0,0,0
9/24/2025,SDMU,74,74,70,70,5819200
9/24/2025,SDPC,138,138,136,136,47700
9/24/2025,SDRA,282,286,282,282,1200700
9/24/2025,SEMA,102,105,101,102,678500
9/24/2025,SFAN,1925,1930,1925,1925,62500
9/24/2025,SGER,332,336,328,332,85713900
9/24/2025,SGRO,4710,4770,4620,4740,2576000
9/24/2025,SHID,915,915,900,900,4300
9/24/2025,SHIP,4230,4360,4180,4300,43000
9/24/2025,SICO,124,126,121,122,4492400
9/24/2025,SIDO,550,550,545,550,19255100
9/24/2025,SIDODRCK6A,33,33,31,31,1900
9/24/2025,SILO,2100,2120,2050,2070,2238300
9/24/2025,SIMA,0,0,0,0,0
9/24/2025,SIMP,645,650,620,630,18941100
9/24/2025,SINI,3980,3980,3900,3970,83200
9/24/2025,SIPD,740,740,725,725,1200
9/24/2025,SKBM,765,815,575,575,3815300
9/24/2025,SKLT,194,260,194,220,18820600
9/24/2025,SKRN,462,466,424,442,1626300
9/24/2025,SKYB,0,0,0,0,0
9/24/2025,SLIS,93,94,89,89,33621600
9/24/2025,SLIS-W,20,21,19,20,11237800
9/24/2025,SMAR,5325,5425,5150,5300,165000
9/24/2025,SMBR,286,290,284,284,6591500
9/24/2025,SMCB,0,0,0,0,0
9/24/2025,SMDM,820,820,810,820,202000
9/24/2025,SMDR,326,326,320,320,12842600
9/24/2025,SMGA,103,105,100,104,76166300
9/24/2025,SMGR,2910,2920,2850,2890,8720300
9/24/2025,SMGRBQCU5A,0,0,0,0,0
9/24/2025,SMGRBQCX5B,0,0,0,0,0
9/24/2025,SMGRBQCZ5A,0,0,0,0,0
9/24/2025,SMGRDRCV5A,63,63,63,63,10000
9/24/2025,SMGRHDCZ5A,104,104,103,103,158400
9/24/2025,SMGRZPCJ6A,0,0,0,0,0
9/24/2025,SMIL,755,760,715,730,209805800
9/24/2025,SMKL,174,175,170,173,273200
9/24/2025,SMKM,268,268,242,242,20143300
9/24/2025,SMLE,278,336,264,314,88461100
9/24/2025,SMMA,15425,15425,15125,15125,9900
9/24/2025,SMMT,1135,1380,1135,1200,679900
9/24/2025,SMRA,450,450,434,436,33995600
9/24/2025,SMRADRCJ6A,30,30,30,30,100
9/24/2025,SMRAHDCZ5A,0,0,0,0,0
9/24/2025,SMRAZPCH6A,0,0,0,0,0
9/24/2025,SMRU,0,0,0,0,0
9/24/2025,SMSM,1880,1885,1865,1870,864100
9/24/2025,SNLK,458,458,442,448,8223000
9/24/2025,SOCI,206,206,200,202,8787900
9/24/2025,SOFA,124,124,102,102,120625700
9/24/2025,SOHO,760,760,725,735,7000
9/24/2025,SOLA,138,138,130,130,20419600
9/24/2025,SONA,4440,4550,4310,4360,13400
9/24/2025,SOSS,910,950,905,915,114300
9/24/2025,SOTS,478,478,410,410,874400
9/24/2025,SOUL,76,77,69,70,12958800
9/24/2025,SPMA,402,440,372,378,50592800
9/24/2025,SPRE,100,100,92,100,26527000
9/24/2025,SPTO,660,665,655,665,706000
9/24/2025,SQMI,0,0,0,0,0
9/24/2025,SRAJ,10275,10275,10150,10225,127400
9/24/2025,SRIL,0,0,0,0,0
9/24/2025,SRSN,69,72,67,68,46970400
9/24/2025,SRTG,1935,1940,1875,1880,11373300
9/24/2025,SRTGDRCK6A,97,97,94,95,147700
9/24/2025,SRTGHDCK6A,107,107,107,107,1000000
9/24/2025,SRTGZPCG6A,98,98,96,96,23000
9/24/2025,SRTGZPCK6A,47,47,45,45,400
9/24/2025,SSIA,1865,1885,1725,1740,85812800
9/24/2025,SSMS,1650,1650,1525,1570,11090600
9/24/2025,SSTM,280,330,276,290,7890500
9/24/2025,STAA,1070,1070,1050,1060,12131800
9/24/2025,STAR,104,104,102,103,866300
9/24/2025,STRK,230,230,224,224,8603600
9/24/2025,STTP,10100,10300,10075,10075,500
9/24/2025,SUGI,0,0,0,0,0
9/24/2025,SULI,106,106,100,104,1206800
9/24/2025,SUNI,845,845,810,815,297800
9/24/2025,SUPR,0,0,0,0,0
9/24/2025,SURE,3040,3040,2910,2960,26500
9/24/2025,SURI,124,125,120,124,56123500
9/24/2025,SWAT,0,0,0,0,0
9/24/2025,SWID,96,96,93,93,1112700
9/24/2025,TALF,610,645,555,610,1014600
9/24/2025,TAMA,46,46,45,45,954200
9/24/2025,TAMU,40,41,40,41,36753800
9/24/2025,TAPG,1555,1555,1525,1545,9914200
9/24/2025,TAPGDRCJ6A,81,81,81,81,3200
9/24/2025,TAPGHDCH6A,0,0,0,0,0
9/24/2025,TAPGZPCH6A,102,102,101,101,5600
9/24/2025,TARA,53,53,50,50,27901600
9/24/2025,TAXI,33,33,33,33,477491200
9/24/2025,TAYS,78,78,76,77,5951000
9/24/2025,TBIG,1785,1820,1750,1760,859000
9/24/2025,TBLA,725,735,720,730,3330900
9/24/2025,TBMS,1030,1040,1020,1025,77500
9/24/2025,TCID,3300,3390,3110,3300,1132100
9/24/2025,TCPI,5675,5700,5575,5700,1687300
9/24/2025,TDPM,0,0,0,0,0
9/24/2025,TEBE,0,0,0,0,0
9/24/2025,TECH,0,0,0,0,0
9/24/2025,TELE,0,0,0,0,0
9/24/2025,TFAS,170,177,163,174,2576900
9/24/2025,TFCO,500,500,500,500,200
9/24/2025,TGKA,5650,5650,5650,5650,300
9/24/2025,TGRA,0,0,0,0,0
9/24/2025,TGUK,0,0,0,0,0
9/24/2025,TIFA,408,416,404,406,57600
9/24/2025,TINS,1225,1460,1225,1460,331063800
9/24/2025,TIRA,1480,1480,1400,1475,95000
9/24/2025,TIRT,0,0,0,0,0
9/24/2025,TKIM,6950,7050,6800,6950,2068000
9/24/2025,TKIMHDCJ6A,65,65,65,65,1600
9/24/2025,TKIMZPCG6A,89,94,89,93,1107000
9/24/2025,TKIMZPCK6A,27,30,27,29,77700
9/24/2025,TLDN,695,700,685,690,1173800
9/24/2025,TLKM,3190,3190,3150,3160,37086500
9/24/2025,TLKMBQCG6A,0,0,0,0,0
9/24/2025,TLKMBQCV5A,76,76,76,76,700
9/24/2025,TLKMDRCJ6A,77,80,77,80,24700
9/24/2025,TLKMDRCX6A,0,0,0,0,0
9/24/2025,TLKMHDCJ6A,0,0,0,0,0
9/24/2025,TLKMHDCV5A,290,290,290,290,5000
9/24/2025,TLKMYUCK6A,119,119,113,116,67100
9/24/2025,TLKMZPCF6A,0,0,0,0,0
9/24/2025,TMAS,136,136,133,133,4517000
9/24/2025,TMPO,169,172,159,165,19635600
9/24/2025,TNCA,172,172,165,167,557800
9/24/2025,TOBA,1270,1280,1230,1230,75442900
9/24/2025,TOOL,68,70,66,67,9641400
9/24/2025,TOPS,0,0,0,0,0
9/24/2025,TOSK,67,68,65,67,26967900
9/24/2025,TOTL,780,780,755,760,3706200
9/24/2025,TOTO,260,260,256,258,1174600
9/24/2025,TOWR,615,615,600,600,21069800
9/24/2025,TOWRHDCK6A,0,0,0,0,0
9/24/2025,TOYS,0,0,0,0,0
9/24/2025,TPIA,7900,7975,7775,7875,8569200
9/24/2025,TPMA,590,595,580,585,3930900
9/24/2025,TRAM,0,0,0,0,0
9/24/2025,TRGU,180,194,176,188,1693700
9/24/2025,TRIL,0,0,0,0,0
9/24/2025,TRIM,420,420,390,410,2148600
9/24/2025,TRIN,113,115,105,110,5437300
9/24/2025,TRIN-W2,0,0,0,0,0
9/24/2025,TRIO,0,0,0,0,0
9/24/2025,TRIS,186,188,186,187,146300
9/24/2025,TRJA,159,175,157,175,6746500
9/24/2025,TRON,91,92,86,89,15694800
9/24/2025,TRST,488,488,480,486,13700
9/24/2025,TRUE,58,58,58,58,23604000
9/24/2025,TRUK,0,0,0,0,0
9/24/2025,TRUS,480,480,462,470,31100
9/24/2025,TSPC,2380,2380,2350,2350,219400
9/24/2025,TUGU,1025,1025,990,995,4372900
9/24/2025,TYRE,127,129,125,128,144000
9/24/2025,UANG,2480,2480,2480,2480,940100
9/24/2025,UCID,470,476,468,474,2438100
9/24/2025,UDNG,2240,2300,2020,2070,1841400
9/24/2025,UFOE,183,185,167,176,7721900
9/24/2025,ULTJ,1305,1305,1290,1295,1561000
9/24/2025,UNIC,8050,8050,8000,8025,1200
9/24/2025,UNIQ,376,388,366,378,53225700
9/24/2025,UNIT,0,0,0,0,0
9/24/2025,UNSP,177,177,177,177,362100
9/24/2025,UNTD,84,85,83,84,13160900
9/24/2025,UNTR,27450,27450,26650,26650,2905500
9/24/2025,UNTRBQCV5A,119,119,119,119,3200
9/24/2025,UNTRDRCG6A,0,0,0,0,0
9/24/2025,UNTRZPCJ6A,159,162,159,162,4100
9/24/2025,UNVR,1800,1805,1730,1735,23291800
9/24/2025,UNVRBQCU5A,0,0,0,0,0
9/24/2025,UNVRBQCZ5A,0,0,0,0,0
9/24/2025,UNVRDRCG6A,0,0,0,0,0
9/24/2025,UNVRHDPG6A,0,0,0,0,0
9/24/2025,UNVRZPCH6A,0,0,0,0,0
9/24/2025,URBN,138,142,137,138,24000
9/24/2025,UVCR,73,78,72,75,33973700
9/24/2025,VAST,204,206,197,199,2375300
9/24/2025,VAST-W,19,19,15,16,14811700
9/24/2025,VERN,139,141,133,137,4848600
9/24/2025,VERN-W,6,6,4,5,79803100
9/24/2025,VICI,620,625,615,620,473700
9/24/2025,VICO,192,200,190,192,623500
9/24/2025,VINS,142,143,139,141,376000
9/24/2025,VISI,168,168,157,160,11534200
9/24/2025,VIVA,44,44,40,40,26739600
9/24/2025,VKTR,194,196,180,186,94316600
9/24/2025,VOKS,326,334,318,320,266900
9/24/2025,VRNA,91,92,90,90,576500
9/24/2025,VTNY,100,101,97,98,15390300
9/24/2025,WAPO,169,169,156,163,1952200
9/24/2025,WEGE,73,76,71,72,42419100
9/24/2025,WEHA,118,118,115,116,2495900
9/24/2025,WGSH,224,234,214,226,2104300
9/24/2025,WICO,0,0,0,0,0
9/24/2025,WIDI,69,69,57,57,203548600
9/24/2025,WIFI,2860,2860,2660,2660,142537600
9/24/2025,WIIM,1310,1335,1245,1250,23233700
9/24/2025,WIKA,0,0,0,0,0
9/24/2025,WINE,226,226,216,224,3273100
9/24/2025,WINR,62,62,52,52,44757900
9/24/2025,WINS,470,486,466,472,10123500
9/24/2025,WIRG,156,157,142,143,794101300
9/24/2025,WMPP,0,0,0,0,0
9/24/2025,WMUU,39,39,39,39,250400700
9/24/2025,WOMF,338,338,336,338,142600
9/24/2025,WOOD,422,440,414,420,9361100
9/24/2025,WOWS,90,90,86,86,36110600
9/24/2025,WSBP,30,30,29,29,160965600
9/24/2025,WSKT,0,0,0,0,0
9/24/2025,WTON,104,104,101,102,12973900
9/24/2025,XAQA,0,0,0,0,0
9/24/2025,XBES,0,0,0,0,0
9/24/2025,XBID,521,521,521,521,40000
9/24/2025,XBIG,0,0,0,0,0
9/24/2025,XBIN,594,594,594,594,40000
9/24/2025,XBLQ,487,487,487,487,300
9/24/2025,XBNI,0,0,0,0,0
9/24/2025,XBSK,450,450,450,450,40000
9/24/2025,XCEG,107,107,107,107,400
9/24/2025,XCID,69,69,68,68,64500
9/24/2025,XCIS,91,91,80,80,76200
9/24/2025,XCLQ,100,120,87,92,22900
9/24/2025,XDIF,0,0,0,0,0
9/24/2025,XIFE,109,109,109,109,28600
9/24/2025,XIHD,600,637,600,630,300
9/24/2025,XIIC,0,0,0,0,0
9/24/2025,XIID,0,0,0,0,0
9/24/2025,XIIF,461,461,456,459,3200
9/24/2025,XIIT,521,565,520,525,23200
9/24/2025,XIJI,640,655,640,655,7000
9/24/2025,XILV,140,140,117,121,7000
9/24/2025,XIML,264,264,248,248,1500
9/24/2025,XIPB,170,196,170,196,500
9/24/2025,XIPI,223,224,223,224,200
9/24/2025,XISB,0,0,0,0,0
9/24/2025,XISC,0,0,0,0,0
9/24/2025,XISI,346,346,346,346,200
9/24/2025,XISR,443,443,443,443,3300
9/24/2025,XKID,0,0,0,0,0
9/24/2025,XKIV,595,596,595,596,42100
9/24/2025,XKMS,1147,1151,1141,1151,200300
9/24/2025,XMGB,1133,1133,1133,1133,4000
9/24/2025,XMIG,223,223,223,223,100
9/24/2025,XMLF,889,889,889,889,40000
9/24/2025,XMSK,391,391,391,391,3800
9/24/2025,XNVE,0,0,0,0,0
9/24/2025,XPDV,0,0,0,0,0
9/24/2025,XPFT,0,0,0,0,0
9/24/2025,XPIN,668,668,664,666,33300
9/24/2025,XPLQ,0,0,0,0,0
9/24/2025,XPSG,0,0,0,0,0
9/24/2025,XPTD,480,480,480,480,100
9/24/2025,XSBC,103,103,102,102,23500
9/24/2025,XSPI,0,0,0,0,0
9/24/2025,XSSI,84,84,81,82,342400
9/24/2025,XSSK,701,701,701,701,20000
9/24/2025,YELO,66,66,63,64,12315500
9/24/2025,YOII,98,100,97,98,2782600
9/24/2025,YPAS,0,0,0,0,0
9/24/2025,YULE,2680,2700,2680,2700,12300
9/24/2025,YUPI,1605,1615,1595,1610,56800
9/24/2025,ZATA,60,60,60,60,75535600
9/24/2025,ZBRA,0,0,0,0,0
9/24/2025,ZINC,37,37,37,37,94330400
9/24/2025,ZONE,755,755,745,755,121900
9/24/2025,ZYRX,148,156,144,150,4928300
