<date>,<ticker>,<open>,<high>,<low>,<close>,<volume>
8/15/2025,IHSG,7967.773,8017.068,7898.373,7898.375,12457770916
8/15/2025,IDX30,0.000,0.000,0.000,0.000,0
8/15/2025,IDX80,0.000,0.000,0.000,0.000,0
8/15/2025,AADI,6975,7000,6850,6875,10681900
8/15/2025,AALI,7125,7175,7000,7000,1121100
8/15/2025,ABBA,38,38,38,38,567300
8/15/2025,ABDA,0,0,0,0,0
8/15/2025,ABMM,2990,3000,2970,2990,853200
8/15/2025,ACES,482,484,472,472,61036600
8/15/2025,ACESBQCV5A,2,3,2,2,17757400
8/15/2025,ACESBQCX5B,0,0,0,0,0
8/15/2025,ACESDRCJ6A,19,19,18,18,27700
8/15/2025,ACESDRCQ5A,0,0,0,0,0
8/15/2025,ACESHDCZ5A,0,0,0,0,0
8/15/2025,ACESZPCJ6A,0,0,0,0,0
8/15/2025,ACRO,74,78,73,73,34950500
8/15/2025,ACRO-W,8,8,6,7,4136200
8/15/2025,ACST,89,91,89,90,1589800
8/15/2025,ADCP,53,54,50,51,80475300
8/15/2025,ADES,14150,14650,13825,13850,60300
8/15/2025,ADHI,286,290,270,272,79184500
8/15/2025,ADMF,9125,9125,9050,9050,33600
8/15/2025,ADMG,122,126,120,124,323500
8/15/2025,ADMR,1050,1055,1010,1010,30028600
8/15/2025,ADMRDRCJ6A,36,36,35,35,284700
8/15/2025,ADMRZPCH6A,55,55,55,55,136400
8/15/2025,ADRO,1840,1850,1810,1810,45821800
8/15/2025,ADROBQCU5A,12,12,12,12,12000
8/15/2025,ADROBQCZ5A,27,28,27,27,1263800
8/15/2025,ADRODRCJ6A,72,72,71,71,200
8/15/2025,ADRODRCQ5A,0,0,0,0,0
8/15/2025,ADRODRCQ5B,0,0,0,0,0
8/15/2025,ADRODRCX5A,45,45,45,45,233500
8/15/2025,ADROHDCQ5A,1,1,1,1,334900
8/15/2025,ADROHDCZ5A,0,0,0,0,0
8/15/2025,ADROYUCZ5A,92,92,92,92,100
8/15/2025,ADROZPCF6A,37,37,37,37,2000
8/15/2025,AEGS,50,53,48,51,10627800
8/15/2025,AGAR,248,252,244,246,38100
8/15/2025,AGII,910,915,895,900,791700
8/15/2025,AGRO,240,244,224,226,55074300
8/15/2025,AGRS,69,70,67,67,10120200
8/15/2025,AHAP,74,75,72,73,4516600
8/15/2025,AIMS,326,326,320,320,21100
8/15/2025,AISA,127,127,120,120,25274500
8/15/2025,AKKU,0,0,0,0,0
8/15/2025,AKPI,585,585,580,585,9000
8/15/2025,AKRA,1255,1300,1255,1260,36936400
8/15/2025,AKRABQCX5B,0,0,0,0,0
8/15/2025,AKRADRCQ5A,0,0,0,0,0
8/15/2025,AKRADRCX5A,45,46,43,43,5100
8/15/2025,AKRAHDCH6A,0,0,0,0,0
8/15/2025,AKRAHDCQ5A,22,22,17,18,750900
8/15/2025,AKRAZPCJ6A,0,0,0,0,0
8/15/2025,AKRAZPCX5A,75,77,75,75,3000
8/15/2025,AKSI,252,254,248,254,23800
8/15/2025,ALDO,498,498,492,498,160000
8/15/2025,ALII,575,585,570,570,3307700
8/15/2025,ALKA,306,312,304,310,39500
8/15/2025,ALMI,0,0,0,0,0
8/15/2025,ALTO,0,0,0,0,0
8/15/2025,AMAG,360,362,358,362,101900
8/15/2025,AMAN,114,119,114,115,5129400
8/15/2025,AMAR,210,212,206,208,1338600
8/15/2025,AMFG,3090,3100,3040,3060,38200
8/15/2025,AMIN,177,177,174,175,60100
8/15/2025,AMMN,8625,8725,8500,8550,62024400
8/15/2025,AMMNBQCZ5A,0,0,0,0,0
8/15/2025,AMMNDRCJ6A,87,87,84,87,12200
8/15/2025,AMMNHDCH6A,0,0,0,0,0
8/15/2025,AMMNZPCG6A,0,0,0,0,0
8/15/2025,AMMS,183,192,176,176,5947300
8/15/2025,AMOR,505,510,505,510,37900
8/15/2025,AMRT,2300,2310,2250,2260,34862900
8/15/2025,AMRTBQCU5A,10,10,9,9,1251400
8/15/2025,AMRTDRCQ5A,0,0,0,0,0
8/15/2025,AMRTDRCZ5A,42,42,42,42,100
8/15/2025,AMRTHDCJ6A,38,38,38,38,2000
8/15/2025,AMRTHDCQ5A,7,7,5,5,841000
8/15/2025,AMRTZPCX5A,57,57,57,57,300
8/15/2025,ANDI,20,20,20,20,48959900
8/15/2025,ANJT,1750,1755,1745,1745,386100
8/15/2025,ANTM,2900,2920,2860,2900,59231900
8/15/2025,ANTMBQCU5A,0,0,0,0,0
8/15/2025,ANTMBQCX5A,61,61,59,59,300
8/15/2025,ANTMBQCZ5A,0,0,0,0,0
8/15/2025,ANTMDRCG6A,45,45,43,45,410400
8/15/2025,ANTMDRCQ5A,0,0,0,0,0
8/15/2025,ANTMDRCX5A,272,272,270,270,58600
8/15/2025,ANTMDRPU5A,41,41,41,41,100
8/15/2025,ANTMDRPU5B,20,20,20,20,100
8/15/2025,ANTMHDCH6A,0,0,0,0,0
8/15/2025,ANTMHDCH6B,0,0,0,0,0
8/15/2025,ANTMHDCQ5A,0,0,0,0,0
8/15/2025,ANTMHDCU5A,0,0,0,0,0
8/15/2025,ANTMYUCQ5A,0,0,0,0,0
8/15/2025,ANTMZPCJ6A,0,0,0,0,0
8/15/2025,ANTMZPCX5A,170,170,170,170,10000
8/15/2025,APEX,127,132,123,124,42162200
8/15/2025,APIC,1140,1140,1120,1135,5828000
8/15/2025,APII,176,180,175,178,81700
8/15/2025,APLI,486,496,486,494,2600
8/15/2025,APLN,103,105,102,103,10172800
8/15/2025,ARCI,725,725,660,665,41295200
8/15/2025,AREA,510,520,500,500,1388800
8/15/2025,ARGO,1460,1800,1270,1735,792400
8/15/2025,ARII,234,268,234,260,405300
8/15/2025,ARKA,27,29,27,29,10996000
8/15/2025,ARKO,1130,1150,1100,1140,385000
8/15/2025,ARMY,0,0,0,0,0
8/15/2025,ARNA,570,575,560,570,3029100
8/15/2025,ARTA,3500,3500,3290,3460,3500
8/15/2025,ARTI,0,0,0,0,0
8/15/2025,ARTO,2230,2240,2180,2180,8969300
8/15/2025,ARTOBQCU5A,9,9,7,7,3363700
8/15/2025,ARTOBQCX5B,0,0,0,0,0
8/15/2025,ARTOBQCZ5A,0,0,0,0,0
8/15/2025,ARTODRCQ5A,0,0,0,0,0
8/15/2025,ARTODRCX5A,61,61,59,59,382500
8/15/2025,ARTOHDCZ5A,136,136,136,136,3500
8/15/2025,ARTOZPCX5A,60,60,60,60,2892400
8/15/2025,ASBI,442,442,422,434,10700
8/15/2025,ASDM,530,540,525,530,16100
8/15/2025,ASGR,1075,1080,1055,1070,747700
8/15/2025,ASHA,21,21,21,21,3398500
8/15/2025,ASII,5100,5125,5025,5025,16434700
8/15/2025,ASIIBQCU5A,0,0,0,0,0
8/15/2025,ASIIBQCZ5A,0,0,0,0,0
8/15/2025,ASIIDRCQ5A,0,0,0,0,0
8/15/2025,ASIIDRCQ5B,0,0,0,0,0
8/15/2025,ASIIDRCX5A,0,0,0,0,0
8/15/2025,ASIIDRCX6A,0,0,0,0,0
8/15/2025,ASIIHDCZ5A,0,0,0,0,0
8/15/2025,ASIIZPCJ6A,0,0,0,0,0
8/15/2025,ASJT,109,109,106,109,37900
8/15/2025,ASLC,64,73,64,71,362462500
8/15/2025,ASLI,0,0,0,0,0
8/15/2025,ASMI,18,18,18,18,2703200
8/15/2025,ASPI,364,384,334,350,5404000
8/15/2025,ASPR,99,99,96,97,7753100
8/15/2025,ASRI,169,171,163,164,39316500
8/15/2025,ASRM,280,282,280,282,11100
8/15/2025,ASSA,910,925,905,920,7261900
8/15/2025,ATAP,32,33,29,33,403900
8/15/2025,ATIC,402,410,394,400,482600
8/15/2025,ATLA,55,56,50,50,524148300
8/15/2025,AUTO,2290,2330,2250,2260,7693700
8/15/2025,AUTOZPCJ6A,32,32,30,31,18100
8/15/2025,AVIA,428,428,422,424,10421000
8/15/2025,AVIAZPCJ6A,0,0,0,0,0
8/15/2025,AWAN,258,266,252,256,19009300
8/15/2025,AXIO,127,135,123,126,9170100
8/15/2025,AYAM,171,173,167,169,119025600
8/15/2025,AYLS,106,108,104,104,3257100
8/15/2025,BABP,53,54,52,52,25195200
8/15/2025,BABY,340,350,324,350,7868800
8/15/2025,BACA,131,131,130,130,614600
8/15/2025,BAIK,94,100,93,97,8078500
8/15/2025,BAIK-W,8,9,8,9,939100
8/15/2025,BAJA,134,134,129,132,2576200
8/15/2025,BALI,1325,1335,1325,1335,3400
8/15/2025,BANK,845,855,835,835,7768100
8/15/2025,BANK-W,0,0,0,0,0
8/15/2025,BAPA,54,55,51,52,4395700
8/15/2025,BAPI,11,11,11,11,23221400
8/15/2025,BATA,50,51,50,50,13300
8/15/2025,BATR,102,102,98,98,2674600
8/15/2025,BAUT,36,36,33,33,4032400
8/15/2025,BAYU,1270,1310,1270,1305,489700
8/15/2025,BBCA,8825,8850,8700,8700,68754200
8/15/2025,BBCABQCV5A,8,25,8,23,3938600
8/15/2025,BBCABQCX5A,41,41,41,41,66000
8/15/2025,BBCADRCF6A,71,72,70,70,258200
8/15/2025,BBCADRCQ5A,0,0,0,0,0
8/15/2025,BBCADRCX6A,4500,4500,4410,4410,800
8/15/2025,BBCAHDCQ5A,0,0,0,0,0
8/15/2025,BBCAHDCQ7A,93,93,91,91,29000
8/15/2025,BBCAHDCU5A,0,0,0,0,0
8/15/2025,BBCAHDCV5A,0,0,0,0,0
8/15/2025,BBCAYUCQ5A,37,37,32,32,500
8/15/2025,BBCAZPCF6A,54,55,52,52,123700
8/15/2025,BBCAZPCH6A,0,0,0,0,0
8/15/2025,BBHI,1520,1540,1480,1540,2592900
8/15/2025,BBKP,63,63,62,62,50419000
8/15/2025,BBLD,925,1100,900,995,866300
8/15/2025,BBMD,0,0,0,0,0
8/15/2025,BBNI,4370,4450,4370,4370,62301400
8/15/2025,BBNIBQCU5A,0,0,0,0,0
8/15/2025,BBNIBQCV5A,0,0,0,0,0
8/15/2025,BBNIDRCQ5A,0,0,0,0,0
8/15/2025,BBNIDRCX6A,2510,2530,2510,2520,1000
8/15/2025,BBNIDRCZ5A,67,68,67,68,786200
8/15/2025,BBNIDRPU5A,0,0,0,0,0
8/15/2025,BBNIHDCQ5A,0,0,0,0,0
8/15/2025,BBNIHDCQ7A,97,98,97,97,600
8/15/2025,BBNIHDCU5A,0,0,0,0,0
8/15/2025,BBNIHDPU5A,0,0,0,0,0
8/15/2025,BBNIYUCV5A,73,74,70,70,300
8/15/2025,BBNIZPCH6A,0,0,0,0,0
8/15/2025,BBNIZPCX5A,0,0,0,0,0
8/15/2025,BBRI,4100,4150,4070,4120,269255400
8/15/2025,BBRIBQCQ5A,1,2,1,2,60400
8/15/2025,BBRIBQCU5A,0,0,0,0,0
8/15/2025,BBRIBQCZ5A,0,0,0,0,0
8/15/2025,BBRIDRCQ5A,0,0,0,0,0
8/15/2025,BBRIDRCX5A,178,179,176,176,189000
8/15/2025,BBRIDRCX6A,2430,2430,2420,2420,500
8/15/2025,BBRIHDCH6A,0,0,0,0,0
8/15/2025,BBRIHDCQ5A,16,17,15,15,2726700
8/15/2025,BBRIHDCQ7A,104,109,104,104,8068200
8/15/2025,BBRIYUCV5A,153,153,150,150,300
8/15/2025,BBRIZPCH6A,110,113,110,110,71700
8/15/2025,BBRIZPCX5A,0,0,0,0,0
8/15/2025,BBRM,76,83,75,77,6166700
8/15/2025,BBSI,4010,4050,3980,4000,26000
8/15/2025,BBSS,264,264,240,258,16779400
8/15/2025,BBTN,1350,1355,1280,1280,37158200
8/15/2025,BBTNHDCZ5A,0,0,0,0,0
8/15/2025,BBTNYUCZ5A,79,79,79,79,200
8/15/2025,BBTNZPCG6A,59,59,56,57,11163200
8/15/2025,BBYB,346,354,330,330,136795200
8/15/2025,BCAP,65,65,61,64,40664500
8/15/2025,BCIC,0,0,0,0,0
8/15/2025,BCIP,93,94,92,93,18425100
8/15/2025,BDKR,156,158,153,155,20515600
8/15/2025,BDMN,2570,2570,2520,2520,700300
8/15/2025,BEBS,0,0,0,0,0
8/15/2025,BEEF,290,294,280,280,6067200
8/15/2025,BEER,101,102,97,100,2152000
8/15/2025,BEKS,26,26,25,25,8762100
8/15/2025,BELI,378,380,376,376,160200
8/15/2025,BELL,59,63,56,56,63556500
8/15/2025,BESS,1015,1035,1010,1010,47800
8/15/2025,BEST,105,106,102,103,3731000
8/15/2025,BFIN,880,880,840,845,6683300
8/15/2025,BGTG,96,97,90,93,75920800
8/15/2025,BHAT,875,875,865,875,1713200
8/15/2025,BHIT,29,29,29,29,9033700
8/15/2025,BIKA,0,0,0,0,0
8/15/2025,BIKE,825,835,815,825,3071200
8/15/2025,BIMA,45,47,45,47,68200
8/15/2025,BINA,4470,4470,4310,4390,40000
8/15/2025,BINO,115,115,111,113,2211400
8/15/2025,BIPI,88,89,86,87,96500800
8/15/2025,BIPP,40,40,40,40,248700
8/15/2025,BIRD,1890,1895,1855,1855,2682900
8/15/2025,BISI,870,885,865,880,78600
8/15/2025,BJBR,790,800,785,795,3015600
8/15/2025,BJTM,515,520,510,515,6534900
8/15/2025,BKDP,35,35,34,34,108600
8/15/2025,BKSL,151,157,148,148,614289500
8/15/2025,BKSW,64,68,62,62,56707200
8/15/2025,BLES,157,158,155,156,2030700
8/15/2025,BLOG,505,510,500,500,2605200
8/15/2025,BLTA,20,20,19,19,3116000
8/15/2025,BLTZ,0,0,0,0,0
8/15/2025,BLUE,316,316,312,312,42200
8/15/2025,BMAS,665,665,665,665,95800
8/15/2025,BMBL,31,33,29,32,18571400
8/15/2025,BMHS,192,192,187,189,3008000
8/15/2025,BMRI,4890,4930,4850,4850,126685400
8/15/2025,BMRIBQCU5A,4,5,4,4,378000
8/15/2025,BMRIBQCZ5A,0,0,0,0,0
8/15/2025,BMRIDRCQ5A,0,0,0,0,0
8/15/2025,BMRIDRCX5A,69,69,69,69,58300
8/15/2025,BMRIDRCX6A,2520,2530,2510,2510,1600
8/15/2025,BMRIHDCQ5A,0,0,0,0,0
8/15/2025,BMRIHDCQ7A,107,108,107,108,1900
8/15/2025,BMRIHDCU5A,0,0,0,0,0
8/15/2025,BMRIHDPU5A,0,0,0,0,0
8/15/2025,BMRIYUCQ5A,16,16,16,16,1600
8/15/2025,BMRIZPCH6A,75,75,73,73,5400
8/15/2025,BMRIZPCX5A,45,45,45,45,100
8/15/2025,BMSR,252,252,248,252,5400
8/15/2025,BMTR,144,145,140,140,42296600
8/15/2025,BNBA,825,830,790,795,2472000
8/15/2025,BNBR,35,41,35,41,98672600
8/15/2025,BNGA,1725,1735,1715,1715,3326300
8/15/2025,BNGAZPCH6A,0,0,0,0,0
8/15/2025,BNII,210,220,210,214,2837400
8/15/2025,BNLI,3140,3160,3110,3150,76800
8/15/2025,BOAT,111,111,105,106,6038500
8/15/2025,BOBA,191,200,187,191,648500
8/15/2025,BOGA,600,600,585,585,355300
8/15/2025,BOLA,179,188,179,188,924700
8/15/2025,BOLT,1085,1085,1065,1080,24200
8/15/2025,BOSS,0,0,0,0,0
8/15/2025,BPFI,342,342,342,342,14100
8/15/2025,BPII,590,590,580,580,226400
8/15/2025,BPTR,100,102,99,100,377900
8/15/2025,BRAM,5175,5250,5150,5225,700
8/15/2025,BREN,9275,9325,8700,8750,39895400
8/15/2025,BRIS,2770,2800,2740,2770,15122800
8/15/2025,BRISBQCZ5A,0,0,0,0,0
8/15/2025,BRISDRCJ6A,54,54,53,53,3100
8/15/2025,BRISHDCH6A,71,71,71,71,500
8/15/2025,BRISHDCZ5A,121,121,121,121,600
8/15/2025,BRISYUCV5A,84,84,84,84,100
8/15/2025,BRISZPCG6A,0,0,0,0,0
8/15/2025,BRMS,434,438,432,436,213101400
8/15/2025,BRMSBQCZ5A,0,0,0,0,0
8/15/2025,BRMSDRCJ6A,39,40,39,39,1671000
8/15/2025,BRMSDRPX5A,0,0,0,0,0
8/15/2025,BRMSHDCH6A,0,0,0,0,0
8/15/2025,BRMSHDCZ5A,0,0,0,0,0
8/15/2025,BRMSYUCV5A,29,29,28,28,200
8/15/2025,BRMSZPCG6A,66,66,65,65,3000
8/15/2025,BRNA,940,950,800,800,1375500
8/15/2025,BRPT,2330,2350,2250,2280,93572700
8/15/2025,BRPTBQCQ5A,0,0,0,0,0
8/15/2025,BRPTBQCV5A,0,0,0,0,0
8/15/2025,BRPTBQCX5B,90,90,81,81,51700
8/15/2025,BRPTBQCZ5A,0,0,0,0,0
8/15/2025,BRPTDRCF6A,196,196,192,192,10600
8/15/2025,BRPTDRCJ6A,108,108,102,102,245200
8/15/2025,BRPTDRCQ5A,0,0,0,0,0
8/15/2025,BRPTDRCX5A,232,232,224,224,1140300
8/15/2025,BRPTDRPV5A,0,0,0,0,0
8/15/2025,BRPTHDCH6A,0,0,0,0,0
8/15/2025,BRPTHDCH6B,0,0,0,0,0
8/15/2025,BRPTHDCQ5A,0,0,0,0,0
8/15/2025,BRPTHDPG6A,0,0,0,0,0
8/15/2025,BRPTYUCZ5A,135,135,135,135,100
8/15/2025,BRPTZPCF6A,0,0,0,0,0
8/15/2025,BRPTZPCX5A,314,314,314,314,500
8/15/2025,BRRC,87,97,82,84,257017100
8/15/2025,BRRC-W,10,11,9,10,13480400
8/15/2025,BSBK,53,54,52,53,16434600
8/15/2025,BSDE,900,900,885,890,14788100
8/15/2025,BSDEDRCJ6A,28,28,28,28,100
8/15/2025,BSDEZPCH6A,0,0,0,0,0
8/15/2025,BSIM,865,900,865,890,59300
8/15/2025,BSML,104,104,101,102,6044100
8/15/2025,BSSR,3910,3920,3890,3890,471600
8/15/2025,BSWD,0,0,0,0,0
8/15/2025,BTEK,7,7,7,7,148639700
8/15/2025,BTEL,0,0,0,0,0
8/15/2025,BTON,380,390,370,388,12500
8/15/2025,BTPN,2070,2100,2050,2070,73100
8/15/2025,BTPS,1445,1450,1405,1415,16907300
8/15/2025,BTPSZPCH6A,42,42,42,42,22475700
8/15/2025,BUAH,1335,1375,1290,1325,187100
8/15/2025,BUDI,228,228,220,220,537000
8/15/2025,BUKA,176,176,166,172,310504400
8/15/2025,BUKABQCZ5B,22,22,20,21,1220000
8/15/2025,BUKAHDCZ5A,0,0,0,0,0
8/15/2025,BUKK,830,830,815,825,13000
8/15/2025,BULL,168,168,154,154,350711800
8/15/2025,BUMI,108,109,106,108,514391200
8/15/2025,BUVA,378,378,314,322,256783400
8/15/2025,BVIC,100,100,95,95,8810700
8/15/2025,BVIC-W,47,47,46,47,400
8/15/2025,BWPT,135,136,122,122,592543400
8/15/2025,BYAN,18325,18425,18300,18300,57800
8/15/2025,CAKK,134,135,134,135,18900
8/15/2025,CAMP,212,212,206,208,4368700
8/15/2025,CANI,39,39,39,39,68600
8/15/2025,CARE,292,296,286,292,17361800
8/15/2025,CARS,107,112,104,107,30008500
8/15/2025,CASA,1105,1115,1095,1105,4738900
8/15/2025,CASH,68,68,65,65,937600
8/15/2025,CASS,2350,2400,2300,2300,386000
8/15/2025,CBDK,5925,5950,5800,5850,3152000
8/15/2025,CBMF,0,0,0,0,0
8/15/2025,CBPE,180,186,180,186,73000
8/15/2025,CBRE,0,0,0,0,0
8/15/2025,CBUT,1235,1235,1195,1195,11900
8/15/2025,CCSI,322,330,320,324,162400
8/15/2025,CDIA,1645,1650,1560,1560,184479600
8/15/2025,CEKA,2630,2630,2550,2560,22100
8/15/2025,CENT,102,102,99,100,6252200
8/15/2025,CFIN,320,320,312,316,1576700
8/15/2025,CGAS,118,123,117,117,14519700
8/15/2025,CHEK,204,240,200,208,182029100
8/15/2025,CHEM,108,109,100,102,25094700
8/15/2025,CHIP,1340,1360,1340,1350,75800
8/15/2025,CINT,164,165,158,159,2901400
8/15/2025,CITA,4000,4010,3980,4010,87200
8/15/2025,CITY,109,113,108,108,6700200
8/15/2025,CLAY,1310,1495,1305,1445,291000
8/15/2025,CLEO,620,620,605,605,9524200
8/15/2025,CLPI,1260,1265,1230,1245,238700
8/15/2025,CMNP,1325,1335,1305,1305,402300
8/15/2025,CMNP-W,498,500,456,456,1600
8/15/2025,CMNT,835,835,805,820,37604000
8/15/2025,CMPP,77,78,77,78,104600
8/15/2025,CMRY,4900,4990,4890,4960,775000
8/15/2025,CMRYZPCJ6A,0,0,0,0,0
8/15/2025,CNKO,106,106,106,106,29802100
8/15/2025,CNMA,140,141,136,140,40110900
8/15/2025,CNTB,0,0,0,0,0
8/15/2025,CNTX,0,0,0,0,0
8/15/2025,COAL,37,38,37,38,1973800
8/15/2025,COCO,0,0,0,0,0
8/15/2025,COIN,1580,1660,1500,1550,66620300
8/15/2025,COWL,0,0,0,0,0
8/15/2025,CPIN,4470,4480,4440,4440,4776000
8/15/2025,CPINDRCG6A,70,70,70,70,100
8/15/2025,CPINDRCQ5A,0,0,0,0,0
8/15/2025,CPINHDCQ5A,3,3,3,3,900
8/15/2025,CPINZPCJ6A,40,41,40,41,19900
8/15/2025,CPRI,0,0,0,0,0
8/15/2025,CPRO,51,52,51,51,49814900
8/15/2025,CRAB,240,242,236,240,4452600
8/15/2025,CRSN,124,124,116,117,5103300
8/15/2025,CSAP,272,272,266,268,71200
8/15/2025,CSIS,103,106,95,96,6438700
8/15/2025,CSMI,0,0,0,0,0
8/15/2025,CSRA,745,755,735,745,1860900
8/15/2025,CTBN,4950,4950,4950,4950,1300
8/15/2025,CTRA,1070,1075,1035,1035,17467500
8/15/2025,CTRADRCJ6A,33,33,31,31,205400
8/15/2025,CTRAYUCZ5A,79,79,76,76,800
8/15/2025,CTRAZPCG6A,0,0,0,0,0
8/15/2025,CTTH,27,27,27,27,17300
8/15/2025,CUAN,1630,1635,1550,1550,196417700
8/15/2025,CYBR,1050,1050,990,990,18822100
8/15/2025,CYBR-W,575,625,540,610,3300
8/15/2025,DAAZ,3450,3460,3380,3380,233600
8/15/2025,DADA,16,16,16,16,7246100
8/15/2025,DART,156,189,155,159,6954400
8/15/2025,DATA,1945,1975,1885,1895,4375200
8/15/2025,DAYA,1025,1035,1000,1025,14900
8/15/2025,DCII,350025,398000,302575,359900,52400
8/15/2025,DEAL,0,0,0,0,0
8/15/2025,DEFI,890,890,890,890,35100
8/15/2025,DEPO,200,200,198,198,274900
8/15/2025,DEWA,228,230,220,220,340679200
8/15/2025,DEWI,103,104,102,104,68940400
8/15/2025,DFAM,54,55,53,53,1191700
8/15/2025,DGIK,99,109,98,102,30596800
8/15/2025,DGNS,151,152,148,150,547600
8/15/2025,DGWG,418,440,414,434,12768200
8/15/2025,DIGI,25,25,25,25,671100
8/15/2025,DILD,137,138,131,131,19177100
8/15/2025,DIVA,106,109,106,108,2557400
8/15/2025,DKFT,810,810,775,775,37462900
8/15/2025,DKHH,126,127,108,112,203490100
8/15/2025,DKHH-W,17,18,16,17,29792000
8/15/2025,DLTA,1990,2000,1975,1975,274600
8/15/2025,DMAS,139,140,139,139,21613100
8/15/2025,DMMX,348,354,340,340,1019200
8/15/2025,DMND,590,595,580,595,49100
8/15/2025,DNAR,123,125,118,119,11395700
8/15/2025,DNET,9225,9275,9000,9225,32600
8/15/2025,DOID,360,360,352,352,5283100
8/15/2025,DOOH,159,177,150,152,624482100
8/15/2025,DOSS,138,138,134,136,931500
8/15/2025,DPNS,260,280,260,260,584900
8/15/2025,DPUM,53,71,53,65,239287400
8/15/2025,DRMA,960,960,940,945,1716300
8/15/2025,DSFI,88,89,84,84,26951700
8/15/2025,DSNG,1530,1530,1470,1490,22058400
8/15/2025,DSSA,90600,94500,90600,92600,9662100
8/15/2025,DUCK,0,0,0,0,0
8/15/2025,DUTI,3390,3390,3380,3380,1600
8/15/2025,DVLA,1660,1675,1640,1675,25600
8/15/2025,DWGL,216,228,216,222,281400
8/15/2025,DYAN,85,86,84,86,3947200
8/15/2025,EAST,95,96,94,94,4774400
8/15/2025,ECII,189,189,181,181,249600
8/15/2025,EDGE,4300,4500,4250,4340,52400
8/15/2025,EKAD,185,185,183,184,39000
8/15/2025,ELIT,206,208,193,193,38220300
8/15/2025,ELPI,316,318,312,314,633600
8/15/2025,ELSA,486,505,486,500,71568900
8/15/2025,ELSADRCJ6A,39,39,38,38,700
8/15/2025,ELSAZPCG6A,37,37,36,37,99000
8/15/2025,ELTY,14,14,13,13,319661200
8/15/2025,EMDE,89,90,88,89,723200
8/15/2025,EMTK,1020,1030,955,955,111979700
8/15/2025,EMTKBQCZ5A,234,234,234,234,72600
8/15/2025,EMTKHDCZ5A,175,175,175,175,100
8/15/2025,EMTKYUCV5A,108,108,108,108,100
8/15/2025,EMTKZPCH6A,111,114,103,103,786200
8/15/2025,ENAK,715,720,710,720,767300
8/15/2025,ENRG,580,585,565,580,100601400
8/15/2025,ENRGDRCJ6A,80,81,77,77,241300
8/15/2025,ENRGHDCZ5A,0,0,0,0,0
8/15/2025,ENRGZPCG6A,178,182,178,179,30100
8/15/2025,ENVY,0,0,0,0,0
8/15/2025,ENZO,38,38,36,37,150800
8/15/2025,EPAC,18,18,18,18,1553000
8/15/2025,EPMT,2300,2300,2270,2290,22200
8/15/2025,ERAA,452,456,446,452,47242400
8/15/2025,ERAABQCZ5A,30,30,30,30,100
8/15/2025,ERAADRCJ6A,13,13,12,13,206800
8/15/2025,ERAAHDCZ5A,41,41,39,39,135400
8/15/2025,ERAAZPCH6A,0,0,0,0,0
8/15/2025,ERAL,334,338,330,332,18270400
8/15/2025,ERTX,103,104,102,102,578400
8/15/2025,ESIP,40,40,39,39,204700
8/15/2025,ESSA,590,595,570,575,27211300
8/15/2025,ESSABQCZ5A,0,0,0,0,0
8/15/2025,ESSAHDCH6A,0,0,0,0,0
8/15/2025,ESSAYUCZ5A,41,41,40,40,10900
8/15/2025,ESTA,65,65,64,64,595000
8/15/2025,ESTI,45,45,45,45,294100
8/15/2025,ETWA,0,0,0,0,0
8/15/2025,EURO,246,250,238,246,20104900
8/15/2025,EXCL,2960,2970,2900,2920,19693600
8/15/2025,EXCLHDCJ6A,64,65,63,63,64100
8/15/2025,EXCLHDCQ5A,0,0,0,0,0
8/15/2025,EXCLZPCF6A,103,103,103,103,100
8/15/2025,FAPA,5700,5700,5675,5675,5800
8/15/2025,FAST,326,328,318,318,1131300
8/15/2025,FASW,0,0,0,0,0
8/15/2025,FILM,3740,3950,3730,3750,16773500
8/15/2025,FIMP,0,0,0,0,0
8/15/2025,FIRE,75,76,74,74,2027400
8/15/2025,FISH,0,0,0,0,0
8/15/2025,FITT,222,262,216,216,10729300
8/15/2025,FLMC,85,85,85,85,1074400
8/15/2025,FMII,374,376,372,374,16000
8/15/2025,FOLK,82,87,80,80,2948500
8/15/2025,FOOD,106,106,105,105,40800
8/15/2025,FORE,605,605,575,585,11699500
8/15/2025,FORU,1280,1330,1135,1230,1458100
8/15/2025,FPNI,187,190,183,188,845500
8/15/2025,FUJI,422,424,400,424,5400
8/15/2025,FUTR,167,191,157,168,918185300
8/15/2025,FWCT,154,157,151,151,1146800
8/15/2025,GAMA,0,0,0,0,0
8/15/2025,GDST,108,108,106,107,1032700
8/15/2025,GDYR,1175,1175,1170,1175,3600
8/15/2025,GEMA,130,140,116,121,67072800
8/15/2025,GEMS,9250,9300,9200,9200,153100
8/15/2025,GGRM,8725,8725,8625,8675,189300
8/15/2025,GGRMZPCG6A,0,0,0,0,0
8/15/2025,GGRP,212,212,212,212,1365600
8/15/2025,GHON,1600,1605,1590,1600,9100
8/15/2025,GIAA,71,71,71,71,19473200
8/15/2025,GJTL,1045,1045,1025,1025,3888100
8/15/2025,GJTLZPCJ6A,25,25,24,24,2100
8/15/2025,GLOB,0,0,0,0,0
8/15/2025,GLVA,332,334,330,334,2100
8/15/2025,GMFI,62,62,61,61,681900
8/15/2025,GMTD,2220,2280,2220,2270,3400
8/15/2025,GOLD,254,258,254,256,25000
8/15/2025,GOLF,214,216,212,212,1645900
8/15/2025,GOLL,0,0,0,0,0
8/15/2025,GOOD,390,390,382,386,396700
8/15/2025,GOTO,63,63,61,62,2688001200
8/15/2025,GOTOBQCZ5A,3,3,3,3,575600
8/15/2025,GOTODRCG6A,12,13,12,13,7100
8/15/2025,GOTODRCQ5A,0,0,0,0,0
8/15/2025,GOTOHDCQ5A,0,0,0,0,0
8/15/2025,GOTOM,0,0,0,0,0
8/15/2025,GOTOZPCH6A,29,30,29,30,1100
8/15/2025,GPRA,148,151,145,151,130311300
8/15/2025,GPSO,372,376,360,362,1082700
8/15/2025,GRIA,95,95,92,92,674500
8/15/2025,GRPH,75,96,72,74,219440200
8/15/2025,GRPM,50,51,50,50,2449000
8/15/2025,GRPM-W,13,13,12,12,97500
8/15/2025,GSMF,87,100,75,87,143770800
8/15/2025,GTBO,185,185,179,180,345000
8/15/2025,GTRA,144,144,138,143,475300
8/15/2025,GTSI,46,47,46,47,4143200
8/15/2025,GULA,260,262,256,262,164100
8/15/2025,GUNA,242,246,236,242,415100
8/15/2025,GWSA,156,158,151,158,997600
8/15/2025,GZCO,121,122,112,112,75514800
8/15/2025,HADE,13,13,13,13,14530200
8/15/2025,HAIS,191,191,188,189,997800
8/15/2025,HAJJ,111,112,110,111,2460500
8/15/2025,HAJJ-W,13,13,11,13,18374600
8/15/2025,HALO,83,85,82,83,5700800
8/15/2025,HALO-W,10,10,9,10,2872400
8/15/2025,HATM,266,268,264,266,17565200
8/15/2025,HBAT,101,101,97,99,712400
8/15/2025,HDFA,117,124,113,114,1324700
8/15/2025,HDIT,33,36,33,36,23444800
8/15/2025,HEAL,1660,1755,1660,1725,29285000
8/15/2025,HEALDRCJ6A,65,65,61,63,1132700
8/15/2025,HEALHDCH6A,152,152,152,152,3800
8/15/2025,HEALYUCZ5A,88,88,87,87,300
8/15/2025,HEALZPCH6A,0,0,0,0,0
8/15/2025,HELI,250,256,250,254,461100
8/15/2025,HERO,404,410,380,394,647900
8/15/2025,HEXA,5475,5500,5450,5500,414600
8/15/2025,HGII,146,146,144,146,8702200
8/15/2025,HILL,208,210,202,202,3174500
8/15/2025,HITS,0,0,0,0,0
8/15/2025,HKMU,0,0,0,0,0
8/15/2025,HMSP,540,545,535,535,5920800
8/15/2025,HOKI,88,88,86,87,6521300
8/15/2025,HOME,0,0,0,0,0
8/15/2025,HOMI,197,204,195,200,46600
8/15/2025,HOPE,0,0,0,0,0
8/15/2025,HOTL,0,0,0,0,0
8/15/2025,HRME,40,40,36,36,609900
8/15/2025,HRTA,720,720,680,685,30470200
8/15/2025,HRUM,895,900,860,860,23674800
8/15/2025,HRUMZPCG6A,38,38,37,37,1800
8/15/2025,HUMI,67,68,65,66,72740300
8/15/2025,HUMI-W,13,13,11,12,31242100
8/15/2025,HYGN,153,157,151,157,2923600
8/15/2025,IATA,59,59,58,58,10632900
8/15/2025,IATA-W,27,27,27,27,5100
8/15/2025,IBFN,17,17,17,17,398000
8/15/2025,IBOS,35,36,33,34,8572800
8/15/2025,IBST,0,0,0,0,0
8/15/2025,ICBP,9750,9950,9550,9900,18332000
8/15/2025,ICBPDRCQ5A,0,0,0,0,0
8/15/2025,ICBPDRCX6A,0,0,0,0,0
8/15/2025,ICBPHDCJ6A,63,66,63,65,33400
8/15/2025,ICBPHDCQ5A,0,0,0,0,0
8/15/2025,ICBPZPCX5A,48,48,48,48,400
8/15/2025,ICON,37,37,36,36,131900
8/15/2025,IDEA,94,97,87,92,2396800
8/15/2025,IDPR,288,290,238,244,6195200
8/15/2025,IFII,224,226,222,222,78900
8/15/2025,IFSH,765,780,755,755,1900
8/15/2025,IGAR,555,555,555,555,1600
8/15/2025,IIKP,0,0,0,0,0
8/15/2025,IKAI,9,10,9,10,73089800
8/15/2025,IKAN,168,187,156,162,484930100
8/15/2025,IKBI,486,500,482,484,275400
8/15/2025,IKPM,196,196,193,193,925100
8/15/2025,IMAS,1080,1130,1070,1095,2484300
8/15/2025,IMJS,272,308,272,294,64314900
8/15/2025,IMPC,0,0,0,0,0
8/15/2025,INAF,0,0,0,0,0
8/15/2025,INAI,157,160,155,158,168100
8/15/2025,INCF,27,28,27,28,452700
8/15/2025,INCI,590,600,585,595,6300
8/15/2025,INCO,3900,3980,3670,3690,16634600
8/15/2025,INCOBQCQ5A,0,0,0,0,0
8/15/2025,INCOBQCV5A,61,64,41,44,83100
8/15/2025,INCODRCQ5A,0,0,0,0,0
8/15/2025,INCODRCX5A,97,97,97,97,100
8/15/2025,INCODRPV5A,0,0,0,0,0
8/15/2025,INCOHDCQ5A,128,128,75,75,325000
8/15/2025,INCOYUCZ5A,94,94,94,94,100
8/15/2025,INCOZPCX5A,152,152,135,135,45100
8/15/2025,INDF,8150,8175,8050,8050,10269600
8/15/2025,INDFBQCV5A,0,0,0,0,0
8/15/2025,INDFDRCQ5A,0,0,0,0,0
8/15/2025,INDFDRCX6A,0,0,0,0,0
8/15/2025,INDFHDCJ6A,49,50,49,50,9600
8/15/2025,INDFHDCQ5A,0,0,0,0,0
8/15/2025,INDO,197,198,194,196,4838700
8/15/2025,INDR,2630,2680,2510,2650,31600
8/15/2025,INDS,224,228,220,222,298900
8/15/2025,INDX,91,97,89,91,11477500
8/15/2025,INDY,1360,1370,1335,1340,7745700
8/15/2025,INDYZPCG6A,42,43,42,43,2500
8/15/2025,INET,282,284,254,254,444656000
8/15/2025,INET-W,185,185,158,158,43681100
8/15/2025,INKP,7825,8100,7825,7975,14214400
8/15/2025,INKPBQCX5A,0,0,0,0,0
8/15/2025,INKPDRCF6A,216,220,216,220,34000
8/15/2025,INKPDRCQ5A,0,0,0,0,0
8/15/2025,INKPHDCQ5A,25,28,24,25,1108100
8/15/2025,INKPZPCF6A,126,130,126,130,10500
8/15/2025,INOV,90,91,86,89,1501600
8/15/2025,INPC,157,160,153,153,16198400
8/15/2025,INPP,790,980,775,980,225400
8/15/2025,INPS,105,113,105,113,866200
8/15/2025,INRU,880,950,850,850,175400
8/15/2025,INTA,14,15,14,15,2861200
8/15/2025,INTD,190,190,189,189,41900
8/15/2025,INTP,6500,6500,6250,6475,5557200
8/15/2025,INTPZPCG6A,60,60,59,59,6100
8/15/2025,IOTF,125,130,102,105,1674678000
8/15/2025,IPAC,145,145,137,137,16200
8/15/2025,IPCC,1110,1110,1080,1095,2141900
8/15/2025,IPCM,296,300,294,296,1426000
8/15/2025,IPOL,136,139,133,136,105200
8/15/2025,IPPE,0,0,0,0,0
8/15/2025,IPTV,32,32,30,30,9992500
8/15/2025,IRRA,430,436,426,428,1055400
8/15/2025,IRSX,0,0,0,0,0
8/15/2025,ISAP,14,15,13,14,61664400
8/15/2025,ISAP-W,4,5,4,5,4475100
8/15/2025,ISAT,2200,2250,2160,2180,18176100
8/15/2025,ISATBQCU5A,53,53,43,45,7200
8/15/2025,ISATDRCG6A,87,87,79,81,600
8/15/2025,ISATDRCX5A,0,0,0,0,0
8/15/2025,ISATHDCJ6A,44,44,40,41,72200
8/15/2025,ISATHDCQ5A,0,0,0,0,0
8/15/2025,ISATZPCF6A,53,53,50,50,2700
8/15/2025,ISEA,86,87,82,82,10275400
8/15/2025,ISSP,382,384,376,378,4490000
8/15/2025,ITIC,214,216,210,216,204500
8/15/2025,ITMA,770,785,750,750,80361100
8/15/2025,ITMG,22400,22475,22250,22250,2124100
8/15/2025,ITMGZPCJ6A,71,71,71,71,500000
8/15/2025,JARR,815,830,725,740,47622400
8/15/2025,JAST,116,123,103,104,132952300
8/15/2025,JATI,141,161,140,146,111955100
8/15/2025,JAWA,148,149,146,146,1541500
8/15/2025,JAYA,95,96,93,94,694300
8/15/2025,JECC,880,880,850,860,8200
8/15/2025,JGLE,10,10,10,10,63679000
8/15/2025,JIHD,710,720,665,675,4109400
8/15/2025,JKON,95,96,90,94,38593300
8/15/2025,JMAS,154,160,150,151,7137300
8/15/2025,JPFA,1540,1570,1540,1550,15283400
8/15/2025,JPFABQCZ5A,0,0,0,0,0
8/15/2025,JPFADRCJ6A,31,32,31,32,508500
8/15/2025,JPFAHDCZ5A,0,0,0,0,0
8/15/2025,JPFAZPCG6A,0,0,0,0,0
8/15/2025,JRPT,755,755,740,750,1343600
8/15/2025,JSKY,0,0,0,0,0
8/15/2025,JSMR,3530,3550,3510,3530,7026400
8/15/2025,JSMRHDCH6A,0,0,0,0,0
8/15/2025,JSMRZPCG6A,46,46,46,46,111100
8/15/2025,JSPT,4080,4480,4080,4250,71500
8/15/2025,JTPE,300,302,286,302,12761200
8/15/2025,KAEF,535,535,525,530,543000
8/15/2025,KAQI,77,81,69,70,165838400
8/15/2025,KARW,735,775,735,775,263300
8/15/2025,KAYU,0,0,0,0,0
8/15/2025,KBAG,31,31,30,30,897300
8/15/2025,KBLI,376,376,368,374,88300
8/15/2025,KBLM,326,328,320,322,279700
8/15/2025,KBLV,98,132,98,132,548872500
8/15/2025,KBRI,0,0,0,0,0
8/15/2025,KDSI,476,476,446,460,53200
8/15/2025,KDTN,123,123,118,122,165000
8/15/2025,KEEN,800,805,790,795,5988200
8/15/2025,KEJU,695,705,670,675,2215600
8/15/2025,KETR,268,272,262,264,446400
8/15/2025,KIAS,0,0,0,0,0
8/15/2025,KICI,115,118,115,117,227300
8/15/2025,KIJA,202,204,199,202,74944900
8/15/2025,KING,204,208,204,206,531300
8/15/2025,KING-W,10,10,9,10,5846400
8/15/2025,KINO,1110,1110,1095,1095,3500
8/15/2025,KIOS,72,93,70,76,327826900
8/15/2025,KJEN,108,122,107,113,7396400
8/15/2025,KKES,27,29,27,29,612800
8/15/2025,KKGI,338,338,330,334,3090900
8/15/2025,KLAS,146,148,145,146,7885000
8/15/2025,KLBF,1420,1425,1385,1385,63199000
8/15/2025,KLBFBQCV5A,0,0,0,0,0
8/15/2025,KLBFDRCG6A,39,40,39,40,1300
8/15/2025,KLBFDRCQ5A,0,0,0,0,0
8/15/2025,KLBFHDCQ5A,8,8,6,7,50300
8/15/2025,KLBFZPCF6A,41,41,41,41,300
8/15/2025,KLBFZPCJ6A,0,0,0,0,0
8/15/2025,KLIN,194,200,190,190,203300
8/15/2025,KMDS,655,665,635,645,189400
8/15/2025,KMTR,278,278,270,272,423600
8/15/2025,KOBX,142,142,139,139,441700
8/15/2025,KOCI,60,61,58,58,15873100
8/15/2025,KOCI-W,9,9,8,8,25603100
8/15/2025,KOIN,60,70,60,70,93400
8/15/2025,KOKA,101,104,98,100,16401300
8/15/2025,KONI,1275,1290,1235,1235,3100
8/15/2025,KOPI,350,350,344,346,230400
8/15/2025,KOTA,21,22,20,20,44926200
8/15/2025,KPIG,210,212,204,204,57972200
8/15/2025,KRAS,264,272,264,266,13525400
8/15/2025,KREN,12,12,12,12,54480000
8/15/2025,KRYA,248,250,228,234,34778700
8/15/2025,KSIX,214,234,212,212,1388900
8/15/2025,KUAS,71,85,68,70,219797800
8/15/2025,LABA,0,0,0,0,0
8/15/2025,LABS,139,141,136,138,1368800
8/15/2025,LAJU,54,56,50,51,36239400
8/15/2025,LAND,25,25,25,25,644300
8/15/2025,LAPD,90,90,81,81,6497200
8/15/2025,LCGP,0,0,0,0,0
8/15/2025,LCKM,214,214,204,204,36100
8/15/2025,LEAD,72,73,71,71,7551900
8/15/2025,LFLO,268,268,254,254,2400
8/15/2025,LIFE,9925,11875,9925,11875,189200
8/15/2025,LINK,2330,2330,2330,2330,130400
8/15/2025,LION,368,374,366,374,4700
8/15/2025,LIVE,184,188,183,183,12809400
8/15/2025,LMAS,0,0,0,0,0
8/15/2025,LMAX,74,75,72,73,3300000
8/15/2025,LMPI,140,141,137,137,372400
8/15/2025,LMSH,0,0,0,0,0
8/15/2025,LOPI,56,59,56,56,5828500
8/15/2025,LPCK,510,515,505,505,553200
8/15/2025,LPGI,450,478,440,440,1654000
8/15/2025,LPIN,396,400,392,392,551900
8/15/2025,LPKR,93,93,88,89,78220100
8/15/2025,LPLI,292,296,288,294,35100
8/15/2025,LPPF,1595,1595,1575,1580,1623400
8/15/2025,LPPS,62,74,57,69,167422700
8/15/2025,LRNA,172,185,168,176,422700
8/15/2025,LSIP,1375,1380,1345,1355,8593800
8/15/2025,LSIPYUCZ5A,74,74,74,74,200
8/15/2025,LSIPZPCG6A,75,76,74,74,18200
8/15/2025,LTLS,855,855,845,850,271800
8/15/2025,LUCK,84,88,82,85,5296500
8/15/2025,LUCY,74,75,74,74,135400
8/15/2025,MABA,0,0,0,0,0
8/15/2025,MAGP,0,0,0,0,0
8/15/2025,MAHA,140,141,137,137,2120900
8/15/2025,MAIN,655,655,635,635,2402400
8/15/2025,MANG,39,40,37,38,7728400
8/15/2025,MANG-W,27,28,25,27,611300
8/15/2025,MAPA,685,690,650,655,36213600
8/15/2025,MAPADRCJ6A,22,22,22,22,26000
8/15/2025,MAPAHDCZ5A,0,0,0,0,0
8/15/2025,MAPAZPCH6A,42,42,42,42,100
8/15/2025,MAPB,1805,1805,1800,1800,4600
8/15/2025,MAPI,1320,1360,1285,1360,43139400
8/15/2025,MAPIBQCV5A,17,19,16,19,1430300
8/15/2025,MAPIDRCQ5A,8,10,6,10,5160400
8/15/2025,MAPIDRCX5A,35,36,33,36,158800
8/15/2025,MAPIHDCQ5A,0,0,0,0,0
8/15/2025,MAPIZPCJ6A,68,72,68,72,100200
8/15/2025,MARI,22,22,21,21,946100
8/15/2025,MARK,675,680,665,665,13492600
8/15/2025,MASA,0,0,0,0,0
8/15/2025,MASB,3380,3380,3240,3320,1300
8/15/2025,MAXI,54,54,50,50,18070600
8/15/2025,MAYA,192,199,189,193,9679900
8/15/2025,MBAP,1660,1665,1640,1650,120200
8/15/2025,MBMA,420,422,410,410,128023100
8/15/2025,MBMABQCX5A,18,19,17,18,175200
8/15/2025,MBMADRCQ5A,3,3,2,2,15968400
8/15/2025,MBMADRCX5A,27,27,26,26,65900
8/15/2025,MBMADRPX5A,27,27,27,27,250000
8/15/2025,MBMAHDCH6A,66,66,65,65,229100
8/15/2025,MBMAHDCQ5A,2,2,1,1,23736400
8/15/2025,MBMAZPCX5A,51,51,51,51,47000
8/15/2025,MBSS,1340,1395,1315,1360,1073900
8/15/2025,MBTO,111,117,111,111,3525400
8/15/2025,MCAS,995,995,970,980,49200
8/15/2025,MCOL,3990,3990,3950,3950,71400
8/15/2025,MCOR,70,80,68,73,80546400
8/15/2025,MDIA,29,31,29,31,394300
8/15/2025,MDIY,1290,1290,1220,1245,3518900
8/15/2025,MDKA,2270,2280,2220,2220,22859100
8/15/2025,MDKABQCV5A,92,92,92,92,300
8/15/2025,MDKABQCX5B,0,0,0,0,0
8/15/2025,MDKADRCQ5A,0,0,0,0,0
8/15/2025,MDKADRCV5A,0,0,0,0,0
8/15/2025,MDKADRPX5A,0,0,0,0,0
8/15/2025,MDKAHDCU5A,0,0,0,0,0
8/15/2025,MDKAHDCZ5A,0,0,0,0,0
8/15/2025,MDKAYUCQ5A,0,0,0,0,0
8/15/2025,MDKAZPCF6A,0,0,0,0,0
8/15/2025,MDKI,161,162,159,160,102000
8/15/2025,MDLA,208,212,202,210,16618100
8/15/2025,MDLN,56,66,54,58,273373600
8/15/2025,MDRN,13,13,13,13,18273800
8/15/2025,MEDC,1225,1245,1210,1225,15747500
8/15/2025,MEDCBQCV5A,0,0,0,0,0
8/15/2025,MEDCBQCX5B,0,0,0,0,0
8/15/2025,MEDCBQCZ5A,0,0,0,0,0
8/15/2025,MEDCDRCG6A,36,36,36,36,374400
8/15/2025,MEDCDRCQ5A,0,0,0,0,0
8/15/2025,MEDCDRPV5A,0,0,0,0,0
8/15/2025,MEDCHDCH6A,0,0,0,0,0
8/15/2025,MEDCHDCQ5A,0,0,0,0,0
8/15/2025,MEDCZPCF6A,35,36,34,34,1490700
8/15/2025,MEDS,54,55,51,52,34929200
8/15/2025,MEGA,3300,3300,3300,3300,1500
8/15/2025,MEJA,51,51,51,51,34208700
8/15/2025,MEJA-W,8,8,8,8,30674000
8/15/2025,MENN,46,48,45,45,9875800
8/15/2025,MERI,286,290,276,276,11410500
8/15/2025,MERK,2810,2810,2790,2790,19100
8/15/2025,META,0,0,0,0,0
8/15/2025,MFIN,800,960,800,960,7799700
8/15/2025,MFMI,0,0,0,0,0
8/15/2025,MGLV,825,895,820,885,583100
8/15/2025,MGNA,37,37,37,37,313100
8/15/2025,MGNA-W,10,18,10,18,18100
8/15/2025,MGRO,705,710,690,710,5891500
8/15/2025,MHKI,129,129,124,127,680300
8/15/2025,MICE,525,590,505,510,1040300
8/15/2025,MIDI,464,470,456,464,13978700
8/15/2025,MIKA,2430,2440,2400,2400,4813500
8/15/2025,MIKAZPCG6A,0,0,0,0,0
8/15/2025,MINA,0,0,0,0,0
8/15/2025,MINE,505,535,505,505,8222300
8/15/2025,MIRA,37,37,37,37,8906300
8/15/2025,MITI,184,184,180,182,494600
8/15/2025,MKAP,360,364,358,360,169500
8/15/2025,MKNT,0,0,0,0,0
8/15/2025,MKPI,25600,25700,24525,25450,6600
8/15/2025,MKTR,108,108,105,106,1424800
8/15/2025,MKTR-W,8,8,7,8,1259600
8/15/2025,MLBI,6125,6150,6050,6075,108700
8/15/2025,MLIA,338,340,334,336,4442900
8/15/2025,MLPL,128,140,125,133,490885500
8/15/2025,MLPT,70000,80000,70000,70500,251000
8/15/2025,MMIX,262,264,254,254,5256200
8/15/2025,MMLP,535,545,535,540,7983300
8/15/2025,MNCN,260,260,252,252,49002200
8/15/2025,MOLI,212,214,208,208,313300
8/15/2025,MORA,388,400,388,394,191200
8/15/2025,MPIX,62,80,62,65,164139800
8/15/2025,MPIX-W,8,9,7,8,17406400
8/15/2025,MPMX,970,970,960,960,1879600
8/15/2025,MPOW,121,124,120,120,2579200
8/15/2025,MPPA,75,76,72,72,169453200
8/15/2025,MPRO,3220,3310,3210,3260,274500
8/15/2025,MPXL,106,110,105,107,3337100
8/15/2025,MRAT,250,250,244,250,289900
8/15/2025,MREI,980,990,945,955,67500
8/15/2025,MSIE,30,32,29,31,4288700
8/15/2025,MSIN,492,520,484,505,41070500
8/15/2025,MSJA,308,308,300,304,1840600
8/15/2025,MSKY,76,76,71,73,34739200
8/15/2025,MSTI,1660,1660,1615,1625,2862300
8/15/2025,MTDL,585,600,580,590,6476300
8/15/2025,MTEL,655,665,645,645,19014000
8/15/2025,MTFN,9,9,9,9,20457800
8/15/2025,MTLA,440,460,440,450,113300
8/15/2025,MTMH,905,915,905,905,23800
8/15/2025,MTPS,45,45,45,45,355300
8/15/2025,MTRA,0,0,0,0,0
8/15/2025,MTSM,0,0,0,0,0
8/15/2025,MTWI,400,416,380,400,2352900
8/15/2025,MUTU,92,92,90,90,1429200
8/15/2025,MYOH,1700,1725,1675,1725,2400
8/15/2025,MYOR,2220,2220,2130,2200,6938100
8/15/2025,MYORZPCH6A,0,0,0,0,0
8/15/2025,MYTX,0,0,0,0,0
8/15/2025,NAIK,161,177,156,161,212975300
8/15/2025,NAIK-W,29,33,27,28,35337200
8/15/2025,NANO,24,26,23,26,40925300
8/15/2025,NASA,19,19,19,19,2071600
8/15/2025,NASI,89,92,88,92,13204800
8/15/2025,NATO,140,183,126,140,8235900
8/15/2025,NAYZ,47,48,45,45,5244900
8/15/2025,NCKL,1010,1015,965,965,47205900
8/15/2025,NCKLYUCZ5A,84,84,80,80,300
8/15/2025,NCKLZPCJ6A,59,59,53,53,133600
8/15/2025,NELY,344,352,338,350,1663500
8/15/2025,NEST,298,298,280,290,3937200
8/15/2025,NETV,142,144,130,130,14499400
8/15/2025,NFCX,1865,1900,1850,1890,140700
8/15/2025,NICE,430,432,418,420,5439700
8/15/2025,NICK,1300,1300,1275,1290,2600
8/15/2025,NICL,1090,1120,1060,1065,22140200
8/15/2025,NIKL,234,240,234,238,495900
8/15/2025,NINE,171,175,164,164,31762000
8/15/2025,NIRO,127,127,121,121,11200
8/15/2025,NISP,1380,1395,1365,1370,3641900
8/15/2025,NOBU,560,565,540,545,5015100
8/15/2025,NPGF,54,55,50,51,30585500
8/15/2025,NRCA,740,770,725,730,11022600
8/15/2025,NSSS,412,420,408,416,9918400
8/15/2025,NTBK,51,56,51,51,148680800
8/15/2025,NUSA,0,0,0,0,0
8/15/2025,NZIA,105,106,102,103,1663300
8/15/2025,OASA,194,195,189,191,13489800
8/15/2025,OBAT,420,420,402,406,2306900
8/15/2025,OBAT-W,64,65,61,62,1859300
8/15/2025,OBMD,193,195,192,194,449000
8/15/2025,OCAP,0,0,0,0,0
8/15/2025,OILS,138,146,138,140,7392700
8/15/2025,OKAS,242,278,230,246,24177700
8/15/2025,OLIV,25,27,25,27,3784700
8/15/2025,OMED,186,188,185,188,1811300
8/15/2025,OMRE,0,0,0,0,0
8/15/2025,OPMS,80,83,78,80,11177600
8/15/2025,PACK,3940,3950,3830,3830,2643000
8/15/2025,PADA,30,30,30,30,30652700
8/15/2025,PADI,97,97,81,81,191150900
8/15/2025,PALM,368,370,362,370,300800
8/15/2025,PAMG,80,81,78,78,19936800
8/15/2025,PANI,16000,16000,15675,15875,6048400
8/15/2025,PANIHDCZ5A,236,236,236,236,300
8/15/2025,PANIZPCJ6A,99,100,97,97,653900
8/15/2025,PANR,810,855,795,855,20694000
8/15/2025,PANS,1405,1410,1395,1395,245200
8/15/2025,PART,136,136,129,130,23369900
8/15/2025,PART-W,28,29,27,29,12631700
8/15/2025,PBID,484,486,480,480,786600
8/15/2025,PBRX,25,25,25,25,7089300
8/15/2025,PBSA,448,450,420,430,6861500
8/15/2025,PCAR,30,31,30,31,2663000
8/15/2025,PDES,496,498,496,496,15600
8/15/2025,PDPP,510,510,490,505,85800
8/15/2025,PEGE,116,116,112,112,1187600
8/15/2025,PEHA,340,344,336,344,2700
8/15/2025,PEVE,448,450,440,444,130600
8/15/2025,PGAS,1660,1675,1645,1655,39045100
8/15/2025,PGASBQCU5A,110,110,109,109,13600
8/15/2025,PGASBQCZ5A,0,0,0,0,0
8/15/2025,PGASDRCG6A,68,68,68,68,400
8/15/2025,PGASDRCQ5A,0,0,0,0,0
8/15/2025,PGASHDCQ5A,0,0,0,0,0
8/15/2025,PGASYUCQ5A,0,0,0,0,0
8/15/2025,PGASZPCJ6A,0,0,0,0,0
8/15/2025,PGEO,1540,1550,1510,1515,41082700
8/15/2025,PGEOBQCX5B,0,0,0,0,0
8/15/2025,PGEODRCJ6A,53,53,52,52,20100
8/15/2025,PGEODRCQ5A,0,0,0,0,0
8/15/2025,PGEODRPV5A,27,27,27,27,100
8/15/2025,PGEOHDCH6A,0,0,0,0,0
8/15/2025,PGEOHDCH6B,0,0,0,0,0
8/15/2025,PGEOHDCQ5A,102,102,100,100,9000
8/15/2025,PGEOZPCJ6A,66,66,66,66,100
8/15/2025,PGJO,0,0,0,0,0
8/15/2025,PGLI,165,169,165,165,112200
8/15/2025,PGUN,1425,1425,1420,1420,315500
8/15/2025,PICO,133,134,132,134,206700
8/15/2025,PIPA,104,104,100,100,34488100
8/15/2025,PJAA,476,478,466,478,1048300
8/15/2025,PKPK,585,600,550,590,49800
8/15/2025,PLAN,42,43,41,42,886400
8/15/2025,PLAS,0,0,0,0,0
8/15/2025,PLIN,0,0,0,0,0
8/15/2025,PMJS,118,118,115,115,146300
8/15/2025,PMMP,0,0,0,0,0
8/15/2025,PMUI,122,124,121,122,4405800
8/15/2025,PNBN,1150,1160,1130,1140,11746100
8/15/2025,PNBS,52,53,50,50,51704600
8/15/2025,PNGO,2430,2560,2420,2420,23500
8/15/2025,PNIN,905,915,900,910,168200
8/15/2025,PNLF,260,260,254,254,71001900
8/15/2025,PNLFDRCJ6A,15,16,15,16,226400
8/15/2025,PNLFHDCZ5A,0,0,0,0,0
8/15/2025,PNLFYUCV5A,12,13,12,13,7800
8/15/2025,PNLFZPCH6A,42,42,42,42,70700
8/15/2025,PNSE,815,815,765,775,86700
8/15/2025,POLA,21,21,21,21,2448700
8/15/2025,POLI,0,0,0,0,0
8/15/2025,POLL,0,0,0,0,0
8/15/2025,POLU,5850,7100,5850,7100,150200
8/15/2025,POLY,17,17,17,17,31700
8/15/2025,POOL,0,0,0,0,0
8/15/2025,PORT,965,965,920,965,67300
8/15/2025,POSA,0,0,0,0,0
8/15/2025,POWR,685,700,685,700,2959400
8/15/2025,PPGL,104,104,99,101,993600
8/15/2025,PPRE,110,122,98,100,140095700
8/15/2025,PPRI,234,234,222,222,10135000
8/15/2025,PPRO,0,0,0,0,0
8/15/2025,PRAY,625,625,620,620,40700
8/15/2025,PRDA,2800,2800,2750,2760,172600
8/15/2025,PRIM,64,65,62,63,6205900
8/15/2025,PSAB,410,424,404,412,119595800
8/15/2025,PSAT,1580,1580,1550,1560,953500
8/15/2025,PSDN,85,85,83,84,213300
8/15/2025,PSGO,204,204,196,197,1456800
8/15/2025,PSKT,77,77,77,77,44951900
8/15/2025,PSSI,344,344,340,342,943900
8/15/2025,PTBA,2430,2440,2420,2420,4658600
8/15/2025,PTBABQCV5A,0,0,0,0,0
8/15/2025,PTBADRCG6A,29,29,29,29,127900
8/15/2025,PTBADRCQ5A,0,0,0,0,0
8/15/2025,PTBAHDCQ5A,0,0,0,0,0
8/15/2025,PTBAYUCZ5A,100,100,100,100,100
8/15/2025,PTBAZPCH6A,0,0,0,0,0
8/15/2025,PTDU,0,0,0,0,0
8/15/2025,PTIS,390,406,390,392,15600
8/15/2025,PTMP,114,116,102,105,117125000
8/15/2025,PTMR,0,0,0,0,0
8/15/2025,PTPP,408,414,392,392,25655700
8/15/2025,PTPS,163,164,150,152,25220200
8/15/2025,PTPW,990,990,985,985,31600
8/15/2025,PTRO,4080,4090,3810,3810,81850800
8/15/2025,PTSN,262,272,260,260,781300
8/15/2025,PTSP,990,990,960,990,47200
8/15/2025,PUDP,216,218,210,210,22900
8/15/2025,PURA,16,17,16,17,29711300
8/15/2025,PURE,0,0,0,0,0
8/15/2025,PURI,181,182,180,180,199500
8/15/2025,PWON,386,386,376,376,48659800
8/15/2025,PWONHDCZ5A,0,0,0,0,0
8/15/2025,PWONZPCH6A,0,0,0,0,0
8/15/2025,PYFA,0,0,0,0,0
8/15/2025,PYFA-W,0,0,0,0,0
8/15/2025,PZZA,186,197,186,194,18099400
8/15/2025,R-ABFII,0,0,0,0,0
8/15/2025,R-LQ45X,1011,1011,1009,1009,8400
8/15/2025,RAAM,290,298,286,286,11054400
8/15/2025,RAFI,0,0,0,0,0
8/15/2025,RAJA,3200,3210,2920,2920,103079000
8/15/2025,RALS,394,394,390,392,9447600
8/15/2025,RANC,416,416,410,412,28900
8/15/2025,RATU,7400,7475,7025,7025,21702100
8/15/2025,RBMS,26,27,26,27,425800
8/15/2025,RCCC,146,155,144,155,787200
8/15/2025,RDTX,12200,12700,12200,12450,4600
8/15/2025,REAL,42,42,42,42,3160600
8/15/2025,RELF,31,33,30,33,34775900
8/15/2025,RELI,565,585,560,560,47700
8/15/2025,RGAS,112,113,111,111,9576700
8/15/2025,RICY,37,37,37,37,90000
8/15/2025,RIGS,780,780,755,765,13500
8/15/2025,RIMO,0,0,0,0,0
8/15/2025,RISE,1055,1055,1050,1055,552900
8/15/2025,RMKE,675,700,665,695,1758000
8/15/2025,RMKO,112,113,106,109,526600
8/15/2025,ROCK,0,0,0,0,0
8/15/2025,RODA,39,39,39,39,24700
8/15/2025,RONY,0,0,0,0,0
8/15/2025,ROTI,810,810,805,810,173700
8/15/2025,RSCH,386,390,380,380,3465400
8/15/2025,RSGK,0,0,0,0,0
8/15/2025,RUIS,224,226,218,220,775300
8/15/2025,RUNS,75,76,64,67,2903100
8/15/2025,SAFE,200,204,199,200,1114600
8/15/2025,SAGE,20,20,20,20,7244600
8/15/2025,SAME,328,328,320,322,1245100
8/15/2025,SAMF,340,342,340,342,17900
8/15/2025,SAPX,286,290,282,288,278500
8/15/2025,SATU,232,234,230,232,3485500
8/15/2025,SBAT,0,0,0,0,0
8/15/2025,SBMA,124,124,120,121,1035500
8/15/2025,SCCO,2290,2300,2200,2230,36100
8/15/2025,SCMA,246,248,234,234,127593100
8/15/2025,SCMABQCZ5A,73,73,71,71,300
8/15/2025,SCMAHDCZ5A,0,0,0,0,0
8/15/2025,SCMAZPCG6A,0,0,0,0,0
8/15/2025,SCNP,178,181,177,178,70000
8/15/2025,SCPI,0,0,0,0,0
8/15/2025,SDMU,43,43,43,43,54300
8/15/2025,SDPC,131,131,126,130,286000
8/15/2025,SDRA,290,290,288,288,399100
8/15/2025,SEMA,90,90,88,89,334200
8/15/2025,SFAN,1910,1915,1905,1915,102800
8/15/2025,SGER,330,332,320,320,63705600
8/15/2025,SGRO,3490,3770,3490,3610,13992900
8/15/2025,SHID,955,980,915,930,23200
8/15/2025,SHIP,4130,4920,4060,4330,105900
8/15/2025,SICO,113,117,113,113,6126100
8/15/2025,SIDO,530,535,520,525,24996200
8/15/2025,SILO,2180,2240,2180,2220,2308700
8/15/2025,SIMA,0,0,0,0,0
8/15/2025,SIMP,655,660,635,640,21455300
8/15/2025,SINI,3720,3720,3700,3700,1800
8/15/2025,SIPD,0,0,0,0,0
8/15/2025,SKBM,370,370,358,358,75000
8/15/2025,SKLT,191,191,190,190,287400
8/15/2025,SKRN,406,406,398,402,1396000
8/15/2025,SKYB,0,0,0,0,0
8/15/2025,SLIS,75,77,67,69,135321600
8/15/2025,SLIS-W,10,10,8,9,707900
8/15/2025,SMAR,4250,4300,4130,4130,244800
8/15/2025,SMBR,302,302,290,290,26378800
8/15/2025,SMCB,0,0,0,0,0
8/15/2025,SMDM,900,910,850,875,349300
8/15/2025,SMDR,348,350,336,336,23224700
8/15/2025,SMGA,110,110,103,104,75747500
8/15/2025,SMGR,2650,2680,2590,2600,5932900
8/15/2025,SMGRBQCU5A,7,7,5,5,2742400
8/15/2025,SMGRBQCX5B,0,0,0,0,0
8/15/2025,SMGRBQCZ5A,0,0,0,0,0
8/15/2025,SMGRDRCQ5A,0,0,0,0,0
8/15/2025,SMGRDRCV5A,49,49,49,49,100
8/15/2025,SMGRHDCZ5A,0,0,0,0,0
8/15/2025,SMGRZPCJ6A,55,55,55,55,11800
8/15/2025,SMIL,392,404,388,402,201919100
8/15/2025,SMKL,162,162,159,159,5900
8/15/2025,SMKM,85,87,80,85,19201900
8/15/2025,SMLE,150,170,147,161,41089600
8/15/2025,SMMA,16050,17000,16000,16050,63800
8/15/2025,SMMT,995,1010,995,1000,41000
8/15/2025,SMRA,450,454,434,436,73773600
8/15/2025,SMRADRCJ6A,32,33,32,33,1251000
8/15/2025,SMRAHDCZ5A,0,0,0,0,0
8/15/2025,SMRAZPCH6A,64,64,61,61,1100
8/15/2025,SMRU,0,0,0,0,0
8/15/2025,SMSM,1920,1945,1910,1910,741400
8/15/2025,SNLK,505,505,494,500,7846900
8/15/2025,SOCI,179,179,176,177,1607900
8/15/2025,SOFA,52,53,46,50,9256300
8/15/2025,SOHO,730,735,700,705,7300
8/15/2025,SOLA,180,193,176,179,397417300
8/15/2025,SONA,3730,3800,3600,3730,45100
8/15/2025,SOSS,570,570,515,545,101600
8/15/2025,SOTS,268,268,256,262,12400
8/15/2025,SOUL,73,75,68,72,3109600
8/15/2025,SPMA,278,284,276,278,385600
8/15/2025,SPRE,91,91,87,89,1029700
8/15/2025,SPTO,655,655,650,650,719300
8/15/2025,SQMI,0,0,0,0,0
8/15/2025,SRAJ,5900,6000,5675,5950,2068900
8/15/2025,SRIL,0,0,0,0,0
8/15/2025,SRSN,53,55,53,53,7481400
8/15/2025,SRTG,1865,1875,1825,1825,7850500
8/15/2025,SRTGZPCG6A,99,99,97,97,1100
8/15/2025,SSIA,2400,2440,2340,2420,30274400
8/15/2025,SSMS,1445,1515,1390,1390,14290800
8/15/2025,SSTM,194,196,187,193,41300
8/15/2025,STAA,990,1000,975,980,12615900
8/15/2025,STAR,35,38,35,38,257500
8/15/2025,STRK,130,130,124,125,44666500
8/15/2025,STTP,10450,11400,10400,10500,10000
8/15/2025,SUGI,0,0,0,0,0
8/15/2025,SULI,106,106,104,104,221700
8/15/2025,SUNI,775,775,745,760,1168700
8/15/2025,SUPR,0,0,0,0,0
8/15/2025,SURE,3350,3350,3230,3230,18900
8/15/2025,SURI,111,114,105,112,334710500
8/15/2025,SWAT,0,0,0,0,0
8/15/2025,SWID,98,115,95,95,46830200
8/15/2025,TALF,300,302,284,292,2200
8/15/2025,TAMA,26,26,26,26,1087700
8/15/2025,TAMU,20,20,18,18,21050200
8/15/2025,TAPG,1470,1480,1440,1450,16958600
8/15/2025,TAPGDRCJ6A,0,0,0,0,0
8/15/2025,TAPGHDCH6A,0,0,0,0,0
8/15/2025,TAPGZPCH6A,0,0,0,0,0
8/15/2025,TARA,12,13,12,13,28088600
8/15/2025,TAXI,9,9,9,9,78267700
8/15/2025,TAYS,56,57,52,53,13924700
8/15/2025,TBIG,1920,1920,1900,1900,572000
8/15/2025,TBLA,775,780,755,760,2736900
8/15/2025,TBMS,1085,1085,1055,1080,28300
8/15/2025,TCID,2430,2430,2390,2430,89400
8/15/2025,TCPI,5975,5975,5875,5925,9109100
8/15/2025,TDPM,0,0,0,0,0
8/15/2025,TEBE,1125,1140,1075,1075,2581400
8/15/2025,TECH,0,0,0,0,0
8/15/2025,TELE,0,0,0,0,0
8/15/2025,TFAS,128,131,125,131,1819000
8/15/2025,TFCO,0,0,0,0,0
8/15/2025,TGKA,5975,5975,5900,5925,2900
8/15/2025,TGRA,0,0,0,0,0
8/15/2025,TGUK,0,0,0,0,0
8/15/2025,TIFA,410,410,406,408,53100
8/15/2025,TINS,1025,1030,1005,1005,7371400
8/15/2025,TIRA,2020,2040,1965,1990,44600
8/15/2025,TIRT,0,0,0,0,0
8/15/2025,TKIM,7200,7375,7100,7225,3579000
8/15/2025,TKIMZPCG6A,107,114,107,113,542300
8/15/2025,TLDN,630,635,620,630,933600
8/15/2025,TLKM,3360,3410,3310,3310,182893900
8/15/2025,TLKMBQCQ5A,0,0,0,0,0
8/15/2025,TLKMBQCV5A,158,158,158,158,5200
8/15/2025,TLKMDRCJ6A,101,101,97,97,20200
8/15/2025,TLKMDRCQ5A,0,0,0,0,0
8/15/2025,TLKMDRCQ5B,154,154,154,154,100
8/15/2025,TLKMDRCX6A,0,0,0,0,0
8/15/2025,TLKMHDCJ6A,81,84,80,80,62300
8/15/2025,TLKMHDCQ5A,0,0,0,0,0
8/15/2025,TLKMHDCV5A,0,0,0,0,0
8/15/2025,TLKMYUCQ5A,0,0,0,0,0
8/15/2025,TLKMZPCF6A,125,125,125,125,100
8/15/2025,TMAS,130,134,130,131,8794800
8/15/2025,TMPO,147,151,146,147,959700
8/15/2025,TNCA,195,197,182,192,6885900
8/15/2025,TOBA,1065,1070,1020,1020,61641600
8/15/2025,TOOL,54,54,52,53,2394600
8/15/2025,TOPS,0,0,0,0,0
8/15/2025,TOSK,66,71,55,55,393895500
8/15/2025,TOTL,730,735,720,720,1336800
8/15/2025,TOTO,246,248,244,246,985300
8/15/2025,TOWR,625,635,610,615,26010200
8/15/2025,TOYS,0,0,0,0,0
8/15/2025,TPIA,9475,9475,9125,9200,5990900
8/15/2025,TPMA,585,585,580,585,3951100
8/15/2025,TRAM,0,0,0,0,0
8/15/2025,TRGU,192,192,187,192,145500
8/15/2025,TRIL,0,0,0,0,0
8/15/2025,TRIM,354,354,346,354,74200
8/15/2025,TRIN,98,100,98,99,413200
8/15/2025,TRIN-W2,0,0,0,0,0
8/15/2025,TRIO,0,0,0,0,0
8/15/2025,TRIS,189,189,179,184,100900
8/15/2025,TRJA,140,141,138,139,139700
8/15/2025,TRON,106,110,100,102,4382600
8/15/2025,TRST,486,486,486,486,70400
8/15/2025,TRUE,20,22,20,22,4099700
8/15/2025,TRUK,168,176,154,165,744700
8/15/2025,TRUS,480,492,480,488,15400
8/15/2025,TSPC,2170,2200,2160,2190,1134400
8/15/2025,TUGU,980,980,965,970,2120600
8/15/2025,TYRE,128,129,127,127,14700
8/15/2025,UANG,432,530,432,530,9829000
8/15/2025,UCID,500,500,496,500,748300
8/15/2025,UDNG,1765,1935,1765,1935,372600
8/15/2025,UFOE,183,187,176,177,281500
8/15/2025,ULTJ,1285,1285,1265,1275,4261400
8/15/2025,UNIC,8025,8050,8025,8025,1400
8/15/2025,UNIQ,416,420,408,408,31531300
8/15/2025,UNIT,0,0,0,0,0
8/15/2025,UNSP,136,136,135,135,839800
8/15/2025,UNTD,79,80,78,78,9331000
8/15/2025,UNTR,24300,24300,24000,24000,1942100
8/15/2025,UNTRBQCV5A,0,0,0,0,0
8/15/2025,UNTRDRCG6A,128,128,126,126,300
8/15/2025,UNTRDRCQ5A,0,0,0,0,0
8/15/2025,UNTRHDCQ5A,0,0,0,0,0
8/15/2025,UNTRZPCJ6A,0,0,0,0,0
8/15/2025,UNVR,1830,1840,1750,1750,36984000
8/15/2025,UNVRBQCQ5A,9,10,5,5,13110100
8/15/2025,UNVRBQCU5A,35,35,35,35,500000
8/15/2025,UNVRBQCZ5A,0,0,0,0,0
8/15/2025,UNVRDRCG6A,55,55,49,49,1225300
8/15/2025,UNVRDRCQ5A,0,0,0,0,0
8/15/2025,UNVRHDCQ5A,0,0,0,0,0
8/15/2025,UNVRHDPG6A,105,105,105,105,600
8/15/2025,UNVRZPCH6A,54,54,51,51,17800
8/15/2025,URBN,133,135,129,129,370600
8/15/2025,UVCR,73,75,72,72,3143800
8/15/2025,VAST,170,172,165,166,6535500
8/15/2025,VAST-W,13,14,13,14,126800
8/15/2025,VERN,155,158,152,154,621800
8/15/2025,VERN-W,6,6,5,6,3417700
8/15/2025,VICI,625,625,620,620,609600
8/15/2025,VICO,175,183,173,177,1660800
8/15/2025,VINS,120,122,118,122,150100
8/15/2025,VISI,136,137,132,136,3675000
8/15/2025,VIVA,17,17,17,17,16066900
8/15/2025,VKTR,85,103,83,93,209158000
8/15/2025,VOKS,197,202,192,198,23900
8/15/2025,VRNA,82,82,74,77,2641100
8/15/2025,VTNY,92,92,90,91,8665000
8/15/2025,WAPO,142,144,141,141,311700
8/15/2025,WEGE,63,65,60,60,59440300
8/15/2025,WEHA,117,118,117,118,745500
8/15/2025,WGSH,174,174,168,172,219100
8/15/2025,WICO,0,0,0,0,0
8/15/2025,WIDI,22,23,21,22,22209200
8/15/2025,WIFI,2930,2950,2760,2770,162170800
8/15/2025,WIIM,800,805,770,780,3668000
8/15/2025,WIKA,0,0,0,0,0
8/15/2025,WINE,218,218,212,216,534800
8/15/2025,WINR,27,27,26,26,7691500
8/15/2025,WINS,406,410,400,404,6088000
8/15/2025,WIRG,165,208,161,181,6556081700
8/15/2025,WMPP,0,0,0,0,0
8/15/2025,WMUU,13,13,13,13,20783200
8/15/2025,WOMF,340,340,338,338,18600
8/15/2025,WOOD,384,388,378,378,2163000
8/15/2025,WOWS,62,67,62,67,17463700
8/15/2025,WSBP,15,15,15,15,54595200
8/15/2025,WSKT,0,0,0,0,0
8/15/2025,WTON,95,99,93,95,15914600
8/15/2025,XAQA,0,0,0,0,0
8/15/2025,XBES,1122,1126,1115,1115,11600
8/15/2025,XBID,523,523,523,523,40000
8/15/2025,XBIG,0,0,0,0,0
8/15/2025,XBIN,594,594,594,594,40000
8/15/2025,XBLQ,496,496,496,496,200
8/15/2025,XBNI,0,0,0,0,0
8/15/2025,XBSK,452,452,451,451,40100
8/15/2025,XCEG,111,111,110,111,700
8/15/2025,XCID,76,80,70,77,2408200
8/15/2025,XCIS,101,119,88,110,44900
8/15/2025,XCLQ,135,135,90,98,437900
8/15/2025,XDIF,463,463,463,463,1000
8/15/2025,XIFE,106,114,106,113,46400
8/15/2025,XIHD,636,641,636,641,4200
8/15/2025,XIIC,0,0,0,0,0
8/15/2025,XIID,0,0,0,0,0
8/15/2025,XIIF,0,0,0,0,0
8/15/2025,XIIT,535,535,524,524,2900
8/15/2025,XIJI,634,634,625,625,6500
8/15/2025,XILV,135,135,135,135,100
8/15/2025,XIML,334,334,276,276,1100
8/15/2025,XIPB,0,0,0,0,0
8/15/2025,XIPI,229,231,229,229,10200
8/15/2025,XISB,0,0,0,0,0
8/15/2025,XISC,0,0,0,0,0
8/15/2025,XISI,358,358,358,358,1700
8/15/2025,XISR,446,448,446,448,600
8/15/2025,XKID,971,971,971,971,100
8/15/2025,XKIV,572,572,569,569,40100
8/15/2025,XKMS,1189,1189,1189,1189,100
8/15/2025,XMGB,1108,1108,1106,1106,5200
8/15/2025,XMIG,225,225,225,225,100
8/15/2025,XMLF,907,907,907,907,40000
8/15/2025,XMSK,390,390,389,389,4800
8/15/2025,XNVE,0,0,0,0,0
8/15/2025,XPDV,629,785,616,620,31400
8/15/2025,XPFT,0,0,0,0,0
8/15/2025,XPIN,665,665,665,665,29300
8/15/2025,XPLQ,625,780,618,780,4600
8/15/2025,XPSG,0,0,0,0,0
8/15/2025,XPTD,483,488,413,481,27700
8/15/2025,XSBC,294,366,290,308,11400
8/15/2025,XSPI,812,812,812,812,600
8/15/2025,XSSI,154,156,135,135,312400
8/15/2025,XSSK,701,701,701,701,20000
8/15/2025,YELO,41,41,41,41,5683900
8/15/2025,YOII,98,100,95,96,3174200
8/15/2025,YPAS,354,354,354,354,7200
8/15/2025,YULE,2700,2700,2700,2700,20400
8/15/2025,YUPI,1710,1710,1675,1695,80500
8/15/2025,ZATA,13,13,12,12,22226900
8/15/2025,ZBRA,0,0,0,0,0
8/15/2025,ZINC,14,14,14,14,36838000
8/15/2025,ZONE,745,750,740,745,98900
8/15/2025,ZYRX,162,187,157,178,96152200
