<date>,<ticker>,<open>,<high>,<low>,<close>,<volume>
11/10/2025,IHSG,8443.320,8478.150,8391.240,8391.240,42966170000
11/10/2025,AADI,8850,8950,8675,8725,20257600
11/10/2025,AADIDRCN6A,110,120,110,112,215000
11/10/2025,AADIHDCK6A,124,124,115,116,1230200
11/10/2025,AADIYUCK6A,366,366,358,362,600
11/10/2025,AALI,7800,7825,7675,7725,1414900
11/10/2025,ABBA,63,63,62,62,2567600
11/10/2025,ABDA,0,0,0,0,0
11/10/2025,ABMM,3000,3020,2980,3000,999300
11/10/2025,ACES,458,460,446,450,53140100
11/10/2025,ACESBQCG6A,13,14,13,14,74200
11/10/2025,ACESBQCK6A,0,0,0,0,0
11/10/2025,ACESBQCX5B,2,3,1,2,14872000
11/10/2025,ACESBQCZ5A,14,14,11,11,1070000
11/10/2025,ACESDRCJ6A,12,12,11,12,1022000
11/10/2025,ACESHDCN6A,63,63,62,62,1500
11/10/2025,ACESHDCZ5A,0,0,0,0,0
11/10/2025,ACESZPCJ6A,19,19,18,18,3000
11/10/2025,ACRO,88,89,87,87,6269700
11/10/2025,ACRO-W,6,7,6,7,6861900
11/10/2025,ACST,130,132,129,130,2179000
11/10/2025,ADCP,55,55,54,54,11112300
11/10/2025,ADES,14975,15225,14975,15200,40800
11/10/2025,ADHI,268,270,264,266,13897000
11/10/2025,ADMF,8800,8875,8800,8825,85600
11/10/2025,ADMG,152,163,152,161,6460500
11/10/2025,ADMR,1405,1425,1380,1380,29978100
11/10/2025,ADMRDRCJ6A,72,72,69,69,263800
11/10/2025,ADMRHDCJ6A,117,117,107,109,26000
11/10/2025,ADMRZPCH6A,93,93,93,93,3100
11/10/2025,ADRO,1965,1980,1935,1960,118023700
11/10/2025,ADROBQCG6A,78,78,78,78,20000
11/10/2025,ADROBQCJ6A,67,67,65,65,2200
11/10/2025,ADROBQCN6A,70,70,70,70,100
11/10/2025,ADROBQCZ5A,7,7,5,6,1761900
11/10/2025,ADRODRCJ6A,66,67,64,65,1381200
11/10/2025,ADRODRCX5A,45,46,45,46,5440600
11/10/2025,ADROHDCN6A,83,83,81,81,50200
11/10/2025,ADROHDCZ5A,55,55,54,54,7200
11/10/2025,ADROHDPH6A,72,72,70,72,58100
11/10/2025,ADROYUCZ5A,0,0,0,0,0
11/10/2025,ADROZPCF6A,28,28,27,27,10200
11/10/2025,ADROZPCK6A,63,63,61,61,117200
11/10/2025,AEGS,84,84,79,84,10522900
11/10/2025,AGAR,244,244,238,240,86400
11/10/2025,AGII,1350,1395,1320,1335,1703900
11/10/2025,AGRO,230,234,226,228,15415000
11/10/2025,AGRS,72,75,72,72,23867300
11/10/2025,AHAP,87,90,87,89,14823100
11/10/2025,AIMS,390,400,382,390,430200
11/10/2025,AISA,145,147,143,143,9886300
11/10/2025,AKKU,38,38,38,38,922400
11/10/2025,AKPI,585,595,580,580,4700
11/10/2025,AKRA,1250,1250,1210,1210,19988600
11/10/2025,AKRABQCX5B,13,13,10,10,415500
11/10/2025,AKRADRCX5A,22,22,19,19,516000
11/10/2025,AKRAHDCH6A,0,0,0,0,0
11/10/2025,AKRAZPCJ6A,43,43,41,41,200500
11/10/2025,AKRAZPCM6A,37,38,35,35,1800
11/10/2025,AKRAZPCX5A,0,0,0,0,0
11/10/2025,AKSI,388,394,378,386,574300
11/10/2025,ALDO,530,540,520,525,834700
11/10/2025,ALII,600,650,580,650,4259800
11/10/2025,ALKA,364,378,354,362,54700
11/10/2025,ALMI,0,0,0,0,0
11/10/2025,ALTO,0,0,0,0,0
11/10/2025,AMAG,380,380,374,378,257800
11/10/2025,AMAN,150,154,150,152,1651500
11/10/2025,AMAR,228,230,226,226,679800
11/10/2025,AMFG,3560,3560,3500,3530,29700
11/10/2025,AMIN,254,260,250,260,215800
11/10/2025,AMMN,7075,7125,7000,7075,18528700
11/10/2025,AMMNBQCZ5A,7,7,6,7,2270000
11/10/2025,AMMNDRCJ6A,38,40,38,39,114600
11/10/2025,AMMNHDCH6A,59,59,59,59,100
11/10/2025,AMMNZPCG6A,21,23,21,21,409400
11/10/2025,AMMS,0,0,0,0,0
11/10/2025,AMOR,428,500,428,440,2397100
11/10/2025,AMRT,1915,1920,1875,1885,52298700
11/10/2025,AMRTBQCF6A,0,0,0,0,0
11/10/2025,AMRTBQCH6A,18,18,17,18,391100
11/10/2025,AMRTBQCJ6A,38,38,38,38,239500
11/10/2025,AMRTDRCZ5A,13,13,13,13,159400
11/10/2025,AMRTHDCJ6A,10,10,7,9,15459400
11/10/2025,AMRTZPCK6A,16,16,15,15,283700
11/10/2025,AMRTZPCX5A,13,13,12,12,600
11/10/2025,ANDI,24,24,24,24,6638400
11/10/2025,ANJT,2150,2230,2110,2150,1873100
11/10/2025,ANTM,2930,2960,2870,2910,156986000
11/10/2025,ANTMBQCG6A,37,40,37,39,20700
11/10/2025,ANTMBQCJ6A,48,49,48,49,20000
11/10/2025,ANTMBQCN6A,74,74,73,73,3000
11/10/2025,ANTMBQCX5A,10,11,8,11,2733300
11/10/2025,ANTMBQCZ5A,0,0,0,0,0
11/10/2025,ANTMDRCG6A,29,30,26,28,1536800
11/10/2025,ANTMDRCG6B,35,35,33,34,710300
11/10/2025,ANTMDRCX5A,0,0,0,0,0
11/10/2025,ANTMDRPZ5A,30,30,30,30,300
11/10/2025,ANTMHDCH6A,58,59,55,57,731200
11/10/2025,ANTMHDCH6B,98,98,94,94,1400
11/10/2025,ANTMHDPH6A,67,67,66,67,695800
11/10/2025,ANTMZPCJ6A,54,54,49,52,1407600
11/10/2025,ANTMZPCK6A,21,22,20,21,258500
11/10/2025,ANTMZPCX5A,0,0,0,0,0
11/10/2025,APEX,131,132,129,130,14995700
11/10/2025,APIC,1155,1155,1130,1155,5681100
11/10/2025,APII,190,192,190,191,15800
11/10/2025,APLI,444,460,444,454,4600
11/10/2025,APLN,99,100,97,98,6603600
11/10/2025,ARCI,1175,1285,1175,1280,224514900
11/10/2025,AREA,535,535,520,525,1045400
11/10/2025,ARGO,1090,1115,1090,1090,7700
11/10/2025,ARII,268,274,260,266,385300
11/10/2025,ARKA,27,28,27,28,3150800
11/10/2025,ARKO,1610,1650,1580,1630,494700
11/10/2025,ARMY,0,0,0,0,0
11/10/2025,ARNA,555,555,545,550,2457300
11/10/2025,ARTA,3120,3210,3030,3040,3300
11/10/2025,ARTI,0,0,0,0,0
11/10/2025,ARTO,2190,2230,2150,2200,10989100
11/10/2025,ARTOBQCG6A,30,30,30,30,4600
11/10/2025,ARTOBQCJ6A,0,0,0,0,0
11/10/2025,ARTOBQCN6A,0,0,0,0,0
11/10/2025,ARTOBQCX5B,0,0,0,0,0
11/10/2025,ARTOBQCZ5A,12,12,9,10,4965100
11/10/2025,ARTODRCK6A,68,68,65,67,178100
11/10/2025,ARTODRCX5A,48,48,44,45,86600
11/10/2025,ARTOHDCN6A,0,0,0,0,0
11/10/2025,ARTOHDCZ5A,0,0,0,0,0
11/10/2025,ARTOZPCK6A,45,46,43,44,15100
11/10/2025,ARTOZPCX5A,44,44,44,44,37000
11/10/2025,ASBI,488,488,470,470,8000
11/10/2025,ASDM,600,650,575,620,865900
11/10/2025,ASGR,1205,1225,1205,1215,1185900
11/10/2025,ASHA,44,44,44,44,1235300
11/10/2025,ASII,6500,6500,6400,6425,45533400
11/10/2025,ASIIBQCZ5A,0,0,0,0,0
11/10/2025,ASIIDRCX5A,189,189,189,189,100
11/10/2025,ASIIDRCX6A,0,0,0,0,0
11/10/2025,ASIIHDCZ5A,206,206,204,204,100000
11/10/2025,ASIIZPCJ6A,159,159,159,159,6500
11/10/2025,ASIIZPCM6A,44,44,43,43,25200
11/10/2025,ASJT,128,130,126,130,505200
11/10/2025,ASLC,88,88,82,85,203268600
11/10/2025,ASLI,173,198,166,187,93480000
11/10/2025,ASMI,26,26,26,26,1026600
11/10/2025,ASPI,770,770,660,700,1721400
11/10/2025,ASPR,99,100,98,99,2380000
11/10/2025,ASRI,168,169,164,165,11476500
11/10/2025,ASRM,350,354,342,348,196900
11/10/2025,ASSA,1060,1075,1040,1070,6285400
11/10/2025,ATAP,78,84,78,84,74700
11/10/2025,ATIC,760,780,695,725,3253400
11/10/2025,ATLA,65,65,63,64,34180700
11/10/2025,AUTO,2740,2740,2650,2660,2868500
11/10/2025,AUTODRCV6A,0,0,0,0,0
11/10/2025,AUTOHDCN6A,0,0,0,0,0
11/10/2025,AUTOZPCJ6A,49,49,48,48,74200
11/10/2025,AVIA,470,470,456,460,24877800
11/10/2025,AVIADRCV6A,74,74,74,74,9000
11/10/2025,AVIAHDCN6A,44,44,44,44,1000
11/10/2025,AVIAZPCJ6A,22,22,21,22,1567800
11/10/2025,AWAN,236,248,232,244,22068400
11/10/2025,AXIO,136,140,132,133,4701300
11/10/2025,AYAM,181,183,178,180,90390300
11/10/2025,AYLS,0,0,0,0,0
11/10/2025,BABP,55,56,54,55,21538700
11/10/2025,BABY,330,342,324,332,20094500
11/10/2025,BACA,141,148,141,142,2925400
11/10/2025,BAIK,100,102,99,101,361400
11/10/2025,BAIK-W,9,9,8,8,894100
11/10/2025,BAJA,159,162,159,159,2299000
11/10/2025,BALI,1185,1185,1175,1185,4500
11/10/2025,BANK,845,865,820,860,6612000
11/10/2025,BANK-W,0,0,0,0,0
11/10/2025,BAPA,82,91,80,81,78420200
11/10/2025,BAPI,24,24,24,24,8706600
11/10/2025,BATA,70,70,70,70,422300
11/10/2025,BATR,108,109,107,109,733100
11/10/2025,BAUT,40,41,40,41,6056200
11/10/2025,BAYU,1340,1340,1305,1335,179000
11/10/2025,BBCA,8675,8675,8575,8575,79897700
11/10/2025,BBCABQCG6A,115,115,82,83,153100
11/10/2025,BBCABQCJ6A,47,47,46,46,300
11/10/2025,BBCABQCN6A,56,57,55,55,2400
11/10/2025,BBCABQCX5A,3,4,2,3,7143000
11/10/2025,BBCADRCF6A,35,35,33,35,1245900
11/10/2025,BBCADRCX6A,4130,4130,4130,4130,100
11/10/2025,BBCAHDCN6A,56,56,54,54,3162000
11/10/2025,BBCAHDCQ7A,75,75,74,74,41100
11/10/2025,BBCAYUCK6A,204,206,204,204,19700
11/10/2025,BBCAZPCF6A,25,25,22,23,6724700
11/10/2025,BBCAZPCH6A,89,89,89,89,25300
11/10/2025,BBCAZPCN6A,0,0,0,0,0
11/10/2025,BBHI,1460,1485,1460,1475,496400
11/10/2025,BBKP,67,68,65,66,336047000
11/10/2025,BBLD,900,910,900,905,7600
11/10/2025,BBMD,2000,2050,2000,2030,2100
11/10/2025,BBNI,4520,4520,4410,4420,45518800
11/10/2025,BBNIBQCG6A,0,0,0,0,0
11/10/2025,BBNIBQCJ6A,0,0,0,0,0
11/10/2025,BBNIBQCN6A,0,0,0,0,0
11/10/2025,BBNIDRCX6A,2500,2500,2500,2500,5000
11/10/2025,BBNIDRCZ5A,0,0,0,0,0
11/10/2025,BBNIDRPZ5A,32,34,32,34,129600
11/10/2025,BBNIHDCQ7A,92,92,87,87,66000
11/10/2025,BBNIZPCH6A,97,97,94,94,1600
11/10/2025,BBNIZPCX5A,36,36,36,36,4100
11/10/2025,BBRI,4010,4020,3930,3930,148552900
11/10/2025,BBRIBQCG6A,46,46,44,45,4500
11/10/2025,BBRIBQCJ6A,50,50,48,48,2100
11/10/2025,BBRIBQCN6A,58,58,55,55,24900
11/10/2025,BBRIBQCZ5A,0,0,0,0,0
11/10/2025,BBRIDRCG6A,78,78,78,78,128200
11/10/2025,BBRIDRCN6A,0,0,0,0,0
11/10/2025,BBRIDRCX5A,86,89,86,89,400
11/10/2025,BBRIDRCX6A,0,0,0,0,0
11/10/2025,BBRIDRPZ5A,31,31,31,31,100000
11/10/2025,BBRIHDCH6A,0,0,0,0,0
11/10/2025,BBRIHDCQ7A,84,85,83,83,51900
11/10/2025,BBRIZPCH6A,78,78,75,75,85600
11/10/2025,BBRIZPCN6A,0,0,0,0,0
11/10/2025,BBRIZPCX5A,49,49,48,48,30000
11/10/2025,BBRM,86,87,85,85,3132600
11/10/2025,BBSI,4000,4000,3900,3990,7200
11/10/2025,BBSS,348,366,340,360,225200
11/10/2025,BBTN,1240,1240,1210,1220,30983200
11/10/2025,BBTNDRCV6A,63,63,59,60,2594600
11/10/2025,BBTNHDCN6A,52,52,50,51,256700
11/10/2025,BBTNHDCZ5A,0,0,0,0,0
11/10/2025,BBTNYUCZ5A,0,0,0,0,0
11/10/2025,BBTNZPCG6A,37,37,35,35,43100
11/10/2025,BBYB,390,394,380,384,101268300
11/10/2025,BCAP,57,57,55,56,27774800
11/10/2025,BCIC,150,165,150,165,517600
11/10/2025,BCIP,110,112,108,110,38079800
11/10/2025,BDKR,176,179,172,178,35681100
11/10/2025,BDMN,2550,2550,2520,2540,952900
11/10/2025,BEBS,0,0,0,0,0
11/10/2025,BEEF,510,540,505,520,9378800
11/10/2025,BEER,128,133,124,130,4245900
11/10/2025,BEKS,30,31,30,31,168394200
11/10/2025,BELI,432,454,432,452,5862300
11/10/2025,BELL,66,67,65,66,8336300
11/10/2025,BESS,1615,1655,1550,1555,62300
11/10/2025,BEST,106,108,104,104,3648000
11/10/2025,BFIN,780,785,775,785,10796400
11/10/2025,BFINDRCK6A,22,22,22,22,300
11/10/2025,BFINHDCM6A,0,0,0,0,0
11/10/2025,BFINZPCM6A,19,19,19,19,30000
11/10/2025,BGTG,110,116,110,114,49221200
11/10/2025,BHAT,1025,1055,1020,1050,2884800
11/10/2025,BHIT,33,34,33,34,4669600
11/10/2025,BIKA,0,0,0,0,0
11/10/2025,BIKE,830,850,810,845,8731900
11/10/2025,BIMA,75,77,75,76,18500
11/10/2025,BINA,4420,4450,4330,4400,39000
11/10/2025,BINO,130,131,127,130,568700
11/10/2025,BIPI,81,81,79,80,94005400
11/10/2025,BIPP,43,43,43,43,150900
11/10/2025,BIRD,1805,1810,1760,1765,3094600
11/10/2025,BISI,895,900,885,895,253000
11/10/2025,BJBR,815,815,810,810,1337800
11/10/2025,BJTM,545,550,540,545,11794500
11/10/2025,BKDP,40,40,40,40,190800
11/10/2025,BKSL,122,122,119,120,134866000
11/10/2025,BKSW,64,65,63,63,3357100
11/10/2025,BLES,160,161,158,161,5331700
11/10/2025,BLOG,490,498,482,488,2163200
11/10/2025,BLTA,29,29,29,29,9549100
11/10/2025,BLTZ,0,0,0,0,0
11/10/2025,BLUE,2600,3250,2300,3250,8970000
11/10/2025,BMAS,665,690,665,685,14000
11/10/2025,BMBL,45,49,42,49,20193500
11/10/2025,BMHS,153,156,152,156,2594900
11/10/2025,BMRI,4790,4790,4730,4730,88738200
11/10/2025,BMRIBQCG6A,0,0,0,0,0
11/10/2025,BMRIBQCJ6A,0,0,0,0,0
11/10/2025,BMRIBQCZ5A,8,9,8,8,7350500
11/10/2025,BMRIDRCG6A,109,109,104,104,12100
11/10/2025,BMRIDRCX5A,0,0,0,0,0
11/10/2025,BMRIDRCX6A,0,0,0,0,0
11/10/2025,BMRIHDCQ7A,89,89,87,87,108000
11/10/2025,BMRIYUCK6A,0,0,0,0,0
11/10/2025,BMRIZPCH6A,54,54,52,52,47900
11/10/2025,BMRIZPCX5A,14,14,14,14,8400
11/10/2025,BMSR,308,310,302,302,48100
11/10/2025,BMTR,142,143,141,143,55025500
11/10/2025,BNBA,620,620,605,620,149300
11/10/2025,BNBR,38,41,38,41,16203700
11/10/2025,BNGA,1745,1750,1735,1735,4963300
11/10/2025,BNGADRCK6A,0,0,0,0,0
11/10/2025,BNGAHDCN6A,68,69,68,68,161000
11/10/2025,BNGAZPCH6A,0,0,0,0,0
11/10/2025,BNII,206,208,206,206,2350100
11/10/2025,BNLI,5275,5300,5225,5250,39200
11/10/2025,BOAT,127,132,127,129,10018100
11/10/2025,BOBA,208,208,195,200,1333500
11/10/2025,BOGA,494,500,492,500,1679300
11/10/2025,BOLA,179,179,170,172,1875100
11/10/2025,BOLT,1115,1115,1105,1115,7600
11/10/2025,BOSS,0,0,0,0,0
11/10/2025,BPFI,320,320,312,314,24900
11/10/2025,BPII,540,540,535,535,105700
11/10/2025,BPTR,95,96,93,95,185000
11/10/2025,BRAM,5150,5150,4980,5050,15900
11/10/2025,BREN,10000,10725,9975,10225,84614200
11/10/2025,BRIS,2530,2540,2500,2500,13044200
11/10/2025,BRISBQCZ5A,18,18,17,17,13200
11/10/2025,BRISDRCJ6A,0,0,0,0,0
11/10/2025,BRISHDCH6A,0,0,0,0,0
11/10/2025,BRISHDCZ5A,0,0,0,0,0
11/10/2025,BRISZPCG6A,0,0,0,0,0
11/10/2025,BRMS,970,985,965,975,505858600
11/10/2025,BRMSBQCZ5A,0,0,0,0,0
11/10/2025,BRMSDRCG6A,44,46,43,45,4954900
11/10/2025,BRMSDRCJ6A,174,177,173,175,788000
11/10/2025,BRMSDRPX5A,1,1,1,1,3211700
11/10/2025,BRMSHDCH6A,286,286,284,284,96000
11/10/2025,BRMSHDCZ5A,0,0,0,0,0
11/10/2025,BRMSZPCG6A,278,278,278,278,200
11/10/2025,BRMSZPCN6A,44,46,44,46,520500
11/10/2025,BRNA,725,735,705,710,2900
11/10/2025,BRPT,3590,3640,3550,3590,97681600
11/10/2025,BRPTBQCF6A,55,55,55,55,2700
11/10/2025,BRPTBQCH6A,76,76,75,75,1500
11/10/2025,BRPTBQCK6A,0,0,0,0,0
11/10/2025,BRPTBQCX5B,242,246,242,242,81000
11/10/2025,BRPTBQCZ5A,0,0,0,0,0
11/10/2025,BRPTDRCF6A,376,376,374,374,10600
11/10/2025,BRPTDRCJ6A,216,222,214,214,328600
11/10/2025,BRPTDRCX5A,442,442,442,442,21800
11/10/2025,BRPTHDCH6A,324,324,318,318,6000
11/10/2025,BRPTHDCH6B,294,294,292,292,4000
11/10/2025,BRPTHDPG6A,63,65,63,65,215900
11/10/2025,BRPTYUCZ5A,232,232,232,232,100
11/10/2025,BRPTZPCF6A,0,0,0,0,0
11/10/2025,BRPTZPCK6A,80,82,79,80,248200
11/10/2025,BRPTZPCN6A,90,90,89,89,272800
11/10/2025,BRPTZPCX5A,0,0,0,0,0
11/10/2025,BRRC,130,133,127,133,12660000
11/10/2025,BRRC-W,16,18,16,16,14785700
11/10/2025,BSBK,74,79,74,76,184460300
11/10/2025,BSDE,975,985,970,975,19216800
11/10/2025,BSDEBQCK6A,0,0,0,0,0
11/10/2025,BSDEDRCG6A,0,0,0,0,0
11/10/2025,BSDEDRCJ6A,31,31,31,31,100
11/10/2025,BSDEHDCM6A,0,0,0,0,0
11/10/2025,BSDEZPCH6A,46,46,46,46,2000300
11/10/2025,BSDEZPCN6A,31,31,30,30,45800
11/10/2025,BSIM,880,890,875,885,24700
11/10/2025,BSML,204,206,199,199,27941500
11/10/2025,BSSR,4220,4240,4190,4200,1671600
11/10/2025,BSWD,0,0,0,0,0
11/10/2025,BTEK,16,16,16,16,37911700
11/10/2025,BTEL,0,0,0,0,0
11/10/2025,BTON,388,396,386,396,32000
11/10/2025,BTPN,2150,2150,2130,2140,16300
11/10/2025,BTPS,1425,1425,1380,1380,6076400
11/10/2025,BTPSDRCK6A,37,37,37,37,21000
11/10/2025,BTPSHDCJ6A,0,0,0,0,0
11/10/2025,BTPSZPCH6A,33,33,33,33,1000
11/10/2025,BUAH,705,705,680,690,830100
11/10/2025,BUDI,228,228,218,222,649500
11/10/2025,BUKA,166,168,165,165,99262500
11/10/2025,BUKABQCZ5B,10,11,10,10,1031400
11/10/2025,BUKADRCK6A,14,14,14,14,92000
11/10/2025,BUKAHDCN6A,33,33,31,32,99600
11/10/2025,BUKAHDCZ5A,0,0,0,0,0
11/10/2025,BUKAZPCM6A,35,35,34,35,207400
11/10/2025,BUKK,1000,1005,975,990,113100
11/10/2025,BULL,208,214,200,210,162910400
11/10/2025,BUMI,142,150,141,150,3425993000
11/10/2025,BUVA,900,925,860,925,163863500
11/10/2025,BUVA-R,0,0,0,0,0
11/10/2025,BVIC,105,110,105,105,35629200
11/10/2025,BVIC-W,19,22,18,20,185200
11/10/2025,BWPT,142,145,140,143,57908500
11/10/2025,BYAN,17875,18150,17875,18025,31500
11/10/2025,CAKK,181,181,178,179,159800
11/10/2025,CAMP,220,224,216,216,1604300
11/10/2025,CANI,45,45,45,45,98600
11/10/2025,CARE,328,340,322,340,30962800
11/10/2025,CARS,131,132,126,131,39619700
11/10/2025,CASA,1100,1105,1085,1100,4358400
11/10/2025,CASH,115,127,107,127,7554700
11/10/2025,CASS,2830,2890,2790,2890,483200
11/10/2025,CBDK,6200,6375,6200,6250,3788400
11/10/2025,CBMF,0,0,0,0,0
11/10/2025,CBPE,274,286,270,272,328500
11/10/2025,CBRE,1250,1250,1180,1220,66294100
11/10/2025,CBUT,1320,1320,1300,1300,31400
11/10/2025,CCSI,350,350,346,350,259300
11/10/2025,CDIA,1930,1995,1890,1960,391871400
11/10/2025,CEKA,2500,2500,2470,2470,20800
11/10/2025,CENT,136,142,136,138,14943300
11/10/2025,CFIN,322,322,318,320,1897800
11/10/2025,CGAS,150,164,150,159,77096500
11/10/2025,CHEK,182,183,181,181,4283500
11/10/2025,CHEM,137,155,125,129,484320900
11/10/2025,CHIP,1365,1380,1355,1380,159800
11/10/2025,CINT,177,234,173,202,24707300
11/10/2025,CITA,4670,4690,4620,4640,243400
11/10/2025,CITY,175,175,162,167,5826300
11/10/2025,CLAY,2830,2900,2740,2840,91200
11/10/2025,CLEO,525,525,520,525,1466400
11/10/2025,CLPI,1450,1450,1410,1430,97900
11/10/2025,CMNP,1390,1400,1365,1365,343200
11/10/2025,CMNP-W,350,380,320,322,12200
11/10/2025,CMNT,770,780,760,765,21651100
11/10/2025,CMPP,93,93,93,93,109100
11/10/2025,CMRY,6050,6200,5825,5975,5043100
11/10/2025,CMRYDRCK6A,136,136,136,136,1000
11/10/2025,CMRYHDCN6A,100,100,95,95,800
11/10/2025,CMRYZPCJ6A,67,68,67,68,700
11/10/2025,CNKO,64,64,59,59,41497200
11/10/2025,CNMA,117,117,115,115,18794800
11/10/2025,CNTB,0,0,0,0,0
11/10/2025,CNTX,0,0,0,0,0
11/10/2025,COAL,57,59,56,59,7417200
11/10/2025,COCO,430,456,428,432,114603500
11/10/2025,COIN,3090,3450,3090,3320,119520000
11/10/2025,COWL,0,0,0,0,0
11/10/2025,CPIN,4620,4700,4610,4670,6903400
11/10/2025,CPINDRCG6A,0,0,0,0,0
11/10/2025,CPINHDCN6A,0,0,0,0,0
11/10/2025,CPINZPCJ6A,0,0,0,0,0
11/10/2025,CPINZPCN6A,0,0,0,0,0
11/10/2025,CPRI,0,0,0,0,0
11/10/2025,CPRO,62,63,61,63,275073400
11/10/2025,CRAB,292,298,290,292,2846300
11/10/2025,CRSN,133,134,121,123,24066600
11/10/2025,CSAP,324,326,322,324,32200
11/10/2025,CSIS,236,240,226,230,2445400
11/10/2025,CSMI,248,254,234,244,10730500
11/10/2025,CSRA,830,840,830,830,1821500
11/10/2025,CTBN,4820,4820,4820,4820,100
11/10/2025,CTRA,895,900,885,890,16784900
11/10/2025,CTRADRCJ6A,13,13,13,13,51000
11/10/2025,CTRAHDCK6A,28,28,28,28,3600
11/10/2025,CTRAYUCZ5A,27,27,27,27,10100
11/10/2025,CTRAZPCG6A,0,0,0,0,0
11/10/2025,CTTH,90,90,88,88,3173100
11/10/2025,CUAN,2350,2350,2250,2280,182257700
11/10/2025,CYBR,1340,1350,1315,1345,11230400
11/10/2025,CYBR-W,1100,1100,930,935,43900
11/10/2025,DAAZ,2400,2400,2380,2380,291400
11/10/2025,DADA,50,50,50,50,4700100
11/10/2025,DART,168,168,163,163,84200
11/10/2025,DATA,4700,4850,4600,4740,3409500
11/10/2025,DAYA,1400,1400,1265,1400,87000
11/10/2025,DCII,261025,262650,261025,261825,3600
11/10/2025,DEAL,0,0,0,0,0
11/10/2025,DEFI,0,0,0,0,0
11/10/2025,DEPO,268,310,244,272,5777100
11/10/2025,DEWA,352,400,352,398,1615161300
11/10/2025,DEWI,117,152,117,140,310598900
11/10/2025,DFAM,82,105,81,93,364605800
11/10/2025,DGIK,96,97,93,97,3564400
11/10/2025,DGNS,145,146,144,144,392500
11/10/2025,DGWG,420,424,400,404,9591500
11/10/2025,DIGI,32,34,32,33,2652500
11/10/2025,DILD,130,132,130,131,8782800
11/10/2025,DIVA,194,197,188,189,1328200
11/10/2025,DKFT,740,780,735,770,29819000
11/10/2025,DKHH,93,97,91,91,28189900
11/10/2025,DKHH-W,17,19,17,18,11284700
11/10/2025,DLTA,2110,2130,2080,2100,22700
11/10/2025,DMAS,133,134,132,133,51163800
11/10/2025,DMMX,380,386,372,376,618900
11/10/2025,DMND,620,630,615,620,103700
11/10/2025,DNAR,121,126,121,123,4880000
11/10/2025,DNET,8975,9025,8975,9000,6500
11/10/2025,DOID,334,346,332,344,7939600
11/10/2025,DOOH,143,168,141,165,682957200
11/10/2025,DOSS,157,159,154,155,3844100
11/10/2025,DPNS,0,0,0,0,0
11/10/2025,DPUM,66,68,63,66,3638800
11/10/2025,DRMA,1040,1045,1015,1025,1938600
11/10/2025,DSFI,87,92,87,92,39023300
11/10/2025,DSNG,1760,1760,1670,1690,26887900
11/10/2025,DSNGDRCK6A,0,0,0,0,0
11/10/2025,DSNGHDCK6A,96,96,89,89,112000
11/10/2025,DSNGZPCM6A,47,47,47,47,5400
11/10/2025,DSSA,100000,100000,87850,88000,2572800
11/10/2025,DUCK,0,0,0,0,0
11/10/2025,DUTI,0,0,0,0,0
11/10/2025,DVLA,1655,1655,1650,1650,66100
11/10/2025,DWGL,346,354,308,344,17726700
11/10/2025,DYAN,88,88,86,88,1995300
11/10/2025,EAST,94,94,93,93,454000
11/10/2025,ECII,180,182,179,180,163200
11/10/2025,EDGE,4360,4390,4330,4360,19400
11/10/2025,EKAD,190,190,187,189,122200
11/10/2025,ELIT,180,185,180,184,14165300
11/10/2025,ELPI,680,735,670,720,1806400
11/10/2025,ELSA,505,520,505,510,16576200
11/10/2025,ELSADRCG6A,0,0,0,0,0
11/10/2025,ELSADRCJ6A,32,32,32,32,40900
11/10/2025,ELSAHDCK6A,39,39,39,39,327200
11/10/2025,ELSAZPCG6A,30,30,30,30,30000
11/10/2025,ELSAZPCN6A,23,23,23,23,400
11/10/2025,ELTY,20,20,20,20,77788800
11/10/2025,EMAS,4090,4200,4080,4100,19797900
11/10/2025,EMDE,96,98,94,95,1955300
11/10/2025,EMTK,1290,1305,1265,1295,188788300
11/10/2025,EMTKBQCH6A,33,35,30,35,813400
11/10/2025,EMTKBQCZ5A,0,0,0,0,0
11/10/2025,EMTKDRCK6A,59,59,56,58,1125500
11/10/2025,EMTKHDCK6A,77,80,74,78,609800
11/10/2025,EMTKHDCZ5A,0,0,0,0,0
11/10/2025,EMTKZPCH6A,160,165,158,163,305500
11/10/2025,EMTKZPCM6A,49,50,47,49,245400
11/10/2025,ENAK,700,700,685,700,526800
11/10/2025,ENRG,875,920,875,910,69781200
11/10/2025,ENRGBQCZ5A,71,71,71,71,10000
11/10/2025,ENRGDRCG6A,25,28,25,28,216600
11/10/2025,ENRGDRCJ6A,0,0,0,0,0
11/10/2025,ENRGHDCK6A,83,83,83,83,100
11/10/2025,ENRGHDCZ5A,474,474,474,474,100
11/10/2025,ENRGZPCG6A,0,0,0,0,0
11/10/2025,ENRGZPCK6A,46,48,44,46,34300
11/10/2025,ENVY,0,0,0,0,0
11/10/2025,ENZO,43,43,41,43,250200
11/10/2025,EPAC,22,24,22,24,4392300
11/10/2025,EPMT,2350,2350,2340,2350,12000
11/10/2025,ERAA,428,434,424,428,33828300
11/10/2025,ERAABQCZ5A,6,7,5,5,567500
11/10/2025,ERAADRCJ6A,8,8,7,8,3398300
11/10/2025,ERAAHDCN6A,42,42,42,42,75500
11/10/2025,ERAAHDCZ5A,0,0,0,0,0
11/10/2025,ERAAZPCH6A,16,16,16,16,100
11/10/2025,ERAL,294,296,286,288,6667300
11/10/2025,ERTX,178,179,174,176,761800
11/10/2025,ESIP,112,112,109,109,2641900
11/10/2025,ESSA,665,680,660,665,67998900
11/10/2025,ESSABQCZ5A,34,36,32,33,4053600
11/10/2025,ESSADRCN6A,38,38,36,37,1669300
11/10/2025,ESSAHDCH6A,54,54,53,53,3000
11/10/2025,ESSAYUCZ5A,32,32,32,32,300800
11/10/2025,ESSAZPCK6A,19,20,18,19,449200
11/10/2025,ESTA,224,236,216,230,14705000
11/10/2025,ESTI,126,140,126,140,1821400
11/10/2025,ETWA,0,0,0,0,0
11/10/2025,EURO,318,320,302,310,330600
11/10/2025,EXCL,2750,2770,2720,2750,16620700
11/10/2025,EXCLHDCJ6A,32,32,31,31,1049100
11/10/2025,EXCLZPCF6A,0,0,0,0,0
11/10/2025,EXCLZPCM6A,32,32,32,32,300
11/10/2025,EXCLZPCN6A,37,37,37,37,1400
11/10/2025,FAPA,6175,6175,6150,6150,6900
11/10/2025,FAST,595,620,590,595,19353100
11/10/2025,FASW,0,0,0,0,0
11/10/2025,FILM,5625,5800,5550,5775,8325200
11/10/2025,FIMP,0,0,0,0,0
11/10/2025,FIRE,84,88,82,88,9697400
11/10/2025,FISH,1700,1840,1700,1740,305500
11/10/2025,FITT,955,980,850,900,2159500
11/10/2025,FLMC,214,228,214,228,8468600
11/10/2025,FMII,356,360,356,358,700
11/10/2025,FOLK,298,318,284,314,8130000
11/10/2025,FOOD,0,0,0,0,0
11/10/2025,FORE,510,510,505,505,4155700
11/10/2025,FORU,1160,1160,1130,1140,138500
11/10/2025,FPNI,0,0,0,0,0
11/10/2025,FUJI,720,720,690,695,2031200
11/10/2025,FUTR,755,780,700,740,96878800
11/10/2025,FWCT,143,155,140,150,25224700
11/10/2025,GAMA,0,0,0,0,0
11/10/2025,GDST,115,116,115,116,1280900
11/10/2025,GDYR,1115,1115,1110,1110,11300
11/10/2025,GEMA,92,101,91,95,67864600
11/10/2025,GEMS,9275,9325,9150,9175,112100
11/10/2025,GGRM,16875,16925,16325,16350,2598800
11/10/2025,GGRMZPCG6A,210,212,194,197,3474900
11/10/2025,GGRP,208,224,199,204,14395400
11/10/2025,GHON,1700,1705,1690,1690,20600
11/10/2025,GIAA,110,110,110,110,46036500
11/10/2025,GJTL,1080,1115,1080,1090,21096800
11/10/2025,GJTLZPCJ6A,25,26,23,24,1664500
11/10/2025,GLOB,0,0,0,0,0
11/10/2025,GLVA,374,462,370,462,4786200
11/10/2025,GMFI,86,86,83,83,6884100
11/10/2025,GMTD,2750,3290,2700,2780,159900
11/10/2025,GOLD,296,342,296,320,3001700
11/10/2025,GOLF,202,202,200,202,387900
11/10/2025,GOLL,0,0,0,0,0
11/10/2025,GOOD,366,366,362,366,225800
11/10/2025,GOTO,64,69,64,67,14345482000
11/10/2025,GOTOBQCJ6A,9,11,9,10,151370500
11/10/2025,GOTOBQCQ6A,11,12,10,12,1460800
11/10/2025,GOTOBQCZ5A,4,4,3,4,5930500
11/10/2025,GOTODRCG6A,9,11,9,10,23883500
11/10/2025,GOTOHDCK6A,21,22,19,22,3149000
11/10/2025,GOTOM,0,0,0,0,0
11/10/2025,GOTOZPCH6A,25,30,25,29,71300
11/10/2025,GOTOZPCK6A,16,16,15,16,427700
11/10/2025,GPRA,131,131,128,129,9175700
11/10/2025,GPSO,795,825,775,820,4787700
11/10/2025,GRIA,99,101,98,99,1096500
11/10/2025,GRPH,65,65,63,64,3830600
11/10/2025,GRPM,60,61,59,60,1246600
11/10/2025,GRPM-W,15,16,15,15,921800
11/10/2025,GSMF,96,108,95,99,26610000
11/10/2025,GTBO,212,212,206,210,130800
11/10/2025,GTRA,322,330,310,312,2699500
11/10/2025,GTSI,124,128,121,123,130123600
11/10/2025,GULA,392,398,374,380,2857900
11/10/2025,GUNA,280,300,272,288,12258100
11/10/2025,GWSA,145,148,145,148,490200
11/10/2025,GZCO,278,288,274,280,81397500
11/10/2025,HADE,24,24,23,24,3171700
11/10/2025,HAIS,208,210,204,208,1852100
11/10/2025,HAJJ,117,120,115,117,11098700
11/10/2025,HAJJ-W,15,16,14,15,2364700
11/10/2025,HALO,113,132,105,110,498173800
11/10/2025,HALO-W,14,15,13,14,11455100
11/10/2025,HATM,280,282,274,280,24691600
11/10/2025,HBAT,234,256,234,236,6213800
11/10/2025,HDFA,193,193,170,179,12127300
11/10/2025,HDIT,52,52,52,52,2335900
11/10/2025,HEAL,1470,1470,1440,1440,9924300
11/10/2025,HEALBQCZ5A,10,10,8,8,60200
11/10/2025,HEALDRCJ6A,0,0,0,0,0
11/10/2025,HEALHDCH6A,0,0,0,0,0
11/10/2025,HEALYUCZ5A,19,19,17,17,9600
11/10/2025,HEALZPCH6A,0,0,0,0,0
11/10/2025,HEALZPCN6A,0,0,0,0,0
11/10/2025,HELI,244,248,242,246,191400
11/10/2025,HERO,525,550,525,530,142000
11/10/2025,HEXA,4680,4680,4640,4660,150100
11/10/2025,HGII,160,161,158,161,8397600
11/10/2025,HILL,162,162,159,159,1038000
11/10/2025,HITS,0,0,0,0,0
11/10/2025,HKMU,0,0,0,0,0
11/10/2025,HMSP,855,870,850,855,59783100
11/10/2025,HOKI,74,75,73,75,19201100
11/10/2025,HOME,0,0,0,0,0
11/10/2025,HOMI,454,454,426,448,2502100
11/10/2025,HOPE,119,119,115,119,1400800
11/10/2025,HOTL,0,0,0,0,0
11/10/2025,HRME,39,39,38,38,1311900
11/10/2025,HRTA,1255,1420,1255,1415,110857400
11/10/2025,HRUM,1055,1070,1040,1065,21857100
11/10/2025,HRUMDRCN6A,37,38,34,38,533800
11/10/2025,HRUMHDCK6A,43,45,42,45,10800
11/10/2025,HRUMZPCG6A,51,53,50,53,22100
11/10/2025,HRUMZPCM6A,30,31,30,30,66500
11/10/2025,HUMI,124,127,122,127,47363700
11/10/2025,HUMI-W,20,21,20,20,18819300
11/10/2025,HYGN,173,173,169,171,519900
11/10/2025,IATA,70,71,70,70,12756800
11/10/2025,IBFN,48,48,44,44,1494000
11/10/2025,IBOS,52,57,52,55,21912700
11/10/2025,IBST,4810,5050,4810,5050,400
11/10/2025,ICBP,8700,8725,8600,8650,6371300
11/10/2025,ICBPDRCX6A,3290,3290,3290,3290,3000
11/10/2025,ICBPHDCJ6A,22,23,22,22,1173300
11/10/2025,ICBPZPCX5A,2,3,2,3,117400
11/10/2025,ICON,45,49,45,49,379900
11/10/2025,IDEA,71,73,68,70,6584000
11/10/2025,IDPR,330,382,318,336,4140100
11/10/2025,IFII,230,230,226,226,188400
11/10/2025,IFSH,815,820,785,810,28000
11/10/2025,IGAR,505,505,500,505,4700
11/10/2025,IIKP,0,0,0,0,0
11/10/2025,IKAI,15,15,15,15,68962100
11/10/2025,IKAN,115,118,113,116,17976800
11/10/2025,IKBI,545,545,535,545,304800
11/10/2025,IKPM,240,242,230,236,1879600
11/10/2025,IMAS,1160,1190,1120,1140,1486700
11/10/2025,IMJS,242,264,242,262,51212600
11/10/2025,IMPC,2640,2900,2550,2820,78468900
11/10/2025,INAF,0,0,0,0,0
11/10/2025,INAI,154,155,150,151,338700
11/10/2025,INCF,45,47,45,47,989300
11/10/2025,INCI,670,680,665,670,176100
11/10/2025,INCO,4520,4540,4460,4500,5606300
11/10/2025,INCOBQCF6A,0,0,0,0,0
11/10/2025,INCOBQCJ6A,58,58,57,57,59000
11/10/2025,INCOBQCN6A,0,0,0,0,0
11/10/2025,INCODRCG6A,0,0,0,0,0
11/10/2025,INCODRCK6A,0,0,0,0,0
11/10/2025,INCODRCX5A,140,140,140,140,100
11/10/2025,INCOHDCJ6A,0,0,0,0,0
11/10/2025,INCOYUCZ5A,125,125,125,125,100
11/10/2025,INCOZPCK6A,0,0,0,0,0
11/10/2025,INCOZPCN6A,87,89,87,88,45900
11/10/2025,INCOZPCX5A,0,0,0,0,0
11/10/2025,INDF,7150,7175,7100,7100,5129400
11/10/2025,INDFDRCX6A,3490,3490,3490,3490,500
11/10/2025,INDFHDCJ6A,16,16,16,16,100
11/10/2025,INDO,224,224,222,224,8242800
11/10/2025,INDR,2900,3000,2820,2930,176000
11/10/2025,INDS,226,228,224,228,214100
11/10/2025,INDX,170,193,168,191,79543100
11/10/2025,INDY,1930,2030,1930,2030,33976700
11/10/2025,INDYDRCN6A,82,85,80,84,112600
11/10/2025,INDYHDCJ6A,176,177,176,177,25000
11/10/2025,INDYHDCN6A,48,48,48,48,1093000
11/10/2025,INDYZPCG6A,91,91,90,90,95800
11/10/2025,INDYZPCN6A,35,35,34,35,111000
11/10/2025,INET,320,400,314,400,1684411400
11/10/2025,INET-W,224,310,222,310,47511300
11/10/2025,INKP,7500,7525,7425,7425,2721500
11/10/2025,INKPBQCX5A,23,23,21,22,828200
11/10/2025,INKPDRCF6A,149,149,149,149,19800
11/10/2025,INKPDRCG6A,61,61,56,56,86200
11/10/2025,INKPHDCK6A,106,106,106,106,5000
11/10/2025,INKPZPCF6A,69,70,69,69,56400
11/10/2025,INKPZPCK6A,30,30,29,29,200
11/10/2025,INOV,149,150,144,146,8759900
11/10/2025,INPC,160,161,154,156,10264800
11/10/2025,INPP,695,695,670,690,40900
11/10/2025,INPS,170,178,170,175,808200
11/10/2025,INRU,720,740,705,715,34800
11/10/2025,INTA,39,39,39,39,1415600
11/10/2025,INTD,218,228,212,222,88400
11/10/2025,INTP,6800,6825,6675,6725,2412500
11/10/2025,INTPDRCN6A,0,0,0,0,0
11/10/2025,INTPHDCM6A,0,0,0,0,0
11/10/2025,INTPZPCG6A,60,60,60,60,100
11/10/2025,INTPZPCM6A,0,0,0,0,0
11/10/2025,IOTF,87,88,86,87,24355300
11/10/2025,IPAC,250,250,218,242,971800
11/10/2025,IPCC,1190,1190,1180,1190,741100
11/10/2025,IPCM,328,330,326,328,1119700
11/10/2025,IPOL,134,136,129,130,4395300
11/10/2025,IPPE,0,0,0,0,0
11/10/2025,IPTV,40,40,39,40,5185600
11/10/2025,IRRA,448,458,446,456,1390000
11/10/2025,IRSX,202,210,200,210,8488900
11/10/2025,ISAP,34,34,31,34,81271500
11/10/2025,ISAP-W,18,20,17,19,73643500
11/10/2025,ISAT,2150,2180,2060,2070,24597900
11/10/2025,ISATBQCF6A,33,33,28,28,364400
11/10/2025,ISATBQCJ6A,56,56,55,55,55500
11/10/2025,ISATDRCG6A,54,55,50,50,817000
11/10/2025,ISATDRCX5A,50,51,47,47,1600
11/10/2025,ISATHDCJ6A,24,24,20,20,20920300
11/10/2025,ISATZPCF6A,0,0,0,0,0
11/10/2025,ISEA,92,117,92,101,663645200
11/10/2025,ISSP,422,422,412,414,989700
11/10/2025,ITIC,454,470,450,460,5668800
11/10/2025,ITMA,1270,1320,1220,1320,19749400
11/10/2025,ITMG,23400,23425,23325,23350,1717800
11/10/2025,ITMGDRCV6A,153,153,153,153,5000
11/10/2025,ITMGHDCJ6A,147,148,147,148,112800
11/10/2025,ITMGZPCJ6A,65,65,63,63,1015600
11/10/2025,JARR,3670,3690,3600,3610,8636000
11/10/2025,JAST,93,93,91,92,9067800
11/10/2025,JATI,122,126,121,124,14174800
11/10/2025,JAWA,172,174,164,166,7585300
11/10/2025,JAYA,107,110,106,107,2773400
11/10/2025,JECC,1115,1120,1110,1110,69200
11/10/2025,JGLE,19,20,19,20,65589900
11/10/2025,JIHD,600,620,600,605,840200
11/10/2025,JKON,84,89,83,86,49633000
11/10/2025,JMAS,151,159,150,153,1939900
11/10/2025,JPFA,2300,2350,2280,2320,42217500
11/10/2025,JPFABQCZ5A,180,180,167,167,4500
11/10/2025,JPFADRCJ6A,102,106,102,102,170800
11/10/2025,JPFAHDCN6A,49,50,49,50,88400
11/10/2025,JPFAHDCZ5A,0,0,0,0,0
11/10/2025,JPFAZPCG6A,169,171,165,169,119900
11/10/2025,JPFAZPCN6A,22,24,21,22,453300
11/10/2025,JRPT,875,875,865,870,538600
11/10/2025,JSKY,0,0,0,0,0
11/10/2025,JSMR,3620,3620,3540,3560,5257100
11/10/2025,JSMRDRCK6A,62,62,62,62,221800
11/10/2025,JSMRHDCH6A,0,0,0,0,0
11/10/2025,JSMRZPCG6A,0,0,0,0,0
11/10/2025,JSPT,3550,3560,3390,3430,42500
11/10/2025,JTPE,370,374,368,370,3738200
11/10/2025,KAEF,580,600,570,595,1554600
11/10/2025,KAQI,74,74,69,71,53666300
11/10/2025,KARW,555,555,505,505,281000
11/10/2025,KAYU,0,0,0,0,0
11/10/2025,KBAG,42,42,41,42,2514000
11/10/2025,KBLI,342,348,334,334,598000
11/10/2025,KBLM,358,364,354,360,160200
11/10/2025,KBLV,145,172,141,171,176538300
11/10/2025,KBRI,0,0,0,0,0
11/10/2025,KDSI,466,468,458,460,11800
11/10/2025,KDTN,224,240,200,236,70364200
11/10/2025,KEEN,1045,1050,1025,1030,5012400
11/10/2025,KEJU,735,745,720,730,538300
11/10/2025,KETR,404,462,398,444,31262700
11/10/2025,KIAS,0,0,0,0,0
11/10/2025,KICI,260,270,250,254,1560700
11/10/2025,KIJA,190,192,189,190,21138400
11/10/2025,KING,206,210,204,208,474800
11/10/2025,KING-W,11,12,10,12,1278600
11/10/2025,KINO,1320,1320,1285,1305,34900
11/10/2025,KIOS,78,81,76,79,39605000
11/10/2025,KJEN,190,192,185,188,1673800
11/10/2025,KKES,26,28,26,28,467600
11/10/2025,KKGI,326,328,322,326,4842300
11/10/2025,KLAS,128,132,126,130,16913900
11/10/2025,KLBF,1280,1295,1270,1270,55426800
11/10/2025,KLBFBQCF6A,0,0,0,0,0
11/10/2025,KLBFBQCJ6A,0,0,0,0,0
11/10/2025,KLBFDRCG6A,17,18,17,18,305700
11/10/2025,KLBFHDCK6A,72,72,72,72,100
11/10/2025,KLBFZPCF6A,16,18,16,18,2608500
11/10/2025,KLBFZPCJ6A,0,0,0,0,0
11/10/2025,KLIN,168,172,166,166,141000
11/10/2025,KMDS,710,710,690,690,50200
11/10/2025,KMTR,276,280,274,274,302600
11/10/2025,KOBX,164,180,162,180,18217100
11/10/2025,KOCI,83,85,81,83,2742100
11/10/2025,KOCI-W,15,15,13,14,7847700
11/10/2025,KOIN,72,72,71,71,34800
11/10/2025,KOKA,0,0,0,0,0
11/10/2025,KONI,3410,3410,3410,3410,17200
11/10/2025,KOPI,328,328,320,326,1463100
11/10/2025,KOTA,35,36,35,35,6729400
11/10/2025,KPIG,148,149,144,146,78860000
11/10/2025,KRAS,364,368,354,356,48031800
11/10/2025,KREN,16,16,16,16,44345200
11/10/2025,KRYA,186,191,185,188,13427600
11/10/2025,KSIX,370,370,350,358,966200
11/10/2025,KUAS,66,68,65,67,4283300
11/10/2025,LABA,248,256,236,238,44122200
11/10/2025,LABS,144,144,141,142,1153400
11/10/2025,LAJU,70,72,68,71,21683100
11/10/2025,LAND,32,33,32,33,1459200
11/10/2025,LAPD,184,191,182,182,20651900
11/10/2025,LCGP,0,0,0,0,0
11/10/2025,LCKM,248,250,214,220,1026000
11/10/2025,LEAD,77,79,77,77,23644300
11/10/2025,LFLO,496,515,452,515,463400
11/10/2025,LIFE,8450,8625,8450,8550,4100
11/10/2025,LINK,3230,3230,3160,3180,49300
11/10/2025,LION,414,422,408,418,106000
11/10/2025,LIVE,206,234,202,214,19561700
11/10/2025,LMAS,0,0,0,0,0
11/10/2025,LMAX,88,89,80,83,6813400
11/10/2025,LMPI,146,151,145,149,650300
11/10/2025,LMSH,0,0,0,0,0
11/10/2025,LOPI,90,94,83,87,6618700
11/10/2025,LPCK,605,620,585,590,835100
11/10/2025,LPGI,760,790,740,755,111200
11/10/2025,LPIN,452,460,452,456,128400
11/10/2025,LPKR,88,89,86,88,70671500
11/10/2025,LPLI,488,500,474,490,2241000
11/10/2025,LPPF,1740,1755,1725,1750,1467500
11/10/2025,LPPS,116,123,112,118,16723800
11/10/2025,LRNA,177,185,176,183,1975900
11/10/2025,LSIP,1415,1415,1380,1390,12945200
11/10/2025,LSIPDRCK6A,44,44,44,44,25000
11/10/2025,LSIPHDCJ6A,48,48,48,48,21000
11/10/2025,LSIPYUCZ5A,48,48,48,48,100
11/10/2025,LSIPZPCG6A,67,67,67,67,15500
11/10/2025,LTLS,875,875,860,865,40200
11/10/2025,LUCK,110,136,110,114,130027400
11/10/2025,LUCY,107,109,105,106,118900
11/10/2025,MABA,0,0,0,0,0
11/10/2025,MAGP,0,0,0,0,0
11/10/2025,MAHA,140,141,139,141,2546800
11/10/2025,MAIN,800,815,800,810,3669600
11/10/2025,MANG,54,57,50,53,22796300
11/10/2025,MANG-W,20,21,19,20,3084900
11/10/2025,MAPA,775,785,745,785,37269500
11/10/2025,MAPABQCZ5A,23,24,23,24,200000
11/10/2025,MAPADRCJ6A,27,27,24,25,84200
11/10/2025,MAPAHDCZ5A,0,0,0,0,0
11/10/2025,MAPAZPCH6A,44,44,44,44,390100
11/10/2025,MAPB,1615,1625,1615,1625,3900
11/10/2025,MAPI,1405,1420,1375,1420,12955400
11/10/2025,MAPIBQCK6A,0,0,0,0,0
11/10/2025,MAPIDRCX5A,20,20,17,20,1005100
11/10/2025,MAPIHDCK6A,104,104,104,104,65000
11/10/2025,MAPIZPCJ6A,0,0,0,0,0
11/10/2025,MARI,32,33,32,33,1748600
11/10/2025,MARK,675,705,670,700,7956700
11/10/2025,MASB,0,0,0,0,0
11/10/2025,MAXI,56,56,54,55,14729700
11/10/2025,MAYA,238,238,230,230,3840500
11/10/2025,MBAP,1610,1620,1600,1600,89300
11/10/2025,MBMA,650,690,635,685,386728500
11/10/2025,MBMABQCX5A,50,66,45,64,6310600
11/10/2025,MBMADRCG6A,29,36,25,34,16491200
11/10/2025,MBMADRCX5A,90,95,90,94,25700
11/10/2025,MBMADRPX5A,1,1,1,1,24560800
11/10/2025,MBMAHDCH6A,123,123,121,121,2600
11/10/2025,MBMAHDCN6A,92,106,90,106,1266000
11/10/2025,MBMAYUCK6A,149,149,149,149,1800
11/10/2025,MBMAZPCK6A,38,43,38,43,464200
11/10/2025,MBMAZPCN6A,30,31,30,31,1590600
11/10/2025,MBMAZPCX5A,157,167,157,167,3000
11/10/2025,MBSS,1375,1450,1370,1410,1903700
11/10/2025,MBTO,187,208,186,193,14734200
11/10/2025,MCAS,810,815,795,805,172100
11/10/2025,MCOL,3850,3850,3810,3840,21100
11/10/2025,MCOR,73,74,72,74,1771700
11/10/2025,MDIA,32,33,32,33,768200
11/10/2025,MDIY,1070,1075,1040,1040,1157800
11/10/2025,MDKA,2450,2510,2400,2500,66039800
11/10/2025,MDKABQCX5B,8,11,8,10,35074000
11/10/2025,MDKADRCG6A,66,71,66,70,259900
11/10/2025,MDKADRCK6A,65,70,65,70,18800
11/10/2025,MDKADRPX5A,4,4,4,4,12894000
11/10/2025,MDKAHDCN6A,72,75,72,75,1281400
11/10/2025,MDKAHDCZ5A,94,98,93,98,2400
11/10/2025,MDKAHDPH6A,0,0,0,0,0
11/10/2025,MDKAHDPJ6A,50,50,50,50,5900
11/10/2025,MDKAYUCK6A,137,137,137,137,2700
11/10/2025,MDKAZPCF6A,58,58,58,58,500
11/10/2025,MDKI,202,210,202,204,6708300
11/10/2025,MDLA,240,250,236,242,9616600
11/10/2025,MDLN,60,61,59,59,12764500
11/10/2025,MDRN,39,40,39,40,4265800
11/10/2025,MEDC,1330,1335,1310,1315,34450000
11/10/2025,MEDCBQCX5B,8,8,7,8,99416200
11/10/2025,MEDCBQCZ5A,0,0,0,0,0
11/10/2025,MEDCDRCG6A,30,30,29,29,58800
11/10/2025,MEDCHDCH6A,87,87,86,86,339100
11/10/2025,MEDCZPCF6A,0,0,0,0,0
11/10/2025,MEDS,64,66,63,64,17120200
11/10/2025,MEGA,3280,3290,3280,3290,8000
11/10/2025,MEJA,146,146,146,146,23184900
11/10/2025,MEJA-W,45,45,40,40,31973900
11/10/2025,MENN,0,0,0,0,0
11/10/2025,MERI,212,214,210,214,1394300
11/10/2025,MERK,3100,3110,3040,3110,90800
11/10/2025,META,0,0,0,0,0
11/10/2025,MFMI,0,0,0,0,0
11/10/2025,MGLV,860,935,850,935,1376500
11/10/2025,MGNA,100,100,90,90,6147600
11/10/2025,MGNA-W,82,82,82,82,81900
11/10/2025,MGRO,760,775,755,770,7443000
11/10/2025,MHKI,252,262,248,256,20577000
11/10/2025,MICE,665,665,635,645,110700
11/10/2025,MIDI,408,408,402,406,6218100
11/10/2025,MIKA,2640,2650,2500,2500,5738800
11/10/2025,MIKADRCV6A,0,0,0,0,0
11/10/2025,MIKAHDCN6A,0,0,0,0,0
11/10/2025,MIKAZPCG6A,30,30,30,30,1200
11/10/2025,MINA,182,186,180,183,95351200
11/10/2025,MINE,486,492,486,490,1876500
11/10/2025,MIRA,36,36,36,36,14994900
11/10/2025,MITI,298,300,286,296,2161400
11/10/2025,MKAP,344,346,344,346,47500
11/10/2025,MKNT,0,0,0,0,0
11/10/2025,MKPI,24400,24400,24150,24375,6500
11/10/2025,MKTR,145,148,141,144,1626000
11/10/2025,MLBI,5850,5875,5800,5800,231300
11/10/2025,MLIA,338,340,336,340,2805200
11/10/2025,MLPL,131,138,131,137,173716500
11/10/2025,MLPT,78850,79500,78800,79500,7900
11/10/2025,MMIX,228,244,218,234,10044200
11/10/2025,MMLP,565,565,560,565,1471600
11/10/2025,MNCN,270,270,262,264,24108800
11/10/2025,MNCNDRCN6A,24,24,24,24,400
11/10/2025,MNCNHDCM6A,25,25,25,25,500
11/10/2025,MNCNZPCM6A,12,12,11,11,89100
11/10/2025,MOLI,302,334,302,330,13768800
11/10/2025,MORA,2600,2600,2600,2600,859400
11/10/2025,MPIX,66,69,65,67,6530000
11/10/2025,MPIX-W,10,10,9,10,1277500
11/10/2025,MPMX,970,975,965,970,3641500
11/10/2025,MPOW,116,118,116,117,1883600
11/10/2025,MPPA,59,62,58,62,56288600
11/10/2025,MPRO,6750,7200,6750,7000,46900
11/10/2025,MPXL,234,238,232,234,1572200
11/10/2025,MRAT,382,466,382,386,4534800
11/10/2025,MREI,945,990,945,985,426100
11/10/2025,MSIE,49,50,47,50,7764200
11/10/2025,MSIN,510,515,496,500,30175800
11/10/2025,MSJA,294,296,292,294,3609000
11/10/2025,MSKY,81,82,80,82,3327300
11/10/2025,MSTI,1420,1460,1420,1425,1037800
11/10/2025,MTDL,600,605,595,600,5213700
11/10/2025,MTEL,565,565,555,560,5107700
11/10/2025,MTELDRCK6A,14,14,13,14,40300
11/10/2025,MTELHDCM6A,0,0,0,0,0
11/10/2025,MTELZPCM6A,13,13,13,13,10100
11/10/2025,MTFN,18,18,18,18,109269800
11/10/2025,MTLA,450,452,438,440,119300
11/10/2025,MTMH,1150,1150,1145,1145,1600
11/10/2025,MTPS,0,0,0,0,0
11/10/2025,MTRA,0,0,0,0,0
11/10/2025,MTSM,0,0,0,0,0
11/10/2025,MTWI,354,354,348,350,502500
11/10/2025,MUTU,106,108,103,107,4529200
11/10/2025,MYOH,1560,1580,1560,1570,30700
11/10/2025,MYOR,2050,2070,2040,2050,14483300
11/10/2025,MYORDRCK6A,47,48,47,47,14900
11/10/2025,MYORHDCM6A,42,42,42,42,5000
11/10/2025,MYORZPCH6A,26,26,26,26,223700
11/10/2025,MYTX,0,0,0,0,0
11/10/2025,NAIK,119,123,119,120,13869900
11/10/2025,NAIK-W,18,20,18,18,9408000
11/10/2025,NANO,54,55,52,54,10785200
11/10/2025,NASA,33,33,32,32,3832400
11/10/2025,NASI,105,105,99,103,5693500
11/10/2025,NATO,147,147,144,146,262200
11/10/2025,NAYZ,171,187,155,155,52644600
11/10/2025,NCKL,1125,1140,1105,1110,42831500
11/10/2025,NCKLBQCM6A,0,0,0,0,0
11/10/2025,NCKLDRCK6A,45,45,44,44,5400
11/10/2025,NCKLHDCK6A,65,65,63,63,7000
11/10/2025,NCKLYUCZ5A,100,100,96,97,8000100
11/10/2025,NCKLZPCJ6A,69,69,69,69,5000
11/10/2025,NCKLZPCM6A,31,31,30,30,119300
11/10/2025,NELY,348,348,342,344,681900
11/10/2025,NEST,368,368,356,362,10850800
11/10/2025,NETV,106,109,106,107,2031200
11/10/2025,NFCX,1775,1815,1760,1800,127200
11/10/2025,NICE,416,420,414,418,1863900
11/10/2025,NICK,1190,1245,1175,1175,9600
11/10/2025,NICL,975,1000,975,1000,2662500
11/10/2025,NIKL,366,386,364,370,5167400
11/10/2025,NINE,0,0,0,0,0
11/10/2025,NIRO,0,0,0,0,0
11/10/2025,NISP,1385,1385,1370,1370,2029100
11/10/2025,NOBU,510,520,505,510,2049100
11/10/2025,NPGF,61,62,60,62,6193100
11/10/2025,NRCA,995,1050,890,1020,246477000
11/10/2025,NSSS,500,505,494,500,4380700
11/10/2025,NTBK,177,181,160,164,129441300
11/10/2025,NUSA,0,0,0,0,0
11/10/2025,NZIA,110,111,108,110,439000
11/10/2025,OASA,212,228,210,226,336137000
11/10/2025,OBAT,436,436,430,432,1257600
11/10/2025,OBAT-W,90,91,86,87,1031700
11/10/2025,OBMD,250,250,244,246,545400
11/10/2025,OCAP,0,0,0,0,0
11/10/2025,OILS,212,214,206,210,3063400
11/10/2025,OKAS,141,144,140,142,10347000
11/10/2025,OLIV,129,135,119,128,195106600
11/10/2025,OMED,199,200,196,199,2018700
11/10/2025,OMRE,472,472,472,472,6700
11/10/2025,OPMS,106,111,104,107,12860500
11/10/2025,PACK,2820,2880,2800,2810,3414400
11/10/2025,PADA,100,102,98,102,41380500
11/10/2025,PADI,76,76,75,75,6121300
11/10/2025,PALM,390,396,380,380,2481200
11/10/2025,PAMG,69,72,68,68,28199700
11/10/2025,PANI,14675,14675,14325,14375,5137400
11/10/2025,PANIBQCZ5A,25,25,22,22,667100
11/10/2025,PANIDRCG6A,71,71,66,67,483100
11/10/2025,PANIHDCJ6A,107,107,100,100,2598100
11/10/2025,PANIHDCN6A,89,89,85,85,16800
11/10/2025,PANIHDCZ5A,134,134,127,127,16100
11/10/2025,PANIZPCJ6A,66,66,61,62,2406600
11/10/2025,PANIZPCN6A,114,116,111,111,5700
11/10/2025,PANR,660,660,650,655,203200
11/10/2025,PANS,1455,1455,1440,1455,111200
11/10/2025,PART,134,134,125,130,35343700
11/10/2025,PART-W,21,21,18,18,25729900
11/10/2025,PBID,488,494,488,490,224700
11/10/2025,PBRX,41,42,41,42,15973600
11/10/2025,PBSA,950,960,930,955,771700
11/10/2025,PCAR,36,36,35,35,1766300
11/10/2025,PDES,625,625,605,605,17200
11/10/2025,PDPP,404,410,400,404,376400
11/10/2025,PEGE,127,127,124,125,835100
11/10/2025,PEHA,328,334,308,322,353700
11/10/2025,PEVE,496,520,494,505,622300
11/10/2025,PGAS,1760,1785,1730,1730,37605500
11/10/2025,PGASBQCZ5A,0,0,0,0,0
11/10/2025,PGASDRCG6A,63,64,63,63,52100
11/10/2025,PGASDRCG6B,0,0,0,0,0
11/10/2025,PGASHDCK6A,69,69,63,63,33100
11/10/2025,PGASZPCJ6A,45,45,40,40,22800
11/10/2025,PGEO,1270,1285,1260,1260,26120200
11/10/2025,PGEOBQCF6A,0,0,0,0,0
11/10/2025,PGEOBQCJ6A,0,0,0,0,0
11/10/2025,PGEOBQCX5B,3,3,2,3,15247900
11/10/2025,PGEODRCJ6A,23,23,23,23,28600
11/10/2025,PGEOHDCH6A,0,0,0,0,0
11/10/2025,PGEOHDCH6B,36,36,36,36,13000
11/10/2025,PGEOHDPH6A,0,0,0,0,0
11/10/2025,PGEOYUCK6A,70,70,70,70,100
11/10/2025,PGEOZPCJ6A,30,30,30,30,1600
11/10/2025,PGEOZPCM6A,0,0,0,0,0
11/10/2025,PGJO,1010,1020,1000,1000,156000
11/10/2025,PGLI,498,505,436,436,2299200
11/10/2025,PGUN,13225,13225,12950,12975,91600
11/10/2025,PICO,254,262,248,248,4599900
11/10/2025,PIPA,304,344,288,330,387622000
11/10/2025,PJAA,515,535,510,530,1171200
11/10/2025,PJHB,640,640,550,640,88248700
11/10/2025,PJHB-W,470,498,302,380,249966500
11/10/2025,PKPK,620,620,600,605,127600
11/10/2025,PLAN,50,51,48,49,5494000
11/10/2025,PLAS,0,0,0,0,0
11/10/2025,PLIN,0,0,0,0,0
11/10/2025,PMJS,117,118,116,118,104500
11/10/2025,PMMP,0,0,0,0,0
11/10/2025,PMUI,150,152,146,147,4367400
11/10/2025,PNBN,1020,1030,1015,1020,4142300
11/10/2025,PNBS,55,57,54,57,57575100
11/10/2025,PNGO,3100,3100,3070,3090,18000
11/10/2025,PNIN,790,805,785,795,1474200
11/10/2025,PNLF,238,240,236,236,30744600
11/10/2025,PNLFBQCM6A,18,18,18,18,19700
11/10/2025,PNLFDRCJ6A,9,9,9,9,13200
11/10/2025,PNLFHDCZ5A,0,0,0,0,0
11/10/2025,PNLFZPCH6A,0,0,0,0,0
11/10/2025,PNSE,720,755,700,705,86800
11/10/2025,POLA,35,38,35,38,1112700
11/10/2025,POLI,0,0,0,0,0
11/10/2025,POLL,0,0,0,0,0
11/10/2025,POLU,24800,24800,23700,24000,24000
11/10/2025,POLY,24,25,24,24,1627500
11/10/2025,POOL,0,0,0,0,0
11/10/2025,PORT,1220,1250,1220,1240,71600
11/10/2025,POSA,0,0,0,0,0
11/10/2025,POWR,705,710,700,705,7463800
11/10/2025,PPGL,141,141,127,138,4658500
11/10/2025,PPRE,126,132,123,123,56828400
11/10/2025,PPRI,330,334,318,326,4000100
11/10/2025,PPRO,0,0,0,0,0
11/10/2025,PRAY,825,850,820,845,101600
11/10/2025,PRDA,2560,2570,2530,2540,115100
11/10/2025,PRIM,80,80,78,80,5104500
11/10/2025,PSAB,570,600,570,595,112658400
11/10/2025,PSAT,1345,1355,1330,1350,466900
11/10/2025,PSDN,104,105,102,105,1881200
11/10/2025,PSGO,220,222,218,220,899500
11/10/2025,PSKT,136,140,136,139,4983700
11/10/2025,PSSI,348,348,340,340,552200
11/10/2025,PTBA,2390,2400,2380,2390,5360900
11/10/2025,PTBADRCG6A,16,16,16,16,34600
11/10/2025,PTBAHDCM6A,0,0,0,0,0
11/10/2025,PTBAYUCZ5A,0,0,0,0,0
11/10/2025,PTBAZPCH6A,0,0,0,0,0
11/10/2025,PTDU,17,17,17,17,2100
11/10/2025,PTIS,400,400,390,390,80200
11/10/2025,PTMP,85,87,82,86,18919700
11/10/2025,PTMR,0,0,0,0,0
11/10/2025,PTPP,378,382,374,376,10227700
11/10/2025,PTPS,200,202,198,200,11252600
11/10/2025,PTPW,955,955,950,950,33900
11/10/2025,PTRO,8650,9050,8550,8800,80167200
11/10/2025,PTRODRCG6A,306,342,300,316,4241600
11/10/2025,PTROHDCK6A,498,535,498,515,203600
11/10/2025,PTROHDCN6A,100,108,98,102,9548500
11/10/2025,PTROYUCK6A,496,510,494,494,63200
11/10/2025,PTROZPCK6A,260,270,250,260,167600
11/10/2025,PTROZPCN6A,129,135,125,129,3002300
11/10/2025,PTSN,392,392,370,378,1075400
11/10/2025,PTSP,1200,1240,1150,1180,121300
11/10/2025,PUDP,755,755,720,740,117000
11/10/2025,PURA,25,27,25,27,4328500
11/10/2025,PURE,0,0,0,0,0
11/10/2025,PURI,675,675,675,675,2105900
11/10/2025,PWON,372,372,366,368,33610600
11/10/2025,PWONDRCN6A,28,28,28,28,1100
11/10/2025,PWONHDCZ5A,47,47,47,47,100
11/10/2025,PWONZPCH6A,29,29,28,28,1100
11/10/2025,PYFA,515,520,500,505,16222600
11/10/2025,PYFA-W,119,119,116,117,49600
11/10/2025,PZZA,232,232,226,228,1613600
11/10/2025,R-ABFII,0,0,0,0,0
11/10/2025,R-LQ45X,1026,1050,1026,1030,8800
11/10/2025,RAAM,256,258,250,254,9351000
11/10/2025,RAFI,42,42,39,39,16516100
11/10/2025,RAJA,4750,5050,4710,4990,132945200
11/10/2025,RAJADRCG6A,218,264,218,256,2757200
11/10/2025,RAJAHDCK6A,220,248,220,246,8626300
11/10/2025,RAJAZPCK6A,110,126,110,120,5735500
11/10/2025,RALS,440,450,440,446,4821900
11/10/2025,RANC,870,950,830,845,816800
11/10/2025,RATU,8925,9300,8900,9200,35610100
11/10/2025,RBMS,34,34,34,34,861800
11/10/2025,RCCC,195,197,180,183,2109800
11/10/2025,RDTX,12250,12375,12250,12250,700
11/10/2025,REAL,72,73,71,72,37842800
11/10/2025,RELF,44,45,43,44,8326000
11/10/2025,RELI,650,655,625,645,7500
11/10/2025,RGAS,101,102,99,101,7245000
11/10/2025,RICY,56,56,56,56,777900
11/10/2025,RIGS,780,795,760,795,62300
11/10/2025,RIMO,0,0,0,0,0
11/10/2025,RISE,10250,10250,8775,9900,1934900
11/10/2025,RMKE,2810,2810,2610,2620,8576400
11/10/2025,RMKO,224,232,214,216,9440800
11/10/2025,ROCK,500,500,472,472,14800
11/10/2025,RODA,48,48,47,47,212800
11/10/2025,RONY,3290,3300,3290,3300,23200
11/10/2025,ROTI,800,805,795,805,144200
11/10/2025,RSCH,380,380,374,376,9177700
11/10/2025,RSGK,0,0,0,0,0
11/10/2025,RUIS,194,196,192,193,626900
11/10/2025,RUNS,102,106,98,101,418300
11/10/2025,SAFE,260,264,248,254,2346000
11/10/2025,SAGE,32,34,32,34,2084400
11/10/2025,SAME,310,314,286,308,18061400
11/10/2025,SAMF,316,316,312,314,181000
11/10/2025,SAPX,310,312,306,310,469700
11/10/2025,SATU,252,266,252,266,12168100
11/10/2025,SBAT,0,0,0,0,0
11/10/2025,SBMA,134,134,130,132,799300
11/10/2025,SCCO,2400,2450,2400,2420,73600
11/10/2025,SCMA,382,384,374,378,131117500
11/10/2025,SCMABQCZ5A,0,0,0,0,0
11/10/2025,SCMADRCG6A,26,26,23,25,10249900
11/10/2025,SCMADRCK6A,130,132,127,132,2200
11/10/2025,SCMAHDCK6A,55,57,55,57,203200
11/10/2025,SCMAHDCZ5A,376,378,376,378,140100
11/10/2025,SCMAYUCK6A,95,96,94,96,5000
11/10/2025,SCMAZPCG6A,220,220,218,218,300
11/10/2025,SCMAZPCM6A,58,59,56,58,111900
11/10/2025,SCNP,163,165,155,160,956600
11/10/2025,SCPI,0,0,0,0,0
11/10/2025,SDMU,60,63,60,61,941200
11/10/2025,SDPC,141,143,138,138,86700
11/10/2025,SDRA,294,308,292,296,550200
11/10/2025,SEMA,103,104,101,102,2004200
11/10/2025,SFAN,1920,1925,1920,1925,88400
11/10/2025,SGER,498,510,470,494,114154000
11/10/2025,SGRO,5400,6150,5400,5950,12578400
11/10/2025,SHID,875,885,865,870,4900
11/10/2025,SHIP,5225,5275,5000,5150,34100
11/10/2025,SICO,134,136,131,132,5235200
11/10/2025,SIDO,570,570,560,565,42900500
11/10/2025,SIDODRCK6A,30,30,30,30,30000
11/10/2025,SIDOHDCN6A,32,32,32,32,3200000
11/10/2025,SIDOZPCM6A,18,18,18,18,25200
11/10/2025,SILO,2340,2440,2330,2360,6394100
11/10/2025,SIMA,0,0,0,0,0
11/10/2025,SIMP,635,645,630,640,12624900
11/10/2025,SINI,7400,7400,6850,7050,816000
11/10/2025,SIPD,700,700,700,700,16900
11/10/2025,SKBM,498,510,490,505,199800
11/10/2025,SKLT,214,216,204,212,1221000
11/10/2025,SKRN,770,770,740,755,1923500
11/10/2025,SKYB,0,0,0,0,0
11/10/2025,SLIS,80,83,79,80,29753500
11/10/2025,SLIS-W,14,15,13,13,8270400
11/10/2025,SMAR,5125,5200,5100,5150,83600
11/10/2025,SMBR,302,302,290,290,26157300
11/10/2025,SMCB,0,0,0,0,0
11/10/2025,SMDM,820,830,805,805,253300
11/10/2025,SMDR,308,314,306,306,18164800
11/10/2025,SMGA,116,116,109,112,118665800
11/10/2025,SMGR,2910,2910,2740,2760,17773200
11/10/2025,SMGRBQCX5B,24,25,22,24,1188300
11/10/2025,SMGRBQCZ5A,10,10,6,7,16525400
11/10/2025,SMGRDRCG6A,43,43,43,43,7000
11/10/2025,SMGRHDCZ5A,0,0,0,0,0
11/10/2025,SMGRZPCJ6A,0,0,0,0,0
11/10/2025,SMIL,454,472,452,472,174196500
11/10/2025,SMKL,166,214,164,185,27734600
11/10/2025,SMKM,160,162,154,157,21614700
11/10/2025,SMLE,304,304,294,300,2951200
11/10/2025,SMMA,13300,13500,13250,13500,14900
11/10/2025,SMMT,1750,1750,1655,1705,568300
11/10/2025,SMRA,396,400,394,394,23777300
11/10/2025,SMRADRCG6A,0,0,0,0,0
11/10/2025,SMRADRCJ6A,18,18,18,18,20000
11/10/2025,SMRAHDCZ5A,0,0,0,0,0
11/10/2025,SMRAZPCH6A,37,37,37,37,66600
11/10/2025,SMRU,0,0,0,0,0
11/10/2025,SMSM,1900,1900,1855,1860,2365900
11/10/2025,SNLK,410,410,404,404,7962800
11/10/2025,SOCI,210,212,208,210,6633200
11/10/2025,SOFA,286,292,268,274,8605200
11/10/2025,SOHO,0,0,0,0,0
11/10/2025,SOLA,132,136,131,134,6724800
11/10/2025,SONA,2560,2600,2490,2530,82400
11/10/2025,SOSS,845,845,840,845,21400
11/10/2025,SOTS,320,326,314,326,49000
11/10/2025,SOUL,80,88,75,81,2791600
11/10/2025,SPMA,284,288,250,272,4008200
11/10/2025,SPRE,133,137,129,132,5688100
11/10/2025,SPTO,665,680,665,675,874500
11/10/2025,SQMI,0,0,0,0,0
11/10/2025,SRAJ,11700,11700,10900,11675,500300
11/10/2025,SRIL,0,0,0,0,0
11/10/2025,SRSN,65,67,64,65,24723300
11/10/2025,SRTG,1700,1700,1670,1675,2722700
11/10/2025,SRTGDRCK6A,64,64,63,63,100000
11/10/2025,SRTGHDCK6A,62,63,61,62,4131000
11/10/2025,SRTGZPCG6A,0,0,0,0,0
11/10/2025,SRTGZPCK6A,28,29,28,29,84000
11/10/2025,SSIA,1715,1785,1680,1705,88414700
11/10/2025,SSMS,1625,1635,1580,1620,6893300
11/10/2025,SSTM,0,0,0,0,0
11/10/2025,STAA,1355,1435,1355,1410,32907700
11/10/2025,STAR,75,75,75,75,41100
11/10/2025,STRK,169,181,168,174,19831500
11/10/2025,STTP,10250,10250,10000,10025,2600
11/10/2025,SUGI,0,0,0,0,0
11/10/2025,SULI,135,136,133,135,632200
11/10/2025,SUNI,800,805,795,805,681100
11/10/2025,SUPR,0,0,0,0,0
11/10/2025,SURE,2680,2950,2680,2740,64800
11/10/2025,SURI,103,105,100,102,42386700
11/10/2025,SWAT,0,0,0,0,0
11/10/2025,SWID,88,97,88,91,4208600
11/10/2025,TALF,545,625,488,610,1783300
11/10/2025,TAMA,30,30,28,30,2159000
11/10/2025,TAMU,30,31,30,31,30775300
11/10/2025,TAPG,1825,1825,1735,1750,23445800
11/10/2025,TAPGDRCG6A,39,40,32,32,4259700
11/10/2025,TAPGDRCJ6A,118,118,109,109,52100
11/10/2025,TAPGHDCH6A,0,0,0,0,0
11/10/2025,TAPGZPCH6A,0,0,0,0,0
11/10/2025,TAPGZPCM6A,41,44,38,38,59400
11/10/2025,TARA,26,26,25,26,2769300
11/10/2025,TAXI,16,16,16,16,91450000
11/10/2025,TAYS,82,87,77,83,61070200
11/10/2025,TBIG,2200,2220,2170,2220,501400
11/10/2025,TBLA,745,755,735,745,6148400
11/10/2025,TBMS,1350,1370,1340,1370,225700
11/10/2025,TCID,3470,3470,3120,3200,25700
11/10/2025,TCPI,8075,8200,7950,7975,6740600
11/10/2025,TDPM,0,0,0,0,0
11/10/2025,TEBE,2410,2430,2340,2360,5960600
11/10/2025,TECH,0,0,0,0,0
11/10/2025,TELE,0,0,0,0,0
11/10/2025,TFAS,240,246,238,242,682500
11/10/2025,TFCO,0,0,0,0,0
11/10/2025,TGKA,5300,5300,5275,5275,2800
11/10/2025,TGRA,0,0,0,0,0
11/10/2025,TGUK,0,0,0,0,0
11/10/2025,TIFA,410,444,400,412,59000
11/10/2025,TINS,2940,3120,2870,3120,141924500
11/10/2025,TIRA,1690,1690,1480,1520,636900
11/10/2025,TIRT,0,0,0,0,0
11/10/2025,TKIM,7000,7000,6925,6950,957400
11/10/2025,TKIMDRCN6A,0,0,0,0,0
11/10/2025,TKIMHDCJ6A,0,0,0,0,0
11/10/2025,TKIMZPCG6A,82,82,81,81,752200
11/10/2025,TKIMZPCK6A,0,0,0,0,0
11/10/2025,TLDN,745,745,725,730,930200
11/10/2025,TLKM,3490,3550,3440,3440,88941900
11/10/2025,TLKMBQCG6A,72,72,68,68,25100
11/10/2025,TLKMBQCJ6A,67,67,67,67,100
11/10/2025,TLKMDRCJ6A,94,94,94,94,100000
11/10/2025,TLKMDRCX6A,0,0,0,0,0
11/10/2025,TLKMHDCJ6A,75,78,73,74,233700
11/10/2025,TLKMYUCK6A,131,132,131,131,30000
11/10/2025,TLKMZPCF6A,121,123,119,119,1036600
11/10/2025,TLKMZPCM6A,0,0,0,0,0
11/10/2025,TMAS,129,130,129,129,5523700
11/10/2025,TMPO,169,170,167,167,1109000
11/10/2025,TNCA,240,246,236,240,944400
11/10/2025,TOBA,850,860,835,840,72992300
11/10/2025,TOOL,66,67,64,65,53366000
11/10/2025,TOPS,0,0,0,0,0
11/10/2025,TOSK,77,78,75,78,35212000
11/10/2025,TOTL,910,950,885,920,4282400
11/10/2025,TOTO,290,292,288,292,1277500
11/10/2025,TOWR,540,575,540,570,94443100
11/10/2025,TOWRDRCN6A,17,21,17,21,849800
11/10/2025,TOWRHDCK6A,24,28,24,27,5618100
11/10/2025,TOYS,0,0,0,0,0
11/10/2025,TPIA,7075,7150,7000,7025,11020500
11/10/2025,TPMA,585,585,570,575,7119300
11/10/2025,TRAM,0,0,0,0,0
11/10/2025,TRGU,188,188,178,186,494700
11/10/2025,TRIL,0,0,0,0,0
11/10/2025,TRIM,620,685,620,670,3693600
11/10/2025,TRIN,400,414,370,398,4951100
11/10/2025,TRIN-W2,218,282,218,282,1100
11/10/2025,TRIO,0,0,0,0,0
11/10/2025,TRIS,206,206,193,199,3158100
11/10/2025,TRJA,157,157,156,157,343700
11/10/2025,TRON,75,76,73,74,6166100
11/10/2025,TRST,470,486,462,478,324900
11/10/2025,TRUE,113,116,113,116,45375600
11/10/2025,TRUK,356,384,350,368,2175800
11/10/2025,TRUS,436,436,422,430,2000
11/10/2025,TSPC,2900,2910,2860,2870,2055000
11/10/2025,TUGU,1040,1040,1015,1025,2894500
11/10/2025,TYRE,128,128,126,127,66300
11/10/2025,UANG,2180,2710,2180,2710,6966400
11/10/2025,UCID,442,442,438,442,1031700
11/10/2025,UDNG,3890,4270,3890,4270,892900
11/10/2025,UFOE,184,188,182,184,1224100
11/10/2025,ULTJ,1500,1530,1485,1510,5038000
11/10/2025,UNIC,9550,9700,9025,9625,126600
11/10/2025,UNIQ,366,366,358,366,17498500
11/10/2025,UNIT,0,0,0,0,0
11/10/2025,UNSP,168,176,168,175,1477700
11/10/2025,UNTD,96,99,92,97,62201900
11/10/2025,UNTR,27700,27950,27550,27875,2620400
11/10/2025,UNTRDRCG6A,186,186,184,184,1500
11/10/2025,UNTRHDCM6A,184,186,184,186,126200
11/10/2025,UNTRZPCJ6A,0,0,0,0,0
11/10/2025,UNVR,2570,2600,2500,2530,49312800
11/10/2025,UNVRBQCG6A,55,55,55,55,1000
11/10/2025,UNVRBQCK6A,0,0,0,0,0
11/10/2025,UNVRBQCZ5A,242,242,222,222,3400
11/10/2025,UNVRDRCG6A,124,124,124,124,200000
11/10/2025,UNVRHDCM6A,183,183,183,183,45000
11/10/2025,UNVRHDPG6A,20,25,19,19,284000
11/10/2025,UNVRZPCH6A,112,112,107,107,945500
11/10/2025,UNVRZPCM6A,122,122,122,122,100
11/10/2025,URBN,140,186,138,186,33699700
11/10/2025,UVCR,122,132,114,122,117652800
11/10/2025,VAST,139,144,139,144,353900
11/10/2025,VAST-W,13,13,12,13,1283600
11/10/2025,VERN,121,122,118,120,1166700
11/10/2025,VICI,625,630,620,630,290300
11/10/2025,VICO,185,188,184,185,238300
11/10/2025,VINS,156,165,151,156,3723400
11/10/2025,VISI,206,206,200,202,6845600
11/10/2025,VIVA,29,29,28,28,3094400
11/10/2025,VKTR,350,362,346,362,80047600
11/10/2025,VOKS,270,274,266,272,131200
11/10/2025,VRNA,86,87,82,84,479800
11/10/2025,VTNY,91,93,91,93,10747600
11/10/2025,WAPO,176,210,172,187,98349800
11/10/2025,WEGE,65,67,64,65,15567900
11/10/2025,WEHA,106,107,105,106,230200
11/10/2025,WGSH,278,280,272,274,974800
11/10/2025,WICO,0,0,0,0,0
11/10/2025,WIDI,41,45,39,45,24415500
11/10/2025,WIFI,3340,3520,3340,3520,136804800
11/10/2025,WIIM,1420,1475,1420,1450,11843100
11/10/2025,WIKA,0,0,0,0,0
11/10/2025,WINE,200,202,197,198,3374200
11/10/2025,WINR,38,38,38,38,10331700
11/10/2025,WINS,430,438,430,434,2524500
11/10/2025,WIRG,108,117,108,117,723535500
11/10/2025,WMPP,0,0,0,0,0
11/10/2025,WMUU,26,26,26,26,80904000
11/10/2025,WOMF,334,336,332,334,67600
11/10/2025,WOOD,448,448,436,438,8253300
11/10/2025,WOWS,75,79,73,75,75468900
11/10/2025,WSBP,23,23,23,23,45906000
11/10/2025,WSKT,0,0,0,0,0
11/10/2025,WTON,102,102,98,101,15114800
11/10/2025,XAQA,0,0,0,0,0
11/10/2025,XBES,0,0,0,0,0
11/10/2025,XBID,548,548,547,547,40100
11/10/2025,XBIG,0,0,0,0,0
11/10/2025,XBIN,617,617,613,613,48200
11/10/2025,XBLQ,0,0,0,0,0
11/10/2025,XBNI,0,0,0,0,0
11/10/2025,XBSK,468,468,468,468,40000
11/10/2025,XCEG,114,114,113,113,4100
11/10/2025,XCID,58,58,57,58,32600
11/10/2025,XCIS,83,83,83,83,10500
11/10/2025,XCLQ,93,108,91,96,117200
11/10/2025,XDIF,408,565,408,481,13100
11/10/2025,XIFE,0,0,0,0,0
11/10/2025,XIHD,675,698,670,673,11400
11/10/2025,XIIC,0,0,0,0,0
11/10/2025,XIID,520,520,520,520,100
11/10/2025,XIIF,0,0,0,0,0
11/10/2025,XIIT,550,555,550,555,167200
11/10/2025,XIJI,690,690,685,690,4500
11/10/2025,XILV,130,140,125,129,4500
11/10/2025,XIML,263,280,258,262,1700
11/10/2025,XIPB,245,245,184,203,4400
11/10/2025,XIPI,240,240,229,233,3900
11/10/2025,XISB,172,172,172,172,100
11/10/2025,XISC,980,980,833,833,20700
11/10/2025,XISI,0,0,0,0,0
11/10/2025,XISR,462,462,430,462,11300
11/10/2025,XKID,0,0,0,0,0
11/10/2025,XKIV,618,618,618,618,40000
11/10/2025,XKMS,1198,1198,1193,1195,200000
11/10/2025,XMGB,1133,1133,1133,1133,900
11/10/2025,XMIG,227,227,226,226,2400
11/10/2025,XMLF,937,937,932,932,40900
11/10/2025,XMSK,0,0,0,0,0
11/10/2025,XNVE,0,0,0,0,0
11/10/2025,XPDV,640,645,625,641,6100
11/10/2025,XPFT,0,0,0,0,0
11/10/2025,XPIN,802,803,674,674,3400
11/10/2025,XPLQ,655,655,540,542,17100
11/10/2025,XPSG,530,530,364,415,33300
11/10/2025,XPTD,501,501,501,501,600
11/10/2025,XSBC,109,109,107,107,13600
11/10/2025,XSPI,0,0,0,0,0
11/10/2025,XSSI,88,88,84,84,77700
11/10/2025,XSSK,727,727,727,727,20000
11/10/2025,YELO,67,68,67,68,3809800
11/10/2025,YOII,102,103,101,101,3780600
11/10/2025,YPAS,505,505,500,500,59600
11/10/2025,YULE,2690,2690,2600,2670,83100
11/10/2025,YUPI,1675,1700,1675,1685,14100
11/10/2025,ZATA,68,70,68,68,37044900
11/10/2025,ZBRA,0,0,0,0,0
11/10/2025,ZINC,29,30,29,30,8556300
11/10/2025,ZONE,565,565,535,555,18900
11/10/2025,ZYRX,166,168,152,153,16101900
