<date>,<ticker>,<open>,<high>,<low>,<close>,<volume>
11/14/2025,IHSG,8378.130,8417.140,8360.940,8370.436,44160579100
11/14/2025,AADI,8800,8825,8675,8700,6873500
11/14/2025,AADIDRCN6A,114,115,111,111,1056800
11/14/2025,AADIHDCK6A,116,116,115,115,22800
11/14/2025,AADIYUCK6A,350,350,350,350,100
11/14/2025,AALI,7775,7800,7700,7700,980500
11/14/2025,ABBA,59,59,58,58,1153600
11/14/2025,ABDA,0,0,0,0,0
11/14/2025,ABMM,3100,3130,3070,3070,1048400
11/14/2025,ACES,436,438,422,422,90182700
11/14/2025,ACESBQCG6A,10,11,10,10,58465600
11/14/2025,ACESBQCK6A,0,0,0,0,0
11/14/2025,ACESBQCX5B,1,2,1,1,44935900
11/14/2025,ACESBQCZ5A,8,8,6,6,200
11/14/2025,ACESDRCJ6A,10,10,9,10,1491200
11/14/2025,ACESHDCN6A,56,56,56,56,5500
11/14/2025,ACESHDCZ5A,0,0,0,0,0
11/14/2025,ACESZPCJ6A,16,16,15,15,69900
11/14/2025,ACRO,90,90,88,88,4479600
11/14/2025,ACRO-W,8,8,7,8,2919500
11/14/2025,ACST,131,134,131,132,2471000
11/14/2025,ADCP,55,55,54,55,16061100
11/14/2025,ADES,15350,15350,15025,15025,29500
11/14/2025,ADHI,258,262,258,258,6921900
11/14/2025,ADMF,8875,8875,8775,8850,61100
11/14/2025,ADMG,161,170,158,162,3260400
11/14/2025,ADMR,1375,1375,1330,1340,44934500
11/14/2025,ADMRDRCJ6A,68,68,62,63,812100
11/14/2025,ADMRHDCJ6A,101,101,98,98,29800
11/14/2025,ADMRZPCH6A,89,89,85,85,111700
11/14/2025,ADRO,1920,1925,1880,1880,110646200
11/14/2025,ADROBQCG6A,0,0,0,0,0
11/14/2025,ADROBQCJ6A,0,0,0,0,0
11/14/2025,ADROBQCN6A,66,66,64,64,81400
11/14/2025,ADROBQCZ5A,3,4,2,3,2888600
11/14/2025,ADRODRCJ6A,61,66,57,57,400800
11/14/2025,ADRODRCX5A,43,45,42,45,7200
11/14/2025,ADROHDCN6A,75,75,73,73,2027800
11/14/2025,ADROHDCZ5A,46,46,46,46,10500
11/14/2025,ADROHDPH6A,75,75,75,75,32000
11/14/2025,ADROYUCZ5A,44,44,44,44,100
11/14/2025,ADROZPCF6A,23,23,23,23,500
11/14/2025,ADROZPCK6A,58,59,56,56,158300
11/14/2025,AEGS,89,92,81,87,41697400
11/14/2025,AGAR,240,242,236,238,35200
11/14/2025,AGII,1410,1410,1345,1345,763200
11/14/2025,AGRO,230,232,226,228,13276100
11/14/2025,AGRS,74,74,72,72,2902900
11/14/2025,AHAP,93,95,89,90,24195900
11/14/2025,AIMS,400,400,376,392,1257000
11/14/2025,AISA,143,144,141,142,4762200
11/14/2025,AKKU,32,32,32,32,532100
11/14/2025,AKPI,580,585,575,585,22900
11/14/2025,AKRA,1245,1250,1220,1230,9916900
11/14/2025,AKRABQCX5B,7,7,6,6,79400
11/14/2025,AKRADRCX5A,21,21,21,21,3500
11/14/2025,AKRAHDCH6A,53,53,51,51,2000
11/14/2025,AKRAZPCJ6A,41,41,41,41,500
11/14/2025,AKRAZPCM6A,38,38,37,37,1200
11/14/2025,AKRAZPCX5A,0,0,0,0,0
11/14/2025,AKSI,408,412,396,402,202200
11/14/2025,ALDO,525,545,525,545,363200
11/14/2025,ALII,695,700,655,660,5496300
11/14/2025,ALKA,364,364,356,360,19000
11/14/2025,ALMI,0,0,0,0,0
11/14/2025,ALTO,0,0,0,0,0
11/14/2025,AMAG,380,380,374,378,88200
11/14/2025,AMAN,157,159,154,155,3528800
11/14/2025,AMAR,230,234,230,234,706700
11/14/2025,AMFG,3500,3550,3490,3510,7600
11/14/2025,AMIN,274,274,262,266,119100
11/14/2025,AMMN,6875,6875,6525,6600,34646500
11/14/2025,AMMNBQCZ5A,5,5,3,5,3679300
11/14/2025,AMMNDRCJ6A,35,35,30,31,778400
11/14/2025,AMMNHDCH6A,53,53,49,49,110000
11/14/2025,AMMNZPCG6A,17,17,16,17,3000700
11/14/2025,AMMS,0,0,0,0,0
11/14/2025,AMOR,416,420,412,418,2041500
11/14/2025,AMRT,1895,1900,1865,1865,22844500
11/14/2025,AMRTBQCF6A,15,15,15,15,250500
11/14/2025,AMRTBQCH6A,16,16,16,16,85400
11/14/2025,AMRTBQCJ6A,0,0,0,0,0
11/14/2025,AMRTDRCZ5A,10,11,10,10,459000
11/14/2025,AMRTHDCJ6A,8,8,7,8,2413000
11/14/2025,AMRTZPCK6A,14,14,14,14,2881900
11/14/2025,AMRTZPCX5A,0,0,0,0,0
11/14/2025,ANDI,23,23,23,23,8647900
11/14/2025,ANJT,1950,2020,1950,1980,620100
11/14/2025,ANTM,2900,3060,2860,3040,247808900
11/14/2025,ANTMBQCG6A,41,41,41,41,90000
11/14/2025,ANTMBQCJ6A,0,0,0,0,0
11/14/2025,ANTMBQCN6A,78,78,78,78,2000
11/14/2025,ANTMBQCX5A,4,10,4,7,9780000
11/14/2025,ANTMBQCZ5A,0,0,0,0,0
11/14/2025,ANTMDRCG6A,27,32,26,32,1232800
11/14/2025,ANTMDRCG6B,31,39,30,37,1718200
11/14/2025,ANTMDRCX5A,264,266,264,266,500000
11/14/2025,ANTMDRPZ5A,0,0,0,0,0
11/14/2025,ANTMHDCH6A,54,62,54,62,1591000
11/14/2025,ANTMHDCH6B,101,101,101,101,2015000
11/14/2025,ANTMHDPH6A,67,67,58,58,31700
11/14/2025,ANTMZPCJ6A,49,60,49,60,495900
11/14/2025,ANTMZPCK6A,20,24,20,23,993400
11/14/2025,ANTMZPCX5A,155,159,155,159,34700
11/14/2025,APEX,142,145,138,142,35040900
11/14/2025,APIC,1140,1145,1130,1135,4399400
11/14/2025,APII,192,192,188,190,267900
11/14/2025,APLI,448,450,446,446,5100
11/14/2025,APLN,99,100,98,99,10512300
11/14/2025,ARCI,1305,1320,1265,1265,102924700
11/14/2025,AREA,520,530,515,520,935800
11/14/2025,ARGO,1125,1125,1085,1105,9900
11/14/2025,ARII,272,276,270,276,166200
11/14/2025,ARKA,30,30,30,30,802500
11/14/2025,ARKO,1725,1830,1690,1800,3369500
11/14/2025,ARMY,0,0,0,0,0
11/14/2025,ARNA,560,560,550,560,2316500
11/14/2025,ARTA,3150,3580,2870,3320,248800
11/14/2025,ARTI,0,0,0,0,0
11/14/2025,ARTO,2010,2040,2010,2020,4751200
11/14/2025,ARTOBQCG6A,0,0,0,0,0
11/14/2025,ARTOBQCJ6A,0,0,0,0,0
11/14/2025,ARTOBQCN6A,0,0,0,0,0
11/14/2025,ARTOBQCX5B,29,31,29,30,34700
11/14/2025,ARTOBQCZ5A,10,11,9,10,4790900
11/14/2025,ARTODRCK6A,53,53,53,53,10000
11/14/2025,ARTODRCX5A,34,34,31,31,47800
11/14/2025,ARTOHDCN6A,50,51,50,51,1781400
11/14/2025,ARTOHDCZ5A,0,0,0,0,0
11/14/2025,ARTOZPCK6A,35,35,34,34,42100
11/14/2025,ARTOZPCX5A,0,0,0,0,0
11/14/2025,ASBI,480,486,478,480,18900
11/14/2025,ASDM,610,615,600,605,10600
11/14/2025,ASGR,1250,1290,1240,1290,1939900
11/14/2025,ASHA,62,62,62,62,40489300
11/14/2025,ASII,6375,6450,6325,6400,23431700
11/14/2025,ASIIBQCZ5A,135,135,135,135,2000
11/14/2025,ASIIDRCX5A,0,0,0,0,0
11/14/2025,ASIIDRCX6A,4290,4320,4290,4320,1500
11/14/2025,ASIIHDCZ5A,0,0,0,0,0
11/14/2025,ASIIZPCJ6A,151,151,151,151,7000
11/14/2025,ASIIZPCM6A,0,0,0,0,0
11/14/2025,ASJT,131,132,130,130,502700
11/14/2025,ASLC,86,86,83,84,30993900
11/14/2025,ASLI,197,197,193,194,11039800
11/14/2025,ASMI,26,26,26,26,1208700
11/14/2025,ASPI,730,730,695,715,535100
11/14/2025,ASPR,99,100,99,100,1433800
11/14/2025,ASRI,164,165,162,162,8459400
11/14/2025,ASRM,344,344,336,336,61800
11/14/2025,ASSA,1075,1105,1070,1090,7617100
11/14/2025,ATAP,122,122,122,122,1701700
11/14/2025,ATIC,670,670,635,660,641500
11/14/2025,ATLA,67,67,64,65,56388700
11/14/2025,AUTO,2610,2630,2570,2610,1528700
11/14/2025,AUTODRCV6A,0,0,0,0,0
11/14/2025,AUTOHDCN6A,42,42,41,41,110100
11/14/2025,AUTOZPCJ6A,0,0,0,0,0
11/14/2025,AVIA,446,450,442,444,7808300
11/14/2025,AVIADRCV6A,72,72,72,72,1000
11/14/2025,AVIAHDCN6A,0,0,0,0,0
11/14/2025,AVIAZPCJ6A,20,20,20,20,100
11/14/2025,AWAN,260,280,258,270,19387200
11/14/2025,AXIO,134,134,128,129,3030000
11/14/2025,AYAM,230,286,224,286,387576000
11/14/2025,AYLS,0,0,0,0,0
11/14/2025,BABP,57,57,55,56,20524300
11/14/2025,BABY,320,326,316,320,11539700
11/14/2025,BACA,141,148,139,146,3959600
11/14/2025,BAIK,107,107,100,103,18568600
11/14/2025,BAIK-W,9,10,8,9,6023500
11/14/2025,BAJA,202,202,169,169,79213000
11/14/2025,BALI,1205,1220,1175,1210,17900
11/14/2025,BANK,830,845,810,810,4562900
11/14/2025,BANK-W,0,0,0,0,0
11/14/2025,BAPA,77,81,75,77,15937900
11/14/2025,BAPI,23,24,23,24,9146400
11/14/2025,BATA,63,63,60,61,163300
11/14/2025,BATR,108,109,107,108,863400
11/14/2025,BAUT,40,41,40,41,945000
11/14/2025,BAYU,1330,1335,1300,1310,311400
11/14/2025,BBCA,8375,8500,8375,8425,89815300
11/14/2025,BBCABQCG6A,99,99,71,71,5560000
11/14/2025,BBCABQCJ6A,41,41,41,41,207800
11/14/2025,BBCABQCN6A,51,51,50,50,35600
11/14/2025,BBCABQCX5A,1,2,1,2,3859600
11/14/2025,BBCADRCF6A,29,29,28,29,518500
11/14/2025,BBCADRCX6A,0,0,0,0,0
11/14/2025,BBCAHDCN6A,49,50,49,50,200
11/14/2025,BBCAHDCQ7A,68,68,68,68,2500
11/14/2025,BBCAYUCK6A,192,193,192,193,16300
11/14/2025,BBCAZPCF6A,18,19,18,19,1106500
11/14/2025,BBCAZPCH6A,80,81,80,80,243700
11/14/2025,BBCAZPCN6A,61,61,61,61,50000
11/14/2025,BBHI,1490,1495,1460,1470,756900
11/14/2025,BBKP,78,78,72,74,494946100
11/14/2025,BBLD,905,905,875,875,102000
11/14/2025,BBMD,2050,2050,2050,2050,100
11/14/2025,BBNI,4410,4450,4370,4390,34602500
11/14/2025,BBNIBQCG6A,66,66,65,65,69600
11/14/2025,BBNIBQCJ6A,0,0,0,0,0
11/14/2025,BBNIBQCN6A,0,0,0,0,0
11/14/2025,BBNIDRCX6A,2440,2440,2380,2380,1600
11/14/2025,BBNIDRCZ5A,0,0,0,0,0
11/14/2025,BBNIDRPZ5A,32,32,32,32,100000
11/14/2025,BBNIHDCQ7A,88,88,85,85,105000
11/14/2025,BBNIZPCH6A,94,94,94,94,77500
11/14/2025,BBNIZPCX5A,0,0,0,0,0
11/14/2025,BBRI,3860,3930,3860,3900,100717300
11/14/2025,BBRIBQCG6A,38,38,38,38,700
11/14/2025,BBRIBQCJ6A,0,0,0,0,0
11/14/2025,BBRIBQCN6A,0,0,0,0,0
11/14/2025,BBRIBQCZ5A,16,16,16,16,310000
11/14/2025,BBRIDRCG6A,71,71,70,70,300200
11/14/2025,BBRIDRCN6A,92,94,91,91,37700
11/14/2025,BBRIDRCX5A,62,67,62,67,2700
11/14/2025,BBRIDRCX6A,0,0,0,0,0
11/14/2025,BBRIDRPZ5A,34,34,34,34,15000
11/14/2025,BBRIHDCH6A,0,0,0,0,0
11/14/2025,BBRIHDCQ7A,77,78,77,78,5500
11/14/2025,BBRIZPCH6A,69,72,69,72,400
11/14/2025,BBRIZPCN6A,62,62,62,62,100
11/14/2025,BBRIZPCX5A,35,36,35,36,5200
11/14/2025,BBRM,86,86,85,85,1505100
11/14/2025,BBSI,3990,4000,3920,4000,3800
11/14/2025,BBSS,358,360,348,358,222100
11/14/2025,BBTN,1195,1210,1190,1195,13327200
11/14/2025,BBTNDRCV6A,57,58,57,58,39900
11/14/2025,BBTNHDCN6A,0,0,0,0,0
11/14/2025,BBTNHDCZ5A,0,0,0,0,0
11/14/2025,BBTNYUCZ5A,47,47,46,46,200
11/14/2025,BBTNZPCG6A,0,0,0,0,0
11/14/2025,BBYB,376,380,370,372,60219000
11/14/2025,BCAP,56,57,55,56,10026000
11/14/2025,BCIC,155,155,152,153,333300
11/14/2025,BCIP,109,110,106,110,41568300
11/14/2025,BDKR,175,177,172,176,21934800
11/14/2025,BDMN,2540,2570,2530,2540,963800
11/14/2025,BEBS,0,0,0,0,0
11/14/2025,BEEF,820,920,665,665,155118900
11/14/2025,BEER,180,189,169,179,16754700
11/14/2025,BEKS,28,28,28,28,29393600
11/14/2025,BELI,450,450,438,440,2986900
11/14/2025,BELL,90,91,76,76,197252100
11/14/2025,BESS,1755,1785,1705,1705,175800
11/14/2025,BEST,105,105,103,104,6464100
11/14/2025,BFIN,760,765,755,755,20341200
11/14/2025,BFINDRCK6A,0,0,0,0,0
11/14/2025,BFINHDCM6A,0,0,0,0,0
11/14/2025,BFINZPCM6A,0,0,0,0,0
11/14/2025,BGTG,119,119,114,116,14896400
11/14/2025,BHAT,1040,1040,1020,1035,3152300
11/14/2025,BHIT,33,34,33,34,9842000
11/14/2025,BIKA,0,0,0,0,0
11/14/2025,BIKE,820,830,820,830,8717700
11/14/2025,BIMA,80,80,80,80,82400
11/14/2025,BINA,4440,4500,4430,4490,9400
11/14/2025,BINO,129,145,127,134,11070200
11/14/2025,BIPI,84,85,83,84,185226900
11/14/2025,BIPP,47,47,46,46,685700
11/14/2025,BIRD,1765,1765,1750,1760,761600
11/14/2025,BISI,905,905,890,900,1924700
11/14/2025,BJBR,805,805,800,800,1333500
11/14/2025,BJTM,545,545,540,545,9008000
11/14/2025,BKDP,39,39,37,37,273300
11/14/2025,BKSL,120,125,120,122,130281100
11/14/2025,BKSW,64,64,63,63,1722900
11/14/2025,BLES,158,159,155,157,5381900
11/14/2025,BLOG,480,480,468,468,3537300
11/14/2025,BLTA,31,33,31,33,1833500
11/14/2025,BLTZ,2660,2660,2650,2650,3400
11/14/2025,BLUE,3520,3580,3380,3460,1794100
11/14/2025,BMAS,705,705,705,705,2500
11/14/2025,BMBL,43,45,42,42,4637700
11/14/2025,BMHS,153,153,151,153,2304200
11/14/2025,BMRI,4690,4750,4680,4750,73479600
11/14/2025,BMRIBQCG6A,0,0,0,0,0
11/14/2025,BMRIBQCJ6A,0,0,0,0,0
11/14/2025,BMRIBQCZ5A,5,6,5,6,11944400
11/14/2025,BMRIDRCG6A,97,102,97,98,31100
11/14/2025,BMRIDRCX5A,24,24,24,24,52900
11/14/2025,BMRIDRCX6A,2240,2240,2240,2240,1100
11/14/2025,BMRIHDCQ7A,0,0,0,0,0
11/14/2025,BMRIYUCK6A,118,118,118,118,100
11/14/2025,BMRIZPCH6A,50,50,50,50,600
11/14/2025,BMRIZPCX5A,0,0,0,0,0
11/14/2025,BMSR,304,304,302,302,37200
11/14/2025,BMTR,150,150,144,145,44400800
11/14/2025,BNBA,620,620,600,615,299800
11/14/2025,BNBR,50,50,47,47,172665600
11/14/2025,BNGA,1745,1745,1730,1735,1716600
11/14/2025,BNGADRCK6A,0,0,0,0,0
11/14/2025,BNGAHDCN6A,0,0,0,0,0
11/14/2025,BNGAZPCH6A,0,0,0,0,0
11/14/2025,BNII,208,208,204,204,2214400
11/14/2025,BNLI,5100,5275,5100,5150,33700
11/14/2025,BOAT,132,132,126,127,5089600
11/14/2025,BOBA,195,200,194,194,201600
11/14/2025,BOGA,530,540,520,530,2115300
11/14/2025,BOLA,172,172,167,169,449800
11/14/2025,BOLT,1110,1110,1110,1110,5500
11/14/2025,BOSS,0,0,0,0,0
11/14/2025,BPFI,322,322,310,318,71500
11/14/2025,BPII,520,525,520,525,126100
11/14/2025,BPTR,95,95,92,94,89200
11/14/2025,BRAM,5075,5075,4990,5000,1400
11/14/2025,BREN,9825,9900,9750,9750,18481200
11/14/2025,BRIS,2460,2500,2460,2490,12091100
11/14/2025,BRISBQCZ5A,0,0,0,0,0
11/14/2025,BRISDRCJ6A,0,0,0,0,0
11/14/2025,BRISHDCH6A,0,0,0,0,0
11/14/2025,BRISHDCZ5A,0,0,0,0,0
11/14/2025,BRISZPCG6A,0,0,0,0,0
11/14/2025,BRMS,995,1005,975,975,410557600
11/14/2025,BRMSBQCZ5A,0,0,0,0,0
11/14/2025,BRMSDRCG6A,46,48,43,44,4544000
11/14/2025,BRMSDRCJ6A,183,183,175,176,126800
11/14/2025,BRMSHDCH6A,0,0,0,0,0
11/14/2025,BRMSHDCZ5A,595,600,595,600,200
11/14/2025,BRMSZPCG6A,286,286,284,284,400
11/14/2025,BRMSZPCN6A,47,47,46,46,96200
11/14/2025,BRNA,710,725,710,725,3700
11/14/2025,BRPT,3710,3880,3710,3780,120503100
11/14/2025,BRPTBQCF6A,63,67,60,61,11237400
11/14/2025,BRPTBQCH6A,83,83,83,83,500
11/14/2025,BRPTBQCK6A,0,0,0,0,0
11/14/2025,BRPTBQCX5B,292,316,292,296,36100
11/14/2025,BRPTBQCZ5A,0,0,0,0,0
11/14/2025,BRPTDRCF6A,398,412,398,412,5500
11/14/2025,BRPTDRCJ6A,232,250,232,238,181100
11/14/2025,BRPTDRCX5A,472,474,472,472,1200
11/14/2025,BRPTHDCH6A,0,0,0,0,0
11/14/2025,BRPTHDCH6B,314,332,314,316,5808900
11/14/2025,BRPTHDPG6A,51,51,47,50,15920400
11/14/2025,BRPTYUCZ5A,266,266,266,266,100
11/14/2025,BRPTZPCF6A,510,510,496,496,51600
11/14/2025,BRPTZPCK6A,87,91,87,90,46500
11/14/2025,BRPTZPCN6A,95,100,95,97,55000
11/14/2025,BRPTZPCX5A,0,0,0,0,0
11/14/2025,BRRC,149,154,140,150,331723200
11/14/2025,BRRC-W,27,27,20,22,126194800
11/14/2025,BSBK,73,73,70,71,39208600
11/14/2025,BSDE,965,970,955,960,4440100
11/14/2025,BSDEBQCK6A,0,0,0,0,0
11/14/2025,BSDEDRCG6A,0,0,0,0,0
11/14/2025,BSDEDRCJ6A,0,0,0,0,0
11/14/2025,BSDEHDCM6A,0,0,0,0,0
11/14/2025,BSDEZPCH6A,43,43,43,43,11400
11/14/2025,BSDEZPCN6A,0,0,0,0,0
11/14/2025,BSIM,860,880,855,865,9100
11/14/2025,BSML,204,218,200,206,57626600
11/14/2025,BSSR,3970,3980,3920,3920,965200
11/14/2025,BSWD,905,905,900,900,600
11/14/2025,BTEK,16,16,16,16,54734600
11/14/2025,BTEL,0,0,0,0,0
11/14/2025,BTON,394,396,384,388,28200
11/14/2025,BTPN,2150,2150,2120,2130,18400
11/14/2025,BTPS,1380,1385,1370,1380,3578800
11/14/2025,BTPSDRCK6A,0,0,0,0,0
11/14/2025,BTPSHDCJ6A,0,0,0,0,0
11/14/2025,BTPSZPCH6A,30,30,30,30,1000
11/14/2025,BUAH,690,695,685,690,460500
11/14/2025,BUDI,234,234,226,228,705000
11/14/2025,BUKA,169,170,167,167,128203100
11/14/2025,BUKABQCZ5B,9,10,9,9,4570400
11/14/2025,BUKADRCK6A,0,0,0,0,0
11/14/2025,BUKAHDCN6A,33,33,33,33,100
11/14/2025,BUKAHDCZ5A,0,0,0,0,0
11/14/2025,BUKAZPCM6A,36,36,35,35,180500
11/14/2025,BUKK,985,985,965,985,43800
11/14/2025,BULL,216,224,212,220,263294900
11/14/2025,BUMI,224,244,216,220,17280324400
11/14/2025,BUVA,930,945,870,880,124718300
11/14/2025,BVIC,105,109,104,108,17577000
11/14/2025,BVIC-W,20,22,20,20,68900
11/14/2025,BWPT,145,145,142,143,73173800
11/14/2025,BYAN,17750,18000,17750,17925,11600
11/14/2025,CAKK,178,179,174,177,197400
11/14/2025,CAMP,214,216,214,216,588000
11/14/2025,CANI,44,45,44,45,165000
11/14/2025,CARE,312,338,308,318,18367000
11/14/2025,CARS,127,128,125,125,9164700
11/14/2025,CASA,1115,1120,1075,1080,3102500
11/14/2025,CASH,108,109,105,107,1249400
11/14/2025,CASS,2750,2890,2730,2790,232800
11/14/2025,CBDK,6200,6600,6100,6350,14801100
11/14/2025,CBMF,0,0,0,0,0
11/14/2025,CBPE,274,278,272,278,286600
11/14/2025,CBRE,1155,1155,1115,1120,37554600
11/14/2025,CBUT,1300,1595,1270,1425,406900
11/14/2025,CCSI,348,356,346,350,586200
11/14/2025,CDIA,1865,1865,1805,1810,142850300
11/14/2025,CEKA,2500,2520,2500,2510,39700
11/14/2025,CENT,148,165,142,144,156520500
11/14/2025,CFIN,324,332,324,328,5472700
11/14/2025,CGAS,161,179,157,162,56618500
11/14/2025,CHEK,185,185,181,184,5577500
11/14/2025,CHEM,112,115,109,109,20997200
11/14/2025,CHIP,1390,1410,1345,1395,160400
11/14/2025,CINT,193,193,181,185,1079500
11/14/2025,CITA,4470,4480,4340,4360,368300
11/14/2025,CITY,167,210,161,184,69253900
11/14/2025,CLAY,2750,3200,2700,3060,731200
11/14/2025,CLEO,525,530,515,520,3954900
11/14/2025,CLPI,1460,1500,1460,1500,421900
11/14/2025,CMNP,1355,1450,1330,1420,977600
11/14/2025,CMNT,770,790,760,770,47346900
11/14/2025,CMPP,90,91,90,91,289500
11/14/2025,CMRY,6225,6275,6050,6100,1174600
11/14/2025,CMRYDRCK6A,0,0,0,0,0
11/14/2025,CMRYHDCN6A,0,0,0,0,0
11/14/2025,CMRYZPCJ6A,71,71,71,71,100
11/14/2025,CNKO,55,57,55,56,59775600
11/14/2025,CNMA,115,116,114,115,16576500
11/14/2025,CNTB,0,0,0,0,0
11/14/2025,CNTX,0,0,0,0,0
11/14/2025,COAL,69,69,68,68,112487100
11/14/2025,COCO,414,440,408,418,131323600
11/14/2025,COIN,3350,3540,3250,3270,163536500
11/14/2025,COWL,0,0,0,0,0
11/14/2025,CPIN,4760,4810,4760,4810,5209100
11/14/2025,CPINDRCG6A,62,62,61,61,200
11/14/2025,CPINHDCN6A,66,66,65,66,110000
11/14/2025,CPINZPCJ6A,38,38,38,38,200
11/14/2025,CPINZPCN6A,0,0,0,0,0
11/14/2025,CPRI,0,0,0,0,0
11/14/2025,CPRO,66,71,64,69,1612446700
11/14/2025,CRAB,284,288,282,282,4174000
11/14/2025,CRSN,121,135,118,135,17701800
11/14/2025,CSAP,340,340,330,332,64700
11/14/2025,CSIS,372,412,332,412,193573000
11/14/2025,CSMI,318,324,284,306,36714200
11/14/2025,CSRA,890,890,870,875,2786500
11/14/2025,CTBN,5300,5300,5300,5300,100
11/14/2025,CTRA,870,870,855,865,12158000
11/14/2025,CTRADRCJ6A,11,11,11,11,1172600
11/14/2025,CTRAHDCK6A,23,23,23,23,3700
11/14/2025,CTRAYUCZ5A,20,20,20,20,30000
11/14/2025,CTRAZPCG6A,0,0,0,0,0
11/14/2025,CTTH,86,92,86,92,2827900
11/14/2025,CUAN,2180,2220,2150,2150,38337800
11/14/2025,CYBR,1385,1385,1335,1350,9339900
11/14/2025,CYBR-W,990,990,930,940,5600
11/14/2025,DAAZ,2250,2260,2130,2150,1096000
11/14/2025,DADA,50,50,50,50,1666300
11/14/2025,DART,190,191,181,184,869900
11/14/2025,DATA,4570,4650,4500,4550,1714400
11/14/2025,DAYA,1520,1575,1455,1490,59700
11/14/2025,DCII,261850,261850,261800,261800,1100
11/14/2025,DEAL,0,0,0,0,0
11/14/2025,DEFI,0,0,0,0,0
11/14/2025,DEPO,268,270,262,262,306000
11/14/2025,DEWA,432,436,406,410,1153394200
11/14/2025,DEWI,138,140,130,130,31536800
11/14/2025,DFAM,87,93,84,85,32860800
11/14/2025,DGIK,111,113,106,110,6697700
11/14/2025,DGNS,145,146,142,142,262700
11/14/2025,DGWG,400,402,386,388,7638700
11/14/2025,DIGI,37,37,35,35,617200
11/14/2025,DILD,141,142,136,136,41728100
11/14/2025,DIVA,198,198,190,192,902900
11/14/2025,DKFT,860,870,850,860,20325500
11/14/2025,DKHH,94,95,91,92,9363000
11/14/2025,DKHH-W,17,18,17,17,1812000
11/14/2025,DLTA,2090,2090,2060,2080,12800
11/14/2025,DMAS,133,133,132,132,44333600
11/14/2025,DMMX,368,368,356,360,2602700
11/14/2025,DMND,625,625,615,620,308200
11/14/2025,DNAR,124,124,122,122,1807500
11/14/2025,DNET,8950,8950,8825,8925,4700
11/14/2025,DOID,334,338,334,338,1443100
11/14/2025,DOOH,155,167,154,162,305413000
11/14/2025,DOSS,164,165,161,162,1256800
11/14/2025,DPNS,0,0,0,0,0
11/14/2025,DPUM,82,89,74,77,362318900
11/14/2025,DRMA,1020,1020,1000,1005,1064400
11/14/2025,DSFI,87,89,86,86,15185400
11/14/2025,DSNG,1650,1650,1590,1605,16478400
11/14/2025,DSNGDRCK6A,0,0,0,0,0
11/14/2025,DSNGHDCK6A,81,81,76,77,27300
11/14/2025,DSNGZPCM6A,0,0,0,0,0
11/14/2025,DSSA,88400,93125,88400,91200,2250900
11/14/2025,DUCK,0,0,0,0,0
11/14/2025,DUTI,4330,4330,4320,4330,2200
11/14/2025,DVLA,1660,1660,1655,1655,7800
11/14/2025,DWGL,348,348,340,344,6361800
11/14/2025,DYAN,88,88,86,87,1236400
11/14/2025,EAST,93,94,92,93,876700
11/14/2025,ECII,180,189,179,182,869400
11/14/2025,EDGE,4390,4390,4250,4360,27800
11/14/2025,EKAD,187,191,186,187,154200
11/14/2025,ELIT,183,186,180,183,8849300
11/14/2025,ELPI,720,720,685,705,1361500
11/14/2025,ELSA,530,545,520,540,56570400
11/14/2025,ELSADRCG6A,0,0,0,0,0
11/14/2025,ELSADRCJ6A,39,39,35,35,167200
11/14/2025,ELSAHDCK6A,40,44,40,41,1045800
11/14/2025,ELSAZPCG6A,33,34,33,34,88100
11/14/2025,ELSAZPCN6A,0,0,0,0,0
11/14/2025,ELTY,24,24,22,22,79342800
11/14/2025,EMAS,4020,4030,3960,3970,11915800
11/14/2025,EMDE,100,102,97,100,14820800
11/14/2025,EMTK,1260,1260,1190,1230,122691700
11/14/2025,EMTKBQCH6A,27,27,23,26,1335900
11/14/2025,EMTKBQCZ5A,0,0,0,0,0
11/14/2025,EMTKDRCK6A,54,54,49,51,1442800
11/14/2025,EMTKHDCK6A,69,69,64,66,777400
11/14/2025,EMTKHDCZ5A,0,0,0,0,0
11/14/2025,EMTKZPCH6A,150,150,143,149,230900
11/14/2025,EMTKZPCM6A,42,43,42,43,437300
11/14/2025,ENAK,685,695,655,655,2755800
11/14/2025,ENRG,905,935,850,910,67314100
11/14/2025,ENRGBQCZ5A,0,0,0,0,0
11/14/2025,ENRGDRCG6A,26,28,25,27,2585200
11/14/2025,ENRGDRCJ6A,161,161,160,161,1180400
11/14/2025,ENRGHDCK6A,82,84,82,83,425900
11/14/2025,ENRGHDCZ5A,0,0,0,0,0
11/14/2025,ENRGZPCG6A,0,0,0,0,0
11/14/2025,ENRGZPCK6A,43,43,43,43,34000
11/14/2025,ENVY,0,0,0,0,0
11/14/2025,ENZO,40,41,40,40,595000
11/14/2025,EPAC,23,23,23,23,3120200
11/14/2025,EPMT,2330,2350,2330,2350,5700
11/14/2025,ERAA,428,428,422,422,58898300
11/14/2025,ERAABQCZ5A,4,4,4,4,1706000
11/14/2025,ERAADRCJ6A,8,8,7,8,2258400
11/14/2025,ERAAHDCN6A,40,40,40,40,100
11/14/2025,ERAAHDCZ5A,0,0,0,0,0
11/14/2025,ERAAZPCH6A,15,15,14,14,118000
11/14/2025,ERAL,282,284,278,280,6362200
11/14/2025,ERTX,179,183,173,174,549600
11/14/2025,ESIP,110,110,108,109,4533000
11/14/2025,ESSA,655,710,655,680,123988600
11/14/2025,ESSABQCZ5A,38,40,35,36,1540300
11/14/2025,ESSADRCN6A,39,41,38,38,33400
11/14/2025,ESSAHDCH6A,55,57,55,56,122400
11/14/2025,ESSAYUCZ5A,36,37,32,32,139700
11/14/2025,ESSAZPCK6A,20,22,20,20,217400
11/14/2025,ESTA,220,226,214,222,4228400
11/14/2025,ESTI,141,141,138,141,889100
11/14/2025,ETWA,0,0,0,0,0
11/14/2025,EURO,282,310,280,290,5643200
11/14/2025,EXCL,2740,2740,2700,2720,5517900
11/14/2025,EXCLHDCJ6A,0,0,0,0,0
11/14/2025,EXCLZPCF6A,57,57,57,57,300000
11/14/2025,EXCLZPCM6A,0,0,0,0,0
11/14/2025,EXCLZPCN6A,0,0,0,0,0
11/14/2025,FAPA,6000,6075,6000,6075,8000
11/14/2025,FAST,630,650,615,615,23562900
11/14/2025,FASW,0,0,0,0,0
11/14/2025,FILM,5675,5775,5525,5700,7598200
11/14/2025,FIMP,0,0,0,0,0
11/14/2025,FIRE,94,98,90,91,30758400
11/14/2025,FISH,1660,1670,1625,1640,106900
11/14/2025,FITT,800,845,765,765,1842100
11/14/2025,FLMC,210,220,190,218,4683600
11/14/2025,FMII,344,352,342,348,24500
11/14/2025,FOLK,300,308,288,308,2072800
11/14/2025,FOOD,0,0,0,0,0
11/14/2025,FORE,515,515,510,510,2076000
11/14/2025,FORU,1105,1130,1105,1120,27000
11/14/2025,FPNI,0,0,0,0,0
11/14/2025,FUJI,685,750,665,730,2112100
11/14/2025,FUTR,720,750,700,705,64042600
11/14/2025,FWCT,160,160,150,155,8616200
11/14/2025,GAMA,0,0,0,0,0
11/14/2025,GDST,117,118,115,117,1626100
11/14/2025,GDYR,1120,1125,1115,1115,43000
11/14/2025,GEMA,94,97,93,94,11543100
11/14/2025,GEMS,9000,9050,8925,8975,89300
11/14/2025,GGRM,15650,15975,15500,15600,879500
11/14/2025,GGRMZPCG6A,182,188,174,176,1224300
11/14/2025,GGRP,218,220,212,212,1137200
11/14/2025,GHON,1690,1715,1680,1685,14400
11/14/2025,GIAA,114,116,114,116,223114900
11/14/2025,GJTL,1065,1065,1045,1050,4847300
11/14/2025,GJTLZPCJ6A,22,22,21,22,2775300
11/14/2025,GLOB,0,0,0,0,0
11/14/2025,GLVA,420,480,416,438,3030100
11/14/2025,GMFI,81,81,81,81,15726100
11/14/2025,GMTD,3020,3110,2570,2570,256200
11/14/2025,GOLD,316,316,306,306,59500
11/14/2025,GOLF,200,202,199,202,742600
11/14/2025,GOLL,0,0,0,0,0
11/14/2025,GOOD,378,386,370,372,551200
11/14/2025,GOTO,65,66,63,65,2688127300
11/14/2025,GOTOBQCJ6A,8,9,8,9,1178900
11/14/2025,GOTOBQCQ6A,11,11,10,10,1910900
11/14/2025,GOTOBQCZ5A,3,4,2,3,845600
11/14/2025,GOTODRCG6A,9,9,8,9,695400
11/14/2025,GOTOHDCK6A,20,20,18,18,71000
11/14/2025,GOTOM,0,0,0,0,0
11/14/2025,GOTOZPCH6A,0,0,0,0,0
11/14/2025,GOTOZPCK6A,15,15,14,14,800700
11/14/2025,GPRA,130,132,129,131,14460200
11/14/2025,GPSO,735,760,715,715,3264100
11/14/2025,GRIA,98,100,98,99,880900
11/14/2025,GRPH,65,65,63,64,1730500
11/14/2025,GRPM,59,61,59,60,2442600
11/14/2025,GRPM-W,15,16,15,16,940600
11/14/2025,GSMF,98,99,95,96,5336800
11/14/2025,GTBO,206,212,204,204,493400
11/14/2025,GTRA,350,352,324,340,5469100
11/14/2025,GTSI,122,123,118,120,79574200
11/14/2025,GULA,390,394,368,370,8926500
11/14/2025,GUNA,288,288,272,280,850500
11/14/2025,GWSA,150,150,146,147,143100
11/14/2025,GZCO,300,302,286,288,56795000
11/14/2025,HADE,24,24,24,24,6605100
11/14/2025,HAIS,230,232,218,218,7258100
11/14/2025,HAJJ,118,118,115,116,11326600
11/14/2025,HAJJ-W,16,16,15,16,1427200
11/14/2025,HALO,114,115,110,112,122066900
11/14/2025,HALO-W,14,15,14,15,2273400
11/14/2025,HATM,314,340,312,336,73972100
11/14/2025,HBAT,280,288,240,250,4173300
11/14/2025,HDFA,170,170,160,163,555900
11/14/2025,HDIT,55,55,55,55,5184700
11/14/2025,HEAL,1430,1430,1410,1415,2723600
11/14/2025,HEALBQCZ5A,7,7,6,6,28100
11/14/2025,HEALDRCJ6A,0,0,0,0,0
11/14/2025,HEALHDCH6A,0,0,0,0,0
11/14/2025,HEALYUCZ5A,15,15,13,13,200
11/14/2025,HEALZPCH6A,0,0,0,0,0
11/14/2025,HEALZPCN6A,0,0,0,0,0
11/14/2025,HELI,250,252,242,248,286600
11/14/2025,HERO,515,520,510,510,115200
11/14/2025,HEXA,4650,4660,4610,4630,124100
11/14/2025,HGII,159,161,158,159,6008100
11/14/2025,HILL,159,163,156,157,1358100
11/14/2025,HITS,0,0,0,0,0
11/14/2025,HKMU,0,0,0,0,0
11/14/2025,HMSP,835,850,820,825,54354300
11/14/2025,HOKI,75,76,74,74,51971900
11/14/2025,HOME,0,0,0,0,0
11/14/2025,HOMI,430,434,422,434,2599600
11/14/2025,HOPE,123,145,118,134,103999400
11/14/2025,HOTL,0,0,0,0,0
11/14/2025,HRME,38,38,38,38,93900
11/14/2025,HRTA,1400,1425,1365,1365,25833800
11/14/2025,HRUM,1030,1030,1005,1010,22042800
11/14/2025,HRUMDRCN6A,32,32,30,31,3568700
11/14/2025,HRUMHDCK6A,35,35,34,35,416500
11/14/2025,HRUMZPCG6A,0,0,0,0,0
11/14/2025,HRUMZPCM6A,28,28,25,25,700300
11/14/2025,HUMI,133,133,124,126,53452400
11/14/2025,HUMI-W,21,22,20,21,3577900
11/14/2025,HYGN,165,165,162,164,870400
11/14/2025,IATA,85,85,85,85,50032400
11/14/2025,IBFN,48,52,44,52,987700
11/14/2025,IBOS,54,55,53,54,6839800
11/14/2025,IBST,0,0,0,0,0
11/14/2025,ICBP,8500,8550,8425,8425,9077300
11/14/2025,ICBPDRCX6A,3140,3150,3090,3090,14700
11/14/2025,ICBPHDCJ6A,19,20,18,18,505900
11/14/2025,ICBPZPCX5A,1,2,1,2,216400
11/14/2025,ICON,48,49,48,48,632400
11/14/2025,IDEA,65,66,64,65,1614100
11/14/2025,IDPR,316,324,302,306,562800
11/14/2025,IFII,236,236,232,236,302000
11/14/2025,IFSH,800,800,790,790,37500
11/14/2025,IGAR,500,500,500,500,700
11/14/2025,IIKP,0,0,0,0,0
11/14/2025,IKAI,16,17,16,17,17161600
11/14/2025,IKAN,113,114,112,113,5191600
11/14/2025,IKBI,550,570,535,545,143300
11/14/2025,IKPM,238,240,232,240,975500
11/14/2025,IMAS,1140,1155,1130,1145,105700
11/14/2025,IMJS,250,254,238,244,15424000
11/14/2025,IMPC,2740,2740,2550,2580,45061600
11/14/2025,INAF,0,0,0,0,0
11/14/2025,INAI,152,152,151,152,19500
11/14/2025,INCF,43,49,43,49,3735900
11/14/2025,INCI,665,665,650,665,23600
11/14/2025,INCO,4310,4320,4220,4240,9368100
11/14/2025,INCOBQCF6A,65,65,65,65,16000
11/14/2025,INCOBQCJ6A,0,0,0,0,0
11/14/2025,INCOBQCN6A,0,0,0,0,0
11/14/2025,INCODRCG6A,69,69,69,69,16000
11/14/2025,INCODRCK6A,85,85,85,85,13000
11/14/2025,INCODRCX5A,121,121,119,119,200
11/14/2025,INCOHDCJ6A,99,99,98,98,21000
11/14/2025,INCOYUCZ5A,100,100,100,100,100
11/14/2025,INCOZPCK6A,49,49,49,49,20500
11/14/2025,INCOZPCN6A,75,75,75,75,100000
11/14/2025,INCOZPCX5A,184,184,184,184,100
11/14/2025,INDF,7150,7175,7100,7100,5161800
11/14/2025,INDFDRCX6A,0,0,0,0,0
11/14/2025,INDFHDCJ6A,14,14,14,14,600
11/14/2025,INDO,222,222,212,212,6635400
11/14/2025,INDR,2990,2990,2780,2880,82000
11/14/2025,INDS,226,228,224,226,267100
11/14/2025,INDX,176,183,169,170,29086400
11/14/2025,INDY,2050,2060,2010,2020,8172300
11/14/2025,INDYDRCN6A,86,88,85,88,63500
11/14/2025,INDYHDCJ6A,189,189,184,186,11200
11/14/2025,INDYHDCN6A,0,0,0,0,0
11/14/2025,INDYZPCG6A,97,97,96,96,21200
11/14/2025,INDYZPCN6A,35,35,35,35,15000
11/14/2025,INET,434,535,430,510,2552783900
11/14/2025,INET-W,300,444,300,400,19308100
11/14/2025,INKP,7525,7650,7500,7575,3896200
11/14/2025,INKPBQCX5A,20,22,18,22,10400
11/14/2025,INKPDRCF6A,0,0,0,0,0
11/14/2025,INKPDRCG6A,0,0,0,0,0
11/14/2025,INKPHDCK6A,0,0,0,0,0
11/14/2025,INKPZPCF6A,71,71,69,69,58500
11/14/2025,INKPZPCK6A,29,29,29,29,20300
11/14/2025,INOV,137,141,132,134,4447100
11/14/2025,INPC,152,160,151,152,14057700
11/14/2025,INPP,690,690,625,670,92500
11/14/2025,INPS,160,160,152,152,482200
11/14/2025,INRU,740,740,695,695,17400
11/14/2025,INTA,45,45,42,42,2025300
11/14/2025,INTD,218,220,212,216,21100
11/14/2025,INTP,6600,6800,6600,6650,1601700
11/14/2025,INTPDRCN6A,0,0,0,0,0
11/14/2025,INTPHDCM6A,0,0,0,0,0
11/14/2025,INTPZPCG6A,0,0,0,0,0
11/14/2025,INTPZPCM6A,0,0,0,0,0
11/14/2025,IOTF,89,89,87,88,15932500
11/14/2025,IPAC,228,228,214,220,268200
11/14/2025,IPCC,1180,1190,1170,1185,901900
11/14/2025,IPCM,324,328,324,326,1863600
11/14/2025,IPOL,128,129,126,128,369500
11/14/2025,IPPE,0,0,0,0,0
11/14/2025,IPTV,40,40,39,40,4272900
11/14/2025,IRRA,444,450,440,440,1574100
11/14/2025,IRSX,252,256,252,252,21698900
11/14/2025,ISAP,31,32,30,30,46966200
11/14/2025,ISAP-W,16,16,14,16,19115100
11/14/2025,ISAT,2100,2100,2030,2040,8725800
11/14/2025,ISATBQCF6A,26,27,25,25,3562700
11/14/2025,ISATBQCJ6A,51,51,51,51,100000
11/14/2025,ISATDRCG6A,47,47,43,43,2807700
11/14/2025,ISATDRCX5A,46,46,46,46,541500
11/14/2025,ISATHDCJ6A,21,21,17,17,19248600
11/14/2025,ISATZPCF6A,0,0,0,0,0
11/14/2025,ISEA,93,93,90,90,10294400
11/14/2025,ISSP,426,428,420,426,378400
11/14/2025,ITIC,436,440,418,418,3118200
11/14/2025,ITMA,1730,1730,1475,1475,13786100
11/14/2025,ITMG,22600,22600,22425,22425,1536000
11/14/2025,ITMGDRCV6A,0,0,0,0,0
11/14/2025,ITMGHDCJ6A,0,0,0,0,0
11/14/2025,ITMGZPCJ6A,63,63,63,63,1000
11/14/2025,JARR,3770,3930,3660,3690,19533500
11/14/2025,JAST,94,98,94,96,30014400
11/14/2025,JATI,120,121,118,118,3315800
11/14/2025,JAWA,166,171,163,169,5463200
11/14/2025,JAYA,110,110,108,108,1536800
11/14/2025,JECC,1490,1600,1170,1190,22468400
11/14/2025,JGLE,20,20,20,20,69608800
11/14/2025,JIHD,590,605,575,590,1904400
11/14/2025,JKON,87,88,84,85,10381500
11/14/2025,JMAS,156,158,151,151,3339000
11/14/2025,JPFA,2440,2460,2390,2420,14541900
11/14/2025,JPFABQCZ5A,0,0,0,0,0
11/14/2025,JPFADRCJ6A,119,119,119,119,10000
11/14/2025,JPFAHDCN6A,0,0,0,0,0
11/14/2025,JPFAHDCZ5A,348,348,348,348,100
11/14/2025,JPFAZPCG6A,190,190,184,184,913200
11/14/2025,JPFAZPCN6A,27,27,25,27,258300
11/14/2025,JRPT,880,885,870,880,514200
11/14/2025,JSKY,0,0,0,0,0
11/14/2025,JSMR,3550,3560,3500,3500,5632900
11/14/2025,JSMRDRCK6A,0,0,0,0,0
11/14/2025,JSMRHDCH6A,0,0,0,0,0
11/14/2025,JSMRZPCG6A,34,34,34,34,300000
11/14/2025,JSPT,3370,3390,3280,3320,13400
11/14/2025,JTPE,380,384,374,384,2930300
11/14/2025,KAEF,570,580,565,570,768500
11/14/2025,KAQI,67,69,67,68,8204400
11/14/2025,KARW,482,482,478,478,141300
11/14/2025,KAYU,0,0,0,0,0
11/14/2025,KBAG,41,41,41,41,3287700
11/14/2025,KBLI,344,348,336,338,98400
11/14/2025,KBLM,368,370,358,362,1072300
11/14/2025,KBLV,248,276,234,234,322340100
11/14/2025,KBRI,0,0,0,0,0
11/14/2025,KDSI,464,472,450,458,50800
11/14/2025,KDTN,350,356,300,356,19878800
11/14/2025,KEEN,1070,1070,1040,1050,5924100
11/14/2025,KEJU,725,760,710,730,1652100
11/14/2025,KETR,444,450,434,442,6820900
11/14/2025,KIAS,0,0,0,0,0
11/14/2025,KICI,268,270,258,262,614900
11/14/2025,KIJA,186,188,184,188,11090600
11/14/2025,KING,208,208,204,206,241100
11/14/2025,KING-W,11,11,10,11,3378100
11/14/2025,KINO,1330,1330,1320,1330,24200
11/14/2025,KIOS,79,79,77,77,8241600
11/14/2025,KJEN,226,258,214,224,21329300
11/14/2025,KKES,30,30,30,30,79500
11/14/2025,KKGI,326,326,322,326,2539500
11/14/2025,KLAS,131,132,129,130,3657200
11/14/2025,KLBF,1290,1295,1230,1235,80370400
11/14/2025,KLBFBQCF6A,23,23,23,23,310000
11/14/2025,KLBFBQCJ6A,0,0,0,0,0
11/14/2025,KLBFDRCG6A,17,17,14,14,913100
11/14/2025,KLBFHDCK6A,0,0,0,0,0
11/14/2025,KLBFZPCF6A,0,0,0,0,0
11/14/2025,KLBFZPCJ6A,0,0,0,0,0
11/14/2025,KLIN,167,168,162,168,81800
11/14/2025,KMDS,695,700,680,695,12300
11/14/2025,KMTR,278,278,272,276,159600
11/14/2025,KOBX,181,184,174,177,17974900
11/14/2025,KOCI,84,93,82,93,30872200
11/14/2025,KOCI-W,14,15,12,14,6678600
11/14/2025,KOIN,73,73,72,72,7700
11/14/2025,KOKA,304,320,304,320,18733600
11/14/2025,KONI,2910,2910,2900,2900,9400
11/14/2025,KOPI,314,316,308,312,938400
11/14/2025,KOTA,35,35,35,35,11992500
11/14/2025,KPIG,149,149,143,145,54626600
11/14/2025,KRAS,386,390,376,378,46321500
11/14/2025,KREN,16,16,15,15,33894700
11/14/2025,KRYA,185,191,183,184,12146400
11/14/2025,KSIX,370,386,368,380,2773500
11/14/2025,KUAS,67,71,67,68,20383900
11/14/2025,LABA,226,260,222,244,184755200
11/14/2025,LABS,142,143,140,143,972200
11/14/2025,LAJU,71,71,68,69,8534500
11/14/2025,LAND,35,35,34,34,1537300
11/14/2025,LAPD,194,202,194,194,6211400
11/14/2025,LCGP,0,0,0,0,0
11/14/2025,LCKM,228,228,220,220,14900
11/14/2025,LEAD,75,77,75,76,13177100
11/14/2025,LFLO,575,640,560,640,87500
11/14/2025,LIFE,8175,8750,8125,8725,3700
11/14/2025,LINK,2970,3100,2950,2980,46000
11/14/2025,LION,410,520,406,520,9708800
11/14/2025,LIVE,181,182,177,181,3572600
11/14/2025,LMAS,0,0,0,0,0
11/14/2025,LMAX,81,83,81,83,1395900
11/14/2025,LMPI,151,153,147,149,96200
11/14/2025,LMSH,0,0,0,0,0
11/14/2025,LOPI,87,88,84,85,5536400
11/14/2025,LPCK,585,595,580,580,533900
11/14/2025,LPGI,765,765,750,765,16800
11/14/2025,LPIN,458,462,456,460,541600
11/14/2025,LPKR,89,90,88,89,53940100
11/14/2025,LPLI,490,498,474,478,931200
11/14/2025,LPPF,1700,1705,1675,1685,1163700
11/14/2025,LPPS,146,146,132,135,30275400
11/14/2025,LRNA,179,182,176,178,31600
11/14/2025,LSIP,1390,1400,1375,1385,2827100
11/14/2025,LSIPDRCK6A,42,42,42,42,24000
11/14/2025,LSIPHDCJ6A,45,45,45,45,22500
11/14/2025,LSIPYUCZ5A,45,45,45,45,100
11/14/2025,LSIPZPCG6A,0,0,0,0,0
11/14/2025,LTLS,870,875,860,875,130400
11/14/2025,LUCK,112,112,109,110,2734100
11/14/2025,LUCY,109,109,103,104,93100
11/14/2025,MABA,0,0,0,0,0
11/14/2025,MAGP,0,0,0,0,0
11/14/2025,MAHA,145,145,141,143,2361700
11/14/2025,MAIN,830,850,825,845,3528800
11/14/2025,MANG,53,57,52,57,23858100
11/14/2025,MANG-W,19,22,19,21,41402000
11/14/2025,MAPA,745,760,730,730,31703500
11/14/2025,MAPABQCZ5A,20,20,19,19,200000
11/14/2025,MAPADRCJ6A,23,24,23,23,501100
11/14/2025,MAPAHDCZ5A,0,0,0,0,0
11/14/2025,MAPAZPCH6A,0,0,0,0,0
11/14/2025,MAPB,1655,1670,1640,1670,3000
11/14/2025,MAPI,1320,1320,1265,1300,25539500
11/14/2025,MAPIBQCK6A,0,0,0,0,0
11/14/2025,MAPIDRCX5A,8,9,5,7,9332200
11/14/2025,MAPIHDCK6A,82,82,75,82,602700
11/14/2025,MAPIZPCJ6A,0,0,0,0,0
11/14/2025,MARI,31,32,31,31,4385700
11/14/2025,MARK,690,700,685,695,18837400
11/14/2025,MASB,3110,3200,3100,3110,2000
11/14/2025,MAXI,56,56,55,55,13173100
11/14/2025,MAYA,260,264,250,254,10900400
11/14/2025,MBAP,1615,1615,1595,1605,49500
11/14/2025,MBMA,655,655,625,635,206776300
11/14/2025,MBMABQCX5A,44,47,39,39,307600
11/14/2025,MBMADRCG6A,28,28,23,25,21974700
11/14/2025,MBMADRCX5A,83,83,81,81,1700
11/14/2025,MBMAHDCH6A,106,106,106,106,50700
11/14/2025,MBMAHDCN6A,0,0,0,0,0
11/14/2025,MBMAYUCK6A,137,137,137,137,100
11/14/2025,MBMAZPCK6A,41,41,38,40,395200
11/14/2025,MBMAZPCN6A,30,30,29,29,654100
11/14/2025,MBMAZPCX5A,146,146,146,146,1000
11/14/2025,MBSS,1380,1420,1365,1370,1052800
11/14/2025,MBTO,189,189,178,181,3001200
11/14/2025,MCAS,805,810,795,795,168000
11/14/2025,MCOL,3820,3820,3760,3760,19200
11/14/2025,MCOR,73,73,71,72,3825800
11/14/2025,MDIA,35,35,34,34,375300
11/14/2025,MDIY,1065,1065,1035,1035,1258600
11/14/2025,MDKA,2450,2450,2380,2410,28313100
11/14/2025,MDKABQCX5B,5,5,4,4,6409600
11/14/2025,MDKADRCG6A,65,65,59,61,10339200
11/14/2025,MDKADRCK6A,0,0,0,0,0
11/14/2025,MDKAHDCN6A,70,70,69,69,20400
11/14/2025,MDKAHDCZ5A,89,89,86,86,134000
11/14/2025,MDKAHDPH6A,97,97,97,97,1000
11/14/2025,MDKAHDPJ6A,0,0,0,0,0
11/14/2025,MDKAYUCK6A,137,137,137,137,100
11/14/2025,MDKAZPCF6A,0,0,0,0,0
11/14/2025,MDKI,204,204,199,200,1693200
11/14/2025,MDLA,240,242,238,240,2709800
11/14/2025,MDLN,60,61,59,59,6183600
11/14/2025,MDRN,40,40,39,39,4885300
11/14/2025,MEDC,1285,1300,1270,1295,26069000
11/14/2025,MEDCBQCX5B,5,5,3,3,15401400
11/14/2025,MEDCBQCZ5A,11,12,10,11,600200
11/14/2025,MEDCDRCG6A,28,29,28,29,219600
11/14/2025,MEDCHDCH6A,85,85,85,85,1100
11/14/2025,MEDCZPCF6A,0,0,0,0,0
11/14/2025,MEDS,63,63,61,63,5312700
11/14/2025,MEGA,3300,3300,3250,3290,5500
11/14/2025,MEJA,131,131,130,130,51365600
11/14/2025,MEJA-W,60,61,60,61,20086800
11/14/2025,MENN,0,0,0,0,0
11/14/2025,MERI,210,212,204,206,2534800
11/14/2025,MERK,3060,3100,3060,3090,15000
11/14/2025,META,0,0,0,0,0
11/14/2025,MFMI,0,0,0,0,0
11/14/2025,MGLV,755,755,755,755,978000
11/14/2025,MGNA,116,116,96,96,14497600
11/14/2025,MGNA-W,76,76,60,60,14000
11/14/2025,MGRO,760,760,750,760,3977300
11/14/2025,MHKI,250,252,234,238,24344900
11/14/2025,MICE,615,615,600,605,143800
11/14/2025,MIDI,406,406,400,404,6849900
11/14/2025,MIKA,2610,2610,2520,2520,3135300
11/14/2025,MIKADRCV6A,0,0,0,0,0
11/14/2025,MIKAHDCN6A,0,0,0,0,0
11/14/2025,MIKAZPCG6A,26,26,26,26,1000
11/14/2025,MINA,182,185,180,180,45596900
11/14/2025,MINE,490,500,484,488,4180400
11/14/2025,MIRA,31,31,29,29,27814200
11/14/2025,MITI,312,314,300,302,3391600
11/14/2025,MKAP,338,342,338,342,70500
11/14/2025,MKNT,0,0,0,0,0
11/14/2025,MKPI,24225,24250,23225,24250,8900
11/14/2025,MKTR,145,154,143,146,2997500
11/14/2025,MLBI,5800,5825,5800,5800,757700
11/14/2025,MLIA,338,340,338,340,3300100
11/14/2025,MLPL,145,153,141,142,250373400
11/14/2025,MLPT,78200,78500,77500,77525,3800
11/14/2025,MMIX,246,276,244,262,15695700
11/14/2025,MMLP,565,570,565,570,2488300
11/14/2025,MNCN,276,276,266,268,14647800
11/14/2025,MNCNDRCN6A,0,0,0,0,0
11/14/2025,MNCNHDCM6A,0,0,0,0,0
11/14/2025,MNCNZPCM6A,12,12,12,12,27700
11/14/2025,MOLI,364,366,336,344,8130500
11/14/2025,MORA,6000,6075,5450,6075,6923300
11/14/2025,MPIX,70,72,69,69,9237500
11/14/2025,MPIX-W,10,11,10,11,2787100
11/14/2025,MPMX,965,970,960,965,1768800
11/14/2025,MPOW,117,117,113,114,2244100
11/14/2025,MPPA,64,65,62,62,51229600
11/14/2025,MPRO,9900,10300,9125,9175,142200
11/14/2025,MPXL,232,236,224,234,5487200
11/14/2025,MRAT,370,370,354,356,590200
11/14/2025,MREI,990,990,975,985,59000
11/14/2025,MSIE,49,49,47,48,1207000
11/14/2025,MSIN,505,505,494,500,22170900
11/14/2025,MSJA,300,300,290,292,4848400
11/14/2025,MSKY,88,91,81,82,19248200
11/14/2025,MSTI,1425,1430,1420,1425,2646700
11/14/2025,MTDL,600,610,590,595,10985600
11/14/2025,MTEL,560,560,550,560,4439200
11/14/2025,MTELDRCK6A,13,13,13,13,66500
11/14/2025,MTELHDCM6A,0,0,0,0,0
11/14/2025,MTELZPCM6A,0,0,0,0,0
11/14/2025,MTFN,17,17,17,17,31816300
11/14/2025,MTLA,430,440,430,440,22500
11/14/2025,MTMH,1195,1195,1140,1150,27100
11/14/2025,MTPS,0,0,0,0,0
11/14/2025,MTRA,0,0,0,0,0
11/14/2025,MTSM,0,0,0,0,0
11/14/2025,MTWI,340,348,340,344,67400
11/14/2025,MUTU,118,119,112,115,6474900
11/14/2025,MYOH,1560,1560,1555,1560,6000
11/14/2025,MYOR,2100,2140,2080,2100,12346100
11/14/2025,MYORDRCK6A,50,53,50,53,2781300
11/14/2025,MYORHDCM6A,44,44,44,44,23700
11/14/2025,MYORZPCH6A,28,29,28,28,15300
11/14/2025,MYTX,0,0,0,0,0
11/14/2025,NAIK,127,128,122,124,16240300
11/14/2025,NAIK-W,20,21,19,20,5592300
11/14/2025,NANO,57,58,55,56,11104300
11/14/2025,NASA,31,31,30,30,1946600
11/14/2025,NASI,103,103,101,101,4203500
11/14/2025,NATO,145,145,141,143,2454200
11/14/2025,NAYZ,112,113,103,103,40121600
11/14/2025,NCKL,1080,1080,1025,1030,87280100
11/14/2025,NCKLBQCM6A,0,0,0,0,0
11/14/2025,NCKLDRCK6A,38,38,35,36,152200
11/14/2025,NCKLHDCK6A,53,53,48,48,1968800
11/14/2025,NCKLYUCZ5A,79,79,79,79,1000
11/14/2025,NCKLZPCJ6A,59,59,56,56,3000600
11/14/2025,NCKLZPCM6A,25,25,24,24,67700
11/14/2025,NELY,352,352,350,350,196800
11/14/2025,NEST,360,362,340,340,6180300
11/14/2025,NETV,107,108,105,108,1418600
11/14/2025,NFCX,1795,1835,1725,1725,805100
11/14/2025,NICE,410,416,410,412,1511400
11/14/2025,NICK,1170,1210,1170,1205,6400
11/14/2025,NICL,970,975,955,960,1319300
11/14/2025,NIKL,366,398,366,372,8515800
11/14/2025,NINE,0,0,0,0,0
11/14/2025,NIRO,0,0,0,0,0
11/14/2025,NISP,1380,1380,1365,1375,3151200
11/14/2025,NOBU,505,505,500,500,2713400
11/14/2025,NPGF,61,62,60,60,8695900
11/14/2025,NRCA,1035,1250,960,985,167815600
11/14/2025,NSSS,510,515,505,515,5248300
11/14/2025,NTBK,159,162,148,150,68231200
11/14/2025,NUSA,0,0,0,0,0
11/14/2025,NZIA,111,111,109,110,106300
11/14/2025,OASA,214,228,208,220,313945500
11/14/2025,OBAT,434,436,424,428,1759400
11/14/2025,OBAT-W,89,89,86,87,281500
11/14/2025,OBMD,250,256,246,248,1310200
11/14/2025,OCAP,0,0,0,0,0
11/14/2025,OILS,208,212,206,206,2060700
11/14/2025,OKAS,145,148,141,142,5994600
11/14/2025,OLIV,123,123,110,116,16610700
11/14/2025,OMED,200,200,193,200,5576700
11/14/2025,OMRE,535,535,535,535,4400
11/14/2025,OPMS,108,108,104,106,6879100
11/14/2025,PACK,2750,2750,2590,2590,4544800
11/14/2025,PADA,115,118,115,118,34026600
11/14/2025,PADI,70,72,70,72,10398000
11/14/2025,PALM,388,388,380,382,692000
11/14/2025,PAMG,68,71,66,69,16429300
11/14/2025,PANI,14175,15700,14175,14725,42106500
11/14/2025,PANIBQCZ5A,17,31,17,22,17777100
11/14/2025,PANIDRCG6A,63,83,62,71,7238200
11/14/2025,PANIHDCJ6A,95,126,95,105,31050300
11/14/2025,PANIHDCN6A,83,104,83,89,915600
11/14/2025,PANIHDCZ5A,116,157,116,134,1702800
11/14/2025,PANIZPCJ6A,62,75,58,65,16045300
11/14/2025,PANIZPCN6A,108,126,108,115,332300
11/14/2025,PANR,655,655,650,650,372300
11/14/2025,PANS,1450,1470,1440,1450,227400
11/14/2025,PART,130,135,126,130,66618500
11/14/2025,PART-W,19,20,18,19,13846900
11/14/2025,PBID,488,488,486,488,254900
11/14/2025,PBRX,36,37,36,37,2824200
11/14/2025,PBSA,1070,1350,1050,1280,9754900
11/14/2025,PCAR,36,36,36,36,754300
11/14/2025,PDES,600,600,600,600,100
11/14/2025,PDPP,394,394,380,388,139600
11/14/2025,PEGE,124,126,122,123,568600
11/14/2025,PEHA,326,330,324,326,188700
11/14/2025,PEVE,505,515,492,496,755800
11/14/2025,PGAS,1730,1745,1715,1730,27995600
11/14/2025,PGASBQCZ5A,0,0,0,0,0
11/14/2025,PGASDRCG6A,0,0,0,0,0
11/14/2025,PGASDRCG6B,0,0,0,0,0
11/14/2025,PGASHDCK6A,60,60,60,60,16800
11/14/2025,PGASZPCJ6A,0,0,0,0,0
11/14/2025,PGEO,1200,1205,1175,1180,54327700
11/14/2025,PGEOBQCF6A,0,0,0,0,0
11/14/2025,PGEOBQCJ6A,31,31,31,31,11700
11/14/2025,PGEOBQCX5B,3,3,1,2,6190600
11/14/2025,PGEODRCJ6A,18,18,18,18,634700
11/14/2025,PGEOHDCH6A,0,0,0,0,0
11/14/2025,PGEOHDCH6B,0,0,0,0,0
11/14/2025,PGEOHDPH6A,140,140,140,140,200
11/14/2025,PGEOYUCK6A,58,58,58,58,100
11/14/2025,PGEOZPCJ6A,0,0,0,0,0
11/14/2025,PGEOZPCM6A,30,30,29,29,4000
11/14/2025,PGJO,1005,1030,995,1025,346700
11/14/2025,PGLI,412,440,390,392,1977900
11/14/2025,PGUN,13575,14075,13400,13550,96400
11/14/2025,PICO,260,260,246,250,3131400
11/14/2025,PIPA,306,308,284,294,96131700
11/14/2025,PJAA,530,530,515,520,220300
11/14/2025,PJHB,905,960,850,860,123085600
11/14/2025,PJHB-W,340,364,328,340,27925000
11/14/2025,PKPK,595,605,590,600,129500
11/14/2025,PLAN,48,48,45,46,6834300
11/14/2025,PLAS,0,0,0,0,0
11/14/2025,PLIN,0,0,0,0,0
11/14/2025,PMJS,118,119,117,117,86300
11/14/2025,PMMP,0,0,0,0,0
11/14/2025,PMUI,146,149,144,148,3330500
11/14/2025,PNBN,1065,1095,1035,1040,33757700
11/14/2025,PNBS,54,56,54,54,16299300
11/14/2025,PNGO,3080,3080,3000,3000,30300
11/14/2025,PNIN,825,840,810,820,1811100
11/14/2025,PNLF,256,274,252,256,609624800
11/14/2025,PNLFBQCM6A,17,23,17,20,13974300
11/14/2025,PNLFDRCJ6A,11,14,11,11,8179900
11/14/2025,PNLFHDCZ5A,29,33,29,29,159400
11/14/2025,PNLFZPCH6A,35,38,33,33,402600
11/14/2025,PNSE,740,740,700,705,34700
11/14/2025,POLA,35,36,35,36,1044900
11/14/2025,POLI,760,760,760,760,800
11/14/2025,POLL,0,0,0,0,0
11/14/2025,POLU,22475,26950,22300,23000,144000
11/14/2025,POLY,24,25,24,25,471900
11/14/2025,POOL,0,0,0,0,0
11/14/2025,PORT,1195,1240,1080,1145,65800
11/14/2025,POSA,0,0,0,0,0
11/14/2025,POWR,705,710,705,705,2090700
11/14/2025,PPGL,136,144,130,134,2878200
11/14/2025,PPRE,119,119,116,116,9780900
11/14/2025,PPRI,378,380,344,356,10367300
11/14/2025,PPRO,0,0,0,0,0
11/14/2025,PRAY,840,850,840,845,5700
11/14/2025,PRDA,2450,2470,2440,2460,219800
11/14/2025,PRIM,81,83,79,80,5921100
11/14/2025,PSAB,580,585,570,575,58930700
11/14/2025,PSAT,1385,1395,1350,1365,1749500
11/14/2025,PSDN,103,105,102,104,6221300
11/14/2025,PSGO,218,220,204,212,1065800
11/14/2025,PSKT,141,149,140,149,13595900
11/14/2025,PSSI,348,350,344,348,240000
11/14/2025,PTBA,2360,2360,2330,2340,7367200
11/14/2025,PTBADRCG6A,14,14,14,14,20000
11/14/2025,PTBAHDCM6A,0,0,0,0,0
11/14/2025,PTBAYUCZ5A,65,65,65,65,100
11/14/2025,PTBAZPCH6A,0,0,0,0,0
11/14/2025,PTDU,22,22,22,22,460900
11/14/2025,PTIS,430,430,410,412,38500
11/14/2025,PTMP,91,92,87,88,26708700
11/14/2025,PTMR,0,0,0,0,0
11/14/2025,PTPP,382,384,376,376,8487100
11/14/2025,PTPS,204,204,200,200,11168700
11/14/2025,PTPW,965,975,965,975,26700
11/14/2025,PTRO,9125,9250,8975,9025,28722300
11/14/2025,PTRODRCG6A,340,352,332,336,156000
11/14/2025,PTROHDCK6A,545,560,540,540,39100
11/14/2025,PTROHDCN6A,110,112,107,107,644200
11/14/2025,PTROYUCK6A,520,525,520,525,200
11/14/2025,PTROZPCK6A,274,278,270,272,32200
11/14/2025,PTROZPCN6A,137,139,133,135,236000
11/14/2025,PTSN,372,380,368,380,906900
11/14/2025,PTSP,1125,1175,1105,1110,21200
11/14/2025,PUDP,1045,1165,960,1090,994800
11/14/2025,PURA,28,28,28,28,2841700
11/14/2025,PURE,0,0,0,0,0
11/14/2025,PURI,1080,1110,1080,1110,31095400
11/14/2025,PWON,366,366,360,360,15601000
11/14/2025,PWONDRCN6A,26,26,26,26,15000
11/14/2025,PWONHDCZ5A,0,0,0,0,0
11/14/2025,PWONZPCH6A,25,26,25,26,329000
11/14/2025,PYFA,560,575,545,545,37826400
11/14/2025,PYFA-W,124,125,121,123,246200
11/14/2025,PZZA,226,226,222,226,1121600
11/14/2025,RAAM,252,252,242,242,9830300
11/14/2025,R-ABFII,0,0,0,0,0
11/14/2025,RAFI,39,39,39,39,11439400
11/14/2025,RAJA,4760,4890,4720,4760,41278200
11/14/2025,RAJADRCG6A,230,238,226,234,1073400
11/14/2025,RAJAHDCK6A,228,232,226,226,265600
11/14/2025,RAJAZPCK6A,110,116,110,112,340700
11/14/2025,RALS,436,436,428,430,5036100
11/14/2025,RANC,1155,1185,1005,1125,1001100
11/14/2025,RATU,9700,10300,9375,10125,35368500
11/14/2025,RBMS,36,36,35,35,225500
11/14/2025,RCCC,202,210,184,196,1450000
11/14/2025,RDTX,12275,12375,12025,12325,500
11/14/2025,REAL,75,77,67,70,243265200
11/14/2025,RELF,43,43,41,42,2001900
11/14/2025,RELI,635,635,610,635,4500
11/14/2025,RGAS,99,103,99,100,14259700
11/14/2025,RICY,63,63,57,57,58100
11/14/2025,RIGS,775,775,760,775,26500
11/14/2025,RIMO,0,0,0,0,0
11/14/2025,RISE,9125,9125,8525,8800,514900
11/14/2025,R-LQ45X,1031,1031,1025,1028,4800
11/14/2025,RMKE,2650,2740,2590,2710,14320500
11/14/2025,RMKO,208,218,202,208,2155200
11/14/2025,ROCK,426,468,426,468,37000
11/14/2025,RODA,46,46,46,46,132200
11/14/2025,RONY,4300,4300,4250,4250,38000
11/14/2025,ROTI,800,800,795,795,142800
11/14/2025,RSCH,384,384,376,378,11472000
11/14/2025,RSGK,0,0,0,0,0
11/14/2025,RUIS,193,193,188,192,804200
11/14/2025,RUNS,100,100,92,99,605600
11/14/2025,SAFE,256,274,250,260,2596900
11/14/2025,SAGE,30,30,30,30,2410200
11/14/2025,SAME,314,318,312,312,607800
11/14/2025,SAMF,314,316,312,314,42600
11/14/2025,SAPX,308,308,302,306,258500
11/14/2025,SATU,260,262,258,258,2816800
11/14/2025,SBAT,0,0,0,0,0
11/14/2025,SBMA,130,130,128,130,1736900
11/14/2025,SCCO,2430,2550,2410,2460,118300
11/14/2025,SCMA,360,362,342,344,120202700
11/14/2025,SCMABQCZ5A,0,0,0,0,0
11/14/2025,SCMADRCG6A,18,18,14,14,6000300
11/14/2025,SCMADRCK6A,113,113,103,103,82800
11/14/2025,SCMAHDCK6A,44,44,43,43,159400
11/14/2025,SCMAHDCZ5A,360,360,360,360,1400
11/14/2025,SCMAYUCK6A,81,81,70,70,31900
11/14/2025,SCMAZPCG6A,200,200,186,186,39700
11/14/2025,SCMAZPCM6A,50,50,45,46,396700
11/14/2025,SCNP,158,162,157,158,292000
11/14/2025,SCPI,0,0,0,0,0
11/14/2025,SDMU,60,61,59,59,3917200
11/14/2025,SDPC,140,141,138,138,330500
11/14/2025,SDRA,284,288,282,282,504400
11/14/2025,SEMA,103,105,99,102,2633500
11/14/2025,SFAN,1925,1925,1920,1925,78100
11/14/2025,SGER,484,484,464,466,29070100
11/14/2025,SGRO,5925,5975,5800,5800,2299400
11/14/2025,SHID,865,870,860,865,3800
11/14/2025,SHIP,6150,7300,5575,6900,981400
11/14/2025,SICO,136,138,133,135,3775900
11/14/2025,SIDO,570,570,560,565,12499700
11/14/2025,SIDODRCK6A,0,0,0,0,0
11/14/2025,SIDOHDCN6A,35,35,35,35,200
11/14/2025,SIDOZPCM6A,0,0,0,0,0
11/14/2025,SILO,2450,2500,2410,2500,5094800
11/14/2025,SIMA,0,0,0,0,0
11/14/2025,SIMP,645,650,630,630,8868500
11/14/2025,SINI,6700,6700,6700,6700,204900
11/14/2025,SIPD,0,0,0,0,0
11/14/2025,SKBM,496,496,474,484,128600
11/14/2025,SKLT,210,216,206,208,298800
11/14/2025,SKRN,730,735,640,675,3683500
11/14/2025,SKYB,0,0,0,0,0
11/14/2025,SLIS,82,83,80,80,12010300
11/14/2025,SLIS-W,14,15,13,14,244000
11/14/2025,SMAR,5125,5125,5050,5050,52900
11/14/2025,SMBR,292,298,290,290,12863300
11/14/2025,SMCB,0,0,0,0,0
11/14/2025,SMDM,810,815,805,815,94700
11/14/2025,SMDR,304,308,302,306,6572800
11/14/2025,SMGA,110,110,106,108,27774100
11/14/2025,SMGR,2660,2670,2590,2600,11247900
11/14/2025,SMGRBQCX5B,10,11,8,8,5219700
11/14/2025,SMGRBQCZ5A,4,4,3,3,4626500
11/14/2025,SMGRDRCG6A,0,0,0,0,0
11/14/2025,SMGRHDCZ5A,42,42,38,38,100200
11/14/2025,SMGRZPCJ6A,0,0,0,0,0
11/14/2025,SMIL,486,486,468,480,109936200
11/14/2025,SMKL,183,183,170,173,711000
11/14/2025,SMKM,152,153,146,150,18883900
11/14/2025,SMLE,306,324,262,262,21479200
11/14/2025,SMMA,12975,12975,12675,12975,11100
11/14/2025,SMMT,1670,1680,1620,1640,359900
11/14/2025,SMRA,394,394,390,390,25380700
11/14/2025,SMRADRCG6A,0,0,0,0,0
11/14/2025,SMRADRCJ6A,0,0,0,0,0
11/14/2025,SMRAHDCZ5A,0,0,0,0,0
11/14/2025,SMRAZPCH6A,35,35,35,35,1000
11/14/2025,SMRU,0,0,0,0,0
11/14/2025,SMSM,1840,1850,1825,1840,1382200
11/14/2025,SNLK,412,412,402,410,4822400
11/14/2025,SOCI,212,216,208,210,6042700
11/14/2025,SOFA,248,258,226,244,8525900
11/14/2025,SOHO,1840,1840,1840,1840,95800
11/14/2025,SOLA,130,132,128,130,9016900
11/14/2025,SONA,2550,2570,2490,2530,83600
11/14/2025,SOSS,980,1075,980,1075,48000
11/14/2025,SOTS,326,326,322,326,8900
11/14/2025,SOUL,84,84,76,80,1945500
11/14/2025,SPMA,272,272,266,268,764400
11/14/2025,SPRE,120,133,118,126,5249200
11/14/2025,SPTO,670,690,665,675,2952900
11/14/2025,SQMI,0,0,0,0,0
11/14/2025,SRAJ,14000,15900,13450,15900,240400
11/14/2025,SRIL,0,0,0,0,0
11/14/2025,SRSN,66,66,65,65,9030000
11/14/2025,SRTG,1640,1645,1605,1605,6211300
11/14/2025,SRTGDRCK6A,58,58,58,58,43500
11/14/2025,SRTGHDCK6A,54,54,52,52,119900
11/14/2025,SRTGZPCG6A,0,0,0,0,0
11/14/2025,SRTGZPCK6A,27,27,24,26,1275500
11/14/2025,SSIA,1630,1660,1600,1610,22206500
11/14/2025,SSMS,1520,1555,1520,1535,7284600
11/14/2025,SSTM,860,860,860,860,114100
11/14/2025,STAA,1415,1475,1405,1440,15783200
11/14/2025,STAR,88,88,80,81,331700
11/14/2025,STRK,189,189,182,185,25653500
11/14/2025,STTP,9975,10100,9850,10075,4500
11/14/2025,SUGI,0,0,0,0,0
11/14/2025,SULI,127,133,124,130,2841300
11/14/2025,SUNI,805,805,785,800,385600
11/14/2025,SUPR,0,0,0,0,0
11/14/2025,SURE,2680,2710,2600,2650,7000
11/14/2025,SURI,101,101,99,100,9111900
11/14/2025,SWAT,0,0,0,0,0
11/14/2025,SWID,127,142,110,115,92689000
11/14/2025,TALF,510,515,490,496,95700
11/14/2025,TAMA,29,29,29,29,1633400
11/14/2025,TAMU,27,29,27,28,9807900
11/14/2025,TAPG,1645,1670,1600,1615,15558800
11/14/2025,TAPGDRCG6A,0,0,0,0,0
11/14/2025,TAPGDRCJ6A,103,103,95,95,678300
11/14/2025,TAPGHDCH6A,216,218,216,218,1900
11/14/2025,TAPGZPCH6A,122,122,122,122,200
11/14/2025,TAPGZPCM6A,36,36,33,33,728800
11/14/2025,TARA,31,31,28,28,4148000
11/14/2025,TAXI,18,18,18,18,73908900
11/14/2025,TAYS,81,81,78,80,10294100
11/14/2025,TBIG,2170,2170,1995,2000,2040300
11/14/2025,TBLA,740,745,730,730,1797900
11/14/2025,TBMS,1365,1395,1365,1390,43900
11/14/2025,TCID,3140,3140,3100,3110,18600
11/14/2025,TCPI,7525,7650,7325,7575,5942700
11/14/2025,TDPM,0,0,0,0,0
11/14/2025,TEBE,2600,2780,2510,2530,18788300
11/14/2025,TECH,0,0,0,0,0
11/14/2025,TELE,0,0,0,0,0
11/14/2025,TFAS,252,254,240,246,1184500
11/14/2025,TFCO,0,0,0,0,0
11/14/2025,TGKA,5200,5300,5200,5200,2400
11/14/2025,TGRA,0,0,0,0,0
11/14/2025,TGUK,0,0,0,0,0
11/14/2025,TIFA,420,422,414,414,2900
11/14/2025,TINS,3100,3400,3080,3180,147947600
11/14/2025,TIRA,1850,1880,1570,1570,2066500
11/14/2025,TIRT,0,0,0,0,0
11/14/2025,TKIM,7075,7075,6950,7025,564100
11/14/2025,TKIMDRCN6A,77,77,76,76,475400
11/14/2025,TKIMHDCJ6A,0,0,0,0,0
11/14/2025,TKIMZPCG6A,84,84,81,81,150300
11/14/2025,TKIMZPCK6A,0,0,0,0,0
11/14/2025,TLDN,720,730,700,715,2232000
11/14/2025,TLKM,3530,3560,3510,3550,55079600
11/14/2025,TLKMBQCG6A,68,68,68,68,69900
11/14/2025,TLKMBQCJ6A,0,0,0,0,0
11/14/2025,TLKMDRCJ6A,0,0,0,0,0
11/14/2025,TLKMDRCX6A,0,0,0,0,0
11/14/2025,TLKMHDCJ6A,76,76,76,76,30200
11/14/2025,TLKMYUCK6A,132,132,132,132,600
11/14/2025,TLKMZPCF6A,0,0,0,0,0
11/14/2025,TLKMZPCM6A,0,0,0,0,0
11/14/2025,TMAS,129,130,128,129,1897100
11/14/2025,TMPO,165,168,160,164,1265500
11/14/2025,TNCA,232,240,230,234,498000
11/14/2025,TOBA,860,865,850,850,46898100
11/14/2025,TOOL,64,68,63,65,49897100
11/14/2025,TOPS,0,0,0,0,0
11/14/2025,TOSK,79,79,76,77,36810400
11/14/2025,TOTL,935,950,920,945,1903800
11/14/2025,TOTO,290,292,288,290,1373000
11/14/2025,TOWR,545,550,535,540,20623600
11/14/2025,TOWRDRCN6A,17,17,17,17,90600
11/14/2025,TOWRHDCK6A,23,23,22,22,2800
11/14/2025,TOYS,0,0,0,0,0
11/14/2025,TPIA,7000,7050,6950,7000,5238200
11/14/2025,TPMA,585,595,580,585,5140700
11/14/2025,TRAM,0,0,0,0,0
11/14/2025,TRGU,194,195,192,194,81000
11/14/2025,TRIL,0,0,0,0,0
11/14/2025,TRIM,635,665,630,630,463900
11/14/2025,TRIN,525,540,510,515,7350800
11/14/2025,TRIN-W2,535,535,430,510,12600
11/14/2025,TRIO,0,0,0,0,0
11/14/2025,TRIS,199,200,195,195,524200
11/14/2025,TRJA,154,154,151,153,533200
11/14/2025,TRON,92,107,91,91,186423900
11/14/2025,TRST,484,484,468,480,26600
11/14/2025,TRUE,111,111,111,111,9285000
11/14/2025,TRUK,398,494,398,494,15770500
11/14/2025,TRUS,438,458,432,448,11300
11/14/2025,TSPC,2910,2930,2900,2920,210300
11/14/2025,TUGU,1035,1035,1015,1020,2079600
11/14/2025,TYRE,128,128,125,127,43600
11/14/2025,UANG,5075,6025,5050,6025,18129400
11/14/2025,UCID,448,450,446,448,279500
11/14/2025,UDNG,4050,4450,3650,4350,2805200
11/14/2025,UFOE,186,193,184,185,1037700
11/14/2025,ULTJ,1400,1420,1380,1410,5559400
11/14/2025,UNIC,9300,9300,9300,9300,400
11/14/2025,UNIQ,400,406,384,392,40001200
11/14/2025,UNIT,0,0,0,0,0
11/14/2025,UNSP,200,200,200,200,515200
11/14/2025,UNTD,89,99,89,91,90510900
11/14/2025,UNTR,28250,28250,27900,28050,1727200
11/14/2025,UNTRDRCG6A,0,0,0,0,0
11/14/2025,UNTRHDCM6A,185,185,185,185,5000
11/14/2025,UNTRZPCJ6A,174,174,174,174,100000
11/14/2025,UNVR,2490,2560,2490,2510,16720600
11/14/2025,UNVRBQCG6A,0,0,0,0,0
11/14/2025,UNVRBQCK6A,0,0,0,0,0
11/14/2025,UNVRBQCZ5A,236,236,222,222,14800
11/14/2025,UNVRDRCG6A,126,126,122,122,167100
11/14/2025,UNVRHDCM6A,175,175,175,175,18600
11/14/2025,UNVRHDPG6A,16,16,16,16,637700
11/14/2025,UNVRZPCH6A,108,108,106,106,14200
11/14/2025,UNVRZPCM6A,114,114,114,114,23000
11/14/2025,URBN,195,206,187,190,8234500
11/14/2025,UVCR,119,120,110,118,17289500
11/14/2025,VAST,150,162,150,153,5348200
11/14/2025,VAST-W,13,14,13,14,1087100
11/14/2025,VERN,119,121,117,119,582400
11/14/2025,VICI,630,635,625,630,149500
11/14/2025,VICO,186,189,182,184,1323800
11/14/2025,VINS,153,155,151,153,426900
11/14/2025,VISI,202,206,200,204,9150100
11/14/2025,VIVA,31,31,29,29,6509300
11/14/2025,VKTR,426,428,418,424,51936400
11/14/2025,VOKS,268,270,262,270,43000
11/14/2025,VRNA,88,88,85,86,270300
11/14/2025,VTNY,95,96,94,95,11431500
11/14/2025,WAPO,190,190,182,182,1992800
11/14/2025,WEGE,66,67,64,65,17939500
11/14/2025,WEHA,106,107,105,105,2818400
11/14/2025,WGSH,278,278,270,270,134200
11/14/2025,WICO,0,0,0,0,0
11/14/2025,WIDI,41,42,40,41,5150700
11/14/2025,WIFI,3360,3440,3330,3360,49862100
11/14/2025,WIIM,1425,1450,1395,1395,3817900
11/14/2025,WIKA,0,0,0,0,0
11/14/2025,WINE,204,206,196,197,3247400
11/14/2025,WINR,37,37,37,37,12557100
11/14/2025,WINS,440,450,436,448,4615700
11/14/2025,WIRG,114,115,112,115,136040400
11/14/2025,WMPP,0,0,0,0,0
11/14/2025,WMUU,34,34,31,31,78165600
11/14/2025,WOMF,332,334,330,334,308900
11/14/2025,WOOD,422,436,416,426,4383100
11/14/2025,WOWS,79,83,79,82,77850800
11/14/2025,WSBP,22,23,22,22,26341500
11/14/2025,WSKT,0,0,0,0,0
11/14/2025,WTON,102,103,99,100,25096600
11/14/2025,XAQA,0,0,0,0,0
11/14/2025,XBES,0,0,0,0,0
11/14/2025,XBID,545,545,545,545,40000
11/14/2025,XBIG,0,0,0,0,0
11/14/2025,XBIN,612,615,612,615,41000
11/14/2025,XBLQ,0,0,0,0,0
11/14/2025,XBNI,0,0,0,0,0
11/14/2025,XBSK,463,463,463,463,40000
11/14/2025,XCEG,111,111,111,111,300
11/14/2025,XCID,56,58,56,58,90600
11/14/2025,XCIS,81,81,81,81,100
11/14/2025,XCLQ,135,135,93,95,15300
11/14/2025,XDIF,410,565,410,478,7500
11/14/2025,XIFE,0,0,0,0,0
11/14/2025,XIHD,667,667,659,659,6200
11/14/2025,XIIC,0,0,0,0,0
11/14/2025,XIID,0,0,0,0,0
11/14/2025,XIIF,0,0,0,0,0
11/14/2025,XIIT,558,558,550,550,17100
11/14/2025,XIJI,693,697,688,697,9100
11/14/2025,XILV,135,135,123,123,3100
11/14/2025,XIML,242,242,242,242,100
11/14/2025,XIPB,268,268,197,200,87000
11/14/2025,XIPI,222,228,222,228,37100
11/14/2025,XISB,0,0,0,0,0
11/14/2025,XISC,755,755,655,670,700
11/14/2025,XISI,0,0,0,0,0
11/14/2025,XISR,465,465,457,457,4800
11/14/2025,XKID,0,0,0,0,0
11/14/2025,XKIV,611,611,611,611,40000
11/14/2025,XKMS,0,0,0,0,0
11/14/2025,XMGB,0,0,0,0,0
11/14/2025,XMIG,225,225,225,225,200000
11/14/2025,XMLF,927,927,927,927,40000
11/14/2025,XMSK,0,0,0,0,0
11/14/2025,XNVE,0,0,0,0,0
11/14/2025,XPDV,785,785,550,631,18300
11/14/2025,XPFT,0,0,0,0,0
11/14/2025,XPIN,668,668,668,668,700
11/14/2025,XPLQ,406,410,406,410,200
11/14/2025,XPSG,500,500,426,430,7200
11/14/2025,XPTD,500,500,499,500,900
11/14/2025,XSBC,109,109,106,107,29300
11/14/2025,XSPI,0,0,0,0,0
11/14/2025,XSSI,88,89,87,87,12800
11/14/2025,XSSK,719,719,719,719,20000
11/14/2025,YELO,72,72,71,72,6240700
11/14/2025,YOII,100,101,97,99,3449900
11/14/2025,YPAS,510,510,505,505,600
11/14/2025,YULE,2610,2710,2610,2700,800
11/14/2025,YUPI,1670,1690,1615,1655,71700
11/14/2025,ZATA,70,70,68,68,27458500
11/14/2025,ZBRA,0,0,0,0,0
11/14/2025,ZINC,29,31,29,31,13838500
11/14/2025,ZONE,555,570,530,560,82700
11/14/2025,ZYRX,153,155,151,153,571800
