<date>,<ticker>,<open>,<high>,<low>,<close>,<volume>
7/30/2025,IHSG,7642.250,7667.556,7528.129,7549.888,1367525241
7/30/2025,IDX30,0.000,0.000,0.000,0.000,0
7/30/2025,IDX80,0.000,0.000,0.000,0.000,0
7/30/2025,AADI,7000,7000,6850,6875,7260600
7/30/2025,AALI,6625,6950,6575,6925,5501700
7/30/2025,ABBA,36,37,36,36,75000
7/30/2025,ABDA,0,0,0,0,0
7/30/2025,ABMM,3000,3010,2990,3010,511400
7/30/2025,ACES,482,482,472,474,25482300
7/30/2025,ACESBQCV5A,3,3,2,3,113500
7/30/2025,ACESBQCX5B,20,20,20,20,2000
7/30/2025,ACESDRCJ6A,20,20,20,20,33200
7/30/2025,ACESDRCQ5A,2,2,1,1,775300
7/30/2025,ACESHDCZ5A,56,56,55,55,53700
7/30/2025,ACRO,67,68,66,66,4109400
7/30/2025,ACRO-W,6,7,6,6,1550800
7/30/2025,ACST,94,94,91,91,2957200
7/30/2025,ADCP,50,50,50,50,25500
7/30/2025,ADES,13200,14000,13125,13725,299100
7/30/2025,ADHI,252,254,246,246,11660500
7/30/2025,ADMF,9150,9175,9100,9175,59300
7/30/2025,ADMG,123,126,121,124,168900
7/30/2025,ADMR,1140,1145,1100,1105,45565800
7/30/2025,ADMRDRCJ6A,48,48,46,46,560500
7/30/2025,ADMRZPCH6A,0,0,0,0,0
7/30/2025,ADRO,1930,1940,1890,1900,45115800
7/30/2025,ADROBQCU5A,35,35,35,35,100
7/30/2025,ADROBQCZ5A,39,39,37,37,956800
7/30/2025,ADRODRCJ6A,84,84,80,80,61900
7/30/2025,ADRODRCQ5A,2,2,1,1,3785200
7/30/2025,ADRODRCQ5B,23,23,22,22,23000
7/30/2025,ADRODRCX5A,53,54,52,52,353500
7/30/2025,ADROHDCQ5A,0,0,0,0,0
7/30/2025,ADROHDCZ5A,87,88,87,87,1900
7/30/2025,ADROZPCF6A,45,45,42,42,18100
7/30/2025,AEGS,41,41,40,41,8356000
7/30/2025,AGAR,228,230,222,224,29400
7/30/2025,AGII,950,950,915,930,582600
7/30/2025,AGRO,212,214,208,212,7528400
7/30/2025,AGRS,64,65,63,63,1590600
7/30/2025,AHAP,62,70,60,63,35812400
7/30/2025,AIMS,378,378,370,370,57300
7/30/2025,AISA,134,134,129,129,12992200
7/30/2025,AKKU,0,0,0,0,0
7/30/2025,AKPI,585,585,580,585,85800
7/30/2025,AKRA,1345,1350,1310,1325,25241900
7/30/2025,AKRABQCX5B,0,0,0,0,0
7/30/2025,AKRADRCQ5A,15,15,10,10,73300
7/30/2025,AKRADRCX5A,44,45,44,45,609900
7/30/2025,AKRAHDCH6A,78,78,74,74,229800
7/30/2025,AKRAHDCQ5A,24,24,24,24,5000
7/30/2025,AKRAZPCX5A,77,77,73,74,1161600
7/30/2025,AKSI,256,266,248,254,362100
7/30/2025,ALDO,490,498,490,490,179500
7/30/2025,ALII,600,600,575,585,8369500
7/30/2025,ALKA,312,312,310,310,1200
7/30/2025,ALMI,0,0,0,0,0
7/30/2025,ALTO,0,0,0,0,0
7/30/2025,AMAG,362,362,356,358,48100
7/30/2025,AMAN,124,127,111,113,16511400
7/30/2025,AMAR,234,244,216,220,12572300
7/30/2025,AMFG,3490,3520,3470,3480,25100
7/30/2025,AMIN,200,214,200,204,951800
7/30/2025,AMMN,8350,8375,8150,8300,20841600
7/30/2025,AMMNBQCZ5A,65,65,63,63,166800
7/30/2025,AMMNDRCJ6A,79,79,78,78,309200
7/30/2025,AMMNHDCH6A,118,118,115,118,134000
7/30/2025,AMMNZPCG6A,0,0,0,0,0
7/30/2025,AMMS,99,104,94,104,9910900
7/30/2025,AMMS-W,0,0,0,0,0
7/30/2025,AMOR,515,515,505,515,5600
7/30/2025,AMRT,2280,2290,2180,2180,27510800
7/30/2025,AMRTBQCU5A,11,11,11,11,2100
7/30/2025,AMRTDRCQ5A,2,2,2,2,60800
7/30/2025,AMRTDRCZ5A,40,40,40,40,100
7/30/2025,AMRTHDCQ5A,0,0,0,0,0
7/30/2025,AMRTZPCX5A,0,0,0,0,0
7/30/2025,ANDI,18,19,18,19,45684400
7/30/2025,ANJT,1765,1790,1755,1765,1806000
7/30/2025,ANTM,3010,3050,2970,2990,58846000
7/30/2025,ANTMBQCU5A,282,282,278,278,400
7/30/2025,ANTMBQCX5A,81,82,81,82,200
7/30/2025,ANTMBQCZ5A,0,0,0,0,0
7/30/2025,ANTMDRCG6A,54,54,51,51,505000
7/30/2025,ANTMDRCQ5A,0,0,0,0,0
7/30/2025,ANTMDRCX5A,296,296,286,288,61500
7/30/2025,ANTMDRPU5A,50,50,50,50,1000
7/30/2025,ANTMDRPU5B,0,0,0,0,0
7/30/2025,ANTMHDCH6A,89,89,88,88,8100
7/30/2025,ANTMHDCH6B,133,135,129,129,140400
7/30/2025,ANTMHDCQ5A,0,0,0,0,0
7/30/2025,ANTMHDCU5A,0,0,0,0,0
7/30/2025,ANTMYUCQ5A,342,342,336,336,200
7/30/2025,ANTMZPCX5A,196,196,193,193,1200
7/30/2025,APEX,140,140,130,133,139619300
7/30/2025,APIC,1180,1180,1150,1155,4413200
7/30/2025,APII,170,183,168,172,287800
7/30/2025,APLI,505,505,500,500,2800
7/30/2025,APLN,101,102,100,100,10571900
7/30/2025,ARCI,765,765,720,720,13952000
7/30/2025,AREA,432,438,416,428,1121600
7/30/2025,ARGO,0,0,0,0,0
7/30/2025,ARII,280,280,272,280,73000
7/30/2025,ARKA,26,26,25,25,3927900
7/30/2025,ARKO,925,935,905,925,361500
7/30/2025,ARMY,0,0,0,0,0
7/30/2025,ARNA,590,590,575,580,1363500
7/30/2025,ARTA,3640,3710,3590,3630,8700
7/30/2025,ARTI,0,0,0,0,0
7/30/2025,ARTO,1890,1940,1855,1905,17449200
7/30/2025,ARTOBQCU5A,7,7,6,6,3000
7/30/2025,ARTOBQCX5B,0,0,0,0,0
7/30/2025,ARTOBQCZ5A,0,0,0,0,0
7/30/2025,ARTODRCQ5A,2,3,2,3,2075500
7/30/2025,ARTODRCX5A,45,45,43,43,11100
7/30/2025,ARTOHDCZ5A,0,0,0,0,0
7/30/2025,ARTOZPCX5A,40,44,40,44,70000
7/30/2025,ASBI,446,446,418,432,23800
7/30/2025,ASDM,570,590,520,560,211900
7/30/2025,ASGR,955,1030,955,1030,7124400
7/30/2025,ASHA,16,16,15,16,2269000
7/30/2025,ASII,5100,5150,5075,5150,53075600
7/30/2025,ASIIBQCU5A,0,0,0,0,0
7/30/2025,ASIIBQCZ5A,0,0,0,0,0
7/30/2025,ASIIDRCQ5A,24,26,24,26,5100
7/30/2025,ASIIDRCQ5B,24,24,24,24,100
7/30/2025,ASIIDRCX5A,105,108,105,105,11600
7/30/2025,ASIIDRCX6A,0,0,0,0,0
7/30/2025,ASIIDRPQ5A,0,0,0,0,0
7/30/2025,ASIIHDCZ5A,0,0,0,0,0
7/30/2025,ASJT,108,109,106,108,57800
7/30/2025,ASLC,66,66,64,64,28856200
7/30/2025,ASLI,0,0,0,0,0
7/30/2025,ASMI,16,17,16,16,211800
7/30/2025,ASPI,262,286,256,274,732400
7/30/2025,ASPR,98,99,95,95,11504200
7/30/2025,ASRI,169,169,161,162,65201500
7/30/2025,ASRM,278,280,278,280,3500
7/30/2025,ASSA,865,910,855,910,12159200
7/30/2025,ATAP,27,27,26,26,171700
7/30/2025,ATIC,386,390,380,390,212500
7/30/2025,ATLA,50,50,50,50,88800
7/30/2025,AUTO,2120,2200,2120,2200,6616700
7/30/2025,AVIA,468,470,456,460,12521200
7/30/2025,AWAN,254,258,248,250,23796800
7/30/2025,AXIO,131,142,129,131,10686400
7/30/2025,AYAM,163,164,161,164,120518600
7/30/2025,AYLS,106,114,105,108,17702100
7/30/2025,BABP,50,51,50,51,12743100
7/30/2025,BABY,338,350,328,340,8409200
7/30/2025,BACA,130,131,130,130,1600500
7/30/2025,BAIK,95,96,93,94,1214400
7/30/2025,BAIK-W,8,8,7,8,82000
7/30/2025,BAJA,132,132,129,130,1494700
7/30/2025,BALI,1410,1410,1380,1395,163100
7/30/2025,BANK,810,820,800,815,7417500
7/30/2025,BANK-W,0,0,0,0,0
7/30/2025,BAPA,50,50,50,50,25600
7/30/2025,BAPI,8,9,8,9,1336200
7/30/2025,BATA,44,44,44,44,56100
7/30/2025,BATR,84,85,82,84,1877700
7/30/2025,BAUT,28,28,27,28,1071000
7/30/2025,BAYU,1290,1295,1275,1275,88800
7/30/2025,BBCA,8475,8475,8325,8375,98098100
7/30/2025,BBCABQCV5A,38,38,34,34,347600
7/30/2025,BBCABQCX5A,48,48,48,48,100
7/30/2025,BBCADRCF6A,66,66,64,64,537200
7/30/2025,BBCADRCQ5A,0,0,0,0,0
7/30/2025,BBCADRCX6A,4170,4170,4170,4170,400
7/30/2025,BBCADRPQ5A,49,51,49,51,3700
7/30/2025,BBCAHDCQ5A,0,0,0,0,0
7/30/2025,BBCAHDCU5A,112,112,65,66,168700
7/30/2025,BBCAHDCV5A,0,0,0,0,0
7/30/2025,BBCAYUCQ5A,41,41,41,41,100
7/30/2025,BBCAZPCF6A,49,49,47,47,64600
7/30/2025,BBCAZPCH6A,110,110,107,107,4500
7/30/2025,BBHI,1375,1405,1370,1370,1776600
7/30/2025,BBKP,65,67,62,63,472579600
7/30/2025,BBLD,1075,1075,935,945,317700
7/30/2025,BBMD,2150,2170,2100,2170,1400
7/30/2025,BBNI,4150,4160,4090,4120,33919100
7/30/2025,BBNIBQCU5A,0,0,0,0,0
7/30/2025,BBNIBQCV5A,0,0,0,0,0
7/30/2025,BBNIDRCQ5A,6,6,6,6,900000
7/30/2025,BBNIDRCX6A,0,0,0,0,0
7/30/2025,BBNIDRCZ5A,56,57,56,57,320100
7/30/2025,BBNIDRPU5A,0,0,0,0,0
7/30/2025,BBNIHDCQ5A,0,0,0,0,0
7/30/2025,BBNIHDCU5A,0,0,0,0,0
7/30/2025,BBNIHDPU5A,0,0,0,0,0
7/30/2025,BBNIYUCV5A,63,64,62,64,300
7/30/2025,BBNIZPCH6A,0,0,0,0,0
7/30/2025,BBNIZPCX5A,0,0,0,0,0
7/30/2025,BBRI,3910,3910,3770,3780,206358500
7/30/2025,BBRIBQCQ5A,8,8,6,7,22100
7/30/2025,BBRIBQCU5A,0,0,0,0,0
7/30/2025,BBRIBQCZ5A,0,0,0,0,0
7/30/2025,BBRIDRCQ5A,19,19,15,18,1894700
7/30/2025,BBRIDRCX5A,157,157,148,148,4070000
7/30/2025,BBRIDRCX6A,2130,2130,2130,2130,500
7/30/2025,BBRIHDCH6A,141,141,130,130,10500
7/30/2025,BBRIHDCQ5A,0,0,0,0,0
7/30/2025,BBRIYUCV5A,142,142,131,131,300
7/30/2025,BBRIZPCH6A,95,95,92,92,7000
7/30/2025,BBRIZPCX5A,84,84,84,84,800
7/30/2025,BBRM,76,77,75,76,798100
7/30/2025,BBSI,3880,4000,3880,3900,10300
7/30/2025,BBSS,284,298,272,280,1298700
7/30/2025,BBTN,1175,1180,1150,1150,21305600
7/30/2025,BBTNHDCZ5A,0,0,0,0,0
7/30/2025,BBTNZPCG6A,0,0,0,0,0
7/30/2025,BBYB,250,254,246,248,26549200
7/30/2025,BCAP,56,56,54,55,6940000
7/30/2025,BCIC,0,0,0,0,0
7/30/2025,BCIP,96,98,96,97,10512700
7/30/2025,BDKR,162,163,154,161,31413200
7/30/2025,BDMN,2440,2440,2410,2430,478800
7/30/2025,BEBS,0,0,0,0,0
7/30/2025,BEEF,292,294,280,284,18497200
7/30/2025,BEER,75,101,72,85,29137300
7/30/2025,BEKS,24,24,23,24,4537600
7/30/2025,BELI,382,396,382,386,238400
7/30/2025,BELL,50,50,50,50,124300
7/30/2025,BESS,1140,1140,1070,1095,69900
7/30/2025,BEST,105,107,103,103,13809100
7/30/2025,BFIN,765,770,755,765,8137400
7/30/2025,BGTG,79,81,79,80,6582300
7/30/2025,BHAT,800,800,790,800,1559200
7/30/2025,BHIT,25,26,25,26,14833700
7/30/2025,BIKA,0,0,0,0,0
7/30/2025,BIKE,600,605,590,595,772500
7/30/2025,BIMA,44,44,44,44,400
7/30/2025,BINA,4320,4360,4280,4360,304400
7/30/2025,BINO,111,113,110,111,669400
7/30/2025,BIPI,91,92,88,90,121385900
7/30/2025,BIPP,38,38,38,38,23000
7/30/2025,BIRD,2000,2030,1960,1980,4159500
7/30/2025,BISI,920,930,910,920,108800
7/30/2025,BJBR,805,810,800,800,9696600
7/30/2025,BJTM,492,496,492,496,5599800
7/30/2025,BKDP,32,32,31,31,478500
7/30/2025,BKSL,158,159,148,152,805091600
7/30/2025,BKSW,62,66,62,63,26349200
7/30/2025,BLES,168,172,167,168,4355500
7/30/2025,BLOG,525,525,488,488,24243400
7/30/2025,BLTA,19,20,19,20,13187700
7/30/2025,BLTZ,1800,1800,1800,1800,100
7/30/2025,BLUE,310,312,308,312,55800
7/30/2025,BMAS,0,0,0,0,0
7/30/2025,BMBL,22,22,20,22,18395500
7/30/2025,BMHS,197,198,194,197,1274400
7/30/2025,BMRI,4710,4720,4620,4620,141263400
7/30/2025,BMRIBQCU5A,11,11,9,9,5300
7/30/2025,BMRIBQCZ5A,74,74,69,69,218700
7/30/2025,BMRIDRCQ5A,2,2,2,2,190000
7/30/2025,BMRIDRCX5A,65,65,61,61,4117200
7/30/2025,BMRIDRCX6A,2340,2340,2310,2310,3300
7/30/2025,BMRIHDCQ5A,4,4,4,4,25000
7/30/2025,BMRIHDCU5A,109,109,99,99,2000
7/30/2025,BMRIHDPU5A,244,244,244,244,5100
7/30/2025,BMRIYUCQ5A,26,26,26,26,100
7/30/2025,BMRIZPCH6A,0,0,0,0,0
7/30/2025,BMRIZPCX5A,0,0,0,0,0
7/30/2025,BMSR,256,264,252,256,537800
7/30/2025,BMTR,143,144,140,142,40229600
7/30/2025,BNBA,820,840,805,810,61100
7/30/2025,BNBR,26,26,25,26,5159100
7/30/2025,BNGA,1725,1730,1705,1705,6478400
7/30/2025,BNGAZPCH6A,53,53,53,53,18800
7/30/2025,BNII,200,202,199,200,497600
7/30/2025,BNLI,3180,3300,3180,3260,497700
7/30/2025,BOAT,105,106,100,100,3016400
7/30/2025,BOBA,174,182,174,178,69700
7/30/2025,BOGA,590,600,585,585,320400
7/30/2025,BOLA,131,150,129,143,2353800
7/30/2025,BOLT,1195,1200,1195,1195,10800
7/30/2025,BOSS,0,0,0,0,0
7/30/2025,BPFI,334,334,330,334,24300
7/30/2025,BPII,600,600,585,590,278500
7/30/2025,BPTR,99,101,97,100,3572500
7/30/2025,BRAM,5750,5750,5700,5700,1800
7/30/2025,BREN,8000,8100,7750,7825,22115500
7/30/2025,BRIS,2840,2840,2720,2770,22131100
7/30/2025,BRISBQCZ5A,0,0,0,0,0
7/30/2025,BRISDRCJ6A,57,57,57,57,200000
7/30/2025,BRISHDCH6A,77,78,76,77,49800
7/30/2025,BRISHDCZ5A,0,0,0,0,0
7/30/2025,BRISYUCV5A,96,96,89,89,300
7/30/2025,BRISZPCG6A,65,65,62,62,6000
7/30/2025,BRMS,472,480,452,454,883766000
7/30/2025,BRMSBQCZ5A,76,76,70,70,25900
7/30/2025,BRMSDRCJ6A,49,50,45,45,395400
7/30/2025,BRMSHDCH6A,91,94,85,86,340900
7/30/2025,BRMSHDCZ5A,0,0,0,0,0
7/30/2025,BRMSYUCV5A,40,42,36,36,557700
7/30/2025,BRMSZPCG6A,78,78,70,72,178000
7/30/2025,BRNA,670,670,625,655,3400
7/30/2025,BRPT,2630,2730,2600,2610,155301000
7/30/2025,BRPTBQCQ5A,0,0,0,0,0
7/30/2025,BRPTBQCV5A,0,0,0,0,0
7/30/2025,BRPTBQCX5B,152,153,145,146,800
7/30/2025,BRPTBQCZ5A,0,0,0,0,0
7/30/2025,BRPTDRCF6A,250,254,242,242,12100
7/30/2025,BRPTDRCJ6A,147,152,141,142,25000
7/30/2025,BRPTDRCQ5A,304,304,304,304,400
7/30/2025,BRPTDRCX5A,292,292,284,284,217100
7/30/2025,BRPTDRPV5A,12,12,11,11,1108000
7/30/2025,BRPTHDCH6A,224,224,218,218,6800
7/30/2025,BRPTHDCH6B,200,200,191,192,17300
7/30/2025,BRPTHDCQ5A,340,344,332,332,5000
7/30/2025,BRPTHDPG6A,236,238,224,238,37700
7/30/2025,BRPTZPCF6A,0,0,0,0,0
7/30/2025,BRPTZPCX5A,382,398,374,374,119100
7/30/2025,BRRC,55,58,54,58,33663600
7/30/2025,BRRC-W,8,8,7,8,1218100
7/30/2025,BSBK,51,51,50,50,15078700
7/30/2025,BSDE,840,850,820,830,21194100
7/30/2025,BSDEDRCJ6A,24,25,23,24,970200
7/30/2025,BSDEZPCH6A,34,36,33,36,268500
7/30/2025,BSIM,895,895,870,875,181300
7/30/2025,BSML,107,107,104,104,34902000
7/30/2025,BSSR,3940,3970,3940,3940,382100
7/30/2025,BSWD,0,0,0,0,0
7/30/2025,BTEK,5,5,5,5,24929200
7/30/2025,BTEL,0,0,0,0,0
7/30/2025,BTON,390,390,384,386,1800
7/30/2025,BTPN,2120,2120,2080,2110,33800
7/30/2025,BTPS,1430,1460,1375,1405,27145300
7/30/2025,BTPSZPCH6A,43,43,42,42,27800
7/30/2025,BUAH,1390,1390,1335,1375,115000
7/30/2025,BUDI,232,232,228,232,403700
7/30/2025,BUKA,148,152,145,150,332920700
7/30/2025,BUKABQCZ5B,0,0,0,0,0
7/30/2025,BUKAHDCZ5A,105,105,105,105,10500
7/30/2025,BUKK,840,840,825,830,53900
7/30/2025,BULL,139,140,132,134,352145600
7/30/2025,BUMI,117,118,114,115,684736500
7/30/2025,BUVA,0,0,0,0,0
7/30/2025,BVIC,87,88,85,87,3401500
7/30/2025,BVIC-W,47,47,42,45,28000
7/30/2025,BWPT,116,137,112,128,1938268500
7/30/2025,BYAN,18800,18900,18650,18725,49800
7/30/2025,CAKK,138,138,134,135,107000
7/30/2025,CAMP,212,212,208,210,4831800
7/30/2025,CANI,42,42,42,42,79100
7/30/2025,CARE,234,240,232,240,21682400
7/30/2025,CARS,81,81,79,80,3649100
7/30/2025,CASA,1035,1035,1020,1025,5355100
7/30/2025,CASH,63,63,59,62,1059300
7/30/2025,CASS,2200,2200,2130,2170,73500
7/30/2025,CBDK,6000,6250,5950,6100,11005800
7/30/2025,CBMF,0,0,0,0,0
7/30/2025,CBPE,186,186,184,186,71600
7/30/2025,CBRE,75,78,75,78,17937500
7/30/2025,CBUT,1005,1255,1000,1210,464800
7/30/2025,CCSI,320,326,316,322,618800
7/30/2025,CDIA,1725,1725,1650,1650,138330000
7/30/2025,CEKA,2740,2740,2620,2680,93600
7/30/2025,CENT,99,101,98,100,5976200
7/30/2025,CFIN,316,318,312,316,1215000
7/30/2025,CGAS,97,99,96,97,12283600
7/30/2025,CHEK,190,191,186,188,20036600
7/30/2025,CHEM,60,62,59,61,4199400
7/30/2025,CHIP,1325,1325,1305,1325,77100
7/30/2025,CINT,158,159,157,159,189500
7/30/2025,CITA,3930,3990,3900,3980,113900
7/30/2025,CITY,94,97,93,93,1364100
7/30/2025,CLAY,1430,1715,1405,1450,755600
7/30/2025,CLEO,590,590,575,575,8867200
7/30/2025,CLPI,1190,1230,1185,1210,140000
7/30/2025,CMNP,1310,1315,1305,1305,267000
7/30/2025,CMNP-W,386,426,386,388,800
7/30/2025,CMNT,815,825,800,820,31508000
7/30/2025,CMPP,70,72,70,72,79900
7/30/2025,CMRY,4970,5150,4900,5000,7699600
7/30/2025,CNKO,37,37,37,37,16206200
7/30/2025,CNMA,143,143,139,139,50768700
7/30/2025,CNTB,0,0,0,0,0
7/30/2025,CNTX,0,0,0,0,0
7/30/2025,COAL,33,33,33,33,2730200
7/30/2025,COCO,280,342,278,342,47437400
7/30/2025,COIN,880,880,795,795,37690600
7/30/2025,COWL,0,0,0,0,0
7/30/2025,CPIN,4900,4940,4850,4890,5239100
7/30/2025,CPINDRCG6A,92,92,91,91,30000
7/30/2025,CPINDRCQ5A,16,16,16,16,100
7/30/2025,CPINHDCQ5A,0,0,0,0,0
7/30/2025,CPRI,0,0,0,0,0
7/30/2025,CPRO,52,52,51,52,91456900
7/30/2025,CRAB,238,238,234,234,1153300
7/30/2025,CRSN,108,108,104,106,235400
7/30/2025,CSAP,260,286,260,274,589600
7/30/2025,CSIS,70,71,69,70,251600
7/30/2025,CSMI,450,450,418,440,10966500
7/30/2025,CSRA,810,880,755,815,6385200
7/30/2025,CTBN,7900,7900,7850,7850,14900
7/30/2025,CTRA,950,955,935,940,4501900
7/30/2025,CTRADRCJ6A,0,0,0,0,0
7/30/2025,CTRAZPCG6A,0,0,0,0,0
7/30/2025,CTTH,27,27,27,27,1700
7/30/2025,CUAN,1625,1625,1560,1570,182139700
7/30/2025,CYBR,945,950,895,935,14115000
7/30/2025,CYBR-W,520,540,520,540,900
7/30/2025,DAAZ,3860,3860,3770,3780,487600
7/30/2025,DADA,8,8,8,8,90155200
7/30/2025,DART,153,154,151,153,125500
7/30/2025,DATA,1975,2000,1895,1930,13630300
7/30/2025,DAYA,900,900,875,900,90500
7/30/2025,DCII,0,0,0,0,0
7/30/2025,DEAL,0,0,0,0,0
7/30/2025,DEFI,0,0,0,0,0
7/30/2025,DEPO,200,200,198,200,109100
7/30/2025,DEWA,232,240,224,232,476076400
7/30/2025,DEWI,102,103,100,103,90509700
7/30/2025,DFAM,50,51,50,50,2219300
7/30/2025,DGIK,93,93,90,90,4933500
7/30/2025,DGNS,155,158,153,153,295800
7/30/2025,DGWG,450,452,424,424,7387000
7/30/2025,DIGI,19,20,19,20,608700
7/30/2025,DILD,134,134,129,130,24223700
7/30/2025,DIVA,110,114,110,112,4185700
7/30/2025,DKFT,620,645,620,635,55176200
7/30/2025,DKHH,67,68,67,68,4794700
7/30/2025,DKHH-W,11,11,11,11,3517300
7/30/2025,DLTA,2020,2040,2000,2010,273100
7/30/2025,DMAS,142,142,139,139,104216100
7/30/2025,DMMX,382,384,374,378,827400
7/30/2025,DMND,525,645,520,605,1865700
7/30/2025,DNAR,116,119,114,116,8726500
7/30/2025,DNET,9750,10400,9350,9800,40700
7/30/2025,DOID,380,384,362,364,22437800
7/30/2025,DOOH,138,158,137,147,585174600
7/30/2025,DOSS,136,137,132,135,556100
7/30/2025,DPNS,236,238,234,234,74900
7/30/2025,DPUM,50,50,50,50,110900
7/30/2025,DRMA,970,980,955,960,404000
7/30/2025,DSFI,56,70,55,66,93309100
7/30/2025,DSNG,1160,1275,1160,1240,60082600
7/30/2025,DSSA,64950,66250,64375,65175,2660100
7/30/2025,DUCK,0,0,0,0,0
7/30/2025,DUTI,3470,3470,3250,3250,90100
7/30/2025,DVLA,1680,1685,1675,1675,44100
7/30/2025,DWGL,226,254,226,250,1863200
7/30/2025,DYAN,87,88,83,85,9941300
7/30/2025,EAST,96,96,93,94,4592800
7/30/2025,ECII,191,200,187,191,967500
7/30/2025,EDGE,4640,4690,4550,4550,80500
7/30/2025,EKAD,185,187,184,185,889200
7/30/2025,ELIT,193,198,186,187,31183900
7/30/2025,ELPI,346,348,340,348,146400
7/30/2025,ELSA,510,515,486,496,99048300
7/30/2025,ELSADRCJ6A,38,38,38,38,100
7/30/2025,ELSAZPCG6A,40,40,35,36,193600
7/30/2025,ELTY,10,11,10,10,11939600
7/30/2025,EMDE,89,92,87,89,1526000
7/30/2025,EMTK,620,655,600,635,150772700
7/30/2025,EMTKBQCZ5A,94,95,88,88,159600
7/30/2025,EMTKHDCZ5A,75,75,72,72,19100
7/30/2025,EMTKYUCV5A,39,47,38,47,600
7/30/2025,EMTKZPCH6A,47,50,47,48,2248800
7/30/2025,ENAK,710,715,700,715,370500
7/30/2025,ENRG,590,615,570,590,179365200
7/30/2025,ENRGDRCJ6A,86,91,81,84,1304300
7/30/2025,ENRGHDCZ5A,0,0,0,0,0
7/30/2025,ENRGZPCG6A,186,186,185,185,5700
7/30/2025,ENVY,0,0,0,0,0
7/30/2025,ENZO,31,33,31,33,109000
7/30/2025,EPAC,12,12,12,12,1052900
7/30/2025,EPMT,2320,2320,2280,2300,26100
7/30/2025,ERAA,540,540,505,510,91311800
7/30/2025,ERAABQCZ5A,52,52,51,51,5100
7/30/2025,ERAADRCJ6A,0,0,0,0,0
7/30/2025,ERAAHDCZ5A,57,57,57,57,200
7/30/2025,ERAAZPCH6A,0,0,0,0,0
7/30/2025,ERAL,370,380,350,360,114490800
7/30/2025,ERTX,105,107,99,104,2629000
7/30/2025,ESIP,30,30,30,30,733700
7/30/2025,ESSA,630,655,625,635,97197100
7/30/2025,ESSABQCZ5A,63,68,62,68,9600
7/30/2025,ESSAHDCH6A,64,64,63,63,5700
7/30/2025,ESTA,65,65,64,65,143200
7/30/2025,ESTI,35,35,34,34,70900
7/30/2025,ETWA,0,0,0,0,0
7/30/2025,EURO,197,197,189,189,73900
7/30/2025,EXCL,2550,2560,2510,2510,4536400
7/30/2025,EXCLHDCQ5A,0,0,0,0,0
7/30/2025,EXCLZPCF6A,0,0,0,0,0
7/30/2025,FAPA,5600,5625,5600,5625,6300
7/30/2025,FAST,344,376,340,358,23024700
7/30/2025,FASW,0,0,0,0,0
7/30/2025,FILM,1755,1795,1750,1750,13985900
7/30/2025,FIMP,103,103,103,103,215200
7/30/2025,FIRE,78,78,76,77,5184800
7/30/2025,FISH,0,0,0,0,0
7/30/2025,FITT,173,177,167,174,1166000
7/30/2025,FLMC,49,53,48,53,7067700
7/30/2025,FMII,340,410,336,404,2001700
7/30/2025,FOLK,78,79,76,78,1421100
7/30/2025,FOOD,101,101,100,101,2100
7/30/2025,FORE,660,715,650,665,69106500
7/30/2025,FORU,1345,1345,1260,1295,142500
7/30/2025,FPNI,195,196,194,194,193200
7/30/2025,FUJI,436,440,392,416,313700
7/30/2025,FUTR,53,53,51,52,24025900
7/30/2025,FWCT,136,136,134,135,463200
7/30/2025,GAMA,0,0,0,0,0
7/30/2025,GDST,112,113,109,110,2542200
7/30/2025,GDYR,1185,1200,1160,1200,40800
7/30/2025,GEMA,103,114,98,107,78766100
7/30/2025,GEMS,9375,9450,9275,9275,188600
7/30/2025,GGRM,9225,9325,9150,9250,306300
7/30/2025,GGRMZPCG6A,0,0,0,0,0
7/30/2025,GGRP,0,0,0,0,0
7/30/2025,GHON,1600,1630,1600,1625,30200
7/30/2025,GIAA,69,69,68,68,46549000
7/30/2025,GJTL,1115,1125,1115,1115,4826100
7/30/2025,GLOB,50,50,50,50,4100
7/30/2025,GLVA,326,330,310,324,22100
7/30/2025,GMFI,59,59,59,59,1386900
7/30/2025,GMTD,2190,2240,2160,2220,2400
7/30/2025,GOLD,252,258,250,252,9900
7/30/2025,GOLF,206,214,206,212,5782000
7/30/2025,GOLL,0,0,0,0,0
7/30/2025,GOOD,360,366,360,366,423400
7/30/2025,GOTO,59,64,58,64,6540042400
7/30/2025,GOTOBQCZ5A,3,4,3,4,248600
7/30/2025,GOTODRCG6A,11,12,11,12,1685700
7/30/2025,GOTODRCQ5A,2,2,2,2,10000
7/30/2025,GOTOHDCQ5A,0,0,0,0,0
7/30/2025,GOTOM,0,0,0,0,0
7/30/2025,GOTOZPCH6A,30,31,30,31,266800
7/30/2025,GPRA,149,153,148,149,80661700
7/30/2025,GPSO,414,414,394,402,1057800
7/30/2025,GRIA,91,94,91,92,4986500
7/30/2025,GRPH,50,50,50,50,670600
7/30/2025,GRPM,47,48,46,47,1682600
7/30/2025,GRPM-W,12,13,12,13,151500
7/30/2025,GSMF,53,58,53,55,3824700
7/30/2025,GTBO,199,206,197,199,524300
7/30/2025,GTRA,150,150,140,143,2360100
7/30/2025,GTSI,40,40,40,40,1616100
7/30/2025,GULA,266,266,254,262,503000
7/30/2025,GUNA,260,268,256,262,229700
7/30/2025,GWSA,127,129,126,129,420100
7/30/2025,GZCO,113,125,113,119,326034400
7/30/2025,HADE,8,8,8,8,7166200
7/30/2025,HAIS,188,189,188,189,1054500
7/30/2025,HAJJ,120,121,117,119,23116100
7/30/2025,HAJJ-W,15,15,14,15,3218300
7/30/2025,HALO,83,86,76,81,33021900
7/30/2025,HALO-W,9,10,8,10,27568900
7/30/2025,HATM,260,266,258,266,29441500
7/30/2025,HBAT,96,96,96,96,1856400
7/30/2025,HDFA,116,116,109,113,127700
7/30/2025,HDIT,18,18,17,18,86300
7/30/2025,HEAL,1580,1595,1565,1585,6020800
7/30/2025,HEALDRCJ6A,49,49,49,49,100
7/30/2025,HEALHDCH6A,136,136,136,136,800
7/30/2025,HEALZPCH6A,0,0,0,0,0
7/30/2025,HELI,256,258,252,256,532400
7/30/2025,HERO,400,412,400,402,29400
7/30/2025,HEXA,5425,5425,5375,5400,286900
7/30/2025,HGII,156,157,153,155,4264500
7/30/2025,HILL,234,238,220,224,110916500
7/30/2025,HITS,0,0,0,0,0
7/30/2025,HKMU,0,0,0,0,0
7/30/2025,HMSP,600,615,595,610,23925100
7/30/2025,HOKI,91,91,88,88,16395200
7/30/2025,HOME,0,0,0,0,0
7/30/2025,HOMI,202,206,200,206,5049900
7/30/2025,HOPE,123,123,123,123,35180000
7/30/2025,HOTL,0,0,0,0,0
7/30/2025,HRME,23,23,23,23,857200
7/30/2025,HRTA,650,660,635,640,12849900
7/30/2025,HRUM,815,825,805,810,8507700
7/30/2025,HRUMZPCG6A,32,32,32,32,1500
7/30/2025,HUMI,63,63,60,60,52643500
7/30/2025,HUMI-W,10,10,8,9,58603200
7/30/2025,HYGN,145,148,142,148,1880600
7/30/2025,IATA,60,61,60,61,35031800
7/30/2025,IATA-W,30,31,30,31,11800
7/30/2025,IBFN,16,16,16,16,1140500
7/30/2025,IBOS,27,27,26,27,1004300
7/30/2025,IBST,0,0,0,0,0
7/30/2025,ICBP,10050,10100,9800,9925,11795400
7/30/2025,ICBPDRCQ5A,4,8,4,8,41300
7/30/2025,ICBPDRCX6A,0,0,0,0,0
7/30/2025,ICBPHDCQ5A,0,0,0,0,0
7/30/2025,ICBPZPCX5A,0,0,0,0,0
7/30/2025,ICON,40,40,40,40,600
7/30/2025,IDEA,54,57,54,56,1441900
7/30/2025,IDPR,214,222,210,218,671200
7/30/2025,IFII,234,240,222,230,1894600
7/30/2025,IFSH,770,790,760,770,18900
7/30/2025,IGAR,560,560,550,555,400
7/30/2025,IIKP,0,0,0,0,0
7/30/2025,IKAI,9,9,8,9,2473900
7/30/2025,IKAN,63,85,62,85,308611700
7/30/2025,IKBI,484,500,472,486,554700
7/30/2025,IKPM,197,199,196,197,496200
7/30/2025,IMAS,1030,1060,1000,1050,2262200
7/30/2025,IMJS,244,250,234,248,37941700
7/30/2025,IMPC,466,525,466,494,52628100
7/30/2025,INAF,0,0,0,0,0
7/30/2025,INAI,161,162,159,160,427400
7/30/2025,INCF,23,23,23,23,108000
7/30/2025,INCI,620,620,600,605,42500
7/30/2025,INCO,3760,3790,3660,3670,7383900
7/30/2025,INCOBQCQ5A,0,0,0,0,0
7/30/2025,INCOBQCV5A,0,0,0,0,0
7/30/2025,INCODRCQ5A,8,8,5,6,6899200
7/30/2025,INCODRCX5A,93,93,89,89,96200
7/30/2025,INCODRPV5A,42,42,42,42,6600
7/30/2025,INCOHDCQ5A,108,108,102,102,210000
7/30/2025,INCOZPCX5A,146,146,145,145,500700
7/30/2025,INDF,8325,8400,8275,8375,6796700
7/30/2025,INDFBQCV5A,0,0,0,0,0
7/30/2025,INDFDRCQ5A,0,0,0,0,0
7/30/2025,INDFDRCX6A,0,0,0,0,0
7/30/2025,INDFHDCQ5A,0,0,0,0,0
7/30/2025,INDO,195,196,192,194,4992400
7/30/2025,INDR,2390,2450,2350,2370,18100
7/30/2025,INDS,230,236,230,230,363500
7/30/2025,INDX,73,74,70,72,5212900
7/30/2025,INDY,1370,1390,1350,1355,14342100
7/30/2025,INDYZPCG6A,0,0,0,0,0
7/30/2025,INET,324,344,318,324,498310500
7/30/2025,INET-W,226,252,222,236,31825200
7/30/2025,INKP,6775,7250,6750,7125,23514200
7/30/2025,INKPDRCF6A,155,176,152,172,6200
7/30/2025,INKPDRCQ5A,23,30,19,28,136000
7/30/2025,INKPHDCQ5A,14,20,13,20,1630600
7/30/2025,INKPZPCF6A,100,101,100,101,10900
7/30/2025,INOV,87,91,85,88,618600
7/30/2025,INPC,158,167,155,158,33802500
7/30/2025,INPP,780,795,780,795,5700
7/30/2025,INPS,127,130,126,127,425400
7/30/2025,INRU,800,835,790,790,79200
7/30/2025,INTA,12,13,12,13,4371200
7/30/2025,INTD,190,194,186,189,398000
7/30/2025,INTP,5225,5250,5125,5200,1933700
7/30/2025,INTPZPCG6A,36,36,36,36,133400
7/30/2025,IOTF,86,93,86,89,209720900
7/30/2025,IPAC,137,137,132,137,133700
7/30/2025,IPCC,1145,1165,1130,1140,1581400
7/30/2025,IPCM,290,292,286,290,1692600
7/30/2025,IPOL,135,135,134,134,140300
7/30/2025,IPPE,0,0,0,0,0
7/30/2025,IPTV,25,26,25,26,1398900
7/30/2025,IRRA,410,414,404,408,891700
7/30/2025,IRSX,68,68,68,68,17638300
7/30/2025,IRSX-W,2,5,2,5,164325200
7/30/2025,ISAP,12,12,11,11,9318800
7/30/2025,ISAP-W,4,4,3,4,1309500
7/30/2025,ISAT,2270,2270,2140,2160,23752300
7/30/2025,ISATBQCU5A,0,0,0,0,0
7/30/2025,ISATDRCG6A,90,90,90,90,11100
7/30/2025,ISATDRCX5A,59,59,59,59,100
7/30/2025,ISATHDCQ5A,0,0,0,0,0
7/30/2025,ISATZPCF6A,0,0,0,0,0
7/30/2025,ISEA,67,89,66,89,135268800
7/30/2025,ISSP,350,360,340,354,6451400
7/30/2025,ITIC,216,218,214,216,162600
7/30/2025,ITMA,770,795,755,760,80443900
7/30/2025,ITMG,23300,23675,23250,23450,2376600
7/30/2025,JARR,600,680,595,680,63821600
7/30/2025,JAST,65,86,63,86,177696300
7/30/2025,JATI,147,148,143,145,7316700
7/30/2025,JAWA,157,165,152,159,20340900
7/30/2025,JAYA,94,94,93,94,220500
7/30/2025,JECC,965,990,965,985,52500
7/30/2025,JGLE,8,8,8,8,8307200
7/30/2025,JIHD,625,635,600,610,2273500
7/30/2025,JKON,77,77,76,76,1703900
7/30/2025,JMAS,132,144,132,141,14733000
7/30/2025,JPFA,1690,1695,1635,1635,11915900
7/30/2025,JPFABQCZ5A,84,84,84,84,1500
7/30/2025,JPFADRCJ6A,42,42,40,40,42000
7/30/2025,JPFAHDCZ5A,162,162,162,162,9500
7/30/2025,JPFAZPCG6A,0,0,0,0,0
7/30/2025,JRPT,745,745,740,745,243100
7/30/2025,JSKY,0,0,0,0,0
7/30/2025,JSMR,3650,3670,3600,3610,5403300
7/30/2025,JSMRHDCH6A,0,0,0,0,0
7/30/2025,JSMRZPCG6A,0,0,0,0,0
7/30/2025,JSPT,4450,4490,4450,4490,1700
7/30/2025,JTPE,262,264,262,264,5125400
7/30/2025,KAEF,520,535,520,520,2380900
7/30/2025,KAQI,50,50,50,50,104800
7/30/2025,KARW,800,800,800,800,496700
7/30/2025,KAYU,0,0,0,0,0
7/30/2025,KBAG,28,29,28,29,2722300
7/30/2025,KBLI,388,388,382,384,229900
7/30/2025,KBLM,472,476,420,466,4339700
7/30/2025,KBLV,57,57,55,56,3876800
7/30/2025,KBRI,0,0,0,0,0
7/30/2025,KDSI,472,480,460,480,9400
7/30/2025,KDTN,122,123,122,123,1500
7/30/2025,KEEN,795,805,780,790,3372600
7/30/2025,KEJU,630,635,610,615,667300
7/30/2025,KETR,264,264,248,258,1668300
7/30/2025,KIAS,20,21,20,21,41100
7/30/2025,KICI,113,113,109,111,538200
7/30/2025,KIJA,188,188,186,188,71011400
7/30/2025,KING,222,230,220,220,980500
7/30/2025,KING-W,16,17,14,15,45729400
7/30/2025,KINO,1110,1110,1100,1110,3200
7/30/2025,KIOS,51,52,50,51,8865600
7/30/2025,KJEN,109,110,104,107,649700
7/30/2025,KKES,25,25,25,25,140500
7/30/2025,KKGI,358,358,346,350,8214100
7/30/2025,KLAS,142,148,138,147,19699900
7/30/2025,KLBF,1490,1510,1475,1485,18006500
7/30/2025,KLBFBQCV5A,0,0,0,0,0
7/30/2025,KLBFDRCG6A,53,53,53,53,3500
7/30/2025,KLBFDRCQ5A,0,0,0,0,0
7/30/2025,KLBFHDCQ5A,0,0,0,0,0
7/30/2025,KLBFZPCF6A,0,0,0,0,0
7/30/2025,KLIN,173,189,162,187,4776100
7/30/2025,KMDS,615,625,575,585,878400
7/30/2025,KMTR,260,300,260,266,3880800
7/30/2025,KOBX,152,152,145,145,1136100
7/30/2025,KOCI,51,51,50,51,4437700
7/30/2025,KOCI-W,6,6,5,5,287200
7/30/2025,KOIN,65,65,64,64,30300
7/30/2025,KOKA,100,107,95,99,75513300
7/30/2025,KONI,1240,1240,1240,1240,1200
7/30/2025,KOPI,364,368,360,364,431500
7/30/2025,KOTA,14,15,14,15,5921300
7/30/2025,KPIG,171,174,166,173,73929000
7/30/2025,KRAS,286,294,272,278,65384900
7/30/2025,KREN,9,9,9,9,16625800
7/30/2025,KRYA,256,260,240,244,23646700
7/30/2025,KSIX,200,202,199,200,193100
7/30/2025,KUAS,51,52,51,51,2064500
7/30/2025,LABA,0,0,0,0,0
7/30/2025,LABS,127,129,120,120,3952700
7/30/2025,LAJU,50,50,50,50,16100
7/30/2025,LAND,23,23,22,23,884700
7/30/2025,LAPD,68,68,56,56,71554000
7/30/2025,LCGP,0,0,0,0,0
7/30/2025,LCKM,204,228,204,216,76600
7/30/2025,LEAD,74,75,71,72,8898800
7/30/2025,LFLO,258,278,236,258,86400
7/30/2025,LIFE,6850,7925,6700,7825,11700
7/30/2025,LINK,1795,1795,1795,1795,54100
7/30/2025,LION,380,380,370,380,18900
7/30/2025,LIVE,187,192,186,187,13293700
7/30/2025,LMAS,0,0,0,0,0
7/30/2025,LMAX,61,66,60,66,11973800
7/30/2025,LMPI,142,147,141,142,545500
7/30/2025,LMSH,0,0,0,0,0
7/30/2025,LOPI,40,41,39,40,5242700
7/30/2025,LPCK,520,525,496,498,652800
7/30/2025,LPGI,442,450,396,428,257600
7/30/2025,LPIN,376,378,372,376,107600
7/30/2025,LPKR,88,88,86,86,13204500
7/30/2025,LPLI,286,286,270,282,155200
7/30/2025,LPPF,1785,1785,1730,1740,2805200
7/30/2025,LPPS,56,56,53,54,1153900
7/30/2025,LRNA,180,196,174,195,3272800
7/30/2025,LSIP,1310,1450,1300,1385,124997400
7/30/2025,LSIPZPCG6A,75,95,74,84,5166800
7/30/2025,LTLS,865,875,860,870,31800
7/30/2025,LUCK,66,82,65,70,50529900
7/30/2025,LUCY,78,78,70,72,1658500
7/30/2025,MABA,0,0,0,0,0
7/30/2025,MAGP,0,0,0,0,0
7/30/2025,MAHA,141,144,140,140,6547100
7/30/2025,MAIN,695,700,680,685,1874800
7/30/2025,MANG,31,32,31,31,1060000
7/30/2025,MANG-W,24,24,23,24,3200
7/30/2025,MAPA,650,650,635,645,11000500
7/30/2025,MAPADRCJ6A,21,21,21,21,364000
7/30/2025,MAPAHDCZ5A,0,0,0,0,0
7/30/2025,MAPAZPCH6A,0,0,0,0,0
7/30/2025,MAPB,1810,1830,1810,1830,13800
7/30/2025,MAPI,1120,1125,1100,1110,10205400
7/30/2025,MAPIBQCV5A,10,10,9,9,11700
7/30/2025,MAPIDRCQ5A,5,5,5,5,4000
7/30/2025,MAPIDRCX5A,21,23,21,23,7200
7/30/2025,MAPIHDCQ5A,0,0,0,0,0
7/30/2025,MARI,21,22,21,22,3081400
7/30/2025,MARK,655,655,640,645,12887000
7/30/2025,MASA,0,0,0,0,0
7/30/2025,MASB,3350,3400,3300,3300,4700
7/30/2025,MAXI,50,51,50,50,413800
7/30/2025,MAYA,184,186,182,184,2472000
7/30/2025,MBAP,1710,1750,1700,1710,113500
7/30/2025,MBMA,535,545,510,515,125702100
7/30/2025,MBMADRCQ5A,29,30,23,25,5067500
7/30/2025,MBMADRCX5A,60,60,53,53,263500
7/30/2025,MBMAHDCH6A,103,103,103,103,500
7/30/2025,MBMAHDCQ5A,13,13,9,10,4335200
7/30/2025,MBMAZPCX5A,0,0,0,0,0
7/30/2025,MBSS,1720,1720,1510,1580,3200000
7/30/2025,MBTO,97,101,93,96,6737100
7/30/2025,MCAS,1040,1050,1000,1035,87400
7/30/2025,MCOL,4020,4070,3970,4060,119500
7/30/2025,MCOR,66,67,65,66,4455200
7/30/2025,MDIA,26,26,26,26,411400
7/30/2025,MDIY,1280,1280,1260,1275,1882000
7/30/2025,MDKA,2640,2640,2480,2550,72343800
7/30/2025,MDKABQCV5A,0,0,0,0,0
7/30/2025,MDKABQCX5B,0,0,0,0,0
7/30/2025,MDKADRCQ5A,49,50,43,43,2468400
7/30/2025,MDKADRCV5A,114,114,105,105,119100
7/30/2025,MDKAHDCU5A,0,0,0,0,0
7/30/2025,MDKAHDCZ5A,181,181,181,181,4400
7/30/2025,MDKAYUCQ5A,153,153,153,153,300
7/30/2025,MDKAZPCF6A,98,98,93,93,57000
7/30/2025,MDKI,158,165,158,161,1099400
7/30/2025,MDLA,186,187,183,186,8007900
7/30/2025,MDLN,50,52,50,50,9979400
7/30/2025,MDRN,7,8,7,7,2548800
7/30/2025,MEDC,1340,1350,1320,1325,55684900
7/30/2025,MEDCBQCV5A,99,99,95,96,8242100
7/30/2025,MEDCBQCX5B,57,57,57,57,200
7/30/2025,MEDCBQCZ5A,55,55,55,55,24500
7/30/2025,MEDCDRCG6A,49,50,47,47,1093000
7/30/2025,MEDCDRCQ5A,51,53,49,49,1210800
7/30/2025,MEDCDRPV5A,34,34,34,34,100
7/30/2025,MEDCHDCH6A,110,111,108,108,197700
7/30/2025,MEDCHDCQ5A,96,96,90,91,140000
7/30/2025,MEDCZPCF6A,49,49,47,47,8200
7/30/2025,MEDS,50,50,50,50,142500
7/30/2025,MEGA,3340,3340,3270,3310,2400
7/30/2025,MEJA,48,51,48,50,7552000
7/30/2025,MEJA-W,6,6,5,5,7094700
7/30/2025,MENN,47,47,46,47,14042200
7/30/2025,MERI,316,320,298,298,29729800
7/30/2025,MERK,2910,2910,2880,2890,49000
7/30/2025,META,0,0,0,0,0
7/30/2025,MFIN,0,0,0,0,0
7/30/2025,MFMI,0,0,0,0,0
7/30/2025,MGLV,655,725,655,725,917800
7/30/2025,MGNA,33,33,33,33,304600
7/30/2025,MGNA-W,17,17,17,17,2500
7/30/2025,MGRO,735,740,715,720,6895900
7/30/2025,MHKI,139,139,132,138,1178000
7/30/2025,MICE,474,480,466,476,5500
7/30/2025,MIDI,430,432,420,428,14592500
7/30/2025,MIKA,2470,2470,2420,2430,4200400
7/30/2025,MIKAZPCG6A,29,29,29,29,100
7/30/2025,MINA,137,143,126,130,658300400
7/30/2025,MINE,498,500,492,496,4149100
7/30/2025,MIRA,27,29,27,29,8668600
7/30/2025,MITI,188,189,184,184,354300
7/30/2025,MKAP,352,354,348,348,309400
7/30/2025,MKNT,0,0,0,0,0
7/30/2025,MKPI,23075,23125,22025,23000,10200
7/30/2025,MKTR,110,116,107,110,5109800
7/30/2025,MKTR-W,7,8,6,7,6499100
7/30/2025,MLBI,6025,6025,5925,6000,272000
7/30/2025,MLIA,322,330,320,328,6148800
7/30/2025,MLPL,112,112,106,108,59941600
7/30/2025,MLPT,41450,44975,38850,39075,103700
7/30/2025,MMIX,234,240,230,232,10821100
7/30/2025,MMLP,530,550,530,545,13003200
7/30/2025,MNCN,254,256,250,254,18512700
7/30/2025,MOLI,202,216,198,206,1772100
7/30/2025,MORA,378,378,376,378,53800
7/30/2025,MPIX,65,67,64,64,2918800
7/30/2025,MPIX-W,8,8,7,8,333100
7/30/2025,MPMX,970,975,955,960,7832200
7/30/2025,MPOW,120,127,118,126,6386900
7/30/2025,MPPA,64,64,60,60,54242400
7/30/2025,MPRO,2240,2350,2240,2300,570000
7/30/2025,MPXL,107,109,107,108,2108800
7/30/2025,MRAT,254,260,250,252,65400
7/30/2025,MREI,1015,1025,990,1000,207000
7/30/2025,MSIE,25,26,23,24,8617800
7/30/2025,MSIN,496,496,484,490,15247300
7/30/2025,MSJA,314,360,300,300,2490200
7/30/2025,MSKY,54,54,53,53,2291600
7/30/2025,MSTI,1545,1545,1500,1525,5093100
7/30/2025,MTDL,575,585,560,585,11995900
7/30/2025,MTEL,570,585,565,570,10510000
7/30/2025,MTFN,0,0,0,0,0
7/30/2025,MTLA,446,448,440,448,18700
7/30/2025,MTMH,920,920,870,885,500100
7/30/2025,MTPS,40,40,39,39,1001100
7/30/2025,MTRA,0,0,0,0,0
7/30/2025,MTSM,0,0,0,0,0
7/30/2025,MTWI,332,332,322,328,800500
7/30/2025,MUTU,91,93,90,92,1552100
7/30/2025,MUTU-W,1,1,1,1,2383600
7/30/2025,MYOH,1705,1705,1680,1700,65500
7/30/2025,MYOR,2210,2220,2150,2170,15588800
7/30/2025,MYORZPCH6A,42,44,42,44,456100
7/30/2025,MYTX,0,0,0,0,0
7/30/2025,NAIK,160,161,158,160,4407400
7/30/2025,NAIK-W,28,30,28,30,2611700
7/30/2025,NANO,22,22,21,22,4259400
7/30/2025,NASA,17,17,16,16,250400
7/30/2025,NASI,89,91,88,88,9338100
7/30/2025,NATO,142,147,140,141,19700
7/30/2025,NAYZ,41,41,39,40,2223900
7/30/2025,NCKL,725,725,705,710,25914800
7/30/2025,NELY,372,372,356,364,3358300
7/30/2025,NEST,306,306,302,302,3286500
7/30/2025,NETV,143,144,139,142,925300
7/30/2025,NFCX,1885,1940,1850,1900,67500
7/30/2025,NICE,444,456,440,444,6387500
7/30/2025,NICK,1475,1475,1400,1420,449500
7/30/2025,NICL,1110,1130,1105,1120,12610700
7/30/2025,NIKL,236,240,228,228,751900
7/30/2025,NINE,111,111,111,111,8149800
7/30/2025,NIRO,124,124,123,123,600
7/30/2025,NISP,1345,1350,1335,1340,3387500
7/30/2025,NOBU,540,540,520,520,9158900
7/30/2025,NPGF,51,52,50,51,5533900
7/30/2025,NRCA,0,0,0,0,0
7/30/2025,NSSS,396,408,388,398,9823800
7/30/2025,NTBK,50,50,50,50,6100
7/30/2025,NUSA,0,0,0,0,0
7/30/2025,NZIA,89,97,86,92,19796100
7/30/2025,OASA,202,202,194,200,110197800
7/30/2025,OBAT,430,432,416,424,4408400
7/30/2025,OBAT-W,71,76,69,71,6988600
7/30/2025,OBMD,194,198,194,195,899200
7/30/2025,OCAP,0,0,0,0,0
7/30/2025,OILS,105,114,104,111,7167300
7/30/2025,OKAS,246,300,228,286,15063000
7/30/2025,OLIV,22,22,21,22,1731100
7/30/2025,OMED,180,180,177,179,1519900
7/30/2025,OMRE,412,462,412,462,700
7/30/2025,OPMS,67,69,66,68,3015500
7/30/2025,PACK,3710,3780,3660,3670,2071400
7/30/2025,PADA,17,17,17,17,9229700
7/30/2025,PADI,36,37,36,37,4834100
7/30/2025,PALM,390,424,386,412,2657900
7/30/2025,PAMG,76,77,73,74,33241200
7/30/2025,PANI,15800,16800,15775,16025,20871700
7/30/2025,PANIHDCZ5A,244,266,242,246,2794500
7/30/2025,PANR,660,695,640,690,19741600
7/30/2025,PANS,1440,1450,1430,1430,265400
7/30/2025,PART,133,135,129,134,16317800
7/30/2025,PART-W,29,34,28,30,26568000
7/30/2025,PBID,488,490,470,476,4083300
7/30/2025,PBRX,20,20,20,20,12909800
7/30/2025,PBSA,370,370,368,368,428300
7/30/2025,PCAR,26,26,26,26,5685100
7/30/2025,PDES,450,450,450,450,6600
7/30/2025,PDPP,484,484,462,470,745300
7/30/2025,PEGE,115,117,114,115,2380800
7/30/2025,PEHA,330,376,330,348,1756300
7/30/2025,PEVE,384,386,378,380,174900
7/30/2025,PGAS,1630,1635,1620,1620,18905400
7/30/2025,PGASBQCU5A,0,0,0,0,0
7/30/2025,PGASBQCZ5A,64,64,64,64,1000
7/30/2025,PGASDRCG6A,0,0,0,0,0
7/30/2025,PGASDRCQ5A,0,0,0,0,0
7/30/2025,PGASHDCQ5A,0,0,0,0,0
7/30/2025,PGASYUCQ5A,71,71,71,71,100
7/30/2025,PGEO,1830,1835,1680,1705,250404500
7/30/2025,PGEOBQCX5B,96,96,79,79,40000
7/30/2025,PGEODRCJ6A,83,83,72,72,3596600
7/30/2025,PGEODRCQ5A,146,147,128,128,1570100
7/30/2025,PGEODRPV5A,24,26,24,26,131100
7/30/2025,PGEOHDCH6A,112,112,99,99,515600
7/30/2025,PGEOHDCH6B,123,123,111,111,205500
7/30/2025,PGEOHDCQ5A,145,147,132,132,250200
7/30/2025,PGJO,0,0,0,0,0
7/30/2025,PGLI,200,224,170,193,17771300
7/30/2025,PGUN,1150,1425,1150,1425,1221000
7/30/2025,PICO,128,130,127,128,488800
7/30/2025,PIPA,75,75,75,75,7534800
7/30/2025,PJAA,482,482,450,472,607200
7/30/2025,PKPK,670,700,625,650,605000
7/30/2025,PLAN,39,40,38,39,267700
7/30/2025,PLAS,0,0,0,0,0
7/30/2025,PLIN,0,0,0,0,0
7/30/2025,PMJS,130,141,125,134,12699700
7/30/2025,PMMP,0,0,0,0,0
7/30/2025,PMUI,123,126,121,124,14464900
7/30/2025,PNBN,1140,1145,1130,1130,5889600
7/30/2025,PNBS,50,50,50,50,95300
7/30/2025,PNGO,2410,2950,2390,2810,571100
7/30/2025,PNIN,900,905,890,900,212000
7/30/2025,PNLF,260,262,256,260,56650600
7/30/2025,PNLFDRCJ6A,0,0,0,0,0
7/30/2025,PNLFHDCZ5A,0,0,0,0,0
7/30/2025,PNLFYUCV5A,15,16,15,16,12300
7/30/2025,PNLFZPCH6A,0,0,0,0,0
7/30/2025,PNSE,750,765,750,750,35700
7/30/2025,POLA,18,18,18,18,2444500
7/30/2025,POLI,0,0,0,0,0
7/30/2025,POLL,0,0,0,0,0
7/30/2025,POLU,0,0,0,0,0
7/30/2025,POLY,17,17,17,17,383300
7/30/2025,POOL,0,0,0,0,0
7/30/2025,PORT,1070,1070,930,995,334000
7/30/2025,POSA,0,0,0,0,0
7/30/2025,POWR,690,690,685,685,966400
7/30/2025,PPGL,98,98,97,98,101500
7/30/2025,PPRE,58,59,56,57,1609100
7/30/2025,PPRI,132,182,131,149,16140200
7/30/2025,PPRO,0,0,0,0,0
7/30/2025,PRAY,615,620,615,620,4000
7/30/2025,PRDA,2950,2960,2920,2940,248000
7/30/2025,PRIM,60,62,59,60,4806400
7/30/2025,PSAB,422,426,410,410,80614300
7/30/2025,PSAT,1750,1760,1670,1675,4897100
7/30/2025,PSDN,76,97,76,82,20831800
7/30/2025,PSGO,193,240,191,220,24832300
7/30/2025,PSKT,45,45,45,45,3426300
7/30/2025,PSSI,348,352,346,346,327200
7/30/2025,PTBA,2460,2470,2440,2450,7429700
7/30/2025,PTBABQCV5A,0,0,0,0,0
7/30/2025,PTBADRCG6A,34,34,34,34,3500
7/30/2025,PTBADRCQ5A,17,17,17,17,1000
7/30/2025,PTBAHDCQ5A,0,0,0,0,0
7/30/2025,PTBAZPCH6A,0,0,0,0,0
7/30/2025,PTDU,0,0,0,0,0
7/30/2025,PTIS,348,366,348,362,295000
7/30/2025,PTMP,100,119,96,113,436545500
7/30/2025,PTMR,0,0,0,0,0
7/30/2025,PTPP,404,408,390,396,34543100
7/30/2025,PTPS,163,173,152,163,134503400
7/30/2025,PTPW,960,960,955,955,20900
7/30/2025,PTRO,3900,3950,3800,3820,41644400
7/30/2025,PTSN,218,272,218,240,11529200
7/30/2025,PTSP,975,975,950,950,3600
7/30/2025,PUDP,214,214,206,208,19600
7/30/2025,PURA,14,14,14,14,5346500
7/30/2025,PURE,0,0,0,0,0
7/30/2025,PURI,185,186,183,185,49100
7/30/2025,PWON,368,374,362,364,100665500
7/30/2025,PWONHDCZ5A,0,0,0,0,0
7/30/2025,PWONZPCH6A,0,0,0,0,0
7/30/2025,PYFA,440,490,440,458,161681000
7/30/2025,PYFA-W,96,104,94,96,6012100
7/30/2025,PZZA,164,165,161,163,571200
7/30/2025,R-ABFII,0,0,0,0,0
7/30/2025,R-LQ45X,985,985,978,978,21400
7/30/2025,RAAM,256,258,250,256,15114100
7/30/2025,RAFI,0,0,0,0,0
7/30/2025,RAJA,2520,2620,2510,2530,68157800
7/30/2025,RALS,408,408,390,394,15636400
7/30/2025,RANC,412,412,410,412,7200
7/30/2025,RATU,7300,7775,7225,7475,24744200
7/30/2025,RBMS,24,25,24,25,3000
7/30/2025,RCCC,113,113,107,107,320300
7/30/2025,RDTX,12350,12350,12000,12125,6000
7/30/2025,REAL,45,48,45,47,5356600
7/30/2025,RELF,20,20,19,20,1293300
7/30/2025,RELI,750,750,705,730,67200
7/30/2025,RGAS,116,119,109,110,61900000
7/30/2025,RICY,35,35,32,32,171800
7/30/2025,RIGS,790,795,780,790,129700
7/30/2025,RIMO,0,0,0,0,0
7/30/2025,RISE,1050,1050,1045,1050,469700
7/30/2025,RMKE,530,535,525,530,371200
7/30/2025,RMKO,101,103,100,101,151700
7/30/2025,ROCK,424,424,424,424,83200
7/30/2025,RODA,30,32,30,32,150400
7/30/2025,RONY,0,0,0,0,0
7/30/2025,ROTI,820,820,810,815,3632800
7/30/2025,RSCH,452,460,448,450,5035900
7/30/2025,RSGK,0,0,0,0,0
7/30/2025,RUIS,290,298,230,240,45344500
7/30/2025,RUNS,63,64,56,58,424500
7/30/2025,SAFE,228,228,214,220,2637200
7/30/2025,SAGE,15,15,15,15,3985700
7/30/2025,SAME,258,264,252,256,1407600
7/30/2025,SAMF,340,378,334,342,1800700
7/30/2025,SAPX,296,300,296,296,85200
7/30/2025,SATU,232,236,232,236,6487100
7/30/2025,SBAT,0,0,0,0,0
7/30/2025,SBMA,119,122,117,117,10037000
7/30/2025,SCCO,2180,2210,2150,2190,66000
7/30/2025,SCMA,192,195,189,193,170184900
7/30/2025,SCMABQCZ5A,0,0,0,0,0
7/30/2025,SCMAHDCZ5A,0,0,0,0,0
7/30/2025,SCMAZPCG6A,70,70,68,70,21200
7/30/2025,SCNP,174,174,161,164,193600
7/30/2025,SCPI,0,0,0,0,0
7/30/2025,SDMU,38,38,38,38,1794200
7/30/2025,SDPC,129,130,129,130,67700
7/30/2025,SDRA,298,316,298,304,408900
7/30/2025,SEMA,86,87,85,87,443500
7/30/2025,SFAN,1915,1925,1915,1920,99000
7/30/2025,SGER,358,358,330,336,95167000
7/30/2025,SGRO,2930,3050,2930,3000,5801600
7/30/2025,SHID,1010,1050,980,990,233900
7/30/2025,SHIP,2920,2990,2900,2970,28600
7/30/2025,SICO,116,117,111,113,8759200
7/30/2025,SIDO,520,520,510,520,16177200
7/30/2025,SILO,2130,2130,2050,2100,1092700
7/30/2025,SIMA,0,0,0,0,0
7/30/2025,SIMP,580,720,580,685,177905700
7/30/2025,SINI,3530,3530,3530,3530,20700
7/30/2025,SIPD,745,745,745,745,12000
7/30/2025,SKBM,332,352,332,346,162000
7/30/2025,SKLT,189,189,187,188,37000
7/30/2025,SKRN,402,430,398,398,1493700
7/30/2025,SKYB,0,0,0,0,0
7/30/2025,SLIS,50,50,50,50,381300
7/30/2025,SLIS-W,7,7,6,7,109000
7/30/2025,SMAR,3620,4000,3620,3790,892600
7/30/2025,SMBR,310,314,298,302,53483900
7/30/2025,SMCB,0,0,0,0,0
7/30/2025,SMDM,800,810,765,790,306300
7/30/2025,SMDR,350,354,338,340,31929000
7/30/2025,SMGA,82,83,80,81,27966100
7/30/2025,SMGR,2570,2600,2500,2510,7363900
7/30/2025,SMGRBQCU5A,12,12,9,11,38300
7/30/2025,SMGRBQCX5B,0,0,0,0,0
7/30/2025,SMGRBQCZ5A,0,0,0,0,0
7/30/2025,SMGRDRCQ5A,1,1,1,1,1000
7/30/2025,SMGRDRCV5A,47,47,43,46,6738900
7/30/2025,SMGRHDCZ5A,0,0,0,0,0
7/30/2025,SMIL,302,322,300,314,140698400
7/30/2025,SMKL,162,162,155,160,228300
7/30/2025,SMKM,75,75,71,71,5078500
7/30/2025,SMLE,122,126,122,126,1123200
7/30/2025,SMMA,20025,22550,16050,16400,1108200
7/30/2025,SMMT,1095,1160,1010,1145,2093800
7/30/2025,SMRA,418,422,410,416,48936600
7/30/2025,SMRADRCJ6A,28,28,28,28,205000
7/30/2025,SMRAHDCZ5A,0,0,0,0,0
7/30/2025,SMRAZPCH6A,53,55,53,55,40900
7/30/2025,SMRU,0,0,0,0,0
7/30/2025,SMSM,1920,1965,1920,1960,1458000
7/30/2025,SNLK,510,520,500,515,9615700
7/30/2025,SOCI,181,187,178,181,11210800
7/30/2025,SOFA,53,56,49,51,10905900
7/30/2025,SOHO,705,705,705,705,3300
7/30/2025,SOLA,137,141,133,139,79631000
7/30/2025,SONA,3220,3220,3170,3180,24700
7/30/2025,SOSS,426,426,412,422,1900
7/30/2025,SOTS,266,272,260,266,51100
7/30/2025,SOUL,49,49,42,45,7961900
7/30/2025,SPMA,272,276,270,276,160700
7/30/2025,SPRE,92,92,85,86,796600
7/30/2025,SPTO,700,705,690,700,364900
7/30/2025,SQMI,0,0,0,0,0
7/30/2025,SRAJ,4580,4700,4580,4600,366000
7/30/2025,SRIL,0,0,0,0,0
7/30/2025,SRSN,50,51,50,51,241000
7/30/2025,SRTG,1935,1960,1910,1920,11661400
7/30/2025,SRTGZPCG6A,116,116,115,115,60000
7/30/2025,SSIA,2770,2790,2700,2700,46901700
7/30/2025,SSMS,1310,1415,1310,1415,17287300
7/30/2025,SSTM,163,220,154,220,2326700
7/30/2025,STAA,935,1040,930,975,23124300
7/30/2025,STAR,27,29,27,29,219200
7/30/2025,STRK,112,127,109,121,226056500
7/30/2025,STTP,10500,10600,10500,10500,300
7/30/2025,SUGI,0,0,0,0,0
7/30/2025,SULI,107,108,104,104,1551200
7/30/2025,SUNI,930,945,790,820,2766400
7/30/2025,SUPR,0,0,0,0,0
7/30/2025,SURE,2420,2520,2420,2520,2100
7/30/2025,SURI,120,133,102,111,226163400
7/30/2025,SWAT,0,0,0,0,0
7/30/2025,SWID,90,109,90,109,75297900
7/30/2025,TALF,298,298,294,298,22700
7/30/2025,TAMA,26,26,26,26,16300
7/30/2025,TAMU,14,14,14,14,2344200
7/30/2025,TAPG,1425,1465,1405,1435,28817200
7/30/2025,TAPGDRCJ6A,65,70,65,67,559300
7/30/2025,TAPGHDCH6A,178,179,178,179,5800
7/30/2025,TAPGZPCH6A,84,89,84,89,400
7/30/2025,TARA,10,10,10,10,3260800
7/30/2025,TAXI,6,7,6,6,6992400
7/30/2025,TAYS,50,50,50,50,33000
7/30/2025,TBIG,2000,2010,1965,1965,253200
7/30/2025,TBLA,820,895,815,875,31435100
7/30/2025,TBMS,1090,1090,1035,1050,132700
7/30/2025,TCID,2500,2510,2440,2440,26400
7/30/2025,TCPI,5950,6150,5850,6150,8811000
7/30/2025,TDPM,0,0,0,0,0
7/30/2025,TEBE,1050,1300,1040,1300,27780500
7/30/2025,TECH,0,0,0,0,0
7/30/2025,TELE,0,0,0,0,0
7/30/2025,TFAS,120,122,114,119,903900
7/30/2025,TFCO,0,0,0,0,0
7/30/2025,TGKA,6000,6000,6000,6000,900
7/30/2025,TGRA,0,0,0,0,0
7/30/2025,TGUK,0,0,0,0,0
7/30/2025,TIFA,565,585,530,545,12800
7/30/2025,TINS,1035,1065,1025,1030,19196300
7/30/2025,TIRA,1820,1855,1770,1840,353200
7/30/2025,TIRT,0,0,0,0,0
7/30/2025,TKIM,6150,6550,6150,6400,6329400
7/30/2025,TKIMZPCG6A,75,88,75,84,733300
7/30/2025,TLDN,635,775,635,675,6731500
7/30/2025,TLKM,2890,2890,2850,2880,99062400
7/30/2025,TLKMBQCQ5A,0,0,0,0,0
7/30/2025,TLKMBQCV5A,0,0,0,0,0
7/30/2025,TLKMDRCJ6A,67,69,67,69,63200
7/30/2025,TLKMDRCQ5A,0,0,0,0,0
7/30/2025,TLKMDRCQ5B,92,92,92,92,100
7/30/2025,TLKMDRCX6A,0,0,0,0,0
7/30/2025,TLKMHDCQ5A,0,0,0,0,0
7/30/2025,TLKMHDCV5A,0,0,0,0,0
7/30/2025,TLKMYUCQ5A,93,93,90,90,300
7/30/2025,TLKMZPCF6A,82,82,82,82,12100
7/30/2025,TMAS,130,132,129,130,860400
7/30/2025,TMPO,151,155,150,150,4212100
7/30/2025,TNCA,135,137,134,136,673400
7/30/2025,TOBA,1135,1195,1105,1150,330871500
7/30/2025,TOOL,50,51,50,51,1182000
7/30/2025,TOPS,0,0,0,0,0
7/30/2025,TOSK,50,50,50,50,629200
7/30/2025,TOTL,755,760,735,755,4276500
7/30/2025,TOTO,244,246,240,244,3067900
7/30/2025,TOWR,680,680,660,660,39436700
7/30/2025,TOYS,0,0,0,0,0
7/30/2025,TPIA,9400,9400,9275,9275,4234600
7/30/2025,TPMA,600,600,585,600,7343500
7/30/2025,TRAM,0,0,0,0,0
7/30/2025,TRGU,193,194,186,193,40600
7/30/2025,TRIL,0,0,0,0,0
7/30/2025,TRIM,378,378,368,368,545100
7/30/2025,TRIN,104,104,101,102,424700
7/30/2025,TRIN-W2,0,0,0,0,0
7/30/2025,TRIO,0,0,0,0,0
7/30/2025,TRIS,180,184,176,183,181700
7/30/2025,TRJA,139,139,135,138,454200
7/30/2025,TRON,101,104,100,103,1742600
7/30/2025,TRST,492,494,490,494,34900
7/30/2025,TRUE,19,20,19,20,894900
7/30/2025,TRUK,150,150,145,147,695300
7/30/2025,TRUS,446,458,446,452,7600
7/30/2025,TSPC,2250,2270,2230,2230,1416400
7/30/2025,TUGU,980,985,970,980,2217900
7/30/2025,TYRE,128,132,127,131,117200
7/30/2025,UANG,208,208,200,202,380900
7/30/2025,UCID,494,496,490,492,3254600
7/30/2025,UDNG,1220,1260,1120,1180,308400
7/30/2025,UFOE,178,178,173,173,17600
7/30/2025,ULTJ,1300,1305,1285,1300,12544900
7/30/2025,UNIC,7950,7950,7925,7925,3000
7/30/2025,UNIQ,378,392,376,384,46340500
7/30/2025,UNIT,0,0,0,0,0
7/30/2025,UNSP,129,130,129,129,1182500
7/30/2025,UNTD,76,78,76,76,6806700
7/30/2025,UNTR,24200,24400,24150,24375,3178000
7/30/2025,UNTRBQCV5A,0,0,0,0,0
7/30/2025,UNTRDRCG6A,135,135,135,135,13000
7/30/2025,UNTRDRCQ5A,33,33,33,33,26800
7/30/2025,UNTRHDCQ5A,0,0,0,0,0
7/30/2025,UNVR,1555,1560,1525,1530,16040100
7/30/2025,UNVRBQCQ5A,7,8,5,8,8194100
7/30/2025,UNVRBQCU5A,0,0,0,0,0
7/30/2025,UNVRBQCZ5A,73,74,73,74,200
7/30/2025,UNVRDRCG6A,32,33,32,33,802100
7/30/2025,UNVRDRCQ5A,0,0,0,0,0
7/30/2025,UNVRHDCQ5A,165,165,160,160,3800
7/30/2025,UNVRHDPG6A,140,142,140,142,13100
7/30/2025,UNVRZPCH6A,0,0,0,0,0
7/30/2025,URBN,133,134,129,132,21100
7/30/2025,UVCR,74,74,72,74,1316100
7/30/2025,VAST,232,232,199,199,15141100
7/30/2025,VAST-W,15,15,14,14,15510000
7/30/2025,VERN,178,181,168,170,11195800
7/30/2025,VERN-W,6,7,5,6,49442300
7/30/2025,VICI,635,640,630,635,477000
7/30/2025,VICO,163,166,160,160,520000
7/30/2025,VINS,115,115,111,114,71900
7/30/2025,VISI,144,146,143,144,2433000
7/30/2025,VIVA,15,15,15,15,40095800
7/30/2025,VKTR,85,86,82,84,19061300
7/30/2025,VOKS,190,191,188,189,26600
7/30/2025,VRNA,72,72,68,72,708400
7/30/2025,VTNY,94,94,92,93,7890500
7/30/2025,WAPO,148,151,145,147,2224800
7/30/2025,WEGE,51,52,50,52,7606100
7/30/2025,WEHA,110,111,109,110,280900
7/30/2025,WGSH,160,160,154,156,706800
7/30/2025,WICO,0,0,0,0,0
7/30/2025,WIDI,19,20,19,20,2500100
7/30/2025,WIFI,2850,3010,2830,2890,213483800
7/30/2025,WIIM,830,840,810,810,2877400
7/30/2025,WIKA,0,0,0,0,0
7/30/2025,WINE,214,230,212,218,1880200
7/30/2025,WINR,26,26,25,26,1408500
7/30/2025,WINS,386,386,374,380,4011800
7/30/2025,WIRG,118,121,113,113,685950600
7/30/2025,WMPP,0,0,0,0,0
7/30/2025,WMUU,11,11,11,11,6399800
7/30/2025,WOMF,356,356,348,354,10700
7/30/2025,WOOD,420,422,400,404,5029100
7/30/2025,WOWS,56,56,55,56,770700
7/30/2025,WSBP,13,13,12,13,6762200
7/30/2025,WSKT,0,0,0,0,0
7/30/2025,WTON,90,92,89,91,2284800
7/30/2025,XAQA,0,0,0,0,0
7/30/2025,XBES,1079,1079,1074,1074,11700
7/30/2025,XBID,511,511,508,508,46900
7/30/2025,XBIG,0,0,0,0,0
7/30/2025,XBIN,569,569,569,569,40000
7/30/2025,XBLQ,489,489,488,488,1200
7/30/2025,XBNI,0,0,0,0,0
7/30/2025,XBSK,434,434,434,434,40000
7/30/2025,XCEG,103,103,103,103,1600
7/30/2025,XCID,100,100,85,90,849500
7/30/2025,XCIS,102,137,102,137,135200
7/30/2025,XCLQ,89,89,87,88,1100
7/30/2025,XDIF,0,0,0,0,0
7/30/2025,XIFE,109,109,93,93,1700
7/30/2025,XIHD,625,625,620,620,1200
7/30/2025,XIIC,0,0,0,0,0
7/30/2025,XIID,0,0,0,0,0
7/30/2025,XIIF,463,465,463,464,1200
7/30/2025,XIIT,500,520,500,511,8400
7/30/2025,XIJI,625,630,621,621,1300
7/30/2025,XILV,120,120,118,119,1400
7/30/2025,XIML,0,0,0,0,0
7/30/2025,XIPB,199,199,199,199,300
7/30/2025,XIPI,223,223,219,219,700
7/30/2025,XISB,0,0,0,0,0
7/30/2025,XISC,753,753,745,745,20000000
7/30/2025,XISI,348,348,348,348,100
7/30/2025,XISR,434,434,432,432,4100
7/30/2025,XKID,942,942,942,942,100
7/30/2025,XKIV,562,564,562,563,40500
7/30/2025,XKMS,1154,1154,1148,1149,200100
7/30/2025,XMGB,1106,1106,1106,1106,600
7/30/2025,XMIG,216,216,215,215,200
7/30/2025,XMLF,879,879,879,879,40000
7/30/2025,XMSK,378,378,375,375,6800
7/30/2025,XNVE,0,0,0,0,0
7/30/2025,XPDV,605,605,605,605,600
7/30/2025,XPFT,0,0,0,0,0
7/30/2025,XPIN,624,624,614,614,800
7/30/2025,XPLQ,0,0,0,0,0
7/30/2025,XPSG,0,0,0,0,0
7/30/2025,XPTD,680,680,464,680,9700
7/30/2025,XSBC,401,401,401,401,6300
7/30/2025,XSPI,0,0,0,0,0
7/30/2025,XSSI,102,136,102,136,519400
7/30/2025,XSSK,675,675,675,675,20000
7/30/2025,YELO,25,26,25,26,5657100
7/30/2025,YOII,92,94,91,92,2911100
7/30/2025,YPAS,0,0,0,0,0
7/30/2025,YULE,2700,2700,2640,2700,25400
7/30/2025,YUPI,1740,1740,1715,1735,83400
7/30/2025,ZATA,9,9,9,9,3400000
7/30/2025,ZBRA,0,0,0,0,0
7/30/2025,ZINC,10,10,10,10,33793200
7/30/2025,ZONE,810,820,800,810,128500
7/30/2025,ZYRX,130,137,129,134,3573900
