<date>,<ticker>,<open>,<high>,<low>,<close>,<volume>
9/3/2025,IHSG,7843.632,7911.618,7840.751,7885.863,35662443100
9/3/2025,IDX30,0.000,0.000,0.000,0.000,0
9/3/2025,IDX80,0.000,0.000,0.000,0.000,0
9/3/2025,AADI,7175,7475,7125,7175,30661000
9/3/2025,AALI,7375,7450,7275,7300,1578400
9/3/2025,ABBA,43,43,42,42,734200
9/3/2025,ABDA,0,0,0,0,0
9/3/2025,ABMM,2940,2970,2920,2960,669500
9/3/2025,ACES,444,446,434,436,75954900
9/3/2025,ACESBQCV5A,2,3,1,1,4899700
9/3/2025,ACESBQCX5B,0,0,0,0,0
9/3/2025,ACESBQCZ5A,21,21,20,21,5920000
9/3/2025,ACESDRCJ6A,15,15,14,14,190100
9/3/2025,ACESHDCZ5A,0,0,0,0,0
9/3/2025,ACESZPCJ6A,1,20,1,20,7900
9/3/2025,ACRO,86,88,83,84,10604400
9/3/2025,ACRO-W,13,14,12,12,24118900
9/3/2025,ACST,149,168,149,156,149197900
9/3/2025,ADCP,58,75,55,69,1511227000
9/3/2025,ADES,13775,13950,13675,13675,10900
9/3/2025,ADHI,268,300,266,294,130272900
9/3/2025,ADMF,9000,9000,8975,9000,31400
9/3/2025,ADMG,148,156,140,150,5097600
9/3/2025,ADMR,1000,1035,995,1025,33131700
9/3/2025,ADMRDRCJ6A,34,34,34,34,16000
9/3/2025,ADMRHDCJ6A,56,56,55,56,1100
9/3/2025,ADMRZPCH6A,0,0,0,0,0
9/3/2025,ADRO,1725,1770,1720,1730,80794900
9/3/2025,ADROBQCU5A,3,4,2,2,7053300
9/3/2025,ADROBQCZ5A,18,18,17,17,18800
9/3/2025,ADRODRCJ6A,62,62,58,58,11200
9/3/2025,ADRODRCX5A,38,38,36,36,140700
9/3/2025,ADROHDCZ5A,0,0,0,0,0
9/3/2025,ADROHDPH6A,0,0,0,0,0
9/3/2025,ADROYUCZ5A,0,0,0,0,0
9/3/2025,ADROZPCF6A,0,0,0,0,0
9/3/2025,AEGS,44,50,43,46,438976100
9/3/2025,AGAR,258,258,246,250,29500
9/3/2025,AGII,840,840,825,835,382100
9/3/2025,AGRO,234,236,232,236,6693400
9/3/2025,AGRS,78,79,77,78,5399900
9/3/2025,AHAP,80,82,78,79,10914300
9/3/2025,AIMS,324,326,324,326,10500
9/3/2025,AISA,117,123,117,121,8303300
9/3/2025,AKKU,0,0,0,0,0
9/3/2025,AKPI,560,560,555,555,9900
9/3/2025,AKRA,1210,1240,1205,1235,20502900
9/3/2025,AKRABQCX5B,0,0,0,0,0
9/3/2025,AKRADRCX5A,35,35,35,35,100
9/3/2025,AKRAHDCH6A,0,0,0,0,0
9/3/2025,AKRAZPCJ6A,0,0,0,0,0
9/3/2025,AKRAZPCX5A,0,0,0,0,0
9/3/2025,AKSI,248,250,244,248,87800
9/3/2025,ALDO,492,500,492,500,119300
9/3/2025,ALII,550,550,530,530,1554900
9/3/2025,ALKA,320,328,314,318,65500
9/3/2025,ALMI,0,0,0,0,0
9/3/2025,ALTO,0,0,0,0,0
9/3/2025,AMAG,370,370,366,370,97300
9/3/2025,AMAN,120,134,120,125,5726100
9/3/2025,AMAR,212,214,208,208,382900
9/3/2025,AMFG,3240,3330,3240,3330,50100
9/3/2025,AMIN,222,230,218,226,1459100
9/3/2025,AMMN,8175,8250,7925,8025,27878600
9/3/2025,AMMNBQCZ5A,38,38,38,38,2650000
9/3/2025,AMMNDRCJ6A,67,67,67,67,100
9/3/2025,AMMNHDCH6A,0,0,0,0,0
9/3/2025,AMMNZPCG6A,0,0,0,0,0
9/3/2025,AMMS,179,184,173,179,8085500
9/3/2025,AMOR,474,478,472,478,96600
9/3/2025,AMRT,2110,2170,2110,2140,23760000
9/3/2025,AMRTBQCU5A,2,2,1,2,2334400
9/3/2025,AMRTDRCZ5A,33,33,33,33,16605000
9/3/2025,AMRTHDCJ6A,26,28,26,28,301000
9/3/2025,AMRTZPCX5A,0,0,0,0,0
9/3/2025,ANDI,35,35,34,34,7478300
9/3/2025,ANJT,1795,1800,1790,1795,1207300
9/3/2025,ANTM,3520,3580,3360,3480,393011500
9/3/2025,ANTMBQCU5A,368,368,368,368,7500
9/3/2025,ANTMBQCX5A,110,110,95,101,276300
9/3/2025,ANTMBQCZ5A,825,825,825,825,400
9/3/2025,ANTMDRCG6A,70,74,64,70,4160900
9/3/2025,ANTMDRCX5A,382,390,352,376,1141100
9/3/2025,ANTMDRPU5A,1,11,1,9,85500
9/3/2025,ANTMDRPU5B,0,0,0,0,0
9/3/2025,ANTMHDCH6A,117,119,105,110,36900
9/3/2025,ANTMHDCH6B,173,173,161,164,91100
9/3/2025,ANTMHDCU5A,170,195,138,168,715200
9/3/2025,ANTMHDPH6A,63,71,63,68,288200
9/3/2025,ANTMZPCJ6A,151,151,150,150,20700
9/3/2025,ANTMZPCX5A,0,0,0,0,0
9/3/2025,APEX,128,129,125,127,36165800
9/3/2025,APIC,1130,1175,1125,1160,6717800
9/3/2025,APII,175,177,175,176,110400
9/3/2025,APLI,472,500,466,500,19600
9/3/2025,APLN,102,106,102,105,21012300
9/3/2025,ARCI,885,935,825,900,318259600
9/3/2025,AREA,525,540,510,525,1231400
9/3/2025,ARGO,1350,1415,1320,1330,51400
9/3/2025,ARII,258,270,256,260,328100
9/3/2025,ARKA,35,36,35,36,13547300
9/3/2025,ARKO,1240,1390,1240,1345,1802700
9/3/2025,ARMY,0,0,0,0,0
9/3/2025,ARNA,565,565,555,565,3160000
9/3/2025,ARTA,3400,3400,3200,3270,5000
9/3/2025,ARTI,0,0,0,0,0
9/3/2025,ARTO,2200,2240,2180,2190,4257800
9/3/2025,ARTOBQCU5A,3,3,2,3,1313400
9/3/2025,ARTOBQCX5B,121,121,121,121,500
9/3/2025,ARTOBQCZ5A,27,28,25,25,2503300
9/3/2025,ARTODRCK6A,82,82,82,82,81800
9/3/2025,ARTODRCX5A,59,59,57,57,640000
9/3/2025,ARTOHDCZ5A,0,0,0,0,0
9/3/2025,ARTOZPCX5A,0,0,0,0,0
9/3/2025,ASBI,432,525,432,434,114000
9/3/2025,ASDM,545,545,540,540,1500
9/3/2025,ASGR,1180,1200,1170,1185,482700
9/3/2025,ASHA,39,39,39,39,3776000
9/3/2025,ASII,5525,5650,5450,5500,45471600
9/3/2025,ASIIBQCU5A,43,49,42,42,1518300
9/3/2025,ASIIBQCZ5A,0,0,0,0,0
9/3/2025,ASIIDRCX5A,0,0,0,0,0
9/3/2025,ASIIDRCX6A,0,0,0,0,0
9/3/2025,ASIIHDCZ5A,166,166,166,166,500
9/3/2025,ASIIZPCJ6A,0,0,0,0,0
9/3/2025,ASJT,111,117,109,111,375300
9/3/2025,ASLC,116,116,110,110,123504600
9/3/2025,ASLI,0,0,0,0,0
9/3/2025,ASMI,26,27,26,27,7727700
9/3/2025,ASPI,430,442,420,428,5659900
9/3/2025,ASPR,96,97,94,94,2950900
9/3/2025,ASRI,178,179,171,174,40257900
9/3/2025,ASRM,276,280,274,280,19700
9/3/2025,ASSA,855,865,840,850,8847600
9/3/2025,ATAP,57,57,52,52,10440800
9/3/2025,ATIC,442,448,434,444,719600
9/3/2025,ATLA,69,70,64,65,217933100
9/3/2025,AUTO,2410,2430,2370,2400,3302700
9/3/2025,AUTOZPCJ6A,0,0,0,0,0
9/3/2025,AVIA,428,432,426,430,23783500
9/3/2025,AVIAZPCJ6A,0,0,0,0,0
9/3/2025,AWAN,256,258,254,256,19823700
9/3/2025,AXIO,129,129,125,128,1577800
9/3/2025,AYAM,171,172,168,171,107089000
9/3/2025,AYLS,105,107,103,104,1687300
9/3/2025,BABP,58,61,57,60,40404600
9/3/2025,BABY,320,324,312,318,8817800
9/3/2025,BACA,134,139,132,137,2909400
9/3/2025,BAIK,108,110,103,106,3714000
9/3/2025,BAIK-W,12,13,10,11,20957100
9/3/2025,BAJA,125,127,121,123,2218000
9/3/2025,BALI,1685,1725,1475,1475,791100
9/3/2025,BANK,805,820,795,815,7720600
9/3/2025,BANK-W,0,0,0,0,0
9/3/2025,BAPA,70,75,66,68,75241800
9/3/2025,BAPI,22,22,22,22,18145000
9/3/2025,BATA,50,51,50,51,183300
9/3/2025,BATR,102,113,99,102,15573900
9/3/2025,BAUT,42,42,37,38,37648500
9/3/2025,BAYU,1320,1360,1310,1325,316500
9/3/2025,BBCA,7900,8000,7900,7975,212372700
9/3/2025,BBCABQCV5A,5,6,4,5,4800800
9/3/2025,BBCABQCX5A,16,16,15,16,1105000
9/3/2025,BBCADRCF6A,43,43,42,42,1349800
9/3/2025,BBCADRCX6A,3740,3740,3700,3700,1300
9/3/2025,BBCAHDCQ7A,61,61,61,61,1800
9/3/2025,BBCAHDCU5A,8,8,8,8,100000
9/3/2025,BBCAHDCV5A,0,0,0,0,0
9/3/2025,BBCAZPCF6A,0,0,0,0,0
9/3/2025,BBCAZPCH6A,100,100,100,100,200
9/3/2025,BBHI,1650,1660,1605,1605,1409300
9/3/2025,BBKP,82,82,78,80,164067000
9/3/2025,BBLD,935,935,900,905,12500
9/3/2025,BBMD,2110,2120,2110,2120,800
9/3/2025,BBNI,4320,4410,4320,4410,29754100
9/3/2025,BBNIBQCU5A,12,13,12,13,2400400
9/3/2025,BBNIBQCV5A,0,0,0,0,0
9/3/2025,BBNIDRCX6A,0,0,0,0,0
9/3/2025,BBNIDRCZ5A,0,0,0,0,0
9/3/2025,BBNIDRPU5A,5,6,5,5,350200
9/3/2025,BBNIHDCQ7A,0,0,0,0,0
9/3/2025,BBNIHDCU5A,0,0,0,0,0
9/3/2025,BBNIHDPU5A,0,0,0,0,0
9/3/2025,BBNIYUCV5A,58,60,57,60,500
9/3/2025,BBNIZPCH6A,0,0,0,0,0
9/3/2025,BBNIZPCX5A,0,0,0,0,0
9/3/2025,BBRI,4020,4030,3950,4030,112507500
9/3/2025,BBRIBQCU5A,13,13,10,11,182800
9/3/2025,BBRIBQCZ5A,0,0,0,0,0
9/3/2025,BBRIDRCX5A,0,0,0,0,0
9/3/2025,BBRIDRCX6A,2280,2280,2280,2280,6600
9/3/2025,BBRIHDCH6A,133,134,133,134,500
9/3/2025,BBRIHDCQ7A,0,0,0,0,0
9/3/2025,BBRIYUCV5A,115,115,115,115,100
9/3/2025,BBRIZPCH6A,0,0,0,0,0
9/3/2025,BBRIZPCX5A,0,0,0,0,0
9/3/2025,BBRM,89,92,88,89,14428400
9/3/2025,BBSI,4020,4030,4000,4010,10400
9/3/2025,BBSS,274,274,266,272,11400
9/3/2025,BBTN,1280,1295,1260,1270,13531800
9/3/2025,BBTNHDCZ5A,0,0,0,0,0
9/3/2025,BBTNYUCZ5A,75,75,74,74,67200
9/3/2025,BBTNZPCG6A,0,0,0,0,0
9/3/2025,BBYB,332,336,320,326,66288200
9/3/2025,BCAP,70,71,69,71,37693100
9/3/2025,BCIC,0,0,0,0,0
9/3/2025,BCIP,94,95,91,93,3674500
9/3/2025,BDKR,162,162,155,158,36259500
9/3/2025,BDMN,2510,2540,2490,2510,454900
9/3/2025,BEBS,0,0,0,0,0
9/3/2025,BEEF,302,320,296,318,17566100
9/3/2025,BEER,108,111,107,108,1527100
9/3/2025,BEKS,25,25,25,25,338214200
9/3/2025,BELI,370,372,364,364,541400
9/3/2025,BELL,70,83,68,70,652993500
9/3/2025,BESS,1050,1050,1030,1030,95300
9/3/2025,BEST,125,127,118,119,36106200
9/3/2025,BFIN,775,775,745,755,17170500
9/3/2025,BFINDRCK6A,25,25,25,25,100000
9/3/2025,BGTG,115,116,112,113,26959100
9/3/2025,BHAT,885,900,880,900,1564800
9/3/2025,BHIT,37,37,37,37,19572900
9/3/2025,BIKA,0,0,0,0,0
9/3/2025,BIKE,995,1025,975,1000,9013600
9/3/2025,BIMA,69,72,69,72,208200
9/3/2025,BINA,4410,4410,4410,4410,5500
9/3/2025,BINO,123,126,118,121,1143300
9/3/2025,BIPI,84,85,81,81,121671900
9/3/2025,BIPP,50,50,49,50,200200
9/3/2025,BIRD,1800,1815,1795,1795,1116100
9/3/2025,BISI,885,905,880,880,250600
9/3/2025,BJBR,780,785,775,775,5370400
9/3/2025,BJTM,515,515,510,510,3422500
9/3/2025,BKDP,42,42,42,42,1821900
9/3/2025,BKSL,135,140,132,137,292411100
9/3/2025,BKSW,69,71,67,68,9454800
9/3/2025,BLES,162,162,159,159,5710900
9/3/2025,BLOG,565,575,545,555,8029200
9/3/2025,BLTA,44,44,44,44,24139400
9/3/2025,BLTZ,0,0,0,0,0
9/3/2025,BLUE,318,320,316,318,207300
9/3/2025,BMAS,735,740,700,720,24300
9/3/2025,BMBL,38,40,38,40,13531400
9/3/2025,BMHS,186,190,185,187,1907100
9/3/2025,BMRI,4620,4660,4570,4620,131617900
9/3/2025,BMRIBQCU5A,2,2,1,1,944400
9/3/2025,BMRIBQCZ5A,36,36,36,36,7400
9/3/2025,BMRIDRCX5A,52,52,52,52,15000
9/3/2025,BMRIDRCX6A,2220,2220,2220,2220,13500
9/3/2025,BMRIHDCQ7A,0,0,0,0,0
9/3/2025,BMRIHDCU5A,0,0,0,0,0
9/3/2025,BMRIHDPU5A,153,154,153,154,13500
9/3/2025,BMRIZPCH6A,0,0,0,0,0
9/3/2025,BMRIZPCX5A,0,0,0,0,0
9/3/2025,BMSR,250,294,246,264,486100
9/3/2025,BMTR,143,145,141,145,43667700
9/3/2025,BNBA,780,800,760,760,360800
9/3/2025,BNBR,34,34,31,31,81157000
9/3/2025,BNGA,1700,1710,1695,1695,2888100
9/3/2025,BNGADRCK6A,0,0,0,0,0
9/3/2025,BNGAZPCH6A,0,0,0,0,0
9/3/2025,BNII,212,212,210,212,293800
9/3/2025,BNLI,3120,3240,3100,3140,241500
9/3/2025,BOAT,125,130,123,124,23343500
9/3/2025,BOBA,181,185,175,181,135500
9/3/2025,BOGA,575,585,570,580,510700
9/3/2025,BOLA,204,204,193,194,775600
9/3/2025,BOLT,1075,1075,1075,1075,100
9/3/2025,BOSS,0,0,0,0,0
9/3/2025,BPFI,338,340,338,338,6400
9/3/2025,BPII,590,590,565,565,322000
9/3/2025,BPTR,96,97,95,97,181200
9/3/2025,BRAM,5225,5225,5125,5125,1400
9/3/2025,BREN,8875,8925,8600,8600,30961700
9/3/2025,BRIS,2720,2740,2710,2720,5887800
9/3/2025,BRISBQCZ5A,0,0,0,0,0
9/3/2025,BRISDRCJ6A,0,0,0,0,0
9/3/2025,BRISHDCH6A,0,0,0,0,0
9/3/2025,BRISHDCZ5A,0,0,0,0,0
9/3/2025,BRISYUCV5A,0,0,0,0,0
9/3/2025,BRISZPCG6A,0,0,0,0,0
9/3/2025,BRMS,545,550,505,520,1115637700
9/3/2025,BRMSBQCZ5A,80,80,63,65,666800
9/3/2025,BRMSDRCJ6A,58,58,54,56,425200
9/3/2025,BRMSDRPX5A,17,17,17,17,600
9/3/2025,BRMSHDCH6A,105,107,101,101,1300
9/3/2025,BRMSHDCZ5A,0,0,0,0,0
9/3/2025,BRMSYUCV5A,45,49,38,41,140900
9/3/2025,BRMSZPCG6A,96,96,94,94,26100
9/3/2025,BRNA,750,750,725,740,109000
9/3/2025,BRPT,2270,2290,2180,2200,76629900
9/3/2025,BRPTBQCV5A,0,0,0,0,0
9/3/2025,BRPTBQCX5B,73,73,64,64,2409600
9/3/2025,BRPTBQCZ5A,0,0,0,0,0
9/3/2025,BRPTDRCF6A,190,190,179,179,1357400
9/3/2025,BRPTDRCJ6A,105,105,91,95,116200
9/3/2025,BRPTDRCX5A,210,214,210,214,200
9/3/2025,BRPTDRPV5A,6,6,6,6,700
9/3/2025,BRPTHDCH6A,0,0,0,0,0
9/3/2025,BRPTHDCH6B,121,122,121,122,85400
9/3/2025,BRPTHDPG6A,0,0,0,0,0
9/3/2025,BRPTYUCZ5A,0,0,0,0,0
9/3/2025,BRPTZPCF6A,0,0,0,0,0
9/3/2025,BRPTZPCX5A,0,0,0,0,0
9/3/2025,BRRC,78,79,76,76,6043200
9/3/2025,BRRC-W,12,16,11,13,39608300
9/3/2025,BSBK,83,87,77,79,566541600
9/3/2025,BSDE,1180,1200,1135,1145,37595800
9/3/2025,BSDEDRCJ6A,60,60,57,57,1400
9/3/2025,BSDEZPCH6A,0,0,0,0,0
9/3/2025,BSIM,885,900,875,885,21500
9/3/2025,BSML,105,109,104,108,46578000
9/3/2025,BSSR,3960,3980,3950,3960,254900
9/3/2025,BSWD,1410,1410,1410,1410,100
9/3/2025,BTEK,15,15,15,15,415645100
9/3/2025,BTEL,0,0,0,0,0
9/3/2025,BTON,370,382,370,370,16100
9/3/2025,BTPN,2120,2130,2090,2130,20500
9/3/2025,BTPS,1470,1480,1440,1450,6640300
9/3/2025,BTPSDRCK6A,0,0,0,0,0
9/3/2025,BTPSHDCJ6A,0,0,0,0,0
9/3/2025,BTPSZPCH6A,0,0,0,0,0
9/3/2025,BUAH,1465,1470,1415,1435,315300
9/3/2025,BUDI,218,220,218,220,95200
9/3/2025,BUKA,176,178,173,174,181574000
9/3/2025,BUKABQCZ5B,21,21,21,21,2360000
9/3/2025,BUKADRCK6A,20,20,20,20,800000
9/3/2025,BUKAHDCZ5A,0,0,0,0,0
9/3/2025,BUKK,845,880,845,860,51900
9/3/2025,BULL,143,158,138,154,410412400
9/3/2025,BUMI,113,115,111,113,1028266600
9/3/2025,BUVA,384,392,360,362,160389400
9/3/2025,BVIC,117,120,108,110,42137100
9/3/2025,BVIC-W,48,49,46,48,135900
9/3/2025,BWPT,0,0,0,0,0
9/3/2025,BYAN,18100,18275,18100,18150,7900
9/3/2025,CAKK,137,155,136,150,6931500
9/3/2025,CAMP,210,214,208,214,1613900
9/3/2025,CANI,41,43,41,42,1560700
9/3/2025,CARE,296,302,292,300,19912200
9/3/2025,CARS,140,142,133,138,78359500
9/3/2025,CASA,1120,1145,1120,1130,4407500
9/3/2025,CASH,101,111,99,101,1744000
9/3/2025,CASS,2620,2720,2600,2650,122300
9/3/2025,CBDK,6800,6975,6325,6350,33880600
9/3/2025,CBMF,0,0,0,0,0
9/3/2025,CBPE,198,258,192,194,2984800
9/3/2025,CBRE,290,290,290,290,16876100
9/3/2025,CBUT,1595,1605,1535,1585,41200
9/3/2025,CCSI,378,390,370,370,1535800
9/3/2025,CDIA,1465,1475,1435,1445,43345300
9/3/2025,CEKA,2720,2720,2680,2690,9900
9/3/2025,CENT,128,138,124,125,85692100
9/3/2025,CFIN,316,320,312,314,1151800
9/3/2025,CGAS,133,169,131,165,222840800
9/3/2025,CHEK,200,204,200,200,6003700
9/3/2025,CHEM,109,109,96,99,58854500
9/3/2025,CHIP,1365,1380,1365,1375,74700
9/3/2025,CINT,158,167,158,163,1021800
9/3/2025,CITA,4130,4200,4100,4130,297900
9/3/2025,CITY,101,106,101,103,2258200
9/3/2025,CLAY,1500,1500,1495,1500,32400
9/3/2025,CLEO,570,570,555,555,8922800
9/3/2025,CLPI,1245,1245,1230,1235,82400
9/3/2025,CMNP,1355,1360,1350,1350,60700
9/3/2025,CMNP-W,460,460,460,460,100
9/3/2025,CMNT,825,860,810,850,67396800
9/3/2025,CMPP,95,99,93,93,447300
9/3/2025,CMRY,4860,4960,4840,4950,926200
9/3/2025,CMRYDRCK6A,0,0,0,0,0
9/3/2025,CMRYZPCJ6A,0,0,0,0,0
9/3/2025,CNKO,99,100,95,100,28658100
9/3/2025,CNMA,130,134,129,133,22243200
9/3/2025,CNTB,0,0,0,0,0
9/3/2025,CNTX,0,0,0,0,0
9/3/2025,COAL,53,55,53,55,30836300
9/3/2025,COCO,720,805,620,670,25948400
9/3/2025,COIN,2590,2590,2590,2590,22909000
9/3/2025,COWL,0,0,0,0,0
9/3/2025,CPIN,4350,4460,4350,4430,7162200
9/3/2025,CPINDRCG6A,0,0,0,0,0
9/3/2025,CPINZPCJ6A,0,0,0,0,0
9/3/2025,CPRI,0,0,0,0,0
9/3/2025,CPRO,62,63,58,59,648779200
9/3/2025,CRAB,238,240,236,240,1604400
9/3/2025,CRSN,114,117,113,115,684800
9/3/2025,CSAP,292,292,286,292,127400
9/3/2025,CSIS,121,121,118,119,1102000
9/3/2025,CSMI,420,420,400,412,742700
9/3/2025,CSRA,835,845,820,835,1671500
9/3/2025,CTBN,5125,5125,5125,5125,100
9/3/2025,CTRA,1015,1020,985,990,39324000
9/3/2025,CTRADRCJ6A,27,27,27,27,15400
9/3/2025,CTRAYUCZ5A,0,0,0,0,0
9/3/2025,CTRAZPCG6A,0,0,0,0,0
9/3/2025,CTTH,42,42,42,42,75400
9/3/2025,CUAN,1535,1550,1510,1520,57669600
9/3/2025,CYBR,975,985,945,950,18991100
9/3/2025,CYBR-W,560,565,530,550,3500
9/3/2025,DAAZ,3230,3250,3150,3150,199700
9/3/2025,DADA,39,39,39,39,6132900
9/3/2025,DART,167,169,163,163,1002500
9/3/2025,DATA,0,0,0,0,0
9/3/2025,DAYA,1020,1020,1000,1015,4600
9/3/2025,DCII,324000,335000,324000,327700,7300
9/3/2025,DEAL,0,0,0,0,0
9/3/2025,DEFI,386,386,386,386,261300
9/3/2025,DEPO,200,200,197,198,159600
9/3/2025,DEWA,226,232,224,226,251538400
9/3/2025,DEWI,110,111,109,110,51355800
9/3/2025,DFAM,81,96,81,86,69790600
9/3/2025,DGIK,95,105,91,99,23538000
9/3/2025,DGNS,145,149,145,146,938800
9/3/2025,DGWG,430,434,420,424,14328900
9/3/2025,DIGI,35,35,34,34,913700
9/3/2025,DILD,139,140,137,138,7271000
9/3/2025,DIVA,125,135,124,133,12672000
9/3/2025,DKFT,725,785,710,780,78690800
9/3/2025,DKHH,111,114,108,112,31109900
9/3/2025,DKHH-W,17,18,16,17,13527000
9/3/2025,DLTA,1975,1990,1970,1975,61800
9/3/2025,DMAS,138,139,137,138,24869500
9/3/2025,DMMX,340,342,332,334,1562000
9/3/2025,DMND,575,580,545,575,48900
9/3/2025,DNAR,122,125,120,122,7516500
9/3/2025,DNET,9425,9425,9000,9200,53600
9/3/2025,DOID,342,372,340,370,65949500
9/3/2025,DOOH,144,146,141,142,71635500
9/3/2025,DOSS,146,149,142,142,1602900
9/3/2025,DPNS,254,260,254,260,44800
9/3/2025,DPUM,65,68,64,66,9104700
9/3/2025,DRMA,1010,1025,1010,1010,532500
9/3/2025,DSFI,81,83,81,82,2679800
9/3/2025,DSNG,1615,1690,1595,1680,46304700
9/3/2025,DSNGDRCK6A,0,0,0,0,0
9/3/2025,DSSA,100000,109800,99850,109800,6894300
9/3/2025,DUCK,0,0,0,0,0
9/3/2025,DUTI,4850,4940,4170,4500,83900
9/3/2025,DVLA,1650,1680,1550,1595,743300
9/3/2025,DWGL,220,234,220,230,117400
9/3/2025,DYAN,89,91,88,89,2368000
9/3/2025,EAST,95,96,94,96,11057500
9/3/2025,ECII,192,199,187,190,1840900
9/3/2025,EDGE,4320,4330,4200,4260,20100
9/3/2025,EKAD,188,189,185,188,20300
9/3/2025,ELIT,195,197,187,191,9392500
9/3/2025,ELPI,366,448,366,384,2877200
9/3/2025,ELSA,505,510,498,500,18836300
9/3/2025,ELSADRCJ6A,0,0,0,0,0
9/3/2025,ELSAZPCG6A,0,0,0,0,0
9/3/2025,ELTY,18,18,18,18,160423800
9/3/2025,EMDE,98,99,97,99,1574000
9/3/2025,EMTK,1330,1380,1310,1340,124195700
9/3/2025,EMTKBQCZ5A,0,0,0,0,0
9/3/2025,EMTKDRCK6A,74,75,71,72,367500
9/3/2025,EMTKHDCZ5A,0,0,0,0,0
9/3/2025,EMTKYUCV5A,188,188,188,188,70100
9/3/2025,EMTKZPCH6A,0,0,0,0,0
9/3/2025,ENAK,695,705,695,705,813400
9/3/2025,ENRG,610,650,605,640,240813900
9/3/2025,ENRGBQCZ5A,32,36,30,34,5711300
9/3/2025,ENRGDRCJ6A,87,92,87,92,18107900
9/3/2025,ENRGHDCZ5A,250,266,242,266,6200
9/3/2025,ENRGZPCG6A,0,0,0,0,0
9/3/2025,ENVY,0,0,0,0,0
9/3/2025,ENZO,37,41,37,40,343600
9/3/2025,EPAC,44,44,40,40,18806200
9/3/2025,EPMT,2330,2340,2310,2310,6500
9/3/2025,ERAA,432,444,432,442,71497000
9/3/2025,ERAABQCZ5A,0,0,0,0,0
9/3/2025,ERAADRCJ6A,11,11,10,10,8400
9/3/2025,ERAAHDCZ5A,0,0,0,0,0
9/3/2025,ERAAZPCH6A,0,0,0,0,0
9/3/2025,ERAL,328,332,322,324,8545800
9/3/2025,ERTX,116,123,115,120,1804900
9/3/2025,ESIP,48,49,48,49,1012100
9/3/2025,ESSA,575,600,575,590,35664700
9/3/2025,ESSABQCZ5A,41,42,40,40,304700
9/3/2025,ESSAHDCH6A,0,0,0,0,0
9/3/2025,ESSAYUCZ5A,0,0,0,0,0
9/3/2025,ESTA,63,77,63,71,37244500
9/3/2025,ESTI,53,55,53,54,1887600
9/3/2025,ETWA,0,0,0,0,0
9/3/2025,EURO,258,262,236,252,762900
9/3/2025,EXCL,2770,2780,2730,2750,2578800
9/3/2025,EXCLHDCJ6A,0,0,0,0,0
9/3/2025,EXCLZPCF6A,0,0,0,0,0
9/3/2025,FAPA,5850,5950,5850,5950,11200
9/3/2025,FAST,344,346,330,330,2034400
9/3/2025,FASW,0,0,0,0,0
9/3/2025,FILM,3200,3350,3170,3310,7622600
9/3/2025,FIMP,0,0,0,0,0
9/3/2025,FIRE,78,81,76,78,26888300
9/3/2025,FISH,0,0,0,0,0
9/3/2025,FITT,336,396,336,376,3661300
9/3/2025,FLMC,0,0,0,0,0
9/3/2025,FMII,374,374,360,360,6100
9/3/2025,FOLK,79,84,77,79,876800
9/3/2025,FOOD,118,118,118,118,53000
9/3/2025,FORE,545,580,525,525,18330100
9/3/2025,FORU,1175,1200,1165,1170,240300
9/3/2025,FPNI,195,197,192,192,790100
9/3/2025,FUJI,468,468,448,450,636400
9/3/2025,FUTR,266,266,266,266,42963400
9/3/2025,FWCT,162,163,159,160,4867300
9/3/2025,GAMA,0,0,0,0,0
9/3/2025,GDST,109,111,108,109,683700
9/3/2025,GDYR,1165,1190,1165,1190,1300
9/3/2025,GEMA,120,122,116,117,6232700
9/3/2025,GEMS,9300,9550,9100,9200,477300
9/3/2025,GGRM,8500,8675,8500,8575,783500
9/3/2025,GGRMZPCG6A,0,0,0,0,0
9/3/2025,GGRP,232,232,216,224,886900
9/3/2025,GHON,1730,1730,1680,1685,1000
9/3/2025,GIAA,68,68,66,66,18887100
9/3/2025,GJTL,1020,1035,1015,1030,4269800
9/3/2025,GJTLZPCJ6A,1,6,1,6,200
9/3/2025,GLOB,53,58,53,57,29900
9/3/2025,GLVA,328,334,324,328,9800
9/3/2025,GMFI,63,63,62,63,2155400
9/3/2025,GMTD,2280,2280,2260,2260,600
9/3/2025,GOLD,262,262,258,258,22500
9/3/2025,GOLF,224,226,218,222,3240400
9/3/2025,GOLL,0,0,0,0,0
9/3/2025,GOOD,368,372,368,370,145700
9/3/2025,GOTO,58,59,57,58,1273540500
9/3/2025,GOTOBQCZ5A,3,3,2,3,580800
9/3/2025,GOTODRCG6A,9,9,9,9,300000
9/3/2025,GOTOM,0,0,0,0,0
9/3/2025,GOTOZPCH6A,0,0,0,0,0
9/3/2025,GPRA,139,140,130,132,120691800
9/3/2025,GPSO,270,280,258,280,6349100
9/3/2025,GRIA,90,120,90,120,60051800
9/3/2025,GRPH,82,93,75,79,462681400
9/3/2025,GRPM,55,56,53,55,3940200
9/3/2025,GRPM-W,16,17,15,16,6962900
9/3/2025,GSMF,121,126,116,117,30464000
9/3/2025,GTBO,196,202,195,196,229800
9/3/2025,GTRA,139,143,128,141,1009000
9/3/2025,GTSI,103,104,90,94,167987500
9/3/2025,GULA,324,342,312,336,1618500
9/3/2025,GUNA,234,244,234,238,204400
9/3/2025,GWSA,154,155,150,154,883900
9/3/2025,GZCO,240,240,212,216,351093300
9/3/2025,HADE,30,30,30,30,870700
9/3/2025,HAIS,193,194,191,194,3284500
9/3/2025,HAJJ,128,129,123,124,7939300
9/3/2025,HAJJ-W,20,20,18,19,11658800
9/3/2025,HALO,89,89,86,88,3394200
9/3/2025,HALO-W,15,17,14,16,17717600
9/3/2025,HATM,258,258,252,258,22161500
9/3/2025,HBAT,0,0,0,0,0
9/3/2025,HDFA,123,129,120,125,301300
9/3/2025,HDIT,64,64,61,61,15898900
9/3/2025,HEAL,1580,1620,1580,1605,6984800
9/3/2025,HEALBQCZ5A,0,0,0,0,0
9/3/2025,HEALDRCJ6A,47,47,47,47,29600
9/3/2025,HEALHDCH6A,0,0,0,0,0
9/3/2025,HEALYUCZ5A,0,0,0,0,0
9/3/2025,HEALZPCH6A,0,0,0,0,0
9/3/2025,HELI,250,256,250,254,335400
9/3/2025,HERO,390,398,384,392,20200
9/3/2025,HEXA,5500,5575,5500,5550,194300
9/3/2025,HGII,148,148,145,148,10958900
9/3/2025,HILL,208,212,202,208,8352600
9/3/2025,HITS,0,0,0,0,0
9/3/2025,HKMU,0,0,0,0,0
9/3/2025,HMSP,530,535,525,535,14649400
9/3/2025,HOKI,80,81,78,80,36264300
9/3/2025,HOME,0,0,0,0,0
9/3/2025,HOMI,210,210,200,210,169700
9/3/2025,HOPE,148,148,148,148,5217000
9/3/2025,HOTL,0,0,0,0,0
9/3/2025,HRME,32,36,32,36,4536700
9/3/2025,HRTA,755,910,745,910,285079800
9/3/2025,HRUM,930,1110,915,1075,315481000
9/3/2025,HRUMZPCG6A,0,0,0,0,0
9/3/2025,HUMI,178,183,159,166,468930800
9/3/2025,HUMI-W,29,29,23,24,105963200
9/3/2025,HYGN,159,161,155,157,2350900
9/3/2025,IATA,56,60,56,60,28319900
9/3/2025,IATA-W,0,0,0,0,0
9/3/2025,IBFN,31,31,30,30,340500
9/3/2025,IBOS,41,41,39,40,19284100
9/3/2025,IBST,6625,6625,6625,6625,10500
9/3/2025,ICBP,9225,9300,9200,9300,2439300
9/3/2025,ICBPDRCX6A,0,0,0,0,0
9/3/2025,ICBPHDCJ6A,0,0,0,0,0
9/3/2025,ICBPZPCX5A,0,0,0,0,0
9/3/2025,ICON,50,52,50,52,1915900
9/3/2025,IDEA,103,103,93,93,12414800
9/3/2025,IDPR,248,252,238,246,872300
9/3/2025,IFII,242,246,242,244,760600
9/3/2025,IFSH,785,830,770,785,131900
9/3/2025,IGAR,525,525,515,525,36200
9/3/2025,IIKP,0,0,0,0,0
9/3/2025,IKAI,20,20,20,20,5131300
9/3/2025,IKAN,140,141,134,136,21363000
9/3/2025,IKBI,560,560,525,550,616400
9/3/2025,IKPM,230,232,222,226,1099900
9/3/2025,IMAS,1190,1195,1170,1170,968200
9/3/2025,IMJS,256,258,244,250,12924400
9/3/2025,IMPC,1440,1440,1440,1440,62932100
9/3/2025,INAF,0,0,0,0,0
9/3/2025,INAI,158,159,155,157,103600
9/3/2025,INCF,39,40,39,40,1868100
9/3/2025,INCI,610,610,605,610,21900
9/3/2025,INCO,3700,3970,3700,3940,22284900
9/3/2025,INCOBQCV5A,32,47,32,38,1935900
9/3/2025,INCODRCK6A,77,83,77,83,200
9/3/2025,INCODRCX5A,88,103,88,103,1129000
9/3/2025,INCODRPV5A,0,0,0,0,0
9/3/2025,INCOHDCJ6A,87,87,87,87,100000
9/3/2025,INCOYUCZ5A,85,85,85,85,1300
9/3/2025,INCOZPCX5A,0,0,0,0,0
9/3/2025,INDF,7525,7750,7525,7700,9930600
9/3/2025,INDFBQCV5A,44,44,44,44,6600
9/3/2025,INDFDRCX6A,4080,4170,4080,4170,300
9/3/2025,INDFHDCJ6A,0,0,0,0,0
9/3/2025,INDO,222,226,218,222,4430300
9/3/2025,INDR,2670,2750,2590,2610,87800
9/3/2025,INDS,226,228,224,226,100200
9/3/2025,INDX,92,93,89,90,4022400
9/3/2025,INDY,1360,1660,1330,1660,159406600
9/3/2025,INDYHDCJ6A,97,142,97,130,11652400
9/3/2025,INDYZPCG6A,38,80,38,80,42900
9/3/2025,INET,234,236,226,226,57446300
9/3/2025,INET-W,141,142,135,135,4490700
9/3/2025,INKP,8175,8250,8000,8000,4513900
9/3/2025,INKPBQCX5A,0,0,0,0,0
9/3/2025,INKPDRCF6A,220,224,214,214,6507000
9/3/2025,INKPZPCF6A,0,0,0,0,0
9/3/2025,INOV,97,102,95,100,1393100
9/3/2025,INPC,180,184,169,173,51072700
9/3/2025,INPP,780,790,765,780,49600
9/3/2025,INPS,110,111,110,111,19300
9/3/2025,INRU,945,970,800,880,678700
9/3/2025,INTA,21,21,21,21,7411400
9/3/2025,INTD,193,202,193,193,2610500
9/3/2025,INTP,6800,7050,6775,7000,2297800
9/3/2025,INTPZPCG6A,0,0,0,0,0
9/3/2025,IOTF,104,105,101,102,46507300
9/3/2025,IPAC,151,155,150,150,57100
9/3/2025,IPCC,1090,1105,1090,1095,1888000
9/3/2025,IPCM,292,294,290,292,684000
9/3/2025,IPOL,139,140,137,138,109200
9/3/2025,IPPE,0,0,0,0,0
9/3/2025,IPTV,44,44,43,44,12154400
9/3/2025,IRRA,430,430,414,426,1160600
9/3/2025,IRSX,0,0,0,0,0
9/3/2025,ISAP,33,33,33,33,30082700
9/3/2025,ISAP-W,17,18,15,16,70920000
9/3/2025,ISAT,1980,1995,1935,1950,32751200
9/3/2025,ISATBQCU5A,15,15,12,13,4148800
9/3/2025,ISATDRCG6A,0,0,0,0,0
9/3/2025,ISATDRCX5A,41,41,41,41,100
9/3/2025,ISATHDCJ6A,0,0,0,0,0
9/3/2025,ISATZPCF6A,0,0,0,0,0
9/3/2025,ISEA,86,90,83,86,5673100
9/3/2025,ISSP,430,430,412,420,4048400
9/3/2025,ITIC,224,224,218,222,192000
9/3/2025,ITMA,1055,1080,975,1075,72527100
9/3/2025,ITMG,22350,22475,22275,22275,1490800
9/3/2025,ITMGHDCJ6A,0,0,0,0,0
9/3/2025,ITMGZPCJ6A,0,0,0,0,0
9/3/2025,JARR,0,0,0,0,0
9/3/2025,JAST,105,108,102,104,8364400
9/3/2025,JATI,140,141,136,138,3221700
9/3/2025,JAWA,153,157,152,153,2263500
9/3/2025,JAYA,95,96,93,95,1191500
9/3/2025,JECC,1270,1295,1155,1155,1027200
9/3/2025,JGLE,19,19,17,17,170049700
9/3/2025,JIHD,755,770,710,715,2328400
9/3/2025,JKON,91,107,90,100,248708700
9/3/2025,JMAS,150,152,140,152,1121100
9/3/2025,JPFA,1725,1740,1670,1680,33707400
9/3/2025,JPFABQCZ5A,0,0,0,0,0
9/3/2025,JPFADRCJ6A,43,44,38,38,11800
9/3/2025,JPFAHDCZ5A,0,0,0,0,0
9/3/2025,JPFAZPCG6A,0,0,0,0,0
9/3/2025,JRPT,800,810,785,805,374900
9/3/2025,JSKY,0,0,0,0,0
9/3/2025,JSMR,3360,3450,3360,3410,5102500
9/3/2025,JSMRDRCK6A,0,0,0,0,0
9/3/2025,JSMRHDCH6A,0,0,0,0,0
9/3/2025,JSMRZPCG6A,0,0,0,0,0
9/3/2025,JSPT,4010,4080,4000,4010,11700
9/3/2025,JTPE,324,326,324,326,4879300
9/3/2025,KAEF,510,515,500,510,1268800
9/3/2025,KAQI,73,74,70,71,22438200
9/3/2025,KARW,615,640,615,640,857400
9/3/2025,KAYU,0,0,0,0,0
9/3/2025,KBAG,42,43,42,43,7707500
9/3/2025,KBLI,376,378,374,378,22400
9/3/2025,KBLM,406,406,386,392,460400
9/3/2025,KBLV,248,274,240,242,407594200
9/3/2025,KBRI,0,0,0,0,0
9/3/2025,KDSI,468,474,468,470,6500
9/3/2025,KDTN,117,119,117,119,34700
9/3/2025,KEEN,815,840,815,840,4906000
9/3/2025,KEJU,610,620,600,615,831600
9/3/2025,KETR,610,610,550,570,20773100
9/3/2025,KIAS,0,0,0,0,0
9/3/2025,KICI,134,158,131,139,4864100
9/3/2025,KIJA,212,212,202,206,191959800
9/3/2025,KING,202,210,200,204,1328500
9/3/2025,KING-W,15,16,13,15,36293900
9/3/2025,KINO,1120,1260,1100,1230,340200
9/3/2025,KIOS,85,86,80,82,15762500
9/3/2025,KJEN,133,135,128,130,1693200
9/3/2025,KKES,39,40,39,40,1062100
9/3/2025,KKGI,330,334,328,334,2195600
9/3/2025,KLAS,135,137,133,136,5826300
9/3/2025,KLBF,1175,1200,1170,1180,161024600
9/3/2025,KLBFBQCV5A,6,6,5,5,1522900
9/3/2025,KLBFDRCG6A,0,0,0,0,0
9/3/2025,KLBFZPCF6A,0,0,0,0,0
9/3/2025,KLBFZPCJ6A,0,0,0,0,0
9/3/2025,KLIN,200,200,185,191,2239000
9/3/2025,KMDS,645,650,630,640,48200
9/3/2025,KMTR,330,338,318,318,2210000
9/3/2025,KOBX,144,144,142,143,139300
9/3/2025,KOCI,62,67,61,65,34653500
9/3/2025,KOCI-W,16,22,15,18,104754100
9/3/2025,KOIN,69,70,69,70,2165600
9/3/2025,KOKA,96,100,96,98,10315400
9/3/2025,KONI,2300,2330,2000,2090,146000
9/3/2025,KOPI,340,344,336,338,249800
9/3/2025,KOTA,28,28,28,28,11946000
9/3/2025,KPIG,184,184,176,179,49073400
9/3/2025,KRAS,314,320,308,308,54729400
9/3/2025,KREN,16,16,16,16,47678700
9/3/2025,KRYA,212,216,208,208,7747600
9/3/2025,KSIX,232,240,228,234,302300
9/3/2025,KUAS,68,76,67,71,30667200
9/3/2025,LABA,0,0,0,0,0
9/3/2025,LABS,141,144,140,144,747200
9/3/2025,LAJU,65,69,63,66,46255400
9/3/2025,LAND,40,43,40,42,23966800
9/3/2025,LAPD,0,0,0,0,0
9/3/2025,LCGP,0,0,0,0,0
9/3/2025,LCKM,204,220,204,216,289000
9/3/2025,LEAD,82,83,78,79,14836100
9/3/2025,LFLO,238,242,238,242,10100
9/3/2025,LIFE,0,0,0,0,0
9/3/2025,LINK,3650,3650,3480,3480,135100
9/3/2025,LION,356,372,350,362,48100
9/3/2025,LIVE,166,167,165,166,19395200
9/3/2025,LMAS,0,0,0,0,0
9/3/2025,LMAX,83,87,80,81,1525400
9/3/2025,LMPI,141,149,138,143,734100
9/3/2025,LMSH,0,0,0,0,0
9/3/2025,LOPI,59,61,57,59,7272200
9/3/2025,LPCK,670,675,640,645,1924200
9/3/2025,LPGI,442,452,442,442,15800
9/3/2025,LPIN,420,422,416,422,167400
9/3/2025,LPKR,104,105,101,102,127998000
9/3/2025,LPLI,320,324,314,322,378300
9/3/2025,LPPF,1600,1615,1595,1605,1866600
9/3/2025,LPPS,86,87,83,85,4869800
9/3/2025,LRNA,176,182,172,178,860200
9/3/2025,LSIP,1380,1390,1355,1370,7387200
9/3/2025,LSIPDRCK6A,50,50,50,50,1700
9/3/2025,LSIPHDCJ6A,0,0,0,0,0
9/3/2025,LSIPYUCZ5A,68,70,68,70,200
9/3/2025,LSIPZPCG6A,1,1,1,1,100
9/3/2025,LTLS,855,855,845,850,78000
9/3/2025,LUCK,83,84,82,83,2013400
9/3/2025,LUCY,99,102,95,96,2447300
9/3/2025,MABA,0,0,0,0,0
9/3/2025,MAGP,0,0,0,0,0
9/3/2025,MAHA,138,141,134,137,2914900
9/3/2025,MAIN,690,700,670,670,4404100
9/3/2025,MANG,47,49,45,47,23190500
9/3/2025,MANG-W,34,34,30,31,1389900
9/3/2025,MAPA,610,620,600,610,57059600
9/3/2025,MAPABQCZ5A,18,20,18,20,3242000
9/3/2025,MAPADRCJ6A,17,17,17,17,30000
9/3/2025,MAPAHDCZ5A,0,0,0,0,0
9/3/2025,MAPAZPCH6A,0,0,0,0,0
9/3/2025,MAPB,1725,1725,1650,1720,2700
9/3/2025,MAPI,1180,1205,1165,1180,14389100
9/3/2025,MAPIBQCV5A,4,5,4,4,401200
9/3/2025,MAPIDRCX5A,20,21,19,19,5395700
9/3/2025,MAPIZPCJ6A,0,0,0,0,0
9/3/2025,MARI,32,33,32,33,5285300
9/3/2025,MARK,640,640,630,640,2558200
9/3/2025,MASA,0,0,0,0,0
9/3/2025,MASB,0,0,0,0,0
9/3/2025,MAXI,55,69,55,60,603885300
9/3/2025,MAYA,232,232,226,226,8306700
9/3/2025,MBAP,1620,1630,1610,1630,192300
9/3/2025,MBMA,428,446,424,438,428045000
9/3/2025,MBMABQCX5A,16,20,16,18,7806700
9/3/2025,MBMADRCX5A,27,31,27,29,9511300
9/3/2025,MBMADRPX5A,21,21,21,21,100000
9/3/2025,MBMAHDCH6A,65,70,65,70,169400
9/3/2025,MBMAZPCX5A,0,0,0,0,0
9/3/2025,MBSS,1520,1660,1515,1595,3570100
9/3/2025,MBTO,126,131,124,126,1374800
9/3/2025,MCAS,845,855,820,840,212000
9/3/2025,MCOL,3830,3830,3730,3800,35800
9/3/2025,MCOR,75,78,74,77,8098000
9/3/2025,MDIA,34,34,34,34,6268500
9/3/2025,MDIY,1105,1120,1075,1080,3041800
9/3/2025,MDKA,2620,2630,2510,2550,79180600
9/3/2025,MDKABQCV5A,139,141,125,131,476300
9/3/2025,MDKABQCX5B,49,49,49,49,101900
9/3/2025,MDKADRCK6A,92,92,89,89,831400
9/3/2025,MDKADRCV5A,111,111,104,107,90800
9/3/2025,MDKADRPX5A,0,0,0,0,0
9/3/2025,MDKAHDCU5A,216,216,200,202,56600
9/3/2025,MDKAHDCZ5A,164,164,153,153,23900
9/3/2025,MDKAZPCF6A,0,0,0,0,0
9/3/2025,MDKI,163,163,155,159,2751500
9/3/2025,MDLA,246,250,238,240,8782300
9/3/2025,MDLN,72,73,70,70,32482700
9/3/2025,MDRN,30,30,30,30,6771900
9/3/2025,MEDC,1235,1255,1225,1250,34187200
9/3/2025,MEDCBQCV5A,46,48,46,48,311200
9/3/2025,MEDCBQCX5B,0,0,0,0,0
9/3/2025,MEDCBQCZ5A,30,31,30,31,178100
9/3/2025,MEDCDRCG6A,34,35,34,34,5472800
9/3/2025,MEDCDRPV5A,0,0,0,0,0
9/3/2025,MEDCHDCH6A,89,89,89,89,100
9/3/2025,MEDCZPCF6A,0,0,0,0,0
9/3/2025,MEDS,56,75,55,75,345546300
9/3/2025,MEGA,3320,3320,3230,3230,4000
9/3/2025,MEJA,99,99,99,99,12887300
9/3/2025,MEJA-W,37,39,28,29,112276800
9/3/2025,MENN,63,64,57,57,132536800
9/3/2025,MERI,262,262,246,246,11779200
9/3/2025,MERK,2810,2830,2790,2790,12600
9/3/2025,META,0,0,0,0,0
9/3/2025,MFIN,1250,1265,1195,1195,484000
9/3/2025,MFMI,0,0,0,0,0
9/3/2025,MGLV,0,0,0,0,0
9/3/2025,MGNA,43,43,39,39,538000
9/3/2025,MGNA-W,38,38,36,36,50600
9/3/2025,MGRO,730,740,705,715,5127600
9/3/2025,MHKI,152,155,148,150,24241800
9/3/2025,MICE,488,505,488,500,76600
9/3/2025,MIDI,442,454,442,450,4042400
9/3/2025,MIKA,2290,2410,2250,2390,12058300
9/3/2025,MIKAZPCG6A,0,0,0,0,0
9/3/2025,MINA,193,193,181,184,217810800
9/3/2025,MINE,610,620,565,590,7961700
9/3/2025,MIRA,75,75,74,74,33154900
9/3/2025,MITI,256,276,254,260,7842300
9/3/2025,MKAP,358,362,354,362,519900
9/3/2025,MKNT,0,0,0,0,0
9/3/2025,MKPI,25400,25400,25000,25000,6400
9/3/2025,MKTR,170,193,126,136,137689000
9/3/2025,MKTR-W,20,22,16,18,61395900
9/3/2025,MLBI,5925,5975,5875,5900,62100
9/3/2025,MLIA,362,362,356,360,4020500
9/3/2025,MLPL,148,148,139,140,102026700
9/3/2025,MLPT,78000,78000,77850,77850,16000
9/3/2025,MMIX,284,284,276,280,3510100
9/3/2025,MMLP,540,550,540,545,4841800
9/3/2025,MNCN,258,264,254,262,27076600
9/3/2025,MOLI,202,214,200,204,1910400
9/3/2025,MORA,466,466,430,440,382600
9/3/2025,MPIX,73,73,70,70,12924600
9/3/2025,MPIX-W,14,14,12,14,18561000
9/3/2025,MPMX,960,960,955,960,1057700
9/3/2025,MPOW,119,120,117,118,1019800
9/3/2025,MPPA,74,75,72,72,48825300
9/3/2025,MPRO,4550,5500,4350,4500,1029100
9/3/2025,MPXL,127,127,123,125,4370100
9/3/2025,MRAT,234,240,232,240,872500
9/3/2025,MREI,915,925,915,920,131800
9/3/2025,MSIE,40,42,39,42,25732700
9/3/2025,MSIN,535,540,520,535,37859300
9/3/2025,MSJA,304,304,298,304,2217600
9/3/2025,MSKY,84,89,83,84,34878300
9/3/2025,MSTI,1575,1575,1550,1560,1700900
9/3/2025,MTDL,595,605,590,600,4599800
9/3/2025,MTEL,585,605,585,595,3381400
9/3/2025,MTELDRCK6A,0,0,0,0,0
9/3/2025,MTFN,15,15,15,15,143758100
9/3/2025,MTLA,436,440,436,438,3600
9/3/2025,MTMH,1285,1465,1250,1405,3088000
9/3/2025,MTPS,43,46,43,46,657500
9/3/2025,MTRA,0,0,0,0,0
9/3/2025,MTSM,0,0,0,0,0
9/3/2025,MTWI,380,384,358,384,441800
9/3/2025,MUTU,93,105,92,99,58831200
9/3/2025,MYOH,1685,1685,1665,1685,13300
9/3/2025,MYOR,2140,2150,2100,2100,1435100
9/3/2025,MYORDRCK6A,0,0,0,0,0
9/3/2025,MYORZPCH6A,0,0,0,0,0
9/3/2025,MYTX,0,0,0,0,0
9/3/2025,NAIK,148,150,144,147,23389100
9/3/2025,NAIK-W,27,27,24,26,15065100
9/3/2025,NANO,68,68,65,68,23160600
9/3/2025,NASA,33,33,33,33,3124200
9/3/2025,NASI,86,88,85,87,4380000
9/3/2025,NATO,141,141,133,135,293100
9/3/2025,NAYZ,101,101,94,101,21919400
9/3/2025,NCKL,1045,1085,1040,1065,70895200
9/3/2025,NCKLDRCK6A,48,48,46,46,98200
9/3/2025,NCKLYUCZ5A,96,98,96,96,1007600
9/3/2025,NCKLZPCJ6A,54,71,54,71,200
9/3/2025,NELY,350,352,340,350,1365900
9/3/2025,NEST,262,266,258,262,7117400
9/3/2025,NETV,131,134,131,133,627500
9/3/2025,NFCX,1760,1770,1745,1745,33000
9/3/2025,NICE,422,452,422,446,6827600
9/3/2025,NICK,1350,1400,1350,1390,28400
9/3/2025,NICL,1100,1120,1075,1075,19050200
9/3/2025,NIKL,234,234,228,230,2165600
9/3/2025,NINE,0,0,0,0,0
9/3/2025,NIRO,122,122,121,122,16400
9/3/2025,NISP,1380,1395,1375,1380,4522000
9/3/2025,NOBU,565,575,555,565,6185900
9/3/2025,NPGF,56,63,56,60,89138800
9/3/2025,NRCA,900,925,875,875,7228700
9/3/2025,NSSS,430,434,428,434,13679100
9/3/2025,NTBK,56,66,54,60,385074800
9/3/2025,NUSA,0,0,0,0,0
9/3/2025,NZIA,95,99,94,97,1704500
9/3/2025,OASA,248,252,242,248,100688900
9/3/2025,OBAT,446,448,440,446,1551200
9/3/2025,OBAT-W,90,95,90,91,3452600
9/3/2025,OBMD,288,292,270,274,4901200
9/3/2025,OCAP,0,0,0,0,0
9/3/2025,OILS,136,142,136,139,2759500
9/3/2025,OKAS,296,296,278,278,8169300
9/3/2025,OLIV,66,66,66,66,1063500
9/3/2025,OMED,187,190,187,187,449400
9/3/2025,OMRE,0,0,0,0,0
9/3/2025,OPMS,85,86,82,83,7112400
9/3/2025,PACK,2700,2900,2650,2900,25725600
9/3/2025,PADA,49,49,49,49,9372100
9/3/2025,PADI,79,79,78,78,9618200
9/3/2025,PALM,418,420,404,404,693800
9/3/2025,PAMG,78,78,76,76,10260100
9/3/2025,PANI,16625,16700,15450,15550,36886100
9/3/2025,PANIBQCZ5A,92,92,80,80,1015600
9/3/2025,PANIHDCJ6A,162,162,151,151,777100
9/3/2025,PANIHDCZ5A,234,234,214,214,2426200
9/3/2025,PANIZPCJ6A,105,110,95,95,4521300
9/3/2025,PANR,775,785,755,755,9417600
9/3/2025,PANS,1395,1400,1380,1395,106200
9/3/2025,PART,115,121,111,115,41234800
9/3/2025,PART-W,22,22,18,21,40717100
9/3/2025,PBID,486,490,486,490,458000
9/3/2025,PBRX,36,36,36,36,48752100
9/3/2025,PBSA,915,1050,840,880,18786800
9/3/2025,PCAR,34,40,34,40,38079600
9/3/2025,PDES,478,478,478,478,500
9/3/2025,PDPP,492,510,490,505,943400
9/3/2025,PEGE,113,113,111,113,567000
9/3/2025,PEHA,332,334,330,334,42100
9/3/2025,PEVE,448,448,440,446,149200
9/3/2025,PGAS,1705,1790,1705,1760,113454700
9/3/2025,PGASBQCU5A,104,125,104,125,1001000
9/3/2025,PGASBQCZ5A,0,0,0,0,0
9/3/2025,PGASDRCG6A,77,78,77,78,25200
9/3/2025,PGASZPCJ6A,48,48,48,48,24300
9/3/2025,PGEO,1470,1490,1435,1435,37030500
9/3/2025,PGEOBQCX5B,34,34,34,34,15200
9/3/2025,PGEODRCJ6A,0,0,0,0,0
9/3/2025,PGEODRPV5A,0,0,0,0,0
9/3/2025,PGEOHDCH6A,0,0,0,0,0
9/3/2025,PGEOHDCH6B,71,71,68,68,23000
9/3/2025,PGEOZPCJ6A,61,61,61,61,100
9/3/2025,PGJO,0,0,0,0,0
9/3/2025,PGLI,185,185,175,178,391800
9/3/2025,PGUN,0,0,0,0,0
9/3/2025,PICO,146,147,143,146,635700
9/3/2025,PIPA,185,192,165,175,282747200
9/3/2025,PJAA,500,500,496,498,58900
9/3/2025,PKPK,595,600,580,590,159000
9/3/2025,PLAN,60,60,55,60,11081300
9/3/2025,PLAS,0,0,0,0,0
9/3/2025,PLIN,0,0,0,0,0
9/3/2025,PMJS,120,120,118,119,207500
9/3/2025,PMMP,0,0,0,0,0
9/3/2025,PMUI,125,136,125,135,23221400
9/3/2025,PNBN,1150,1160,1140,1150,4732500
9/3/2025,PNBS,54,60,54,58,153754900
9/3/2025,PNGO,2450,2540,2450,2530,14700
9/3/2025,PNIN,840,860,840,845,633800
9/3/2025,PNLF,258,262,256,258,72666400
9/3/2025,PNLFDRCJ6A,16,16,15,15,6807700
9/3/2025,PNLFHDCZ5A,0,0,0,0,0
9/3/2025,PNLFYUCV5A,0,0,0,0,0
9/3/2025,PNLFZPCH6A,40,45,40,44,50400
9/3/2025,PNSE,950,995,800,825,792800
9/3/2025,POLA,24,24,24,24,5616200
9/3/2025,POLI,785,785,785,785,200
9/3/2025,POLL,0,0,0,0,0
9/3/2025,POLU,6250,7200,6200,7200,236900
9/3/2025,POLY,23,24,23,24,124200
9/3/2025,POOL,0,0,0,0,0
9/3/2025,PORT,905,930,905,920,220400
9/3/2025,POSA,0,0,0,0,0
9/3/2025,POWR,705,715,705,710,2129600
9/3/2025,PPGL,105,105,103,105,52900
9/3/2025,PPRE,102,135,100,123,963029900
9/3/2025,PPRI,268,270,256,260,7372700
9/3/2025,PPRO,0,0,0,0,0
9/3/2025,PRAY,700,700,660,695,22600
9/3/2025,PRDA,2700,2730,2670,2670,85900
9/3/2025,PRIM,92,102,90,94,145780400
9/3/2025,PSAB,620,630,565,610,329136300
9/3/2025,PSAT,1465,1480,1435,1440,1235500
9/3/2025,PSDN,89,102,89,99,23649000
9/3/2025,PSGO,212,212,206,206,1661400
9/3/2025,PSKT,113,117,113,117,23121800
9/3/2025,PSSI,350,358,346,352,3519700
9/3/2025,PTBA,2420,2440,2410,2420,8285200
9/3/2025,PTBABQCV5A,24,24,24,24,31232000
9/3/2025,PTBADRCG6A,27,27,27,27,90000
9/3/2025,PTBAYUCZ5A,0,0,0,0,0
9/3/2025,PTBAZPCH6A,0,0,0,0,0
9/3/2025,PTDU,0,0,0,0,0
9/3/2025,PTIS,420,420,390,404,170900
9/3/2025,PTMP,102,102,98,99,14761700
9/3/2025,PTMR,0,0,0,0,0
9/3/2025,PTPP,378,418,378,404,117359400
9/3/2025,PTPS,178,183,173,178,17385700
9/3/2025,PTPW,940,950,940,950,29200
9/3/2025,PTRO,3800,3820,3700,3700,16986200
9/3/2025,PTSN,500,550,462,510,30018100
9/3/2025,PTSP,1025,1030,985,1025,25900
9/3/2025,PUDP,230,230,224,230,29100
9/3/2025,PURA,28,28,28,28,16053400
9/3/2025,PURE,0,0,0,0,0
9/3/2025,PURI,188,190,186,189,271000
9/3/2025,PWON,370,376,366,370,42250900
9/3/2025,PWONHDCZ5A,0,0,0,0,0
9/3/2025,PWONZPCH6A,0,0,0,0,0
9/3/2025,PYFA,630,640,630,640,11371900
9/3/2025,PYFA-W,105,105,105,105,693100
9/3/2025,PZZA,212,212,206,210,2748800
9/3/2025,R-ABFII,0,0,0,0,0
9/3/2025,R-LQ45X,981,981,974,974,12900
9/3/2025,RAAM,272,296,270,290,21228400
9/3/2025,RAFI,0,0,0,0,0
9/3/2025,RAJA,2700,2750,2620,2700,20883900
9/3/2025,RALS,390,394,388,390,3375200
9/3/2025,RANC,416,418,410,410,17400
9/3/2025,RATU,6025,6125,5950,5975,3598200
9/3/2025,RBMS,35,35,34,34,1504500
9/3/2025,RCCC,169,187,169,185,912300
9/3/2025,RDTX,12300,12300,12025,12025,500
9/3/2025,REAL,43,46,43,46,17484700
9/3/2025,RELF,51,51,48,51,69656300
9/3/2025,RELI,710,710,650,655,101400
9/3/2025,RGAS,117,120,115,118,30141100
9/3/2025,RICY,58,58,58,58,1867800
9/3/2025,RIGS,775,825,750,810,1815700
9/3/2025,RIMO,0,0,0,0,0
9/3/2025,RISE,1020,1020,1005,1010,942500
9/3/2025,RMKE,965,975,895,950,8238200
9/3/2025,RMKO,158,185,152,158,113983500
9/3/2025,ROCK,625,625,625,625,8700
9/3/2025,RODA,45,46,45,46,204000
9/3/2025,RONY,0,0,0,0,0
9/3/2025,ROTI,800,800,790,800,193200
9/3/2025,RSCH,372,380,366,370,3553100
9/3/2025,RSGK,0,0,0,0,0
9/3/2025,RUIS,220,228,218,224,677800
9/3/2025,RUNS,114,121,112,121,1857200
9/3/2025,SAFE,186,191,185,186,244000
9/3/2025,SAGE,41,41,41,41,5313800
9/3/2025,SAME,348,354,344,350,1186300
9/3/2025,SAMF,338,338,332,334,222400
9/3/2025,SAPX,322,322,298,312,320600
9/3/2025,SATU,240,248,240,248,12570100
9/3/2025,SBAT,0,0,0,0,0
9/3/2025,SBMA,133,136,133,136,2369800
9/3/2025,SCCO,2380,2390,2300,2320,62300
9/3/2025,SCMA,330,344,326,332,194190200
9/3/2025,SCMABQCZ5A,154,154,154,154,100
9/3/2025,SCMADRCK6A,113,114,112,112,12300
9/3/2025,SCMAHDCZ5A,0,0,0,0,0
9/3/2025,SCMAZPCG6A,0,0,0,0,0
9/3/2025,SCNP,182,191,177,183,43100
9/3/2025,SCPI,0,0,0,0,0
9/3/2025,SDMU,50,50,48,50,1759300
9/3/2025,SDPC,134,135,131,134,350100
9/3/2025,SDRA,300,302,300,302,230800
9/3/2025,SEMA,94,110,94,102,30576000
9/3/2025,SFAN,1920,1920,1915,1915,73500
9/3/2025,SGER,332,336,320,334,185854400
9/3/2025,SGRO,4350,4450,4280,4390,1847000
9/3/2025,SHID,920,920,890,915,4000
9/3/2025,SHIP,4440,4730,4440,4500,46400
9/3/2025,SICO,127,127,120,124,7716200
9/3/2025,SIDO,530,535,525,525,16849500
9/3/2025,SIDODRCK6A,30,30,30,30,99900
9/3/2025,SILO,2140,2190,2110,2190,616000
9/3/2025,SIMA,0,0,0,0,0
9/3/2025,SIMP,655,670,645,655,25726500
9/3/2025,SINI,3650,3650,3620,3620,536900
9/3/2025,SIPD,0,0,0,0,0
9/3/2025,SKBM,348,364,346,360,165200
9/3/2025,SKLT,189,200,189,196,498800
9/3/2025,SKRN,408,410,402,406,761200
9/3/2025,SKYB,0,0,0,0,0
9/3/2025,SLIS,0,0,0,0,0
9/3/2025,SLIS-W,0,0,0,0,0
9/3/2025,SMAR,6050,6100,5825,5975,210800
9/3/2025,SMBR,286,310,282,296,75060000
9/3/2025,SMCB,0,0,0,0,0
9/3/2025,SMDM,850,875,825,830,97700
9/3/2025,SMDR,336,350,336,340,31139600
9/3/2025,SMGA,105,107,104,106,40939600
9/3/2025,SMGR,2720,2820,2720,2800,11042700
9/3/2025,SMGRBQCU5A,2,3,2,2,1865600
9/3/2025,SMGRBQCX5B,0,0,0,0,0
9/3/2025,SMGRBQCZ5A,0,0,0,0,0
9/3/2025,SMGRDRCV5A,59,59,59,59,100
9/3/2025,SMGRHDCZ5A,104,105,104,105,2000000
9/3/2025,SMGRZPCJ6A,0,0,0,0,0
9/3/2025,SMIL,500,500,478,486,155414900
9/3/2025,SMKL,167,170,165,167,406300
9/3/2025,SMKM,0,0,0,0,0
9/3/2025,SMLE,152,153,149,151,752900
9/3/2025,SMMA,15900,16825,15850,16575,116300
9/3/2025,SMMT,1045,1100,1045,1090,195000
9/3/2025,SMRA,458,460,448,450,39927600
9/3/2025,SMRADRCJ6A,34,34,34,34,1500
9/3/2025,SMRAHDCZ5A,0,0,0,0,0
9/3/2025,SMRAZPCH6A,0,0,0,0,0
9/3/2025,SMRU,0,0,0,0,0
9/3/2025,SMSM,1920,1950,1915,1945,679000
9/3/2025,SNLK,480,480,464,470,7110600
9/3/2025,SOCI,192,204,191,192,21178600
9/3/2025,SOFA,47,49,47,49,8294900
9/3/2025,SOHO,770,775,755,755,10300
9/3/2025,SOLA,152,154,146,146,46956000
9/3/2025,SONA,4800,5500,4420,4600,579800
9/3/2025,SOSS,0,0,0,0,0
9/3/2025,SOTS,250,266,250,266,2800
9/3/2025,SOUL,73,80,73,80,4480300
9/3/2025,SPMA,292,298,288,294,148500
9/3/2025,SPRE,81,81,75,78,4393700
9/3/2025,SPTO,665,675,665,670,972700
9/3/2025,SQMI,0,0,0,0,0
9/3/2025,SRAJ,8225,8275,8100,8200,519100
9/3/2025,SRIL,0,0,0,0,0
9/3/2025,SRSN,71,75,66,68,70046400
9/3/2025,SRTG,1900,1915,1865,1895,10294900
9/3/2025,SRTGDRCK6A,98,99,98,99,2200
9/3/2025,SRTGZPCG6A,0,0,0,0,0
9/3/2025,SSIA,2330,2330,2230,2230,20267900
9/3/2025,SSMS,1460,1495,1445,1470,7944900
9/3/2025,SSTM,272,320,256,320,4869600
9/3/2025,STAA,1015,1035,1015,1035,14041100
9/3/2025,STAR,42,43,42,43,603100
9/3/2025,STRK,189,194,185,189,65848600
9/3/2025,STTP,10500,10500,10300,10400,1300
9/3/2025,SUGI,0,0,0,0,0
9/3/2025,SULI,97,98,94,97,2279100
9/3/2025,SUNI,780,795,765,780,407900
9/3/2025,SUPR,0,0,0,0,0
9/3/2025,SURE,3040,3100,3000,3020,2800
9/3/2025,SURI,121,121,110,113,725479500
9/3/2025,SWAT,0,0,0,0,0
9/3/2025,SWID,95,98,93,93,2644200
9/3/2025,TALF,400,400,366,370,91100
9/3/2025,TAMA,33,33,33,33,1400300
9/3/2025,TAMU,27,27,27,27,9744500
9/3/2025,TAPG,1455,1470,1430,1430,10561400
9/3/2025,TAPGDRCJ6A,70,70,70,70,3000
9/3/2025,TAPGHDCH6A,0,0,0,0,0
9/3/2025,TAPGZPCH6A,0,0,0,0,0
9/3/2025,TARA,30,30,30,30,1883200
9/3/2025,TAXI,14,15,14,15,470916300
9/3/2025,TAYS,85,99,76,77,408842800
9/3/2025,TBIG,1835,1855,1790,1805,2458000
9/3/2025,TBLA,750,765,735,760,4499500
9/3/2025,TBMS,1030,1075,1030,1045,11300
9/3/2025,TCID,2470,2500,2470,2470,5500
9/3/2025,TCPI,5700,5750,5550,5725,9988100
9/3/2025,TDPM,0,0,0,0,0
9/3/2025,TEBE,1880,1890,1780,1780,10342300
9/3/2025,TECH,0,0,0,0,0
9/3/2025,TELE,0,0,0,0,0
9/3/2025,TFAS,134,134,130,133,132900
9/3/2025,TFCO,0,0,0,0,0
9/3/2025,TGKA,5775,5800,5775,5800,2300
9/3/2025,TGRA,0,0,0,0,0
9/3/2025,TGUK,0,0,0,0,0
9/3/2025,TIFA,424,428,410,412,26900
9/3/2025,TINS,1045,1075,1035,1065,46332300
9/3/2025,TIRA,1630,1670,1580,1635,38300
9/3/2025,TIRT,0,0,0,0,0
9/3/2025,TKIM,8000,8000,7700,7725,3590400
9/3/2025,TKIMHDCJ6A,99,99,98,98,1600
9/3/2025,TKIMZPCG6A,150,150,126,149,24300
9/3/2025,TLDN,710,790,700,765,10188800
9/3/2025,TLKM,3080,3170,3070,3110,113875700
9/3/2025,TLKMBQCV5A,0,0,0,0,0
9/3/2025,TLKMDRCJ6A,81,81,78,78,18100
9/3/2025,TLKMDRCX6A,0,0,0,0,0
9/3/2025,TLKMHDCJ6A,0,0,0,0,0
9/3/2025,TLKMHDCV5A,0,0,0,0,0
9/3/2025,TLKMZPCF6A,0,0,0,0,0
9/3/2025,TMAS,135,141,134,134,11671200
9/3/2025,TMPO,0,0,0,0,0
9/3/2025,TNCA,176,187,173,176,3910700
9/3/2025,TOBA,1290,1305,1250,1255,75445000
9/3/2025,TOOL,64,72,62,64,63934500
9/3/2025,TOPS,0,0,0,0,0
9/3/2025,TOSK,58,76,56,72,1055517700
9/3/2025,TOTL,765,765,755,760,1390600
9/3/2025,TOTO,258,258,254,256,814900
9/3/2025,TOWR,605,615,595,595,47211500
9/3/2025,TOYS,0,0,0,0,0
9/3/2025,TPIA,8075,8175,8000,8175,6490300
9/3/2025,TPMA,590,590,585,590,2995100
9/3/2025,TRAM,0,0,0,0,0
9/3/2025,TRGU,180,180,168,174,1457000
9/3/2025,TRIL,0,0,0,0,0
9/3/2025,TRIM,380,382,376,380,1140800
9/3/2025,TRIN,92,93,90,93,2350100
9/3/2025,TRIN-W2,0,0,0,0,0
9/3/2025,TRIO,0,0,0,0,0
9/3/2025,TRIS,192,220,192,197,2382800
9/3/2025,TRJA,136,139,136,138,800600
9/3/2025,TRON,92,94,90,92,5570500
9/3/2025,TRST,500,500,490,500,49700
9/3/2025,TRUE,58,58,58,58,20381800
9/3/2025,TRUK,202,206,185,202,918600
9/3/2025,TRUS,480,480,454,480,20900
9/3/2025,TSPC,2250,2280,2240,2240,679800
9/3/2025,TUGU,965,965,955,965,3112500
9/3/2025,TYRE,127,142,127,131,1784300
9/3/2025,UANG,665,705,665,705,1745600
9/3/2025,UCID,456,460,454,460,5169100
9/3/2025,UDNG,0,0,0,0,0
9/3/2025,UFOE,175,179,175,177,140600
9/3/2025,ULTJ,1280,1285,1270,1280,2314400
9/3/2025,UNIC,8000,8050,8000,8050,1200
9/3/2025,UNIQ,388,402,382,382,52901900
9/3/2025,UNIT,0,0,0,0,0
9/3/2025,UNSP,171,171,171,171,618500
9/3/2025,UNTD,83,88,82,84,14721600
9/3/2025,UNTR,25900,25975,25250,25600,5081600
9/3/2025,UNTRBQCV5A,96,99,96,98,6400
9/3/2025,UNTRDRCG6A,151,151,150,150,21000
9/3/2025,UNTRZPCJ6A,0,0,0,0,0
9/3/2025,UNVR,1700,1730,1700,1710,11426700
9/3/2025,UNVRBQCU5A,15,16,5,5,8162000
9/3/2025,UNVRBQCZ5A,0,0,0,0,0
9/3/2025,UNVRDRCG6A,0,0,0,0,0
9/3/2025,UNVRHDPG6A,0,0,0,0,0
9/3/2025,UNVRZPCH6A,0,0,0,0,0
9/3/2025,URBN,140,149,134,143,1526400
9/3/2025,UVCR,74,75,73,74,2283400
9/3/2025,VAST,176,180,175,177,5241300
9/3/2025,VAST-W,15,15,14,15,7399700
9/3/2025,VERN,120,152,120,142,108169100
9/3/2025,VERN-W,6,9,5,8,327853600
9/3/2025,VICI,615,615,605,615,549900
9/3/2025,VICO,180,187,180,183,1078300
9/3/2025,VINS,130,130,123,126,32400
9/3/2025,VISI,139,143,138,142,7157000
9/3/2025,VIVA,31,31,31,31,16866700
9/3/2025,VKTR,112,126,111,124,78998400
9/3/2025,VOKS,270,278,258,268,541600
9/3/2025,VRNA,95,96,91,91,2182500
9/3/2025,VTNY,107,110,106,106,15557600
9/3/2025,WAPO,196,230,191,206,60555500
9/3/2025,WEGE,65,85,64,85,1261560200
9/3/2025,WEHA,118,118,117,117,822300
9/3/2025,WGSH,166,175,166,173,1420700
9/3/2025,WICO,0,0,0,0,0
9/3/2025,WIDI,50,50,49,50,14092300
9/3/2025,WIFI,2630,2640,2550,2560,70507300
9/3/2025,WIIM,805,805,790,790,1315700
9/3/2025,WIKA,0,0,0,0,0
9/3/2025,WINE,214,214,210,214,351400
9/3/2025,WINR,30,30,30,30,22382800
9/3/2025,WINS,414,414,404,410,3003000
9/3/2025,WIRG,185,189,176,178,924407500
9/3/2025,WMPP,0,0,0,0,0
9/3/2025,WMUU,18,18,17,17,118452700
9/3/2025,WOMF,340,340,338,340,268400
9/3/2025,WOOD,358,400,356,372,19594200
9/3/2025,WOWS,0,0,0,0,0
9/3/2025,WSBP,30,30,30,30,107248500
9/3/2025,WSKT,0,0,0,0,0
9/3/2025,WTON,95,124,93,112,708180600
9/3/2025,XAQA,0,0,0,0,0
9/3/2025,XBES,1030,1031,1030,1030,10800
9/3/2025,XBID,505,507,505,507,40200
9/3/2025,XBIG,0,0,0,0,0
9/3/2025,XBIN,575,575,575,575,40000
9/3/2025,XBLQ,478,483,478,483,200
9/3/2025,XBNI,0,0,0,0,0
9/3/2025,XBSK,449,449,449,449,40000
9/3/2025,XCEG,109,109,109,109,300
9/3/2025,XCID,76,98,63,68,3979400
9/3/2025,XCIS,112,112,92,97,83400
9/3/2025,XCLQ,94,100,77,87,19267600
9/3/2025,XDIF,448,448,448,448,3000
9/3/2025,XIFE,128,136,107,108,57700
9/3/2025,XIHD,629,629,628,628,6500
9/3/2025,XIIC,0,0,0,0,0
9/3/2025,XIID,0,0,0,0,0
9/3/2025,XIIF,466,466,465,465,2000
9/3/2025,XIIT,514,514,513,513,40500
9/3/2025,XIJI,611,611,611,611,300
9/3/2025,XILV,118,130,116,116,50800
9/3/2025,XIML,320,320,261,261,7400
9/3/2025,XIPB,197,197,197,197,500
9/3/2025,XIPI,220,220,215,215,5100
9/3/2025,XISB,0,0,0,0,0
9/3/2025,XISC,0,0,0,0,0
9/3/2025,XISI,0,0,0,0,0
9/3/2025,XISR,0,0,0,0,0
9/3/2025,XKID,0,0,0,0,0
9/3/2025,XKIV,596,596,596,596,41000
9/3/2025,XKMS,1130,1134,1126,1134,200300
9/3/2025,XMGB,1118,1118,1118,1118,100
9/3/2025,XMIG,218,218,216,216,200100
9/3/2025,XMLF,876,876,876,876,40000
9/3/2025,XMSK,388,388,386,386,1100
9/3/2025,XNVE,0,0,0,0,0
9/3/2025,XPDV,930,930,634,648,13000
9/3/2025,XPFT,0,0,0,0,0
9/3/2025,XPIN,649,649,646,646,300
9/3/2025,XPLQ,640,640,535,535,9900
9/3/2025,XPSG,0,0,0,0,0
9/3/2025,XPTD,464,465,464,465,200
9/3/2025,XSBC,100,117,99,103,149800
9/3/2025,XSPI,0,0,0,0,0
9/3/2025,XSSI,81,110,81,83,9490800
9/3/2025,XSSK,701,701,699,699,20100
9/3/2025,YELO,70,70,64,64,12114300
9/3/2025,YOII,96,96,94,96,3052500
9/3/2025,YPAS,0,0,0,0,0
9/3/2025,YULE,2700,2700,2700,2700,85200
9/3/2025,YUPI,1615,1635,1615,1625,43700
9/3/2025,ZATA,24,24,24,24,20961600
9/3/2025,ZBRA,0,0,0,0,0
9/3/2025,ZINC,19,20,19,20,29952000
9/3/2025,ZONE,740,745,735,740,58800
9/3/2025,ZYRX,159,162,153,154,2244500
