<date>,<ticker>,<open>,<high>,<low>,<close>,<volume>
10/31/2025,IHSG,8202.523,8215.546,8144.077,8163.875,266403580
10/31/2025,AADI,8625,8650,8325,8550,16527100
10/31/2025,AADIDRCN6A,111,111,104,108,129600
10/31/2025,AADIHDCK6A,116,116,107,111,503100
10/31/2025,AADIYUCK6A,0,0,0,0,0
10/31/2025,AALI,7850,7950,7700,7800,2051500
10/31/2025,ABBA,60,60,59,59,3387700
10/31/2025,ABDA,2710,2710,2710,2710,1400
10/31/2025,ABMM,3000,3010,2960,2960,2140200
10/31/2025,ACES,456,458,442,444,60801400
10/31/2025,ACESBQCX5B,4,4,3,4,3107600
10/31/2025,ACESBQCZ5A,13,13,12,12,337400
10/31/2025,ACESDRCJ6A,12,13,11,12,1511000
10/31/2025,ACESHDCZ5A,0,0,0,0,0
10/31/2025,ACESZPCJ6A,19,19,19,19,100
10/31/2025,ACRO,90,92,87,87,32667800
10/31/2025,ACRO-W,9,9,7,8,6771400
10/31/2025,ACST,132,133,130,130,3323100
10/31/2025,ADCP,55,56,55,55,5589700
10/31/2025,ADES,15375,16400,15375,15900,24600
10/31/2025,ADHI,268,268,262,262,4612800
10/31/2025,ADMF,8850,9075,8850,8950,200900
10/31/2025,ADMG,146,154,141,146,1849900
10/31/2025,ADMR,1465,1470,1370,1395,98030000
10/31/2025,ADMRDRCJ6A,80,80,69,73,5676500
10/31/2025,ADMRHDCJ6A,124,124,107,107,3600
10/31/2025,ADMRZPCH6A,97,97,95,96,8300
10/31/2025,ADRO,1980,1985,1865,1885,278129200
10/31/2025,ADROBQCG6A,0,0,0,0,0
10/31/2025,ADROBQCZ5A,10,10,8,8,1363100
10/31/2025,ADRODRCJ6A,67,67,59,61,419100
10/31/2025,ADRODRCX5A,50,50,39,40,667500
10/31/2025,ADROHDCZ5A,54,56,49,49,8238200
10/31/2025,ADROHDPH6A,75,85,75,84,1137800
10/31/2025,ADROYUCZ5A,63,63,60,61,3900
10/31/2025,ADROZPCF6A,26,26,26,26,47300
10/31/2025,ADROZPCK6A,67,67,57,59,360500
10/31/2025,AEGS,77,77,77,77,4217700
10/31/2025,AGAR,238,254,238,242,174300
10/31/2025,AGII,1350,1435,1310,1320,4684800
10/31/2025,AGRO,236,238,228,232,30336500
10/31/2025,AGRS,70,71,69,70,1924600
10/31/2025,AHAP,91,91,89,89,8792300
10/31/2025,AIMS,390,426,388,396,3105000
10/31/2025,AISA,148,153,141,145,45412500
10/31/2025,AKKU,40,40,40,40,1218700
10/31/2025,AKPI,625,625,570,590,232000
10/31/2025,AKRA,1205,1235,1200,1220,44720900
10/31/2025,AKRABQCX5B,16,17,14,16,21450900
10/31/2025,AKRADRCX5A,21,22,21,22,201200
10/31/2025,AKRAHDCH6A,0,0,0,0,0
10/31/2025,AKRAZPCJ6A,0,0,0,0,0
10/31/2025,AKRAZPCM6A,36,36,34,34,200100
10/31/2025,AKRAZPCX5A,0,0,0,0,0
10/31/2025,AKSI,408,478,400,402,3639300
10/31/2025,ALDO,505,520,490,510,430600
10/31/2025,ALII,565,580,550,555,473200
10/31/2025,ALKA,360,372,360,364,105700
10/31/2025,ALMI,0,0,0,0,0
10/31/2025,ALTO,0,0,0,0,0
10/31/2025,AMAG,376,378,370,376,177100
10/31/2025,AMAN,143,143,138,141,3176200
10/31/2025,AMAR,228,232,224,230,437400
10/31/2025,AMFG,3630,3630,3510,3570,5500
10/31/2025,AMIN,264,268,252,268,297300
10/31/2025,AMMN,6925,7125,6925,7100,28645400
10/31/2025,AMMNBQCZ5A,8,9,7,9,5904000
10/31/2025,AMMNDRCJ6A,40,44,38,44,241100
10/31/2025,AMMNHDCH6A,63,63,61,61,9145800
10/31/2025,AMMNZPCG6A,23,26,23,26,640300
10/31/2025,AMMS,0,0,0,0,0
10/31/2025,AMOR,420,422,414,420,529600
10/31/2025,AMRT,2040,2060,2010,2010,52769900
10/31/2025,AMRTBQCH6A,26,26,25,25,2200
10/31/2025,AMRTDRCZ5A,20,20,20,20,1400200
10/31/2025,AMRTHDCJ6A,15,15,12,13,8373200
10/31/2025,AMRTZPCK6A,21,21,20,20,204900
10/31/2025,AMRTZPCX5A,0,0,0,0,0
10/31/2025,ANDI,24,24,24,24,3577000
10/31/2025,ANJT,2220,2230,2160,2160,753900
10/31/2025,ANTM,3160,3180,3100,3100,92327900
10/31/2025,ANTMBQCX5A,37,37,27,27,126300
10/31/2025,ANTMBQCZ5A,0,0,0,0,0
10/31/2025,ANTMDRCG6A,41,41,38,40,2737400
10/31/2025,ANTMDRCG6B,54,54,51,51,127000
10/31/2025,ANTMDRCX5A,308,308,308,308,600000
10/31/2025,ANTMDRPZ5A,26,58,26,29,1600
10/31/2025,ANTMHDCH6A,73,73,72,72,200
10/31/2025,ANTMHDCH6B,115,115,115,115,300000
10/31/2025,ANTMHDPH6A,0,0,0,0,0
10/31/2025,ANTMZPCJ6A,70,70,67,67,632600
10/31/2025,ANTMZPCK6A,29,29,27,27,602600
10/31/2025,ANTMZPCX5A,0,0,0,0,0
10/31/2025,APEX,132,137,130,136,63311600
10/31/2025,APIC,1135,1140,1125,1125,4578900
10/31/2025,APII,183,184,172,176,204200
10/31/2025,APLI,458,575,444,450,939800
10/31/2025,APLN,100,101,99,100,4876300
10/31/2025,ARCI,1215,1230,1185,1195,81409600
10/31/2025,AREA,545,550,530,545,2715300
10/31/2025,ARGO,995,1015,975,990,52500
10/31/2025,ARII,286,292,280,280,480700
10/31/2025,ARKA,29,29,29,29,748300
10/31/2025,ARKO,1600,1630,1555,1590,1280700
10/31/2025,ARMY,0,0,0,0,0
10/31/2025,ARNA,550,555,540,550,6173900
10/31/2025,ARTA,3190,3400,3190,3250,3200
10/31/2025,ARTI,0,0,0,0,0
10/31/2025,ARTO,2220,2260,2180,2190,15715100
10/31/2025,ARTOBQCX5B,74,74,74,74,100
10/31/2025,ARTOBQCZ5A,11,13,9,10,9605300
10/31/2025,ARTODRCK6A,71,71,71,71,100
10/31/2025,ARTODRCX5A,51,51,48,48,75100
10/31/2025,ARTOHDCN6A,66,66,62,63,30000
10/31/2025,ARTOHDCZ5A,104,107,104,107,2500
10/31/2025,ARTOZPCK6A,48,48,45,46,2434700
10/31/2025,ARTOZPCX5A,0,0,0,0,0
10/31/2025,ASBI,545,545,494,500,381200
10/31/2025,ASDM,575,575,560,575,34100
10/31/2025,ASGR,1205,1220,1195,1205,927700
10/31/2025,ASHA,58,58,54,54,19763000
10/31/2025,ASII,6250,6300,6125,6150,64790000
10/31/2025,ASIIBQCZ5A,130,130,130,130,4100
10/31/2025,ASIIDRCX5A,0,0,0,0,0
10/31/2025,ASIIDRCX6A,0,0,0,0,0
10/31/2025,ASIIHDCZ5A,183,183,183,183,100
10/31/2025,ASIIZPCJ6A,0,0,0,0,0
10/31/2025,ASIIZPCM6A,41,41,38,38,230500
10/31/2025,ASJT,129,144,126,128,1666500
10/31/2025,ASLC,106,108,99,99,207413000
10/31/2025,ASLI,216,230,193,200,133022900
10/31/2025,ASMI,26,26,26,26,3264000
10/31/2025,ASPI,785,785,785,785,261000
10/31/2025,ASPR,100,100,98,98,703800
10/31/2025,ASRI,165,166,161,162,24079500
10/31/2025,ASRM,342,366,320,338,799300
10/31/2025,ASSA,1110,1125,1060,1065,12919600
10/31/2025,ATAP,93,93,93,93,772200
10/31/2025,ATIC,464,545,462,500,6898200
10/31/2025,ATLA,67,68,66,67,39984800
10/31/2025,AUTO,2550,2560,2480,2550,6939300
10/31/2025,AUTODRCV6A,0,0,0,0,0
10/31/2025,AUTOHDCN6A,40,40,37,37,15000
10/31/2025,AUTOZPCJ6A,0,0,0,0,0
10/31/2025,AVIA,416,418,412,414,7182300
10/31/2025,AVIADRCV6A,58,58,58,58,100
10/31/2025,AVIAHDCN6A,0,0,0,0,0
10/31/2025,AVIAZPCJ6A,15,15,14,15,293100
10/31/2025,AWAN,238,242,234,236,22094000
10/31/2025,AXIO,126,126,123,126,565600
10/31/2025,AYAM,179,181,177,178,85865300
10/31/2025,AYLS,0,0,0,0,0
10/31/2025,BABP,53,54,52,53,20052900
10/31/2025,BABY,530,550,520,535,15486500
10/31/2025,BACA,139,140,138,138,1585700
10/31/2025,BAIK,99,100,99,99,544600
10/31/2025,BAIK-W,10,10,8,9,297800
10/31/2025,BAJA,155,156,150,150,5633900
10/31/2025,BALI,1240,1245,1210,1230,133800
10/31/2025,BANK,870,945,870,940,11355000
10/31/2025,BANK-W,0,0,0,0,0
10/31/2025,BAPA,67,73,67,67,18694000
10/31/2025,BAPI,20,21,20,21,3790700
10/31/2025,BATA,55,61,55,61,410500
10/31/2025,BATR,110,112,108,111,1710200
10/31/2025,BAUT,41,41,40,40,2727900
10/31/2025,BAYU,1350,1350,1330,1345,82300
10/31/2025,BBCA,8550,8650,8525,8525,177088000
10/31/2025,BBCABQCG6A,85,87,84,84,4910800
10/31/2025,BBCABQCX5A,9,9,6,7,8805400
10/31/2025,BBCADRCF6A,37,39,36,36,6635500
10/31/2025,BBCADRCX6A,0,0,0,0,0
10/31/2025,BBCAHDCQ7A,74,76,73,73,1584000
10/31/2025,BBCAYUCK6A,208,208,206,206,3200
10/31/2025,BBCAZPCF6A,26,27,24,25,3057300
10/31/2025,BBCAZPCH6A,88,92,88,92,814200
10/31/2025,BBHI,1475,1495,1470,1495,959600
10/31/2025,BBKP,70,70,68,68,149214500
10/31/2025,BBLD,880,935,880,895,5700
10/31/2025,BBMD,2090,2090,2090,2090,300
10/31/2025,BBNI,4400,4450,4350,4380,69141700
10/31/2025,BBNIBQCG6A,0,0,0,0,0
10/31/2025,BBNIDRCX6A,2390,2390,2390,2390,100
10/31/2025,BBNIDRCZ5A,53,53,53,53,4000
10/31/2025,BBNIDRPZ5A,40,40,40,40,442400
10/31/2025,BBNIHDCQ7A,87,87,87,87,1100
10/31/2025,BBNIZPCH6A,98,98,96,96,1900
10/31/2025,BBNIZPCX5A,39,40,39,40,238600
10/31/2025,BBRI,3930,4020,3920,3980,348755700
10/31/2025,BBRIBQCJ6A,50,53,49,53,1201800
10/31/2025,BBRIBQCZ5A,31,34,31,32,118000
10/31/2025,BBRIDRCG6A,88,89,87,87,470700
10/31/2025,BBRIDRCN6A,105,105,103,103,665400
10/31/2025,BBRIDRCX5A,102,102,102,102,56400
10/31/2025,BBRIDRCX6A,2200,2240,2200,2240,200
10/31/2025,BBRIDRPZ5A,40,40,40,40,257600
10/31/2025,BBRIHDCH6A,0,0,0,0,0
10/31/2025,BBRIHDCQ7A,84,88,84,86,9800
10/31/2025,BBRIZPCH6A,81,81,81,81,124000
10/31/2025,BBRIZPCX5A,0,0,0,0,0
10/31/2025,BBRM,88,89,85,86,6051900
10/31/2025,BBSI,4010,4010,3980,3990,7200
10/31/2025,BBSS,358,374,342,356,75300
10/31/2025,BBTN,1245,1245,1215,1225,31696700
10/31/2025,BBTNDRCV6A,68,68,64,65,1115000
10/31/2025,BBTNHDCZ5A,75,78,75,78,1000000
10/31/2025,BBTNYUCZ5A,58,58,56,56,50100
10/31/2025,BBTNZPCG6A,36,39,36,38,13600
10/31/2025,BBYB,420,426,388,388,223691200
10/31/2025,BCAP,54,55,54,54,8426300
10/31/2025,BCIC,147,148,143,148,744200
10/31/2025,BCIP,109,115,108,112,45229600
10/31/2025,BDKR,172,173,170,172,17309300
10/31/2025,BDMN,2540,2640,2530,2570,9202200
10/31/2025,BEBS,0,0,0,0,0
10/31/2025,BEEF,490,505,476,480,12233800
10/31/2025,BEER,131,133,120,126,7797100
10/31/2025,BEKS,26,27,26,27,10752900
10/31/2025,BELI,378,380,376,378,284300
10/31/2025,BELL,66,69,65,67,17720900
10/31/2025,BESS,1575,1690,1575,1625,49800
10/31/2025,BEST,107,113,106,107,21721400
10/31/2025,BFIN,805,810,795,805,24413400
10/31/2025,BFINDRCK6A,0,0,0,0,0
10/31/2025,BFINHDCM6A,37,37,37,37,5000
10/31/2025,BFINZPCM6A,21,21,21,21,5000
10/31/2025,BGTG,119,120,113,113,30154600
10/31/2025,BHAT,950,970,945,965,2262600
10/31/2025,BHIT,33,33,33,33,1398200
10/31/2025,BIKA,0,0,0,0,0
10/31/2025,BIKE,920,930,900,905,5127300
10/31/2025,BIMA,72,72,71,71,10600
10/31/2025,BINA,4490,4510,4480,4480,722600
10/31/2025,BINO,128,131,126,129,543000
10/31/2025,BIPI,82,82,79,81,478927900
10/31/2025,BIPP,50,50,42,42,4856000
10/31/2025,BIRD,1810,1810,1765,1770,3100100
10/31/2025,BISI,885,895,875,890,904700
10/31/2025,BJBR,805,810,800,805,3749800
10/31/2025,BJTM,545,550,540,545,11631000
10/31/2025,BKDP,42,42,39,42,113300
10/31/2025,BKSL,115,120,115,117,182365500
10/31/2025,BKSW,64,64,63,64,472500
10/31/2025,BLES,163,166,161,164,3930900
10/31/2025,BLOG,500,510,500,505,1575200
10/31/2025,BLTA,30,30,30,30,1830800
10/31/2025,BLTZ,0,0,0,0,0
10/31/2025,BLUE,1630,1630,1630,1630,503700
10/31/2025,BMAS,675,680,675,680,10200
10/31/2025,BMBL,42,43,40,43,5455800
10/31/2025,BMHS,158,160,154,159,6942500
10/31/2025,BMRI,4790,4800,4720,4720,227378000
10/31/2025,BMRIBQCJ6A,0,0,0,0,0
10/31/2025,BMRIBQCZ5A,14,15,12,12,3791900
10/31/2025,BMRIDRCG6A,111,111,111,111,49200
10/31/2025,BMRIDRCX5A,37,37,34,35,2300
10/31/2025,BMRIDRCX6A,2270,2270,2270,2270,100
10/31/2025,BMRIHDCQ7A,90,91,88,88,608900
10/31/2025,BMRIYUCK6A,123,123,123,123,6500
10/31/2025,BMRIZPCH6A,56,56,54,54,99600
10/31/2025,BMRIZPCX5A,18,19,17,17,188600
10/31/2025,BMSR,306,316,302,310,65900
10/31/2025,BMTR,144,145,143,144,12297000
10/31/2025,BNBA,625,625,620,620,69200
10/31/2025,BNBR,41,41,40,40,17370200
10/31/2025,BNGA,1740,1755,1725,1745,6060500
10/31/2025,BNGADRCK6A,60,60,60,60,8000
10/31/2025,BNGAZPCH6A,0,0,0,0,0
10/31/2025,BNII,202,206,202,206,607600
10/31/2025,BNLI,5325,5350,5200,5275,83200
10/31/2025,BOAT,126,126,121,122,1715900
10/31/2025,BOBA,212,224,204,210,1244400
10/31/2025,BOGA,494,494,488,492,1369100
10/31/2025,BOLA,187,187,175,182,242200
10/31/2025,BOLT,1100,1150,1085,1150,250300
10/31/2025,BOSS,0,0,0,0,0
10/31/2025,BPFI,326,326,320,326,14700
10/31/2025,BPII,555,555,550,550,97200
10/31/2025,BPTR,92,93,90,91,481400
10/31/2025,BRAM,5150,5150,5050,5050,3800
10/31/2025,BREN,8700,8850,8650,8675,11425900
10/31/2025,BRIS,2570,2620,2550,2550,25759900
10/31/2025,BRISBQCZ5A,27,27,27,27,1000
10/31/2025,BRISDRCJ6A,0,0,0,0,0
10/31/2025,BRISHDCH6A,0,0,0,0,0
10/31/2025,BRISHDCZ5A,0,0,0,0,0
10/31/2025,BRISZPCG6A,35,35,35,35,2000
10/31/2025,BRMS,915,925,895,920,474283900
10/31/2025,BRMSBQCZ5A,224,224,224,224,400
10/31/2025,BRMSDRCG6A,39,41,37,41,5099100
10/31/2025,BRMSDRCJ6A,156,159,153,158,1179800
10/31/2025,BRMSDRPX5A,2,2,1,2,2501100
10/31/2025,BRMSHDCH6A,258,258,258,258,5300
10/31/2025,BRMSHDCZ5A,0,0,0,0,0
10/31/2025,BRMSZPCG6A,248,250,248,250,40600
10/31/2025,BRNA,700,700,700,700,1100
10/31/2025,BRPT,3550,3570,3450,3450,61590500
10/31/2025,BRPTBQCX5B,224,300,224,300,16600
10/31/2025,BRPTBQCZ5A,0,0,0,0,0
10/31/2025,BRPTDRCF6A,362,362,362,362,47900
10/31/2025,BRPTDRCJ6A,210,210,208,208,20000
10/31/2025,BRPTDRCX5A,0,0,0,0,0
10/31/2025,BRPTHDCH6A,312,312,312,312,38800
10/31/2025,BRPTHDCH6B,0,0,0,0,0
10/31/2025,BRPTHDPG6A,75,79,75,78,602700
10/31/2025,BRPTYUCZ5A,238,238,230,230,1000100
10/31/2025,BRPTZPCF6A,0,0,0,0,0
10/31/2025,BRPTZPCK6A,79,79,76,77,431000
10/31/2025,BRPTZPCX5A,0,0,0,0,0
10/31/2025,BRRC,138,156,135,135,75807000
10/31/2025,BRRC-W,24,27,22,22,38427600
10/31/2025,BSBK,73,73,70,71,37127300
10/31/2025,BSDE,950,980,930,980,33447100
10/31/2025,BSDEBQCK6A,32,32,32,32,1000
10/31/2025,BSDEDRCG6A,0,0,0,0,0
10/31/2025,BSDEDRCJ6A,0,0,0,0,0
10/31/2025,BSDEHDCM6A,31,31,31,31,14500
10/31/2025,BSDEZPCH6A,43,44,43,44,9500
10/31/2025,BSIM,880,950,855,875,102100
10/31/2025,BSML,180,181,172,180,17643000
10/31/2025,BSSR,3960,3970,3930,3970,556000
10/31/2025,BSWD,0,0,0,0,0
10/31/2025,BTEK,12,12,12,12,179011400
10/31/2025,BTEL,0,0,0,0,0
10/31/2025,BTON,388,388,380,388,21500
10/31/2025,BTPN,2100,2180,2100,2130,37100
10/31/2025,BTPS,1415,1420,1370,1370,17202400
10/31/2025,BTPSDRCK6A,0,0,0,0,0
10/31/2025,BTPSHDCJ6A,0,0,0,0,0
10/31/2025,BTPSZPCH6A,0,0,0,0,0
10/31/2025,BUAH,750,750,730,730,617400
10/31/2025,BUDI,224,268,224,230,18512000
10/31/2025,BUKA,169,171,167,168,149580700
10/31/2025,BUKABQCZ5B,13,13,13,13,508500
10/31/2025,BUKADRCK6A,16,16,15,16,384000
10/31/2025,BUKAHDCZ5A,102,102,102,102,1100
10/31/2025,BUKAZPCM6A,0,0,0,0,0
10/31/2025,BUKK,960,965,940,950,32700
10/31/2025,BULL,224,224,212,218,422108000
10/31/2025,BUMI,141,145,140,142,1634337100
10/31/2025,BUVA,850,935,845,850,350354700
10/31/2025,BVIC,102,105,100,100,5211200
10/31/2025,BVIC-W,21,26,21,21,38200
10/31/2025,BWPT,152,159,149,152,323898500
10/31/2025,BYAN,18050,18175,18000,18150,23000
10/31/2025,CAKK,178,179,174,177,202000
10/31/2025,CAMP,218,218,212,214,913200
10/31/2025,CANI,43,44,43,43,91200
10/31/2025,CARE,320,324,316,322,28110100
10/31/2025,CARS,129,132,124,131,26958400
10/31/2025,CASA,1095,1110,1085,1095,3762800
10/31/2025,CASH,94,96,92,94,1248200
10/31/2025,CASS,2790,2840,2650,2750,127600
10/31/2025,CBDK,6250,6425,6150,6350,13233100
10/31/2025,CBMF,0,0,0,0,0
10/31/2025,CBPE,278,290,260,266,1460200
10/31/2025,CBRE,1350,1370,1310,1315,31921300
10/31/2025,CBUT,1320,1335,1300,1330,37000
10/31/2025,CCSI,356,360,350,358,277400
10/31/2025,CDIA,1805,1880,1805,1815,204560700
10/31/2025,CEKA,2480,2510,2480,2510,55400
10/31/2025,CENT,137,145,136,136,24005600
10/31/2025,CFIN,322,326,320,322,1861100
10/31/2025,CGAS,150,150,143,143,7074700
10/31/2025,CHEK,186,191,185,190,11576400
10/31/2025,CHEM,89,94,88,89,4572400
10/31/2025,CHIP,1285,1300,1270,1295,171600
10/31/2025,CINT,152,163,151,152,2420600
10/31/2025,CITA,5325,5400,4800,4930,1635800
10/31/2025,CITY,173,184,166,168,12688500
10/31/2025,CLAY,3070,3070,2840,2870,88600
10/31/2025,CLEO,535,540,525,540,4169600
10/31/2025,CLPI,1460,1480,1430,1450,375400
10/31/2025,CMNP,1305,1305,1280,1295,183900
10/31/2025,CMNP-W,300,404,296,364,91100
10/31/2025,CMNT,770,770,755,770,24274600
10/31/2025,CMPP,93,96,84,96,660000
10/31/2025,CMRY,5500,5800,5350,5675,13738500
10/31/2025,CMRYDRCK6A,103,120,103,113,27500
10/31/2025,CMRYHDCN6A,85,85,83,83,12300
10/31/2025,CMRYZPCJ6A,58,59,56,56,70300
10/31/2025,CNKO,64,71,64,71,101645700
10/31/2025,CNMA,122,122,119,119,29151000
10/31/2025,CNTB,0,0,0,0,0
10/31/2025,CNTX,0,0,0,0,0
10/31/2025,COAL,55,55,55,55,5722300
10/31/2025,COCO,440,454,404,410,174405300
10/31/2025,COIN,2640,2660,2470,2520,39642200
10/31/2025,COWL,0,0,0,0,0
10/31/2025,CPIN,4790,4840,4670,4670,16147700
10/31/2025,CPINDRCG6A,67,67,61,62,464600
10/31/2025,CPINHDCN6A,0,0,0,0,0
10/31/2025,CPINZPCJ6A,0,0,0,0,0
10/31/2025,CPRI,0,0,0,0,0
10/31/2025,CPRO,62,63,60,60,247791800
10/31/2025,CRAB,286,290,284,288,2399900
10/31/2025,CRSN,110,112,110,110,273100
10/31/2025,CSAP,326,332,318,326,323000
10/31/2025,CSIS,230,234,226,226,1977900
10/31/2025,CSMI,270,280,254,260,22652600
10/31/2025,CSRA,885,885,855,865,883000
10/31/2025,CTBN,5250,5250,5250,5250,200
10/31/2025,CTRA,910,915,885,885,43607200
10/31/2025,CTRADRCJ6A,14,14,14,14,1000
10/31/2025,CTRAHDCK6A,0,0,0,0,0
10/31/2025,CTRAYUCZ5A,32,32,32,32,425800
10/31/2025,CTRAZPCG6A,0,0,0,0,0
10/31/2025,CTTH,80,88,80,85,4489700
10/31/2025,CUAN,2010,2070,1980,2010,70827100
10/31/2025,CYBR,1420,1445,1400,1415,18419900
10/31/2025,CYBR-W,980,1335,980,1005,133600
10/31/2025,DAAZ,2670,2670,2610,2640,82000
10/31/2025,DADA,50,50,50,50,5923400
10/31/2025,DART,162,165,161,165,202400
10/31/2025,DATA,5750,6075,5675,5875,9283000
10/31/2025,DAYA,1180,1300,1075,1280,145700
10/31/2025,DCII,259600,263500,259600,260150,1700
10/31/2025,DEAL,0,0,0,0,0
10/31/2025,DEFI,0,0,0,0,0
10/31/2025,DEPO,278,278,270,272,162300
10/31/2025,DEWA,324,346,318,334,745191900
10/31/2025,DEWI,113,122,113,119,53272200
10/31/2025,DFAM,75,77,74,74,1350900
10/31/2025,DGIK,100,100,95,98,5826400
10/31/2025,DGNS,145,148,144,144,702100
10/31/2025,DGWG,416,418,412,416,7995300
10/31/2025,DIGI,34,35,34,35,1224400
10/31/2025,DILD,134,136,131,134,11547000
10/31/2025,DIVA,200,212,197,204,2667200
10/31/2025,DKFT,750,760,735,745,20236900
10/31/2025,DKHH,87,87,85,85,4715200
10/31/2025,DKHH-W,17,18,16,17,1648200
10/31/2025,DLTA,2090,2090,2050,2060,15000
10/31/2025,DMAS,133,135,133,133,36504000
10/31/2025,DMMX,400,406,382,406,3445000
10/31/2025,DMND,625,635,595,615,525600
10/31/2025,DNAR,122,122,120,120,1324200
10/31/2025,DNET,9150,9150,9025,9100,3200
10/31/2025,DOID,344,346,340,342,3913200
10/31/2025,DOOH,135,136,133,133,22190900
10/31/2025,DOSS,154,154,147,151,6502400
10/31/2025,DPNS,0,0,0,0,0
10/31/2025,DPUM,61,62,58,60,644500
10/31/2025,DRMA,1085,1085,1040,1050,2342200
10/31/2025,DSFI,87,88,86,87,4249400
10/31/2025,DSNG,1845,1910,1800,1885,30174700
10/31/2025,DSNGDRCK6A,0,0,0,0,0
10/31/2025,DSNGHDCK6A,121,125,118,122,5600
10/31/2025,DSNGZPCM6A,55,55,55,55,2000
10/31/2025,DSSA,87100,87950,84050,84575,2280700
10/31/2025,DUCK,0,0,0,0,0
10/31/2025,DUTI,4350,4360,4350,4360,14000
10/31/2025,DVLA,1660,1665,1640,1655,81000
10/31/2025,DWGL,414,462,400,462,176906300
10/31/2025,DYAN,88,90,87,88,1772700
10/31/2025,EAST,94,94,93,93,902500
10/31/2025,ECII,181,181,178,178,386500
10/31/2025,EDGE,4480,4490,4120,4450,43000
10/31/2025,EKAD,181,184,181,183,322700
10/31/2025,ELIT,180,181,177,179,3602600
10/31/2025,ELPI,460,464,458,460,1081500
10/31/2025,ELSA,515,515,510,510,19400900
10/31/2025,ELSADRCG6A,28,28,28,28,300
10/31/2025,ELSADRCJ6A,32,32,32,32,2100
10/31/2025,ELSAHDCK6A,0,0,0,0,0
10/31/2025,ELSAZPCG6A,0,0,0,0,0
10/31/2025,ELTY,19,19,19,19,49656300
10/31/2025,EMAS,4150,4190,4080,4090,11213400
10/31/2025,EMDE,97,97,95,97,381700
10/31/2025,EMTK,1185,1200,1155,1185,91458900
10/31/2025,EMTKBQCH6A,24,25,23,25,968700
10/31/2025,EMTKBQCZ5A,0,0,0,0,0
10/31/2025,EMTKDRCK6A,50,51,47,51,2568800
10/31/2025,EMTKHDCK6A,62,64,62,64,66200
10/31/2025,EMTKHDCZ5A,232,232,230,230,600
10/31/2025,EMTKZPCH6A,141,160,138,160,36800
10/31/2025,EMTKZPCM6A,41,41,41,41,60000
10/31/2025,ENAK,695,700,685,700,2162100
10/31/2025,ENRG,835,850,820,825,73493800
10/31/2025,ENRGBQCZ5A,56,56,56,56,1300
10/31/2025,ENRGDRCG6A,21,24,21,23,283600
10/31/2025,ENRGDRCJ6A,139,139,138,138,800
10/31/2025,ENRGHDCK6A,73,73,72,72,200
10/31/2025,ENRGHDCZ5A,0,0,0,0,0
10/31/2025,ENRGZPCG6A,324,324,324,324,300
10/31/2025,ENRGZPCK6A,40,40,40,40,1000
10/31/2025,ENVY,0,0,0,0,0
10/31/2025,ENZO,40,40,40,40,2535000
10/31/2025,EPAC,22,22,22,22,1488300
10/31/2025,EPMT,2340,2340,2310,2320,36200
10/31/2025,ERAA,422,430,416,424,42498500
10/31/2025,ERAABQCZ5A,7,8,7,8,15900
10/31/2025,ERAADRCJ6A,8,8,7,8,12429700
10/31/2025,ERAAHDCZ5A,0,0,0,0,0
10/31/2025,ERAAZPCH6A,16,16,16,16,512800
10/31/2025,ERAL,294,294,286,288,20278700
10/31/2025,ERTX,173,175,161,168,1858900
10/31/2025,ESIP,129,129,110,110,18332300
10/31/2025,ESSA,630,635,610,615,20869300
10/31/2025,ESSABQCZ5A,25,25,25,25,180000
10/31/2025,ESSADRCN6A,32,32,32,32,600000
10/31/2025,ESSAHDCH6A,0,0,0,0,0
10/31/2025,ESSAYUCZ5A,0,0,0,0,0
10/31/2025,ESSAZPCK6A,16,16,16,16,241400
10/31/2025,ESTA,222,246,204,222,55062600
10/31/2025,ESTI,134,135,134,135,774700
10/31/2025,ETWA,0,0,0,0,0
10/31/2025,EURO,360,386,358,360,213800
10/31/2025,EXCL,2640,2720,2560,2610,30971100
10/31/2025,EXCLHDCJ6A,27,30,22,25,1831400
10/31/2025,EXCLZPCF6A,57,60,53,53,251600
10/31/2025,EXCLZPCM6A,30,32,30,31,62300
10/31/2025,FAPA,6275,6275,6150,6150,20100
10/31/2025,FAST,685,750,650,745,90947900
10/31/2025,FASW,0,0,0,0,0
10/31/2025,FILM,5400,5700,5225,5675,9536400
10/31/2025,FIMP,0,0,0,0,0
10/31/2025,FIRE,84,85,83,84,3132300
10/31/2025,FISH,2050,2100,1940,1965,247700
10/31/2025,FITT,1020,1080,950,1020,481000
10/31/2025,FLMC,191,200,183,200,9053700
10/31/2025,FMII,364,376,346,362,111600
10/31/2025,FOLK,264,274,244,270,8956800
10/31/2025,FOOD,360,374,360,374,608000
10/31/2025,FORE,535,540,525,525,4647200
10/31/2025,FORU,1215,1220,1185,1220,180000
10/31/2025,FPNI,192,230,191,206,50192700
10/31/2025,FUJI,760,775,730,730,1861100
10/31/2025,FUTR,705,710,665,685,49562000
10/31/2025,FWCT,148,148,142,145,6784200
10/31/2025,GAMA,0,0,0,0,0
10/31/2025,GDST,117,117,114,115,1509100
10/31/2025,GDYR,1125,1125,1105,1110,35400
10/31/2025,GEMA,93,93,89,89,5736500
10/31/2025,GEMS,9075,9100,9000,9050,76400
10/31/2025,GGRM,15500,17600,15500,17300,17100000
10/31/2025,GGRMZPCG6A,173,236,170,214,19542900
10/31/2025,GGRP,224,224,200,210,2507600
10/31/2025,GHON,1680,1710,1680,1700,4000
10/31/2025,GIAA,106,115,106,115,176291400
10/31/2025,GJTL,1045,1060,1035,1040,6388000
10/31/2025,GJTLZPCJ6A,22,24,22,24,1995900
10/31/2025,GLOB,0,0,0,0,0
10/31/2025,GLVA,348,362,348,356,115600
10/31/2025,GMFI,99,99,95,95,5655000
10/31/2025,GMTD,0,0,0,0,0
10/31/2025,GOLD,290,306,290,296,353500
10/31/2025,GOLF,204,204,200,202,340600
10/31/2025,GOLL,0,0,0,0,0
10/31/2025,GOOD,362,364,354,360,339900
10/31/2025,GOTO,60,61,58,60,4058420600
10/31/2025,GOTOBQCJ6A,8,9,8,8,1844900
10/31/2025,GOTOBQCZ5A,4,4,3,3,11580800
10/31/2025,GOTODRCG6A,8,8,6,7,3104400
10/31/2025,GOTOHDCK6A,16,16,15,16,47500
10/31/2025,GOTOM,0,0,0,0,0
10/31/2025,GOTOZPCH6A,23,30,23,30,4586600
10/31/2025,GOTOZPCK6A,12,12,12,12,100
10/31/2025,GPRA,135,137,129,133,30949300
10/31/2025,GPSO,845,850,810,825,3337700
10/31/2025,GRIA,106,107,100,100,4976900
10/31/2025,GRPH,64,68,63,65,11125900
10/31/2025,GRPM,62,63,60,62,1542300
10/31/2025,GRPM-W,16,17,15,15,3070900
10/31/2025,GSMF,85,106,83,89,135781500
10/31/2025,GTBO,204,204,198,200,319000
10/31/2025,GTRA,292,320,288,308,5109600
10/31/2025,GTSI,130,130,126,127,130018800
10/31/2025,GULA,422,434,398,416,5184800
10/31/2025,GUNA,274,276,268,272,808900
10/31/2025,GWSA,147,149,145,147,354700
10/31/2025,GZCO,284,308,282,288,379253200
10/31/2025,HADE,25,25,25,25,3388600
10/31/2025,HAIS,222,222,212,214,4435100
10/31/2025,HAJJ,118,128,116,123,34602300
10/31/2025,HAJJ-W,15,18,14,17,27961700
10/31/2025,HALO,110,124,109,114,105966300
10/31/2025,HALO-W,14,15,13,14,11162500
10/31/2025,HATM,282,282,274,276,20834900
10/31/2025,HBAT,212,232,212,224,8902800
10/31/2025,HDFA,155,156,153,156,127500
10/31/2025,HDIT,44,44,43,43,12084300
10/31/2025,HEAL,1500,1530,1485,1500,15126400
10/31/2025,HEALBQCZ5A,0,0,0,0,0
10/31/2025,HEALDRCJ6A,0,0,0,0,0
10/31/2025,HEALHDCH6A,0,0,0,0,0
10/31/2025,HEALYUCZ5A,0,0,0,0,0
10/31/2025,HEALZPCH6A,46,46,46,46,200
10/31/2025,HELI,254,254,240,246,671700
10/31/2025,HERO,575,590,565,585,87000
10/31/2025,HEXA,4670,4690,4650,4650,197700
10/31/2025,HGII,157,159,156,159,5432700
10/31/2025,HILL,164,169,161,164,1747400
10/31/2025,HITS,0,0,0,0,0
10/31/2025,HKMU,0,0,0,0,0
10/31/2025,HMSP,870,910,850,875,348375900
10/31/2025,HOKI,74,75,73,74,44859200
10/31/2025,HOME,0,0,0,0,0
10/31/2025,HOMI,432,438,414,436,2629900
10/31/2025,HOPE,124,126,109,111,23311100
10/31/2025,HOTL,0,0,0,0,0
10/31/2025,HRME,38,42,38,41,26000
10/31/2025,HRTA,1280,1290,1240,1270,32251600
10/31/2025,HRUM,1180,1190,1160,1170,12587100
10/31/2025,HRUMDRCN6A,60,60,50,51,1662800
10/31/2025,HRUMHDCK6A,66,66,64,64,109700
10/31/2025,HRUMZPCG6A,0,0,0,0,0
10/31/2025,HRUMZPCM6A,41,41,41,41,7100
10/31/2025,HUMI,129,130,124,126,35940800
10/31/2025,HUMI-W,21,21,19,20,5018300
10/31/2025,HYGN,170,171,165,171,732500
10/31/2025,IATA,68,69,68,69,4211400
10/31/2025,IBFN,41,49,41,49,1475400
10/31/2025,IBOS,51,56,51,56,19085500
10/31/2025,IBST,5250,5250,5025,5025,900
10/31/2025,ICBP,8800,8850,8700,8700,9693500
10/31/2025,ICBPDRCX6A,3400,3400,3380,3380,24900
10/31/2025,ICBPHDCJ6A,25,25,25,25,94000
10/31/2025,ICBPZPCX5A,5,6,5,6,190200
10/31/2025,ICON,48,48,48,48,172900
10/31/2025,IDEA,69,71,68,70,3738600
10/31/2025,IDPR,350,356,328,330,848400
10/31/2025,IFII,228,230,224,230,75200
10/31/2025,IFSH,810,810,780,805,6200
10/31/2025,IGAR,505,515,500,510,587600
10/31/2025,IIKP,0,0,0,0,0
10/31/2025,IKAI,13,14,13,13,32341600
10/31/2025,IKAN,116,117,114,114,5467100
10/31/2025,IKBI,535,545,520,525,153900
10/31/2025,IKPM,226,230,224,230,1223800
10/31/2025,IMAS,1160,1185,1135,1150,483100
10/31/2025,IMJS,232,234,228,228,10481900
10/31/2025,IMPC,2460,2470,2350,2360,19240700
10/31/2025,INAF,0,0,0,0,0
10/31/2025,INAI,160,165,157,158,1041700
10/31/2025,INCF,48,48,48,48,2413200
10/31/2025,INCI,615,620,615,620,9500
10/31/2025,INCO,4700,4750,4560,4750,16646700
10/31/2025,INCOBQCF6A,0,0,0,0,0
10/31/2025,INCOBQCJ6A,65,67,65,67,26200
10/31/2025,INCODRCG6A,110,110,106,106,50500
10/31/2025,INCODRCK6A,0,0,0,0,0
10/31/2025,INCODRCX5A,0,0,0,0,0
10/31/2025,INCOHDCJ6A,0,0,0,0,0
10/31/2025,INCOYUCZ5A,0,0,0,0,0
10/31/2025,INCOZPCK6A,66,66,64,64,58700
10/31/2025,INCOZPCX5A,0,0,0,0,0
10/31/2025,INDF,7400,7450,7275,7400,11495400
10/31/2025,INDFDRCX6A,3710,3710,3670,3670,500
10/31/2025,INDFHDCJ6A,20,20,19,19,48800
10/31/2025,INDO,226,232,220,232,8421500
10/31/2025,INDR,3200,3210,3110,3200,22000
10/31/2025,INDS,226,228,224,226,56600
10/31/2025,INDX,160,163,157,158,4567100
10/31/2025,INDY,2090,2120,2040,2090,22349600
10/31/2025,INDYDRCN6A,99,99,92,93,415800
10/31/2025,INDYHDCJ6A,198,198,198,198,100
10/31/2025,INDYZPCG6A,100,101,100,101,88800
10/31/2025,INET,278,284,276,282,85465200
10/31/2025,INET-W,187,190,186,187,284800
10/31/2025,INKP,7700,7750,7450,7450,5746800
10/31/2025,INKPBQCX5A,0,0,0,0,0
10/31/2025,INKPDRCF6A,0,0,0,0,0
10/31/2025,INKPDRCG6A,64,64,64,64,39000
10/31/2025,INKPHDCK6A,0,0,0,0,0
10/31/2025,INKPZPCF6A,0,0,0,0,0
10/31/2025,INKPZPCK6A,32,32,32,32,100000
10/31/2025,INOV,126,164,126,144,142144100
10/31/2025,INPC,156,157,152,152,6531200
10/31/2025,INPP,710,710,625,690,98700
10/31/2025,INPS,178,178,178,178,5169700
10/31/2025,INRU,715,715,670,715,6000
10/31/2025,INTA,42,43,42,42,592900
10/31/2025,INTD,220,228,210,220,18100
10/31/2025,INTP,6300,6450,6200,6250,855600
10/31/2025,INTPDRCN6A,60,60,60,60,100
10/31/2025,INTPHDCM6A,0,0,0,0,0
10/31/2025,INTPZPCG6A,0,0,0,0,0
10/31/2025,INTPZPCM6A,0,0,0,0,0
10/31/2025,IOTF,87,88,85,86,18064600
10/31/2025,IPAC,376,378,342,342,407700
10/31/2025,IPCC,1200,1210,1175,1180,1392300
10/31/2025,IPCM,324,328,322,324,1104400
10/31/2025,IPOL,140,140,135,137,283100
10/31/2025,IPPE,0,0,0,0,0
10/31/2025,IPTV,38,41,38,41,6057900
10/31/2025,IRRA,456,464,436,450,1912600
10/31/2025,IRSX,210,210,200,210,9721200
10/31/2025,ISAP,32,32,30,31,30212800
10/31/2025,ISAP-W,14,15,13,14,24964300
10/31/2025,ISAT,1885,1905,1855,1885,26123200
10/31/2025,ISATBQCJ6A,40,40,39,39,200
10/31/2025,ISATDRCG6A,32,34,32,33,4195800
10/31/2025,ISATDRCX5A,0,0,0,0,0
10/31/2025,ISATHDCJ6A,13,14,11,12,3558700
10/31/2025,ISATZPCF6A,22,22,22,22,499900
10/31/2025,ISEA,85,87,84,86,1360900
10/31/2025,ISSP,436,440,426,428,487400
10/31/2025,ITIC,500,515,444,466,109276800
10/31/2025,ITMA,1510,1565,1350,1350,5765700
10/31/2025,ITMG,23500,23725,23500,23500,1861800
10/31/2025,ITMGDRCV6A,162,162,162,162,19000
10/31/2025,ITMGHDCJ6A,156,158,154,154,63200
10/31/2025,ITMGZPCJ6A,69,69,67,68,161400
10/31/2025,JARR,3620,4020,3530,3910,47785900
10/31/2025,JAST,95,115,89,92,437482800
10/31/2025,JATI,107,112,107,110,1202300
10/31/2025,JAWA,160,165,157,159,4180000
10/31/2025,JAYA,107,108,106,107,1383400
10/31/2025,JECC,1170,1175,1100,1125,143300
10/31/2025,JGLE,19,19,18,18,53623400
10/31/2025,JIHD,605,605,585,590,441400
10/31/2025,JKON,86,88,81,83,11888600
10/31/2025,JMAS,157,167,155,161,3168200
10/31/2025,JPFA,2440,2580,2430,2510,77900500
10/31/2025,JPFABQCZ5A,0,0,0,0,0
10/31/2025,JPFADRCJ6A,137,138,122,126,914500
10/31/2025,JPFAHDCZ5A,392,404,392,404,1145600
10/31/2025,JPFAZPCG6A,218,218,193,196,5600200
10/31/2025,JRPT,855,860,850,860,573200
10/31/2025,JSKY,0,0,0,0,0
10/31/2025,JSMR,3600,3620,3550,3570,12833600
10/31/2025,JSMRDRCK6A,63,66,63,65,9314500
10/31/2025,JSMRHDCH6A,99,101,99,101,2100
10/31/2025,JSMRZPCG6A,0,0,0,0,0
10/31/2025,JSPT,3450,3530,3350,3450,54600
10/31/2025,JTPE,368,372,364,370,2478200
10/31/2025,KAEF,615,615,600,605,1610900
10/31/2025,KAQI,66,67,65,66,3795400
10/31/2025,KARW,456,498,456,498,1088200
10/31/2025,KAYU,0,0,0,0,0
10/31/2025,KBAG,45,45,43,43,2346200
10/31/2025,KBLI,322,350,322,332,1211300
10/31/2025,KBLM,354,354,344,352,76600
10/31/2025,KBLV,208,214,190,193,74197700
10/31/2025,KBRI,0,0,0,0,0
10/31/2025,KDSI,466,470,454,466,4800
10/31/2025,KDTN,140,180,139,162,23119100
10/31/2025,KEEN,1010,1020,995,995,6718600
10/31/2025,KEJU,730,740,710,725,586900
10/31/2025,KETR,525,535,454,466,47280700
10/31/2025,KIAS,0,0,0,0,0
10/31/2025,KICI,198,198,191,193,340400
10/31/2025,KIJA,191,193,185,191,167867600
10/31/2025,KING,210,210,206,208,41500
10/31/2025,KING-W,13,13,12,13,2943000
10/31/2025,KINO,1295,1300,1270,1290,11600
10/31/2025,KIOS,69,80,68,71,162684200
10/31/2025,KJEN,190,204,189,191,3739400
10/31/2025,KKES,27,28,27,27,189900
10/31/2025,KKGI,336,338,324,326,7333600
10/31/2025,KLAS,133,135,132,132,11361900
10/31/2025,KLBF,1315,1325,1245,1275,77521700
10/31/2025,KLBFBQCJ6A,0,0,0,0,0
10/31/2025,KLBFDRCG6A,22,22,17,19,4595000
10/31/2025,KLBFHDCK6A,0,0,0,0,0
10/31/2025,KLBFZPCF6A,0,0,0,0,0
10/31/2025,KLBFZPCJ6A,0,0,0,0,0
10/31/2025,KLIN,182,182,180,182,187500
10/31/2025,KMDS,715,715,690,695,36600
10/31/2025,KMTR,274,276,272,274,465200
10/31/2025,KOBX,188,210,165,165,94694600
10/31/2025,KOCI,87,88,83,85,7888300
10/31/2025,KOCI-W,16,16,15,16,1279900
10/31/2025,KOIN,71,71,71,71,112200
10/31/2025,KOKA,0,0,0,0,0
10/31/2025,KONI,0,0,0,0,0
10/31/2025,KOPI,310,390,310,360,101936700
10/31/2025,KOTA,31,34,31,34,24055100
10/31/2025,KPIG,146,148,144,146,96362100
10/31/2025,KRAS,332,338,330,334,14227400
10/31/2025,KREN,15,16,15,15,16542300
10/31/2025,KRYA,186,187,182,184,3815200
10/31/2025,KSIX,320,350,318,350,3992400
10/31/2025,KUAS,67,67,65,65,1408200
10/31/2025,LABA,268,274,242,242,49388100
10/31/2025,LABS,143,144,140,144,1593600
10/31/2025,LAJU,70,73,68,68,45036600
10/31/2025,LAND,33,33,33,33,291700
10/31/2025,LAPD,212,212,200,200,8754800
10/31/2025,LCGP,0,0,0,0,0
10/31/2025,LCKM,206,210,204,208,90200
10/31/2025,LEAD,82,83,80,81,10430700
10/31/2025,LFLO,0,0,0,0,0
10/31/2025,LIFE,8850,8850,8500,8625,3800
10/31/2025,LINK,3390,3420,3300,3410,662600
10/31/2025,LION,434,434,416,424,118400
10/31/2025,LIVE,181,194,179,181,13432000
10/31/2025,LMAS,0,0,0,0,0
10/31/2025,LMAX,81,89,81,88,7594600
10/31/2025,LMPI,146,149,144,146,63100
10/31/2025,LMSH,0,0,0,0,0
10/31/2025,LOPI,99,100,94,96,4666500
10/31/2025,LPCK,625,625,610,615,324300
10/31/2025,LPGI,765,770,750,755,54200
10/31/2025,LPIN,468,474,460,460,798600
10/31/2025,LPKR,90,93,88,89,122724600
10/31/2025,LPLI,575,630,520,540,4801600
10/31/2025,LPPF,1660,1695,1635,1685,3407100
10/31/2025,LPPS,122,128,117,119,8863700
10/31/2025,LRNA,179,180,174,176,88800
10/31/2025,LSIP,1395,1410,1370,1405,11202700
10/31/2025,LSIPDRCK6A,0,0,0,0,0
10/31/2025,LSIPHDCJ6A,0,0,0,0,0
10/31/2025,LSIPYUCZ5A,49,49,49,49,100
10/31/2025,LSIPZPCG6A,0,0,0,0,0
10/31/2025,LTLS,865,880,855,875,167300
10/31/2025,LUCK,97,114,96,102,43952000
10/31/2025,LUCY,99,108,99,108,566600
10/31/2025,MABA,0,0,0,0,0
10/31/2025,MAGP,0,0,0,0,0
10/31/2025,MAHA,141,142,140,142,1424800
10/31/2025,MAIN,850,870,825,850,7822800
10/31/2025,MANG,60,60,56,59,3897900
10/31/2025,MANG-W,22,23,21,22,9715200
10/31/2025,MAPA,705,710,685,700,66187900
10/31/2025,MAPABQCZ5A,21,21,17,18,243000
10/31/2025,MAPADRCJ6A,22,22,20,20,1540800
10/31/2025,MAPAHDCZ5A,0,0,0,0,0
10/31/2025,MAPAZPCH6A,40,40,37,38,10100
10/31/2025,MAPB,1575,1610,1575,1610,4800
10/31/2025,MAPI,1315,1320,1265,1290,38602500
10/31/2025,MAPIDRCX5A,13,14,12,13,652100
10/31/2025,MAPIHDCK6A,0,0,0,0,0
10/31/2025,MAPIZPCJ6A,56,56,56,56,10000
10/31/2025,MARI,35,35,34,34,2864500
10/31/2025,MARK,715,715,705,710,11308100
10/31/2025,MASB,3290,3290,3290,3290,200
10/31/2025,MAXI,57,57,55,56,7550800
10/31/2025,MAYA,244,246,240,242,1510100
10/31/2025,MBAP,1600,1610,1595,1610,283700
10/31/2025,MBMA,655,655,630,630,179266000
10/31/2025,MBMABQCX5A,56,58,46,48,692200
10/31/2025,MBMADRCG6A,33,33,29,30,12139600
10/31/2025,MBMADRCX5A,81,81,81,81,900
10/31/2025,MBMADRPX5A,2,2,1,1,18448000
10/31/2025,MBMAHDCH6A,0,0,0,0,0
10/31/2025,MBMAHDCN6A,90,90,90,90,8000
10/31/2025,MBMAYUCK6A,141,141,141,141,100
10/31/2025,MBMAZPCK6A,40,40,39,39,142000
10/31/2025,MBMAZPCX5A,0,0,0,0,0
10/31/2025,MBSS,1500,1505,1450,1450,1194300
10/31/2025,MBTO,212,218,202,206,7391300
10/31/2025,MCAS,815,825,805,820,221700
10/31/2025,MCOL,3780,3780,3770,3780,20200
10/31/2025,MCOR,72,74,72,73,8475100
10/31/2025,MDIA,35,35,33,34,1469300
10/31/2025,MDIY,1070,1145,1070,1090,2144100
10/31/2025,MDKA,2520,2520,2420,2440,50322700
10/31/2025,MDKABQCX5B,20,20,13,15,41584600
10/31/2025,MDKADRCG6A,76,76,69,71,188100
10/31/2025,MDKADRCK6A,69,69,68,69,3200
10/31/2025,MDKADRPX5A,8,9,8,9,1000
10/31/2025,MDKAHDCN6A,74,75,73,73,207500
10/31/2025,MDKAHDCZ5A,107,107,103,103,16700
10/31/2025,MDKAHDPH6A,0,0,0,0,0
10/31/2025,MDKAHDPJ6A,0,0,0,0,0
10/31/2025,MDKAYUCK6A,0,0,0,0,0
10/31/2025,MDKAZPCF6A,0,0,0,0,0
10/31/2025,MDKI,188,191,184,191,2004100
10/31/2025,MDLA,246,250,234,236,5710900
10/31/2025,MDLN,64,64,54,59,29322400
10/31/2025,MDRN,41,45,41,45,16466900
10/31/2025,MEDC,1330,1335,1305,1330,39291300
10/31/2025,MEDCBQCX5B,25,25,11,12,2759500
10/31/2025,MEDCBQCZ5A,18,18,17,17,804500
10/31/2025,MEDCDRCG6A,33,33,31,31,151200
10/31/2025,MEDCHDCH6A,88,90,87,87,12600
10/31/2025,MEDCZPCF6A,29,29,29,29,2600
10/31/2025,MEDS,65,69,64,65,9238300
10/31/2025,MEGA,3330,3350,3280,3280,67300
10/31/2025,MEJA,0,0,0,0,0
10/31/2025,MEJA-W,0,0,0,0,0
10/31/2025,MENN,0,0,0,0,0
10/31/2025,MERI,218,218,212,214,904000
10/31/2025,MERK,2870,2870,2800,2860,19000
10/31/2025,META,0,0,0,0,0
10/31/2025,MFMI,0,0,0,0,0
10/31/2025,MGLV,545,545,505,545,2279800
10/31/2025,MGNA,66,66,65,66,4560500
10/31/2025,MGNA-W,44,44,44,44,300
10/31/2025,MGRO,755,770,755,770,6828600
10/31/2025,MHKI,238,256,234,244,25493800
10/31/2025,MICE,620,730,610,615,1440400
10/31/2025,MIDI,414,416,402,414,24018600
10/31/2025,MIKA,2650,2650,2480,2580,11548400
10/31/2025,MIKADRCV6A,0,0,0,0,0
10/31/2025,MIKAHDCN6A,40,40,40,40,11100
10/31/2025,MIKAZPCG6A,0,0,0,0,0
10/31/2025,MINA,176,188,176,178,148518600
10/31/2025,MINE,500,500,494,496,1599400
10/31/2025,MIRA,25,26,25,26,7609400
10/31/2025,MITI,308,310,302,304,1442200
10/31/2025,MKAP,350,352,348,348,56400
10/31/2025,MKNT,0,0,0,0,0
10/31/2025,MKPI,23775,23800,23650,23775,7500
10/31/2025,MKTR,157,159,150,150,3130600
10/31/2025,MKTR-W,0,0,0,0,0
10/31/2025,MLBI,5950,5975,5775,5875,760300
10/31/2025,MLIA,344,346,326,344,6638600
10/31/2025,MLPL,133,137,132,133,87383300
10/31/2025,MLPT,82000,82250,80000,80000,14500
10/31/2025,MMIX,266,266,250,254,4730200
10/31/2025,MMLP,560,560,555,555,8771500
10/31/2025,MNCN,268,268,264,268,23341300
10/31/2025,MNCNDRCN6A,26,26,26,26,100
10/31/2025,MNCNHDCM6A,0,0,0,0,0
10/31/2025,MNCNZPCM6A,12,16,12,16,51100
10/31/2025,MOLI,314,318,300,302,5234500
10/31/2025,MORA,1485,1485,1485,1485,1623400
10/31/2025,MPIX,65,66,64,64,2862200
10/31/2025,MPIX-W,10,10,9,10,106200
10/31/2025,MPMX,970,970,965,970,1450500
10/31/2025,MPOW,118,119,114,114,5113900
10/31/2025,MPPA,63,64,61,62,32137400
10/31/2025,MPRO,6475,6700,6475,6500,2600
10/31/2025,MPXL,252,256,242,242,1898800
10/31/2025,MRAT,402,412,380,408,1529400
10/31/2025,MREI,990,1040,965,1020,359900
10/31/2025,MSIE,53,55,53,54,1569900
10/31/2025,MSIN,505,505,500,505,25070400
10/31/2025,MSJA,296,296,290,292,4580200
10/31/2025,MSKY,81,82,80,80,1530600
10/31/2025,MSTI,1465,1465,1400,1405,4447900
10/31/2025,MTDL,605,615,595,610,6203400
10/31/2025,MTEL,565,565,550,560,24649900
10/31/2025,MTELDRCK6A,14,17,14,17,26600
10/31/2025,MTELHDCM6A,17,17,17,17,1000
10/31/2025,MTELZPCM6A,13,13,13,13,160000
10/31/2025,MTFN,12,13,12,12,70259700
10/31/2025,MTLA,400,444,400,430,365400
10/31/2025,MTMH,1145,1185,1130,1145,21100
10/31/2025,MTPS,86,92,86,90,1485300
10/31/2025,MTRA,0,0,0,0,0
10/31/2025,MTSM,0,0,0,0,0
10/31/2025,MTWI,340,342,338,342,98900
10/31/2025,MUTU,103,104,102,104,21864300
10/31/2025,MYOH,1620,1630,1605,1630,4600
10/31/2025,MYOR,2240,2250,2130,2130,15722400
10/31/2025,MYORDRCK6A,60,60,57,57,3579700
10/31/2025,MYORHDCM6A,49,49,48,48,31900
10/31/2025,MYORZPCH6A,34,34,31,31,75000
10/31/2025,MYTX,0,0,0,0,0
10/31/2025,NAIK,120,120,118,120,5233900
10/31/2025,NAIK-W,21,21,19,20,8205000
10/31/2025,NANO,57,59,56,56,8982500
10/31/2025,NASA,30,30,30,30,4296300
10/31/2025,NASI,99,102,97,98,2975500
10/31/2025,NATO,149,155,147,152,8104800
10/31/2025,NAYZ,178,185,178,181,21448900
10/31/2025,NCKL,1325,1330,1220,1250,100049300
10/31/2025,NCKLBQCM6A,60,60,60,60,500
10/31/2025,NCKLDRCK6A,67,67,58,59,1576400
10/31/2025,NCKLHDCK6A,96,96,83,83,856600
10/31/2025,NCKLYUCZ5A,140,140,140,140,1900
10/31/2025,NCKLZPCJ6A,0,0,0,0,0
10/31/2025,NCKLZPCM6A,48,48,40,40,25700
10/31/2025,NELY,352,354,346,348,623700
10/31/2025,NEST,366,368,360,362,18136100
10/31/2025,NETV,110,110,104,106,2625700
10/31/2025,NFCX,1805,1805,1800,1800,24800
10/31/2025,NICE,420,434,404,406,24359300
10/31/2025,NICK,1300,1395,1255,1280,16800
10/31/2025,NICL,1055,1060,955,990,13269800
10/31/2025,NIKL,360,370,350,358,3009600
10/31/2025,NINE,0,0,0,0,0
10/31/2025,NIRO,284,286,272,278,784900
10/31/2025,NISP,1375,1395,1375,1375,7129800
10/31/2025,NOBU,515,540,510,515,7278200
10/31/2025,NPGF,60,60,58,58,7129400
10/31/2025,NRCA,705,780,690,755,8843200
10/31/2025,NSSS,510,510,492,510,5393200
10/31/2025,NTBK,109,119,109,119,33611700
10/31/2025,NUSA,0,0,0,0,0
10/31/2025,NZIA,110,114,108,111,3700500
10/31/2025,OASA,204,206,198,200,40758100
10/31/2025,OBAT,454,456,444,444,1801800
10/31/2025,OBAT-W,92,93,89,90,2021000
10/31/2025,OBMD,256,266,246,250,1126500
10/31/2025,OCAP,0,0,0,0,0
10/31/2025,OILS,204,212,202,202,2911800
10/31/2025,OKAS,142,149,141,142,7859400
10/31/2025,OLIV,119,120,115,115,8698500
10/31/2025,OMED,196,196,194,195,481500
10/31/2025,OMRE,0,0,0,0,0
10/31/2025,OPMS,101,102,98,101,10544600
10/31/2025,PACK,2520,2570,2470,2540,1689900
10/31/2025,PADA,100,100,98,100,11923900
10/31/2025,PADI,79,80,79,79,6205800
10/31/2025,PALM,406,416,398,410,5548100
10/31/2025,PAMG,66,67,64,65,3504600
10/31/2025,PANI,14125,14300,13975,14050,6870000
10/31/2025,PANIBQCZ5A,26,28,25,25,973000
10/31/2025,PANIDRCG6A,69,72,68,69,221700
10/31/2025,PANIHDCJ6A,100,104,98,100,683300
10/31/2025,PANIHDCN6A,85,85,84,84,8800
10/31/2025,PANIHDCZ5A,0,0,0,0,0
10/31/2025,PANIZPCJ6A,62,63,60,62,687400
10/31/2025,PANR,665,700,660,700,6882100
10/31/2025,PANS,1460,1475,1445,1445,597300
10/31/2025,PART,119,121,118,119,39231600
10/31/2025,PART-W,15,16,15,15,11125900
10/31/2025,PBID,490,498,490,490,338500
10/31/2025,PBRX,35,35,35,35,6013000
10/31/2025,PBSA,875,935,875,920,2894900
10/31/2025,PCAR,33,36,33,36,1416900
10/31/2025,PDES,625,655,610,655,1710500
10/31/2025,PDPP,440,442,404,434,368800
10/31/2025,PEGE,123,125,121,124,1628400
10/31/2025,PEHA,328,330,328,330,115900
10/31/2025,PEVE,530,530,498,500,958200
10/31/2025,PGAS,1750,1770,1720,1740,64931200
10/31/2025,PGASBQCZ5A,39,39,39,39,100
10/31/2025,PGASDRCG6A,63,64,63,63,120000
10/31/2025,PGASDRCG6B,84,90,84,90,14003000
10/31/2025,PGASHDCK6A,68,68,68,68,3000
10/31/2025,PGASZPCJ6A,0,0,0,0,0
10/31/2025,PGEO,1290,1305,1280,1305,33755100
10/31/2025,PGEOBQCX5B,4,4,2,4,9918800
10/31/2025,PGEODRCJ6A,25,26,25,26,5000
10/31/2025,PGEOHDCH6A,32,32,32,32,100
10/31/2025,PGEOHDCH6B,39,40,39,40,30100
10/31/2025,PGEOHDPH6A,130,130,127,127,71000
10/31/2025,PGEOYUCK6A,71,71,71,71,100
10/31/2025,PGEOZPCJ6A,34,34,34,34,50000
10/31/2025,PGEOZPCM6A,0,0,0,0,0
10/31/2025,PGJO,1100,1100,1020,1080,338300
10/31/2025,PGLI,434,434,410,410,2460600
10/31/2025,PGUN,13800,14975,13450,14525,372900
10/31/2025,PICO,232,246,228,230,5621500
10/31/2025,PIPA,300,310,290,294,59353100
10/31/2025,PJAA,530,530,520,525,69500
10/31/2025,PKPK,550,555,535,550,204300
10/31/2025,PLAN,51,53,46,51,20464900
10/31/2025,PLAS,0,0,0,0,0
10/31/2025,PLIN,0,0,0,0,0
10/31/2025,PMJS,118,120,117,119,145300
10/31/2025,PMMP,0,0,0,0,0
10/31/2025,PMUI,150,151,148,148,2673700
10/31/2025,PNBN,1020,1040,1015,1030,8406300
10/31/2025,PNBS,52,53,51,51,14319100
10/31/2025,PNGO,3020,3040,2990,2990,9400
10/31/2025,PNIN,815,815,795,805,604200
10/31/2025,PNLF,242,244,238,240,34051900
10/31/2025,PNLFBQCM6A,18,18,18,18,3781200
10/31/2025,PNLFDRCJ6A,10,10,10,10,92100
10/31/2025,PNLFHDCZ5A,0,0,0,0,0
10/31/2025,PNLFZPCH6A,29,30,28,30,300
10/31/2025,PNSE,745,750,690,730,132900
10/31/2025,POLA,32,34,32,34,1802800
10/31/2025,POLI,0,0,0,0,0
10/31/2025,POLL,0,0,0,0,0
10/31/2025,POLU,22100,22300,21700,21775,6200
10/31/2025,POLY,22,24,22,24,867300
10/31/2025,POOL,0,0,0,0,0
10/31/2025,PORT,1280,1370,1230,1290,107100
10/31/2025,POSA,0,0,0,0,0
10/31/2025,POWR,700,710,700,705,6367900
10/31/2025,PPGL,133,137,130,132,691700
10/31/2025,PPRE,124,128,120,124,30630200
10/31/2025,PPRI,354,364,354,354,6031400
10/31/2025,PPRO,0,0,0,0,0
10/31/2025,PRAY,835,865,750,830,517500
10/31/2025,PRDA,2590,2590,2530,2570,563200
10/31/2025,PRIM,79,80,78,79,1270800
10/31/2025,PSAB,585,585,570,575,55113400
10/31/2025,PSAT,1320,1355,1320,1355,1752100
10/31/2025,PSDN,104,112,104,107,7478300
10/31/2025,PSGO,232,232,216,230,1264900
10/31/2025,PSKT,137,137,137,137,25281600
10/31/2025,PSSI,348,352,342,352,1153700
10/31/2025,PTBA,2430,2440,2390,2400,13522200
10/31/2025,PTBADRCG6A,18,18,17,18,105300
10/31/2025,PTBAHDCM6A,57,58,56,56,68300
10/31/2025,PTBAYUCZ5A,77,77,76,76,8900
10/31/2025,PTBAZPCH6A,35,35,35,35,100
10/31/2025,PTDU,0,0,0,0,0
10/31/2025,PTIS,402,402,402,402,500
10/31/2025,PTMP,79,81,79,79,12136300
10/31/2025,PTMR,0,0,0,0,0
10/31/2025,PTPP,388,388,380,382,3639900
10/31/2025,PTPS,208,216,202,204,13569700
10/31/2025,PTPW,965,970,965,970,20200
10/31/2025,PTRO,6850,6950,6700,6800,26655800
10/31/2025,PTRODRCG6A,166,169,160,163,903000
10/31/2025,PTROHDCK6A,342,350,328,336,37000
10/31/2025,PTROYUCK6A,0,0,0,0,0
10/31/2025,PTROZPCK6A,175,175,167,172,18000
10/31/2025,PTSN,400,404,394,394,722500
10/31/2025,PTSP,910,940,910,940,1000
10/31/2025,PUDP,885,885,855,855,38000
10/31/2025,PURA,26,26,25,25,3294200
10/31/2025,PURE,0,0,0,0,0
10/31/2025,PURI,0,0,0,0,0
10/31/2025,PWON,372,374,366,368,47151300
10/31/2025,PWONDRCN6A,0,0,0,0,0
10/31/2025,PWONHDCZ5A,0,0,0,0,0
10/31/2025,PWONZPCH6A,29,29,29,29,136700
10/31/2025,PYFA,530,540,520,520,10572000
10/31/2025,PYFA-W,118,118,114,114,39100
10/31/2025,PZZA,228,232,226,230,3629800
10/31/2025,R-ABFII,0,0,0,0,0
10/31/2025,R-LQ45X,0,0,0,0,0
10/31/2025,RAAM,262,264,246,254,7774300
10/31/2025,RAFI,42,42,36,36,86589800
10/31/2025,RAJA,4030,4140,3960,4050,22379700
10/31/2025,RAJADRCG6A,160,171,157,165,1115300
10/31/2025,RAJAHDCK6A,166,170,162,168,99400
10/31/2025,RAJAZPCK6A,85,86,80,85,204800
10/31/2025,RALS,434,438,426,428,5754800
10/31/2025,RANC,785,800,735,800,151800
10/31/2025,RATU,7450,7850,7225,7750,16510800
10/31/2025,RBMS,37,37,34,34,237300
10/31/2025,RCCC,226,226,204,204,891200
10/31/2025,RDTX,12400,12500,12400,12400,5000
10/31/2025,REAL,80,82,74,75,205658700
10/31/2025,RELF,46,47,43,44,9116100
10/31/2025,RELI,620,620,610,620,3000
10/31/2025,RGAS,98,98,96,98,1700900
10/31/2025,RICY,63,67,63,63,516500
10/31/2025,RIGS,800,800,765,795,279500
10/31/2025,RIMO,0,0,0,0,0
10/31/2025,RISE,12075,12300,11500,11525,649900
10/31/2025,RMKE,2680,2700,2520,2640,10738400
10/31/2025,RMKO,208,216,196,200,1985200
10/31/2025,ROCK,595,595,595,595,100
10/31/2025,RODA,41,41,41,41,394300
10/31/2025,RONY,3060,3470,3060,3470,40300
10/31/2025,ROTI,800,805,795,800,251900
10/31/2025,RSCH,392,398,382,382,11457400
10/31/2025,RSGK,0,0,0,0,0
10/31/2025,RUIS,199,204,196,198,525700
10/31/2025,RUNS,117,117,105,107,574600
10/31/2025,SAFE,169,173,168,170,660300
10/31/2025,SAGE,31,31,28,28,10238700
10/31/2025,SAME,310,310,302,304,831700
10/31/2025,SAMF,318,318,314,314,92800
10/31/2025,SAPX,326,368,320,336,11674600
10/31/2025,SATU,250,254,250,254,6023600
10/31/2025,SBAT,0,0,0,0,0
10/31/2025,SBMA,130,131,128,129,2644400
10/31/2025,SCCO,2400,2410,2370,2370,36300
10/31/2025,SCMA,350,352,338,338,63932200
10/31/2025,SCMABQCZ5A,0,0,0,0,0
10/31/2025,SCMADRCG6A,19,19,17,17,3280700
10/31/2025,SCMADRCK6A,109,109,105,105,143000
10/31/2025,SCMAHDCK6A,45,45,45,45,450000
10/31/2025,SCMAHDCZ5A,348,348,340,340,2051100
10/31/2025,SCMAYUCK6A,0,0,0,0,0
10/31/2025,SCMAZPCG6A,190,230,186,230,19800
10/31/2025,SCMAZPCM6A,48,48,46,46,25500
10/31/2025,SCNP,158,161,154,158,222400
10/31/2025,SCPI,0,0,0,0,0
10/31/2025,SDMU,60,61,60,61,738400
10/31/2025,SDPC,138,140,137,139,179400
10/31/2025,SDRA,288,290,280,284,541500
10/31/2025,SEMA,104,104,101,101,2819800
10/31/2025,SFAN,1920,1925,1920,1920,79200
10/31/2025,SGER,555,575,494,560,337805400
10/31/2025,SGRO,5225,5375,5025,5025,1565300
10/31/2025,SHID,860,1020,820,880,216900
10/31/2025,SHIP,5250,5550,5100,5450,27000
10/31/2025,SICO,135,136,131,133,5169300
10/31/2025,SIDO,570,575,560,560,31924000
10/31/2025,SIDODRCK6A,0,0,0,0,0
10/31/2025,SIDOHDCN6A,0,0,0,0,0
10/31/2025,SIDOZPCM6A,18,19,18,19,201000
10/31/2025,SILO,2190,2240,2150,2170,3542300
10/31/2025,SIMA,0,0,0,0,0
10/31/2025,SIMP,635,640,625,625,6475000
10/31/2025,SINI,5975,5975,5975,5975,1852000
10/31/2025,SIPD,705,705,705,705,12300
10/31/2025,SKBM,474,525,452,470,306000
10/31/2025,SKLT,216,228,208,210,2292600
10/31/2025,SKRN,905,920,825,835,4901800
10/31/2025,SKYB,0,0,0,0,0
10/31/2025,SLIS,78,82,78,80,32327600
10/31/2025,SLIS-W,16,17,15,16,8045100
10/31/2025,SMAR,5500,5500,5225,5225,283000
10/31/2025,SMBR,284,286,276,282,9292300
10/31/2025,SMCB,0,0,0,0,0
10/31/2025,SMDM,825,845,805,835,46900
10/31/2025,SMDR,316,324,310,316,24375500
10/31/2025,SMGA,138,141,134,137,118367100
10/31/2025,SMGR,2740,2770,2690,2760,4936400
10/31/2025,SMGRBQCX5B,28,28,26,27,8492000
10/31/2025,SMGRBQCZ5A,9,9,8,9,6362200
10/31/2025,SMGRDRCG6A,41,45,41,45,246500
10/31/2025,SMGRHDCZ5A,0,0,0,0,0
10/31/2025,SMGRZPCJ6A,0,0,0,0,0
10/31/2025,SMIL,466,510,466,500,289637200
10/31/2025,SMKL,169,170,164,165,178000
10/31/2025,SMKM,155,158,150,155,13277500
10/31/2025,SMLE,292,304,282,282,4896500
10/31/2025,SMMA,13050,13125,12750,13000,36600
10/31/2025,SMMT,1790,2060,1730,1890,922500
10/31/2025,SMRA,394,402,392,392,41993200
10/31/2025,SMRADRCG6A,33,33,33,33,2800
10/31/2025,SMRADRCJ6A,19,19,19,19,1000
10/31/2025,SMRAHDCZ5A,0,0,0,0,0
10/31/2025,SMRAZPCH6A,0,0,0,0,0
10/31/2025,SMRU,0,0,0,0,0
10/31/2025,SMSM,1890,1925,1875,1920,1792800
10/31/2025,SNLK,410,412,402,406,5468500
10/31/2025,SOCI,218,222,214,218,3926900
10/31/2025,SOFA,236,276,228,276,43456300
10/31/2025,SOHO,0,0,0,0,0
10/31/2025,SOLA,137,137,133,133,9964400
10/31/2025,SONA,2850,2880,2710,2820,102900
10/31/2025,SOSS,1035,1035,1000,1000,13500
10/31/2025,SOTS,326,330,310,320,21900
10/31/2025,SOUL,77,79,77,79,133300
10/31/2025,SPMA,370,376,362,366,644600
10/31/2025,SPRE,96,105,96,103,778400
10/31/2025,SPTO,650,655,640,645,1733600
10/31/2025,SQMI,0,0,0,0,0
10/31/2025,SRAJ,11650,11775,11550,11750,883000
10/31/2025,SRIL,0,0,0,0,0
10/31/2025,SRSN,65,70,64,65,58433900
10/31/2025,SRTG,1740,1765,1715,1720,3234800
10/31/2025,SRTGDRCK6A,0,0,0,0,0
10/31/2025,SRTGHDCK6A,72,72,70,70,361700
10/31/2025,SRTGZPCG6A,0,0,0,0,0
10/31/2025,SRTGZPCK6A,34,34,32,33,2017500
10/31/2025,SSIA,1600,1615,1560,1560,26212000
10/31/2025,SSMS,1655,1675,1610,1610,9821000
10/31/2025,SSTM,0,0,0,0,0
10/31/2025,STAA,1420,1435,1385,1390,25196900
10/31/2025,STAR,72,72,71,71,124500
10/31/2025,STRK,180,190,179,184,35760200
10/31/2025,STTP,10575,10575,10275,10275,2800
10/31/2025,SUGI,0,0,0,0,0
10/31/2025,SULI,143,150,139,142,571800
10/31/2025,SUNI,785,800,785,790,842700
10/31/2025,SUPR,0,0,0,0,0
10/31/2025,SURE,2720,2730,2690,2690,1500
10/31/2025,SURI,102,103,99,100,7944700
10/31/2025,SWAT,0,0,0,0,0
10/31/2025,SWID,87,91,86,88,1524700
10/31/2025,TALF,625,645,460,488,1639700
10/31/2025,TAMA,30,33,30,33,1260600
10/31/2025,TAMU,27,27,27,27,8190200
10/31/2025,TAPG,1825,1915,1825,1880,24758700
10/31/2025,TAPGDRCG6A,54,58,53,56,92800
10/31/2025,TAPGDRCJ6A,127,134,127,130,68200
10/31/2025,TAPGHDCH6A,274,274,274,274,600
10/31/2025,TAPGZPCH6A,150,159,150,151,31700
10/31/2025,TAPGZPCM6A,45,52,45,50,326900
10/31/2025,TARA,26,26,24,24,2821800
10/31/2025,TAXI,14,15,14,14,54167700
10/31/2025,TAYS,73,73,71,72,5236700
10/31/2025,TBIG,1920,2380,1920,2380,18780100
10/31/2025,TBLA,790,800,735,745,15804500
10/31/2025,TBMS,1405,1450,1400,1400,75600
10/31/2025,TCID,3090,3170,3090,3100,4200
10/31/2025,TCPI,7925,8075,7775,7850,7839600
10/31/2025,TDPM,0,0,0,0,0
10/31/2025,TEBE,2210,2640,2160,2560,36572800
10/31/2025,TECH,0,0,0,0,0
10/31/2025,TELE,0,0,0,0,0
10/31/2025,TFAS,248,254,234,248,1059200
10/31/2025,TFCO,0,0,0,0,0
10/31/2025,TGKA,5300,5300,5300,5300,1600
10/31/2025,TGRA,0,0,0,0,0
10/31/2025,TGUK,0,0,0,0,0
10/31/2025,TIFA,410,410,400,410,15600
10/31/2025,TINS,2700,2700,2420,2670,133145000
10/31/2025,TIRA,1335,1335,1270,1270,44600
10/31/2025,TIRT,0,0,0,0,0
10/31/2025,TKIM,7125,7125,6975,6975,748200
10/31/2025,TKIMDRCN6A,0,0,0,0,0
10/31/2025,TKIMHDCJ6A,0,0,0,0,0
10/31/2025,TKIMZPCG6A,0,0,0,0,0
10/31/2025,TKIMZPCK6A,0,0,0,0,0
10/31/2025,TLDN,740,740,715,735,2063600
10/31/2025,TLKM,3200,3250,3150,3210,126790400
10/31/2025,TLKMBQCG6A,0,0,0,0,0
10/31/2025,TLKMBQCJ6A,0,0,0,0,0
10/31/2025,TLKMDRCJ6A,74,76,70,74,15162300
10/31/2025,TLKMDRCX6A,1990,2040,1990,2040,300
10/31/2025,TLKMHDCJ6A,49,53,48,53,405700
10/31/2025,TLKMYUCK6A,0,0,0,0,0
10/31/2025,TLKMZPCF6A,88,88,88,88,100
10/31/2025,TLKMZPCM6A,46,49,46,47,250500
10/31/2025,TMAS,130,131,129,130,560200
10/31/2025,TMPO,163,180,162,170,45037900
10/31/2025,TNCA,260,260,228,236,1301400
10/31/2025,TOBA,820,835,800,805,80964300
10/31/2025,TOOL,60,62,59,59,20271000
10/31/2025,TOPS,0,0,0,0,0
10/31/2025,TOSK,76,76,74,74,25834700
10/31/2025,TOTL,885,905,875,880,7484000
10/31/2025,TOTO,294,296,284,290,1131700
10/31/2025,TOWR,550,555,535,545,21097600
10/31/2025,TOWRDRCN6A,19,19,18,19,263600
10/31/2025,TOWRHDCK6A,23,23,23,23,5000000
10/31/2025,TOYS,0,0,0,0,0
10/31/2025,TPIA,7100,7150,6950,6950,8316000
10/31/2025,TPMA,585,590,580,590,3396000
10/31/2025,TRAM,0,0,0,0,0
10/31/2025,TRGU,188,188,183,187,333200
10/31/2025,TRIL,0,0,0,0,0
10/31/2025,TRIM,540,540,505,525,2029200
10/31/2025,TRIN,424,426,392,402,8780900
10/31/2025,TRIN-W2,0,0,0,0,0
10/31/2025,TRIO,0,0,0,0,0
10/31/2025,TRIS,180,182,179,182,136900
10/31/2025,TRJA,161,162,153,155,2834300
10/31/2025,TRON,78,80,76,78,2264900
10/31/2025,TRST,476,478,460,478,44100
10/31/2025,TRUE,0,0,0,0,0
10/31/2025,TRUK,290,298,290,294,310600
10/31/2025,TRUS,420,428,420,426,1600
10/31/2025,TSPC,2810,2940,2800,2850,3124300
10/31/2025,TUGU,1065,1065,1035,1045,2505000
10/31/2025,TYRE,126,130,124,128,560400
10/31/2025,UANG,2500,2690,2090,2090,5504700
10/31/2025,UCID,434,438,422,430,5722600
10/31/2025,UDNG,3440,3770,3090,3090,5344500
10/31/2025,UFOE,188,193,184,187,1436600
10/31/2025,ULTJ,1580,1585,1490,1500,9657700
10/31/2025,UNIC,8850,9100,8800,8900,40900
10/31/2025,UNIQ,354,354,346,346,10654800
10/31/2025,UNIT,0,0,0,0,0
10/31/2025,UNSP,172,172,170,170,2110400
10/31/2025,UNTD,87,87,85,85,13715200
10/31/2025,UNTR,27975,28475,26775,26900,12245200
10/31/2025,UNTRDRCG6A,190,190,165,166,5900
10/31/2025,UNTRHDCM6A,200,200,165,165,497000
10/31/2025,UNTRZPCJ6A,187,187,158,158,65000
10/31/2025,UNVR,2600,2660,2530,2580,63108200
10/31/2025,UNVRBQCZ5A,260,260,250,250,200
10/31/2025,UNVRDRCG6A,132,142,127,139,872400
10/31/2025,UNVRHDCM6A,183,185,182,185,4100
10/31/2025,UNVRHDPG6A,20,22,19,20,588300
10/31/2025,UNVRZPCH6A,114,116,114,116,52500
10/31/2025,UNVRZPCM6A,121,121,121,121,87000
10/31/2025,URBN,143,143,139,143,31600
10/31/2025,UVCR,69,77,68,74,20958000
10/31/2025,VAST,152,152,149,149,113800
10/31/2025,VAST-W,12,12,11,12,190000
10/31/2025,VERN,118,120,117,119,576900
10/31/2025,VICI,620,625,615,620,385800
10/31/2025,VICO,184,185,180,180,687600
10/31/2025,VINS,150,150,145,146,2006800
10/31/2025,VISI,202,204,198,200,6577900
10/31/2025,VIVA,29,29,29,29,4717100
10/31/2025,VKTR,324,334,316,330,70596200
10/31/2025,VOKS,274,286,274,282,257800
10/31/2025,VRNA,83,91,83,86,2235300
10/31/2025,VTNY,93,95,92,93,14462900
10/31/2025,WAPO,173,176,169,175,4776700
10/31/2025,WEGE,66,68,65,65,23706000
10/31/2025,WEHA,107,108,105,106,916800
10/31/2025,WGSH,286,286,266,266,2107900
10/31/2025,WICO,0,0,0,0,0
10/31/2025,WIDI,46,48,42,43,30355400
10/31/2025,WIFI,3110,3110,3060,3070,23348600
10/31/2025,WIIM,1405,1450,1345,1400,42497400
10/31/2025,WIKA,0,0,0,0,0
10/31/2025,WINE,199,199,196,198,2216500
10/31/2025,WINR,35,37,35,37,26554600
10/31/2025,WINS,422,432,422,430,2334800
10/31/2025,WIRG,107,113,106,107,348227500
10/31/2025,WMPP,0,0,0,0,0
10/31/2025,WMUU,29,30,29,30,22164600
10/31/2025,WOMF,336,336,328,334,374700
10/31/2025,WOOD,466,466,456,456,2218700
10/31/2025,WOWS,82,83,78,81,32406400
10/31/2025,WSBP,23,24,23,24,27498000
10/31/2025,WSKT,0,0,0,0,0
10/31/2025,WTON,105,106,101,103,16045700
10/31/2025,XAQA,0,0,0,0,0
10/31/2025,XBES,0,0,0,0,0
10/31/2025,XBID,539,539,539,539,40000
10/31/2025,XBIG,0,0,0,0,0
10/31/2025,XBIN,607,607,607,607,40000
10/31/2025,XBLQ,0,0,0,0,0
10/31/2025,XBNI,0,0,0,0,0
10/31/2025,XBSK,465,465,465,465,40000
10/31/2025,XCEG,111,111,109,109,300
10/31/2025,XCID,57,60,57,59,329400
10/31/2025,XCIS,85,85,85,85,2100
10/31/2025,XCLQ,87,87,87,87,100
10/31/2025,XDIF,400,500,398,420,19200
10/31/2025,XIFE,0,0,0,0,0
10/31/2025,XIHD,656,663,656,662,2800
10/31/2025,XIIC,0,0,0,0,0
10/31/2025,XIID,0,0,0,0,0
10/31/2025,XIIF,0,0,0,0,0
10/31/2025,XIIT,533,555,513,542,15900
10/31/2025,XIJI,674,675,673,673,1400
10/31/2025,XILV,105,121,105,116,300
10/31/2025,XIML,248,252,248,248,600
10/31/2025,XIPB,180,203,180,201,18300
10/31/2025,XIPI,221,228,221,228,500
10/31/2025,XISB,0,0,0,0,0
10/31/2025,XISC,1075,1075,1075,1075,600
10/31/2025,XISI,0,0,0,0,0
10/31/2025,XISR,0,0,0,0,0
10/31/2025,XKID,0,0,0,0,0
10/31/2025,XKIV,611,612,611,612,40100
10/31/2025,XKMS,1171,1174,1170,1172,200000
10/31/2025,XMGB,1138,1138,1138,1138,100
10/31/2025,XMIG,222,222,221,221,200100
10/31/2025,XMLF,917,917,917,917,40500
10/31/2025,XMSK,406,406,406,406,1000
10/31/2025,XNVE,0,0,0,0,0
10/31/2025,XPDV,550,770,545,641,19500
10/31/2025,XPFT,0,0,0,0,0
10/31/2025,XPIN,662,662,662,662,600
10/31/2025,XPLQ,545,675,533,533,7600
10/31/2025,XPSG,405,405,405,405,100
10/31/2025,XPTD,497,497,497,497,1000
10/31/2025,XSBC,107,107,105,105,23700
10/31/2025,XSPI,0,0,0,0,0
10/31/2025,XSSI,86,86,85,85,50500
10/31/2025,XSSK,722,722,722,722,20000
10/31/2025,YELO,65,68,65,68,5967900
10/31/2025,YOII,102,102,100,102,1800500
10/31/2025,YPAS,472,472,470,472,64000
10/31/2025,YULE,2600,2700,2600,2700,22200
10/31/2025,YUPI,1700,1710,1685,1700,47200
10/31/2025,ZATA,67,73,67,67,120028600
10/31/2025,ZBRA,0,0,0,0,0
10/31/2025,ZINC,32,32,32,32,8521100
10/31/2025,ZONE,570,570,550,560,35100
10/31/2025,ZYRX,147,148,142,145,1016000
