<date>,<ticker>,<open>,<high>,<low>,<close>,<volume>
11/19/2025,IHSG,8384.362,8426.633,8375.575,8406.577,44063113700
11/19/2025,AADI,7950,8025,7800,7850,13660500
11/19/2025,AADIDRCN6A,103,104,97,97,245500
11/19/2025,AADIHDCK6A,105,106,101,101,231200
11/19/2025,AADIYUCK6A,322,322,320,320,5300
11/19/2025,AALI,7700,7800,7700,7800,1295300
11/19/2025,ABBA,58,58,57,57,3135300
11/19/2025,ABDA,2550,2550,2540,2540,300
11/19/2025,ABMM,3040,3080,3020,3080,803200
11/19/2025,ACES,428,432,428,430,18483100
11/19/2025,ACESBQCG6A,11,11,10,10,44800
11/19/2025,ACESBQCK6A,15,15,15,15,200
11/19/2025,ACESBQCX5B,1,2,1,2,45231500
11/19/2025,ACESBQCZ5A,5,6,5,6,45344200
11/19/2025,ACESDRCJ6A,9,10,9,10,72500
11/19/2025,ACESHDCN6A,55,55,55,55,1200
11/19/2025,ACESHDCZ5A,8,8,7,7,51600
11/19/2025,ACESZPCJ6A,0,0,0,0,0
11/19/2025,ACRO,92,96,90,92,45023400
11/19/2025,ACRO-W,7,8,7,7,1053700
11/19/2025,ACST,132,153,130,143,138234600
11/19/2025,ADCP,55,56,54,55,6371000
11/19/2025,ADES,15025,15250,15000,15050,31000
11/19/2025,ADHI,258,260,256,256,4647900
11/19/2025,ADMF,8825,8850,8725,8725,131200
11/19/2025,ADMG,163,166,159,161,1832600
11/19/2025,ADMR,1295,1345,1285,1320,35225000
11/19/2025,ADMRDRCH6A,45,45,37,41,105000
11/19/2025,ADMRDRCJ6A,58,62,57,60,5148900
11/19/2025,ADMRHDCJ6A,88,95,88,95,51200
11/19/2025,ADMRZPCH6A,77,82,77,81,185500
11/19/2025,ADRO,1890,1930,1880,1920,74350800
11/19/2025,ADROBQCG6A,0,0,0,0,0
11/19/2025,ADROBQCJ6A,59,61,59,61,213600
11/19/2025,ADROBQCN6A,0,0,0,0,0
11/19/2025,ADROBQCZ5A,4,4,3,3,2634100
11/19/2025,ADRODRCJ6A,57,60,57,60,64400
11/19/2025,ADROHDCN6A,72,75,72,75,61800
11/19/2025,ADROHDCZ5A,39,43,39,43,101500
11/19/2025,ADROHDPH6A,70,71,69,71,80100
11/19/2025,ADROYUCZ5A,42,43,41,41,5900
11/19/2025,ADROZPCF6A,22,22,22,22,200
11/19/2025,ADROZPCK6A,58,58,58,58,17300
11/19/2025,AEGS,92,94,83,90,35953200
11/19/2025,AGAR,236,242,236,240,38700
11/19/2025,AGII,1265,1300,1255,1300,668900
11/19/2025,AGRO,228,230,224,226,12732900
11/19/2025,AGRS,72,72,69,71,7571900
11/19/2025,AHAP,102,112,100,100,260425000
11/19/2025,AIMS,378,382,370,380,120000
11/19/2025,AISA,143,143,139,140,6549800
11/19/2025,AKKU,36,36,36,36,48400
11/19/2025,AKPI,575,580,570,575,49200
11/19/2025,AKRA,1345,1355,1305,1340,35019100
11/19/2025,AKRABQCX5B,30,33,10,14,39932200
11/19/2025,AKRADRCH6A,56,63,56,61,198300
11/19/2025,AKRAHDCH6A,61,62,61,62,1341600
11/19/2025,AKRAZPCJ6A,0,0,0,0,0
11/19/2025,AKRAZPCM6A,45,45,42,45,4144700
11/19/2025,AKRAZPCX5A,66,73,66,72,1617200
11/19/2025,AKSI,408,492,406,426,10776700
11/19/2025,ALDO,560,560,545,555,74600
11/19/2025,ALII,615,620,590,605,2132500
11/19/2025,ALKA,354,368,334,360,5000
11/19/2025,ALMI,0,0,0,0,0
11/19/2025,ALTO,0,0,0,0,0
11/19/2025,AMAG,380,382,378,380,77100
11/19/2025,AMAN,183,184,167,169,17917600
11/19/2025,AMAR,226,226,222,224,307600
11/19/2025,AMFG,3470,3470,3280,3300,211700
11/19/2025,AMIN,268,268,260,260,35300
11/19/2025,AMMN,6325,6475,6300,6475,21405800
11/19/2025,AMMNBQCZ5A,5,5,3,3,5420000
11/19/2025,AMMNDRCJ6A,27,27,26,27,302300
11/19/2025,AMMNHDCH6A,42,44,42,44,20000
11/19/2025,AMMNZPCG6A,13,14,12,13,573700
11/19/2025,AMMS,0,0,0,0,0
11/19/2025,AMOR,400,406,400,406,1104000
11/19/2025,AMRT,1875,1895,1860,1885,19845900
11/19/2025,AMRTBQCF6A,14,15,14,14,2960200
11/19/2025,AMRTBQCH6A,16,16,15,15,500300
11/19/2025,AMRTBQCJ6A,0,0,0,0,0
11/19/2025,AMRTDRCH6A,23,25,23,25,6800
11/19/2025,AMRTDRCZ5A,10,11,10,10,645200
11/19/2025,AMRTHDCJ6A,7,8,6,8,4975000
11/19/2025,AMRTZPCK6A,13,14,13,14,125200
11/19/2025,AMRTZPCX5A,0,0,0,0,0
11/19/2025,ANDI,23,24,23,23,2342700
11/19/2025,ANJT,1975,1995,1955,1980,317900
11/19/2025,ANTM,3010,3050,3000,3000,72939900
11/19/2025,ANTMBQCG6A,38,39,38,38,175000
11/19/2025,ANTMBQCJ6A,51,52,51,51,6325900
11/19/2025,ANTMBQCN6A,75,75,75,75,1400
11/19/2025,ANTMBQCX5A,4,5,3,3,28494200
11/19/2025,ANTMBQCZ5A,0,0,0,0,0
11/19/2025,ANTMDRCG6A,35,35,29,29,307800
11/19/2025,ANTMDRCG6B,37,37,36,36,16000
11/19/2025,ANTMDRPZ5A,22,22,22,22,1600
11/19/2025,ANTMHDCH6A,60,60,59,59,8600
11/19/2025,ANTMHDCH6B,102,102,101,101,40600
11/19/2025,ANTMHDPH6A,56,57,56,57,100100
11/19/2025,ANTMZPCJ6A,56,56,56,56,10000
11/19/2025,ANTMZPCK6A,23,23,22,22,110700
11/19/2025,ANTMZPCX5A,156,156,156,156,100
11/19/2025,APEX,214,236,199,222,517484200
11/19/2025,APIC,1130,1195,1125,1170,6176500
11/19/2025,APII,188,194,187,190,692000
11/19/2025,APLI,438,444,438,438,2700
11/19/2025,APLN,102,102,99,99,6033700
11/19/2025,ARCI,1155,1195,1155,1165,78951000
11/19/2025,AREA,535,575,535,540,2703600
11/19/2025,ARGO,1055,1095,1050,1060,6500
11/19/2025,ARII,270,276,268,272,167200
11/19/2025,ARKA,30,30,30,30,1154800
11/19/2025,ARKO,2010,2300,1970,2200,4330000
11/19/2025,ARMY,0,0,0,0,0
11/19/2025,ARNA,555,560,550,555,1795300
11/19/2025,ARTA,3110,3110,2960,3090,5800
11/19/2025,ARTI,0,0,0,0,0
11/19/2025,ARTO,1985,2000,1960,1960,8867100
11/19/2025,ARTOBQCG6A,0,0,0,0,0
11/19/2025,ARTOBQCJ6A,0,0,0,0,0
11/19/2025,ARTOBQCN6A,0,0,0,0,0
11/19/2025,ARTOBQCX5B,16,16,14,14,100200
11/19/2025,ARTOBQCZ5A,10,10,8,9,1989900
11/19/2025,ARTODRCK6A,0,0,0,0,0
11/19/2025,ARTOHDCN6A,48,48,48,48,1000
11/19/2025,ARTOHDCZ5A,0,0,0,0,0
11/19/2025,ARTOZPCK6A,30,30,30,30,189100
11/19/2025,ARTOZPCX5A,24,24,22,22,34300
11/19/2025,ASBI,478,486,476,484,35900
11/19/2025,ASDM,595,615,595,600,21000
11/19/2025,ASGR,1305,1305,1260,1270,576200
11/19/2025,ASHA,65,68,65,68,12309200
11/19/2025,ASII,6425,6475,6275,6400,45476700
11/19/2025,ASIIBQCZ5A,0,0,0,0,0
11/19/2025,ASIIDRCH6A,41,42,41,41,41100
11/19/2025,ASIIDRCX6A,4330,4330,4330,4330,500
11/19/2025,ASIIHDCZ5A,0,0,0,0,0
11/19/2025,ASIIZPCJ6A,0,0,0,0,0
11/19/2025,ASIIZPCM6A,41,41,41,41,25000
11/19/2025,ASJT,156,156,139,143,5128400
11/19/2025,ASLC,90,91,85,86,62643300
11/19/2025,ASLI,194,196,192,195,5870300
11/19/2025,ASMI,26,27,26,27,1414000
11/19/2025,ASPI,785,785,750,750,367700
11/19/2025,ASPR,102,102,96,99,9638400
11/19/2025,ASRI,170,170,164,165,27885000
11/19/2025,ASRM,324,328,322,324,34600
11/19/2025,ASSA,1105,1130,1060,1080,13848900
11/19/2025,ATAP,0,0,0,0,0
11/19/2025,ATIC,650,650,600,635,1022200
11/19/2025,ATLA,64,65,63,64,43390000
11/19/2025,AUTO,2630,2660,2620,2640,1172200
11/19/2025,AUTODRCV6A,0,0,0,0,0
11/19/2025,AUTOHDCN6A,0,0,0,0,0
11/19/2025,AUTOZPCJ6A,0,0,0,0,0
11/19/2025,AVIA,444,448,440,446,10597500
11/19/2025,AVIADRCV6A,72,76,72,76,300
11/19/2025,AVIAHDCN6A,0,0,0,0,0
11/19/2025,AVIAZPCJ6A,20,23,20,23,669300
11/19/2025,AWAN,260,260,236,236,20010800
11/19/2025,AXIO,132,150,129,148,46024000
11/19/2025,AYAM,322,326,304,320,129908300
11/19/2025,AYLS,0,0,0,0,0
11/19/2025,BABP,55,55,54,54,12819000
11/19/2025,BABY,370,440,362,368,189606500
11/19/2025,BACA,143,144,142,143,862800
11/19/2025,BAIK,103,103,101,102,2206200
11/19/2025,BAIK-W,8,9,7,8,2139700
11/19/2025,BAJA,170,172,168,170,2942600
11/19/2025,BALI,1190,1200,1180,1195,5700
11/19/2025,BANK,845,845,825,840,5406300
11/19/2025,BANK-W,0,0,0,0,0
11/19/2025,BAPA,92,114,92,93,294891200
11/19/2025,BAPI,23,23,23,23,4092000
11/19/2025,BATA,64,66,64,66,45500
11/19/2025,BATR,109,110,107,109,656900
11/19/2025,BAUT,38,40,38,40,1599300
11/19/2025,BAYU,1305,1335,1305,1315,164000
11/19/2025,BBCA,8350,8500,8325,8475,114209700
11/19/2025,BBCABQCG6A,66,68,66,68,121900
11/19/2025,BBCABQCJ6A,0,0,0,0,0
11/19/2025,BBCABQCN6A,49,49,49,49,41200
11/19/2025,BBCABQCX5A,2,2,1,2,1366300
11/19/2025,BBCADRCF6A,25,26,25,26,426800
11/19/2025,BBCADRCX6A,3900,3900,3900,3900,100
11/19/2025,BBCAHDCN6A,49,49,49,49,1000
11/19/2025,BBCAHDCQ7A,65,68,65,68,2028900
11/19/2025,BBCAYUCK6A,187,191,187,190,9200
11/19/2025,BBCAZPCF6A,16,18,15,17,2454000
11/19/2025,BBCAZPCH6A,79,80,78,80,106200
11/19/2025,BBCAZPCN6A,60,62,60,61,10300
11/19/2025,BBHI,1480,1490,1465,1490,690500
11/19/2025,BBKP,71,73,70,70,187122000
11/19/2025,BBLD,900,905,880,905,101900
11/19/2025,BBMD,2030,2030,2030,2030,1200
11/19/2025,BBNI,4470,4470,4410,4460,34300600
11/19/2025,BBNIBQCG6A,0,0,0,0,0
11/19/2025,BBNIBQCJ6A,59,59,59,59,20000
11/19/2025,BBNIBQCN6A,0,0,0,0,0
11/19/2025,BBNIDRCH6A,67,68,67,67,16500
11/19/2025,BBNIDRCX6A,0,0,0,0,0
11/19/2025,BBNIDRCZ5A,42,42,42,42,6600
11/19/2025,BBNIDRPZ5A,29,29,29,29,4500
11/19/2025,BBNIHDCQ7A,89,89,86,87,34000
11/19/2025,BBNIZPCH6A,94,94,94,94,100000
11/19/2025,BBNIZPCX5A,0,0,0,0,0
11/19/2025,BBRI,3990,4000,3970,4000,107451000
11/19/2025,BBRIBQCG6A,42,42,41,41,2600
11/19/2025,BBRIBQCJ6A,0,0,0,0,0
11/19/2025,BBRIBQCN6A,0,0,0,0,0
11/19/2025,BBRIBQCZ5A,16,16,16,16,14100
11/19/2025,BBRIDRCG6A,74,75,74,74,1877700
11/19/2025,BBRIDRCN6A,0,0,0,0,0
11/19/2025,BBRIDRCX5A,72,72,67,71,8600
11/19/2025,BBRIDRCX6A,2220,2220,2210,2210,200
11/19/2025,BBRIDRPZ5A,27,27,26,26,4050000
11/19/2025,BBRIHDCH6A,0,0,0,0,0
11/19/2025,BBRIHDCQ7A,85,85,84,84,6000
11/19/2025,BBRIZPCH6A,74,76,74,74,22600
11/19/2025,BBRIZPCN6A,0,0,0,0,0
11/19/2025,BBRIZPCX5A,0,0,0,0,0
11/19/2025,BBRM,88,89,87,88,4807800
11/19/2025,BBSI,3990,4000,3940,4000,18100
11/19/2025,BBSS,356,362,332,362,152900
11/19/2025,BBTN,1210,1215,1200,1200,11670700
11/19/2025,BBTNDRCV6A,58,58,58,58,100
11/19/2025,BBTNHDCN6A,0,0,0,0,0
11/19/2025,BBTNHDCZ5A,0,0,0,0,0
11/19/2025,BBTNYUCZ5A,0,0,0,0,0
11/19/2025,BBTNZPCG6A,0,0,0,0,0
11/19/2025,BBYB,372,376,368,368,31701100
11/19/2025,BCAP,56,56,54,55,13059000
11/19/2025,BCIC,150,151,150,151,142700
11/19/2025,BCIP,110,112,106,108,40695600
11/19/2025,BDKR,170,171,166,166,17453600
11/19/2025,BDMN,2540,2560,2500,2530,674700
11/19/2025,BEBS,0,0,0,0,0
11/19/2025,BEEF,590,665,585,645,50112700
11/19/2025,BEER,212,214,200,206,25705500
11/19/2025,BEKS,27,28,27,27,9747300
11/19/2025,BELI,470,478,452,460,12104200
11/19/2025,BELL,73,76,71,74,35066000
11/19/2025,BESS,1740,2110,1740,1835,1837800
11/19/2025,BEST,104,105,102,104,5341100
11/19/2025,BFIN,770,780,760,780,16253500
11/19/2025,BFINDRCK6A,19,19,19,19,100
11/19/2025,BFINHDCM6A,0,0,0,0,0
11/19/2025,BFINZPCM6A,18,19,17,19,50200
11/19/2025,BGTG,114,116,112,113,12408100
11/19/2025,BHAT,1060,1065,1050,1060,2521700
11/19/2025,BHIT,33,34,33,33,7512800
11/19/2025,BIKA,0,0,0,0,0
11/19/2025,BIKE,840,845,840,840,6581700
11/19/2025,BIMA,0,0,0,0,0
11/19/2025,BINA,4490,4490,4490,4490,1800
11/19/2025,BINO,138,183,138,149,85734300
11/19/2025,BIPI,83,83,81,81,71662000
11/19/2025,BIPP,46,46,46,46,142400
11/19/2025,BIRD,1765,1780,1755,1760,1027900
11/19/2025,BISI,895,900,885,900,282900
11/19/2025,BJBR,800,805,800,805,671200
11/19/2025,BJTM,545,550,540,545,8837200
11/19/2025,BKDP,38,39,38,38,224700
11/19/2025,BKSL,138,144,128,129,1854047300
11/19/2025,BKSW,62,63,61,62,2573300
11/19/2025,BLES,160,160,156,158,4502500
11/19/2025,BLOG,470,472,466,466,1514100
11/19/2025,BLTA,31,32,31,31,1702500
11/19/2025,BLTZ,2390,2910,2390,2910,3700
11/19/2025,BLUE,2870,3370,2800,3200,3713100
11/19/2025,BMAS,670,710,660,705,86300
11/19/2025,BMBL,52,55,47,55,49749300
11/19/2025,BMHS,153,154,152,153,8333700
11/19/2025,BMRI,4820,4850,4800,4850,107585700
11/19/2025,BMRIBQCG6A,0,0,0,0,0
11/19/2025,BMRIBQCJ6A,72,72,71,71,1800
11/19/2025,BMRIBQCZ5A,5,6,5,5,3914500
11/19/2025,BMRIDRCG6A,102,106,102,106,51200
11/19/2025,BMRIDRCX6A,2320,2320,2320,2320,100
11/19/2025,BMRIHDCQ7A,148,149,147,148,3000
11/19/2025,BMRIYUCK6A,0,0,0,0,0
11/19/2025,BMRIZPCH6A,53,54,53,54,171600
11/19/2025,BMRIZPCX5A,0,0,0,0,0
11/19/2025,BMSR,316,316,298,300,702000
11/19/2025,BMTR,143,144,141,143,16843600
11/19/2025,BNBA,625,635,620,625,144300
11/19/2025,BNBR,45,47,45,47,25029100
11/19/2025,BNGA,1820,1835,1795,1795,6343400
11/19/2025,BNGADRCK6A,0,0,0,0,0
11/19/2025,BNGAHDCN6A,71,71,71,71,34800
11/19/2025,BNGAZPCH6A,0,0,0,0,0
11/19/2025,BNII,208,208,206,206,461200
11/19/2025,BNLI,5100,5125,5025,5025,56300
11/19/2025,BOAT,127,142,125,131,27894800
11/19/2025,BOBA,191,193,190,191,67900
11/19/2025,BOGA,540,540,520,540,1417200
11/19/2025,BOLA,167,170,160,169,284800
11/19/2025,BOLT,1115,1115,1095,1095,16400
11/19/2025,BOSS,0,0,0,0,0
11/19/2025,BPFI,328,368,302,310,1942300
11/19/2025,BPII,515,520,510,515,118700
11/19/2025,BPTR,93,94,91,91,321100
11/19/2025,BRAM,4870,4960,4870,4870,1600
11/19/2025,BREN,9725,9775,9600,9675,23150100
11/19/2025,BRIS,2470,2480,2450,2460,6991600
11/19/2025,BRISBQCZ5A,0,0,0,0,0
11/19/2025,BRISDRCJ6A,28,28,28,28,20300
11/19/2025,BRISHDCH6A,0,0,0,0,0
11/19/2025,BRISHDCZ5A,0,0,0,0,0
11/19/2025,BRISZPCG6A,0,0,0,0,0
11/19/2025,BRMS,945,960,930,950,398648200
11/19/2025,BRMSBQCZ5A,256,256,256,256,200
11/19/2025,BRMSDRCG6A,37,38,35,37,965300
11/19/2025,BRMSDRCJ6A,168,168,162,162,1950000
11/19/2025,BRMSDRPG6A,26,26,25,26,168000
11/19/2025,BRMSHDCH6A,272,272,272,272,1000
11/19/2025,BRMSHDCZ5A,0,0,0,0,0
11/19/2025,BRMSZPCG6A,268,268,268,268,1300
11/19/2025,BRMSZPCN6A,43,43,43,43,2300
11/19/2025,BRNA,720,725,705,725,1400
11/19/2025,BRPT,3580,3610,3500,3500,76949500
11/19/2025,BRPTBQCF6A,49,51,46,46,5883100
11/19/2025,BRPTBQCH6A,0,0,0,0,0
11/19/2025,BRPTBQCK6A,0,0,0,0,0
11/19/2025,BRPTBQCX5B,0,0,0,0,0
11/19/2025,BRPTBQCZ5A,0,0,0,0,0
11/19/2025,BRPTDRCF6A,372,372,362,366,56500
11/19/2025,BRPTDRCH6A,92,92,71,71,32500
11/19/2025,BRPTDRCJ6A,214,214,204,206,168800
11/19/2025,BRPTDRPG6A,51,53,50,51,2357900
11/19/2025,BRPTHDCH6A,310,310,310,310,300
11/19/2025,BRPTHDCH6B,0,0,0,0,0
11/19/2025,BRPTHDPG6A,56,58,54,57,1778700
11/19/2025,BRPTYUCZ5A,210,210,210,210,100
11/19/2025,BRPTZPCF6A,0,0,0,0,0
11/19/2025,BRPTZPCK6A,80,80,77,77,130500
11/19/2025,BRPTZPCN6A,86,86,83,83,61300
11/19/2025,BRPTZPCX5A,565,565,565,565,1000
11/19/2025,BRRC,132,133,128,129,19456700
11/19/2025,BRRC-W,18,19,17,19,12493600
11/19/2025,BSBK,70,71,69,69,17886000
11/19/2025,BSDE,975,980,955,955,15984300
11/19/2025,BSDEBQCK6A,0,0,0,0,0
11/19/2025,BSDEDRCG6A,0,0,0,0,0
11/19/2025,BSDEDRCJ6A,0,0,0,0,0
11/19/2025,BSDEHDCM6A,0,0,0,0,0
11/19/2025,BSDEZPCH6A,43,43,42,42,9800
11/19/2025,BSDEZPCN6A,0,0,0,0,0
11/19/2025,BSIM,875,880,860,870,13100
11/19/2025,BSML,220,228,220,220,34585500
11/19/2025,BSSR,3920,3940,3920,3920,341100
11/19/2025,BSWD,0,0,0,0,0
11/19/2025,BTEK,16,16,15,15,108325300
11/19/2025,BTEL,0,0,0,0,0
11/19/2025,BTON,388,388,380,388,1400
11/19/2025,BTPN,2150,2150,2140,2140,9300
11/19/2025,BTPS,1385,1385,1355,1355,4606800
11/19/2025,BTPSDRCK6A,34,34,34,34,10000
11/19/2025,BTPSHDCJ6A,49,49,49,49,5000
11/19/2025,BTPSZPCH6A,29,29,29,29,10000
11/19/2025,BUAH,695,700,690,700,231400
11/19/2025,BUDI,230,234,228,234,839500
11/19/2025,BUKA,167,170,165,167,119080600
11/19/2025,BUKABQCZ5B,10,10,9,9,100500
11/19/2025,BUKADRCK6A,13,15,13,14,72900
11/19/2025,BUKAHDCN6A,33,33,32,32,200
11/19/2025,BUKAHDCZ5A,93,93,93,93,1300
11/19/2025,BUKAZPCM6A,36,36,35,35,300
11/19/2025,BUKK,995,1235,995,1235,743500
11/19/2025,BULL,220,226,216,222,190750300
11/19/2025,BUMI,220,238,216,228,14168826000
11/19/2025,BUVA,910,935,895,905,90759700
11/19/2025,BVIC,109,112,108,110,7824000
11/19/2025,BVIC-W,24,24,22,22,162500
11/19/2025,BWPT,145,146,143,144,52268900
11/19/2025,BYAN,17600,17800,17550,17700,13500
11/19/2025,CAKK,176,178,175,178,146900
11/19/2025,CAMP,214,216,212,214,1122800
11/19/2025,CANI,45,46,45,46,51500
11/19/2025,CARE,370,372,336,358,21848400
11/19/2025,CARS,129,134,127,128,23297500
11/19/2025,CASA,1090,1095,1070,1080,2825200
11/19/2025,CASH,112,115,108,111,1094500
11/19/2025,CASS,2790,2840,2790,2790,30000
11/19/2025,CBDK,6400,6475,6250,6300,5103400
11/19/2025,CBMF,0,0,0,0,0
11/19/2025,CBPE,400,400,318,320,8472300
11/19/2025,CBRE,1075,1120,1075,1080,22491400
11/19/2025,CBUT,1540,1540,1350,1470,619400
11/19/2025,CCSI,350,352,346,348,519700
11/19/2025,CDIA,1795,1815,1790,1790,51218900
11/19/2025,CEKA,2520,2540,2500,2510,22800
11/19/2025,CENT,136,142,136,138,11937000
11/19/2025,CFIN,334,334,324,324,6574200
11/19/2025,CGAS,171,173,168,169,7270100
11/19/2025,CHEK,183,184,182,184,2114700
11/19/2025,CHEM,109,110,107,110,9409300
11/19/2025,CHIP,1380,1400,1375,1390,171700
11/19/2025,CINT,185,186,182,184,228800
11/19/2025,CITA,4260,4300,4220,4250,211500
11/19/2025,CITY,196,206,187,193,15394300
11/19/2025,CLAY,2830,2830,2760,2790,1119600
11/19/2025,CLEO,520,520,510,510,4647500
11/19/2025,CLPI,1550,1585,1545,1565,95300
11/19/2025,CMNP,1360,1370,1340,1345,189400
11/19/2025,CMNT,760,765,755,760,18708500
11/19/2025,CMPP,94,94,92,93,42600
11/19/2025,CMRY,6150,6225,5950,6125,2242500
11/19/2025,CMRYDRCK6A,0,0,0,0,0
11/19/2025,CMRYHDCN6A,0,0,0,0,0
11/19/2025,CMRYZPCJ6A,71,71,71,71,200
11/19/2025,CNKO,57,57,57,57,14802200
11/19/2025,CNMA,114,115,114,114,8953700
11/19/2025,CNTB,0,0,0,0,0
11/19/2025,CNTX,0,0,0,0,0
11/19/2025,COAL,61,63,61,62,13619400
11/19/2025,COCO,424,424,414,416,33366000
11/19/2025,COIN,3290,3610,3290,3580,223577700
11/19/2025,COWL,0,0,0,0,0
11/19/2025,CPIN,4710,4750,4710,4750,8553700
11/19/2025,CPINDRCG6A,57,57,57,57,600
11/19/2025,CPINHDCN6A,62,62,62,62,100000
11/19/2025,CPINZPCJ6A,36,36,36,36,21000
11/19/2025,CPINZPCN6A,0,0,0,0,0
11/19/2025,CPRI,0,0,0,0,0
11/19/2025,CPRO,66,67,65,66,154789000
11/19/2025,CRAB,274,280,274,278,4154700
11/19/2025,CRSN,155,160,148,152,12385500
11/19/2025,CSAP,330,330,326,326,106600
11/19/2025,CSIS,0,0,0,0,0
11/19/2025,CSMI,334,334,304,314,16621000
11/19/2025,CSRA,915,930,910,925,5973500
11/19/2025,CTBN,5300,5300,5300,5300,500
11/19/2025,CTRA,890,890,860,860,14614400
11/19/2025,CTRADRCJ6A,12,12,11,12,210700
11/19/2025,CTRAHDCK6A,0,0,0,0,0
11/19/2025,CTRAYUCZ5A,0,0,0,0,0
11/19/2025,CTRAZPCG6A,0,0,0,0,0
11/19/2025,CTTH,100,102,100,102,6191100
11/19/2025,CUAN,2100,2160,2050,2160,52180200
11/19/2025,CYBR,1420,1445,1395,1415,14472500
11/19/2025,CYBR-W,945,990,945,975,53500
11/19/2025,DAAZ,2180,2200,2150,2160,248700
11/19/2025,DADA,50,50,50,50,2212500
11/19/2025,DART,190,191,185,185,218000
11/19/2025,DATA,4980,5050,4850,4960,3576300
11/19/2025,DAYA,1465,1480,1385,1470,87900
11/19/2025,DCII,261975,262000,261975,262000,1200
11/19/2025,DEAL,0,0,0,0,0
11/19/2025,DEFI,0,0,0,0,0
11/19/2025,DEPO,262,274,260,260,424900
11/19/2025,DEWA,428,440,418,426,1848365600
11/19/2025,DEWI,145,159,138,149,117462500
11/19/2025,DFAM,88,92,86,86,46431800
11/19/2025,DGIK,111,115,110,115,7618500
11/19/2025,DGNS,143,146,142,145,23149100
11/19/2025,DGWG,390,396,386,396,11408200
11/19/2025,DIGI,33,34,33,33,574500
11/19/2025,DILD,139,140,137,138,18093900
11/19/2025,DIVA,191,194,186,189,574900
11/19/2025,DKFT,755,755,720,725,30159400
11/19/2025,DKHH,88,89,87,88,3842300
11/19/2025,DKHH-W,16,17,16,16,2244300
11/19/2025,DLTA,2070,2070,2070,2070,1300
11/19/2025,DMAS,132,133,132,132,9280900
11/19/2025,DMMX,368,374,366,372,1196200
11/19/2025,DMND,625,635,620,625,223100
11/19/2025,DNAR,123,127,122,125,2444100
11/19/2025,DNET,8975,8975,8950,8975,500
11/19/2025,DOID,328,336,328,330,3157200
11/19/2025,DOOH,163,165,159,159,85787000
11/19/2025,DOSS,165,171,165,168,2641200
11/19/2025,DPNS,0,0,0,0,0
11/19/2025,DPUM,73,79,71,76,32651400
11/19/2025,DRMA,995,1000,990,1000,305200
11/19/2025,DSFI,89,91,88,88,7402800
11/19/2025,DSNG,1640,1680,1635,1675,22324900
11/19/2025,DSNGDRCK6A,70,70,70,70,40000
11/19/2025,DSNGHDCK6A,81,87,81,87,102000
11/19/2025,DSNGZPCM6A,43,43,43,43,500
11/19/2025,DSSA,99300,101500,98625,98625,2063500
11/19/2025,DUCK,0,0,0,0,0
11/19/2025,DUTI,4390,4390,4380,4380,300
11/19/2025,DVLA,1660,1660,1655,1655,26800
11/19/2025,DWGL,362,394,358,368,44150200
11/19/2025,DYAN,88,88,85,87,2430500
11/19/2025,EAST,94,94,93,93,974100
11/19/2025,ECII,195,195,187,188,1814400
11/19/2025,EDGE,4550,4550,4360,4480,25800
11/19/2025,EKAD,187,189,186,188,190000
11/19/2025,ELIT,181,184,180,182,3420700
11/19/2025,ELPI,710,715,685,690,813400
11/19/2025,ELSA,530,535,520,525,23797300
11/19/2025,ELSADRCG6A,25,25,25,25,131000
11/19/2025,ELSADRCJ6A,34,34,34,34,125000
11/19/2025,ELSAHDCK6A,39,40,39,39,3695700
11/19/2025,ELSAZPCG6A,33,34,32,32,1186600
11/19/2025,ELSAZPCN6A,24,24,24,24,140000
11/19/2025,ELTY,20,21,20,20,25631400
11/19/2025,EMAS,3780,3800,3750,3750,7659800
11/19/2025,EMDE,95,98,95,96,1920200
11/19/2025,EMTK,1195,1200,1170,1180,54472700
11/19/2025,EMTKBQCH6A,22,22,20,20,2790700
11/19/2025,EMTKBQCZ5A,0,0,0,0,0
11/19/2025,EMTKDRCH6A,60,60,52,52,44300
11/19/2025,EMTKDRCK6A,47,47,46,46,1009200
11/19/2025,EMTKHDCK6A,58,59,58,59,197600
11/19/2025,EMTKHDCZ5A,0,0,0,0,0
11/19/2025,EMTKZPCH6A,139,143,139,139,1500
11/19/2025,EMTKZPCM6A,0,0,0,0,0
11/19/2025,ENAK,685,690,665,665,531000
11/19/2025,ENRG,925,955,915,940,105005700
11/19/2025,ENRGBQCZ5A,0,0,0,0,0
11/19/2025,ENRGDRCG6A,24,29,24,28,1734700
11/19/2025,ENRGDRCJ6A,168,168,168,168,6800
11/19/2025,ENRGHDCK6A,86,88,86,88,11500
11/19/2025,ENRGHDCZ5A,0,0,0,0,0
11/19/2025,ENRGZPCG6A,0,0,0,0,0
11/19/2025,ENRGZPCK6A,48,48,48,48,54900
11/19/2025,ENVY,0,0,0,0,0
11/19/2025,ENZO,40,40,39,39,805500
11/19/2025,EPAC,27,27,27,27,2571700
11/19/2025,EPMT,2340,2350,2340,2350,9100
11/19/2025,ERAA,418,420,412,414,43289200
11/19/2025,ERAABQCZ5A,3,3,2,2,1294100
11/19/2025,ERAADRCJ6A,8,8,7,7,1759200
11/19/2025,ERAAHDCN6A,0,0,0,0,0
11/19/2025,ERAAHDCZ5A,0,0,0,0,0
11/19/2025,ERAAZPCH6A,14,14,14,14,100000
11/19/2025,ERAL,290,304,290,300,21602600
11/19/2025,ERTX,173,174,168,173,708800
11/19/2025,ESIP,115,115,111,113,3635700
11/19/2025,ESSA,665,675,655,670,33069000
11/19/2025,ESSABQCZ5A,27,30,25,30,1400200
11/19/2025,ESSADRCN6A,36,36,36,36,500
11/19/2025,ESSAHDCH6A,50,50,50,50,10000
11/19/2025,ESSAYUCZ5A,27,27,27,27,15800
11/19/2025,ESSAZPCK6A,18,18,18,18,93000
11/19/2025,ESTA,294,312,230,242,43270500
11/19/2025,ESTI,149,149,145,145,1311700
11/19/2025,ETWA,0,0,0,0,0
11/19/2025,EURO,298,304,292,294,251600
11/19/2025,EXCL,2730,2760,2670,2750,13720600
11/19/2025,EXCLHDCJ6A,29,30,25,30,1288400
11/19/2025,EXCLZPCF6A,58,58,57,57,1365300
11/19/2025,EXCLZPCM6A,32,32,32,32,30600
11/19/2025,EXCLZPCN6A,0,0,0,0,0
11/19/2025,FAPA,6100,6200,6100,6150,12600
11/19/2025,FAST,600,610,585,590,8354600
11/19/2025,FASW,0,0,0,0,0
11/19/2025,FILM,5850,6100,5850,6025,7753100
11/19/2025,FIMP,0,0,0,0,0
11/19/2025,FIRE,88,103,88,93,135147700
11/19/2025,FISH,1520,1520,1475,1495,64300
11/19/2025,FITT,710,715,680,695,364100
11/19/2025,FLMC,238,246,208,208,8447000
11/19/2025,FMII,378,434,350,434,9541100
11/19/2025,FOLK,312,328,312,322,5055900
11/19/2025,FOOD,0,0,0,0,0
11/19/2025,FORE,515,515,505,510,3154200
11/19/2025,FORU,1065,1080,1055,1065,77000
11/19/2025,FPNI,0,0,0,0,0
11/19/2025,FUJI,730,775,700,730,478700
11/19/2025,FUTR,625,635,600,605,32812700
11/19/2025,FWCT,149,151,140,151,16908100
11/19/2025,GAMA,0,0,0,0,0
11/19/2025,GDST,118,119,116,116,1000500
11/19/2025,GDYR,1110,1110,1090,1100,4300
11/19/2025,GEMA,94,97,94,94,8675800
11/19/2025,GEMS,8925,8975,8900,8900,53800
11/19/2025,GGRM,15250,15450,15050,15350,1618000
11/19/2025,GGRMZPCG6A,167,173,161,169,1221600
11/19/2025,GGRP,218,218,204,214,3273300
11/19/2025,GHON,1710,1710,1705,1705,3100
11/19/2025,GIAA,108,108,105,105,71034700
11/19/2025,GJTL,1040,1050,1035,1040,3772500
11/19/2025,GJTLZPCJ6A,20,22,20,22,366100
11/19/2025,GLOB,0,0,0,0,0
11/19/2025,GLVA,418,420,406,412,102500
11/19/2025,GMFI,80,80,80,80,6025700
11/19/2025,GMTD,2440,2700,2350,2400,30200
11/19/2025,GOLD,320,326,310,318,48500
11/19/2025,GOLF,202,202,200,202,755600
11/19/2025,GOLL,0,0,0,0,0
11/19/2025,GOOD,370,372,368,372,146600
11/19/2025,GOTO,61,61,59,60,3613895900
11/19/2025,GOTOBQCJ6A,8,8,7,8,4563600
11/19/2025,GOTOBQCQ6A,9,9,9,9,76100
11/19/2025,GOTOBQCZ5A,2,3,2,3,3561000
11/19/2025,GOTODRCG6A,8,8,7,7,684700
11/19/2025,GOTOHDCK6A,15,15,15,15,200
11/19/2025,GOTOM,0,0,0,0,0
11/19/2025,GOTOZPCH6A,0,0,0,0,0
11/19/2025,GOTOZPCK6A,12,13,12,13,300100
11/19/2025,GPRA,139,139,132,137,26722000
11/19/2025,GPSO,725,750,665,675,3835600
11/19/2025,GRIA,103,103,99,99,3158400
11/19/2025,GRPH,66,67,64,65,5260300
11/19/2025,GRPM,60,62,60,61,1923300
11/19/2025,GRPM-W,15,16,15,16,266300
11/19/2025,GSMF,110,112,104,109,22344800
11/19/2025,GTBO,206,210,202,208,379200
11/19/2025,GTRA,338,348,330,348,4337700
11/19/2025,GTSI,120,122,118,119,75917700
11/19/2025,GULA,366,372,358,362,3274500
11/19/2025,GUNA,280,284,278,280,1162300
11/19/2025,GWSA,166,170,156,163,12604000
11/19/2025,GZCO,298,302,294,298,31160300
11/19/2025,HADE,24,24,23,24,1236600
11/19/2025,HAIS,216,216,210,210,2808300
11/19/2025,HAJJ,117,117,114,116,11048800
11/19/2025,HAJJ-W,15,16,15,15,1801900
11/19/2025,HALO,119,120,106,110,511226800
11/19/2025,HALO-W,15,16,14,15,1771500
11/19/2025,HATM,366,370,354,364,25473700
11/19/2025,HBAT,234,252,230,238,1536600
11/19/2025,HDFA,172,173,162,168,446000
11/19/2025,HDIT,60,61,60,60,6832800
11/19/2025,HEAL,1435,1455,1425,1435,8918600
11/19/2025,HEALBQCZ5A,6,6,6,6,500
11/19/2025,HEALDRCJ6A,0,0,0,0,0
11/19/2025,HEALHDCH6A,0,0,0,0,0
11/19/2025,HEALYUCZ5A,0,0,0,0,0
11/19/2025,HEALZPCH6A,0,0,0,0,0
11/19/2025,HEALZPCN6A,0,0,0,0,0
11/19/2025,HELI,246,248,244,246,188700
11/19/2025,HERO,510,525,500,510,188200
11/19/2025,HEXA,4610,4640,4600,4610,113600
11/19/2025,HGII,161,161,159,161,8681000
11/19/2025,HILL,155,157,154,155,774300
11/19/2025,HITS,0,0,0,0,0
11/19/2025,HKMU,0,0,0,0,0
11/19/2025,HMSP,825,830,800,820,78855000
11/19/2025,HOKI,75,76,74,75,27650600
11/19/2025,HOME,0,0,0,0,0
11/19/2025,HOMI,454,490,448,488,2331600
11/19/2025,HOPE,138,152,135,138,52724500
11/19/2025,HOTL,0,0,0,0,0
11/19/2025,HRME,38,40,38,40,47600
11/19/2025,HRTA,1305,1390,1305,1370,31687600
11/19/2025,HRUM,980,1000,980,990,10268500
11/19/2025,HRUMDRCN6A,28,28,27,27,2066300
11/19/2025,HRUMHDCK6A,31,33,30,31,519000
11/19/2025,HRUMZPCG6A,41,41,39,39,1900
11/19/2025,HRUMZPCM6A,24,50,23,50,930100
11/19/2025,HUMI,126,129,125,126,41893800
11/19/2025,HUMI-W,20,21,20,21,11622100
11/19/2025,HYGN,162,162,161,162,293200
11/19/2025,IATA,93,93,86,86,28230500
11/19/2025,IBFN,61,61,61,61,928400
11/19/2025,IBOS,55,57,54,56,9883200
11/19/2025,IBST,0,0,0,0,0
11/19/2025,ICBP,8325,8525,8325,8400,20237100
11/19/2025,ICBPDRCX6A,0,0,0,0,0
11/19/2025,ICBPDRCX6B,54,55,53,54,17400
11/19/2025,ICBPHDCJ6A,0,0,0,0,0
11/19/2025,ICBPZPCX5A,1,2,1,1,8007600
11/19/2025,ICON,46,46,45,46,232000
11/19/2025,IDEA,68,70,67,70,4611100
11/19/2025,IDPR,320,320,308,310,657900
11/19/2025,IFII,236,236,234,234,158300
11/19/2025,IFSH,800,800,800,800,1800
11/19/2025,IGAR,500,505,500,505,4500
11/19/2025,IIKP,0,0,0,0,0
11/19/2025,IKAI,16,16,15,15,77308900
11/19/2025,IKAN,113,118,110,118,23682100
11/19/2025,IKBI,550,550,535,550,181800
11/19/2025,IKPM,234,240,232,234,1792400
11/19/2025,IMAS,1160,1220,1160,1165,1115300
11/19/2025,IMJS,262,294,262,284,79420700
11/19/2025,IMPC,2550,2640,2520,2560,23721400
11/19/2025,INAF,0,0,0,0,0
11/19/2025,INAI,150,152,150,151,73300
11/19/2025,INCF,46,47,46,46,832100
11/19/2025,INCI,640,645,630,640,109600
11/19/2025,INCO,3890,3950,3880,3890,10060500
11/19/2025,INCOBQCF6A,0,0,0,0,0
11/19/2025,INCOBQCJ6A,35,35,35,35,150400
11/19/2025,INCOBQCN6A,0,0,0,0,0
11/19/2025,INCODRCG6A,44,44,43,43,904800
11/19/2025,INCODRCK6A,63,64,62,63,267700
11/19/2025,INCOHDCJ6A,76,77,74,74,98900
11/19/2025,INCOYUCZ5A,69,69,67,67,3100
11/19/2025,INCOZPCK6A,36,36,36,36,100
11/19/2025,INCOZPCN6A,0,0,0,0,0
11/19/2025,INCOZPCX5A,0,0,0,0,0
11/19/2025,INDF,7025,7050,7000,7025,5448800
11/19/2025,INDFDRCX6A,3380,3380,3370,3370,300
11/19/2025,INDFDRCX6B,51,51,50,50,43000
11/19/2025,INDFHDCJ6A,13,13,13,13,19400
11/19/2025,INDO,222,274,220,260,107052800
11/19/2025,INDR,2880,2910,2800,2880,5000
11/19/2025,INDS,226,226,224,226,123900
11/19/2025,INDX,167,178,163,167,14857900
11/19/2025,INDY,1830,1870,1830,1835,10849800
11/19/2025,INDYDRCN6A,66,66,66,66,231000
11/19/2025,INDYHDCJ6A,147,147,147,147,610000
11/19/2025,INDYHDCN6A,0,0,0,0,0
11/19/2025,INDYZPCG6A,76,77,76,77,631100
11/19/2025,INDYZPCN6A,27,27,27,27,147200
11/19/2025,INET,520,570,515,545,880192700
11/19/2025,INET-W,500,500,420,448,7586300
11/19/2025,INKP,7625,7625,7500,7500,3895900
11/19/2025,INKPBQCX5A,15,15,13,13,260800
11/19/2025,INKPDRCF6A,155,155,148,148,38900
11/19/2025,INKPDRCG6A,53,53,51,51,50200
11/19/2025,INKPHDCK6A,0,0,0,0,0
11/19/2025,INKPZPCF6A,67,67,66,66,117900
11/19/2025,INKPZPCK6A,28,28,28,28,100100
11/19/2025,INOV,137,148,136,144,19832100
11/19/2025,INPC,154,154,151,151,2685100
11/19/2025,INPP,675,695,675,695,15200
11/19/2025,INPS,155,155,154,154,100600
11/19/2025,INRU,740,740,680,730,369100
11/19/2025,INTA,39,42,39,40,676400
11/19/2025,INTD,218,220,210,214,263500
11/19/2025,INTP,6750,7025,6575,6950,2832500
11/19/2025,INTPDRCN6A,76,77,76,77,1600
11/19/2025,INTPHDCM6A,62,68,62,68,80900
11/19/2025,INTPZPCG6A,0,0,0,0,0
11/19/2025,INTPZPCM6A,0,0,0,0,0
11/19/2025,IOTF,88,92,87,89,41489000
11/19/2025,IPAC,220,220,212,220,223200
11/19/2025,IPCC,1195,1285,1190,1280,6259700
11/19/2025,IPCM,328,328,324,326,2188600
11/19/2025,IPOL,125,127,122,124,1282900
11/19/2025,IPPE,0,0,0,0,0
11/19/2025,IPTV,40,40,39,40,2805700
11/19/2025,IRRA,444,446,440,444,938800
11/19/2025,IRSX,270,270,266,268,12270800
11/19/2025,ISAP,33,35,31,32,47930300
11/19/2025,ISAP-W,16,17,15,15,21743300
11/19/2025,ISAT,2070,2150,2050,2120,13989200
11/19/2025,ISATBQCF6A,27,29,27,29,201300
11/19/2025,ISATBQCJ6A,0,0,0,0,0
11/19/2025,ISATDRCG6A,46,52,46,50,976200
11/19/2025,ISATHDCJ6A,17,22,17,21,4474000
11/19/2025,ISATZPCF6A,0,0,0,0,0
11/19/2025,ISEA,104,119,103,109,281156100
11/19/2025,ISSP,440,448,436,444,3976500
11/19/2025,ITIC,418,418,394,408,4911800
11/19/2025,ITMA,1430,1540,1250,1310,26423300
11/19/2025,ITMG,22250,22250,22125,22150,813500
11/19/2025,ITMGDRCV6A,0,0,0,0,0
11/19/2025,ITMGHDCJ6A,134,134,132,133,30900
11/19/2025,ITMGZPCJ6A,55,56,55,56,44100
11/19/2025,JARR,3520,3620,3520,3540,2956400
11/19/2025,JAST,94,110,91,110,130106400
11/19/2025,JATI,136,143,131,131,130113100
11/19/2025,JAWA,170,176,169,169,6344700
11/19/2025,JAYA,110,112,108,109,969900
11/19/2025,JECC,1190,1195,1140,1190,241400
11/19/2025,JGLE,19,19,19,19,21143000
11/19/2025,JIHD,590,595,580,585,1695500
11/19/2025,JKON,85,95,84,90,230362900
11/19/2025,JMAS,151,155,149,149,1372600
11/19/2025,JPFA,2400,2470,2370,2450,26385500
11/19/2025,JPFABQCZ5A,0,0,0,0,0
11/19/2025,JPFADRCH6A,41,41,41,41,3700
11/19/2025,JPFADRCJ6A,111,121,111,121,170000
11/19/2025,JPFAHDCN6A,0,0,0,0,0
11/19/2025,JPFAHDCZ5A,0,0,0,0,0
11/19/2025,JPFAZPCG6A,180,194,180,194,1011900
11/19/2025,JPFAZPCN6A,24,27,24,27,717100
11/19/2025,JRPT,890,895,880,895,214000
11/19/2025,JSKY,0,0,0,0,0
11/19/2025,JSMR,3510,3550,3510,3520,4721400
11/19/2025,JSMRDRCH6A,0,0,0,0,0
11/19/2025,JSMRDRCK6A,58,58,58,58,7200
11/19/2025,JSMRHDCH6A,88,88,88,88,1800
11/19/2025,JSMRZPCG6A,34,34,34,34,200
11/19/2025,JSPT,3280,3350,3250,3260,29600
11/19/2025,JTPE,386,386,384,386,260400
11/19/2025,KAEF,585,585,550,560,2054600
11/19/2025,KAQI,67,68,63,67,28812800
11/19/2025,KARW,440,440,430,434,294500
11/19/2025,KAYU,0,0,0,0,0
11/19/2025,KBAG,40,41,40,41,2596700
11/19/2025,KBLI,336,340,334,336,230000
11/19/2025,KBLM,360,362,358,362,38800
11/19/2025,KBLV,210,234,208,220,57856800
11/19/2025,KBRI,0,0,0,0,0
11/19/2025,KDSI,458,472,446,452,60400
11/19/2025,KDTN,0,0,0,0,0
11/19/2025,KEEN,1120,1125,1085,1090,8757800
11/19/2025,KEJU,720,725,695,710,778100
11/19/2025,KETR,515,535,478,490,22860700
11/19/2025,KIAS,0,0,0,0,0
11/19/2025,KICI,252,256,240,246,589700
11/19/2025,KIJA,186,186,183,185,22564300
11/19/2025,KING,208,208,204,204,209900
11/19/2025,KING-W,10,11,10,11,635400
11/19/2025,KINO,1300,1325,1265,1280,120100
11/19/2025,KIOS,76,82,76,81,67136100
11/19/2025,KJEN,230,276,224,258,81954200
11/19/2025,KKES,28,28,28,28,517200
11/19/2025,KKGI,326,326,322,326,1706000
11/19/2025,KLAS,137,137,130,134,17454600
11/19/2025,KLBF,1200,1245,1195,1230,152788800
11/19/2025,KLBFBQCF6A,22,22,21,22,27290000
11/19/2025,KLBFBQCJ6A,0,0,0,0,0
11/19/2025,KLBFDRCG6A,13,13,13,13,382900
11/19/2025,KLBFHDCK6A,59,59,59,59,30000
11/19/2025,KLBFZPCF6A,0,0,0,0,0
11/19/2025,KLBFZPCJ6A,19,20,19,20,4200
11/19/2025,KLIN,168,168,164,166,69500
11/19/2025,KMDS,680,715,675,700,303200
11/19/2025,KMTR,274,276,274,276,166500
11/19/2025,KOBX,179,187,178,179,9540800
11/19/2025,KOCI,88,94,87,90,30854500
11/19/2025,KOCI-W,14,15,13,14,8025900
11/19/2025,KOIN,72,72,72,72,111300
11/19/2025,KOKA,298,322,298,322,11595800
11/19/2025,KONI,3620,3620,2600,2600,850400
11/19/2025,KOPI,312,314,304,310,659700
11/19/2025,KOTA,36,37,36,37,6081200
11/19/2025,KPIG,144,144,140,140,83906100
11/19/2025,KRAS,388,388,362,368,120009600
11/19/2025,KREN,16,16,16,16,15268100
11/19/2025,KRYA,202,218,189,192,111589200
11/19/2025,KSIX,378,386,370,378,245200
11/19/2025,KUAS,68,69,66,68,3277100
11/19/2025,LABA,228,250,226,232,52128200
11/19/2025,LABS,141,142,140,141,1102000
11/19/2025,LAJU,69,71,67,68,17694700
11/19/2025,LAND,33,33,32,32,3483700
11/19/2025,LAPD,234,234,234,234,15154200
11/19/2025,LCGP,0,0,0,0,0
11/19/2025,LCKM,248,254,234,248,397600
11/19/2025,LEAD,80,80,77,78,23681900
11/19/2025,LFLO,0,0,0,0,0
11/19/2025,LIFE,8725,9975,8725,9975,128600
11/19/2025,LINK,2900,2950,2770,2770,33600
11/19/2025,LION,448,456,440,442,387200
11/19/2025,LIVE,188,188,183,184,1759600
11/19/2025,LMAS,0,0,0,0,0
11/19/2025,LMAX,84,84,80,81,2328500
11/19/2025,LMPI,149,153,149,150,15400
11/19/2025,LMSH,0,0,0,0,0
11/19/2025,LOPI,85,94,85,94,24319800
11/19/2025,LPCK,585,585,560,575,752000
11/19/2025,LPGI,765,900,750,805,660200
11/19/2025,LPIN,458,458,450,458,485900
11/19/2025,LPKR,89,90,88,89,34861400
11/19/2025,LPLI,464,470,446,460,346800
11/19/2025,LPPF,1700,1715,1695,1715,399900
11/19/2025,LPPS,135,147,132,138,55837500
11/19/2025,LRNA,178,184,178,180,34000
11/19/2025,LSIP,1390,1410,1380,1405,4615000
11/19/2025,LSIPDRCK6A,40,42,40,42,207500
11/19/2025,LSIPHDCJ6A,42,42,42,42,152500
11/19/2025,LSIPYUCZ5A,0,0,0,0,0
11/19/2025,LSIPZPCG6A,59,59,59,59,90000
11/19/2025,LTLS,865,865,840,850,181000
11/19/2025,LUCK,117,125,116,120,11898700
11/19/2025,LUCY,108,108,99,100,706800
11/19/2025,MABA,0,0,0,0,0
11/19/2025,MAGP,0,0,0,0,0
11/19/2025,MAHA,143,145,141,144,5346800
11/19/2025,MAIN,820,830,810,815,2197200
11/19/2025,MANG,74,74,62,62,66717300
11/19/2025,MANG-W,28,30,20,21,69943800
11/19/2025,MAPA,725,740,715,730,14470900
11/19/2025,MAPABQCZ5A,16,18,15,17,1535900
11/19/2025,MAPADRCJ6A,21,22,21,22,6400
11/19/2025,MAPAHDCZ5A,18,18,18,18,278800
11/19/2025,MAPAZPCH6A,38,40,38,40,4400
11/19/2025,MAPB,1650,1650,1630,1650,6100
11/19/2025,MAPI,1320,1340,1320,1325,6630800
11/19/2025,MAPIBQCK6A,0,0,0,0,0
11/19/2025,MAPIDRCH6A,54,54,53,53,11000
11/19/2025,MAPIDRCX5A,8,8,5,6,2071800
11/19/2025,MAPIHDCK6A,87,87,87,87,300
11/19/2025,MAPIZPCJ6A,0,0,0,0,0
11/19/2025,MARI,29,29,28,28,4874200
11/19/2025,MARK,715,740,710,730,27650400
11/19/2025,MASB,3100,3120,3030,3040,2100
11/19/2025,MAXI,55,56,54,55,16051800
11/19/2025,MAYA,250,254,248,250,4753600
11/19/2025,MBAP,1605,1615,1600,1610,36500
11/19/2025,MBMA,575,590,560,565,125211700
11/19/2025,MBMABQCX5A,15,19,12,13,1242900
11/19/2025,MBMADRCG6A,15,16,12,13,10046200
11/19/2025,MBMADRCX5A,62,62,57,62,32200
11/19/2025,MBMAHDCH6A,85,85,85,85,70600
11/19/2025,MBMAHDCN6A,70,70,68,68,17000
11/19/2025,MBMAYUCK6A,115,115,113,113,200
11/19/2025,MBMAZPCK6A,30,32,30,31,230300
11/19/2025,MBMAZPCN6A,23,23,22,22,90000
11/19/2025,MBMAZPCX5A,111,111,111,111,11400
11/19/2025,MBSS,1340,1375,1335,1370,1117000
11/19/2025,MBTO,181,187,179,181,2011800
11/19/2025,MCAS,790,800,785,795,77100
11/19/2025,MCOL,3840,3880,3820,3820,47000
11/19/2025,MCOR,72,73,71,72,3308400
11/19/2025,MDIA,33,33,31,31,20552300
11/19/2025,MDIY,1060,1060,1050,1060,380700
11/19/2025,MDKA,2200,2250,2170,2240,56898300
11/19/2025,MDKABQCX5B,2,2,1,2,25404000
11/19/2025,MDKADRCG6A,70,70,41,44,751900
11/19/2025,MDKADRCK6A,49,49,48,49,2188700
11/19/2025,MDKAHDCN6A,56,58,55,58,439800
11/19/2025,MDKAHDCZ5A,57,62,56,62,30500
11/19/2025,MDKAHDPH6A,0,0,0,0,0
11/19/2025,MDKAHDPJ6A,54,54,54,54,50000
11/19/2025,MDKAYUCK6A,119,119,119,119,100
11/19/2025,MDKAZPCF6A,42,42,42,42,5000
11/19/2025,MDKI,199,200,196,197,1205600
11/19/2025,MDLA,238,248,236,242,5313900
11/19/2025,MDLN,60,61,59,60,7347700
11/19/2025,MDRN,38,39,38,39,4920400
11/19/2025,MEDC,1260,1280,1250,1270,25725700
11/19/2025,MEDCBQCX5B,1,3,1,2,7722400
11/19/2025,MEDCBQCZ5A,8,9,7,9,47497000
11/19/2025,MEDCDRCG6A,25,25,25,25,375000
11/19/2025,MEDCDRCH6A,58,60,58,60,80200
11/19/2025,MEDCDRPG6A,30,30,29,30,12800
11/19/2025,MEDCHDCH6A,0,0,0,0,0
11/19/2025,MEDCZPCF6A,0,0,0,0,0
11/19/2025,MEDS,61,65,60,62,24344000
11/19/2025,MEGA,3220,3250,3220,3250,11600
11/19/2025,MEJA,140,140,116,119,102913500
11/19/2025,MEJA-W,52,65,41,47,38965200
11/19/2025,MENN,0,0,0,0,0
11/19/2025,MERI,206,210,204,210,1509300
11/19/2025,MERK,3100,3100,3050,3100,5000
11/19/2025,META,0,0,0,0,0
11/19/2025,MFMI,0,0,0,0,0
11/19/2025,MGLV,720,795,690,795,8182900
11/19/2025,MGNA,82,84,79,79,9051700
11/19/2025,MGNA-W,30,56,30,56,62000
11/19/2025,MGRO,760,760,745,760,4663600
11/19/2025,MHKI,232,234,230,232,6087500
11/19/2025,MICE,615,645,610,635,94900
11/19/2025,MIDI,394,398,388,394,149303500
11/19/2025,MIKA,2530,2620,2520,2560,4333700
11/19/2025,MIKADRCV6A,0,0,0,0,0
11/19/2025,MIKAHDCN6A,0,0,0,0,0
11/19/2025,MIKAZPCG6A,0,0,0,0,0
11/19/2025,MINA,230,232,208,214,760632500
11/19/2025,MINE,484,492,480,482,3357300
11/19/2025,MIRA,28,28,27,27,16075300
11/19/2025,MITI,310,326,304,326,10240400
11/19/2025,MKAP,340,340,328,340,376200
11/19/2025,MKNT,0,0,0,0,0
11/19/2025,MKPI,24100,24200,24075,24200,8000
11/19/2025,MKTR,152,152,148,152,1025800
11/19/2025,MLBI,5850,5900,5825,5850,104400
11/19/2025,MLIA,338,340,336,338,3147900
11/19/2025,MLPL,140,143,138,139,70934000
11/19/2025,MLPT,78000,78000,77425,77450,3600
11/19/2025,MMIX,240,254,240,252,12364200
11/19/2025,MMLP,570,570,565,570,5712800
11/19/2025,MNCN,266,268,262,264,29387500
11/19/2025,MNCNDRCN6A,0,0,0,0,0
11/19/2025,MNCNHDCM6A,0,0,0,0,0
11/19/2025,MNCNZPCM6A,11,15,11,15,1510100
11/19/2025,MOLI,330,334,318,326,3294400
11/19/2025,MORA,0,0,0,0,0
11/19/2025,MPIX,73,75,71,72,17529100
11/19/2025,MPIX-W,12,13,11,12,3700000
11/19/2025,MPMX,965,970,965,965,1376200
11/19/2025,MPOW,116,117,114,115,1619700
11/19/2025,MPPA,62,63,61,61,25470400
11/19/2025,MPRO,8200,9700,7925,8700,143900
11/19/2025,MPXL,240,242,228,234,4230800
11/19/2025,MRAT,348,356,344,350,646400
11/19/2025,MREI,980,1000,975,985,52600
11/19/2025,MSIE,49,50,48,50,3479000
11/19/2025,MSIN,500,500,492,498,26446700
11/19/2025,MSJA,290,296,290,294,4323700
11/19/2025,MSKY,83,84,81,82,6501800
11/19/2025,MSTI,1430,1445,1430,1430,1089500
11/19/2025,MTDL,600,610,600,605,4302600
11/19/2025,MTEL,570,575,565,570,15685900
11/19/2025,MTELDRCK6A,14,14,14,14,100
11/19/2025,MTELHDCM6A,0,0,0,0,0
11/19/2025,MTELZPCM6A,14,14,14,14,30000
11/19/2025,MTFN,15,16,15,15,115810900
11/19/2025,MTLA,440,442,440,442,37400
11/19/2025,MTMH,1135,1150,1135,1145,17600
11/19/2025,MTPS,0,0,0,0,0
11/19/2025,MTRA,0,0,0,0,0
11/19/2025,MTSM,0,0,0,0,0
11/19/2025,MTWI,360,360,358,360,41300
11/19/2025,MUTU,111,123,110,117,13006800
11/19/2025,MYOH,1535,1535,1525,1530,2800
11/19/2025,MYOR,2120,2140,2100,2100,9072100
11/19/2025,MYORDRCK6A,52,52,52,52,16100
11/19/2025,MYORHDCM6A,0,0,0,0,0
11/19/2025,MYORZPCH6A,27,27,27,27,100
11/19/2025,MYTX,0,0,0,0,0
11/19/2025,NAIK,124,127,122,122,15803200
11/19/2025,NAIK-W,19,20,19,20,3697100
11/19/2025,NANO,57,58,54,55,10501600
11/19/2025,NASA,30,30,30,30,2130600
11/19/2025,NASI,102,104,101,102,3072000
11/19/2025,NATO,147,149,146,148,3917800
11/19/2025,NAYZ,89,89,81,81,36850000
11/19/2025,NCKL,1000,1005,965,980,84564300
11/19/2025,NCKLBQCM6A,0,0,0,0,0
11/19/2025,NCKLDRCH6A,45,45,36,36,483600
11/19/2025,NCKLDRCK6A,31,31,30,30,51100
11/19/2025,NCKLHDCK6A,41,41,40,40,102100
11/19/2025,NCKLYUCZ5A,66,66,62,62,2700
11/19/2025,NCKLZPCJ6A,48,48,48,48,2000
11/19/2025,NCKLZPCM6A,21,21,20,20,217900
11/19/2025,NELY,368,370,362,366,930800
11/19/2025,NEST,350,350,340,342,9721500
11/19/2025,NETV,106,112,104,109,4789400
11/19/2025,NFCX,1750,1815,1720,1720,359100
11/19/2025,NICE,402,406,400,402,2615000
11/19/2025,NICK,1280,1425,1240,1270,51800
11/19/2025,NICL,970,1010,960,1000,32637700
11/19/2025,NIKL,360,368,358,360,1094500
11/19/2025,NINE,0,0,0,0,0
11/19/2025,NIRO,384,384,316,316,5734000
11/19/2025,NISP,1390,1395,1380,1380,1652000
11/19/2025,NOBU,498,505,488,496,9455200
11/19/2025,NPGF,62,62,60,61,5618300
11/19/2025,NRCA,1165,1260,1120,1220,84809600
11/19/2025,NSSS,510,515,505,515,5582200
11/19/2025,NTBK,155,162,142,156,211860400
11/19/2025,NUSA,0,0,0,0,0
11/19/2025,NZIA,110,115,109,114,5193400
11/19/2025,OASA,212,224,208,216,75044300
11/19/2025,OBAT,436,436,428,432,1014300
11/19/2025,OBAT-W,85,88,84,85,172900
11/19/2025,OBMD,244,246,240,244,555100
11/19/2025,OCAP,0,0,0,0,0
11/19/2025,OILS,302,336,266,312,302774900
11/19/2025,OKAS,140,156,139,147,47632900
11/19/2025,OLIV,111,113,106,108,27892600
11/19/2025,OMED,199,202,199,200,1310600
11/19/2025,OMRE,482,482,482,482,17000
11/19/2025,OPMS,104,115,104,106,35569900
11/19/2025,PACK,2690,2760,2670,2720,3676000
11/19/2025,PADA,154,154,148,148,36918600
11/19/2025,PADI,73,73,72,73,4654500
11/19/2025,PALM,384,386,382,386,560900
11/19/2025,PAMG,67,69,67,68,4203100
11/19/2025,PANI,14225,14250,13700,14000,14080600
11/19/2025,PANIBQCZ5A,16,16,12,12,6035000
11/19/2025,PANIDRCG6A,60,60,54,56,827400
11/19/2025,PANIHDCJ6A,94,95,86,90,11576700
11/19/2025,PANIHDCN6A,83,83,77,79,5868900
11/19/2025,PANIHDCZ5A,105,105,104,104,61500
11/19/2025,PANIZPCJ6A,58,58,53,55,3051400
11/19/2025,PANIZPCN6A,101,103,101,103,142000
11/19/2025,PANR,675,725,665,725,14343000
11/19/2025,PANS,1455,1485,1445,1460,349000
11/19/2025,PART,132,132,129,131,36395800
11/19/2025,PART-W,19,20,18,18,7556200
11/19/2025,PBID,488,488,486,488,109600
11/19/2025,PBRX,35,35,34,34,5790400
11/19/2025,PBSA,1525,1590,1460,1490,3139300
11/19/2025,PCAR,35,35,35,35,285800
11/19/2025,PDES,605,630,600,630,1072500
11/19/2025,PDPP,390,390,382,382,200100
11/19/2025,PEGE,216,220,180,188,239641000
11/19/2025,PEHA,324,324,320,324,81500
11/19/2025,PEVE,500,510,496,500,437500
11/19/2025,PGAS,1730,1770,1730,1750,28953300
11/19/2025,PGASBQCZ5A,0,0,0,0,0
11/19/2025,PGASDRCG6A,57,59,57,59,83400
11/19/2025,PGASDRCG6B,0,0,0,0,0
11/19/2025,PGASHDCK6A,62,62,62,62,100
11/19/2025,PGASZPCJ6A,0,0,0,0,0
11/19/2025,PGEO,1195,1210,1190,1190,14687300
11/19/2025,PGEOBQCF6A,0,0,0,0,0
11/19/2025,PGEOBQCJ6A,0,0,0,0,0
11/19/2025,PGEOBQCX5B,1,2,1,1,20990500
11/19/2025,PGEODRCJ6A,18,19,17,18,13000
11/19/2025,PGEOHDCH6A,21,21,20,20,104100
11/19/2025,PGEOHDCH6B,27,27,27,27,100000
11/19/2025,PGEOHDPH6A,0,0,0,0,0
11/19/2025,PGEOYUCK6A,60,60,60,60,100
11/19/2025,PGEOZPCJ6A,0,0,0,0,0
11/19/2025,PGEOZPCM6A,31,31,31,31,100
11/19/2025,PGJO,1355,1355,1350,1350,6307200
11/19/2025,PGLI,384,390,370,372,613200
11/19/2025,PGUN,13025,13675,13025,13275,45300
11/19/2025,PICO,260,266,244,250,9455800
11/19/2025,PIPA,276,290,268,282,64395400
11/19/2025,PJAA,520,525,515,520,126400
11/19/2025,PJHB,555,695,540,650,282020000
11/19/2025,PJHB-W,165,188,128,164,37472900
11/19/2025,PKPK,590,605,590,600,90500
11/19/2025,PLAN,46,49,46,47,3550400
11/19/2025,PLAS,0,0,0,0,0
11/19/2025,PLIN,0,0,0,0,0
11/19/2025,PMJS,116,117,114,117,126900
11/19/2025,PMMP,0,0,0,0,0
11/19/2025,PMUI,148,150,146,146,3227200
11/19/2025,PNBN,1040,1040,1025,1030,3580700
11/19/2025,PNBS,54,55,54,54,7543800
11/19/2025,PNGO,3060,3070,3040,3060,1700
11/19/2025,PNIN,795,805,795,805,817500
11/19/2025,PNLF,250,254,248,252,43545600
11/19/2025,PNLFBQCM6A,18,20,18,20,801900
11/19/2025,PNLFDRCJ6A,10,11,10,11,342000
11/19/2025,PNLFHDCZ5A,22,23,21,23,4000
11/19/2025,PNLFZPCH6A,29,29,29,29,200
11/19/2025,PNSE,730,730,720,730,5300
11/19/2025,POLA,34,35,33,35,1197100
11/19/2025,POLI,755,755,755,755,100
11/19/2025,POLL,0,0,0,0,0
11/19/2025,POLU,23975,24200,22275,23075,44900
11/19/2025,POLY,25,25,25,25,125300
11/19/2025,POOL,0,0,0,0,0
11/19/2025,PORT,1110,1135,1060,1130,11600
11/19/2025,POSA,0,0,0,0,0
11/19/2025,POWR,720,720,710,715,4066800
11/19/2025,PPGL,135,135,123,132,4868400
11/19/2025,PPRE,118,121,116,119,15423700
11/19/2025,PPRI,336,346,336,342,2389700
11/19/2025,PPRO,0,0,0,0,0
11/19/2025,PRAY,850,850,830,845,35500
11/19/2025,PRDA,2430,2430,2410,2430,726000
11/19/2025,PRIM,81,84,81,81,19355800
11/19/2025,PSAB,535,550,530,530,60158700
11/19/2025,PSAT,1335,1340,1300,1335,1180000
11/19/2025,PSDN,109,114,104,108,16066100
11/19/2025,PSGO,224,224,214,220,738400
11/19/2025,PSKT,158,158,150,152,102843100
11/19/2025,PSSI,348,352,344,350,224900
11/19/2025,PTBA,2310,2330,2310,2320,5694700
11/19/2025,PTBADRCG6A,0,0,0,0,0
11/19/2025,PTBAHDCM6A,0,0,0,0,0
11/19/2025,PTBAYUCZ5A,0,0,0,0,0
11/19/2025,PTBAZPCH6A,0,0,0,0,0
11/19/2025,PTDU,28,28,28,28,306700
11/19/2025,PTIS,420,430,400,416,32900
11/19/2025,PTMP,90,91,88,89,7291700
11/19/2025,PTMR,0,0,0,0,0
11/19/2025,PTPP,376,376,372,372,4459200
11/19/2025,PTPS,210,210,202,202,19177800
11/19/2025,PTPW,965,975,965,975,22800
11/19/2025,PTRO,8750,9125,8750,8925,32515000
11/19/2025,PTRODRCG6A,320,330,304,312,17800
11/19/2025,PTROHDCK6A,520,520,520,520,78100
11/19/2025,PTROHDCN6A,99,108,99,106,17545100
11/19/2025,PTROYUCK6A,500,500,500,500,16900
11/19/2025,PTROZPCK6A,256,274,256,262,73400
11/19/2025,PTROZPCN6A,126,135,126,132,9697000
11/19/2025,PTSN,380,380,372,372,270600
11/19/2025,PTSP,1145,1150,1075,1145,23400
11/19/2025,PUDP,1060,1090,965,1065,461500
11/19/2025,PURA,27,29,27,29,7809800
11/19/2025,PURE,0,0,0,0,0
11/19/2025,PURI,685,685,685,685,4837000
11/19/2025,PWON,364,364,358,362,31780200
11/19/2025,PWONDRCN6A,0,0,0,0,0
11/19/2025,PWONHDCZ5A,0,0,0,0,0
11/19/2025,PWONZPCH6A,25,25,24,24,79500
11/19/2025,PYFA,520,530,515,525,14677500
11/19/2025,PYFA-W,118,124,118,123,414700
11/19/2025,PZZA,226,238,222,236,4339100
11/19/2025,R-ABFII,0,0,0,0,0
11/19/2025,R-LQ45X,1024,1025,1007,1025,8100
11/19/2025,RAAM,246,246,242,242,10420100
11/19/2025,RAFI,39,39,39,39,17353100
11/19/2025,RAJA,4660,4830,4660,4740,30248400
11/19/2025,RAJADRCG6A,220,230,218,222,3432700
11/19/2025,RAJADRCH6A,52,53,49,51,231400
11/19/2025,RAJAHDCK6A,220,226,216,216,252800
11/19/2025,RAJAZPCK6A,105,112,105,110,147000
11/19/2025,RALS,434,442,434,438,3266800
11/19/2025,RANC,1005,1025,985,1000,1187000
11/19/2025,RATU,9650,9975,9650,9825,11421900
11/19/2025,RBMS,40,40,39,39,891300
11/19/2025,RCCC,210,214,196,208,3267100
11/19/2025,RDTX,0,0,0,0,0
11/19/2025,REAL,68,70,66,70,81915700
11/19/2025,RELF,44,44,42,43,6260800
11/19/2025,RELI,635,635,625,625,3500
11/19/2025,RGAS,99,100,98,99,1493400
11/19/2025,RICY,62,62,56,57,919100
11/19/2025,RIGS,780,780,755,770,81800
11/19/2025,RIMO,0,0,0,0,0
11/19/2025,RISE,12650,13525,11625,12125,2894600
11/19/2025,RMKE,2900,3070,2870,3050,20368200
11/19/2025,RMKO,210,226,208,226,3930100
11/19/2025,ROCK,470,470,460,460,15000
11/19/2025,RODA,46,46,43,44,172800
11/19/2025,RONY,3730,4100,3730,4100,22600
11/19/2025,ROTI,795,800,785,795,569000
11/19/2025,RSCH,380,388,378,378,5429700
11/19/2025,RSGK,0,0,0,0,0
11/19/2025,RUIS,198,206,197,199,3299500
11/19/2025,RUNS,96,100,92,99,130200
11/19/2025,SAFE,274,290,262,288,3124900
11/19/2025,SAGE,29,30,29,30,1948800
11/19/2025,SAME,320,340,316,324,27659300
11/19/2025,SAMF,314,316,312,316,64700
11/19/2025,SAPX,302,306,302,302,252100
11/19/2025,SATU,250,252,248,250,2835600
11/19/2025,SBAT,0,0,0,0,0
11/19/2025,SBMA,135,135,129,129,1924300
11/19/2025,SCCO,2400,2450,2400,2400,15500
11/19/2025,SCMA,366,368,360,368,51733800
11/19/2025,SCMABQCZ5A,0,0,0,0,0
11/19/2025,SCMADRCG6A,20,20,19,20,911600
11/19/2025,SCMADRCK6A,122,123,122,123,200
11/19/2025,SCMAHDCK6A,51,52,51,52,2290300
11/19/2025,SCMAHDCZ5A,0,0,0,0,0
11/19/2025,SCMAYUCK6A,90,91,90,90,9100
11/19/2025,SCMAZPCG6A,0,0,0,0,0
11/19/2025,SCMAZPCM6A,53,53,53,53,300000
11/19/2025,SCNP,162,164,160,163,161800
11/19/2025,SCPI,0,0,0,0,0
11/19/2025,SDMU,64,64,60,60,1365700
11/19/2025,SDPC,139,140,138,139,48100
11/19/2025,SDRA,284,284,282,284,430300
11/19/2025,SEMA,101,106,100,104,2322500
11/19/2025,SFAN,1925,1925,1920,1925,86000
11/19/2025,SGER,456,458,432,440,14546900
11/19/2025,SGRO,6200,7225,6200,7225,26089500
11/19/2025,SHID,860,870,860,870,1700
11/19/2025,SHIP,5675,5975,5225,5275,219100
11/19/2025,SICO,134,136,133,135,5836400
11/19/2025,SIDO,550,555,550,550,7334500
11/19/2025,SIDODRCK6A,0,0,0,0,0
11/19/2025,SIDOHDCN6A,33,33,33,33,200
11/19/2025,SIDOZPCM6A,0,0,0,0,0
11/19/2025,SILO,2550,2560,2480,2490,1113200
11/19/2025,SIMA,0,0,0,0,0
11/19/2025,SIMP,630,640,630,635,5714900
11/19/2025,SINI,8000,8025,8000,8025,651900
11/19/2025,SIPD,720,730,720,730,10300
11/19/2025,SKBM,540,555,490,540,390300
11/19/2025,SKLT,210,222,206,216,1771900
11/19/2025,SKRN,715,720,690,705,783100
11/19/2025,SKYB,0,0,0,0,0
11/19/2025,SLIS,80,81,79,79,13495800
11/19/2025,SLIS-W,15,15,14,15,426700
11/19/2025,SMAR,5025,5350,5025,5100,251100
11/19/2025,SMBR,284,290,282,284,11720500
11/19/2025,SMCB,0,0,0,0,0
11/19/2025,SMDM,810,820,805,810,85700
11/19/2025,SMDR,310,310,306,306,5708800
11/19/2025,SMGA,101,103,100,100,27165700
11/19/2025,SMGR,2550,2730,2550,2710,14142800
11/19/2025,SMGRBQCX5B,3,7,3,4,28207100
11/19/2025,SMGRBQCZ5A,3,4,2,3,27298900
11/19/2025,SMGRDRCG6A,28,35,27,33,171000
11/19/2025,SMGRHDCZ5A,43,44,41,42,960500
11/19/2025,SMGRZPCJ6A,45,45,45,45,18800
11/19/2025,SMIL,486,494,484,492,97718800
11/19/2025,SMKL,168,173,166,167,291800
11/19/2025,SMKM,140,144,130,133,28784600
11/19/2025,SMLE,266,266,260,262,1535400
11/19/2025,SMMA,12900,13150,12675,13000,14100
11/19/2025,SMMT,1680,1700,1660,1675,111900
11/19/2025,SMRA,396,396,390,390,21198300
11/19/2025,SMRADRCG6A,0,0,0,0,0
11/19/2025,SMRADRCJ6A,18,18,18,18,200
11/19/2025,SMRAHDCZ5A,54,54,54,54,570200
11/19/2025,SMRAZPCH6A,0,0,0,0,0
11/19/2025,SMRU,0,0,0,0,0
11/19/2025,SMSM,1795,1820,1780,1790,1940400
11/19/2025,SNLK,410,410,404,408,7846300
11/19/2025,SOCI,210,212,206,210,6546200
11/19/2025,SOFA,264,274,248,256,5361200
11/19/2025,SOHO,1490,1500,1395,1405,194000
11/19/2025,SOLA,131,131,128,129,3937000
11/19/2025,SONA,2440,2500,2410,2430,43500
11/19/2025,SOSS,970,970,940,940,11800
11/19/2025,SOTS,314,322,300,318,37600
11/19/2025,SOUL,100,105,90,105,9636200
11/19/2025,SPMA,268,270,260,262,916000
11/19/2025,SPRE,124,134,124,126,3895800
11/19/2025,SPTO,695,695,685,690,1723600
11/19/2025,SQMI,0,0,0,0,0
11/19/2025,SRAJ,13075,14350,13075,14125,574700
11/19/2025,SRIL,0,0,0,0,0
11/19/2025,SRSN,67,67,65,66,5220700
11/19/2025,SRTG,1595,1620,1595,1605,1504200
11/19/2025,SRTGDRCK6A,0,0,0,0,0
11/19/2025,SRTGHDCK6A,51,53,51,52,29900
11/19/2025,SRTGZPCG6A,50,50,50,50,6900
11/19/2025,SRTGZPCK6A,25,25,25,25,10000
11/19/2025,SSIA,1715,1765,1685,1745,41242500
11/19/2025,SSMS,1530,1575,1525,1570,7955600
11/19/2025,SSTM,770,770,770,770,257700
11/19/2025,STAA,1460,1540,1460,1520,24269400
11/19/2025,STAR,82,82,75,80,185800
11/19/2025,STRK,186,202,186,191,88517200
11/19/2025,STTP,9975,10025,9975,10025,500
11/19/2025,SUGI,0,0,0,0,0
11/19/2025,SULI,128,128,120,126,4154300
11/19/2025,SUNI,795,795,785,795,196700
11/19/2025,SUPR,0,0,0,0,0
11/19/2025,SURE,2600,2620,2600,2620,1200
11/19/2025,SURI,100,100,98,99,6255900
11/19/2025,SWAT,0,0,0,0,0
11/19/2025,SWID,114,115,105,113,2618600
11/19/2025,TALF,488,515,476,490,92600
11/19/2025,TAMA,34,34,32,34,484400
11/19/2025,TAMU,27,27,27,27,12141700
11/19/2025,TAPG,1720,1725,1665,1700,7097200
11/19/2025,TAPGDRCG6A,28,28,28,28,2300
11/19/2025,TAPGDRCJ6A,110,111,109,109,300
11/19/2025,TAPGHDCH6A,0,0,0,0,0
11/19/2025,TAPGZPCH6A,0,0,0,0,0
11/19/2025,TAPGZPCM6A,0,0,0,0,0
11/19/2025,TARA,27,27,26,26,2531800
11/19/2025,TAXI,16,17,16,17,32657900
11/19/2025,TAYS,85,87,82,84,29008800
11/19/2025,TBIG,2000,2000,1960,2000,526500
11/19/2025,TBLA,730,735,725,730,1732200
11/19/2025,TBMS,1445,1445,1405,1410,20700
11/19/2025,TCID,3120,3290,3120,3180,80100
11/19/2025,TCPI,6975,7675,6900,7675,6916200
11/19/2025,TDPM,0,0,0,0,0
11/19/2025,TEBE,2430,2440,2330,2370,4330100
11/19/2025,TECH,0,0,0,0,0
11/19/2025,TELE,0,0,0,0,0
11/19/2025,TFAS,242,246,238,240,753900
11/19/2025,TFCO,0,0,0,0,0
11/19/2025,TGKA,5200,5300,5075,5100,15600
11/19/2025,TGRA,0,0,0,0,0
11/19/2025,TGUK,0,0,0,0,0
11/19/2025,TIFA,426,515,418,515,2576600
11/19/2025,TINS,3080,3170,3070,3110,37386500
11/19/2025,TIRA,1570,1570,1435,1445,370900
11/19/2025,TIRT,0,0,0,0,0
11/19/2025,TKIM,6950,7025,6925,6925,649600
11/19/2025,TKIMDRCN6A,75,75,75,75,100
11/19/2025,TKIMHDCJ6A,52,52,52,52,800
11/19/2025,TKIMZPCG6A,79,79,79,79,750100
11/19/2025,TKIMZPCK6A,23,23,23,23,100
11/19/2025,TLDN,715,725,710,715,1185100
11/19/2025,TLKM,3620,3690,3620,3650,109911100
11/19/2025,TLKMBQCG6A,75,75,74,74,102000
11/19/2025,TLKMBQCJ6A,0,0,0,0,0
11/19/2025,TLKMDRCJ6A,101,103,100,102,934800
11/19/2025,TLKMDRCX6A,0,0,0,0,0
11/19/2025,TLKMHDCJ6A,0,0,0,0,0
11/19/2025,TLKMYUCK6A,0,0,0,0,0
11/19/2025,TLKMZPCF6A,131,131,131,131,25000
11/19/2025,TLKMZPCM6A,65,67,65,67,1521400
11/19/2025,TMAS,136,141,133,136,42013900
11/19/2025,TMPO,222,250,176,176,327602900
11/19/2025,TNCA,226,232,220,226,233900
11/19/2025,TOBA,800,815,790,790,43775000
11/19/2025,TOOL,65,65,64,64,5035000
11/19/2025,TOPS,0,0,0,0,0
11/19/2025,TOSK,75,75,72,73,30406200
11/19/2025,TOTL,955,960,945,960,2595500
11/19/2025,TOTO,284,286,278,282,3395900
11/19/2025,TOWR,540,555,535,550,26132100
11/19/2025,TOWRDRCN6A,17,17,17,17,35000
11/19/2025,TOWRHDCK6A,22,22,21,22,6300
11/19/2025,TOYS,0,0,0,0,0
11/19/2025,TPIA,7600,7650,7200,7200,15766900
11/19/2025,TPMA,575,580,570,580,2651300
11/19/2025,TRAM,0,0,0,0,0
11/19/2025,TRGU,192,192,180,191,508600
11/19/2025,TRIL,0,0,0,0,0
11/19/2025,TRIM,685,765,675,725,10503700
11/19/2025,TRIN,555,650,540,600,14949400
11/19/2025,TRIN-W2,436,605,436,605,46700
11/19/2025,TRIO,0,0,0,0,0
11/19/2025,TRIS,191,195,188,190,431200
11/19/2025,TRJA,153,155,151,155,323500
11/19/2025,TRON,93,107,91,96,154417300
11/19/2025,TRST,460,460,422,460,139000
11/19/2025,TRUE,111,111,110,110,13823100
11/19/2025,TRUK,500,595,480,590,5737100
11/19/2025,TRUS,436,438,430,430,14800
11/19/2025,TSPC,2890,2890,2840,2840,824400
11/19/2025,TUGU,1010,1025,1005,1015,1278700
11/19/2025,TYRE,125,127,124,125,86900
11/19/2025,UANG,5200,5550,4870,4910,2703100
11/19/2025,UCID,444,446,442,444,1065100
11/19/2025,UDNG,3540,3820,3220,3350,2415800
11/19/2025,UFOE,192,197,189,197,2451400
11/19/2025,ULTJ,1460,1475,1445,1460,4717200
11/19/2025,UNIC,9050,9225,8975,9175,2200
11/19/2025,UNIQ,402,426,392,418,57001300
11/19/2025,UNIT,0,0,0,0,0
11/19/2025,UNSP,190,190,190,190,445500
11/19/2025,UNTD,95,96,93,93,21370300
11/19/2025,UNTR,27250,27425,27175,27300,2083900
11/19/2025,UNTRDRCG6A,168,168,168,168,100
11/19/2025,UNTRHDCM6A,0,0,0,0,0
11/19/2025,UNTRZPCJ6A,156,159,156,159,102000
11/19/2025,UNVR,2520,2580,2520,2580,13777400
11/19/2025,UNVRBQCG6A,0,0,0,0,0
11/19/2025,UNVRBQCK6A,0,0,0,0,0
11/19/2025,UNVRBQCZ5A,0,0,0,0,0
11/19/2025,UNVRDRCG6A,0,0,0,0,0
11/19/2025,UNVRHDCM6A,174,177,174,177,30100
11/19/2025,UNVRHDPG6A,14,14,14,14,125600
11/19/2025,UNVRZPCH6A,0,0,0,0,0
11/19/2025,UNVRZPCM6A,114,114,114,114,100
11/19/2025,URBN,182,185,179,183,1550800
11/19/2025,UVCR,113,118,111,116,25306900
11/19/2025,VAST,151,156,151,155,3843500
11/19/2025,VAST-W,13,14,13,14,541200
11/19/2025,VERN,119,133,118,120,26517400
11/19/2025,VICI,630,635,625,630,132600
11/19/2025,VICO,185,187,183,183,1356800
11/19/2025,VINS,153,157,150,150,224400
11/19/2025,VISI,208,212,208,210,7312400
11/19/2025,VIVA,28,29,28,29,3754500
11/19/2025,VKTR,424,426,400,422,66396600
11/19/2025,VOKS,266,272,264,272,382100
11/19/2025,VRNA,86,88,85,88,101800
11/19/2025,VTNY,96,99,95,96,7847900
11/19/2025,WAPO,191,191,187,191,2435700
11/19/2025,WEGE,67,68,65,66,14414100
11/19/2025,WEHA,107,107,106,107,194700
11/19/2025,WGSH,250,264,246,250,964600
11/19/2025,WICO,0,0,0,0,0
11/19/2025,WIDI,43,43,41,42,2636000
11/19/2025,WIFI,3370,3400,3300,3320,45899800
11/19/2025,WIIM,1445,1445,1325,1355,25637100
11/19/2025,WIKA,0,0,0,0,0
11/19/2025,WINE,200,202,198,202,2993800
11/19/2025,WINR,36,36,35,35,6441600
11/19/2025,WINS,458,470,452,460,6728800
11/19/2025,WIRG,109,110,105,109,172176100
11/19/2025,WMPP,0,0,0,0,0
11/19/2025,WMUU,35,36,35,36,114045400
11/19/2025,WOMF,334,338,332,334,65200
11/19/2025,WOOD,416,416,396,402,11134200
11/19/2025,WOWS,79,79,77,78,10529200
11/19/2025,WSBP,19,20,19,19,33479000
11/19/2025,WSKT,0,0,0,0,0
11/19/2025,WTON,100,104,99,100,69029300
11/19/2025,XAQA,0,0,0,0,0
11/19/2025,XBES,0,0,0,0,0
11/19/2025,XBID,545,545,544,544,40100
11/19/2025,XBIG,0,0,0,0,0
11/19/2025,XBIN,618,618,618,618,40000
11/19/2025,XBLQ,505,505,505,505,700
11/19/2025,XBNI,0,0,0,0,0
11/19/2025,XBSK,465,465,465,465,40000
11/19/2025,XCEG,111,111,111,111,200
11/19/2025,XCID,57,57,56,57,45800
11/19/2025,XCIS,80,80,77,80,15600
11/19/2025,XCLQ,96,96,91,95,14200
11/19/2025,XDIF,422,480,422,480,700
11/19/2025,XIFE,119,119,114,114,4100
11/19/2025,XIHD,667,674,667,672,600
11/19/2025,XIIC,0,0,0,0,0
11/19/2025,XIID,0,0,0,0,0
11/19/2025,XIIF,0,0,0,0,0
11/19/2025,XIIT,550,550,540,550,2300
11/19/2025,XIJI,680,680,646,680,6700
11/19/2025,XILV,121,129,121,129,21000
11/19/2025,XIML,0,0,0,0,0
11/19/2025,XIPB,242,262,200,200,85800
11/19/2025,XIPI,233,233,232,232,200
11/19/2025,XISB,0,0,0,0,0
11/19/2025,XISC,620,620,620,620,100
11/19/2025,XISI,357,357,355,355,200
11/19/2025,XISR,0,0,0,0,0
11/19/2025,XKID,1006,1006,1006,1006,100
11/19/2025,XKIV,606,606,606,606,40100
11/19/2025,XKMS,1190,1191,1188,1189,200000
11/19/2025,XMGB,0,0,0,0,0
11/19/2025,XMIG,228,228,228,228,200000
11/19/2025,XMLF,930,931,930,931,40100
11/19/2025,XMSK,0,0,0,0,0
11/19/2025,XNVE,0,0,0,0,0
11/19/2025,XPDV,644,790,565,645,11300
11/19/2025,XPFT,0,0,0,0,0
11/19/2025,XPIN,678,681,678,681,400
11/19/2025,XPLQ,460,460,460,460,100
11/19/2025,XPSG,498,498,362,411,9600
11/19/2025,XPTD,0,0,0,0,0
11/19/2025,XSBC,108,108,108,108,4600
11/19/2025,XSPI,0,0,0,0,0
11/19/2025,XSSI,87,88,87,88,14300
11/19/2025,XSSK,720,720,720,720,20000
11/19/2025,YELO,89,89,89,89,20678200
11/19/2025,YOII,98,100,98,100,2625900
11/19/2025,YPAS,0,0,0,0,0
11/19/2025,YULE,2700,2800,2680,2700,58100
11/19/2025,YUPI,1630,1655,1600,1600,222500
11/19/2025,ZATA,67,68,66,66,18653300
11/19/2025,ZBRA,0,0,0,0,0
11/19/2025,ZINC,34,34,33,33,7705600
11/19/2025,ZONE,535,565,535,560,15500
11/19/2025,ZYRX,183,192,179,182,20487200
