<date>,<ticker>,<open>,<high>,<low>,<close>,<volume>
8/7/2025,IHSG,7546.336,7580.550,7490.183,7490.183,7247397577
8/7/2025,IDX30,0.000,0.000,0.000,0.000,0
8/7/2025,IDX80,0.000,0.000,0.000,0.000,0
8/7/2025,AADI,7150,7200,7025,7125,13865200
8/7/2025,AALI,6900,6900,6825,6825,722900
8/7/2025,ABBA,36,37,36,37,524900
8/7/2025,ABDA,0,0,0,0,0
8/7/2025,ABMM,3020,3020,2970,2990,673700
8/7/2025,ACES,486,488,482,482,28350800
8/7/2025,ACESBQCV5A,3,3,2,3,962500
8/7/2025,ACESBQCX5B,19,19,19,19,52100
8/7/2025,ACESDRCJ6A,20,20,20,20,67300
8/7/2025,ACESDRCQ5A,1,2,1,1,4290600
8/7/2025,ACESHDCZ5A,56,56,56,56,100
8/7/2025,ACESZPCJ6A,29,30,29,29,37200
8/7/2025,ACRO,68,69,67,68,4506100
8/7/2025,ACRO-W,7,7,6,7,5740900
8/7/2025,ACST,85,85,84,85,3678600
8/7/2025,ADCP,50,50,50,50,128200
8/7/2025,ADES,14100,14100,13900,13975,22300
8/7/2025,ADHI,262,262,256,258,7902600
8/7/2025,ADMF,9050,9075,9000,9025,51800
8/7/2025,ADMG,128,129,125,128,172100
8/7/2025,ADMR,1120,1155,1115,1145,43568000
8/7/2025,ADMRDRCJ6A,48,52,48,52,2888400
8/7/2025,ADMRZPCH6A,72,72,72,72,100
8/7/2025,ADRO,1865,1890,1865,1870,23892300
8/7/2025,ADROBQCU5A,20,21,20,21,15000
8/7/2025,ADROBQCZ5A,32,33,32,33,43200
8/7/2025,ADRODRCJ6A,76,77,75,75,8000
8/7/2025,ADRODRCQ5A,1,1,1,1,1374100
8/7/2025,ADRODRCQ5B,0,0,0,0,0
8/7/2025,ADRODRCX5A,49,49,49,49,195000
8/7/2025,ADROHDCQ5A,3,3,3,3,500
8/7/2025,ADROHDCZ5A,0,0,0,0,0
8/7/2025,ADROYUCZ5A,100,101,100,101,22200
8/7/2025,ADROZPCF6A,0,0,0,0,0
8/7/2025,AEGS,69,69,57,63,40185100
8/7/2025,AGAR,266,272,260,260,44800
8/7/2025,AGII,920,925,895,900,552600
8/7/2025,AGRO,218,218,210,212,10581500
8/7/2025,AGRS,65,65,63,65,4014100
8/7/2025,AHAP,64,67,63,67,8446500
8/7/2025,AIMS,352,352,320,352,82500
8/7/2025,AISA,132,132,127,128,5789700
8/7/2025,AKKU,0,0,0,0,0
8/7/2025,AKPI,595,595,585,585,1800
8/7/2025,AKRA,1275,1315,1265,1305,29576100
8/7/2025,AKRABQCX5B,0,0,0,0,0
8/7/2025,AKRADRCQ5A,7,11,7,11,300
8/7/2025,AKRADRCX5A,46,47,46,47,146600
8/7/2025,AKRAHDCH6A,75,77,75,77,23200
8/7/2025,AKRAHDCQ5A,22,25,21,25,803100
8/7/2025,AKRAZPCJ6A,0,0,0,0,0
8/7/2025,AKRAZPCX5A,78,78,78,78,1500
8/7/2025,AKSI,256,278,244,252,1696100
8/7/2025,ALDO,492,498,492,492,48600
8/7/2025,ALII,575,580,570,570,3748000
8/7/2025,ALKA,298,316,294,304,12900
8/7/2025,ALMI,0,0,0,0,0
8/7/2025,ALTO,0,0,0,0,0
8/7/2025,AMAG,358,360,354,360,5200
8/7/2025,AMAN,111,115,111,114,2102500
8/7/2025,AMAR,212,216,206,208,2246400
8/7/2025,AMFG,3110,3210,3110,3120,115000
8/7/2025,AMIN,183,188,176,181,345800
8/7/2025,AMMN,8225,9075,8225,8800,137157800
8/7/2025,AMMNBQCZ5A,76,76,65,72,3643000
8/7/2025,AMMNDRCJ6A,94,96,88,94,345200
8/7/2025,AMMNHDCH6A,134,134,131,131,15300
8/7/2025,AMMNZPCG6A,75,80,74,75,82500
8/7/2025,AMMS,108,117,100,117,9142500
8/7/2025,AMOR,520,520,510,515,28200
8/7/2025,AMRT,2340,2420,2330,2380,24956100
8/7/2025,AMRTBQCU5A,17,18,17,18,211000
8/7/2025,AMRTDRCQ5A,0,0,0,0,0
8/7/2025,AMRTDRCZ5A,49,49,49,49,200
8/7/2025,AMRTHDCQ5A,14,14,14,14,900
8/7/2025,AMRTZPCX5A,0,0,0,0,0
8/7/2025,ANDI,18,18,17,17,22686400
8/7/2025,ANJT,1760,1760,1755,1755,735200
8/7/2025,ANTM,3100,3250,3070,3150,222004300
8/7/2025,ANTMBQCU5A,0,0,0,0,0
8/7/2025,ANTMBQCX5A,86,94,86,89,508000
8/7/2025,ANTMBQCZ5A,0,0,0,0,0
8/7/2025,ANTMDRCG6A,54,62,54,57,400000
8/7/2025,ANTMDRCQ5A,278,288,278,288,500
8/7/2025,ANTMDRCX5A,308,334,308,318,280900
8/7/2025,ANTMDRPU5A,39,39,39,39,200
8/7/2025,ANTMDRPU5B,21,21,20,21,645800
8/7/2025,ANTMHDCH6A,94,102,94,98,7600
8/7/2025,ANTMHDCH6B,144,149,143,144,6300
8/7/2025,ANTMHDCQ5A,400,422,400,422,3800
8/7/2025,ANTMHDCU5A,154,154,154,154,1800
8/7/2025,ANTMYUCQ5A,390,390,390,390,100
8/7/2025,ANTMZPCJ6A,81,90,81,85,464400
8/7/2025,ANTMZPCX5A,214,230,214,226,11800
8/7/2025,APEX,135,137,129,130,90571400
8/7/2025,APIC,1080,1085,1065,1065,4318700
8/7/2025,APII,168,171,168,171,18500
8/7/2025,APLI,494,500,494,500,11600
8/7/2025,APLN,104,104,102,103,7414300
8/7/2025,ARCI,770,795,745,765,58350700
8/7/2025,AREA,428,432,410,422,950300
8/7/2025,ARGO,1450,1450,1340,1340,60800
8/7/2025,ARII,274,274,262,270,272600
8/7/2025,ARKA,27,27,26,26,2913000
8/7/2025,ARKO,1120,1135,1075,1125,1410100
8/7/2025,ARMY,0,0,0,0,0
8/7/2025,ARNA,585,585,570,580,3146800
8/7/2025,ARTA,3190,3190,2750,2980,9500
8/7/2025,ARTI,0,0,0,0,0
8/7/2025,ARTO,1890,1905,1870,1890,6146200
8/7/2025,ARTOBQCU5A,5,5,5,5,25300
8/7/2025,ARTOBQCX5B,0,0,0,0,0
8/7/2025,ARTOBQCZ5A,18,18,18,18,40000
8/7/2025,ARTODRCQ5A,1,2,1,2,462300
8/7/2025,ARTODRCX5A,41,41,41,41,5000
8/7/2025,ARTOHDCZ5A,100,100,100,100,25000
8/7/2025,ARTOZPCX5A,0,0,0,0,0
8/7/2025,ASBI,430,430,430,430,400
8/7/2025,ASDM,535,555,525,540,108000
8/7/2025,ASGR,1105,1120,1075,1090,820400
8/7/2025,ASHA,20,20,18,18,17307600
8/7/2025,ASII,4920,5025,4920,4960,25930000
8/7/2025,ASIIBQCU5A,0,0,0,0,0
8/7/2025,ASIIBQCZ5A,0,0,0,0,0
8/7/2025,ASIIDRCQ5A,0,0,0,0,0
8/7/2025,ASIIDRCQ5B,0,0,0,0,0
8/7/2025,ASIIDRCX5A,96,96,96,96,100
8/7/2025,ASIIDRCX6A,0,0,0,0,0
8/7/2025,ASIIDRPQ5A,5,5,4,4,300
8/7/2025,ASIIHDCZ5A,137,137,137,137,80000
8/7/2025,ASIIZPCJ6A,87,90,87,88,258800
8/7/2025,ASJT,110,112,109,109,91500
8/7/2025,ASLC,63,65,63,65,12081300
8/7/2025,ASLI,0,0,0,0,0
8/7/2025,ASMI,18,18,17,18,487300
8/7/2025,ASPI,298,298,280,286,542700
8/7/2025,ASPR,97,98,95,96,12733800
8/7/2025,ASRI,169,169,165,167,32138100
8/7/2025,ASRM,280,280,276,276,18000
8/7/2025,ASSA,860,890,850,880,8187300
8/7/2025,ATAP,31,31,30,30,44500
8/7/2025,ATIC,398,402,394,396,58300
8/7/2025,ATLA,50,50,50,50,89100
8/7/2025,AUTO,2140,2160,2130,2130,833500
8/7/2025,AUTOZPCJ6A,26,26,26,26,10000
8/7/2025,AVIA,432,436,426,430,29735600
8/7/2025,AVIAZPCJ6A,21,21,21,21,17600
8/7/2025,AWAN,264,276,262,276,23178300
8/7/2025,AXIO,126,128,123,124,1552800
8/7/2025,AYAM,173,174,169,172,115484400
8/7/2025,AYLS,101,107,100,103,7597700
8/7/2025,BABP,53,54,51,53,45844600
8/7/2025,BABY,356,358,326,332,8953100
8/7/2025,BACA,130,131,130,131,1461400
8/7/2025,BAIK,98,100,96,97,2380400
8/7/2025,BAIK-W,8,9,8,8,16500
8/7/2025,BAJA,129,129,125,127,1129400
8/7/2025,BALI,1345,1345,1305,1305,2900
8/7/2025,BANK,815,825,805,810,6167100
8/7/2025,BANK-W,0,0,0,0,0
8/7/2025,BAPA,50,50,50,50,25600
8/7/2025,BAPI,9,9,9,9,9248900
8/7/2025,BATA,46,47,46,47,39700
8/7/2025,BATR,87,104,85,101,75811400
8/7/2025,BAUT,27,30,27,30,18574900
8/7/2025,BAYU,1290,1290,1280,1285,48700
8/7/2025,BBCA,8325,8350,8300,8300,43621300
8/7/2025,BBCABQCV5A,23,23,23,23,4200
8/7/2025,BBCABQCX5A,0,0,0,0,0
8/7/2025,BBCADRCF6A,61,61,61,61,38300
8/7/2025,BBCADRCQ5A,0,0,0,0,0
8/7/2025,BBCADRCX6A,0,0,0,0,0
8/7/2025,BBCADRPQ5A,40,41,39,41,1100
8/7/2025,BBCAHDCQ5A,2,2,2,2,100
8/7/2025,BBCAHDCU5A,0,0,0,0,0
8/7/2025,BBCAHDCV5A,0,0,0,0,0
8/7/2025,BBCAYUCQ5A,29,29,29,29,100
8/7/2025,BBCAZPCF6A,44,44,44,44,5000
8/7/2025,BBCAZPCH6A,104,104,104,104,1400
8/7/2025,BBHI,1340,1345,1295,1340,1527700
8/7/2025,BBKP,60,63,59,61,223182200
8/7/2025,BBLD,950,965,925,940,37400
8/7/2025,BBMD,2090,2090,2090,2090,1900
8/7/2025,BBNI,4120,4140,4100,4120,21207800
8/7/2025,BBNIBQCU5A,23,23,23,23,12100
8/7/2025,BBNIBQCV5A,0,0,0,0,0
8/7/2025,BBNIDRCQ5A,3,3,3,3,10000
8/7/2025,BBNIDRCX6A,0,0,0,0,0
8/7/2025,BBNIDRCZ5A,56,56,55,56,310800
8/7/2025,BBNIDRPU5A,24,24,24,24,100
8/7/2025,BBNIHDCQ5A,0,0,0,0,0
8/7/2025,BBNIHDCU5A,78,78,78,78,100
8/7/2025,BBNIHDPU5A,0,0,0,0,0
8/7/2025,BBNIYUCV5A,59,59,59,59,100
8/7/2025,BBNIZPCH6A,0,0,0,0,0
8/7/2025,BBNIZPCX5A,0,0,0,0,0
8/7/2025,BBRI,3730,3750,3700,3710,92746000
8/7/2025,BBRIBQCQ5A,2,2,2,2,226000
8/7/2025,BBRIBQCU5A,0,0,0,0,0
8/7/2025,BBRIBQCZ5A,0,0,0,0,0
8/7/2025,BBRIDRCQ5A,6,6,6,6,4252800
8/7/2025,BBRIDRCX5A,134,134,132,133,41600
8/7/2025,BBRIDRCX6A,2090,2090,2090,2090,100
8/7/2025,BBRIHDCH6A,0,0,0,0,0
8/7/2025,BBRIHDCQ5A,0,0,0,0,0
8/7/2025,BBRIYUCV5A,114,114,114,114,200
8/7/2025,BBRIZPCH6A,0,0,0,0,0
8/7/2025,BBRIZPCX5A,70,70,70,70,8500
8/7/2025,BBRM,72,73,71,72,769000
8/7/2025,BBSI,4010,4020,3410,4000,27200
8/7/2025,BBSS,280,280,266,272,579300
8/7/2025,BBTN,1130,1130,1110,1115,9107100
8/7/2025,BBTNHDCZ5A,0,0,0,0,0
8/7/2025,BBTNYUCZ5A,57,57,55,55,300
8/7/2025,BBTNZPCG6A,38,38,37,37,7550000
8/7/2025,BBYB,266,266,260,260,23837100
8/7/2025,BCAP,62,67,60,63,183347200
8/7/2025,BCIC,0,0,0,0,0
8/7/2025,BCIP,100,101,95,95,41190800
8/7/2025,BDKR,150,152,147,151,22646400
8/7/2025,BDMN,2510,2520,2490,2520,844300
8/7/2025,BEBS,0,0,0,0,0
8/7/2025,BEEF,296,314,296,312,23083000
8/7/2025,BEER,107,110,100,106,6375100
8/7/2025,BEKS,23,23,23,23,5848800
8/7/2025,BELI,390,392,384,384,416500
8/7/2025,BELL,50,50,50,50,120400
8/7/2025,BESS,1010,1010,965,1000,72700
8/7/2025,BEST,103,104,100,100,20501600
8/7/2025,BFIN,850,875,835,855,25156300
8/7/2025,BGTG,78,79,77,77,10528600
8/7/2025,BHAT,815,830,810,830,2629800
8/7/2025,BHIT,30,30,30,30,24993600
8/7/2025,BIKA,0,0,0,0,0
8/7/2025,BIKE,685,800,685,790,3595900
8/7/2025,BIMA,45,46,45,46,95400
8/7/2025,BINA,4390,4390,4390,4390,5500
8/7/2025,BINO,114,114,110,111,593900
8/7/2025,BIPI,90,94,89,91,574197900
8/7/2025,BIPP,38,38,38,38,103500
8/7/2025,BIRD,1910,1935,1900,1900,1394000
8/7/2025,BISI,885,890,860,880,124900
8/7/2025,BJBR,780,785,775,775,1813200
8/7/2025,BJTM,515,515,505,510,3948200
8/7/2025,BKDP,30,30,30,30,240900
8/7/2025,BKSL,170,172,151,157,1492091300
8/7/2025,BKSW,61,62,60,60,5182200
8/7/2025,BLES,158,163,154,163,5743300
8/7/2025,BLOG,490,494,480,482,6800700
8/7/2025,BLTA,20,20,20,20,1138700
8/7/2025,BLTZ,1800,1800,1800,1800,100
8/7/2025,BLUE,312,314,308,312,59600
8/7/2025,BMAS,550,550,550,550,2000
8/7/2025,BMBL,36,36,36,36,9659100
8/7/2025,BMHS,194,195,190,193,5164800
8/7/2025,BMRI,4740,4740,4680,4680,61453100
8/7/2025,BMRIBQCU5A,5,5,5,5,259400
8/7/2025,BMRIBQCZ5A,0,0,0,0,0
8/7/2025,BMRIDRCQ5A,1,1,1,1,10000
8/7/2025,BMRIDRCX5A,62,62,62,62,5000
8/7/2025,BMRIDRCX6A,2350,2350,2340,2340,2500
8/7/2025,BMRIHDCQ5A,2,2,2,2,1350000
8/7/2025,BMRIHDCU5A,0,0,0,0,0
8/7/2025,BMRIHDPU5A,0,0,0,0,0
8/7/2025,BMRIYUCQ5A,20,20,20,20,50000
8/7/2025,BMRIZPCH6A,0,0,0,0,0
8/7/2025,BMRIZPCX5A,0,0,0,0,0
8/7/2025,BMSR,250,250,242,250,11200
8/7/2025,BMTR,145,146,143,145,32359700
8/7/2025,BNBA,815,815,780,805,265200
8/7/2025,BNBR,30,30,30,30,21069800
8/7/2025,BNGA,1695,1705,1695,1695,1869800
8/7/2025,BNGAZPCH6A,50,50,50,50,3800
8/7/2025,BNII,204,218,200,206,4413700
8/7/2025,BNLI,3130,3210,3130,3140,115800
8/7/2025,BOAT,110,110,105,105,7311800
8/7/2025,BOBA,184,184,180,183,119000
8/7/2025,BOGA,575,595,575,585,1268800
8/7/2025,BOLA,190,190,179,185,2908600
8/7/2025,BOLT,1060,1065,1050,1055,83200
8/7/2025,BOSS,0,0,0,0,0
8/7/2025,BPFI,338,348,330,340,22000
8/7/2025,BPII,590,595,590,590,234900
8/7/2025,BPTR,98,100,94,98,2394200
8/7/2025,BRAM,5000,5225,5000,5050,3900
8/7/2025,BREN,7325,7375,7025,7250,25660000
8/7/2025,BRIS,2740,2770,2730,2740,8281100
8/7/2025,BRISBQCZ5A,0,0,0,0,0
8/7/2025,BRISDRCJ6A,54,54,54,54,50000
8/7/2025,BRISHDCH6A,72,72,72,72,2400
8/7/2025,BRISHDCZ5A,0,0,0,0,0
8/7/2025,BRISYUCV5A,87,87,87,87,100
8/7/2025,BRISZPCG6A,57,57,57,57,1000
8/7/2025,BRMS,470,474,446,458,1057034800
8/7/2025,BRMSBQCZ5A,65,65,64,64,1400
8/7/2025,BRMSDRCJ6A,47,47,43,46,815800
8/7/2025,BRMSHDCH6A,82,82,82,82,500
8/7/2025,BRMSHDCZ5A,0,0,0,0,0
8/7/2025,BRMSYUCV5A,34,36,34,36,56000
8/7/2025,BRMSZPCG6A,75,75,69,71,376200
8/7/2025,BRNA,695,700,660,670,7500
8/7/2025,BRPT,2520,2530,2350,2380,157787800
8/7/2025,BRPTBQCQ5A,0,0,0,0,0
8/7/2025,BRPTBQCV5A,444,450,416,416,28500
8/7/2025,BRPTBQCX5B,119,119,100,102,959300
8/7/2025,BRPTBQCZ5A,795,795,795,795,100
8/7/2025,BRPTDRCF6A,224,224,204,206,74700
8/7/2025,BRPTDRCJ6A,125,125,113,114,149500
8/7/2025,BRPTDRCQ5A,272,272,264,264,16100
8/7/2025,BRPTDRCX5A,246,246,246,246,100
8/7/2025,BRPTDRPV5A,13,13,13,13,1377400
8/7/2025,BRPTHDCH6A,199,199,193,193,3300
8/7/2025,BRPTHDCH6B,160,160,155,159,200200
8/7/2025,BRPTHDCQ5A,0,0,0,0,0
8/7/2025,BRPTHDPG6A,0,0,0,0,0
8/7/2025,BRPTYUCZ5A,181,181,180,180,13000
8/7/2025,BRPTZPCF6A,262,262,260,260,1000500
8/7/2025,BRPTZPCX5A,346,348,346,346,18100
8/7/2025,BRRC,74,83,72,76,80835700
8/7/2025,BRRC-W,10,11,9,9,13318300
8/7/2025,BSBK,51,51,50,50,13585800
8/7/2025,BSDE,815,825,815,815,6138100
8/7/2025,BSDEDRCJ6A,0,0,0,0,0
8/7/2025,BSDEZPCH6A,0,0,0,0,0
8/7/2025,BSIM,870,870,865,870,32600
8/7/2025,BSML,108,109,99,100,29263200
8/7/2025,BSSR,3930,3940,3900,3900,208600
8/7/2025,BSWD,0,0,0,0,0
8/7/2025,BTEK,5,5,5,5,95468500
8/7/2025,BTEL,0,0,0,0,0
8/7/2025,BTON,388,388,376,384,8000
8/7/2025,BTPN,2100,2100,2050,2080,35600
8/7/2025,BTPS,1400,1405,1360,1375,10116600
8/7/2025,BTPSZPCH6A,39,39,39,39,50000
8/7/2025,BUAH,1320,1330,1300,1320,96500
8/7/2025,BUDI,226,232,226,230,131500
8/7/2025,BUKA,171,178,171,172,417468300
8/7/2025,BUKABQCZ5B,25,25,22,23,5426300
8/7/2025,BUKAHDCZ5A,142,144,140,140,15400
8/7/2025,BUKK,825,830,820,830,20600
8/7/2025,BULL,133,134,129,131,41552000
8/7/2025,BUMI,113,113,111,112,523183600
8/7/2025,BUVA,0,0,0,0,0
8/7/2025,BVIC,92,95,91,94,17483900
8/7/2025,BVIC-W,49,49,48,48,1200
8/7/2025,BWPT,122,126,118,119,393011800
8/7/2025,BYAN,18425,18425,18350,18425,26800
8/7/2025,CAKK,136,136,132,136,11200
8/7/2025,CAMP,210,212,208,210,1589500
8/7/2025,CANI,38,38,38,38,61000
8/7/2025,CARE,258,264,254,262,18880900
8/7/2025,CARS,103,105,98,98,54296600
8/7/2025,CASA,1060,1070,1050,1060,4584100
8/7/2025,CASH,61,62,60,62,47400
8/7/2025,CASS,2250,2360,2150,2200,126400
8/7/2025,CBDK,5975,6000,5900,5900,3853900
8/7/2025,CBMF,0,0,0,0,0
8/7/2025,CBPE,181,181,179,179,480000
8/7/2025,CBRE,108,111,108,111,28651800
8/7/2025,CBUT,1275,1275,1200,1220,67400
8/7/2025,CCSI,326,326,314,320,319600
8/7/2025,CDIA,1725,1775,1525,1565,570723000
8/7/2025,CEKA,2580,2640,2550,2600,7400
8/7/2025,CENT,96,106,96,104,98375800
8/7/2025,CFIN,314,318,314,314,1345300
8/7/2025,CGAS,114,119,112,115,38172800
8/7/2025,CHEK,195,196,192,193,13360300
8/7/2025,CHEM,73,75,71,73,9719800
8/7/2025,CHIP,1315,1330,1315,1325,64700
8/7/2025,CINT,159,160,156,157,109500
8/7/2025,CITA,3900,3970,3860,3950,174800
8/7/2025,CITY,93,96,90,94,2848100
8/7/2025,CLAY,1385,1640,1270,1305,527700
8/7/2025,CLEO,580,590,565,585,10505900
8/7/2025,CLPI,1265,1270,1250,1250,39200
8/7/2025,CMNP,1310,1315,1300,1300,435600
8/7/2025,CMNP-W,0,0,0,0,0
8/7/2025,CMNT,820,830,805,830,44005900
8/7/2025,CMPP,72,72,72,72,187000
8/7/2025,CMRY,5125,5125,4940,4990,1766700
8/7/2025,CMRYZPCJ6A,49,49,47,47,1600
8/7/2025,CNKO,62,62,62,62,15431500
8/7/2025,CNMA,134,144,133,141,73252900
8/7/2025,CNTB,0,0,0,0,0
8/7/2025,CNTX,0,0,0,0,0
8/7/2025,COAL,32,32,32,32,6041400
8/7/2025,COCO,0,0,0,0,0
8/7/2025,COIN,1580,1885,1580,1880,436899200
8/7/2025,COWL,0,0,0,0,0
8/7/2025,CPIN,4620,4640,4530,4530,10863200
8/7/2025,CPINDRCG6A,73,76,73,75,1201000
8/7/2025,CPINDRCQ5A,0,0,0,0,0
8/7/2025,CPINHDCQ5A,9,9,9,9,100
8/7/2025,CPINZPCJ6A,44,44,44,44,64300
8/7/2025,CPRI,0,0,0,0,0
8/7/2025,CPRO,52,52,51,52,97846500
8/7/2025,CRAB,236,238,234,236,1681900
8/7/2025,CRSN,107,110,107,108,144000
8/7/2025,CSAP,264,266,258,266,68100
8/7/2025,CSIS,85,112,85,105,63947000
8/7/2025,CSMI,436,436,418,418,9221500
8/7/2025,CSRA,720,760,720,735,618000
8/7/2025,CTBN,6725,6725,6700,6700,500
8/7/2025,CTRA,920,940,905,935,23454400
8/7/2025,CTRADRCJ6A,23,23,23,23,100
8/7/2025,CTRAYUCZ5A,48,51,48,51,41000
8/7/2025,CTRAZPCG6A,0,0,0,0,0
8/7/2025,CTTH,27,27,27,27,287600
8/7/2025,CUAN,1535,1545,1450,1460,306099900
8/7/2025,CYBR,915,930,895,905,15763300
8/7/2025,CYBR-W,525,530,505,530,300
8/7/2025,DAAZ,3600,3600,3460,3480,322400
8/7/2025,DADA,12,12,12,12,111731200
8/7/2025,DART,158,163,156,159,453800
8/7/2025,DATA,1900,1910,1830,1865,5484700
8/7/2025,DAYA,945,1085,930,990,200600
8/7/2025,DCII,347000,347000,312300,312300,3600
8/7/2025,DEAL,0,0,0,0,0
8/7/2025,DEFI,0,0,0,0,0
8/7/2025,DEPO,202,202,199,202,179600
8/7/2025,DEWA,226,234,224,226,300905900
8/7/2025,DEWI,102,103,101,103,52116900
8/7/2025,DFAM,54,55,52,53,3839700
8/7/2025,DGIK,95,96,93,96,2828400
8/7/2025,DGNS,152,152,149,151,21508200
8/7/2025,DGWG,414,418,406,412,7385600
8/7/2025,DIGI,26,26,26,26,2249200
8/7/2025,DILD,127,132,127,131,14205500
8/7/2025,DIVA,109,109,106,107,1570000
8/7/2025,DKFT,715,765,710,755,59104500
8/7/2025,DKHH,75,80,71,75,84289600
8/7/2025,DKHH-W,16,16,14,15,22239900
8/7/2025,DLTA,2000,2020,1995,2000,49900
8/7/2025,DMAS,139,140,137,137,48817100
8/7/2025,DMMX,380,382,366,366,1993000
8/7/2025,DMND,565,575,560,565,95000
8/7/2025,DNAR,116,117,113,114,2765400
8/7/2025,DNET,9525,9525,9300,9300,2400
8/7/2025,DOID,370,372,352,358,24696500
8/7/2025,DOOH,172,174,162,164,244712800
8/7/2025,DOSS,142,142,136,138,785500
8/7/2025,DPNS,250,252,248,250,75900
8/7/2025,DPUM,50,50,50,50,99700
8/7/2025,DRMA,950,965,945,955,1647800
8/7/2025,DSFI,90,99,88,90,69967600
8/7/2025,DSNG,1420,1445,1390,1445,43873300
8/7/2025,DSSA,65300,67900,65300,65500,4923300
8/7/2025,DUCK,0,0,0,0,0
8/7/2025,DUTI,3500,3500,3500,3500,3600
8/7/2025,DVLA,1690,1690,1670,1670,10200
8/7/2025,DWGL,228,234,228,230,472900
8/7/2025,DYAN,85,86,84,84,4485400
8/7/2025,EAST,95,100,94,96,17257200
8/7/2025,ECII,184,184,170,174,2113600
8/7/2025,EDGE,4320,4350,4260,4340,30500
8/7/2025,EKAD,184,185,182,183,99000
8/7/2025,ELIT,189,190,184,185,7659200
8/7/2025,ELPI,334,334,312,320,743600
8/7/2025,ELSA,484,488,478,480,27289800
8/7/2025,ELSADRCJ6A,35,35,35,35,126600
8/7/2025,ELSAZPCG6A,33,33,33,33,50000
8/7/2025,ELTY,11,11,10,10,46447000
8/7/2025,EMDE,88,91,88,91,2722800
8/7/2025,EMTK,780,835,780,805,132726400
8/7/2025,EMTKBQCZ5A,152,155,152,155,200
8/7/2025,EMTKHDCZ5A,121,121,121,121,7600
8/7/2025,EMTKYUCV5A,70,77,70,77,52900
8/7/2025,EMTKZPCH6A,75,79,75,76,1811800
8/7/2025,ENAK,690,700,690,700,512500
8/7/2025,ENRG,605,655,595,635,268735200
8/7/2025,ENRGDRCJ6A,90,100,90,94,2448600
8/7/2025,ENRGHDCZ5A,258,282,258,262,6500
8/7/2025,ENRGZPCG6A,210,226,210,210,9200
8/7/2025,ENVY,0,0,0,0,0
8/7/2025,ENZO,34,34,33,34,12600
8/7/2025,EPAC,13,13,13,13,2556700
8/7/2025,EPMT,2310,2310,2300,2300,20800
8/7/2025,ERAA,452,456,436,438,109522700
8/7/2025,ERAABQCZ5A,0,0,0,0,0
8/7/2025,ERAADRCJ6A,0,0,0,0,0
8/7/2025,ERAAHDCZ5A,40,40,39,39,2900
8/7/2025,ERAAZPCH6A,0,0,0,0,0
8/7/2025,ERAL,354,354,344,346,13395700
8/7/2025,ERTX,102,104,100,103,1520800
8/7/2025,ESIP,35,35,35,35,1475700
8/7/2025,ESSA,630,635,600,620,59712500
8/7/2025,ESSABQCZ5A,0,0,0,0,0
8/7/2025,ESSAHDCH6A,58,59,57,59,158000
8/7/2025,ESSAYUCZ5A,48,49,48,48,20900
8/7/2025,ESTA,66,66,64,65,1069100
8/7/2025,ESTI,48,48,48,48,663100
8/7/2025,ETWA,0,0,0,0,0
8/7/2025,EURO,212,232,200,230,35398800
8/7/2025,EXCL,2580,2590,2530,2530,3286900
8/7/2025,EXCLHDCQ5A,0,0,0,0,0
8/7/2025,EXCLZPCF6A,0,0,0,0,0
8/7/2025,FAPA,5575,5600,5550,5575,5300
8/7/2025,FAST,324,336,322,326,2509000
8/7/2025,FASW,0,0,0,0,0
8/7/2025,FILM,3530,4280,3300,3610,74812700
8/7/2025,FIMP,75,76,75,76,55300
8/7/2025,FIRE,74,75,73,73,5852900
8/7/2025,FISH,0,0,0,0,0
8/7/2025,FITT,212,228,212,216,3848200
8/7/2025,FLMC,52,56,52,56,4556000
8/7/2025,FMII,380,396,370,378,278700
8/7/2025,FOLK,86,90,81,85,2390900
8/7/2025,FOOD,101,101,100,101,55500
8/7/2025,FORE,590,600,575,580,12011000
8/7/2025,FORU,1605,1880,1550,1720,5725900
8/7/2025,FPNI,196,197,193,194,396300
8/7/2025,FUJI,408,418,402,418,13400
8/7/2025,FUTR,82,108,82,104,1102849200
8/7/2025,FWCT,157,160,152,155,2245300
8/7/2025,GAMA,0,0,0,0,0
8/7/2025,GDST,106,107,105,106,679600
8/7/2025,GDYR,1180,1180,1150,1175,11000
8/7/2025,GEMA,99,106,96,101,26381800
8/7/2025,GEMS,9150,9175,9125,9175,108600
8/7/2025,GGRM,8725,8850,8725,8775,302600
8/7/2025,GGRMZPCG6A,41,41,41,41,507100
8/7/2025,GGRP,0,0,0,0,0
8/7/2025,GHON,1645,1645,1450,1620,27200
8/7/2025,GIAA,69,69,68,68,14972800
8/7/2025,GJTL,1035,1045,1030,1030,3411300
8/7/2025,GJTLZPCJ6A,25,25,25,25,11400
8/7/2025,GLOB,51,51,51,51,17000
8/7/2025,GLVA,326,326,310,324,18300
8/7/2025,GMFI,60,61,60,61,930400
8/7/2025,GMTD,2190,2220,2030,2180,6800
8/7/2025,GOLD,250,290,236,240,2035100
8/7/2025,GOLF,216,218,212,216,2457600
8/7/2025,GOLL,0,0,0,0,0
8/7/2025,GOOD,390,410,380,380,1489300
8/7/2025,GOTO,65,66,63,63,2490347000
8/7/2025,GOTOBQCZ5A,0,0,0,0,0
8/7/2025,GOTODRCG6A,13,13,12,12,320500
8/7/2025,GOTODRCQ5A,0,0,0,0,0
8/7/2025,GOTOHDCQ5A,0,0,0,0,0
8/7/2025,GOTOM,0,0,0,0,0
8/7/2025,GOTOZPCH6A,31,31,31,31,200
8/7/2025,GPRA,161,165,155,158,181030800
8/7/2025,GPSO,360,370,356,358,956300
8/7/2025,GRIA,94,95,92,95,997200
8/7/2025,GRPH,50,51,50,50,2915500
8/7/2025,GRPM,47,47,46,46,345000
8/7/2025,GRPM-W,12,13,12,13,115300
8/7/2025,GSMF,54,55,54,55,451400
8/7/2025,GTBO,191,191,186,191,403000
8/7/2025,GTRA,143,147,142,147,244400
8/7/2025,GTSI,48,48,48,48,24718300
8/7/2025,GULA,260,266,256,256,304000
8/7/2025,GUNA,260,260,248,252,652900
8/7/2025,GWSA,135,143,135,140,2436100
8/7/2025,GZCO,112,113,108,108,22913200
8/7/2025,HADE,9,9,8,9,4527000
8/7/2025,HAIS,189,190,186,188,1896500
8/7/2025,HAJJ,115,116,113,115,7527300
8/7/2025,HAJJ-W,13,14,13,13,7240800
8/7/2025,HALO,81,81,79,81,4290200
8/7/2025,HALO-W,9,10,9,9,4466600
8/7/2025,HATM,264,266,260,266,27888800
8/7/2025,HBAT,105,105,96,102,1861600
8/7/2025,HDFA,113,116,112,114,27700
8/7/2025,HDIT,24,24,24,24,3869700
8/7/2025,HEAL,1655,1685,1630,1665,10382500
8/7/2025,HEALDRCJ6A,54,58,54,58,14500
8/7/2025,HEALHDCH6A,147,147,147,147,100
8/7/2025,HEALYUCZ5A,77,79,75,79,33500
8/7/2025,HEALZPCH6A,70,70,69,69,584600
8/7/2025,HELI,254,256,252,256,283900
8/7/2025,HERO,414,416,400,400,46800
8/7/2025,HEXA,5375,5400,5350,5350,271900
8/7/2025,HGII,144,153,142,152,33565700
8/7/2025,HILL,206,208,204,204,116534300
8/7/2025,HITS,0,0,0,0,0
8/7/2025,HKMU,0,0,0,0,0
8/7/2025,HMSP,525,530,520,520,11266100
8/7/2025,HOKI,87,88,85,87,13122600
8/7/2025,HOME,0,0,0,0,0
8/7/2025,HOMI,204,204,196,200,79200
8/7/2025,HOPE,0,0,0,0,0
8/7/2025,HOTL,0,0,0,0,0
8/7/2025,HRME,30,30,30,30,2216900
8/7/2025,HRTA,720,745,715,735,37006800
8/7/2025,HRUM,870,890,850,880,18600300
8/7/2025,HRUMZPCG6A,36,39,36,39,501700
8/7/2025,HUMI,66,75,65,69,429221500
8/7/2025,HUMI-W,11,15,11,14,145407700
8/7/2025,HYGN,152,154,150,154,2457700
8/7/2025,IATA,58,58,58,58,6360000
8/7/2025,IATA-W,33,33,33,33,900
8/7/2025,IBFN,18,18,17,17,298300
8/7/2025,IBOS,39,39,39,39,4335700
8/7/2025,IBST,0,0,0,0,0
8/7/2025,ICBP,9550,9575,9500,9500,6473400
8/7/2025,ICBPDRCQ5A,2,5,2,5,384400
8/7/2025,ICBPDRCX6A,0,0,0,0,0
8/7/2025,ICBPHDCQ5A,0,0,0,0,0
8/7/2025,ICBPZPCX5A,41,41,41,41,50000
8/7/2025,ICON,40,40,39,40,141300
8/7/2025,IDEA,90,96,80,80,10527100
8/7/2025,IDPR,212,220,206,210,216100
8/7/2025,IFII,228,230,218,222,905500
8/7/2025,IFSH,760,770,745,765,22100
8/7/2025,IGAR,555,555,550,555,4400
8/7/2025,IIKP,0,0,0,0,0
8/7/2025,IKAI,8,9,8,9,5697500
8/7/2025,IKAN,120,154,115,134,822742500
8/7/2025,IKBI,454,472,454,468,171800
8/7/2025,IKPM,193,198,190,197,1263000
8/7/2025,IMAS,1020,1115,1020,1095,3736000
8/7/2025,IMJS,240,272,234,252,59164400
8/7/2025,IMPC,580,585,550,565,20396800
8/7/2025,INAF,0,0,0,0,0
8/7/2025,INAI,158,161,157,159,309500
8/7/2025,INCF,30,31,30,31,1570300
8/7/2025,INCI,600,600,580,590,94500
8/7/2025,INCO,3900,4140,3810,4100,48350900
8/7/2025,INCOBQCQ5A,149,220,149,206,347900
8/7/2025,INCOBQCV5A,62,89,62,84,105200
8/7/2025,INCODRCQ5A,6,15,5,12,34200100
8/7/2025,INCODRCX5A,98,119,98,116,2180000
8/7/2025,INCODRPV5A,32,32,32,32,29000
8/7/2025,INCOHDCQ5A,124,170,115,163,1260300
8/7/2025,INCOYUCZ5A,118,118,118,118,600
8/7/2025,INCOZPCX5A,155,175,154,175,13100
8/7/2025,INDF,8200,8325,8000,8200,8381800
8/7/2025,INDFBQCV5A,0,0,0,0,0
8/7/2025,INDFDRCQ5A,26,26,26,26,100
8/7/2025,INDFDRCX6A,0,0,0,0,0
8/7/2025,INDFHDCQ5A,0,0,0,0,0
8/7/2025,INDO,192,194,187,191,910200
8/7/2025,INDR,2300,2300,2170,2290,15900
8/7/2025,INDS,214,216,212,214,151800
8/7/2025,INDX,74,75,73,75,3385800
8/7/2025,INDY,1360,1390,1345,1370,10753300
8/7/2025,INDYZPCG6A,44,45,44,45,2400
8/7/2025,INET,328,330,308,314,177237900
8/7/2025,INET-W,232,232,218,220,14982000
8/7/2025,INKP,7500,7650,7350,7400,6571900
8/7/2025,INKPBQCX5A,0,0,0,0,0
8/7/2025,INKPDRCF6A,191,191,188,188,5500000
8/7/2025,INKPDRCQ5A,34,35,28,31,1554000
8/7/2025,INKPHDCQ5A,21,22,18,19,482100
8/7/2025,INKPZPCF6A,0,0,0,0,0
8/7/2025,INOV,85,93,85,86,2333500
8/7/2025,INPC,154,155,151,153,10366400
8/7/2025,INPP,780,795,780,795,1000
8/7/2025,INPS,125,126,124,126,228700
8/7/2025,INRU,660,675,625,630,166000
8/7/2025,INTA,13,13,13,13,454900
8/7/2025,INTD,190,191,187,190,366300
8/7/2025,INTP,6125,6200,6025,6150,4296800
8/7/2025,INTPZPCG6A,54,56,54,56,42000
8/7/2025,IOTF,88,89,85,85,92834100
8/7/2025,IPAC,142,150,135,143,86000
8/7/2025,IPCC,1115,1120,1090,1100,1420400
8/7/2025,IPCM,296,304,296,298,1683400
8/7/2025,IPOL,139,140,134,134,85000
8/7/2025,IPPE,0,0,0,0,0
8/7/2025,IPTV,29,29,29,29,12132200
8/7/2025,IRRA,432,446,428,436,2303500
8/7/2025,IRSX,106,106,106,106,18995800
8/7/2025,ISAP,14,14,13,14,143086100
8/7/2025,ISAP-W,4,5,4,5,42209800
8/7/2025,ISAT,2290,2300,2250,2290,7181600
8/7/2025,ISATBQCU5A,0,0,0,0,0
8/7/2025,ISATDRCG6A,93,93,93,93,100
8/7/2025,ISATDRCX5A,69,72,69,72,200
8/7/2025,ISATHDCQ5A,132,132,132,132,100
8/7/2025,ISATZPCF6A,0,0,0,0,0
8/7/2025,ISEA,87,95,85,87,47106300
8/7/2025,ISSP,360,364,354,362,3105900
8/7/2025,ITIC,222,224,218,222,358200
8/7/2025,ITMA,770,770,745,745,20004700
8/7/2025,ITMG,23100,23175,23050,23125,885300
8/7/2025,ITMGZPCJ6A,81,81,81,81,4500
8/7/2025,JARR,695,700,610,625,30956000
8/7/2025,JAST,95,104,94,97,48064200
8/7/2025,JATI,144,146,140,141,5532000
8/7/2025,JAWA,147,148,143,146,5232300
8/7/2025,JAYA,94,94,92,94,440400
8/7/2025,JECC,860,870,815,835,39800
8/7/2025,JGLE,9,9,8,8,17630500
8/7/2025,JIHD,615,630,605,615,1031900
8/7/2025,JKON,74,78,73,75,25307200
8/7/2025,JMAS,135,137,135,137,210100
8/7/2025,JPFA,1620,1630,1585,1600,24794100
8/7/2025,JPFABQCZ5A,0,0,0,0,0
8/7/2025,JPFADRCJ6A,35,37,35,36,2708600
8/7/2025,JPFAHDCZ5A,0,0,0,0,0
8/7/2025,JPFAZPCG6A,80,80,75,76,200100
8/7/2025,JRPT,750,750,745,750,266800
8/7/2025,JSKY,0,0,0,0,0
8/7/2025,JSMR,3570,3570,3540,3550,6451500
8/7/2025,JSMRHDCH6A,0,0,0,0,0
8/7/2025,JSMRZPCG6A,0,0,0,0,0
8/7/2025,JSPT,4400,4400,4220,4260,22600
8/7/2025,JTPE,268,270,264,266,7023300
8/7/2025,KAEF,540,565,530,535,4539900
8/7/2025,KAQI,50,50,50,50,2201900
8/7/2025,KARW,745,745,675,675,1173000
8/7/2025,KAYU,0,0,0,0,0
8/7/2025,KBAG,30,30,30,30,336000
8/7/2025,KBLI,368,368,364,368,179400
8/7/2025,KBLM,328,328,324,326,141900
8/7/2025,KBLV,74,97,69,92,397707400
8/7/2025,KBRI,0,0,0,0,0
8/7/2025,KDSI,470,478,470,478,4900
8/7/2025,KDTN,119,124,118,119,236500
8/7/2025,KEEN,805,820,800,800,5500000
8/7/2025,KEJU,800,810,680,700,16917300
8/7/2025,KETR,238,258,238,242,827700
8/7/2025,KIAS,0,0,0,0,0
8/7/2025,KICI,113,117,111,115,311000
8/7/2025,KIJA,204,206,191,198,283846100
8/7/2025,KING,212,218,212,214,852300
8/7/2025,KING-W,12,12,10,12,5545000
8/7/2025,KINO,1095,1100,1090,1100,15200
8/7/2025,KIOS,60,86,60,74,365352800
8/7/2025,KJEN,102,121,102,105,10775600
8/7/2025,KKES,29,31,29,31,923000
8/7/2025,KKGI,336,338,330,332,6415100
8/7/2025,KLAS,153,153,148,148,11798600
8/7/2025,KLBF,1395,1400,1365,1380,30437600
8/7/2025,KLBFBQCV5A,45,45,45,45,100
8/7/2025,KLBFDRCG6A,39,39,39,39,100
8/7/2025,KLBFDRCQ5A,0,0,0,0,0
8/7/2025,KLBFHDCQ5A,0,0,0,0,0
8/7/2025,KLBFZPCF6A,39,39,38,38,59800
8/7/2025,KLBFZPCJ6A,0,0,0,0,0
8/7/2025,KLIN,167,182,158,181,1100600
8/7/2025,KMDS,625,645,620,630,147700
8/7/2025,KMTR,270,272,264,268,543900
8/7/2025,KOBX,143,144,140,140,536000
8/7/2025,KOCI,56,57,54,54,14040500
8/7/2025,KOCI-W,8,8,6,7,32881100
8/7/2025,KOIN,0,0,0,0,0
8/7/2025,KOKA,103,106,100,102,25733800
8/7/2025,KONI,1225,1225,1205,1210,17400
8/7/2025,KOPI,354,360,352,354,428100
8/7/2025,KOTA,18,18,18,18,25996200
8/7/2025,KPIG,210,212,202,206,126519600
8/7/2025,KRAS,276,278,260,262,41832800
8/7/2025,KREN,9,10,9,9,7060300
8/7/2025,KRYA,238,278,238,266,163754900
8/7/2025,KSIX,202,202,198,202,1557700
8/7/2025,KUAS,66,70,64,68,54145900
8/7/2025,LABA,0,0,0,0,0
8/7/2025,LABS,133,133,127,130,772600
8/7/2025,LAJU,50,50,50,50,558600
8/7/2025,LAND,24,25,24,25,1240800
8/7/2025,LAPD,67,71,67,71,8648500
8/7/2025,LCGP,0,0,0,0,0
8/7/2025,LCKM,222,222,220,220,8000
8/7/2025,LEAD,71,72,69,70,29180200
8/7/2025,LFLO,288,288,270,270,56100
8/7/2025,LIFE,7075,7075,6850,7050,4600
8/7/2025,LINK,1960,1960,1960,1960,65900
8/7/2025,LION,370,376,366,370,30600
8/7/2025,LIVE,190,196,187,187,12037200
8/7/2025,LMAS,0,0,0,0,0
8/7/2025,LMAX,70,75,66,73,4943200
8/7/2025,LMPI,139,141,137,140,664400
8/7/2025,LMSH,0,0,0,0,0
8/7/2025,LOPI,62,62,52,62,120591600
8/7/2025,LPCK,500,520,490,505,1953100
8/7/2025,LPGI,440,444,428,430,35300
8/7/2025,LPIN,400,400,394,394,144000
8/7/2025,LPKR,88,93,88,89,84170900
8/7/2025,LPLI,284,292,274,280,27200
8/7/2025,LPPF,1610,1610,1580,1585,2401500
8/7/2025,LPPS,57,66,56,61,33792700
8/7/2025,LRNA,174,181,165,174,163500
8/7/2025,LSIP,1355,1360,1310,1315,14510000
8/7/2025,LSIPYUCZ5A,0,0,0,0,0
8/7/2025,LSIPZPCG6A,72,72,72,72,100
8/7/2025,LTLS,860,860,850,850,141800
8/7/2025,LUCK,91,96,87,87,93437600
8/7/2025,LUCY,73,74,71,73,291000
8/7/2025,MABA,0,0,0,0,0
8/7/2025,MAGP,0,0,0,0,0
8/7/2025,MAHA,136,137,130,133,5779600
8/7/2025,MAIN,630,640,630,630,2291700
8/7/2025,MANG,48,48,44,44,35043700
8/7/2025,MANG-W,33,36,32,33,1530500
8/7/2025,MAPA,655,655,635,640,38273300
8/7/2025,MAPADRCJ6A,21,22,21,21,277500
8/7/2025,MAPAHDCZ5A,0,0,0,0,0
8/7/2025,MAPAZPCH6A,41,41,40,40,100000
8/7/2025,MAPB,1810,1860,1805,1840,7500
8/7/2025,MAPI,1185,1225,1185,1215,18870500
8/7/2025,MAPIBQCV5A,13,13,13,13,100
8/7/2025,MAPIDRCQ5A,5,7,5,6,1439200
8/7/2025,MAPIDRCX5A,27,31,26,31,37000
8/7/2025,MAPIHDCQ5A,0,0,0,0,0
8/7/2025,MAPIZPCJ6A,57,58,55,58,53300
8/7/2025,MARI,22,22,21,21,3486700
8/7/2025,MARK,660,685,660,675,28458400
8/7/2025,MASA,0,0,0,0,0
8/7/2025,MASB,3210,3310,3210,3220,1300
8/7/2025,MAXI,51,51,50,50,1709200
8/7/2025,MAYA,185,188,183,184,1785000
8/7/2025,MBAP,1680,1680,1650,1670,208800
8/7/2025,MBMA,480,486,462,464,360194700
8/7/2025,MBMABQCX5A,33,33,31,31,136600
8/7/2025,MBMADRCQ5A,14,14,9,11,8271100
8/7/2025,MBMADRCX5A,43,43,39,39,332300
8/7/2025,MBMAHDCH6A,84,84,84,84,100
8/7/2025,MBMAHDCQ5A,6,6,3,3,10454900
8/7/2025,MBMAZPCX5A,79,79,72,74,78600
8/7/2025,MBSS,1415,1445,1390,1410,779200
8/7/2025,MBTO,92,122,91,117,72806900
8/7/2025,MCAS,960,980,955,960,78300
8/7/2025,MCOL,4000,4020,3980,4020,15600
8/7/2025,MCOR,66,66,65,65,6708700
8/7/2025,MDIA,27,27,27,27,873400
8/7/2025,MDIY,1285,1290,1285,1290,102800
8/7/2025,MDKA,2440,2540,2420,2490,61284800
8/7/2025,MDKABQCV5A,129,137,129,131,3200
8/7/2025,MDKABQCX5B,64,67,63,67,1600600
8/7/2025,MDKADRCQ5A,35,42,34,39,839100
8/7/2025,MDKADRCV5A,99,107,96,101,413000
8/7/2025,MDKAHDCU5A,0,0,0,0,0
8/7/2025,MDKAHDCZ5A,0,0,0,0,0
8/7/2025,MDKAYUCQ5A,140,140,140,140,100
8/7/2025,MDKAZPCF6A,82,90,82,89,228500
8/7/2025,MDKI,161,162,160,160,121600
8/7/2025,MDLA,190,193,189,190,5226200
8/7/2025,MDLN,54,54,52,52,23263200
8/7/2025,MDRN,10,11,10,11,25425000
8/7/2025,MEDC,1170,1255,1170,1240,66676200
8/7/2025,MEDCBQCV5A,0,0,0,0,0
8/7/2025,MEDCBQCX5B,39,44,39,43,5445000
8/7/2025,MEDCBQCZ5A,36,40,36,40,20200
8/7/2025,MEDCDRCG6A,33,39,33,38,2766600
8/7/2025,MEDCDRCQ5A,30,36,28,33,1500500
8/7/2025,MEDCDRPV5A,38,38,37,37,11507400
8/7/2025,MEDCHDCH6A,92,93,92,93,200
8/7/2025,MEDCHDCQ5A,55,62,52,61,6800
8/7/2025,MEDCZPCF6A,34,34,34,34,200
8/7/2025,MEDS,50,50,50,50,35900
8/7/2025,MEGA,3280,3280,3250,3260,9100
8/7/2025,MEJA,33,37,32,37,123854700
8/7/2025,MEJA-W,5,6,5,6,25221800
8/7/2025,MENN,50,53,48,50,51409700
8/7/2025,MERI,306,306,286,288,18215300
8/7/2025,MERK,2870,2870,2800,2840,34400
8/7/2025,META,0,0,0,0,0
8/7/2025,MFIN,720,720,720,720,326100
8/7/2025,MFMI,0,0,0,0,0
8/7/2025,MGLV,545,545,494,515,114200
8/7/2025,MGNA,37,37,37,37,226600
8/7/2025,MGNA-W,0,0,0,0,0
8/7/2025,MGRO,715,720,700,715,5120200
8/7/2025,MHKI,127,133,120,128,6319500
8/7/2025,MICE,476,484,476,476,7900
8/7/2025,MIDI,444,460,442,446,27872500
8/7/2025,MIKA,2410,2480,2390,2410,12622500
8/7/2025,MIKAZPCG6A,0,0,0,0,0
8/7/2025,MINA,0,0,0,0,0
8/7/2025,MINE,478,484,466,484,4517600
8/7/2025,MIRA,31,31,28,28,3130700
8/7/2025,MITI,185,185,180,185,2715000
8/7/2025,MKAP,350,350,348,348,131900
8/7/2025,MKNT,0,0,0,0,0
8/7/2025,MKPI,24625,25500,24625,25500,11400
8/7/2025,MKTR,107,111,107,107,1316900
8/7/2025,MKTR-W,7,8,7,8,4080400
8/7/2025,MLBI,6125,6200,6100,6200,147700
8/7/2025,MLIA,326,328,322,324,3700000
8/7/2025,MLPL,115,126,114,123,534147600
8/7/2025,MLPT,39900,40600,39650,40000,13900
8/7/2025,MMIX,230,230,220,230,5582700
8/7/2025,MMLP,540,550,530,535,8882900
8/7/2025,MNCN,260,264,258,264,21652100
8/7/2025,MOLI,206,206,202,206,364700
8/7/2025,MORA,380,384,376,380,156500
8/7/2025,MPIX,63,64,61,62,4554700
8/7/2025,MPIX-W,8,8,7,7,476900
8/7/2025,MPMX,970,975,960,965,4773700
8/7/2025,MPOW,128,129,123,125,6510200
8/7/2025,MPPA,66,76,65,74,414894100
8/7/2025,MPRO,2950,3010,2950,3000,120200
8/7/2025,MPXL,107,108,105,106,1135100
8/7/2025,MRAT,254,254,248,250,100300
8/7/2025,MREI,950,975,940,960,144500
8/7/2025,MSIE,30,30,27,30,12094500
8/7/2025,MSIN,484,530,480,515,47428000
8/7/2025,MSJA,312,314,308,314,2176700
8/7/2025,MSKY,74,86,71,76,201373100
8/7/2025,MSTI,1650,1690,1645,1655,4441600
8/7/2025,MTDL,595,605,590,590,6920800
8/7/2025,MTEL,620,630,615,625,17873300
8/7/2025,MTFN,5,5,5,5,72940900
8/7/2025,MTLA,446,446,440,442,11400
8/7/2025,MTMH,885,890,885,890,15900
8/7/2025,MTPS,39,39,39,39,308000
8/7/2025,MTRA,0,0,0,0,0
8/7/2025,MTSM,0,0,0,0,0
8/7/2025,MTWI,398,398,340,384,1453000
8/7/2025,MUTU,92,92,90,90,955800
8/7/2025,MUTU-W,0,0,0,0,0
8/7/2025,MYOH,1715,1715,1675,1700,215000
8/7/2025,MYOR,2220,2220,2170,2210,4050100
8/7/2025,MYORZPCH6A,0,0,0,0,0
8/7/2025,MYTX,0,0,0,0,0
8/7/2025,NAIK,157,158,155,156,5487900
8/7/2025,NAIK-W,28,29,27,28,5092200
8/7/2025,NANO,23,24,22,24,133005300
8/7/2025,NASA,17,17,16,16,1190600
8/7/2025,NASI,87,87,83,84,4694400
8/7/2025,NATO,142,158,139,140,728800
8/7/2025,NAYZ,47,48,44,48,12181400
8/7/2025,NCKL,965,1035,945,1025,197971600
8/7/2025,NCKLYUCZ5A,83,93,79,93,19300
8/7/2025,NCKLZPCJ6A,54,63,52,61,1531400
8/7/2025,NELY,346,346,330,334,1872200
8/7/2025,NEST,294,298,290,294,3302100
8/7/2025,NETV,137,150,136,144,24905400
8/7/2025,NFCX,1900,1905,1865,1900,374100
8/7/2025,NICE,440,446,434,438,5376600
8/7/2025,NICK,1430,1430,1320,1355,51200
8/7/2025,NICL,1015,1050,995,1050,12922300
8/7/2025,NIKL,236,242,232,234,294400
8/7/2025,NINE,184,194,178,194,41060300
8/7/2025,NIRO,125,125,124,124,500
8/7/2025,NISP,1345,1355,1340,1345,2974200
8/7/2025,NOBU,550,560,540,550,3841100
8/7/2025,NPGF,50,50,50,50,13000
8/7/2025,NRCA,975,975,940,970,3865500
8/7/2025,NSSS,418,420,410,418,4938100
8/7/2025,NTBK,50,50,50,50,262300
8/7/2025,NUSA,0,0,0,0,0
8/7/2025,NZIA,94,96,92,94,1095200
8/7/2025,OASA,206,228,190,206,338868600
8/7/2025,OBAT,410,410,396,398,1952200
8/7/2025,OBAT-W,66,74,60,63,5548700
8/7/2025,OBMD,200,200,197,199,280100
8/7/2025,OCAP,0,0,0,0,0
8/7/2025,OILS,135,135,126,127,4719800
8/7/2025,OKAS,228,230,204,210,10492500
8/7/2025,OLIV,27,29,25,25,16550000
8/7/2025,OMED,184,185,180,184,906200
8/7/2025,OMRE,0,0,0,0,0
8/7/2025,OPMS,71,74,70,71,5116800
8/7/2025,PACK,3900,3990,3750,3840,5536700
8/7/2025,PADA,26,26,26,26,26409800
8/7/2025,PADI,57,57,57,57,10718000
8/7/2025,PALM,378,382,378,380,175600
8/7/2025,PAMG,82,86,79,81,88982400
8/7/2025,PANI,15775,15925,15575,15725,5656900
8/7/2025,PANIHDCZ5A,242,242,232,236,30900
8/7/2025,PANIZPCJ6A,100,101,100,100,456200
8/7/2025,PANR,750,755,725,730,12637000
8/7/2025,PANS,1405,1405,1395,1395,191400
8/7/2025,PART,131,131,128,130,19530000
8/7/2025,PART-W,29,30,28,28,16838300
8/7/2025,PBID,476,480,476,480,324200
8/7/2025,PBRX,27,27,27,27,43901000
8/7/2025,PBSA,416,420,410,412,2053400
8/7/2025,PCAR,27,28,27,28,1422500
8/7/2025,PDES,555,560,535,555,368300
8/7/2025,PDPP,496,525,492,500,1263300
8/7/2025,PEGE,118,118,114,114,979300
8/7/2025,PEHA,340,350,338,340,99000
8/7/2025,PEVE,378,384,368,384,680500
8/7/2025,PGAS,1690,1695,1660,1690,45838500
8/7/2025,PGASBQCU5A,0,0,0,0,0
8/7/2025,PGASBQCZ5A,0,0,0,0,0
8/7/2025,PGASDRCG6A,71,71,69,71,409400
8/7/2025,PGASDRCQ5A,24,24,24,24,200
8/7/2025,PGASHDCQ5A,0,0,0,0,0
8/7/2025,PGASYUCQ5A,86,86,86,86,100
8/7/2025,PGASZPCJ6A,44,45,44,45,43100
8/7/2025,PGEO,1615,1635,1585,1595,65353000
8/7/2025,PGEOBQCX5B,64,64,64,64,20000
8/7/2025,PGEODRCJ6A,62,63,59,59,370700
8/7/2025,PGEODRCQ5A,0,0,0,0,0
8/7/2025,PGEODRPV5A,0,0,0,0,0
8/7/2025,PGEOHDCH6A,83,83,82,82,7700
8/7/2025,PGEOHDCH6B,0,0,0,0,0
8/7/2025,PGEOHDCQ5A,0,0,0,0,0
8/7/2025,PGEOZPCJ6A,75,75,72,72,517500
8/7/2025,PGJO,0,0,0,0,0
8/7/2025,PGLI,174,174,167,168,426700
8/7/2025,PGUN,0,0,0,0,0
8/7/2025,PICO,140,140,134,137,793500
8/7/2025,PIPA,73,74,73,73,9487000
8/7/2025,PJAA,468,476,466,466,51800
8/7/2025,PKPK,605,615,600,610,101700
8/7/2025,PLAN,47,47,43,43,15461900
8/7/2025,PLAS,0,0,0,0,0
8/7/2025,PLIN,0,0,0,0,0
8/7/2025,PMJS,119,119,115,117,89200
8/7/2025,PMMP,0,0,0,0,0
8/7/2025,PMUI,118,119,115,115,5752500
8/7/2025,PNBN,1165,1165,1145,1155,6681400
8/7/2025,PNBS,50,50,50,50,148000
8/7/2025,PNGO,2670,2670,2300,2470,244100
8/7/2025,PNIN,910,910,895,900,167400
8/7/2025,PNLF,260,262,254,254,94193000
8/7/2025,PNLFDRCJ6A,0,0,0,0,0
8/7/2025,PNLFHDCZ5A,0,0,0,0,0
8/7/2025,PNLFYUCV5A,14,14,14,14,9500
8/7/2025,PNLFZPCH6A,0,0,0,0,0
8/7/2025,PNSE,760,790,740,765,19400
8/7/2025,POLA,19,19,19,19,300200
8/7/2025,POLI,725,725,725,725,400
8/7/2025,POLL,0,0,0,0,0
8/7/2025,POLU,0,0,0,0,0
8/7/2025,POLY,16,16,16,16,215700
8/7/2025,POOL,0,0,0,0,0
8/7/2025,PORT,955,955,930,950,13900
8/7/2025,POSA,0,0,0,0,0
8/7/2025,POWR,705,710,700,705,1423500
8/7/2025,PPGL,103,104,101,104,716900
8/7/2025,PPRE,58,59,57,58,1052700
8/7/2025,PPRI,210,262,198,236,74671400
8/7/2025,PPRO,0,0,0,0,0
8/7/2025,PRAY,620,620,600,615,21600
8/7/2025,PRDA,3000,3010,2990,3000,958200
8/7/2025,PRIM,63,65,61,63,4042900
8/7/2025,PSAB,426,430,418,424,129646600
8/7/2025,PSAT,1600,1605,1555,1560,2162300
8/7/2025,PSDN,86,86,83,85,205200
8/7/2025,PSGO,199,199,192,193,758000
8/7/2025,PSKT,63,63,63,63,7253400
8/7/2025,PSSI,344,346,342,346,115400
8/7/2025,PTBA,2430,2430,2400,2400,7148800
8/7/2025,PTBABQCV5A,0,0,0,0,0
8/7/2025,PTBADRCG6A,30,30,29,29,153900
8/7/2025,PTBADRCQ5A,0,0,0,0,0
8/7/2025,PTBAHDCQ5A,0,0,0,0,0
8/7/2025,PTBAYUCZ5A,102,102,102,102,700
8/7/2025,PTBAZPCH6A,0,0,0,0,0
8/7/2025,PTDU,0,0,0,0,0
8/7/2025,PTIS,410,410,394,394,81400
8/7/2025,PTMP,106,107,102,102,18858200
8/7/2025,PTMR,0,0,0,0,0
8/7/2025,PTPP,404,404,394,396,5744000
8/7/2025,PTPS,149,151,145,146,16407300
8/7/2025,PTPW,965,965,960,960,19400
8/7/2025,PTRO,3570,3580,3390,3440,69643700
8/7/2025,PTSN,266,266,258,258,774600
8/7/2025,PTSP,1010,1060,965,1000,58400
8/7/2025,PUDP,218,220,208,214,108200
8/7/2025,PURA,15,15,14,15,837600
8/7/2025,PURE,0,0,0,0,0
8/7/2025,PURI,194,195,180,183,1702500
8/7/2025,PWON,374,380,366,376,82086000
8/7/2025,PWONHDCZ5A,0,0,0,0,0
8/7/2025,PWONZPCH6A,0,0,0,0,0
8/7/2025,PYFA,474,545,468,525,229847500
8/7/2025,PYFA-W,93,103,92,99,6479200
8/7/2025,PZZA,190,192,184,184,4095900
8/7/2025,R-ABFII,0,0,0,0,0
8/7/2025,R-LQ45X,1000,1020,973,973,1700
8/7/2025,RAAM,272,336,270,336,62705000
8/7/2025,RAFI,0,0,0,0,0
8/7/2025,RAJA,2640,2670,2600,2600,24107400
8/7/2025,RALS,396,396,392,394,2320500
8/7/2025,RANC,416,416,410,410,4900
8/7/2025,RATU,7150,7200,6825,6900,8946300
8/7/2025,RBMS,23,24,23,24,154100
8/7/2025,RCCC,122,125,111,117,1693100
8/7/2025,RDTX,11950,12275,11950,12275,300
8/7/2025,REAL,42,42,42,42,5389400
8/7/2025,RELF,28,28,26,28,28338100
8/7/2025,RELI,700,750,625,645,383300
8/7/2025,RGAS,113,116,111,111,24200400
8/7/2025,RICY,35,35,35,35,18300
8/7/2025,RIGS,725,780,725,765,24800
8/7/2025,RIMO,0,0,0,0,0
8/7/2025,RISE,1040,1040,1035,1040,65000
8/7/2025,RMKE,590,605,585,595,1165800
8/7/2025,RMKO,113,113,107,110,711900
8/7/2025,ROCK,555,580,555,580,4900
8/7/2025,RODA,35,35,35,35,154800
8/7/2025,RONY,0,0,0,0,0
8/7/2025,ROTI,810,810,800,810,1291200
8/7/2025,RSCH,420,420,404,418,1299100
8/7/2025,RSGK,0,0,0,0,0
8/7/2025,RUIS,224,226,220,220,1114800
8/7/2025,RUNS,66,69,63,64,3455000
8/7/2025,SAFE,216,226,206,208,3713700
8/7/2025,SAGE,22,22,22,22,5273500
8/7/2025,SAME,330,336,312,320,5347300
8/7/2025,SAMF,344,346,340,344,79500
8/7/2025,SAPX,298,300,292,300,350800
8/7/2025,SATU,234,236,230,232,3492600
8/7/2025,SBAT,0,0,0,0,0
8/7/2025,SBMA,122,126,121,123,5029600
8/7/2025,SCCO,2430,2430,2320,2340,65800
8/7/2025,SCMA,236,246,228,228,370951200
8/7/2025,SCMABQCZ5A,77,78,76,77,1059500
8/7/2025,SCMAHDCZ5A,216,222,216,222,700
8/7/2025,SCMAZPCG6A,102,102,102,102,200
8/7/2025,SCNP,186,186,170,176,175400
8/7/2025,SCPI,0,0,0,0,0
8/7/2025,SDMU,41,45,41,45,1293100
8/7/2025,SDPC,128,131,128,128,192200
8/7/2025,SDRA,292,294,290,292,257300
8/7/2025,SEMA,96,97,91,91,3818200
8/7/2025,SFAN,1915,1915,1910,1910,104900
8/7/2025,SGER,344,356,340,356,248577200
8/7/2025,SGRO,2980,3000,2940,2970,413600
8/7/2025,SHID,900,910,890,910,62500
8/7/2025,SHIP,3550,4400,3550,3900,331800
8/7/2025,SICO,110,113,110,111,1577600
8/7/2025,SIDO,505,510,500,505,12689700
8/7/2025,SILO,2090,2120,2060,2110,1440500
8/7/2025,SIMA,0,0,0,0,0
8/7/2025,SIMP,630,640,610,620,23556000
8/7/2025,SINI,3460,3460,3460,3460,3900
8/7/2025,SIPD,735,735,735,735,900
8/7/2025,SKBM,354,358,352,352,68900
8/7/2025,SKLT,186,188,185,187,151000
8/7/2025,SKRN,400,402,398,400,141000
8/7/2025,SKYB,0,0,0,0,0
8/7/2025,SLIS,50,50,50,50,144700
8/7/2025,SLIS-W,7,8,7,8,253500
8/7/2025,SMAR,3860,3890,3860,3870,76000
8/7/2025,SMBR,306,310,300,304,27944000
8/7/2025,SMCB,0,0,0,0,0
8/7/2025,SMDM,780,960,730,775,3657500
8/7/2025,SMDR,340,342,328,330,38728100
8/7/2025,SMGA,94,121,92,118,704210900
8/7/2025,SMGR,2540,2540,2490,2490,3542100
8/7/2025,SMGRBQCU5A,7,7,6,6,445300
8/7/2025,SMGRBQCX5B,0,0,0,0,0
8/7/2025,SMGRBQCZ5A,28,28,28,28,3100
8/7/2025,SMGRDRCQ5A,1,1,1,1,50000
8/7/2025,SMGRDRCV5A,42,42,40,40,816900
8/7/2025,SMGRHDCZ5A,0,0,0,0,0
8/7/2025,SMGRZPCJ6A,48,49,47,47,28000
8/7/2025,SMIL,344,354,342,352,116188900
8/7/2025,SMKL,162,162,158,159,83200
8/7/2025,SMKM,76,81,73,77,16433300
8/7/2025,SMLE,123,126,121,121,396300
8/7/2025,SMMA,14800,14900,14400,14900,58500
8/7/2025,SMMT,1090,1090,990,1020,462500
8/7/2025,SMRA,422,424,416,420,30995500
8/7/2025,SMRADRCJ6A,30,30,30,30,51200
8/7/2025,SMRAHDCZ5A,0,0,0,0,0
8/7/2025,SMRAZPCH6A,0,0,0,0,0
8/7/2025,SMRU,0,0,0,0,0
8/7/2025,SMSM,1960,1965,1925,1945,1002700
8/7/2025,SNLK,515,515,500,505,8152900
8/7/2025,SOCI,184,184,180,183,3084000
8/7/2025,SOFA,51,51,48,50,3057000
8/7/2025,SOHO,700,700,685,695,4100
8/7/2025,SOLA,196,206,171,177,656913200
8/7/2025,SONA,3290,4090,3230,3880,552600
8/7/2025,SOSS,434,525,432,525,516700
8/7/2025,SOTS,262,292,260,260,834200
8/7/2025,SOUL,72,72,72,72,3001200
8/7/2025,SPMA,278,278,272,276,327800
8/7/2025,SPRE,102,102,90,95,1743900
8/7/2025,SPTO,660,665,655,665,354500
8/7/2025,SQMI,0,0,0,0,0
8/7/2025,SRAJ,4960,5000,4910,5000,516400
8/7/2025,SRIL,0,0,0,0,0
8/7/2025,SRSN,51,52,51,52,1101000
8/7/2025,SRTG,1895,1910,1825,1825,12307300
8/7/2025,SRTGZPCG6A,0,0,0,0,0
8/7/2025,SSIA,2610,2640,2470,2520,39880200
8/7/2025,SSMS,1410,1410,1365,1365,9733000
8/7/2025,SSTM,188,202,187,193,32400
8/7/2025,STAA,975,975,960,970,11985700
8/7/2025,STAR,34,36,34,36,1011900
8/7/2025,STRK,134,137,131,136,35257700
8/7/2025,STTP,10450,10450,10450,10450,800
8/7/2025,SUGI,0,0,0,0,0
8/7/2025,SULI,104,105,102,103,815800
8/7/2025,SUNI,775,820,770,820,925000
8/7/2025,SUPR,0,0,0,0,0
8/7/2025,SURE,3850,4560,3640,3740,542000
8/7/2025,SURI,113,118,109,114,232726400
8/7/2025,SWAT,0,0,0,0,0
8/7/2025,SWID,110,111,103,105,5572100
8/7/2025,TALF,0,0,0,0,0
8/7/2025,TAMA,27,27,27,27,457100
8/7/2025,TAMU,19,19,19,19,3026400
8/7/2025,TAPG,1485,1490,1450,1450,14385800
8/7/2025,TAPGDRCJ6A,70,70,70,70,100
8/7/2025,TAPGHDCH6A,0,0,0,0,0
8/7/2025,TAPGZPCH6A,90,90,89,89,15600
8/7/2025,TARA,9,10,9,9,3116800
8/7/2025,TAXI,8,8,7,7,98868900
8/7/2025,TAYS,50,50,50,50,301600
8/7/2025,TBIG,1925,1970,1925,1950,335700
8/7/2025,TBLA,785,790,765,775,3233400
8/7/2025,TBMS,1020,1025,1000,1015,133400
8/7/2025,TCID,2320,2320,2320,2320,100
8/7/2025,TCPI,6000,6050,5950,5975,8168600
8/7/2025,TDPM,0,0,0,0,0
8/7/2025,TEBE,1160,1160,1100,1105,2747800
8/7/2025,TECH,0,0,0,0,0
8/7/2025,TELE,0,0,0,0,0
8/7/2025,TFAS,133,133,126,127,416600
8/7/2025,TFCO,0,0,0,0,0
8/7/2025,TGKA,5950,5950,5900,5950,1300
8/7/2025,TGRA,0,0,0,0,0
8/7/2025,TGUK,0,0,0,0,0
8/7/2025,TIFA,555,625,466,510,1121800
8/7/2025,TINS,1010,1020,1000,1015,16682900
8/7/2025,TIRA,2100,2150,2000,2060,139700
8/7/2025,TIRT,0,0,0,0,0
8/7/2025,TKIM,6375,6400,6250,6275,897400
8/7/2025,TKIMZPCG6A,0,0,0,0,0
8/7/2025,TLDN,640,640,605,620,1356000
8/7/2025,TLKM,2990,2990,2930,2950,46506200
8/7/2025,TLKMBQCQ5A,0,0,0,0,0
8/7/2025,TLKMBQCV5A,0,0,0,0,0
8/7/2025,TLKMDRCJ6A,73,74,71,71,2813000
8/7/2025,TLKMDRCQ5A,43,43,43,43,100
8/7/2025,TLKMDRCQ5B,99,99,99,99,100
8/7/2025,TLKMDRCX6A,0,0,0,0,0
8/7/2025,TLKMHDCQ5A,0,0,0,0,0
8/7/2025,TLKMHDCV5A,264,264,264,264,200
8/7/2025,TLKMYUCQ5A,99,99,99,99,100
8/7/2025,TLKMZPCF6A,0,0,0,0,0
8/7/2025,TMAS,127,128,126,127,1248500
8/7/2025,TMPO,149,149,146,149,1153100
8/7/2025,TNCA,138,139,136,136,453500
8/7/2025,TOBA,1075,1085,1040,1040,78532400
8/7/2025,TOOL,51,51,50,51,2469300
8/7/2025,TOPS,0,0,0,0,0
8/7/2025,TOSK,50,50,50,50,145900
8/7/2025,TOTL,730,735,715,725,1654500
8/7/2025,TOTO,256,256,248,252,1936400
8/7/2025,TOWR,615,625,610,620,17371700
8/7/2025,TOYS,0,0,0,0,0
8/7/2025,TPIA,9075,9150,8950,9025,6023600
8/7/2025,TPMA,580,585,580,585,3061400
8/7/2025,TRAM,0,0,0,0,0
8/7/2025,TRGU,187,187,180,187,29900
8/7/2025,TRIL,0,0,0,0,0
8/7/2025,TRIM,364,364,358,362,18000
8/7/2025,TRIN,103,103,96,98,2700800
8/7/2025,TRIN-W2,0,0,0,0,0
8/7/2025,TRIO,0,0,0,0,0
8/7/2025,TRIS,185,188,185,186,221500
8/7/2025,TRJA,137,138,135,138,426600
8/7/2025,TRON,104,108,98,101,3346700
8/7/2025,TRST,490,490,490,490,21500
8/7/2025,TRUE,21,21,21,21,275900
8/7/2025,TRUK,150,153,146,153,437700
8/7/2025,TRUS,470,480,462,472,4800
8/7/2025,TSPC,2180,2180,2160,2180,615700
8/7/2025,TUGU,930,935,920,930,2006300
8/7/2025,TYRE,128,129,126,128,149500
8/7/2025,UANG,206,234,202,214,782900
8/7/2025,UCID,505,505,498,500,553800
8/7/2025,UDNG,1320,1435,1320,1435,226700
8/7/2025,UFOE,174,174,170,170,31100
8/7/2025,ULTJ,1295,1295,1285,1285,972000
8/7/2025,UNIC,7950,7975,7800,7850,2900
8/7/2025,UNIQ,400,406,384,402,57953000
8/7/2025,UNIT,0,0,0,0,0
8/7/2025,UNSP,137,137,137,137,400400
8/7/2025,UNTD,77,78,76,77,8095900
8/7/2025,UNTR,24075,24300,23975,24100,2599600
8/7/2025,UNTRBQCV5A,0,0,0,0,0
8/7/2025,UNTRDRCG6A,130,131,130,130,46600
8/7/2025,UNTRDRCQ5A,0,0,0,0,0
8/7/2025,UNTRHDCQ5A,0,0,0,0,0
8/7/2025,UNTRZPCJ6A,0,0,0,0,0
8/7/2025,UNVR,1735,1770,1735,1765,15105200
8/7/2025,UNVRBQCQ5A,13,14,13,14,7266600
8/7/2025,UNVRBQCU5A,37,37,37,37,19600
8/7/2025,UNVRBQCZ5A,0,0,0,0,0
8/7/2025,UNVRDRCG6A,49,50,49,50,69500
8/7/2025,UNVRDRCQ5A,7,7,3,5,120500
8/7/2025,UNVRHDCQ5A,0,0,0,0,0
8/7/2025,UNVRHDPG6A,0,0,0,0,0
8/7/2025,UNVRZPCH6A,52,52,52,52,2900
8/7/2025,URBN,130,133,130,133,78100
8/7/2025,UVCR,71,72,69,71,1427500
8/7/2025,VAST,150,152,148,150,1131500
8/7/2025,VAST-W,13,14,13,13,425100
8/7/2025,VERN,162,162,158,159,1512800
8/7/2025,VERN-W,7,7,5,6,34101400
8/7/2025,VICI,635,635,625,630,360800
8/7/2025,VICO,175,176,167,171,2752800
8/7/2025,VINS,120,121,118,118,114000
8/7/2025,VISI,143,145,139,139,4106900
8/7/2025,VIVA,13,13,12,13,3827000
8/7/2025,VKTR,83,84,82,84,11695400
8/7/2025,VOKS,189,202,185,187,1244100
8/7/2025,VRNA,73,74,72,72,141000
8/7/2025,VTNY,94,95,93,94,10961300
8/7/2025,WAPO,141,145,141,142,753500
8/7/2025,WEGE,51,51,50,51,1074700
8/7/2025,WEHA,122,124,121,121,2131400
8/7/2025,WGSH,171,172,167,169,848100
8/7/2025,WICO,0,0,0,0,0
8/7/2025,WIDI,28,28,24,25,115322300
8/7/2025,WIFI,2740,2780,2590,2620,163713100
8/7/2025,WIIM,795,800,790,800,530400
8/7/2025,WIKA,0,0,0,0,0
8/7/2025,WINE,214,230,214,224,2714000
8/7/2025,WINR,26,26,26,26,243300
8/7/2025,WINS,384,402,384,392,6707200
8/7/2025,WIRG,123,123,117,117,308779300
8/7/2025,WMPP,0,0,0,0,0
8/7/2025,WMUU,13,13,12,12,7910400
8/7/2025,WOMF,340,340,338,340,355900
8/7/2025,WOOD,396,396,384,390,1707500
8/7/2025,WOWS,56,57,55,57,1482300
8/7/2025,WSBP,12,13,12,13,9345900
8/7/2025,WSKT,0,0,0,0,0
8/7/2025,WTON,92,93,90,91,3093600
8/7/2025,XAQA,0,0,0,0,0
8/7/2025,XBES,1073,1073,1073,1073,10000
8/7/2025,XBID,506,506,506,506,40000
8/7/2025,XBIG,0,0,0,0,0
8/7/2025,XBIN,569,569,569,569,40000
8/7/2025,XBLQ,0,0,0,0,0
8/7/2025,XBNI,0,0,0,0,0
8/7/2025,XBSK,435,435,435,435,40000
8/7/2025,XCEG,105,105,104,104,5500
8/7/2025,XCID,81,84,74,78,232300
8/7/2025,XCIS,147,147,131,131,109100
8/7/2025,XCLQ,80,88,75,81,29600
8/7/2025,XDIF,0,0,0,0,0
8/7/2025,XIFE,110,136,106,114,206800
8/7/2025,XIHD,621,621,618,618,500
8/7/2025,XIIC,0,0,0,0,0
8/7/2025,XIID,487,487,487,487,100
8/7/2025,XIIF,462,462,462,462,700
8/7/2025,XIIT,505,520,505,511,6200
8/7/2025,XIJI,620,620,620,620,3100
8/7/2025,XILV,133,179,114,135,279500
8/7/2025,XIML,228,268,214,214,5500
8/7/2025,XIPB,195,195,195,195,1800
8/7/2025,XIPI,219,219,219,219,100
8/7/2025,XISB,0,0,0,0,0
8/7/2025,XISC,0,0,0,0,0
8/7/2025,XISI,0,0,0,0,0
8/7/2025,XISR,0,0,0,0,0
8/7/2025,XKID,939,939,939,939,100
8/7/2025,XKIV,554,558,554,558,40500
8/7/2025,XKMS,1147,1147,1141,1144,200200
8/7/2025,XMGB,1106,1106,1106,1106,2100
8/7/2025,XMIG,213,213,212,212,200500
8/7/2025,XMLF,876,880,876,880,40800
8/7/2025,XMSK,375,375,375,375,500
8/7/2025,XNVE,0,0,0,0,0
8/7/2025,XPDV,510,650,510,595,700
8/7/2025,XPFT,0,0,0,0,0
8/7/2025,XPIN,616,616,616,616,2100
8/7/2025,XPLQ,0,0,0,0,0
8/7/2025,XPSG,0,0,0,0,0
8/7/2025,XPTD,543,543,543,543,3600
8/7/2025,XSBC,510,510,434,434,124200
8/7/2025,XSPI,0,0,0,0,0
8/7/2025,XSSI,150,150,131,131,91500
8/7/2025,XSSK,670,677,670,677,22500
8/7/2025,YELO,36,36,36,36,15568600
8/7/2025,YOII,96,96,93,94,2565600
8/7/2025,YPAS,354,354,354,354,100
8/7/2025,YULE,0,0,0,0,0
8/7/2025,YUPI,1705,1710,1695,1700,82800
8/7/2025,ZATA,10,10,10,10,18769700
8/7/2025,ZBRA,0,0,0,0,0
8/7/2025,ZINC,13,13,13,13,6318700
8/7/2025,ZONE,755,760,740,755,59600
8/7/2025,ZYRX,132,133,125,131,3314000
