<date>,<ticker>,<open>,<high>,<low>,<close>,<volume>
10/17/2025,IHSG,8132.750,8140.600,7854.310,7915.656,38996834100
10/17/2025,AADI,7875,7975,7650,7800,18759200
10/17/2025,AADIDRCN6A,95,95,86,88,1375300
10/17/2025,AADIHDCK6A,94,95,88,91,3945800
10/17/2025,AADIYUCK6A,294,294,294,294,100
10/17/2025,AALI,8100,8125,7850,7900,1978300
10/17/2025,ABBA,59,68,59,67,17381600
10/17/2025,ABDA,0,0,0,0,0
10/17/2025,ABMM,2600,2620,2550,2570,1887400
10/17/2025,ACES,418,424,416,416,30971800
10/17/2025,ACESBQCV5A,2,2,1,1,16910500
10/17/2025,ACESBQCX5B,4,5,3,5,3219800
10/17/2025,ACESBQCZ5A,13,13,13,13,700
10/17/2025,ACESDRCJ6A,11,11,10,10,1793300
10/17/2025,ACESHDCZ5A,0,0,0,0,0
10/17/2025,ACESZPCJ6A,0,0,0,0,0
10/17/2025,ACRO,84,85,81,83,6072700
10/17/2025,ACRO-W,12,12,10,10,4432000
10/17/2025,ACST,134,135,130,130,3487300
10/17/2025,ADCP,56,57,53,53,21569000
10/17/2025,ADES,13550,13625,13500,13525,30500
10/17/2025,ADHI,260,260,246,248,21739000
10/17/2025,ADMF,8675,8675,8550,8575,81600
10/17/2025,ADMG,132,135,127,133,885000
10/17/2025,ADMR,1320,1325,1180,1195,111415100
10/17/2025,ADMRDRCJ6A,61,68,47,50,6754200
10/17/2025,ADMRHDCJ6A,96,96,81,81,1856100
10/17/2025,ADMRZPCH6A,70,70,70,70,1700
10/17/2025,ADRO,1675,1690,1650,1650,79119300
10/17/2025,ADROBQCG6A,0,0,0,0,0
10/17/2025,ADROBQCZ5A,12,12,10,10,1743400
10/17/2025,ADRODRCJ6A,46,46,44,44,10000
10/17/2025,ADRODRCX5A,30,30,24,24,6061900
10/17/2025,ADROHDCZ5A,0,0,0,0,0
10/17/2025,ADROHDPH6A,0,0,0,0,0
10/17/2025,ADROYUCZ5A,41,41,41,41,100
10/17/2025,ADROZPCF6A,18,18,18,18,312300
10/17/2025,ADROZPCK6A,44,44,41,41,1602100
10/17/2025,AEGS,44,44,40,40,13299300
10/17/2025,AGAR,232,236,230,230,39700
10/17/2025,AGII,1755,1755,1755,1755,5268500
10/17/2025,AGRO,218,220,208,212,17217800
10/17/2025,AGRS,69,69,65,67,6511300
10/17/2025,AHAP,85,85,80,81,23957600
10/17/2025,AIMS,406,406,400,400,44600
10/17/2025,AISA,136,137,130,130,9606500
10/17/2025,AKKU,0,0,0,0,0
10/17/2025,AKPI,570,570,550,555,35000
10/17/2025,AKRA,1085,1090,1065,1070,10922600
10/17/2025,AKRABQCX5B,0,0,0,0,0
10/17/2025,AKRADRCX5A,17,17,11,17,3388900
10/17/2025,AKRAHDCH6A,39,39,37,38,7700
10/17/2025,AKRAZPCJ6A,0,0,0,0,0
10/17/2025,AKRAZPCM6A,28,28,26,26,362300
10/17/2025,AKRAZPCX5A,0,0,0,0,0
10/17/2025,AKSI,300,312,288,298,476700
10/17/2025,ALDO,496,498,488,490,168200
10/17/2025,ALII,560,590,540,575,29577600
10/17/2025,ALKA,340,340,328,334,42900
10/17/2025,ALMI,0,0,0,0,0
10/17/2025,ALTO,0,0,0,0,0
10/17/2025,AMAG,346,348,342,346,38700
10/17/2025,AMAN,139,146,134,138,2302200
10/17/2025,AMAR,230,230,220,230,1383200
10/17/2025,AMFG,3420,3420,3370,3380,3300
10/17/2025,AMIN,264,280,258,280,1327000
10/17/2025,AMMN,8100,8500,7800,8000,53903700
10/17/2025,AMMNBQCZ5A,24,33,22,24,6967700
10/17/2025,AMMNDRCJ6A,62,70,57,62,1027700
10/17/2025,AMMNHDCH6A,0,0,0,0,0
10/17/2025,AMMNZPCG6A,45,53,41,43,1231800
10/17/2025,AMMS,274,328,274,312,7195500
10/17/2025,AMOR,424,438,420,420,2157400
10/17/2025,AMRT,2220,2220,2110,2130,35797500
10/17/2025,AMRTBQCH6A,36,36,31,32,323200
10/17/2025,AMRTDRCZ5A,27,30,27,29,489300
10/17/2025,AMRTHDCJ6A,23,23,19,21,476500
10/17/2025,AMRTZPCK6A,0,0,0,0,0
10/17/2025,AMRTZPCX5A,0,0,0,0,0
10/17/2025,ANDI,23,25,23,25,10098000
10/17/2025,ANJT,2260,2270,2130,2140,1289800
10/17/2025,ANTM,3470,3530,3370,3450,216427700
10/17/2025,ANTMBQCX5A,72,75,64,71,1264900
10/17/2025,ANTMBQCZ5A,0,0,0,0,0
10/17/2025,ANTMDRCG6A,60,60,53,58,1796900
10/17/2025,ANTMDRCG6B,88,89,84,86,47900
10/17/2025,ANTMDRCX5A,0,0,0,0,0
10/17/2025,ANTMDRPZ5A,0,0,0,0,0
10/17/2025,ANTMHDCH6A,96,96,96,96,10300
10/17/2025,ANTMHDCH6B,155,155,155,155,14000
10/17/2025,ANTMHDPH6A,50,52,48,49,70000
10/17/2025,ANTMZPCJ6A,96,97,90,93,225900
10/17/2025,ANTMZPCK6A,40,41,36,38,1191700
10/17/2025,ANTMZPCX5A,258,262,258,262,233800
10/17/2025,APEX,130,131,121,121,38729200
10/17/2025,APIC,1120,1120,1090,1100,3282100
10/17/2025,APII,185,186,182,182,37800
10/17/2025,APLI,476,486,460,472,70800
10/17/2025,APLN,97,97,95,96,5382600
10/17/2025,ARCI,1520,1645,1410,1435,438553600
10/17/2025,AREA,505,510,498,505,1775700
10/17/2025,ARGO,1040,1040,980,1015,30300
10/17/2025,ARII,268,270,256,262,327100
10/17/2025,ARKA,30,30,29,30,3055900
10/17/2025,ARKO,1490,1500,1305,1305,2518200
10/17/2025,ARMY,0,0,0,0,0
10/17/2025,ARNA,535,540,525,530,663600
10/17/2025,ARTA,3150,3150,3000,3000,3200
10/17/2025,ARTI,0,0,0,0,0
10/17/2025,ARTO,2050,2050,1945,1950,12712000
10/17/2025,ARTOBQCX5B,0,0,0,0,0
10/17/2025,ARTOBQCZ5A,10,10,7,8,3396400
10/17/2025,ARTODRCK6A,0,0,0,0,0
10/17/2025,ARTODRCX5A,0,0,0,0,0
10/17/2025,ARTOHDCZ5A,0,0,0,0,0
10/17/2025,ARTOZPCK6A,0,0,0,0,0
10/17/2025,ARTOZPCX5A,0,0,0,0,0
10/17/2025,ASBI,474,500,474,476,97900
10/17/2025,ASDM,550,550,535,535,16500
10/17/2025,ASGR,1085,1085,1025,1050,4217600
10/17/2025,ASHA,84,84,75,75,19802100
10/17/2025,ASII,5725,5800,5575,5625,31793700
10/17/2025,ASIIBQCZ5A,0,0,0,0,0
10/17/2025,ASIIDRCX5A,0,0,0,0,0
10/17/2025,ASIIDRCX6A,0,0,0,0,0
10/17/2025,ASIIHDCZ5A,0,0,0,0,0
10/17/2025,ASIIZPCJ6A,0,0,0,0,0
10/17/2025,ASIIZPCM6A,31,31,28,28,352200
10/17/2025,ASJT,127,129,123,125,346900
10/17/2025,ASLC,79,80,73,75,51158900
10/17/2025,ASLI,0,0,0,0,0
10/17/2025,ASMI,26,27,26,27,2572500
10/17/2025,ASPI,0,0,0,0,0
10/17/2025,ASPR,98,100,96,98,11185700
10/17/2025,ASRI,165,172,163,164,34767500
10/17/2025,ASRM,390,390,360,376,486000
10/17/2025,ASSA,885,890,850,855,5459200
10/17/2025,ATAP,91,91,91,91,1915200
10/17/2025,ATIC,432,432,420,420,350900
10/17/2025,ATLA,73,73,68,68,127053300
10/17/2025,AUTO,2380,2400,2290,2300,6389200
10/17/2025,AUTODRCV6A,57,57,57,57,10000
10/17/2025,AUTOZPCJ6A,0,0,0,0,0
10/17/2025,AVIA,434,438,422,424,12667600
10/17/2025,AVIADRCV6A,0,0,0,0,0
10/17/2025,AVIAZPCJ6A,17,18,17,17,2046400
10/17/2025,AWAN,222,222,210,214,20341600
10/17/2025,AXIO,120,122,115,120,622700
10/17/2025,AYAM,179,179,176,179,99077300
10/17/2025,AYLS,187,191,162,188,13936200
10/17/2025,BABP,52,53,51,52,15150800
10/17/2025,BABY,364,388,354,372,12627600
10/17/2025,BACA,142,142,137,138,1637000
10/17/2025,BAIK,100,101,92,97,1274700
10/17/2025,BAIK-W,10,10,8,9,8503300
10/17/2025,BAJA,160,214,150,180,181172000
10/17/2025,BALI,1150,1195,1120,1160,40800
10/17/2025,BANK,810,815,800,810,1223100
10/17/2025,BANK-W,0,0,0,0,0
10/17/2025,BAPA,71,73,66,68,12762100
10/17/2025,BAPI,23,23,22,22,5766300
10/17/2025,BATA,56,56,55,55,56200
10/17/2025,BATR,105,107,101,104,1050500
10/17/2025,BAUT,38,38,37,37,1746000
10/17/2025,BAYU,1295,1295,1280,1285,189300
10/17/2025,BBCA,7300,7525,7275,7500,157334400
10/17/2025,BBCABQCG6A,54,57,54,56,20400
10/17/2025,BBCABQCV5A,5,5,2,3,12609100
10/17/2025,BBCABQCX5A,9,9,8,8,4910100
10/17/2025,BBCADRCF6A,18,21,18,21,10775300
10/17/2025,BBCADRCX6A,3150,3170,3150,3170,300
10/17/2025,BBCAHDCQ7A,40,42,39,42,296300
10/17/2025,BBCAHDCV5A,0,0,0,0,0
10/17/2025,BBCAYUCK6A,145,154,145,154,5600
10/17/2025,BBCAZPCF6A,11,14,10,12,5343600
10/17/2025,BBCAZPCH6A,52,57,52,57,5011300
10/17/2025,BBHI,1500,1500,1425,1465,875900
10/17/2025,BBKP,70,70,66,66,136531500
10/17/2025,BBLD,870,870,865,870,1200
10/17/2025,BBMD,2040,2040,2040,2040,200
10/17/2025,BBNI,3870,3900,3800,3800,60733400
10/17/2025,BBNIBQCG6A,0,0,0,0,0
10/17/2025,BBNIBQCV5A,3,3,1,1,5427500
10/17/2025,BBNIDRCX6A,0,0,0,0,0
10/17/2025,BBNIDRCZ5A,26,29,25,26,165000
10/17/2025,BBNIDRPZ5A,0,0,0,0,0
10/17/2025,BBNIHDCQ7A,0,0,0,0,0
10/17/2025,BBNIYUCV5A,0,0,0,0,0
10/17/2025,BBNIZPCH6A,0,0,0,0,0
10/17/2025,BBNIZPCX5A,0,0,0,0,0
10/17/2025,BBRI,3530,3570,3490,3500,244442400
10/17/2025,BBRIBQCJ6A,35,36,35,36,63800
10/17/2025,BBRIBQCZ5A,18,18,18,18,201200
10/17/2025,BBRIDRCG6A,59,61,57,57,3742600
10/17/2025,BBRIDRCN6A,76,77,75,75,629200
10/17/2025,BBRIDRCX5A,55,59,53,54,12885200
10/17/2025,BBRIDRCX6A,1800,1800,1800,1800,100
10/17/2025,BBRIDRPZ5A,67,67,67,67,75000
10/17/2025,BBRIHDCH6A,0,0,0,0,0
10/17/2025,BBRIHDCQ7A,60,60,59,59,13900
10/17/2025,BBRIYUCV5A,0,0,0,0,0
10/17/2025,BBRIZPCH6A,55,55,54,55,3324800
10/17/2025,BBRIZPCX5A,0,0,0,0,0
10/17/2025,BBRM,86,86,80,84,8171800
10/17/2025,BBSI,4100,4150,3960,4020,38700
10/17/2025,BBSS,320,320,312,312,800
10/17/2025,BBTN,1150,1175,1140,1140,39688000
10/17/2025,BBTNDRCV6A,55,55,55,55,117000
10/17/2025,BBTNHDCZ5A,0,0,0,0,0
10/17/2025,BBTNYUCZ5A,48,48,46,46,300
10/17/2025,BBTNZPCG6A,0,0,0,0,0
10/17/2025,BBYB,358,360,338,340,75016100
10/17/2025,BCAP,55,56,52,53,41021500
10/17/2025,BCIC,175,175,165,165,944600
10/17/2025,BCIP,101,102,98,100,2943500
10/17/2025,BDKR,166,168,149,156,34310600
10/17/2025,BDMN,2360,2370,2330,2330,1067200
10/17/2025,BEBS,0,0,0,0,0
10/17/2025,BEEF,432,432,432,432,2707200
10/17/2025,BEER,119,120,114,115,1708200
10/17/2025,BEKS,27,27,26,26,47170200
10/17/2025,BELI,370,372,366,372,1122800
10/17/2025,BELL,63,64,60,60,10173500
10/17/2025,BESS,1090,1090,1055,1075,30200
10/17/2025,BEST,104,104,100,100,17351800
10/17/2025,BFIN,755,760,750,755,5279000
10/17/2025,BFINDRCK6A,0,0,0,0,0
10/17/2025,BFINHDCM6A,0,0,0,0,0
10/17/2025,BFINZPCM6A,18,18,18,18,700
10/17/2025,BGTG,106,109,104,106,19837500
10/17/2025,BHAT,930,940,925,930,1925500
10/17/2025,BHIT,33,33,32,32,15413300
10/17/2025,BIKA,0,0,0,0,0
10/17/2025,BIKE,960,960,920,930,3906500
10/17/2025,BIMA,73,73,72,72,2100
10/17/2025,BINA,4400,4500,4400,4490,10500
10/17/2025,BINO,132,139,125,125,7744200
10/17/2025,BIPI,97,98,86,87,293474700
10/17/2025,BIPP,43,43,42,42,292300
10/17/2025,BIRD,1745,1745,1695,1715,3200500
10/17/2025,BISI,890,890,870,875,162100
10/17/2025,BJBR,755,755,745,755,7098100
10/17/2025,BJTM,505,510,500,505,12802200
10/17/2025,BKDP,38,46,38,46,541900
10/17/2025,BKSL,130,131,123,126,409930900
10/17/2025,BKSW,62,62,61,61,3229100
10/17/2025,BLES,163,164,154,157,9127800
10/17/2025,BLOG,510,515,484,488,3913200
10/17/2025,BLTA,37,37,33,33,3383700
10/17/2025,BLTZ,2420,2430,2420,2420,3500
10/17/2025,BLUE,1315,1315,1315,1315,771900
10/17/2025,BMAS,680,715,605,665,206500
10/17/2025,BMBL,53,55,49,49,12345000
10/17/2025,BMHS,150,165,150,156,12002600
10/17/2025,BMRI,4110,4110,4030,4050,247510000
10/17/2025,BMRIBQCJ6A,0,0,0,0,0
10/17/2025,BMRIBQCZ5A,7,8,6,7,4956900
10/17/2025,BMRIDRCG6A,65,68,64,68,4033100
10/17/2025,BMRIDRCX5A,17,17,15,15,51400
10/17/2025,BMRIDRCX6A,1685,1685,1675,1675,200
10/17/2025,BMRIHDCQ7A,56,58,55,55,1624700
10/17/2025,BMRIYUCK6A,0,0,0,0,0
10/17/2025,BMRIZPCH6A,34,34,32,32,10000
10/17/2025,BMRIZPCX5A,8,8,7,7,2600
10/17/2025,BMSR,314,314,290,290,233200
10/17/2025,BMTR,143,143,139,139,45263800
10/17/2025,BNBA,660,660,620,630,1074500
10/17/2025,BNBR,47,47,44,44,28600100
10/17/2025,BNGA,1700,1700,1670,1670,5517200
10/17/2025,BNGADRCK6A,0,0,0,0,0
10/17/2025,BNGAZPCH6A,0,0,0,0,0
10/17/2025,BNII,202,204,200,200,596400
10/17/2025,BNLI,5350,5350,5025,5300,208100
10/17/2025,BOAT,119,121,113,116,3377400
10/17/2025,BOBA,197,198,185,190,369500
10/17/2025,BOGA,498,498,496,498,46700
10/17/2025,BOLA,193,193,180,184,3333000
10/17/2025,BOLT,1045,1050,1045,1045,7100
10/17/2025,BOSS,0,0,0,0,0
10/17/2025,BPFI,322,334,320,326,27400
10/17/2025,BPII,550,555,545,545,117900
10/17/2025,BPTR,93,93,88,91,396400
10/17/2025,BRAM,5225,5225,5000,5175,600
10/17/2025,BREN,9800,9800,9100,9300,48110600
10/17/2025,BRIS,2520,2580,2500,2520,9718200
10/17/2025,BRISBQCZ5A,0,0,0,0,0
10/17/2025,BRISDRCJ6A,0,0,0,0,0
10/17/2025,BRISHDCH6A,0,0,0,0,0
10/17/2025,BRISHDCZ5A,61,61,61,61,3100
10/17/2025,BRISYUCV5A,0,0,0,0,0
10/17/2025,BRISZPCG6A,0,0,0,0,0
10/17/2025,BRMS,1095,1110,1005,1025,625944200
10/17/2025,BRMSBQCZ5A,316,316,278,278,13500
10/17/2025,BRMSDRCG6A,78,79,59,67,3616000
10/17/2025,BRMSDRCJ6A,218,218,195,195,125100
10/17/2025,BRMSDRPX5A,2,3,1,3,25664300
10/17/2025,BRMSHDCH6A,330,330,330,330,5000
10/17/2025,BRMSHDCZ5A,690,690,690,690,2100
10/17/2025,BRMSYUCV5A,0,0,0,0,0
10/17/2025,BRMSZPCG6A,330,330,308,308,1100
10/17/2025,BRNA,705,735,680,700,63800
10/17/2025,BRPT,3900,3930,3510,3650,181325500
10/17/2025,BRPTBQCV5A,1015,1015,990,990,200
10/17/2025,BRPTBQCX5B,330,334,250,334,58200
10/17/2025,BRPTBQCZ5A,0,0,0,0,0
10/17/2025,BRPTDRCF6A,0,0,0,0,0
10/17/2025,BRPTDRCJ6A,262,262,222,222,87400
10/17/2025,BRPTDRCX5A,0,0,0,0,0
10/17/2025,BRPTHDCH6A,396,396,396,396,300
10/17/2025,BRPTHDCH6B,0,0,0,0,0
10/17/2025,BRPTHDPG6A,72,90,72,88,2662600
10/17/2025,BRPTYUCZ5A,282,282,266,266,4100
10/17/2025,BRPTZPCF6A,0,0,0,0,0
10/17/2025,BRPTZPCK6A,95,95,81,82,804300
10/17/2025,BRPTZPCX5A,0,0,0,0,0
10/17/2025,BRRC,80,82,78,79,36932600
10/17/2025,BRRC-W,13,13,11,12,9389500
10/17/2025,BSBK,78,78,70,71,85488400
10/17/2025,BSDE,950,960,915,920,32631800
10/17/2025,BSDEBQCK6A,0,0,0,0,0
10/17/2025,BSDEDRCG6A,40,40,40,40,100
10/17/2025,BSDEDRCJ6A,28,28,28,28,268000
10/17/2025,BSDEHDCM6A,0,0,0,0,0
10/17/2025,BSDEZPCH6A,0,0,0,0,0
10/17/2025,BSIM,855,870,850,850,23700
10/17/2025,BSML,161,163,137,155,36292500
10/17/2025,BSSR,3880,3890,3860,3870,391900
10/17/2025,BSWD,1000,1000,1000,1000,200
10/17/2025,BTEK,17,17,17,17,70317300
10/17/2025,BTEL,0,0,0,0,0
10/17/2025,BTON,410,412,370,386,26200
10/17/2025,BTPN,2080,2080,2050,2070,5000
10/17/2025,BTPS,1315,1355,1310,1345,5993000
10/17/2025,BTPSDRCK6A,36,36,36,36,98700
10/17/2025,BTPSHDCJ6A,0,0,0,0,0
10/17/2025,BTPSZPCH6A,0,0,0,0,0
10/17/2025,BUAH,1475,1480,1415,1435,579000
10/17/2025,BUDI,208,208,202,208,27200
10/17/2025,BUKA,165,170,163,168,248487500
10/17/2025,BUKABQCZ5B,17,17,13,14,4030500
10/17/2025,BUKADRCK6A,16,16,15,15,1937400
10/17/2025,BUKAHDCZ5A,102,102,102,102,4300
10/17/2025,BUKAZPCM6A,38,38,36,36,500
10/17/2025,BUKK,930,945,900,900,13400
10/17/2025,BULL,194,204,190,193,433960100
10/17/2025,BUMI,136,137,126,128,2484373500
10/17/2025,BUVA,720,720,670,700,49026200
10/17/2025,BVIC,100,103,98,98,16692400
10/17/2025,BVIC-W,38,39,31,38,7900
10/17/2025,BWPT,174,179,151,151,1348796800
10/17/2025,BYAN,18000,18200,17900,18150,21600
10/17/2025,CAKK,180,180,170,173,2820000
10/17/2025,CAMP,218,224,208,210,12164700
10/17/2025,CANI,43,43,43,43,86600
10/17/2025,CARE,298,308,292,308,79911300
10/17/2025,CARS,136,136,122,123,63405800
10/17/2025,CASA,1050,1055,1035,1050,4770200
10/17/2025,CASH,107,112,96,97,5349700
10/17/2025,CASS,2350,2400,2210,2250,261600
10/17/2025,CBDK,6300,6300,5925,6000,10707100
10/17/2025,CBMF,0,0,0,0,0
10/17/2025,CBPE,232,232,216,220,266100
10/17/2025,CBRE,1465,1800,1415,1415,347315300
10/17/2025,CBUT,1440,1475,1375,1380,21900
10/17/2025,CCSI,364,364,340,346,325300
10/17/2025,CDIA,1950,1955,1750,1780,492211500
10/17/2025,CEKA,2510,2510,2500,2500,10000
10/17/2025,CENT,131,132,121,122,18803300
10/17/2025,CFIN,308,310,304,304,1752400
10/17/2025,CGAS,142,144,137,143,6098200
10/17/2025,CHEK,182,182,176,178,3809500
10/17/2025,CHEM,89,89,82,82,8883300
10/17/2025,CHIP,1405,1415,1360,1405,149200
10/17/2025,CINT,154,155,150,150,51800
10/17/2025,CITA,4810,4810,4560,4700,215500
10/17/2025,CITY,120,121,107,115,2473900
10/17/2025,CLAY,2590,2830,2590,2830,11000
10/17/2025,CLEO,510,510,500,500,8509200
10/17/2025,CLPI,1260,1260,1245,1250,124000
10/17/2025,CMNP,1275,1275,1220,1240,342800
10/17/2025,CMNP-W,298,298,298,298,600
10/17/2025,CMNT,785,800,760,800,40861200
10/17/2025,CMPP,119,119,108,108,72900
10/17/2025,CMRY,5075,5150,4920,5000,3283000
10/17/2025,CMRYDRCK6A,0,0,0,0,0
10/17/2025,CMRYZPCJ6A,0,0,0,0,0
10/17/2025,CNKO,73,73,73,73,51617400
10/17/2025,CNMA,116,117,111,114,43203200
10/17/2025,CNTB,0,0,0,0,0
10/17/2025,CNTX,0,0,0,0,0
10/17/2025,COAL,56,56,55,55,20754500
10/17/2025,COCO,262,298,262,262,198162500
10/17/2025,COIN,3120,3150,2800,2860,28155100
10/17/2025,COWL,0,0,0,0,0
10/17/2025,CPIN,4890,5000,4880,4970,8683700
10/17/2025,CPINDRCG6A,0,0,0,0,0
10/17/2025,CPINZPCJ6A,47,47,47,47,200000
10/17/2025,CPRI,0,0,0,0,0
10/17/2025,CPRO,63,64,59,60,298118000
10/17/2025,CRAB,260,260,254,258,2827400
10/17/2025,CRSN,115,115,111,113,683800
10/17/2025,CSAP,312,318,304,310,339900
10/17/2025,CSIS,200,208,196,198,1324600
10/17/2025,CSMI,330,338,296,304,19309600
10/17/2025,CSRA,1075,1080,975,1000,3627500
10/17/2025,CTBN,4990,4990,4990,4990,500
10/17/2025,CTRA,895,900,875,885,19537400
10/17/2025,CTRADRCJ6A,13,13,13,13,100
10/17/2025,CTRAHDCK6A,0,0,0,0,0
10/17/2025,CTRAYUCZ5A,32,32,32,32,100
10/17/2025,CTRAZPCG6A,0,0,0,0,0
10/17/2025,CTTH,82,82,82,82,41381300
10/17/2025,CUAN,2390,2400,2100,2150,289808000
10/17/2025,CYBR,1245,1275,1210,1260,15844100
10/17/2025,CYBR-W,840,850,815,850,8200
10/17/2025,DAAZ,2880,2880,2700,2730,324800
10/17/2025,DADA,71,98,69,69,4577285000
10/17/2025,DART,157,159,153,153,123800
10/17/2025,DATA,6400,6775,5700,6000,12475400
10/17/2025,DAYA,1180,1200,1155,1195,24800
10/17/2025,DCII,265100,265100,265000,265000,3800
10/17/2025,DEAL,0,0,0,0,0
10/17/2025,DEFI,0,0,0,0,0
10/17/2025,DEPO,242,250,236,240,559100
10/17/2025,DEWA,330,334,292,300,870629700
10/17/2025,DEWI,116,117,112,115,45293100
10/17/2025,DFAM,81,81,77,78,1342500
10/17/2025,DGIK,99,99,93,95,4497100
10/17/2025,DGNS,144,154,140,142,4538200
10/17/2025,DGWG,376,378,374,376,8175600
10/17/2025,DIGI,36,36,35,35,2041600
10/17/2025,DILD,129,130,124,125,13230100
10/17/2025,DIVA,218,218,199,200,7081200
10/17/2025,DKFT,785,795,750,755,29800100
10/17/2025,DKHH,98,98,83,83,58984000
10/17/2025,DKHH-W,20,21,16,17,37679300
10/17/2025,DLTA,1965,1970,1960,1970,14000
10/17/2025,DMAS,133,134,131,133,46034300
10/17/2025,DMMX,370,380,362,368,1454600
10/17/2025,DMND,585,590,575,575,35500
10/17/2025,DNAR,116,116,111,113,1001600
10/17/2025,DNET,9400,9400,9150,9150,5400
10/17/2025,DOID,326,328,310,314,16412800
10/17/2025,DOOH,153,154,135,135,79399300
10/17/2025,DOSS,155,160,142,148,2871100
10/17/2025,DPNS,292,292,278,286,412500
10/17/2025,DPUM,63,64,61,62,2422400
10/17/2025,DRMA,985,985,950,960,955500
10/17/2025,DSFI,88,88,82,84,10050600
10/17/2025,DSNG,1865,1880,1735,1800,38477500
10/17/2025,DSNGDRCK6A,100,100,99,99,16900
10/17/2025,DSNGHDCK6A,0,0,0,0,0
10/17/2025,DSNGZPCM6A,59,59,59,59,100000
10/17/2025,DSSA,114000,115500,98000,99150,3651000
10/17/2025,DUCK,0,0,0,0,0
10/17/2025,DUTI,4350,4350,4300,4300,800
10/17/2025,DVLA,1600,1620,1590,1590,24200
10/17/2025,DWGL,890,925,770,865,13019600
10/17/2025,DYAN,89,89,84,86,4258000
10/17/2025,EAST,93,93,92,92,879900
10/17/2025,ECII,185,185,175,179,713500
10/17/2025,EDGE,4730,4790,4300,4500,88600
10/17/2025,EKAD,181,182,179,180,124000
10/17/2025,ELIT,178,180,172,175,6973200
10/17/2025,ELPI,426,430,412,416,280000
10/17/2025,ELSA,488,490,476,478,24763600
10/17/2025,ELSADRCG6A,0,0,0,0,0
10/17/2025,ELSADRCJ6A,30,30,30,30,25700
10/17/2025,ELSAHDCK6A,35,35,35,35,200
10/17/2025,ELSAZPCG6A,27,27,26,26,23500
10/17/2025,ELTY,19,20,19,19,139292200
10/17/2025,EMAS,4650,4950,4590,4830,133775100
10/17/2025,EMDE,94,95,91,92,577000
10/17/2025,EMTK,1400,1405,1240,1245,155960200
10/17/2025,EMTKBQCH6A,52,52,34,34,800600
10/17/2025,EMTKBQCZ5A,0,0,0,0,0
10/17/2025,EMTKDRCK6A,73,73,58,58,247600
10/17/2025,EMTKHDCK6A,98,98,76,76,185900
10/17/2025,EMTKHDCZ5A,290,290,290,290,100
10/17/2025,EMTKYUCV5A,0,0,0,0,0
10/17/2025,EMTKZPCH6A,178,178,160,162,106200
10/17/2025,EMTKZPCM6A,60,60,49,49,530400
10/17/2025,ENAK,675,695,675,695,923500
10/17/2025,ENRG,1025,1025,885,900,192056900
10/17/2025,ENRGBQCZ5A,95,95,78,78,2200
10/17/2025,ENRGDRCG6A,49,49,34,36,1146200
10/17/2025,ENRGDRCJ6A,0,0,0,0,0
10/17/2025,ENRGHDCK6A,107,107,94,94,120800
10/17/2025,ENRGHDCZ5A,0,0,0,0,0
10/17/2025,ENRGZPCG6A,446,446,446,446,1400
10/17/2025,ENRGZPCK6A,57,57,48,48,320800
10/17/2025,ENVY,0,0,0,0,0
10/17/2025,ENZO,33,34,33,34,496400
10/17/2025,EPAC,26,26,26,26,2930400
10/17/2025,EPMT,2260,2260,2250,2260,5200
10/17/2025,ERAA,408,410,404,406,42798100
10/17/2025,ERAABQCZ5A,13,13,8,9,95600
10/17/2025,ERAADRCJ6A,7,8,7,8,4555600
10/17/2025,ERAAHDCZ5A,0,0,0,0,0
10/17/2025,ERAAZPCH6A,0,0,0,0,0
10/17/2025,ERAL,302,302,276,278,54742300
10/17/2025,ERTX,183,195,179,184,4209700
10/17/2025,ESIP,130,130,111,129,14203600
10/17/2025,ESSA,605,610,585,590,40294600
10/17/2025,ESSABQCZ5A,28,28,28,28,20000
10/17/2025,ESSADRCN6A,0,0,0,0,0
10/17/2025,ESSAHDCH6A,47,47,45,45,1709000
10/17/2025,ESSAYUCZ5A,29,29,29,29,100
10/17/2025,ESSAZPCK6A,15,15,15,15,701700
10/17/2025,ESTA,0,0,0,0,0
10/17/2025,ESTI,154,154,150,150,6241700
10/17/2025,ETWA,0,0,0,0,0
10/17/2025,EURO,535,535,535,535,8400
10/17/2025,EXCL,2490,2490,2380,2420,6089100
10/17/2025,EXCLHDCJ6A,19,19,16,17,83200
10/17/2025,EXCLZPCF6A,0,0,0,0,0
10/17/2025,EXCLZPCM6A,0,0,0,0,0
10/17/2025,FAPA,6150,6175,6125,6150,5200
10/17/2025,FAST,530,530,530,530,5732100
10/17/2025,FASW,0,0,0,0,0
10/17/2025,FILM,5000,5100,4760,4930,2363200
10/17/2025,FIMP,0,0,0,0,0
10/17/2025,FIRE,81,82,76,77,8273900
10/17/2025,FISH,2120,2120,1975,1975,50900
10/17/2025,FITT,1140,1190,980,980,1475400
10/17/2025,FLMC,157,169,142,159,9266600
10/17/2025,FMII,358,358,332,344,84200
10/17/2025,FOLK,0,0,0,0,0
10/17/2025,FOOD,206,220,206,220,154100
10/17/2025,FORE,540,550,515,535,12563600
10/17/2025,FORU,1075,1115,1040,1050,124800
10/17/2025,FPNI,189,190,183,184,519600
10/17/2025,FUJI,0,0,0,0,0
10/17/2025,FUTR,665,665,570,570,181725600
10/17/2025,FWCT,151,151,142,147,3210700
10/17/2025,GAMA,0,0,0,0,0
10/17/2025,GDST,113,121,111,113,9784800
10/17/2025,GDYR,1105,1105,1075,1080,54400
10/17/2025,GEMA,109,111,105,105,4651600
10/17/2025,GEMS,8850,8925,8825,8875,61600
10/17/2025,GGRM,11975,11975,11500,11550,1131000
10/17/2025,GGRMZPCG6A,87,91,82,84,1768300
10/17/2025,GGRP,226,228,220,222,280300
10/17/2025,GHON,1600,1675,1600,1670,3500
10/17/2025,GIAA,109,109,102,102,236848600
10/17/2025,GJTL,965,965,925,940,8060100
10/17/2025,GJTLZPCJ6A,0,0,0,0,0
10/17/2025,GLOB,90,108,90,108,66400
10/17/2025,GLVA,336,336,320,330,14800
10/17/2025,GMFI,99,99,91,91,8063500
10/17/2025,GMTD,2100,2110,2040,2040,3100
10/17/2025,GOLD,286,350,282,334,2412800
10/17/2025,GOLF,200,200,195,198,362400
10/17/2025,GOLL,0,0,0,0,0
10/17/2025,GOOD,368,372,366,368,184800
10/17/2025,GOTO,55,56,54,55,2350367900
10/17/2025,GOTOBQCJ6A,8,8,7,8,1565600
10/17/2025,GOTOBQCZ5A,4,4,3,3,6719900
10/17/2025,GOTODRCG6A,8,8,6,7,3200800
10/17/2025,GOTOHDCK6A,14,14,14,14,1300
10/17/2025,GOTOM,0,0,0,0,0
10/17/2025,GOTOZPCH6A,0,0,0,0,0
10/17/2025,GOTOZPCK6A,11,11,10,10,61400
10/17/2025,GPRA,129,129,127,128,55599700
10/17/2025,GPSO,1335,1335,1100,1100,21399100
10/17/2025,GRIA,106,111,103,104,3854100
10/17/2025,GRPH,69,69,64,65,5132100
10/17/2025,GRPM,60,62,59,59,2526200
10/17/2025,GRPM-W,17,18,15,16,6807400
10/17/2025,GSMF,91,91,84,86,1441900
10/17/2025,GTBO,230,230,218,222,393600
10/17/2025,GTRA,286,298,272,278,2192500
10/17/2025,GTSI,115,119,96,103,729435400
10/17/2025,GULA,540,550,452,472,16825300
10/17/2025,GUNA,238,244,236,242,220100
10/17/2025,GWSA,138,143,138,138,115000
10/17/2025,GZCO,390,450,356,366,1325338500
10/17/2025,HADE,25,25,25,25,2190000
10/17/2025,HAIS,204,206,192,198,6392800
10/17/2025,HAJJ,118,119,112,115,10407500
10/17/2025,HAJJ-W,17,17,15,16,4912400
10/17/2025,HALO,146,147,127,136,20595800
10/17/2025,HALO-W,19,20,18,19,6296400
10/17/2025,HATM,250,254,246,250,20077700
10/17/2025,HBAT,181,194,181,184,378900
10/17/2025,HDFA,156,157,151,155,290500
10/17/2025,HDIT,59,59,54,54,7557900
10/17/2025,HEAL,1570,1570,1515,1535,3127200
10/17/2025,HEALBQCZ5A,0,0,0,0,0
10/17/2025,HEALDRCJ6A,34,34,34,34,25000
10/17/2025,HEALHDCH6A,0,0,0,0,0
10/17/2025,HEALYUCZ5A,0,0,0,0,0
10/17/2025,HEALZPCH6A,0,0,0,0,0
10/17/2025,HELI,242,242,236,238,30500
10/17/2025,HERO,645,645,555,555,66400
10/17/2025,HEXA,4520,4530,4490,4490,329100
10/17/2025,HGII,167,168,159,164,11279800
10/17/2025,HILL,167,167,145,156,12754000
10/17/2025,HITS,0,0,0,0,0
10/17/2025,HKMU,0,0,0,0,0
10/17/2025,HMSP,695,700,665,675,54339300
10/17/2025,HOKI,77,78,74,74,79362300
10/17/2025,HOME,0,0,0,0,0
10/17/2025,HOMI,328,344,328,340,3511000
10/17/2025,HOPE,132,132,122,126,12383500
10/17/2025,HOTL,0,0,0,0,0
10/17/2025,HRME,42,47,42,45,869800
10/17/2025,HRTA,1695,1970,1430,1510,230023900
10/17/2025,HRUM,1200,1215,1070,1080,80239300
10/17/2025,HRUMDRCN6A,57,59,42,45,8026000
10/17/2025,HRUMHDCK6A,70,74,50,51,638500
10/17/2025,HRUMZPCG6A,78,78,60,60,1307000
10/17/2025,HRUMZPCM6A,46,46,34,34,166800
10/17/2025,HUMI,118,129,113,113,150209600
10/17/2025,HUMI-W,17,20,17,18,38388500
10/17/2025,HYGN,170,172,156,163,1832500
10/17/2025,IATA,73,73,71,71,6294500
10/17/2025,IATA-W,0,0,0,0,0
10/17/2025,IBFN,33,33,33,33,2776900
10/17/2025,IBOS,62,65,56,56,37132900
10/17/2025,IBST,0,0,0,0,0
10/17/2025,ICBP,9300,9400,9025,9400,8398300
10/17/2025,ICBPDRCX6A,3770,3770,3770,3770,100
10/17/2025,ICBPHDCJ6A,37,100,36,100,355600
10/17/2025,ICBPZPCX5A,12,13,12,13,456900
10/17/2025,ICON,46,46,45,45,139900
10/17/2025,IDEA,63,63,59,63,15729900
10/17/2025,IDPR,486,486,486,486,117700
10/17/2025,IFII,226,232,224,228,304500
10/17/2025,IFSH,785,785,780,780,8300
10/17/2025,IGAR,498,500,498,500,4100
10/17/2025,IIKP,0,0,0,0,0
10/17/2025,IKAI,17,17,17,17,11020600
10/17/2025,IKAN,107,127,104,111,51389300
10/17/2025,IKBI,505,505,484,494,97200
10/17/2025,IKPM,232,280,228,234,8206200
10/17/2025,IMAS,1120,1125,1060,1090,150800
10/17/2025,IMJS,242,242,230,232,8709300
10/17/2025,IMPC,2650,2650,2430,2480,49718800
10/17/2025,INAF,0,0,0,0,0
10/17/2025,INAI,154,154,149,150,93900
10/17/2025,INCF,49,49,48,48,844400
10/17/2025,INCI,605,615,605,605,65100
10/17/2025,INCO,4440,4440,4160,4220,9791900
10/17/2025,INCOBQCF6A,0,0,0,0,0
10/17/2025,INCOBQCJ6A,60,60,50,50,18700
10/17/2025,INCOBQCV5A,27,27,5,6,30240500
10/17/2025,INCODRCG6A,92,92,92,92,100
10/17/2025,INCODRCK6A,0,0,0,0,0
10/17/2025,INCODRCX5A,130,130,130,130,400
10/17/2025,INCOHDCJ6A,0,0,0,0,0
10/17/2025,INCOYUCZ5A,108,108,108,108,100
10/17/2025,INCOZPCK6A,53,53,51,51,18000
10/17/2025,INCOZPCX5A,0,0,0,0,0
10/17/2025,INDF,7150,7200,7075,7125,6505800
10/17/2025,INDFBQCV5A,2,2,1,2,1864500
10/17/2025,INDFDRCX6A,0,0,0,0,0
10/17/2025,INDFHDCJ6A,20,20,18,18,75700
10/17/2025,INDO,242,242,234,238,1670700
10/17/2025,INDR,3260,3260,3050,3080,27200
10/17/2025,INDS,228,230,222,222,320700
10/17/2025,INDX,180,180,161,161,5391800
10/17/2025,INDY,2500,2690,2470,2550,119595100
10/17/2025,INDYDRCN6A,154,180,154,166,2558300
10/17/2025,INDYHDCJ6A,314,316,312,316,172100
10/17/2025,INDYZPCG6A,164,172,155,163,72400
10/17/2025,INET,274,276,260,262,229387800
10/17/2025,INET-W,181,189,169,171,3263500
10/17/2025,INKP,7400,7425,7225,7250,6017600
10/17/2025,INKPBQCX5A,34,34,34,34,100
10/17/2025,INKPDRCF6A,0,0,0,0,0
10/17/2025,INKPDRCG6A,0,0,0,0,0
10/17/2025,INKPHDCK6A,0,0,0,0,0
10/17/2025,INKPZPCF6A,0,0,0,0,0
10/17/2025,INKPZPCK6A,30,30,29,29,100700
10/17/2025,INOV,100,102,98,98,2393800
10/17/2025,INPC,147,153,145,145,8197400
10/17/2025,INPP,675,675,635,650,70900
10/17/2025,INPS,138,138,125,125,2305600
10/17/2025,INRU,730,745,665,730,1123700
10/17/2025,INTA,48,48,46,46,1223700
10/17/2025,INTD,218,218,210,212,120900
10/17/2025,INTP,5975,6025,5850,5950,408700
10/17/2025,INTPDRCN6A,56,56,56,56,83200
10/17/2025,INTPHDCM6A,0,0,0,0,0
10/17/2025,INTPZPCG6A,42,42,42,42,2000
10/17/2025,INTPZPCM6A,0,0,0,0,0
10/17/2025,IOTF,88,88,83,83,32913200
10/17/2025,IPAC,0,0,0,0,0
10/17/2025,IPCC,1070,1085,1050,1055,2846000
10/17/2025,IPCM,308,310,304,306,561100
10/17/2025,IPOL,140,145,137,140,233400
10/17/2025,IPPE,0,0,0,0,0
10/17/2025,IPTV,42,42,41,41,10646900
10/17/2025,IRRA,438,446,430,430,1306200
10/17/2025,IRSX,250,250,222,222,17764200
10/17/2025,ISAP,36,37,32,33,73800300
10/17/2025,ISAP-W,22,22,17,18,100829000
10/17/2025,ISAT,1835,1845,1755,1755,11062000
10/17/2025,ISATBQCJ6A,35,35,35,35,9900
10/17/2025,ISATDRCG6A,28,28,28,28,100
10/17/2025,ISATDRCX5A,26,26,23,23,200
10/17/2025,ISATHDCJ6A,13,13,10,10,12187900
10/17/2025,ISATZPCF6A,19,19,19,19,100
10/17/2025,ISEA,82,84,80,80,3879300
10/17/2025,ISSP,406,410,392,396,1573300
10/17/2025,ITIC,356,360,306,306,5289600
10/17/2025,ITMA,1625,1625,1385,1500,1676400
10/17/2025,ITMG,22350,22350,22100,22225,1146100
10/17/2025,ITMGDRCV6A,142,142,142,142,2800
10/17/2025,ITMGHDCJ6A,0,0,0,0,0
10/17/2025,ITMGZPCJ6A,0,0,0,0,0
10/17/2025,JARR,4300,4490,4300,4300,22029400
10/17/2025,JAST,87,88,82,84,1843000
10/17/2025,JATI,115,115,106,106,3905900
10/17/2025,JAWA,158,160,149,149,5586500
10/17/2025,JAYA,100,102,99,101,1710400
10/17/2025,JECC,1180,1180,1120,1160,83800
10/17/2025,JGLE,18,18,17,17,57173000
10/17/2025,JIHD,580,580,555,570,916500
10/17/2025,JKON,82,83,81,83,5040500
10/17/2025,JMAS,145,146,143,144,510200
10/17/2025,JPFA,2360,2400,2360,2370,26288800
10/17/2025,JPFABQCZ5A,0,0,0,0,0
10/17/2025,JPFADRCJ6A,114,116,114,115,83300
10/17/2025,JPFAHDCZ5A,0,0,0,0,0
10/17/2025,JPFAZPCG6A,0,0,0,0,0
10/17/2025,JRPT,850,860,845,860,321100
10/17/2025,JSKY,0,0,0,0,0
10/17/2025,JSMR,3800,3810,3750,3760,5272200
10/17/2025,JSMRDRCK6A,76,76,76,76,1900
10/17/2025,JSMRHDCH6A,0,0,0,0,0
10/17/2025,JSMRZPCG6A,0,0,0,0,0
10/17/2025,JSPT,3430,3950,3410,3730,41700
10/17/2025,JTPE,332,332,326,330,736900
10/17/2025,KAEF,645,645,600,605,4661200
10/17/2025,KAQI,68,69,62,64,15272700
10/17/2025,KARW,505,505,500,500,90300
10/17/2025,KAYU,0,0,0,0,0
10/17/2025,KBAG,47,47,46,46,3386400
10/17/2025,KBLI,322,324,310,318,719000
10/17/2025,KBLM,360,364,350,360,155700
10/17/2025,KBLV,228,228,222,222,29174100
10/17/2025,KBRI,0,0,0,0,0
10/17/2025,KDSI,440,472,440,448,17400
10/17/2025,KDTN,113,114,105,108,422700
10/17/2025,KEEN,1040,1045,980,985,4899700
10/17/2025,KEJU,665,720,665,680,1774400
10/17/2025,KETR,640,650,545,545,19744200
10/17/2025,KIAS,0,0,0,0,0
10/17/2025,KICI,266,276,228,228,12900700
10/17/2025,KIJA,180,181,177,178,127455900
10/17/2025,KING,206,208,204,208,520000
10/17/2025,KING-W,13,13,11,12,6248800
10/17/2025,KINO,1220,1220,1160,1205,42100
10/17/2025,KIOS,79,79,68,69,32295500
10/17/2025,KJEN,210,212,178,183,9916300
10/17/2025,KKES,30,30,30,30,573500
10/17/2025,KKGI,392,394,362,374,13587400
10/17/2025,KLAS,128,131,125,125,8031400
10/17/2025,KLBF,1190,1190,1140,1190,92124900
10/17/2025,KLBFBQCJ6A,39,39,39,39,100
10/17/2025,KLBFBQCV5A,4,4,1,1,7668900
10/17/2025,KLBFDRCG6A,15,15,12,14,8566900
10/17/2025,KLBFHDCK6A,0,0,0,0,0
10/17/2025,KLBFZPCF6A,15,15,14,15,90400
10/17/2025,KLBFZPCJ6A,20,21,18,20,581900
10/17/2025,KLIN,172,187,171,182,1948700
10/17/2025,KMDS,640,640,630,630,3100
10/17/2025,KMTR,284,284,276,278,319700
10/17/2025,KOBX,152,153,147,148,3171400
10/17/2025,KOCI,87,88,80,80,11452200
10/17/2025,KOCI-W,17,18,16,16,2132900
10/17/2025,KOIN,77,77,77,77,118400
10/17/2025,KOKA,0,0,0,0,0
10/17/2025,KONI,2100,2600,1980,2470,580600
10/17/2025,KOPI,308,312,298,298,236300
10/17/2025,KOTA,31,31,27,27,16910700
10/17/2025,KPIG,163,163,148,150,100529700
10/17/2025,KRAS,330,332,304,304,32003600
10/17/2025,KREN,18,18,17,17,40278400
10/17/2025,KRYA,180,181,164,164,8245000
10/17/2025,KSIX,256,258,242,254,114600
10/17/2025,KUAS,69,69,64,66,5408900
10/17/2025,LABA,0,0,0,0,0
10/17/2025,LABS,144,144,140,141,1004400
10/17/2025,LAJU,72,73,63,67,22290700
10/17/2025,LAND,39,39,39,39,1438000
10/17/2025,LAPD,260,260,246,246,7814000
10/17/2025,LCGP,0,0,0,0,0
10/17/2025,LCKM,202,216,202,206,18300
10/17/2025,LEAD,83,83,75,76,47491700
10/17/2025,LFLO,360,390,330,390,90500
10/17/2025,LIFE,10150,10150,9900,9925,2200
10/17/2025,LINK,2630,2630,2380,2380,20500
10/17/2025,LION,458,464,442,442,225200
10/17/2025,LIVE,175,190,172,173,17399600
10/17/2025,LMAS,0,0,0,0,0
10/17/2025,LMAX,76,76,68,69,2036800
10/17/2025,LMPI,150,151,144,145,369500
10/17/2025,LMSH,0,0,0,0,0
10/17/2025,LOPI,95,98,86,86,18961300
10/17/2025,LPCK,600,600,555,565,882800
10/17/2025,LPGI,660,690,600,625,363800
10/17/2025,LPIN,460,460,436,450,436100
10/17/2025,LPKR,92,93,87,88,152709400
10/17/2025,LPLI,790,790,735,735,377100
10/17/2025,LPPF,1595,1615,1575,1590,1752700
10/17/2025,LPPS,154,156,131,135,11465600
10/17/2025,LRNA,180,180,175,175,80300
10/17/2025,LSIP,1385,1385,1330,1350,11559000
10/17/2025,LSIPDRCK6A,0,0,0,0,0
10/17/2025,LSIPHDCJ6A,0,0,0,0,0
10/17/2025,LSIPYUCZ5A,51,51,51,51,100
10/17/2025,LSIPZPCG6A,0,0,0,0,0
10/17/2025,LTLS,845,845,835,840,4700
10/17/2025,LUCK,97,97,90,93,1695600
10/17/2025,LUCY,101,110,101,110,935700
10/17/2025,MABA,0,0,0,0,0
10/17/2025,MAGP,0,0,0,0,0
10/17/2025,MAHA,142,143,138,138,5867000
10/17/2025,MAIN,735,770,735,760,9609300
10/17/2025,MANG,63,69,63,69,8433300
10/17/2025,MANG-W,25,27,24,25,17639900
10/17/2025,MAPA,605,605,580,600,22196600
10/17/2025,MAPABQCZ5A,11,11,10,10,5665200
10/17/2025,MAPADRCJ6A,15,15,12,12,1434700
10/17/2025,MAPAHDCZ5A,18,19,17,19,252400
10/17/2025,MAPAZPCH6A,0,0,0,0,0
10/17/2025,MAPB,1590,1625,1560,1615,14300
10/17/2025,MAPI,1250,1290,1235,1265,55258200
10/17/2025,MAPIBQCV5A,1,2,1,1,9252800
10/17/2025,MAPIDRCX5A,14,17,14,16,3482400
10/17/2025,MAPIHDCK6A,82,82,81,81,25000
10/17/2025,MAPIZPCJ6A,55,55,53,55,738700
10/17/2025,MARI,38,38,37,37,436300
10/17/2025,MARK,645,645,630,635,1848300
10/17/2025,MASA,0,0,0,0,0
10/17/2025,MASB,3180,3180,3180,3180,100
10/17/2025,MAXI,56,57,54,55,17548800
10/17/2025,MAYA,236,238,228,228,5682800
10/17/2025,MBAP,1620,1630,1595,1600,378700
10/17/2025,MBMA,595,595,530,550,297479900
10/17/2025,MBMABQCX5A,39,40,27,30,922800
10/17/2025,MBMADRCG6A,29,29,18,21,14186900
10/17/2025,MBMADRCX5A,55,55,49,52,42200
10/17/2025,MBMADRPX5A,4,5,3,5,15965600
10/17/2025,MBMAHDCH6A,102,102,89,89,21700
10/17/2025,MBMAYUCK6A,119,119,118,118,200
10/17/2025,MBMAZPCK6A,33,34,30,30,2031600
10/17/2025,MBMAZPCX5A,110,110,110,110,3000
10/17/2025,MBSS,1420,1425,1315,1315,1597600
10/17/2025,MBTO,284,284,284,284,18044600
10/17/2025,MCAS,810,865,795,800,698300
10/17/2025,MCOL,3600,3600,3470,3570,49300
10/17/2025,MCOR,71,72,70,70,4469100
10/17/2025,MDIA,35,35,34,34,1765400
10/17/2025,MDIY,1060,1070,1025,1050,3212500
10/17/2025,MDKA,2420,2450,2320,2340,109521900
10/17/2025,MDKABQCV5A,91,91,86,86,82500
10/17/2025,MDKABQCX5B,21,22,20,22,2492000
10/17/2025,MDKADRCG6A,76,77,69,72,24200
10/17/2025,MDKADRCK6A,70,71,68,68,138700
10/17/2025,MDKADRCV5A,0,0,0,0,0
10/17/2025,MDKADRPX5A,0,0,0,0,0
10/17/2025,MDKAHDCZ5A,114,114,114,114,100
10/17/2025,MDKAHDPH6A,107,107,107,107,100
10/17/2025,MDKAHDPJ6A,55,57,55,57,250000
10/17/2025,MDKAYUCK6A,147,147,147,147,400
10/17/2025,MDKAZPCF6A,66,66,64,64,509000
10/17/2025,MDKI,190,190,183,185,1653500
10/17/2025,MDLA,242,242,234,236,3857400
10/17/2025,MDLN,63,63,60,60,16772400
10/17/2025,MDRN,54,54,54,54,16419900
10/17/2025,MEDC,1395,1400,1320,1345,42611600
10/17/2025,MEDCBQCV5A,43,43,9,9,1664300
10/17/2025,MEDCBQCX5B,25,27,22,22,19117600
10/17/2025,MEDCBQCZ5A,0,0,0,0,0
10/17/2025,MEDCDRCG6A,36,36,36,36,6000
10/17/2025,MEDCHDCH6A,95,95,95,95,60600
10/17/2025,MEDCZPCF6A,37,39,35,35,80300
10/17/2025,MEDS,76,76,69,70,17017100
10/17/2025,MEGA,3330,3330,3260,3310,600
10/17/2025,MEJA,0,0,0,0,0
10/17/2025,MEJA-W,0,0,0,0,0
10/17/2025,MENN,52,54,50,50,15784700
10/17/2025,MERI,218,220,210,212,2973000
10/17/2025,MERK,2890,2890,2800,2800,14500
10/17/2025,META,0,0,0,0,0
10/17/2025,MFMI,0,0,0,0,0
10/17/2025,MGLV,438,480,398,458,673600
10/17/2025,MGNA,38,38,36,36,734200
10/17/2025,MGNA-W,0,0,0,0,0
10/17/2025,MGRO,795,795,750,760,2654200
10/17/2025,MHKI,290,296,260,262,64795300
10/17/2025,MICE,484,492,482,484,49900
10/17/2025,MIDI,424,430,416,424,6748700
10/17/2025,MIKA,2600,2670,2520,2670,5655300
10/17/2025,MIKADRCV6A,0,0,0,0,0
10/17/2025,MIKAZPCG6A,31,33,30,30,60300
10/17/2025,MINA,195,196,170,172,256053300
10/17/2025,MINE,486,494,472,476,3880200
10/17/2025,MIRA,51,51,48,48,4607200
10/17/2025,MITI,352,352,310,314,7478300
10/17/2025,MKAP,360,362,352,354,746000
10/17/2025,MKNT,0,0,0,0,0
10/17/2025,MKPI,24575,24575,24500,24575,6000
10/17/2025,MKTR,146,146,135,136,2122700
10/17/2025,MKTR-W,6,7,4,4,30131700
10/17/2025,MLBI,5800,5825,5775,5775,201700
10/17/2025,MLIA,346,346,340,344,3146400
10/17/2025,MLPL,178,179,154,156,382120900
10/17/2025,MLPT,147000,147625,124950,124950,19600
10/17/2025,MMIX,444,444,398,420,5639800
10/17/2025,MMLP,555,560,555,560,9055000
10/17/2025,MNCN,270,270,262,264,22821200
10/17/2025,MNCNDRCN6A,31,31,31,31,5900
10/17/2025,MNCNHDCM6A,0,0,0,0,0
10/17/2025,MNCNZPCM6A,12,12,12,12,100000
10/17/2025,MOLI,356,388,330,340,31104900
10/17/2025,MORA,1165,1250,1100,1120,3745400
10/17/2025,MPIX,70,70,67,70,4516800
10/17/2025,MPIX-W,11,11,9,10,4669700
10/17/2025,MPMX,925,930,920,920,4192800
10/17/2025,MPOW,113,113,106,107,1184600
10/17/2025,MPPA,69,69,60,60,128732400
10/17/2025,MPRO,6425,6650,6425,6600,168000
10/17/2025,MPXL,200,202,190,190,5306300
10/17/2025,MRAT,458,466,412,428,1395400
10/17/2025,MREI,980,1000,900,900,603400
10/17/2025,MSIE,54,57,52,52,21431000
10/17/2025,MSIN,525,530,510,520,29292200
10/17/2025,MSJA,298,300,290,298,3230200
10/17/2025,MSKY,84,84,76,78,15022500
10/17/2025,MSTI,1580,1605,1540,1565,2910900
10/17/2025,MTDL,620,625,590,590,5533100
10/17/2025,MTEL,555,560,545,555,3743600
10/17/2025,MTELDRCK6A,18,18,18,18,100
10/17/2025,MTELHDCM6A,0,0,0,0,0
10/17/2025,MTELZPCM6A,0,0,0,0,0
10/17/2025,MTFN,16,16,15,15,211162400
10/17/2025,MTLA,412,452,412,436,155100
10/17/2025,MTMH,1285,1285,1260,1275,24600
10/17/2025,MTPS,68,68,67,67,2722100
10/17/2025,MTRA,0,0,0,0,0
10/17/2025,MTSM,0,0,0,0,0
10/17/2025,MTWI,348,348,346,348,62400
10/17/2025,MUTU,108,111,104,105,3061900
10/17/2025,MYOH,1670,1670,1650,1670,1500
10/17/2025,MYOR,2200,2220,2170,2190,7148400
10/17/2025,MYORDRCK6A,0,0,0,0,0
10/17/2025,MYORHDCM6A,51,51,51,51,185000
10/17/2025,MYORZPCH6A,0,0,0,0,0
10/17/2025,MYTX,0,0,0,0,0
10/17/2025,NAIK,116,118,109,110,21122900
10/17/2025,NAIK-W,24,24,20,21,2587800
10/17/2025,NANO,54,55,49,49,24159400
10/17/2025,NASA,38,39,35,39,2063100
10/17/2025,NASI,114,114,100,103,2859300
10/17/2025,NATO,142,145,142,145,48300
10/17/2025,NAYZ,146,146,121,146,14315200
10/17/2025,NCKL,1250,1260,1185,1220,91648000
10/17/2025,NCKLBQCM6A,0,0,0,0,0
10/17/2025,NCKLDRCK6A,60,60,56,58,377400
10/17/2025,NCKLHDCK6A,88,88,80,80,743900
10/17/2025,NCKLYUCZ5A,133,133,132,132,50000
10/17/2025,NCKLZPCJ6A,0,0,0,0,0
10/17/2025,NCKLZPCM6A,42,42,38,40,411300
10/17/2025,NELY,362,362,352,354,211500
10/17/2025,NEST,364,378,332,348,13640200
10/17/2025,NETV,112,117,106,108,5745400
10/17/2025,NFCX,1700,1700,1580,1650,209400
10/17/2025,NICE,424,428,410,426,3451300
10/17/2025,NICK,1215,1245,1165,1245,9700
10/17/2025,NICL,1125,1125,995,1040,14738600
10/17/2025,NIKL,420,460,376,378,27533600
10/17/2025,NINE,0,0,0,0,0
10/17/2025,NIRO,121,121,119,120,98500
10/17/2025,NISP,1340,1345,1325,1330,3936000
10/17/2025,NOBU,505,510,492,494,7977600
10/17/2025,NPGF,60,60,57,58,14111500
10/17/2025,NRCA,770,775,700,755,14886800
10/17/2025,NSSS,570,570,505,560,9000100
10/17/2025,NTBK,0,0,0,0,0
10/17/2025,NUSA,0,0,0,0,0
10/17/2025,NZIA,108,108,99,107,1794400
10/17/2025,OASA,290,292,274,276,76594700
10/17/2025,OBAT,510,515,484,498,4069800
10/17/2025,OBAT-W,140,149,139,145,928200
10/17/2025,OBMD,256,272,248,250,1103000
10/17/2025,OCAP,0,0,0,0,0
10/17/2025,OILS,204,204,193,195,4575500
10/17/2025,OKAS,159,160,151,154,6839600
10/17/2025,OLIV,138,138,138,138,17003500
10/17/2025,OMED,197,200,195,197,698500
10/17/2025,OMRE,476,476,476,476,1000
10/17/2025,OPMS,97,99,83,83,21598000
10/17/2025,PACK,2390,2390,2390,2390,2789900
10/17/2025,PADA,91,91,91,91,26270700
10/17/2025,PADI,82,82,75,79,6260300
10/17/2025,PALM,390,390,374,374,647800
10/17/2025,PAMG,67,67,61,61,7529600
10/17/2025,PANI,14150,14150,13900,14050,6344000
10/17/2025,PANIBQCZ5A,34,34,31,32,91800
10/17/2025,PANIDRCG6A,75,75,73,75,236600
10/17/2025,PANIHDCJ6A,102,106,102,105,113200
10/17/2025,PANIHDCZ5A,140,144,139,144,23100
10/17/2025,PANIZPCJ6A,70,70,67,67,43300
10/17/2025,PANR,635,645,610,645,4138200
10/17/2025,PANS,1375,1380,1360,1365,208700
10/17/2025,PART,114,118,111,116,122417600
10/17/2025,PART-W,18,18,15,16,53895300
10/17/2025,PBID,484,486,480,480,266500
10/17/2025,PBRX,35,35,32,32,10246100
10/17/2025,PBSA,885,890,865,880,4188200
10/17/2025,PCAR,32,33,32,33,4634900
10/17/2025,PDES,600,630,600,620,128600
10/17/2025,PDPP,412,412,392,400,80800
10/17/2025,PEGE,133,136,125,125,4833500
10/17/2025,PEHA,336,336,320,322,87100
10/17/2025,PEVE,450,490,450,476,1224200
10/17/2025,PGAS,1610,1625,1605,1620,26239900
10/17/2025,PGASBQCZ5A,0,0,0,0,0
10/17/2025,PGASDRCG6A,49,49,49,49,100
10/17/2025,PGASDRCG6B,0,0,0,0,0
10/17/2025,PGASHDCK6A,55,55,55,55,100
10/17/2025,PGASZPCJ6A,0,0,0,0,0
10/17/2025,PGEO,1330,1335,1210,1270,130458700
10/17/2025,PGEOBQCX5B,7,7,3,5,20227700
10/17/2025,PGEODRCJ6A,30,30,23,24,1076100
10/17/2025,PGEOHDCH6A,35,35,29,29,74700
10/17/2025,PGEOHDCH6B,45,45,38,38,660000
10/17/2025,PGEOHDPH6A,0,0,0,0,0
10/17/2025,PGEOYUCK6A,77,77,70,70,640200
10/17/2025,PGEOZPCJ6A,0,0,0,0,0
10/17/2025,PGEOZPCM6A,42,42,35,37,264100
10/17/2025,PGJO,890,975,890,975,1434800
10/17/2025,PGLI,270,318,256,300,12507700
10/17/2025,PGUN,17300,17300,17300,17300,38200
10/17/2025,PICO,262,262,222,232,2867800
10/17/2025,PIPA,414,414,414,414,22049600
10/17/2025,PJAA,540,545,525,535,99600
10/17/2025,PKPK,570,590,535,570,173300
10/17/2025,PLAN,47,51,44,44,9573200
10/17/2025,PLAS,0,0,0,0,0
10/17/2025,PLIN,0,0,0,0,0
10/17/2025,PMJS,117,117,114,117,18200
10/17/2025,PMMP,0,0,0,0,0
10/17/2025,PMUI,143,145,137,140,9075400
10/17/2025,PNBN,1015,1015,990,995,5940500
10/17/2025,PNBS,51,52,50,50,16437100
10/17/2025,PNGO,3540,4000,3370,3720,1434700
10/17/2025,PNIN,770,775,760,765,721200
10/17/2025,PNLF,228,230,224,226,66295900
10/17/2025,PNLFBQCM6A,18,18,16,17,6553300
10/17/2025,PNLFDRCJ6A,9,9,9,9,155000
10/17/2025,PNLFHDCZ5A,0,0,0,0,0
10/17/2025,PNLFYUCV5A,0,0,0,0,0
10/17/2025,PNLFZPCH6A,0,0,0,0,0
10/17/2025,PNSE,730,795,730,735,725700
10/17/2025,POLA,36,36,33,33,3835600
10/17/2025,POLI,0,0,0,0,0
10/17/2025,POLL,0,0,0,0,0
10/17/2025,POLU,29825,31000,26350,26350,48100
10/17/2025,POLY,24,24,22,22,216500
10/17/2025,POOL,0,0,0,0,0
10/17/2025,PORT,2000,2030,1390,1390,858000
10/17/2025,POSA,0,0,0,0,0
10/17/2025,POWR,695,700,690,695,3716700
10/17/2025,PPGL,121,125,111,115,1069500
10/17/2025,PPRE,86,87,80,81,6822500
10/17/2025,PPRI,426,426,368,406,30271600
10/17/2025,PPRO,0,0,0,0,0
10/17/2025,PRAY,750,750,725,750,10800
10/17/2025,PRDA,2620,2620,2510,2510,63900
10/17/2025,PRIM,81,82,77,77,10071800
10/17/2025,PSAB,640,755,630,710,1342807900
10/17/2025,PSAT,1345,1350,1315,1335,1346400
10/17/2025,PSDN,138,146,111,111,100302000
10/17/2025,PSGO,286,290,258,262,5692000
10/17/2025,PSKT,125,125,116,116,42418700
10/17/2025,PSSI,344,346,340,340,508900
10/17/2025,PTBA,2210,2220,2170,2210,13410100
10/17/2025,PTBABQCV5A,2,3,2,3,29800
10/17/2025,PTBADRCG6A,18,18,13,13,65700
10/17/2025,PTBAHDCM6A,44,44,41,41,9200
10/17/2025,PTBAYUCZ5A,57,57,55,55,700
10/17/2025,PTBAZPCH6A,0,0,0,0,0
10/17/2025,PTDU,0,0,0,0,0
10/17/2025,PTIS,410,412,398,398,59300
10/17/2025,PTMP,87,87,81,83,6705600
10/17/2025,PTMR,0,0,0,0,0
10/17/2025,PTPP,378,380,358,358,17776200
10/17/2025,PTPS,234,234,204,210,87798200
10/17/2025,PTPW,920,920,920,920,15300
10/17/2025,PTRO,7075,7100,6575,6650,80748000
10/17/2025,PTRODRCG6A,194,202,171,186,1207100
10/17/2025,PTROHDCK6A,362,362,328,346,135300
10/17/2025,PTROYUCK6A,362,362,340,350,3400
10/17/2025,PTROZPCK6A,180,184,165,170,99300
10/17/2025,PTSN,450,456,426,432,1749200
10/17/2025,PTSP,955,955,915,915,5600
10/17/2025,PUDP,615,705,545,645,752300
10/17/2025,PURA,29,29,29,29,4219500
10/17/2025,PURE,0,0,0,0,0
10/17/2025,PURI,280,336,258,280,17854100
10/17/2025,PWON,354,354,348,350,41337500
10/17/2025,PWONDRCN6A,27,27,27,27,1000
10/17/2025,PWONHDCZ5A,53,53,50,50,30000
10/17/2025,PWONZPCH6A,26,26,26,26,1000
10/17/2025,PYFA,565,570,494,510,119061100
10/17/2025,PYFA-W,117,119,112,114,1024400
10/17/2025,PZZA,250,260,246,246,2966300
10/17/2025,RAAM,288,290,256,260,14169500
10/17/2025,R-ABFII,0,0,0,0,0
10/17/2025,RAFI,19,19,19,19,4001700
10/17/2025,RAJA,4860,4930,4340,4450,120756400
10/17/2025,RAJADRCG6A,276,276,204,220,1942900
10/17/2025,RAJAHDCK6A,242,246,199,212,1694300
10/17/2025,RAJAZPCK6A,117,126,98,109,585700
10/17/2025,RALS,392,392,386,390,2638300
10/17/2025,RANC,730,730,730,730,1099100
10/17/2025,RATU,8800,8800,7525,7600,56336100
10/17/2025,RBMS,38,39,38,39,174200
10/17/2025,RCCC,242,242,230,242,121900
10/17/2025,RDTX,11850,11850,11600,11600,5300
10/17/2025,REAL,67,68,63,64,42569600
10/17/2025,RELF,43,45,39,40,23572600
10/17/2025,RELI,650,650,625,625,47100
10/17/2025,RGAS,94,98,91,94,31652600
10/17/2025,RICY,70,70,68,68,118000
10/17/2025,RIGS,795,800,770,790,39300
10/17/2025,RIMO,0,0,0,0,0
10/17/2025,RISE,6100,6100,6100,6100,276300
10/17/2025,R-LQ45X,952,952,945,945,8300
10/17/2025,RMKE,0,0,0,0,0
10/17/2025,RMKO,0,0,0,0,0
10/17/2025,ROCK,0,0,0,0,0
10/17/2025,RODA,39,41,39,41,129600
10/17/2025,RONY,3330,3330,3000,3010,27900
10/17/2025,ROTI,790,790,780,790,337700
10/17/2025,RSCH,350,396,342,374,17282900
10/17/2025,RSGK,0,0,0,0,0
10/17/2025,RUIS,195,197,191,194,477400
10/17/2025,RUNS,92,95,87,91,1122300
10/17/2025,SAFE,189,192,186,187,669900
10/17/2025,SAGE,36,36,35,35,3036200
10/17/2025,SAME,310,310,298,304,1491900
10/17/2025,SAMF,318,318,310,316,820800
10/17/2025,SAPX,294,298,284,292,402500
10/17/2025,SATU,246,246,240,244,4521500
10/17/2025,SBAT,0,0,0,0,0
10/17/2025,SBMA,135,135,130,132,2808300
10/17/2025,SCCO,2320,2360,2300,2330,121000
10/17/2025,SCMA,394,396,356,358,246611200
10/17/2025,SCMABQCZ5A,0,0,0,0,0
10/17/2025,SCMADRCG6A,28,28,27,27,295100
10/17/2025,SCMADRCK6A,0,0,0,0,0
10/17/2025,SCMAHDCK6A,66,66,51,52,144400
10/17/2025,SCMAHDCZ5A,0,0,0,0,0
10/17/2025,SCMAYUCK6A,93,93,93,93,100
10/17/2025,SCMAZPCG6A,216,216,216,216,1800
10/17/2025,SCMAZPCM6A,60,60,54,55,293600
10/17/2025,SCNP,168,226,161,187,11315000
10/17/2025,SCPI,0,0,0,0,0
10/17/2025,SDMU,78,78,77,77,7652900
10/17/2025,SDPC,139,139,132,134,146100
10/17/2025,SDRA,286,290,280,282,564600
10/17/2025,SEMA,96,97,95,97,514100
10/17/2025,SFAN,1920,1920,1910,1910,63000
10/17/2025,SGER,376,416,370,412,1012679600
10/17/2025,SGRO,5225,5275,5025,5125,1732800
10/17/2025,SHID,885,900,870,875,10700
10/17/2025,SHIP,5550,5550,5150,5425,81400
10/17/2025,SICO,126,129,124,125,3168500
10/17/2025,SIDO,540,545,530,540,23074000
10/17/2025,SIDODRCK6A,0,0,0,0,0
10/17/2025,SIDOZPCM6A,0,0,0,0,0
10/17/2025,SILO,1895,1900,1845,1850,1198000
10/17/2025,SIMA,0,0,0,0,0
10/17/2025,SIMP,650,655,610,615,31344500
10/17/2025,SINI,5000,5000,4950,4950,15500
10/17/2025,SIPD,705,705,700,700,5100
10/17/2025,SKBM,440,550,428,438,3792500
10/17/2025,SKLT,197,230,191,195,3300500
10/17/2025,SKRN,630,645,605,625,339600
10/17/2025,SKYB,0,0,0,0,0
10/17/2025,SLIS,87,88,81,81,12864900
10/17/2025,SLIS-W,17,17,16,16,1273100
10/17/2025,SMAR,5300,5450,4950,4990,422300
10/17/2025,SMBR,268,270,250,250,14163700
10/17/2025,SMCB,0,0,0,0,0
10/17/2025,SMDM,895,900,840,865,381000
10/17/2025,SMDR,296,298,292,294,13385300
10/17/2025,SMGA,105,108,104,105,71194200
10/17/2025,SMGR,2400,2430,2380,2390,5295800
10/17/2025,SMGRBQCX5B,18,18,18,18,100000
10/17/2025,SMGRBQCZ5A,7,7,5,5,1142500
10/17/2025,SMGRDRCG6A,26,26,26,26,335800
10/17/2025,SMGRDRCV5A,0,0,0,0,0
10/17/2025,SMGRHDCZ5A,44,44,43,43,300
10/17/2025,SMGRZPCJ6A,0,0,0,0,0
10/17/2025,SMIL,590,590,545,555,84528200
10/17/2025,SMKL,167,169,165,169,123100
10/17/2025,SMKM,186,188,168,170,31889100
10/17/2025,SMLE,340,374,292,344,47307700
10/17/2025,SMMA,13725,13825,12700,13800,26800
10/17/2025,SMMT,1360,1405,1335,1340,266900
10/17/2025,SMRA,386,390,378,380,42554200
10/17/2025,SMRADRCG6A,31,31,31,31,100
10/17/2025,SMRADRCJ6A,0,0,0,0,0
10/17/2025,SMRAHDCZ5A,0,0,0,0,0
10/17/2025,SMRAZPCH6A,0,0,0,0,0
10/17/2025,SMRU,0,0,0,0,0
10/17/2025,SMSM,1800,1800,1765,1790,691200
10/17/2025,SNLK,412,420,408,414,11253500
10/17/2025,SOCI,212,226,206,216,20128800
10/17/2025,SOFA,0,0,0,0,0
10/17/2025,SOHO,1185,1285,1110,1215,312400
10/17/2025,SOLA,151,151,129,130,98389300
10/17/2025,SONA,2980,3150,2920,2950,137900
10/17/2025,SOSS,1095,1335,1095,1250,1397700
10/17/2025,SOTS,350,360,338,350,107400
10/17/2025,SOUL,85,92,79,82,2623900
10/17/2025,SPMA,356,366,340,348,1251600
10/17/2025,SPRE,92,109,92,104,2259900
10/17/2025,SPTO,640,640,630,635,467500
10/17/2025,SQMI,0,0,0,0,0
10/17/2025,SRAJ,11325,11500,11300,11500,346400
10/17/2025,SRIL,0,0,0,0,0
10/17/2025,SRSN,70,70,64,67,59105800
10/17/2025,SRTG,1630,1645,1560,1560,8492100
10/17/2025,SRTGDRCK6A,0,0,0,0,0
10/17/2025,SRTGHDCK6A,63,63,58,58,211100
10/17/2025,SRTGZPCG6A,62,62,57,58,72700
10/17/2025,SRTGZPCK6A,30,30,28,28,50000
10/17/2025,SSIA,1820,1880,1735,1775,36283000
10/17/2025,SSMS,1790,1790,1620,1650,9342300
10/17/2025,SSTM,288,302,280,282,314300
10/17/2025,STAA,1770,1805,1695,1735,23209400
10/17/2025,STAR,73,73,73,73,164100
10/17/2025,STRK,186,186,159,159,29162900
10/17/2025,STTP,10200,10200,10100,10100,500
10/17/2025,SUGI,0,0,0,0,0
10/17/2025,SULI,147,150,138,149,2334100
10/17/2025,SUNI,810,815,805,805,161400
10/17/2025,SUPR,0,0,0,0,0
10/17/2025,SURE,2610,2630,2540,2600,2100
10/17/2025,SURI,105,105,96,96,18901100
10/17/2025,SWAT,0,0,0,0,0
10/17/2025,SWID,90,90,87,89,692400
10/17/2025,TALF,410,450,402,402,57000
10/17/2025,TAMA,31,31,31,31,852400
10/17/2025,TAMU,29,29,27,27,6446000
10/17/2025,TAPG,1930,1950,1840,1850,18196300
10/17/2025,TAPGDRCG6A,0,0,0,0,0
10/17/2025,TAPGDRCJ6A,139,139,136,136,116500
10/17/2025,TAPGHDCH6A,0,0,0,0,0
10/17/2025,TAPGZPCH6A,153,155,153,155,93100
10/17/2025,TAPGZPCM6A,55,55,49,50,7900
10/17/2025,TARA,28,28,28,28,2671100
10/17/2025,TAXI,16,16,15,15,191168200
10/17/2025,TAYS,77,78,68,69,35009100
10/17/2025,TBIG,1860,2020,1820,1960,1396900
10/17/2025,TBLA,745,745,715,725,7429300
10/17/2025,TBMS,1540,1550,1490,1505,98700
10/17/2025,TCID,3090,3170,3060,3060,27000
10/17/2025,TCPI,6450,6450,6200,6325,7559500
10/17/2025,TDPM,0,0,0,0,0
10/17/2025,TEBE,2700,3120,2670,2670,45552900
10/17/2025,TECH,0,0,0,0,0
10/17/2025,TELE,0,0,0,0,0
10/17/2025,TFAS,348,358,296,330,5238900
10/17/2025,TFCO,500,500,500,500,100
10/17/2025,TGKA,5325,5450,5300,5450,1600
10/17/2025,TGRA,0,0,0,0,0
10/17/2025,TGUK,0,0,0,0,0
10/17/2025,TIFA,410,410,392,408,35900
10/17/2025,TINS,0,0,0,0,0
10/17/2025,TIRA,1455,1480,1400,1430,29800
10/17/2025,TIRT,0,0,0,0,0
10/17/2025,TKIM,6875,6950,6750,6925,1892200
10/17/2025,TKIMDRCN6A,0,0,0,0,0
10/17/2025,TKIMHDCJ6A,0,0,0,0,0
10/17/2025,TKIMZPCG6A,0,0,0,0,0
10/17/2025,TKIMZPCK6A,0,0,0,0,0
10/17/2025,TLDN,875,885,780,815,2748300
10/17/2025,TLKM,2950,2960,2850,2880,82482200
10/17/2025,TLKMBQCG6A,37,37,34,36,6036000
10/17/2025,TLKMBQCJ6A,0,0,0,0,0
10/17/2025,TLKMBQCV5A,6,6,4,4,422700
10/17/2025,TLKMDRCJ6A,60,60,55,60,3800
10/17/2025,TLKMDRCX6A,0,0,0,0,0
10/17/2025,TLKMHDCJ6A,35,35,31,31,39100
10/17/2025,TLKMHDCV5A,0,0,0,0,0
10/17/2025,TLKMYUCK6A,89,89,89,89,200000
10/17/2025,TLKMZPCF6A,0,0,0,0,0
10/17/2025,TLKMZPCM6A,0,0,0,0,0
10/17/2025,TMAS,129,130,127,128,2111700
10/17/2025,TMPO,166,169,161,162,2462500
10/17/2025,TNCA,224,270,222,246,16322100
10/17/2025,TOBA,1195,1205,1045,1095,152638700
10/17/2025,TOOL,65,65,55,61,4650600
10/17/2025,TOPS,0,0,0,0,0
10/17/2025,TOSK,80,81,71,73,63297800
10/17/2025,TOTL,870,895,855,875,8149300
10/17/2025,TOTO,272,272,262,268,1266400
10/17/2025,TOWR,560,565,535,545,18808500
10/17/2025,TOWRDRCN6A,20,21,18,18,6468100
10/17/2025,TOWRHDCK6A,0,0,0,0,0
10/17/2025,TOYS,0,0,0,0,0
10/17/2025,TPIA,7150,7200,6825,6925,10986500
10/17/2025,TPMA,560,565,555,560,3213100
10/17/2025,TRAM,0,0,0,0,0
10/17/2025,TRGU,175,176,172,176,142300
10/17/2025,TRIL,0,0,0,0,0
10/17/2025,TRIM,520,525,486,496,1207300
10/17/2025,TRIN,0,0,0,0,0
10/17/2025,TRIN-W2,0,0,0,0,0
10/17/2025,TRIO,0,0,0,0,0
10/17/2025,TRIS,179,179,176,178,52900
10/17/2025,TRJA,162,165,158,160,3983000
10/17/2025,TRON,80,80,75,76,6490500
10/17/2025,TRST,470,484,466,484,31900
10/17/2025,TRUE,102,111,102,104,38776400
10/17/2025,TRUK,300,324,256,264,4902500
10/17/2025,TRUS,420,440,420,430,12100
10/17/2025,TSPC,2570,2610,2540,2570,1568000
10/17/2025,TUGU,1000,1005,990,1000,2264800
10/17/2025,TYRE,124,124,120,121,1040700
10/17/2025,UANG,3290,3310,2780,2790,3980500
10/17/2025,UCID,446,452,444,446,1037200
10/17/2025,UDNG,2090,2290,1910,2220,1252900
10/17/2025,UFOE,214,218,198,199,4187700
10/17/2025,ULTJ,1320,1335,1295,1325,4013100
10/17/2025,UNIC,8225,8225,8025,8175,1000
10/17/2025,UNIQ,360,364,336,352,32546900
10/17/2025,UNIT,0,0,0,0,0
10/17/2025,UNSP,170,170,159,162,4171800
10/17/2025,UNTD,86,86,81,82,12765500
10/17/2025,UNTR,25975,27200,25975,26950,7298900
10/17/2025,UNTRBQCV5A,98,99,85,99,145900
10/17/2025,UNTRDRCG6A,171,178,171,178,5500
10/17/2025,UNTRHDCM6A,170,177,170,177,5400
10/17/2025,UNTRZPCJ6A,168,168,167,167,200
10/17/2025,UNVR,1985,1995,1885,1900,51732500
10/17/2025,UNVRBQCZ5A,93,93,85,88,7000
10/17/2025,UNVRDRCG6A,59,63,53,53,330500
10/17/2025,UNVRHDCM6A,0,0,0,0,0
10/17/2025,UNVRHDPG6A,61,63,61,63,887400
10/17/2025,UNVRZPCH6A,64,100,56,100,712200
10/17/2025,UNVRZPCM6A,0,0,0,0,0
10/17/2025,URBN,140,143,136,140,34000
10/17/2025,UVCR,68,68,58,61,8097100
10/17/2025,VAST,151,154,150,151,360700
10/17/2025,VAST-W,13,13,12,12,2145100
10/17/2025,VERN,127,127,118,119,2544500
10/17/2025,VICI,615,615,605,610,78000
10/17/2025,VICO,180,208,178,180,16765100
10/17/2025,VINS,143,180,139,151,26123300
10/17/2025,VISI,191,192,172,185,13759300
10/17/2025,VIVA,31,31,28,28,19442900
10/17/2025,VKTR,274,274,270,270,36656000
10/17/2025,VOKS,278,290,274,276,174600
10/17/2025,VRNA,82,82,79,80,150300
10/17/2025,VTNY,96,97,92,92,11044400
10/17/2025,WAPO,166,183,163,174,17769800
10/17/2025,WEGE,66,66,59,61,33239000
10/17/2025,WEHA,112,112,108,108,1187700
10/17/2025,WGSH,234,250,222,240,3579200
10/17/2025,WICO,0,0,0,0,0
10/17/2025,WIDI,38,38,35,35,7016000
10/17/2025,WIFI,3240,3250,2770,2770,302238000
10/17/2025,WIIM,1070,1075,980,1000,20454600
10/17/2025,WIKA,0,0,0,0,0
10/17/2025,WINE,197,198,193,194,2913000
10/17/2025,WINR,36,36,33,33,18940800
10/17/2025,WINS,436,436,412,414,1927200
10/17/2025,WIRG,128,129,116,116,424273900
10/17/2025,WMPP,0,0,0,0,0
10/17/2025,WMUU,33,33,30,30,131918500
10/17/2025,WOMF,330,332,326,328,54300
10/17/2025,WOOD,480,488,454,462,5198100
10/17/2025,WOWS,74,76,70,70,30270100
10/17/2025,WSBP,25,26,25,26,53096300
10/17/2025,WSKT,0,0,0,0,0
10/17/2025,WTON,99,99,95,96,16914500
10/17/2025,XAQA,0,0,0,0,0
10/17/2025,XBES,0,0,0,0,0
10/17/2025,XBID,495,495,493,493,40500
10/17/2025,XBIG,0,0,0,0,0
10/17/2025,XBIN,559,559,559,559,40000
10/17/2025,XBLQ,0,0,0,0,0
10/17/2025,XBNI,0,0,0,0,0
10/17/2025,XBSK,425,425,425,425,40000
10/17/2025,XCEG,102,102,101,101,900
10/17/2025,XCID,52,54,49,50,195100
10/17/2025,XCIS,88,88,83,83,15600
10/17/2025,XCLQ,76,87,76,84,18800
10/17/2025,XDIF,0,0,0,0,0
10/17/2025,XIFE,90,100,90,100,400
10/17/2025,XIHD,595,596,590,596,7800
10/17/2025,XIIC,0,0,0,0,0
10/17/2025,XIID,0,0,0,0,0
10/17/2025,XIIF,431,432,430,432,48500
10/17/2025,XIIT,515,515,500,500,14200
10/17/2025,XIJI,675,675,660,660,7900
10/17/2025,XILV,81,121,81,96,7700
10/17/2025,XIML,222,222,222,222,100
10/17/2025,XIPB,220,220,174,185,35800
10/17/2025,XIPI,205,205,204,204,2300
10/17/2025,XISB,0,0,0,0,0
10/17/2025,XISC,675,980,675,940,38700
10/17/2025,XISI,0,0,0,0,0
10/17/2025,XISR,423,423,423,423,2300
10/17/2025,XKID,914,914,914,914,100
10/17/2025,XKIV,581,581,580,580,40100
10/17/2025,XKMS,1106,1106,1092,1097,200100
10/17/2025,XMGB,1139,1139,1139,1139,1000
10/17/2025,XMIG,206,206,204,204,200100
10/17/2025,XMLF,860,860,848,848,40700
10/17/2025,XMSK,368,368,368,368,100
10/17/2025,XNVE,0,0,0,0,0
10/17/2025,XPDV,0,0,0,0,0
10/17/2025,XPFT,0,0,0,0,0
10/17/2025,XPIN,619,619,618,618,300
10/17/2025,XPLQ,0,0,0,0,0
10/17/2025,XPSG,0,0,0,0,0
10/17/2025,XPTD,459,459,459,459,100
10/17/2025,XSBC,98,98,98,98,100000
10/17/2025,XSPI,0,0,0,0,0
10/17/2025,XSSI,86,87,86,87,78100
10/17/2025,XSSK,661,661,661,661,20000
10/17/2025,YELO,65,65,60,60,11037000
10/17/2025,YOII,101,102,98,100,2907500
10/17/2025,YPAS,448,492,406,492,53000
10/17/2025,YULE,2700,2700,2700,2700,100
10/17/2025,YUPI,1710,1710,1690,1700,15500
10/17/2025,ZATA,67,67,59,59,48674400
10/17/2025,ZBRA,0,0,0,0,0
10/17/2025,ZINC,31,31,31,31,22547200
10/17/2025,ZONE,570,570,555,555,10600
10/17/2025,ZYRX,141,141,133,137,653600
