<date>,<ticker>,<open>,<high>,<low>,<close>,<volume>
8/5/2025,IHSG,7502.695,7546.940,7463.058,7515.185,274389019
8/5/2025,IDX30,0.000,0.000,0.000,0.000,0
8/5/2025,IDX80,0.000,0.000,0.000,0.000,0
8/5/2025,AADI,6800,7000,6800,6975,13128800
8/5/2025,AALI,6775,7025,6750,6900,1837100
8/5/2025,ABBA,37,37,36,37,130400
8/5/2025,ABDA,3400,3400,3400,3400,100
8/5/2025,ABMM,3030,3030,2980,2980,840500
8/5/2025,ACES,476,486,472,484,52434000
8/5/2025,ACESBQCV5A,3,3,3,3,132800
8/5/2025,ACESBQCX5B,0,0,0,0,0
8/5/2025,ACESDRCJ6A,20,20,20,20,100
8/5/2025,ACESDRCQ5A,3,3,1,2,95800
8/5/2025,ACESHDCZ5A,57,57,57,57,1100
8/5/2025,ACRO,70,71,67,68,13450300
8/5/2025,ACRO-W,7,8,6,7,1483900
8/5/2025,ACST,86,89,85,88,2054000
8/5/2025,ADCP,50,50,50,50,105900
8/5/2025,ADES,13525,14125,13500,14025,120400
8/5/2025,ADHI,266,266,252,260,26288600
8/5/2025,ADMF,9050,9125,9000,9050,42500
8/5/2025,ADMG,127,130,123,128,576400
8/5/2025,ADMR,1135,1140,1110,1115,20917000
8/5/2025,ADMRDRCJ6A,46,47,45,45,6500
8/5/2025,ADMRZPCH6A,69,69,69,69,36300
8/5/2025,ADRO,1900,1905,1860,1865,40393200
8/5/2025,ADROBQCU5A,21,22,21,22,3700
8/5/2025,ADROBQCZ5A,33,33,32,32,2000
8/5/2025,ADRODRCJ6A,78,78,78,78,100
8/5/2025,ADRODRCQ5A,1,2,1,2,311500
8/5/2025,ADRODRCQ5B,17,17,17,17,3000
8/5/2025,ADRODRCX5A,50,50,49,49,151000
8/5/2025,ADROHDCQ5A,3,3,3,3,700
8/5/2025,ADROHDCZ5A,0,0,0,0,0
8/5/2025,ADROZPCF6A,0,0,0,0,0
8/5/2025,AEGS,58,58,58,58,878000
8/5/2025,AGAR,286,300,250,270,2494200
8/5/2025,AGII,920,920,885,900,428100
8/5/2025,AGRO,212,214,208,210,11093700
8/5/2025,AGRS,65,65,63,65,1876100
8/5/2025,AHAP,64,65,63,64,3055100
8/5/2025,AIMS,354,376,354,376,56300
8/5/2025,AISA,125,126,118,125,16519800
8/5/2025,AKKU,0,0,0,0,0
8/5/2025,AKPI,585,590,585,585,6000
8/5/2025,AKRA,1310,1340,1300,1315,41352100
8/5/2025,AKRABQCX5B,0,0,0,0,0
8/5/2025,AKRADRCQ5A,8,9,8,8,584000
8/5/2025,AKRADRCX5A,44,44,43,43,42100
8/5/2025,AKRAHDCH6A,74,74,73,74,1500800
8/5/2025,AKRAHDCQ5A,24,24,20,20,600300
8/5/2025,AKRAZPCX5A,0,0,0,0,0
8/5/2025,AKSI,258,262,254,258,103300
8/5/2025,ALDO,492,500,492,500,54000
8/5/2025,ALII,575,590,570,570,3676000
8/5/2025,ALKA,300,302,300,302,11800
8/5/2025,ALMI,0,0,0,0,0
8/5/2025,ALTO,0,0,0,0,0
8/5/2025,AMAG,354,388,352,360,181700
8/5/2025,AMAN,115,115,109,113,5899600
8/5/2025,AMAR,210,216,206,212,2998600
8/5/2025,AMFG,3190,3190,3100,3110,62600
8/5/2025,AMIN,190,200,183,184,2381200
8/5/2025,AMMN,7250,7725,7250,7600,34622300
8/5/2025,AMMNBQCZ5A,40,46,39,46,40700
8/5/2025,AMMNDRCJ6A,63,67,63,66,20591400
8/5/2025,AMMNHDCH6A,94,99,94,98,15500
8/5/2025,AMMNZPCG6A,49,52,49,52,46500
8/5/2025,AMMS,105,106,96,105,3832500
8/5/2025,AMOR,510,515,505,505,16400
8/5/2025,AMRT,2290,2490,2290,2420,47010800
8/5/2025,AMRTBQCU5A,20,22,20,22,232200
8/5/2025,AMRTDRCQ5A,3,3,3,3,297700
8/5/2025,AMRTDRCZ5A,47,52,47,52,1600
8/5/2025,AMRTHDCQ5A,19,22,19,22,10100
8/5/2025,AMRTZPCX5A,69,69,69,69,51100
8/5/2025,ANDI,17,18,17,17,2524300
8/5/2025,ANJT,1760,1780,1760,1765,274000
8/5/2025,ANTM,2930,3050,2910,2940,151094800
8/5/2025,ANTMBQCU5A,0,0,0,0,0
8/5/2025,ANTMBQCX5A,69,76,69,74,17300
8/5/2025,ANTMBQCZ5A,0,0,0,0,0
8/5/2025,ANTMDRCG6A,51,52,48,48,390100
8/5/2025,ANTMDRCQ5A,260,260,250,250,1700
8/5/2025,ANTMDRCX5A,282,296,282,284,100800
8/5/2025,ANTMDRPU5A,0,0,0,0,0
8/5/2025,ANTMDRPU5B,25,25,24,24,20400
8/5/2025,ANTMHDCH6A,86,90,85,86,427100
8/5/2025,ANTMHDCH6B,0,0,0,0,0
8/5/2025,ANTMHDCQ5A,362,362,362,362,200
8/5/2025,ANTMHDCU5A,0,0,0,0,0
8/5/2025,ANTMYUCQ5A,342,342,342,342,200
8/5/2025,ANTMZPCX5A,199,199,187,187,30500
8/5/2025,APEX,132,132,125,126,19379800
8/5/2025,APIC,1095,1125,1080,1115,6095400
8/5/2025,APII,170,171,170,170,11300
8/5/2025,APLI,480,496,478,482,13200
8/5/2025,APLN,109,109,103,104,47586000
8/5/2025,ARCI,755,755,740,745,7629300
8/5/2025,AREA,424,432,420,424,909200
8/5/2025,ARGO,1575,1575,1575,1575,37200
8/5/2025,ARII,276,276,266,276,7900
8/5/2025,ARKA,27,28,27,28,16761400
8/5/2025,ARKO,1030,1035,980,1000,482800
8/5/2025,ARMY,0,0,0,0,0
8/5/2025,ARNA,585,585,575,585,3551400
8/5/2025,ARTA,3230,3280,3200,3200,1000
8/5/2025,ARTI,0,0,0,0,0
8/5/2025,ARTO,1845,1920,1845,1885,11880100
8/5/2025,ARTOBQCU5A,5,7,5,5,452600
8/5/2025,ARTOBQCX5B,93,94,89,89,1800000
8/5/2025,ARTOBQCZ5A,18,18,18,18,16300
8/5/2025,ARTODRCQ5A,2,2,1,2,900
8/5/2025,ARTODRCX5A,41,43,40,41,3235900
8/5/2025,ARTOHDCZ5A,0,0,0,0,0
8/5/2025,ARTOZPCX5A,0,0,0,0,0
8/5/2025,ASBI,450,450,432,432,9900
8/5/2025,ASDM,535,575,530,535,170000
8/5/2025,ASGR,1130,1130,1065,1100,2929400
8/5/2025,ASHA,18,18,18,18,3487400
8/5/2025,ASII,5050,5050,4990,5025,20210600
8/5/2025,ASIIBQCU5A,51,51,51,51,1000
8/5/2025,ASIIBQCZ5A,128,129,128,128,480000
8/5/2025,ASIIDRCQ5A,0,0,0,0,0
8/5/2025,ASIIDRCQ5B,0,0,0,0,0
8/5/2025,ASIIDRCX5A,0,0,0,0,0
8/5/2025,ASIIDRCX6A,0,0,0,0,0
8/5/2025,ASIIDRPQ5A,6,6,6,6,83900
8/5/2025,ASIIHDCZ5A,0,0,0,0,0
8/5/2025,ASJT,105,118,105,109,265800
8/5/2025,ASLC,64,64,62,63,50448800
8/5/2025,ASLI,0,0,0,0,0
8/5/2025,ASMI,19,19,18,18,1347000
8/5/2025,ASPI,282,282,262,282,1350600
8/5/2025,ASPR,103,104,98,100,16784400
8/5/2025,ASRI,175,176,166,166,135279800
8/5/2025,ASRM,282,284,278,278,9400
8/5/2025,ASSA,850,875,845,870,9132100
8/5/2025,ATAP,30,30,29,30,124600
8/5/2025,ATIC,402,404,394,402,498600
8/5/2025,ATLA,50,50,50,50,517100
8/5/2025,AUTO,2150,2160,2130,2140,1521500
8/5/2025,AVIA,436,442,424,432,31209600
8/5/2025,AWAN,258,266,258,264,17766900
8/5/2025,AXIO,128,129,124,128,1437800
8/5/2025,AYAM,172,174,165,172,129320600
8/5/2025,AYLS,104,104,100,102,2934400
8/5/2025,BABP,50,57,50,56,270207200
8/5/2025,BABY,324,332,314,322,8482800
8/5/2025,BACA,130,131,130,130,629700
8/5/2025,BAIK,97,99,96,97,2450900
8/5/2025,BAIK-W,9,9,7,9,1039900
8/5/2025,BAJA,127,131,125,127,1879000
8/5/2025,BALI,1370,1370,1280,1300,235000
8/5/2025,BANK,805,825,805,820,6745000
8/5/2025,BANK-W,0,0,0,0,0
8/5/2025,BAPA,52,52,50,50,1761800
8/5/2025,BAPI,9,9,9,9,7679600
8/5/2025,BATA,38,40,38,40,72400
8/5/2025,BATR,87,89,84,88,35575900
8/5/2025,BAUT,28,28,27,28,398800
8/5/2025,BAYU,1295,1310,1290,1295,370000
8/5/2025,BBCA,8350,8450,8325,8425,69475900
8/5/2025,BBCABQCV5A,29,31,28,31,14000
8/5/2025,BBCABQCX5A,0,0,0,0,0
8/5/2025,BBCADRCF6A,63,64,63,64,6194600
8/5/2025,BBCADRCQ5A,0,0,0,0,0
8/5/2025,BBCADRCX6A,4200,4200,4190,4190,500
8/5/2025,BBCADRPQ5A,40,40,40,40,100
8/5/2025,BBCAHDCQ5A,0,0,0,0,0
8/5/2025,BBCAHDCU5A,0,0,0,0,0
8/5/2025,BBCAHDCV5A,0,0,0,0,0
8/5/2025,BBCAYUCQ5A,0,0,0,0,0
8/5/2025,BBCAZPCF6A,46,47,46,47,600
8/5/2025,BBCAZPCH6A,109,109,109,109,800
8/5/2025,BBHI,1370,1380,1300,1335,2087900
8/5/2025,BBKP,63,63,62,62,80508300
8/5/2025,BBLD,975,995,905,940,57500
8/5/2025,BBMD,2100,2160,2100,2160,13000
8/5/2025,BBNI,4040,4230,4040,4220,93772600
8/5/2025,BBNIBQCU5A,0,0,0,0,0
8/5/2025,BBNIBQCV5A,65,65,63,63,1000
8/5/2025,BBNIDRCQ5A,0,0,0,0,0
8/5/2025,BBNIDRCX6A,2220,2330,2220,2330,1100
8/5/2025,BBNIDRCZ5A,58,60,58,60,100000
8/5/2025,BBNIDRPU5A,0,0,0,0,0
8/5/2025,BBNIHDCQ5A,0,0,0,0,0
8/5/2025,BBNIHDCU5A,94,94,94,94,100
8/5/2025,BBNIHDPU5A,0,0,0,0,0
8/5/2025,BBNIYUCV5A,65,66,65,66,26400
8/5/2025,BBNIZPCH6A,0,0,0,0,0
8/5/2025,BBNIZPCX5A,54,62,54,62,25500
8/5/2025,BBRI,3700,3790,3700,3740,184822600
8/5/2025,BBRIBQCQ5A,3,3,2,3,280200
8/5/2025,BBRIBQCU5A,23,23,23,23,200
8/5/2025,BBRIBQCZ5A,0,0,0,0,0
8/5/2025,BBRIDRCQ5A,0,0,0,0,0
8/5/2025,BBRIDRCX5A,135,138,135,136,535600
8/5/2025,BBRIDRCX6A,2120,2130,2100,2100,188200
8/5/2025,BBRIHDCH6A,125,125,125,125,1000
8/5/2025,BBRIHDCQ5A,0,0,0,0,0
8/5/2025,BBRIYUCV5A,124,124,121,121,200
8/5/2025,BBRIZPCH6A,0,0,0,0,0
8/5/2025,BBRIZPCX5A,73,73,73,73,500000
8/5/2025,BBRM,76,76,73,74,3101800
8/5/2025,BBSI,3890,4010,3890,4010,24400
8/5/2025,BBSS,276,290,274,284,43100
8/5/2025,BBTN,1095,1135,1095,1115,20823700
8/5/2025,BBTNHDCZ5A,90,90,89,89,17000
8/5/2025,BBTNZPCG6A,38,38,37,37,2200
8/5/2025,BBYB,268,272,258,260,94085400
8/5/2025,BCAP,56,73,54,69,465558500
8/5/2025,BCIC,0,0,0,0,0
8/5/2025,BCIP,96,102,92,96,29341600
8/5/2025,BDKR,154,154,146,150,22458100
8/5/2025,BDMN,2460,2480,2460,2480,439100
8/5/2025,BEBS,0,0,0,0,0
8/5/2025,BEEF,316,322,268,296,59244600
8/5/2025,BEER,112,116,96,110,15491600
8/5/2025,BEKS,23,24,23,23,20043900
8/5/2025,BELI,392,396,390,394,763600
8/5/2025,BELL,50,50,50,50,517100
8/5/2025,BESS,1005,1080,950,955,275600
8/5/2025,BEST,104,104,102,103,5552300
8/5/2025,BFIN,790,820,785,820,13362000
8/5/2025,BGTG,79,79,77,78,4256400
8/5/2025,BHAT,795,815,795,815,2766700
8/5/2025,BHIT,27,27,26,27,15304800
8/5/2025,BIKA,0,0,0,0,0
8/5/2025,BIKE,615,640,615,640,1407400
8/5/2025,BIMA,44,45,44,45,23600
8/5/2025,BINA,4390,4390,4390,4390,10100
8/5/2025,BINO,109,111,108,109,573600
8/5/2025,BIPI,87,90,86,89,126780100
8/5/2025,BIPP,37,37,36,37,62800
8/5/2025,BIRD,1915,1945,1915,1925,795700
8/5/2025,BISI,885,890,870,875,147100
8/5/2025,BJBR,775,785,775,775,4046700
8/5/2025,BJTM,510,515,510,515,4651200
8/5/2025,BKDP,30,30,30,30,65600
8/5/2025,BKSL,163,167,154,166,980935500
8/5/2025,BKSW,62,63,60,62,5743300
8/5/2025,BLES,164,164,157,157,3720400
8/5/2025,BLOG,492,500,484,488,6782500
8/5/2025,BLTA,20,20,19,20,5406200
8/5/2025,BLTZ,0,0,0,0,0
8/5/2025,BLUE,316,316,314,314,248900
8/5/2025,BMAS,550,550,550,550,23800
8/5/2025,BMBL,30,30,30,30,894600
8/5/2025,BMHS,195,204,190,194,2968800
8/5/2025,BMRI,4690,4780,4660,4750,277668300
8/5/2025,BMRIBQCU5A,6,6,6,6,20100
8/5/2025,BMRIBQCZ5A,72,72,71,71,200
8/5/2025,BMRIDRCQ5A,1,1,1,1,178900
8/5/2025,BMRIDRCX5A,65,65,65,65,100
8/5/2025,BMRIDRCX6A,2390,2420,2390,2390,11200
8/5/2025,BMRIHDCQ5A,0,0,0,0,0
8/5/2025,BMRIHDCU5A,99,99,98,98,400000
8/5/2025,BMRIHDPU5A,0,0,0,0,0
8/5/2025,BMRIYUCQ5A,22,22,22,22,100
8/5/2025,BMRIZPCH6A,68,68,68,68,20700
8/5/2025,BMRIZPCX5A,0,0,0,0,0
8/5/2025,BMSR,252,252,246,252,11800
8/5/2025,BMTR,143,151,139,150,95928900
8/5/2025,BNBA,800,830,800,815,128300
8/5/2025,BNBR,26,26,26,26,13587600
8/5/2025,BNGA,1695,1710,1695,1700,3189300
8/5/2025,BNGAZPCH6A,0,0,0,0,0
8/5/2025,BNII,204,206,200,204,1201100
8/5/2025,BNLI,3200,3250,3130,3180,93800
8/5/2025,BOAT,112,112,106,110,12388400
8/5/2025,BOBA,184,185,179,184,83100
8/5/2025,BOGA,570,585,565,575,1148400
8/5/2025,BOLA,175,190,169,183,6080800
8/5/2025,BOLT,1130,1130,1115,1120,11800
8/5/2025,BOSS,0,0,0,0,0
8/5/2025,BPFI,334,334,324,334,22800
8/5/2025,BPII,600,600,595,595,165100
8/5/2025,BPTR,98,99,95,98,1300800
8/5/2025,BRAM,5250,5250,5050,5125,5200
8/5/2025,BREN,7225,7300,6775,7075,35004600
8/5/2025,BRIS,2750,2800,2750,2780,13283300
8/5/2025,BRISBQCZ5A,0,0,0,0,0
8/5/2025,BRISDRCJ6A,0,0,0,0,0
8/5/2025,BRISHDCH6A,75,76,74,74,8500
8/5/2025,BRISHDCZ5A,127,128,127,128,800000
8/5/2025,BRISYUCV5A,0,0,0,0,0
8/5/2025,BRISZPCG6A,0,0,0,0,0
8/5/2025,BRMS,438,440,420,420,483595600
8/5/2025,BRMSBQCZ5A,56,57,54,55,69900
8/5/2025,BRMSDRCJ6A,39,39,37,37,201500
8/5/2025,BRMSHDCH6A,0,0,0,0,0
8/5/2025,BRMSHDCZ5A,0,0,0,0,0
8/5/2025,BRMSYUCV5A,32,32,30,30,577500
8/5/2025,BRMSZPCG6A,62,62,61,61,7700
8/5/2025,BRNA,760,785,730,730,22800
8/5/2025,BRPT,2590,2630,2390,2460,293675200
8/5/2025,BRPTBQCQ5A,0,0,0,0,0
8/5/2025,BRPTBQCV5A,500,505,420,448,52000
8/5/2025,BRPTBQCX5B,125,125,107,112,1412400
8/5/2025,BRPTBQCZ5A,0,0,0,0,0
8/5/2025,BRPTDRCF6A,242,242,212,214,56400
8/5/2025,BRPTDRCJ6A,133,135,120,120,417000
8/5/2025,BRPTDRCQ5A,286,286,272,272,11000
8/5/2025,BRPTDRCX5A,258,264,250,262,619300
8/5/2025,BRPTDRPV5A,12,13,12,12,286800
8/5/2025,BRPTHDCH6A,190,191,186,186,3400
8/5/2025,BRPTHDCH6B,182,182,182,182,5000
8/5/2025,BRPTHDCQ5A,0,0,0,0,0
8/5/2025,BRPTHDPG6A,242,260,242,256,1800
8/5/2025,BRPTZPCF6A,254,254,254,254,1000000
8/5/2025,BRPTZPCX5A,338,338,338,338,88700
8/5/2025,BRRC,75,85,70,76,187352700
8/5/2025,BRRC-W,11,12,9,10,46985500
8/5/2025,BSBK,51,51,50,50,23248400
8/5/2025,BSDE,800,825,795,825,36510700
8/5/2025,BSDEDRCJ6A,22,22,22,22,10000
8/5/2025,BSDEZPCH6A,31,33,31,33,30500
8/5/2025,BSIM,890,900,855,865,39500
8/5/2025,BSML,114,115,107,115,53581500
8/5/2025,BSSR,3900,3920,3890,3890,538800
8/5/2025,BSWD,0,0,0,0,0
8/5/2025,BTEK,5,5,5,5,72820800
8/5/2025,BTEL,0,0,0,0,0
8/5/2025,BTON,390,390,380,384,8000
8/5/2025,BTPN,2100,2100,2070,2100,27500
8/5/2025,BTPS,1410,1420,1390,1395,14394900
8/5/2025,BTPSZPCH6A,42,42,41,41,90000
8/5/2025,BUAH,1365,1370,1340,1350,49700
8/5/2025,BUDI,228,228,226,228,108800
8/5/2025,BUKA,168,176,168,171,654084200
8/5/2025,BUKABQCZ5B,23,24,22,22,13649900
8/5/2025,BUKAHDCZ5A,0,0,0,0,0
8/5/2025,BUKK,820,830,810,810,9100
8/5/2025,BULL,136,136,125,134,255107900
8/5/2025,BUMI,112,113,111,112,419978000
8/5/2025,BUVA,0,0,0,0,0
8/5/2025,BVIC,90,92,89,90,10942000
8/5/2025,BVIC-W,50,50,45,48,43200
8/5/2025,BWPT,120,120,112,114,214679300
8/5/2025,BYAN,18600,18700,18500,18500,14500
8/5/2025,CAKK,135,137,135,135,27600
8/5/2025,CAMP,210,214,210,212,2374200
8/5/2025,CANI,38,38,38,38,21800
8/5/2025,CARE,254,256,234,254,17436300
8/5/2025,CARS,89,90,87,89,16254400
8/5/2025,CASA,1055,1075,1030,1055,5928300
8/5/2025,CASH,61,63,61,61,156500
8/5/2025,CASS,2180,2180,2050,2100,116400
8/5/2025,CBDK,6025,6075,5975,6000,4298700
8/5/2025,CBMF,0,0,0,0,0
8/5/2025,CBPE,183,184,182,184,27400
8/5/2025,CBRE,112,112,92,92,41917600
8/5/2025,CBUT,1160,1400,1155,1300,290300
8/5/2025,CCSI,324,324,314,318,142100
8/5/2025,CDIA,1900,2100,1700,1780,807242900
8/5/2025,CEKA,2580,2660,2570,2580,35200
8/5/2025,CENT,96,97,94,95,5275700
8/5/2025,CFIN,316,316,310,314,2185700
8/5/2025,CGAS,117,118,112,112,22845200
8/5/2025,CHEK,192,208,189,194,99907400
8/5/2025,CHEM,78,80,71,73,47726900
8/5/2025,CHIP,1310,1320,1310,1320,74700
8/5/2025,CINT,157,158,155,157,54800
8/5/2025,CITA,3940,3940,3880,3890,142200
8/5/2025,CITY,93,95,91,92,1623100
8/5/2025,CLAY,1210,1295,1100,1105,149700
8/5/2025,CLEO,560,585,550,585,15496400
8/5/2025,CLPI,1230,1280,1225,1255,340000
8/5/2025,CMNP,1300,1315,1295,1310,541000
8/5/2025,CMNP-W,510,510,354,400,1200
8/5/2025,CMNT,835,835,805,810,39066600
8/5/2025,CMPP,72,72,72,72,91200
8/5/2025,CMRY,5100,5125,4960,5025,816800
8/5/2025,CNKO,52,52,52,52,15567200
8/5/2025,CNMA,130,138,129,137,70275400
8/5/2025,CNTB,0,0,0,0,0
8/5/2025,CNTX,0,0,0,0,0
8/5/2025,COAL,32,33,32,33,1918900
8/5/2025,COCO,0,0,0,0,0
8/5/2025,COIN,995,1245,900,1210,471753300
8/5/2025,COWL,0,0,0,0,0
8/5/2025,CPIN,4810,4840,4700,4700,6220600
8/5/2025,CPINDRCG6A,86,86,86,86,500
8/5/2025,CPINDRCQ5A,0,0,0,0,0
8/5/2025,CPINHDCQ5A,0,0,0,0,0
8/5/2025,CPRI,0,0,0,0,0
8/5/2025,CPRO,52,52,51,51,59232300
8/5/2025,CRAB,234,236,232,236,1312700
8/5/2025,CRSN,110,110,108,110,421800
8/5/2025,CSAP,262,266,260,260,125100
8/5/2025,CSIS,77,80,75,79,1265300
8/5/2025,CSMI,436,440,408,436,10924800
8/5/2025,CSRA,760,765,740,740,587500
8/5/2025,CTBN,7475,7475,7475,7475,100
8/5/2025,CTRA,900,920,900,910,17346000
8/5/2025,CTRADRCJ6A,0,0,0,0,0
8/5/2025,CTRAZPCG6A,0,0,0,0,0
8/5/2025,CTTH,25,27,25,27,434600
8/5/2025,CUAN,1420,1470,1315,1450,398760700
8/5/2025,CYBR,935,945,895,935,10931100
8/5/2025,CYBR-W,550,550,494,540,74100
8/5/2025,DAAZ,3610,3660,3600,3610,268000
8/5/2025,DADA,10,10,10,10,134573300
8/5/2025,DART,161,163,160,161,183900
8/5/2025,DATA,1880,1905,1825,1890,3643300
8/5/2025,DAYA,935,950,915,940,27700
8/5/2025,DCII,0,0,0,0,0
8/5/2025,DEAL,0,0,0,0,0
8/5/2025,DEFI,0,0,0,0,0
8/5/2025,DEPO,202,204,199,202,222100
8/5/2025,DEWA,234,236,216,216,602455900
8/5/2025,DEWI,100,101,99,101,47586900
8/5/2025,DFAM,51,52,50,52,252100
8/5/2025,DGIK,96,99,95,95,4254500
8/5/2025,DGNS,152,153,150,152,745700
8/5/2025,DGWG,416,420,410,410,7831000
8/5/2025,DIGI,20,22,20,22,473200
8/5/2025,DILD,128,130,127,129,9516100
8/5/2025,DIVA,110,110,106,109,2583400
8/5/2025,DKFT,670,675,650,650,30219800
8/5/2025,DKHH,79,80,72,73,152867800
8/5/2025,DKHH-W,17,17,14,16,33644500
8/5/2025,DLTA,2010,2020,2000,2010,136300
8/5/2025,DMAS,139,140,138,139,25580800
8/5/2025,DMMX,350,368,350,360,1491900
8/5/2025,DMND,575,585,555,570,121900
8/5/2025,DNAR,113,115,112,113,3017000
8/5/2025,DNET,9400,9475,9250,9400,5100
8/5/2025,DOID,374,380,364,364,13591000
8/5/2025,DOOH,148,149,139,142,89831400
8/5/2025,DOSS,142,142,137,138,701900
8/5/2025,DPNS,242,250,240,244,1289700
8/5/2025,DPUM,50,50,50,50,169700
8/5/2025,DRMA,955,955,945,955,1265900
8/5/2025,DSFI,97,98,85,86,61047200
8/5/2025,DSNG,1385,1460,1375,1420,46753600
8/5/2025,DSSA,65950,66750,64300,65900,4487900
8/5/2025,DUCK,0,0,0,0,0
8/5/2025,DUTI,3200,3200,3200,3200,2300
8/5/2025,DVLA,1685,1685,1665,1675,6600
8/5/2025,DWGL,228,240,220,230,188600
8/5/2025,DYAN,85,85,82,83,5070600
8/5/2025,EAST,95,95,93,95,3086600
8/5/2025,ECII,190,190,185,187,144000
8/5/2025,EDGE,4390,4390,4110,4340,47700
8/5/2025,EKAD,184,185,183,184,118900
8/5/2025,ELIT,185,186,180,182,7192400
8/5/2025,ELPI,336,336,330,330,394900
8/5/2025,ELSA,486,488,478,480,14311900
8/5/2025,ELSADRCJ6A,36,36,35,35,113000
8/5/2025,ELSAZPCG6A,35,35,33,33,230000
8/5/2025,ELTY,10,10,10,10,11061900
8/5/2025,EMDE,89,89,85,87,2059600
8/5/2025,EMTK,770,820,765,795,251799400
8/5/2025,EMTKBQCZ5A,143,147,141,147,700
8/5/2025,EMTKHDCZ5A,111,118,108,114,360900
8/5/2025,EMTKYUCV5A,75,75,72,73,119800
8/5/2025,EMTKZPCH6A,72,77,68,72,725700
8/5/2025,ENAK,705,705,690,705,423800
8/5/2025,ENRG,570,600,565,595,153855800
8/5/2025,ENRGDRCJ6A,82,85,79,85,172700
8/5/2025,ENRGHDCZ5A,224,236,224,236,100600
8/5/2025,ENRGZPCG6A,184,184,184,184,120200
8/5/2025,ENVY,0,0,0,0,0
8/5/2025,ENZO,34,34,33,34,25800
8/5/2025,EPAC,13,14,13,14,1811500
8/5/2025,EPMT,2290,2300,2280,2300,5100
8/5/2025,ERAA,452,454,436,438,97502900
8/5/2025,ERAABQCZ5A,31,31,31,31,126100
8/5/2025,ERAADRCJ6A,13,13,13,13,54500
8/5/2025,ERAAHDCZ5A,40,41,40,41,15200
8/5/2025,ERAAZPCH6A,24,24,24,24,40000
8/5/2025,ERAL,368,370,352,360,14565000
8/5/2025,ERTX,102,103,101,103,520200
8/5/2025,ESIP,35,35,35,35,1380100
8/5/2025,ESSA,640,660,620,640,84743500
8/5/2025,ESSABQCZ5A,63,63,63,63,1000
8/5/2025,ESSAHDCH6A,61,63,61,62,55000
8/5/2025,ESTA,65,66,64,64,957300
8/5/2025,ESTI,40,40,40,40,903500
8/5/2025,ETWA,0,0,0,0,0
8/5/2025,EURO,200,202,193,202,161700
8/5/2025,EXCL,2620,2620,2560,2580,8765000
8/5/2025,EXCLHDCQ5A,0,0,0,0,0
8/5/2025,EXCLZPCF6A,0,0,0,0,0
8/5/2025,FAPA,5575,5600,5575,5600,3200
8/5/2025,FAST,338,344,324,330,2717400
8/5/2025,FASW,0,0,0,0,0
8/5/2025,FILM,2510,2990,2480,2990,56443300
8/5/2025,FIMP,92,92,92,92,4000
8/5/2025,FIRE,76,76,72,73,13621500
8/5/2025,FISH,0,0,0,0,0
8/5/2025,FITT,183,240,181,240,28348100
8/5/2025,FLMC,54,55,47,47,6025000
8/5/2025,FMII,424,454,418,446,787500
8/5/2025,FOLK,76,82,74,81,3240000
8/5/2025,FOOD,104,105,103,103,900
8/5/2025,FORE,595,600,580,585,10388100
8/5/2025,FORU,1180,1270,1175,1220,133200
8/5/2025,FPNI,196,197,195,197,417200
8/5/2025,FUJI,420,420,404,414,89000
8/5/2025,FUTR,79,80,72,73,106359000
8/5/2025,FWCT,165,165,152,162,3878100
8/5/2025,GAMA,0,0,0,0,0
8/5/2025,GDST,106,107,104,107,1375900
8/5/2025,GDYR,1130,1205,1100,1190,11700
8/5/2025,GEMA,106,107,100,102,12261700
8/5/2025,GEMS,9100,9175,9075,9100,134200
8/5/2025,GGRM,8825,8900,8825,8850,242100
8/5/2025,GGRMZPCG6A,42,42,42,42,100
8/5/2025,GGRP,0,0,0,0,0
8/5/2025,GHON,1600,1620,1595,1610,13400
8/5/2025,GIAA,70,70,69,69,22603000
8/5/2025,GJTL,1030,1045,1025,1035,2659000
8/5/2025,GLOB,50,51,50,51,4800
8/5/2025,GLVA,334,334,324,326,51000
8/5/2025,GMFI,60,62,60,62,536600
8/5/2025,GMTD,2250,2250,2220,2220,500
8/5/2025,GOLD,250,260,248,248,328700
8/5/2025,GOLF,208,216,206,216,1635100
8/5/2025,GOLL,0,0,0,0,0
8/5/2025,GOOD,384,388,374,378,294600
8/5/2025,GOTO,64,65,63,65,1329202900
8/5/2025,GOTOBQCZ5A,5,5,4,4,10609400
8/5/2025,GOTODRCG6A,12,13,12,13,58600
8/5/2025,GOTODRCQ5A,3,3,3,3,120000
8/5/2025,GOTOHDCQ5A,19,19,19,19,100
8/5/2025,GOTOM,0,0,0,0,0
8/5/2025,GOTOZPCH6A,32,32,32,32,5000
8/5/2025,GPRA,147,150,146,149,78637000
8/5/2025,GPSO,352,368,352,356,1145200
8/5/2025,GRIA,88,97,88,97,5468300
8/5/2025,GRPH,50,51,50,50,1423100
8/5/2025,GRPM,46,47,45,46,6221300
8/5/2025,GRPM-W,13,13,12,13,2682600
8/5/2025,GSMF,54,55,53,55,685900
8/5/2025,GTBO,192,195,188,192,309900
8/5/2025,GTRA,144,148,142,145,717700
8/5/2025,GTSI,42,44,42,44,6429400
8/5/2025,GULA,258,272,256,262,533300
8/5/2025,GUNA,256,268,252,254,307500
8/5/2025,GWSA,134,134,132,133,1139800
8/5/2025,GZCO,111,112,106,107,35596500
8/5/2025,HADE,9,9,9,9,3527600
8/5/2025,HAIS,189,190,187,190,858400
8/5/2025,HAJJ,110,117,106,115,11661100
8/5/2025,HAJJ-W,13,14,12,14,11298100
8/5/2025,HALO,81,84,80,81,4010600
8/5/2025,HALO-W,9,10,8,9,6689200
8/5/2025,HATM,270,270,258,264,33380700
8/5/2025,HBAT,108,108,99,104,1710400
8/5/2025,HDFA,114,116,113,113,186800
8/5/2025,HDIT,20,20,20,20,1560500
8/5/2025,HEAL,1620,1675,1595,1670,24731900
8/5/2025,HEALDRCJ6A,50,50,50,50,100
8/5/2025,HEALHDCH6A,140,140,140,140,3000
8/5/2025,HEALZPCH6A,0,0,0,0,0
8/5/2025,HELI,254,256,252,256,546600
8/5/2025,HERO,410,414,410,414,4500
8/5/2025,HEXA,5375,5400,5350,5350,222000
8/5/2025,HGII,138,142,136,142,15608000
8/5/2025,HILL,206,210,204,206,117085500
8/5/2025,HITS,0,0,0,0,0
8/5/2025,HKMU,0,0,0,0,0
8/5/2025,HMSP,530,535,520,530,26553900
8/5/2025,HOKI,85,87,84,85,15699400
8/5/2025,HOME,0,0,0,0,0
8/5/2025,HOMI,195,196,193,195,218800
8/5/2025,HOPE,0,0,0,0,0
8/5/2025,HOTL,0,0,0,0,0
8/5/2025,HRME,24,26,24,26,251100
8/5/2025,HRTA,680,700,665,665,17976400
8/5/2025,HRUM,895,895,850,855,32216300
8/5/2025,HRUMZPCG6A,37,38,37,37,9776000
8/5/2025,HUMI,67,68,64,65,100401000
8/5/2025,HUMI-W,10,11,9,11,39536800
8/5/2025,HYGN,153,154,151,154,2074300
8/5/2025,IATA,57,58,57,58,6972700
8/5/2025,IATA-W,34,34,31,31,28000
8/5/2025,IBFN,18,18,18,18,313200
8/5/2025,IBOS,32,33,32,33,24215400
8/5/2025,IBST,0,0,0,0,0
8/5/2025,ICBP,9600,9625,9475,9575,8541600
8/5/2025,ICBPDRCQ5A,0,0,0,0,0
8/5/2025,ICBPDRCX6A,4230,4230,4230,4230,100
8/5/2025,ICBPHDCQ5A,0,0,0,0,0
8/5/2025,ICBPZPCX5A,42,42,41,41,62800
8/5/2025,ICON,36,37,36,37,212100
8/5/2025,IDEA,80,80,80,80,1186000
8/5/2025,IDPR,224,226,214,218,423300
8/5/2025,IFII,230,230,226,228,306100
8/5/2025,IFSH,760,760,755,755,12500
8/5/2025,IGAR,540,560,540,555,315500
8/5/2025,IIKP,0,0,0,0,0
8/5/2025,IKAI,9,9,8,9,597900
8/5/2025,IKAN,123,123,105,105,103249700
8/5/2025,IKBI,480,480,472,474,57200
8/5/2025,IKPM,198,198,193,198,25200
8/5/2025,IMAS,1025,1070,1015,1035,2111300
8/5/2025,IMJS,230,240,224,234,13556600
8/5/2025,IMPC,505,550,498,500,27971800
8/5/2025,INAF,0,0,0,0,0
8/5/2025,INAI,159,161,157,160,179900
8/5/2025,INCF,26,27,26,27,1289600
8/5/2025,INCI,600,600,585,590,20000
8/5/2025,INCO,3780,3800,3690,3690,12625200
8/5/2025,INCOBQCQ5A,0,0,0,0,0
8/5/2025,INCOBQCV5A,0,0,0,0,0
8/5/2025,INCODRCQ5A,5,6,4,5,2386100
8/5/2025,INCODRCX5A,91,91,91,91,171700
8/5/2025,INCODRPV5A,0,0,0,0,0
8/5/2025,INCOHDCQ5A,106,106,95,95,485600
8/5/2025,INCOZPCX5A,142,143,142,143,31100
8/5/2025,INDF,8400,8425,8200,8325,4715600
8/5/2025,INDFBQCV5A,0,0,0,0,0
8/5/2025,INDFDRCQ5A,0,0,0,0,0
8/5/2025,INDFDRCX6A,0,0,0,0,0
8/5/2025,INDFHDCQ5A,0,0,0,0,0
8/5/2025,INDO,190,195,190,192,734400
8/5/2025,INDR,2300,2320,2300,2320,7200
8/5/2025,INDS,224,226,206,214,2816200
8/5/2025,INDX,75,76,74,75,1290300
8/5/2025,INDY,1330,1350,1305,1350,14333800
8/5/2025,INDYZPCG6A,41,42,41,42,19300
8/5/2025,INET,318,320,298,308,147103400
8/5/2025,INET-W,220,222,206,212,14303200
8/5/2025,INKP,7725,7775,7350,7375,10940900
8/5/2025,INKPBQCX5A,66,66,65,65,6500
8/5/2025,INKPDRCF6A,202,202,183,185,63600
8/5/2025,INKPDRCQ5A,40,41,30,30,1962200
8/5/2025,INKPHDCQ5A,25,27,19,20,1467800
8/5/2025,INKPZPCF6A,112,112,112,112,1100
8/5/2025,INOV,85,86,84,86,79800
8/5/2025,INPC,155,158,152,157,9307200
8/5/2025,INPP,795,795,785,790,2600
8/5/2025,INPS,126,126,123,124,648500
8/5/2025,INRU,695,720,630,665,155200
8/5/2025,INTA,13,13,12,12,2439400
8/5/2025,INTD,190,198,188,190,2429800
8/5/2025,INTP,5550,6175,5550,6000,6891900
8/5/2025,INTPZPCG6A,49,56,49,53,509700
8/5/2025,IOTF,86,87,84,85,55797600
8/5/2025,IPAC,143,143,139,139,2300
8/5/2025,IPCC,1115,1120,1090,1105,2125900
8/5/2025,IPCM,292,300,292,300,3973500
8/5/2025,IPOL,136,139,134,134,205100
8/5/2025,IPPE,0,0,0,0,0
8/5/2025,IPTV,27,28,27,28,18807900
8/5/2025,IRRA,448,454,434,436,1870600
8/5/2025,IRSX,97,97,97,97,70027000
8/5/2025,IRSX-W,0,0,0,0,0
8/5/2025,ISAP,12,12,11,12,71832000
8/5/2025,ISAP-W,3,4,3,4,4761500
8/5/2025,ISAT,2240,2250,2200,2210,9025700
8/5/2025,ISATBQCU5A,59,60,57,57,123400
8/5/2025,ISATDRCG6A,88,88,88,88,500
8/5/2025,ISATDRCX5A,0,0,0,0,0
8/5/2025,ISATHDCQ5A,0,0,0,0,0
8/5/2025,ISATZPCF6A,0,0,0,0,0
8/5/2025,ISEA,86,91,84,86,21697400
8/5/2025,ISSP,352,352,348,350,2272000
8/5/2025,ITIC,222,222,218,220,61900
8/5/2025,ITMA,770,815,760,780,99082900
8/5/2025,ITMG,23100,23125,22950,23025,1064100
8/5/2025,JARR,780,795,715,735,23886200
8/5/2025,JAST,97,112,92,95,166828800
8/5/2025,JATI,145,145,137,140,9119800
8/5/2025,JAWA,151,153,147,148,2039200
8/5/2025,JAYA,94,95,92,93,402600
8/5/2025,JECC,860,910,860,860,29400
8/5/2025,JGLE,8,9,8,8,9672100
8/5/2025,JIHD,610,615,595,610,1175400
8/5/2025,JKON,74,75,73,75,1177000
8/5/2025,JMAS,139,139,135,136,437400
8/5/2025,JPFA,1700,1705,1640,1650,16973700
8/5/2025,JPFABQCZ5A,0,0,0,0,0
8/5/2025,JPFADRCJ6A,42,42,42,42,5400
8/5/2025,JPFAHDCZ5A,155,155,155,155,1000
8/5/2025,JPFAZPCG6A,86,86,84,84,50000
8/5/2025,JRPT,745,750,740,750,893600
8/5/2025,JSKY,0,0,0,0,0
8/5/2025,JSMR,3550,3590,3550,3570,17087300
8/5/2025,JSMRHDCH6A,0,0,0,0,0
8/5/2025,JSMRZPCG6A,0,0,0,0,0
8/5/2025,JSPT,4350,4380,4350,4360,9200
8/5/2025,JTPE,264,270,264,268,8154900
8/5/2025,KAEF,555,560,535,550,2267500
8/5/2025,KAQI,50,50,50,50,600300
8/5/2025,KARW,765,765,765,765,403100
8/5/2025,KAYU,0,0,0,0,0
8/5/2025,KBAG,30,30,29,30,1501400
8/5/2025,KBLI,366,368,364,368,112500
8/5/2025,KBLM,324,332,314,324,599700
8/5/2025,KBLV,54,72,53,72,307979800
8/5/2025,KBRI,0,0,0,0,0
8/5/2025,KDSI,474,478,466,470,3800
8/5/2025,KDTN,124,124,120,120,3000
8/5/2025,KEEN,800,800,790,800,3105500
8/5/2025,KEJU,810,810,745,780,6007800
8/5/2025,KETR,242,246,234,242,331500
8/5/2025,KIAS,0,0,0,0,0
8/5/2025,KICI,112,114,111,113,33200
8/5/2025,KIJA,191,193,189,191,116993000
8/5/2025,KING,208,214,202,212,3812300
8/5/2025,KING-W,13,13,11,13,16135100
8/5/2025,KINO,1095,1095,1090,1095,9900
8/5/2025,KIOS,55,56,52,54,6095900
8/5/2025,KJEN,103,104,100,103,743900
8/5/2025,KKES,27,28,27,28,1012500
8/5/2025,KKGI,344,346,338,340,2155900
8/5/2025,KLAS,147,150,146,147,11470100
8/5/2025,KLBF,1415,1430,1400,1415,15900700
8/5/2025,KLBFBQCV5A,0,0,0,0,0
8/5/2025,KLBFDRCG6A,43,43,43,43,100
8/5/2025,KLBFDRCQ5A,0,0,0,0,0
8/5/2025,KLBFHDCQ5A,0,0,0,0,0
8/5/2025,KLBFZPCF6A,0,0,0,0,0
8/5/2025,KLIN,171,185,168,174,566000
8/5/2025,KMDS,605,605,590,605,618800
8/5/2025,KMTR,272,278,264,268,1273700
8/5/2025,KOBX,145,146,140,140,1091000
8/5/2025,KOCI,55,56,53,54,15984100
8/5/2025,KOCI-W,7,7,6,6,13313400
8/5/2025,KOIN,63,65,63,65,3800
8/5/2025,KOKA,107,110,99,100,27172400
8/5/2025,KONI,1220,1240,1215,1235,3300
8/5/2025,KOPI,358,358,348,354,437300
8/5/2025,KOTA,16,16,16,16,1335900
8/5/2025,KPIG,177,224,176,220,517342000
8/5/2025,KRAS,290,290,274,274,35555400
8/5/2025,KREN,9,9,9,9,12485000
8/5/2025,KRYA,232,236,222,228,9514900
8/5/2025,KSIX,200,202,198,199,164000
8/5/2025,KUAS,69,70,63,65,41478600
8/5/2025,LABA,0,0,0,0,0
8/5/2025,LABS,131,133,130,133,1540900
8/5/2025,LAJU,50,50,50,50,184900
8/5/2025,LAND,23,23,23,23,1423500
8/5/2025,LAPD,72,72,72,72,2377400
8/5/2025,LCGP,0,0,0,0,0
8/5/2025,LCKM,214,256,204,234,1502500
8/5/2025,LEAD,72,72,70,71,9747800
8/5/2025,LFLO,282,282,264,276,2100
8/5/2025,LIFE,7200,7500,6925,7400,5400
8/5/2025,LINK,2000,2000,1950,2000,294600
8/5/2025,LION,370,372,364,372,18500
8/5/2025,LIVE,193,194,190,191,6271500
8/5/2025,LMAS,0,0,0,0,0
8/5/2025,LMAX,83,83,75,75,12846900
8/5/2025,LMPI,139,140,136,138,345900
8/5/2025,LMSH,0,0,0,0,0
8/5/2025,LOPI,52,52,52,52,5170600
8/5/2025,LPCK,498,515,498,510,1965500
8/5/2025,LPGI,444,446,436,444,52500
8/5/2025,LPIN,402,402,392,400,136900
8/5/2025,LPKR,86,95,85,91,235849100
8/5/2025,LPLI,278,296,272,284,190300
8/5/2025,LPPF,1605,1615,1580,1590,4094900
8/5/2025,LPPS,53,59,53,57,26273700
8/5/2025,LRNA,177,187,175,181,387000
8/5/2025,LSIP,1345,1380,1345,1380,12774600
8/5/2025,LSIPZPCG6A,80,83,80,82,38300
8/5/2025,LTLS,865,865,860,860,38500
8/5/2025,LUCK,76,81,73,76,14279200
8/5/2025,LUCY,73,74,72,72,117900
8/5/2025,MABA,0,0,0,0,0
8/5/2025,MAGP,0,0,0,0,0
8/5/2025,MAHA,138,138,135,137,2855700
8/5/2025,MAIN,630,630,615,620,1789200
8/5/2025,MANG,40,40,34,40,41678300
8/5/2025,MANG-W,30,32,27,31,383100
8/5/2025,MAPA,660,670,645,650,30815600
8/5/2025,MAPADRCJ6A,21,21,21,21,40000
8/5/2025,MAPAHDCZ5A,49,49,49,49,100
8/5/2025,MAPAZPCH6A,0,0,0,0,0
8/5/2025,MAPB,1815,1815,1810,1815,3400
8/5/2025,MAPI,1165,1195,1150,1150,14545500
8/5/2025,MAPIBQCV5A,11,11,10,10,34100
8/5/2025,MAPIDRCQ5A,5,6,5,5,1463300
8/5/2025,MAPIDRCX5A,24,26,24,26,300
8/5/2025,MAPIHDCQ5A,0,0,0,0,0
8/5/2025,MARI,21,22,21,21,5318200
8/5/2025,MARK,680,680,655,665,20602400
8/5/2025,MASA,0,0,0,0,0
8/5/2025,MASB,3340,3340,3340,3340,100
8/5/2025,MAXI,50,51,50,50,127300
8/5/2025,MAYA,184,190,184,187,2640000
8/5/2025,MBAP,1675,1680,1650,1670,92100
8/5/2025,MBMA,520,525,496,498,142750000
8/5/2025,MBMABQCX5A,42,42,41,41,8100
8/5/2025,MBMADRCQ5A,22,22,18,19,5902800
8/5/2025,MBMADRCX5A,52,52,47,47,569000
8/5/2025,MBMAHDCH6A,94,94,94,94,2500
8/5/2025,MBMAHDCQ5A,9,10,6,7,5036000
8/5/2025,MBMAZPCX5A,90,90,90,90,2000
8/5/2025,MBSS,1445,1470,1395,1415,1005500
8/5/2025,MBTO,92,94,91,93,1759100
8/5/2025,MCAS,975,990,900,945,98700
8/5/2025,MCOL,4010,4050,4000,4000,14000
8/5/2025,MCOR,67,67,66,66,2548700
8/5/2025,MDIA,36,36,30,30,2965900
8/5/2025,MDIY,1290,1295,1240,1290,2451700
8/5/2025,MDKA,2380,2410,2320,2330,30964900
8/5/2025,MDKABQCV5A,118,118,112,113,214700
8/5/2025,MDKABQCX5B,64,64,64,64,100
8/5/2025,MDKADRCQ5A,31,32,28,28,612700
8/5/2025,MDKADRCV5A,87,92,86,86,1085100
8/5/2025,MDKAHDCU5A,199,199,193,193,76800
8/5/2025,MDKAHDCZ5A,150,150,149,149,18700
8/5/2025,MDKAYUCQ5A,122,126,122,126,200
8/5/2025,MDKAZPCF6A,80,80,79,79,51100
8/5/2025,MDKI,159,162,159,161,32600
8/5/2025,MDLA,190,192,188,192,8396000
8/5/2025,MDLN,57,58,53,54,43824200
8/5/2025,MDRN,10,10,9,9,19602400
8/5/2025,MEDC,1205,1205,1165,1175,33712200
8/5/2025,MEDCBQCV5A,0,0,0,0,0
8/5/2025,MEDCBQCX5B,0,0,0,0,0
8/5/2025,MEDCBQCZ5A,0,0,0,0,0
8/5/2025,MEDCDRCG6A,35,35,33,33,59400
8/5/2025,MEDCDRCQ5A,27,27,27,27,2600
8/5/2025,MEDCDRPV5A,0,0,0,0,0
8/5/2025,MEDCHDCH6A,89,89,87,87,30500
8/5/2025,MEDCHDCQ5A,0,0,0,0,0
8/5/2025,MEDCZPCF6A,31,31,31,31,100
8/5/2025,MEDS,50,50,50,50,6900
8/5/2025,MEGA,3300,3310,3300,3300,1100
8/5/2025,MEJA,37,37,37,37,7178900
8/5/2025,MEJA-W,5,5,5,5,16960600
8/5/2025,MENN,46,48,45,46,14625400
8/5/2025,MERI,316,320,294,304,30143700
8/5/2025,MERK,2900,2900,2890,2890,20200
8/5/2025,META,0,0,0,0,0
8/5/2025,MFIN,0,0,0,0,0
8/5/2025,MFMI,0,0,0,0,0
8/5/2025,MGLV,530,585,482,565,597500
8/5/2025,MGNA,45,45,45,45,1124500
8/5/2025,MGNA-W,18,18,18,18,48800
8/5/2025,MGRO,730,755,715,730,5319500
8/5/2025,MHKI,135,135,130,132,781100
8/5/2025,MICE,480,480,460,478,23100
8/5/2025,MIDI,430,446,430,440,15928900
8/5/2025,MIKA,2400,2470,2400,2400,5938600
8/5/2025,MIKAZPCG6A,30,30,30,30,3400
8/5/2025,MINA,191,202,152,163,1847658800
8/5/2025,MINE,470,478,434,470,11989600
8/5/2025,MIRA,33,33,32,33,11421800
8/5/2025,MITI,184,185,183,184,764600
8/5/2025,MKAP,350,350,348,350,144200
8/5/2025,MKNT,0,0,0,0,0
8/5/2025,MKPI,23125,25000,22275,24500,21000
8/5/2025,MKTR,106,107,105,106,370700
8/5/2025,MKTR-W,7,7,6,7,1230900
8/5/2025,MLBI,6050,6100,6025,6075,230900
8/5/2025,MLIA,324,326,322,324,3470500
8/5/2025,MLPL,100,123,100,113,878679400
8/5/2025,MLPT,41500,41975,40000,40250,13900
8/5/2025,MMIX,240,242,214,230,13044800
8/5/2025,MMLP,535,540,530,530,13362000
8/5/2025,MNCN,264,270,258,270,44075800
8/5/2025,MOLI,210,210,204,206,193000
8/5/2025,MORA,382,384,378,380,80900
8/5/2025,MPIX,64,65,63,63,2709200
8/5/2025,MPIX-W,8,8,7,8,384400
8/5/2025,MPMX,965,970,955,960,3108500
8/5/2025,MPOW,125,129,120,122,4095400
8/5/2025,MPPA,62,73,62,66,734465900
8/5/2025,MPRO,3050,3050,2870,3000,520200
8/5/2025,MPXL,110,110,107,107,2085000
8/5/2025,MRAT,252,256,236,250,748300
8/5/2025,MREI,970,975,945,950,277200
8/5/2025,MSIE,26,27,25,26,2084500
8/5/2025,MSIN,482,494,472,494,30497600
8/5/2025,MSJA,304,308,304,306,1047000
8/5/2025,MSKY,58,78,57,78,161563100
8/5/2025,MSTI,1680,1680,1580,1630,10492900
8/5/2025,MTDL,600,615,600,610,3927100
8/5/2025,MTEL,610,625,605,615,20951800
8/5/2025,MTFN,5,5,4,4,24104600
8/5/2025,MTLA,450,450,440,440,3900
8/5/2025,MTMH,885,885,870,875,8700
8/5/2025,MTPS,39,39,39,39,779000
8/5/2025,MTRA,0,0,0,0,0
8/5/2025,MTSM,0,0,0,0,0
8/5/2025,MTWI,332,332,324,328,163500
8/5/2025,MUTU,90,92,90,91,1059600
8/5/2025,MUTU-W,1,1,1,1,423000
8/5/2025,MYOH,1685,1705,1670,1705,6900
8/5/2025,MYOR,2340,2350,2230,2260,8327200
8/5/2025,MYORZPCH6A,47,47,47,47,95100
8/5/2025,MYTX,0,0,0,0,0
8/5/2025,NAIK,154,162,150,159,16836800
8/5/2025,NAIK-W,27,30,25,29,10083900
8/5/2025,NANO,23,23,21,23,29654800
8/5/2025,NASA,17,17,17,17,49700
8/5/2025,NASI,83,84,81,84,2774000
8/5/2025,NATO,143,144,140,140,41300
8/5/2025,NAYZ,41,41,39,40,2899300
8/5/2025,NCKL,975,995,935,950,246441200
8/5/2025,NELY,356,358,346,348,1224200
8/5/2025,NEST,300,304,298,300,2847200
8/5/2025,NETV,137,141,124,136,6584500
8/5/2025,NFCX,1905,1920,1855,1905,33600
8/5/2025,NICE,444,446,428,444,6237200
8/5/2025,NICK,1335,1335,1210,1250,65300
8/5/2025,NICL,1030,1035,990,1005,8338900
8/5/2025,NIKL,236,238,232,232,233100
8/5/2025,NINE,151,161,151,161,16546800
8/5/2025,NIRO,121,127,120,125,13500
8/5/2025,NISP,1330,1340,1325,1330,4187700
8/5/2025,NOBU,535,585,530,570,26501600
8/5/2025,NPGF,50,50,50,50,490200
8/5/2025,NRCA,900,900,890,890,3303500
8/5/2025,NSSS,406,414,404,412,14259900
8/5/2025,NTBK,50,50,50,50,300
8/5/2025,NUSA,0,0,0,0,0
8/5/2025,NZIA,92,96,92,93,2169900
8/5/2025,OASA,193,210,184,200,168292400
8/5/2025,OBAT,404,408,394,400,1684500
8/5/2025,OBAT-W,62,62,57,59,2035200
8/5/2025,OBMD,200,200,194,200,1011600
8/5/2025,OCAP,0,0,0,0,0
8/5/2025,OILS,138,147,134,136,5599700
8/5/2025,OKAS,224,232,220,228,4380700
8/5/2025,OLIV,24,25,22,25,10261300
8/5/2025,OMED,184,185,181,185,3419900
8/5/2025,OMRE,430,430,430,430,500
8/5/2025,OPMS,69,73,69,71,10654700
8/5/2025,PACK,4150,4340,3950,3990,4824200
8/5/2025,PADA,22,22,22,22,4717200
8/5/2025,PADI,48,48,48,48,10270600
8/5/2025,PALM,386,390,378,382,251400
8/5/2025,PAMG,87,89,79,80,131868300
8/5/2025,PANI,15925,15950,15475,15675,8057900
8/5/2025,PANIHDCZ5A,240,240,232,236,266200
8/5/2025,PANR,700,715,690,715,9923300
8/5/2025,PANS,1400,1410,1390,1395,661600
8/5/2025,PART,129,136,126,132,24486300
8/5/2025,PART-W,26,28,25,28,6105800
8/5/2025,PBID,474,476,470,476,701700
8/5/2025,PBRX,21,23,21,23,18284900
8/5/2025,PBSA,406,406,388,404,3125400
8/5/2025,PCAR,28,29,28,29,2449400
8/5/2025,PDES,540,560,520,560,899200
8/5/2025,PDPP,525,530,494,500,299200
8/5/2025,PEGE,112,132,111,115,22572100
8/5/2025,PEHA,338,344,336,342,152500
8/5/2025,PEVE,380,380,370,376,90200
8/5/2025,PGAS,1635,1635,1615,1625,12572400
8/5/2025,PGASBQCU5A,0,0,0,0,0
8/5/2025,PGASBQCZ5A,0,0,0,0,0
8/5/2025,PGASDRCG6A,65,65,65,65,7000
8/5/2025,PGASDRCQ5A,19,19,19,19,10000
8/5/2025,PGASHDCQ5A,0,0,0,0,0
8/5/2025,PGASYUCQ5A,0,0,0,0,0
8/5/2025,PGEO,1615,1630,1565,1585,86192400
8/5/2025,PGEOBQCX5B,65,67,64,64,50500
8/5/2025,PGEODRCJ6A,62,64,60,61,699200
8/5/2025,PGEODRCQ5A,113,114,113,114,10600
8/5/2025,PGEODRPV5A,29,29,28,29,9100
8/5/2025,PGEOHDCH6A,85,85,84,84,9800
8/5/2025,PGEOHDCH6B,97,97,88,95,870700
8/5/2025,PGEOHDCQ5A,114,114,111,111,200
8/5/2025,PGJO,0,0,0,0,0
8/5/2025,PGLI,184,186,174,180,1257400
8/5/2025,PGUN,0,0,0,0,0
8/5/2025,PICO,137,142,133,137,2473300
8/5/2025,PIPA,78,78,72,72,19165000
8/5/2025,PJAA,468,472,464,464,170000
8/5/2025,PKPK,610,625,600,620,29700
8/5/2025,PLAN,47,49,46,46,1689000
8/5/2025,PLAS,0,0,0,0,0
8/5/2025,PLIN,0,0,0,0,0
8/5/2025,PMJS,118,123,116,120,349600
8/5/2025,PMMP,0,0,0,0,0
8/5/2025,PMUI,120,121,115,116,16071600
8/5/2025,PNBN,1150,1165,1140,1145,8919800
8/5/2025,PNBS,50,50,50,50,274200
8/5/2025,PNGO,2540,2540,2290,2460,135600
8/5/2025,PNIN,910,910,900,910,407400
8/5/2025,PNLF,256,264,254,260,78370900
8/5/2025,PNLFDRCJ6A,0,0,0,0,0
8/5/2025,PNLFHDCZ5A,0,0,0,0,0
8/5/2025,PNLFYUCV5A,0,0,0,0,0
8/5/2025,PNLFZPCH6A,0,0,0,0,0
8/5/2025,PNSE,785,795,700,760,85000
8/5/2025,POLA,21,21,20,20,614700
8/5/2025,POLI,725,725,725,725,500
8/5/2025,POLL,0,0,0,0,0
8/5/2025,POLU,0,0,0,0,0
8/5/2025,POLY,16,16,16,16,340900
8/5/2025,POOL,0,0,0,0,0
8/5/2025,PORT,975,980,930,960,58500
8/5/2025,POSA,0,0,0,0,0
8/5/2025,POWR,700,705,695,700,2440800
8/5/2025,PPGL,99,101,98,100,244400
8/5/2025,PPRE,58,59,57,57,1874300
8/5/2025,PPRI,200,230,186,186,65693700
8/5/2025,PPRO,0,0,0,0,0
8/5/2025,PRAY,625,625,600,625,13700
8/5/2025,PRDA,3000,3010,2990,3000,1356400
8/5/2025,PRIM,61,63,61,61,4972000
8/5/2025,PSAB,402,408,400,400,80346300
8/5/2025,PSAT,1655,1675,1575,1585,3381700
8/5/2025,PSDN,83,86,82,84,970900
8/5/2025,PSGO,200,200,190,198,1636000
8/5/2025,PSKT,63,63,58,58,42249400
8/5/2025,PSSI,348,348,340,344,319200
8/5/2025,PTBA,2410,2420,2400,2400,10816200
8/5/2025,PTBABQCV5A,0,0,0,0,0
8/5/2025,PTBADRCG6A,30,33,30,33,1100
8/5/2025,PTBADRCQ5A,0,0,0,0,0
8/5/2025,PTBAHDCQ5A,0,0,0,0,0
8/5/2025,PTBAZPCH6A,0,0,0,0,0
8/5/2025,PTDU,0,0,0,0,0
8/5/2025,PTIS,410,410,380,394,52500
8/5/2025,PTMP,104,112,101,103,72103000
8/5/2025,PTMR,0,0,0,0,0
8/5/2025,PTPP,404,406,392,394,16178900
8/5/2025,PTPS,149,150,136,146,28919600
8/5/2025,PTPW,965,970,960,960,24400
8/5/2025,PTRO,3630,3680,3350,3480,94201700
8/5/2025,PTSN,268,274,254,268,1361200
8/5/2025,PTSP,1000,1000,935,965,9600
8/5/2025,PUDP,212,250,208,212,1611200
8/5/2025,PURA,15,15,15,15,12017700
8/5/2025,PURE,0,0,0,0,0
8/5/2025,PURI,185,185,182,185,37200
8/5/2025,PWON,354,368,354,364,63212400
8/5/2025,PWONHDCZ5A,0,0,0,0,0
8/5/2025,PWONZPCH6A,0,0,0,0,0
8/5/2025,PYFA,458,458,436,440,35470500
8/5/2025,PYFA-W,92,92,86,90,387800
8/5/2025,PZZA,178,191,177,186,17969600
8/5/2025,R-ABFII,0,0,0,0,0
8/5/2025,R-LQ45X,966,980,966,980,167500
8/5/2025,RAAM,266,268,260,266,12410000
8/5/2025,RAFI,0,0,0,0,0
8/5/2025,RAJA,2740,2780,2560,2640,75274500
8/5/2025,RALS,392,396,390,394,4120800
8/5/2025,RANC,416,416,416,416,500
8/5/2025,RATU,7275,7325,6925,7025,13465200
8/5/2025,RBMS,23,24,23,24,183400
8/5/2025,RCCC,110,113,109,110,1829100
8/5/2025,RDTX,12225,12725,12200,12300,1100
8/5/2025,REAL,42,44,42,43,2680800
8/5/2025,RELF,22,24,21,24,37330300
8/5/2025,RELI,730,735,700,735,733400
8/5/2025,RGAS,113,114,112,113,7344000
8/5/2025,RICY,34,34,32,33,6900
8/5/2025,RIGS,765,770,750,765,10000
8/5/2025,RIMO,0,0,0,0,0
8/5/2025,RISE,1050,1050,1045,1050,520600
8/5/2025,RMKE,595,605,580,590,2159300
8/5/2025,RMKO,113,116,109,111,958200
8/5/2025,ROCK,500,505,500,500,17900
8/5/2025,RODA,32,33,32,32,64000
8/5/2025,RONY,0,0,0,0,0
8/5/2025,ROTI,810,825,810,810,1308000
8/5/2025,RSCH,450,458,438,440,1735600
8/5/2025,RSGK,0,0,0,0,0
8/5/2025,RUIS,224,232,220,230,1689500
8/5/2025,RUNS,65,69,65,66,2137200
8/5/2025,SAFE,210,230,208,216,2015300
8/5/2025,SAGE,19,19,19,19,5742400
8/5/2025,SAME,308,328,308,320,6380900
8/5/2025,SAMF,346,348,338,342,117500
8/5/2025,SAPX,304,304,294,300,405400
8/5/2025,SATU,232,234,230,232,3225300
8/5/2025,SBAT,0,0,0,0,0
8/5/2025,SBMA,122,123,119,120,1310500
8/5/2025,SCCO,2470,2480,2250,2340,273700
8/5/2025,SCMA,230,242,220,236,430124800
8/5/2025,SCMABQCZ5A,65,77,65,73,2481800
8/5/2025,SCMAHDCZ5A,204,220,204,216,1200500
8/5/2025,SCMAZPCG6A,102,102,102,102,100
8/5/2025,SCNP,192,198,188,192,22900
8/5/2025,SCPI,0,0,0,0,0
8/5/2025,SDMU,42,42,41,41,222200
8/5/2025,SDPC,128,129,126,128,238300
8/5/2025,SDRA,294,298,294,294,359600
8/5/2025,SEMA,91,92,90,91,350100
8/5/2025,SFAN,1915,1915,1910,1910,104800
8/5/2025,SGER,340,344,334,338,179083300
8/5/2025,SGRO,3010,3030,2960,2990,627900
8/5/2025,SHID,950,965,895,900,153800
8/5/2025,SHIP,3330,3400,3330,3380,56900
8/5/2025,SICO,113,114,109,113,2577200
8/5/2025,SIDO,500,505,496,496,82859500
8/5/2025,SILO,2100,2100,2060,2070,557000
8/5/2025,SIMA,0,0,0,0,0
8/5/2025,SIMP,645,650,630,640,17384800
8/5/2025,SINI,3480,3480,3480,3480,7000
8/5/2025,SIPD,750,770,750,755,400
8/5/2025,SKBM,354,374,352,352,172900
8/5/2025,SKLT,187,192,182,187,869600
8/5/2025,SKRN,400,404,396,404,137000
8/5/2025,SKYB,0,0,0,0,0
8/5/2025,SLIS,50,50,50,50,450600
8/5/2025,SLIS-W,8,8,7,7,641100
8/5/2025,SMAR,3900,3940,3850,3870,109200
8/5/2025,SMBR,310,316,300,304,42062500
8/5/2025,SMCB,0,0,0,0,0
8/5/2025,SMDM,750,760,735,735,136700
8/5/2025,SMDR,344,350,338,340,25123800
8/5/2025,SMGA,88,92,86,91,102761100
8/5/2025,SMGR,2480,2570,2470,2510,7887800
8/5/2025,SMGRBQCU5A,7,11,7,7,1469900
8/5/2025,SMGRBQCX5B,0,0,0,0,0
8/5/2025,SMGRBQCZ5A,0,0,0,0,0
8/5/2025,SMGRDRCQ5A,2,2,2,2,682800
8/5/2025,SMGRDRCV5A,41,45,41,43,350200
8/5/2025,SMGRHDCZ5A,91,92,91,92,400000
8/5/2025,SMIL,336,344,328,342,132548500
8/5/2025,SMKL,163,163,159,159,287400
8/5/2025,SMKM,77,78,71,74,10564900
8/5/2025,SMLE,125,125,122,123,270200
8/5/2025,SMMA,14800,14925,13500,14600,99200
8/5/2025,SMMT,1200,1200,1050,1130,899800
8/5/2025,SMRA,418,426,416,424,65441100
8/5/2025,SMRADRCJ6A,31,31,29,29,1000000
8/5/2025,SMRAHDCZ5A,0,0,0,0,0
8/5/2025,SMRAZPCH6A,0,0,0,0,0
8/5/2025,SMRU,0,0,0,0,0
8/5/2025,SMSM,1955,1965,1915,1925,1208800
8/5/2025,SNLK,505,510,498,510,8289300
8/5/2025,SOCI,186,188,182,182,4120600
8/5/2025,SOFA,46,50,45,50,6278400
8/5/2025,SOHO,690,695,680,695,2400
8/5/2025,SOLA,141,141,137,139,38062500
8/5/2025,SONA,3310,3310,3240,3240,19400
8/5/2025,SOSS,432,432,414,420,8100
8/5/2025,SOTS,266,266,256,266,24700
8/5/2025,SOUL,60,60,55,60,18196700
8/5/2025,SPMA,280,280,272,278,223800
8/5/2025,SPRE,97,105,91,96,2407500
8/5/2025,SPTO,655,660,645,660,650000
8/5/2025,SQMI,0,0,0,0,0
8/5/2025,SRAJ,5000,5000,4930,5000,254200
8/5/2025,SRIL,0,0,0,0,0
8/5/2025,SRSN,53,53,50,51,5149100
8/5/2025,SRTG,1885,1905,1875,1875,5962700
8/5/2025,SRTGZPCG6A,0,0,0,0,0
8/5/2025,SSIA,2400,2650,2400,2640,93271900
8/5/2025,SSMS,1410,1425,1385,1390,10728400
8/5/2025,SSTM,190,240,190,195,1199800
8/5/2025,STAA,945,955,930,950,11691200
8/5/2025,STAR,29,30,29,30,486900
8/5/2025,STRK,126,132,125,129,37948300
8/5/2025,STTP,10300,10300,10300,10300,100
8/5/2025,SUGI,0,0,0,0,0
8/5/2025,SULI,105,105,101,104,452200
8/5/2025,SUNI,795,795,770,770,588700
8/5/2025,SUPR,0,0,0,0,0
8/5/2025,SURE,3490,4300,3410,3770,502800
8/5/2025,SURI,112,120,108,117,158922800
8/5/2025,SWAT,0,0,0,0,0
8/5/2025,SWID,118,119,106,111,19524300
8/5/2025,TALF,290,302,290,294,5200
8/5/2025,TAMA,24,25,24,25,298600
8/5/2025,TAMU,17,17,17,17,2555500
8/5/2025,TAPG,1505,1520,1420,1465,46661500
8/5/2025,TAPGDRCJ6A,75,75,67,71,24256200
8/5/2025,TAPGHDCH6A,190,193,176,178,420700
8/5/2025,TAPGZPCH6A,94,94,94,94,5000
8/5/2025,TARA,9,9,9,9,5594000
8/5/2025,TAXI,8,8,7,7,21934100
8/5/2025,TAYS,50,50,50,50,408200
8/5/2025,TBIG,1985,2000,1935,1940,485200
8/5/2025,TBLA,790,815,785,795,5921200
8/5/2025,TBMS,1030,1040,1010,1020,42100
8/5/2025,TCID,2380,2390,2380,2390,200
8/5/2025,TCPI,5875,6050,5850,6000,8705900
8/5/2025,TDPM,0,0,0,0,0
8/5/2025,TEBE,1165,1170,1110,1140,1592500
8/5/2025,TECH,0,0,0,0,0
8/5/2025,TELE,0,0,0,0,0
8/5/2025,TFAS,123,128,118,126,1212700
8/5/2025,TFCO,0,0,0,0,0
8/5/2025,TGKA,5925,5975,5900,5975,1200
8/5/2025,TGRA,0,0,0,0,0
8/5/2025,TGUK,0,0,0,0,0
8/5/2025,TIFA,535,565,520,535,10100
8/5/2025,TINS,1015,1020,990,995,16970200
8/5/2025,TIRA,2140,2200,2000,2130,217300
8/5/2025,TIRT,0,0,0,0,0
8/5/2025,TKIM,6425,6500,6300,6350,1040600
8/5/2025,TKIMZPCG6A,81,81,80,80,7500
8/5/2025,TLDN,640,645,625,635,1324300
8/5/2025,TLKM,3050,3050,2990,3030,99396900
8/5/2025,TLKMBQCQ5A,55,55,55,55,380000
8/5/2025,TLKMBQCV5A,0,0,0,0,0
8/5/2025,TLKMDRCJ6A,76,76,75,76,20800
8/5/2025,TLKMDRCQ5A,0,0,0,0,0
8/5/2025,TLKMDRCQ5B,110,110,110,110,26500
8/5/2025,TLKMDRCX6A,0,0,0,0,0
8/5/2025,TLKMHDCQ5A,0,0,0,0,0
8/5/2025,TLKMHDCV5A,0,0,0,0,0
8/5/2025,TLKMYUCQ5A,110,110,110,110,100
8/5/2025,TLKMZPCF6A,94,94,94,94,1200
8/5/2025,TMAS,128,128,126,127,2928700
8/5/2025,TMPO,153,153,149,151,2061700
8/5/2025,TNCA,137,140,136,137,739500
8/5/2025,TOBA,1135,1140,1020,1055,266695000
8/5/2025,TOOL,51,52,50,51,2789100
8/5/2025,TOPS,0,0,0,0,0
8/5/2025,TOSK,50,50,50,50,21500
8/5/2025,TOTL,725,755,715,730,3484700
8/5/2025,TOTO,250,256,248,256,4345400
8/5/2025,TOWR,625,640,615,620,27200200
8/5/2025,TOYS,0,0,0,0,0
8/5/2025,TPIA,9275,9300,9025,9050,5006100
8/5/2025,TPMA,575,580,575,575,5004500
8/5/2025,TRAM,0,0,0,0,0
8/5/2025,TRGU,185,187,182,187,83200
8/5/2025,TRIL,0,0,0,0,0
8/5/2025,TRIM,366,372,366,370,94500
8/5/2025,TRIN,102,102,101,102,415200
8/5/2025,TRIN-W2,0,0,0,0,0
8/5/2025,TRIO,0,0,0,0,0
8/5/2025,TRIS,183,185,183,184,114100
8/5/2025,TRJA,137,141,133,137,1433000
8/5/2025,TRON,113,114,109,110,2118800
8/5/2025,TRST,492,492,492,492,1000
8/5/2025,TRUE,21,21,20,20,1637600
8/5/2025,TRUK,145,149,145,146,32400
8/5/2025,TRUS,468,468,462,462,9700
8/5/2025,TSPC,2210,2210,2160,2190,2440500
8/5/2025,TUGU,920,930,915,930,2716000
8/5/2025,TYRE,127,130,127,128,104100
8/5/2025,UANG,204,204,200,200,582600
8/5/2025,UCID,492,496,490,494,2533900
8/5/2025,UDNG,1190,1190,1180,1190,445500
8/5/2025,UFOE,174,174,165,170,114900
8/5/2025,ULTJ,1300,1305,1290,1300,2099500
8/5/2025,UNIC,8050,8050,7900,7900,2100
8/5/2025,UNIQ,382,400,382,400,54060000
8/5/2025,UNIT,0,0,0,0,0
8/5/2025,UNSP,131,132,131,131,12600
8/5/2025,UNTD,80,81,77,77,10631600
8/5/2025,UNTR,24500,24500,24200,24350,1859600
8/5/2025,UNTRBQCV5A,0,0,0,0,0
8/5/2025,UNTRDRCG6A,134,134,134,134,100
8/5/2025,UNTRDRCQ5A,0,0,0,0,0
8/5/2025,UNTRHDCQ5A,0,0,0,0,0
8/5/2025,UNVR,1760,1835,1750,1800,85662300
8/5/2025,UNVRBQCQ5A,18,22,18,22,285200
8/5/2025,UNVRBQCU5A,0,0,0,0,0
8/5/2025,UNVRBQCZ5A,127,127,125,125,2400
8/5/2025,UNVRDRCG6A,51,57,51,54,153400
8/5/2025,UNVRDRCQ5A,5,8,4,6,1747100
8/5/2025,UNVRHDCQ5A,254,258,254,258,220000
8/5/2025,UNVRHDPG6A,109,109,109,109,5600
8/5/2025,UNVRZPCH6A,0,0,0,0,0
8/5/2025,URBN,133,133,129,131,95800
8/5/2025,UVCR,72,72,71,71,2152500
8/5/2025,VAST,162,162,148,152,6602700
8/5/2025,VAST-W,13,14,13,14,3902400
8/5/2025,VERN,163,163,159,160,2557500
8/5/2025,VERN-W,7,8,5,7,60518400
8/5/2025,VICI,630,635,630,630,600300
8/5/2025,VICO,168,198,168,180,18196300
8/5/2025,VINS,121,129,118,118,1540000
8/5/2025,VISI,151,152,147,148,6050500
8/5/2025,VIVA,15,15,14,14,8923000
8/5/2025,VKTR,85,85,82,85,13183200
8/5/2025,VOKS,193,194,188,193,26300
8/5/2025,VRNA,71,75,71,74,946800
8/5/2025,VTNY,94,96,92,94,15737700
8/5/2025,WAPO,143,144,140,141,574300
8/5/2025,WEGE,51,52,50,51,15593700
8/5/2025,WEHA,121,121,117,118,2807400
8/5/2025,WGSH,167,170,166,169,450200
8/5/2025,WICO,0,0,0,0,0
8/5/2025,WIDI,23,24,22,24,12211900
8/5/2025,WIFI,2790,2800,2680,2700,84640500
8/5/2025,WIIM,795,805,780,800,1472500
8/5/2025,WIKA,0,0,0,0,0
8/5/2025,WINE,210,212,206,206,689200
8/5/2025,WINR,27,27,26,26,519400
8/5/2025,WINS,380,384,374,378,1780000
8/5/2025,WIRG,121,122,115,115,339443800
8/5/2025,WMPP,0,0,0,0,0
8/5/2025,WMUU,12,12,11,11,6311900
8/5/2025,WOMF,340,340,338,340,9000
8/5/2025,WOOD,404,404,388,390,2344900
8/5/2025,WOWS,55,58,55,55,607100
8/5/2025,WSBP,12,13,12,13,12796000
8/5/2025,WSKT,0,0,0,0,0
8/5/2025,WTON,90,94,89,91,8952300
8/5/2025,XAQA,0,0,0,0,0
8/5/2025,XBES,1061,1061,1061,1061,10000
8/5/2025,XBID,510,510,510,510,56600
8/5/2025,XBIG,0,0,0,0,0
8/5/2025,XBIN,574,574,574,574,40000
8/5/2025,XBLQ,487,487,487,487,2000
8/5/2025,XBNI,0,0,0,0,0
8/5/2025,XBSK,437,437,437,437,40000
8/5/2025,XCEG,105,105,105,105,2200
8/5/2025,XCID,91,94,80,82,544200
8/5/2025,XCIS,181,181,181,181,9000
8/5/2025,XCLQ,75,88,75,88,900
8/5/2025,XDIF,0,0,0,0,0
8/5/2025,XIFE,122,122,105,117,431200
8/5/2025,XIHD,615,621,615,621,300
8/5/2025,XIIC,0,0,0,0,0
8/5/2025,XIID,486,492,486,492,4400
8/5/2025,XIIF,462,462,462,462,1000
8/5/2025,XIIT,520,520,515,515,3100
8/5/2025,XIJI,630,630,616,616,5400
8/5/2025,XILV,135,156,118,156,244900
8/5/2025,XIML,0,0,0,0,0
8/5/2025,XIPB,194,197,194,197,500
8/5/2025,XIPI,218,218,218,218,103900
8/5/2025,XISB,0,0,0,0,0
8/5/2025,XISC,0,0,0,0,0
8/5/2025,XISI,339,339,339,339,400
8/5/2025,XISR,0,0,0,0,0
8/5/2025,XKID,946,946,946,946,100
8/5/2025,XKIV,556,556,556,556,42000
8/5/2025,XKMS,1140,1150,1140,1150,200100
8/5/2025,XMGB,1105,1105,1105,1105,100
8/5/2025,XMIG,215,216,214,214,200600
8/5/2025,XMLF,876,876,876,876,40000
8/5/2025,XMSK,373,377,373,375,1800
8/5/2025,XNVE,0,0,0,0,0
8/5/2025,XPDV,0,0,0,0,0
8/5/2025,XPFT,0,0,0,0,0
8/5/2025,XPIN,618,619,616,619,700
8/5/2025,XPLQ,0,0,0,0,0
8/5/2025,XPSG,382,382,382,382,100
8/5/2025,XPTD,750,935,638,638,25400
8/5/2025,XSBC,510,510,454,454,12900
8/5/2025,XSPI,0,0,0,0,0
8/5/2025,XSSI,180,180,179,179,1215700
8/5/2025,XSSK,679,679,679,679,20000
8/5/2025,YELO,36,36,36,36,17897500
8/5/2025,YOII,97,104,96,97,4781300
8/5/2025,YPAS,0,0,0,0,0
8/5/2025,YULE,0,0,0,0,0
8/5/2025,YUPI,1730,1735,1710,1720,200200
8/5/2025,ZATA,9,10,9,10,20619900
8/5/2025,ZBRA,0,0,0,0,0
8/5/2025,ZINC,12,12,12,12,15269200
8/5/2025,ZONE,760,765,745,760,21900
8/5/2025,ZYRX,133,134,130,132,231300
