<date>,<ticker>,<open>,<high>,<low>,<close>,<volume>
8/12/2025,IHSG,7666.090,7800.831,7605.925,7791.697,291866392
8/12/2025,IDX30,0.000,0.000,0.000,0.000,0
8/12/2025,IDX80,0.000,0.000,0.000,0.000,0
8/12/2025,AADI,7200,7200,7000,7075,11695600
8/12/2025,AALI,7175,7200,7025,7050,1396100
8/12/2025,ABBA,37,37,36,36,174900
8/12/2025,ABDA,0,0,0,0,0
8/12/2025,ABMM,3000,3010,2970,2990,1330300
8/12/2025,ACES,476,484,476,478,50760000
8/12/2025,ACESBQCV5A,3,3,2,3,567800
8/12/2025,ACESBQCX5B,18,19,18,18,900
8/12/2025,ACESDRCJ6A,20,20,19,19,297100
8/12/2025,ACESDRCQ5A,2,2,1,1,1160700
8/12/2025,ACESHDCZ5A,54,54,54,54,20200
8/12/2025,ACESZPCJ6A,29,29,29,29,1500
8/12/2025,ACRO,70,75,70,72,12869700
8/12/2025,ACRO-W,7,8,7,8,695100
8/12/2025,ACST,89,93,88,89,13071500
8/12/2025,ADCP,50,50,50,50,1471500
8/12/2025,ADES,14925,14925,13775,14600,161200
8/12/2025,ADHI,286,296,274,284,198888200
8/12/2025,ADMF,9050,9075,9025,9050,80000
8/12/2025,ADMG,125,127,121,124,210400
8/12/2025,ADMR,1110,1120,1100,1110,23208500
8/12/2025,ADMRDRCJ6A,45,46,45,45,474900
8/12/2025,ADMRZPCH6A,0,0,0,0,0
8/12/2025,ADRO,1810,1870,1810,1860,63852100
8/12/2025,ADROBQCU5A,15,16,15,15,100700
8/12/2025,ADROBQCZ5A,43,43,29,30,161300
8/12/2025,ADRODRCJ6A,75,75,74,74,23000
8/12/2025,ADRODRCQ5A,2,3,1,2,1979800
8/12/2025,ADRODRCQ5B,10,12,10,11,34700
8/12/2025,ADRODRCX5A,44,51,44,51,4505200
8/12/2025,ADROHDCQ5A,2,2,1,2,1465200
8/12/2025,ADROHDCZ5A,0,0,0,0,0
8/12/2025,ADROYUCZ5A,97,97,97,97,100
8/12/2025,ADROZPCF6A,0,0,0,0,0
8/12/2025,AEGS,56,56,52,53,5250400
8/12/2025,AGAR,260,260,240,252,70000
8/12/2025,AGII,910,910,900,910,103000
8/12/2025,AGRO,220,254,218,252,388304000
8/12/2025,AGRS,65,71,64,67,16584300
8/12/2025,AHAP,67,79,67,77,74913800
8/12/2025,AIMS,326,326,326,326,1427200
8/12/2025,AISA,130,130,126,127,4107100
8/12/2025,AKKU,0,0,0,0,0
8/12/2025,AKPI,585,590,575,580,12900
8/12/2025,AKRA,1285,1290,1260,1260,15845200
8/12/2025,AKRABQCX5B,0,0,0,0,0
8/12/2025,AKRADRCQ5A,6,6,5,5,309800
8/12/2025,AKRADRCX5A,42,42,42,42,100
8/12/2025,AKRAHDCH6A,0,0,0,0,0
8/12/2025,AKRAHDCQ5A,20,21,19,19,250100
8/12/2025,AKRAZPCJ6A,60,60,60,60,464000
8/12/2025,AKRAZPCX5A,0,0,0,0,0
8/12/2025,AKSI,252,252,246,250,59100
8/12/2025,ALDO,492,496,492,496,219000
8/12/2025,ALII,575,585,575,585,3779800
8/12/2025,ALKA,312,328,304,312,40500
8/12/2025,ALMI,0,0,0,0,0
8/12/2025,ALTO,0,0,0,0,0
8/12/2025,AMAG,352,362,352,362,16000
8/12/2025,AMAN,114,116,113,113,1323400
8/12/2025,AMAR,214,228,214,218,18324500
8/12/2025,AMFG,3060,3110,3050,3100,45500
8/12/2025,AMIN,173,180,172,175,137200
8/12/2025,AMMN,8325,8525,7975,8475,68602100
8/12/2025,AMMNBQCZ5A,49,49,46,48,12800
8/12/2025,AMMNDRCJ6A,79,82,79,82,192500
8/12/2025,AMMNHDCH6A,107,107,107,107,400
8/12/2025,AMMNZPCG6A,57,68,57,68,450300
8/12/2025,AMMS,142,154,142,154,6508500
8/12/2025,AMOR,515,515,505,505,28600
8/12/2025,AMRT,2390,2420,2380,2390,9734500
8/12/2025,AMRTBQCU5A,17,18,16,17,278200
8/12/2025,AMRTDRCQ5A,0,0,0,0,0
8/12/2025,AMRTDRCZ5A,50,50,50,50,23600
8/12/2025,AMRTHDCQ5A,12,13,12,12,200300
8/12/2025,AMRTZPCX5A,0,0,0,0,0
8/12/2025,ANDI,17,18,16,18,42921500
8/12/2025,ANJT,1760,1765,1760,1760,154600
8/12/2025,ANTM,2940,2950,2870,2900,111654300
8/12/2025,ANTMBQCU5A,262,264,262,264,170300
8/12/2025,ANTMBQCX5A,66,66,62,64,1443500
8/12/2025,ANTMBQCZ5A,0,0,0,0,0
8/12/2025,ANTMDRCG6A,46,46,44,45,465800
8/12/2025,ANTMDRCQ5A,242,242,242,242,100
8/12/2025,ANTMDRCX5A,276,278,270,270,418800
8/12/2025,ANTMDRPU5A,43,43,43,43,1100
8/12/2025,ANTMDRPU5B,22,22,22,22,180900
8/12/2025,ANTMHDCH6A,80,80,80,80,100
8/12/2025,ANTMHDCH6B,120,120,120,120,500
8/12/2025,ANTMHDCQ5A,0,0,0,0,0
8/12/2025,ANTMHDCU5A,90,90,90,90,3000
8/12/2025,ANTMYUCQ5A,0,0,0,0,0
8/12/2025,ANTMZPCJ6A,66,67,66,66,189500
8/12/2025,ANTMZPCX5A,0,0,0,0,0
8/12/2025,APEX,124,128,122,124,25117700
8/12/2025,APIC,1070,1110,1070,1110,5340800
8/12/2025,APII,170,178,168,175,232000
8/12/2025,APLI,488,488,486,486,14200
8/12/2025,APLN,107,109,105,105,30283800
8/12/2025,ARCI,660,705,635,705,48290300
8/12/2025,AREA,440,470,436,470,2485700
8/12/2025,ARGO,1340,1440,1250,1325,114600
8/12/2025,ARII,266,272,262,262,400400
8/12/2025,ARKA,24,24,22,23,5810900
8/12/2025,ARKO,1130,1225,1100,1130,1421800
8/12/2025,ARMY,0,0,0,0,0
8/12/2025,ARNA,575,585,570,580,2944600
8/12/2025,ARTA,3690,4350,3690,3710,142800
8/12/2025,ARTI,0,0,0,0,0
8/12/2025,ARTO,2010,2380,1975,2200,84608800
8/12/2025,ARTOBQCU5A,11,25,5,11,18660100
8/12/2025,ARTOBQCX5B,126,164,126,146,820500
8/12/2025,ARTOBQCZ5A,25,40,25,30,2272500
8/12/2025,ARTODRCQ5A,1,2,1,2,1323400
8/12/2025,ARTODRCX5A,46,71,46,58,5636700
8/12/2025,ARTOHDCZ5A,130,135,130,135,48900
8/12/2025,ARTOZPCX5A,49,72,49,58,29116700
8/12/2025,ASBI,436,448,430,434,15200
8/12/2025,ASDM,555,555,525,535,49300
8/12/2025,ASGR,1085,1090,1050,1070,1820600
8/12/2025,ASHA,19,20,19,20,3542400
8/12/2025,ASII,4900,5025,4890,4990,22725500
8/12/2025,ASIIBQCU5A,38,39,38,39,5200
8/12/2025,ASIIBQCZ5A,0,0,0,0,0
8/12/2025,ASIIDRCQ5A,10,10,10,10,100
8/12/2025,ASIIDRCQ5B,0,0,0,0,0
8/12/2025,ASIIDRCX5A,89,96,88,96,400
8/12/2025,ASIIDRCX6A,0,0,0,0,0
8/12/2025,ASIIDRPQ5A,3,3,2,2,1500
8/12/2025,ASIIHDCZ5A,0,0,0,0,0
8/12/2025,ASIIZPCJ6A,84,84,84,84,10400
8/12/2025,ASJT,108,109,107,108,89500
8/12/2025,ASLC,64,65,62,63,73992100
8/12/2025,ASLI,0,0,0,0,0
8/12/2025,ASMI,18,18,17,18,101700
8/12/2025,ASPI,276,310,274,286,1309000
8/12/2025,ASPR,94,100,94,98,56297200
8/12/2025,ASRI,166,169,163,165,29121800
8/12/2025,ASRM,282,282,280,282,33600
8/12/2025,ASSA,970,970,930,960,14492500
8/12/2025,ATAP,29,30,29,30,60000
8/12/2025,ATIC,406,410,398,406,378600
8/12/2025,ATLA,50,50,50,50,1330800
8/12/2025,AUTO,2190,2200,2140,2170,1382300
8/12/2025,AUTOZPCJ6A,27,27,27,27,2500
8/12/2025,AVIA,428,434,424,424,17613600
8/12/2025,AVIAZPCJ6A,0,0,0,0,0
8/12/2025,AWAN,266,270,258,264,18786800
8/12/2025,AXIO,127,134,122,130,15910100
8/12/2025,AYAM,171,172,166,169,100052300
8/12/2025,AYLS,103,104,101,103,4852600
8/12/2025,BABP,53,55,52,54,67344500
8/12/2025,BABY,330,356,330,350,8358300
8/12/2025,BACA,131,135,130,132,2743900
8/12/2025,BAIK,95,95,93,94,1115700
8/12/2025,BAIK-W,9,9,7,8,3326800
8/12/2025,BAJA,130,131,128,128,1407900
8/12/2025,BALI,1300,1320,1300,1315,15000
8/12/2025,BANK,820,850,815,840,10254700
8/12/2025,BANK-W,0,0,0,0,0
8/12/2025,BAPA,50,54,50,51,12726500
8/12/2025,BAPI,10,10,9,10,6521700
8/12/2025,BATA,51,51,50,50,41300
8/12/2025,BATR,103,107,100,105,18453700
8/12/2025,BAUT,36,36,36,36,44113800
8/12/2025,BAYU,1280,1300,1280,1285,358700
8/12/2025,BBCA,8625,8875,8575,8850,171015700
8/12/2025,BBCABQCV5A,25,30,25,30,108600
8/12/2025,BBCABQCX5A,0,0,0,0,0
8/12/2025,BBCADRCF6A,67,74,67,74,848700
8/12/2025,BBCADRCQ5A,7,9,7,9,211500
8/12/2025,BBCADRCX6A,4550,4550,4550,4550,300
8/12/2025,BBCADRPQ5A,27,27,20,20,2400
8/12/2025,BBCAHDCQ5A,2,3,1,2,26000
8/12/2025,BBCAHDCU5A,0,0,0,0,0
8/12/2025,BBCAHDCV5A,0,0,0,0,0
8/12/2025,BBCAYUCQ5A,40,45,40,45,200
8/12/2025,BBCAZPCF6A,51,55,51,55,800
8/12/2025,BBCAZPCH6A,0,0,0,0,0
8/12/2025,BBHI,1600,1655,1500,1580,9906500
8/12/2025,BBKP,60,63,60,63,115126000
8/12/2025,BBLD,995,995,905,905,464000
8/12/2025,BBMD,2100,2100,2100,2100,100
8/12/2025,BBNI,4220,4420,4210,4360,120908000
8/12/2025,BBNIBQCU5A,31,31,31,31,100
8/12/2025,BBNIBQCV5A,0,0,0,0,0
8/12/2025,BBNIDRCQ5A,2,2,2,2,5200
8/12/2025,BBNIDRCX6A,2420,2520,2420,2520,300
8/12/2025,BBNIDRCZ5A,60,69,59,69,938500
8/12/2025,BBNIDRPU5A,17,17,17,17,86400
8/12/2025,BBNIHDCQ5A,10,18,10,18,26100
8/12/2025,BBNIHDCU5A,0,0,0,0,0
8/12/2025,BBNIHDPU5A,0,0,0,0,0
8/12/2025,BBNIYUCV5A,71,73,71,71,300
8/12/2025,BBNIZPCH6A,101,114,101,114,22000
8/12/2025,BBNIZPCX5A,0,0,0,0,0
8/12/2025,BBRI,3860,4050,3830,4050,404797800
8/12/2025,BBRIBQCQ5A,2,3,2,3,287600
8/12/2025,BBRIBQCU5A,0,0,0,0,0
8/12/2025,BBRIBQCZ5A,0,0,0,0,0
8/12/2025,BBRIDRCQ5A,6,11,6,11,117600
8/12/2025,BBRIDRCX5A,144,173,144,173,441100
8/12/2025,BBRIDRCX6A,2220,2380,2220,2370,7400
8/12/2025,BBRIHDCH6A,141,143,141,143,700
8/12/2025,BBRIHDCQ5A,0,0,0,0,0
8/12/2025,BBRIYUCV5A,135,147,135,146,47300
8/12/2025,BBRIZPCH6A,101,104,101,104,3200
8/12/2025,BBRIZPCX5A,84,87,84,87,7600
8/12/2025,BBRM,78,78,75,76,2033200
8/12/2025,BBSI,4010,4030,3910,4010,32200
8/12/2025,BBSS,266,274,256,262,55100
8/12/2025,BBTN,1210,1280,1205,1260,72378400
8/12/2025,BBTNHDCZ5A,118,118,118,118,5700
8/12/2025,BBTNYUCZ5A,76,76,76,76,100
8/12/2025,BBTNZPCG6A,51,55,51,55,4500
8/12/2025,BBYB,294,358,290,352,623500700
8/12/2025,BCAP,62,67,61,67,153346000
8/12/2025,BCIC,0,0,0,0,0
8/12/2025,BCIP,95,97,94,95,17332200
8/12/2025,BDKR,153,158,153,157,25932300
8/12/2025,BDMN,2570,2580,2530,2570,1061000
8/12/2025,BEBS,0,0,0,0,0
8/12/2025,BEEF,340,340,298,304,52139900
8/12/2025,BEER,102,108,101,102,2496500
8/12/2025,BEKS,23,24,23,23,5950200
8/12/2025,BELI,380,382,378,380,310000
8/12/2025,BELL,50,61,50,52,104255700
8/12/2025,BESS,1015,1030,995,1015,25700
8/12/2025,BEST,101,103,101,101,3781400
8/12/2025,BFIN,855,900,855,885,36720600
8/12/2025,BGTG,79,86,78,85,71177800
8/12/2025,BHAT,845,855,835,855,2396000
8/12/2025,BHIT,30,31,30,31,12401300
8/12/2025,BIKA,0,0,0,0,0
8/12/2025,BIKE,825,850,820,825,4049900
8/12/2025,BIMA,46,50,46,50,258200
8/12/2025,BINA,4380,4390,4380,4390,7900
8/12/2025,BINO,111,114,110,111,594900
8/12/2025,BIPI,90,90,88,89,82449400
8/12/2025,BIPP,37,37,37,37,44400
8/12/2025,BIRD,1925,1930,1880,1900,1909900
8/12/2025,BISI,890,895,880,895,85000
8/12/2025,BJBR,780,795,775,790,5711200
8/12/2025,BJTM,510,525,510,520,23755500
8/12/2025,BKDP,33,34,33,34,25100
8/12/2025,BKSL,155,155,146,147,821110100
8/12/2025,BKSW,60,66,59,62,37719500
8/12/2025,BLES,165,165,156,160,12575800
8/12/2025,BLOG,510,530,505,510,11241000
8/12/2025,BLTA,20,20,20,20,7118600
8/12/2025,BLTZ,1800,1800,1800,1800,400
8/12/2025,BLUE,310,316,308,314,924700
8/12/2025,BMAS,550,550,550,550,400
8/12/2025,BMBL,30,33,30,31,16717800
8/12/2025,BMHS,189,195,188,190,1213500
8/12/2025,BMRI,4770,4920,4750,4910,301599000
8/12/2025,BMRIBQCU5A,5,7,5,6,8191600
8/12/2025,BMRIBQCZ5A,76,76,76,76,100
8/12/2025,BMRIDRCQ5A,1,1,1,1,83800
8/12/2025,BMRIDRCX5A,65,71,64,71,831600
8/12/2025,BMRIDRCX6A,2460,2550,2450,2550,204600
8/12/2025,BMRIHDCQ5A,2,2,2,2,8900
8/12/2025,BMRIHDCU5A,111,111,111,111,45100
8/12/2025,BMRIHDPU5A,0,0,0,0,0
8/12/2025,BMRIYUCQ5A,21,21,21,21,200
8/12/2025,BMRIZPCH6A,71,75,71,74,135600
8/12/2025,BMRIZPCX5A,41,47,41,47,500100
8/12/2025,BMSR,246,250,246,248,41500
8/12/2025,BMTR,145,149,144,149,49445100
8/12/2025,BNBA,815,890,810,840,5282100
8/12/2025,BNBR,39,39,39,39,15288100
8/12/2025,BNGA,1710,1730,1710,1725,5502100
8/12/2025,BNGAZPCH6A,0,0,0,0,0
8/12/2025,BNII,204,210,202,208,5867300
8/12/2025,BNLI,3190,3190,3120,3170,121900
8/12/2025,BOAT,107,112,106,112,15500100
8/12/2025,BOBA,181,188,181,188,837500
8/12/2025,BOGA,600,610,590,610,711600
8/12/2025,BOLA,190,190,184,186,1802900
8/12/2025,BOLT,1060,1090,1060,1090,41200
8/12/2025,BOSS,0,0,0,0,0
8/12/2025,BPFI,340,340,320,326,78800
8/12/2025,BPII,585,590,585,590,249900
8/12/2025,BPTR,100,101,94,99,479600
8/12/2025,BRAM,5150,5250,5050,5225,1600
8/12/2025,BREN,8900,9325,8825,9100,72575500
8/12/2025,BRIS,2730,2790,2730,2780,33170200
8/12/2025,BRISBQCZ5A,0,0,0,0,0
8/12/2025,BRISDRCJ6A,55,55,55,55,511100
8/12/2025,BRISHDCH6A,71,74,71,72,8000
8/12/2025,BRISHDCZ5A,0,0,0,0,0
8/12/2025,BRISYUCV5A,87,87,87,87,100
8/12/2025,BRISZPCG6A,59,60,59,60,4900
8/12/2025,BRMS,442,442,432,434,439371600
8/12/2025,BRMSBQCZ5A,54,54,52,52,37300
8/12/2025,BRMSDRCJ6A,40,40,40,40,7500
8/12/2025,BRMSHDCH6A,0,0,0,0,0
8/12/2025,BRMSHDCZ5A,0,0,0,0,0
8/12/2025,BRMSYUCV5A,30,30,29,29,47000
8/12/2025,BRMSZPCG6A,62,62,62,62,53000
8/12/2025,BRNA,865,890,755,875,1273100
8/12/2025,BRPT,2350,2410,2280,2340,151906500
8/12/2025,BRPTBQCQ5A,0,0,0,0,0
8/12/2025,BRPTBQCV5A,396,398,396,396,400
8/12/2025,BRPTBQCX5B,103,103,92,103,196600
8/12/2025,BRPTBQCZ5A,0,0,0,0,0
8/12/2025,BRPTDRCF6A,202,206,202,204,86700
8/12/2025,BRPTDRCJ6A,111,116,107,111,509800
8/12/2025,BRPTDRCQ5A,0,0,0,0,0
8/12/2025,BRPTDRCX5A,242,246,236,236,431900
8/12/2025,BRPTDRPV5A,12,13,12,12,1727300
8/12/2025,BRPTHDCH6A,0,0,0,0,0
8/12/2025,BRPTHDCH6B,0,0,0,0,0
8/12/2025,BRPTHDCQ5A,0,0,0,0,0
8/12/2025,BRPTHDPG6A,0,0,0,0,0
8/12/2025,BRPTYUCZ5A,139,144,139,144,6000
8/12/2025,BRPTZPCF6A,244,244,238,238,4700
8/12/2025,BRPTZPCX5A,0,0,0,0,0
8/12/2025,BRRC,86,90,81,82,197421800
8/12/2025,BRRC-W,11,11,9,10,9809300
8/12/2025,BSBK,53,53,51,52,36999900
8/12/2025,BSDE,885,890,870,880,23291500
8/12/2025,BSDEDRCJ6A,27,29,27,29,58800
8/12/2025,BSDEZPCH6A,0,0,0,0,0
8/12/2025,BSIM,870,885,850,860,23400
8/12/2025,BSML,104,107,104,106,49501800
8/12/2025,BSSR,3900,3920,3900,3900,478500
8/12/2025,BSWD,0,0,0,0,0
8/12/2025,BTEK,5,6,5,6,112713000
8/12/2025,BTEL,0,0,0,0,0
8/12/2025,BTON,388,390,388,388,300
8/12/2025,BTPN,2080,2100,2070,2070,63400
8/12/2025,BTPS,1475,1575,1470,1530,52448800
8/12/2025,BTPSZPCH6A,51,53,49,49,2490300
8/12/2025,BUAH,1320,1330,1310,1325,23000
8/12/2025,BUDI,232,232,228,228,85200
8/12/2025,BUKA,174,180,170,174,365796100
8/12/2025,BUKABQCZ5B,24,24,22,22,8999600
8/12/2025,BUKAHDCZ5A,0,0,0,0,0
8/12/2025,BUKK,825,825,810,825,11200
8/12/2025,BULL,155,184,153,176,477836400
8/12/2025,BUMI,108,111,108,110,681814400
8/12/2025,BUVA,286,286,286,286,292178700
8/12/2025,BVIC,95,98,92,96,14869300
8/12/2025,BVIC-W,48,48,47,47,14100
8/12/2025,BWPT,121,122,116,117,177565100
8/12/2025,BYAN,18300,18350,18225,18300,35700
8/12/2025,CAKK,133,135,132,134,64500
8/12/2025,CAMP,212,212,208,208,1905100
8/12/2025,CANI,38,38,38,38,40900
8/12/2025,CARE,266,276,262,274,18565600
8/12/2025,CARS,107,109,103,105,29694300
8/12/2025,CASA,1070,1090,1070,1090,4286900
8/12/2025,CASH,66,72,66,69,3370500
8/12/2025,CASS,2330,2410,2250,2360,26300
8/12/2025,CBDK,6000,6050,5900,5950,3699700
8/12/2025,CBMF,0,0,0,0,0
8/12/2025,CBPE,180,185,177,177,138900
8/12/2025,CBRE,0,0,0,0,0
8/12/2025,CBUT,1205,1395,1205,1245,161000
8/12/2025,CCSI,322,326,316,322,565700
8/12/2025,CDIA,1525,1575,1490,1550,340288900
8/12/2025,CEKA,2590,2640,2590,2600,13300
8/12/2025,CENT,102,104,99,100,17389500
8/12/2025,CFIN,316,320,314,320,2520100
8/12/2025,CGAS,115,123,114,118,39143900
8/12/2025,CHEK,200,206,195,195,28409100
8/12/2025,CHEM,0,0,0,0,0
8/12/2025,CHIP,1330,1330,1315,1330,78000
8/12/2025,CINT,156,159,156,157,57600
8/12/2025,CITA,3900,3980,3890,3950,363700
8/12/2025,CITY,116,117,108,112,21882800
8/12/2025,CLAY,1275,1300,1265,1300,84000
8/12/2025,CLEO,620,630,600,600,25413800
8/12/2025,CLPI,1245,1260,1240,1245,83500
8/12/2025,CMNP,1300,1315,1300,1305,136700
8/12/2025,CMNP-W,400,400,400,400,3000
8/12/2025,CMNT,915,915,815,825,30598000
8/12/2025,CMPP,72,75,72,75,27700
8/12/2025,CMRY,5000,5075,4950,5000,496100
8/12/2025,CMRYZPCJ6A,47,48,47,48,1800
8/12/2025,CNKO,81,81,81,81,41327600
8/12/2025,CNMA,140,141,138,138,16599200
8/12/2025,CNTB,0,0,0,0,0
8/12/2025,CNTX,0,0,0,0,0
8/12/2025,COAL,34,34,34,34,2019800
8/12/2025,COCO,0,0,0,0,0
8/12/2025,COIN,1700,1725,1610,1655,121982100
8/12/2025,COWL,0,0,0,0,0
8/12/2025,CPIN,4480,4520,4450,4460,8804600
8/12/2025,CPINDRCG6A,69,73,69,73,50300
8/12/2025,CPINDRCQ5A,1,1,1,1,100
8/12/2025,CPINHDCQ5A,5,5,4,4,20000
8/12/2025,CPINZPCJ6A,43,43,43,43,236700
8/12/2025,CPRI,0,0,0,0,0
8/12/2025,CPRO,51,52,51,51,29188100
8/12/2025,CRAB,238,242,236,240,3288000
8/12/2025,CRSN,109,117,107,114,3339500
8/12/2025,CSAP,258,270,258,266,302700
8/12/2025,CSIS,103,112,101,109,7981100
8/12/2025,CSMI,416,416,398,412,9080100
8/12/2025,CSRA,745,770,735,740,3093400
8/12/2025,CTBN,5475,5475,5450,5450,7000
8/12/2025,CTRA,1020,1020,990,1000,28054500
8/12/2025,CTRADRCJ6A,0,0,0,0,0
8/12/2025,CTRAYUCZ5A,67,67,65,66,11500
8/12/2025,CTRAZPCG6A,45,45,45,45,1500
8/12/2025,CTTH,26,26,26,26,390600
8/12/2025,CUAN,1535,1600,1535,1575,224305200
8/12/2025,CYBR,940,1060,915,1000,28894100
8/12/2025,CYBR-W,515,595,510,535,67500
8/12/2025,DAAZ,3510,3510,3460,3470,152700
8/12/2025,DADA,13,13,13,13,114780500
8/12/2025,DART,157,160,156,157,113400
8/12/2025,DATA,1985,2020,1905,1950,12270000
8/12/2025,DAYA,1000,1080,1000,1025,77700
8/12/2025,DCII,227825,278250,227825,278250,28800
8/12/2025,DEAL,0,0,0,0,0
8/12/2025,DEFI,1090,1090,1090,1090,1500
8/12/2025,DEPO,210,210,198,202,369500
8/12/2025,DEWA,228,234,226,228,320992000
8/12/2025,DEWI,105,105,103,105,56559200
8/12/2025,DFAM,53,53,51,53,400700
8/12/2025,DGIK,98,102,96,99,11558100
8/12/2025,DGNS,153,153,150,151,735400
8/12/2025,DGWG,402,418,398,416,15351800
8/12/2025,DIGI,24,25,24,25,1164700
8/12/2025,DILD,136,136,131,132,17835500
8/12/2025,DIVA,107,111,107,110,11122800
8/12/2025,DKFT,825,865,810,825,52464700
8/12/2025,DKHH,85,105,82,105,936900400
8/12/2025,DKHH-W,17,22,15,21,161153800
8/12/2025,DLTA,2010,2040,2010,2020,195400
8/12/2025,DMAS,139,141,138,139,40352800
8/12/2025,DMMX,356,356,350,354,1470300
8/12/2025,DMND,580,585,570,580,67800
8/12/2025,DNAR,116,123,115,121,39707000
8/12/2025,DNET,9275,9750,9275,9475,7300
8/12/2025,DOID,358,358,352,358,10650300
8/12/2025,DOOH,164,165,157,157,106472400
8/12/2025,DOSS,134,138,134,136,926200
8/12/2025,DPNS,240,246,238,246,10800
8/12/2025,DPUM,50,57,50,50,21250400
8/12/2025,DRMA,970,970,960,970,336600
8/12/2025,DSFI,83,86,81,85,22626100
8/12/2025,DSNG,1470,1480,1440,1450,37726300
8/12/2025,DSSA,88400,88400,83200,83600,3874000
8/12/2025,DUCK,0,0,0,0,0
8/12/2025,DUTI,3400,3400,3400,3400,200
8/12/2025,DVLA,1655,1695,1635,1650,30800
8/12/2025,DWGL,228,236,228,230,257200
8/12/2025,DYAN,86,86,84,86,2587300
8/12/2025,EAST,95,95,94,94,1297500
8/12/2025,ECII,179,183,176,182,714400
8/12/2025,EDGE,4350,4390,4250,4380,45100
8/12/2025,EKAD,183,184,182,184,117300
8/12/2025,ELIT,184,196,183,189,26808700
8/12/2025,ELPI,320,330,314,314,641200
8/12/2025,ELSA,484,484,480,484,10093600
8/12/2025,ELSADRCJ6A,0,0,0,0,0
8/12/2025,ELSAZPCG6A,34,34,34,34,300
8/12/2025,ELTY,11,11,11,11,54103600
8/12/2025,EMDE,89,91,87,89,684300
8/12/2025,EMTK,960,1020,930,950,253907500
8/12/2025,EMTKBQCZ5A,0,0,0,0,0
8/12/2025,EMTKHDCZ5A,170,179,170,175,602100
8/12/2025,EMTKYUCV5A,112,115,102,102,22900
8/12/2025,EMTKZPCH6A,107,114,101,101,2182900
8/12/2025,ENAK,720,720,705,715,525700
8/12/2025,ENRG,535,560,525,555,204796400
8/12/2025,ENRGDRCJ6A,68,74,68,74,1496400
8/12/2025,ENRGHDCZ5A,199,204,199,199,300
8/12/2025,ENRGZPCG6A,166,166,166,166,600
8/12/2025,ENVY,0,0,0,0,0
8/12/2025,ENZO,34,34,34,34,14600
8/12/2025,EPAC,15,15,15,15,4654100
8/12/2025,EPMT,2310,2310,2290,2290,6500
8/12/2025,ERAA,462,472,460,464,70061000
8/12/2025,ERAABQCZ5A,0,0,0,0,0
8/12/2025,ERAADRCJ6A,14,15,13,13,2329000
8/12/2025,ERAAHDCZ5A,42,42,42,42,1000
8/12/2025,ERAAZPCH6A,27,27,26,26,377500
8/12/2025,ERAL,350,354,344,344,11563200
8/12/2025,ERTX,102,103,99,102,2231900
8/12/2025,ESIP,39,39,39,39,2524900
8/12/2025,ESSA,595,605,590,590,21189500
8/12/2025,ESSABQCZ5A,0,0,0,0,0
8/12/2025,ESSAHDCH6A,0,0,0,0,0
8/12/2025,ESSAYUCZ5A,43,43,43,43,35500
8/12/2025,ESTA,65,65,64,65,1011500
8/12/2025,ESTI,47,47,47,47,1265100
8/12/2025,ETWA,0,0,0,0,0
8/12/2025,EURO,230,232,220,226,462800
8/12/2025,EXCL,2710,2880,2650,2850,42252100
8/12/2025,EXCLHDCQ5A,0,0,0,0,0
8/12/2025,EXCLZPCF6A,85,85,85,85,500
8/12/2025,FAPA,5675,5675,5625,5675,7100
8/12/2025,FAST,336,336,326,328,1725100
8/12/2025,FASW,0,0,0,0,0
8/12/2025,FILM,0,0,0,0,0
8/12/2025,FIMP,69,69,69,69,35800
8/12/2025,FIRE,73,76,72,74,22104800
8/12/2025,FISH,0,0,0,0,0
8/12/2025,FITT,202,242,195,232,8096400
8/12/2025,FLMC,62,65,59,65,2493700
8/12/2025,FMII,360,388,360,382,193700
8/12/2025,FOLK,82,83,81,83,587000
8/12/2025,FOOD,105,105,105,105,47600
8/12/2025,FORE,575,580,565,570,4141600
8/12/2025,FORU,1480,1490,1350,1380,531900
8/12/2025,FPNI,191,193,190,192,953400
8/12/2025,FUJI,422,422,410,410,36300
8/12/2025,FUTR,147,157,132,140,536061300
8/12/2025,FWCT,150,158,149,158,2251600
8/12/2025,GAMA,0,0,0,0,0
8/12/2025,GDST,107,110,106,107,8115600
8/12/2025,GDYR,1170,1170,1150,1150,4300
8/12/2025,GEMA,100,101,98,100,11347700
8/12/2025,GEMS,9475,9475,9125,9300,422300
8/12/2025,GGRM,8600,8825,8600,8725,418100
8/12/2025,GGRMZPCG6A,39,39,38,38,10800
8/12/2025,GGRP,0,0,0,0,0
8/12/2025,GHON,1595,1625,1575,1585,13000
8/12/2025,GIAA,74,74,71,71,56703200
8/12/2025,GJTL,1025,1045,1025,1040,6296400
8/12/2025,GJTLZPCJ6A,25,26,25,26,32000
8/12/2025,GLOB,45,50,45,45,1100
8/12/2025,GLVA,334,334,326,326,18900
8/12/2025,GMFI,60,60,60,60,1295500
8/12/2025,GMTD,2210,2240,2160,2200,2400
8/12/2025,GOLD,248,252,244,250,56300
8/12/2025,GOLF,212,212,208,212,861300
8/12/2025,GOLL,0,0,0,0,0
8/12/2025,GOOD,380,394,376,380,480300
8/12/2025,GOTO,62,65,62,65,1752940900
8/12/2025,GOTOBQCZ5A,3,3,3,3,534000
8/12/2025,GOTODRCG6A,12,13,11,13,2200
8/12/2025,GOTODRCQ5A,0,0,0,0,0
8/12/2025,GOTOHDCQ5A,0,0,0,0,0
8/12/2025,GOTOM,0,0,0,0,0
8/12/2025,GOTOZPCH6A,0,0,0,0,0
8/12/2025,GPRA,157,160,154,154,151213600
8/12/2025,GPSO,406,424,380,386,2390100
8/12/2025,GRIA,95,95,92,94,1461700
8/12/2025,GRPH,50,67,50,67,225909700
8/12/2025,GRPM,47,48,46,47,1057000
8/12/2025,GRPM-W,12,13,12,13,329600
8/12/2025,GSMF,54,56,54,56,43600
8/12/2025,GTBO,186,195,179,185,319400
8/12/2025,GTRA,143,145,138,141,547400
8/12/2025,GTSI,47,47,46,46,4739600
8/12/2025,GULA,260,264,258,258,382200
8/12/2025,GUNA,250,252,240,240,1980400
8/12/2025,GWSA,159,160,148,157,1448300
8/12/2025,GZCO,111,112,109,109,17593200
8/12/2025,HADE,10,10,10,10,19619200
8/12/2025,HAIS,190,190,187,190,543500
8/12/2025,HAJJ,112,114,110,112,3827100
8/12/2025,HAJJ-W,13,14,12,12,1929600
8/12/2025,HALO,81,86,81,83,22967800
8/12/2025,HALO-W,9,10,8,10,4189800
8/12/2025,HATM,272,272,264,272,31618700
8/12/2025,HBAT,103,108,102,104,611100
8/12/2025,HDFA,112,116,112,114,132700
8/12/2025,HDIT,28,28,28,28,4957900
8/12/2025,HEAL,1655,1660,1635,1650,6892700
8/12/2025,HEALDRCJ6A,53,55,53,55,10100
8/12/2025,HEALHDCH6A,0,0,0,0,0
8/12/2025,HEALYUCZ5A,75,75,75,75,5900
8/12/2025,HEALZPCH6A,67,67,67,67,700
8/12/2025,HELI,250,258,248,250,918700
8/12/2025,HERO,408,408,400,406,15100
8/12/2025,HEXA,5400,5425,5400,5425,465700
8/12/2025,HGII,145,146,143,145,7518900
8/12/2025,HILL,202,208,202,206,9384700
8/12/2025,HITS,0,0,0,0,0
8/12/2025,HKMU,0,0,0,0,0
8/12/2025,HMSP,540,555,535,550,18311100
8/12/2025,HOKI,85,88,83,86,52669700
8/12/2025,HOME,0,0,0,0,0
8/12/2025,HOMI,196,199,196,197,58200
8/12/2025,HOPE,0,0,0,0,0
8/12/2025,HOTL,0,0,0,0,0
8/12/2025,HRME,32,38,32,37,2185200
8/12/2025,HRTA,715,715,680,690,25602200
8/12/2025,HRUM,870,880,860,865,8409300
8/12/2025,HRUMZPCG6A,0,0,0,0,0
8/12/2025,HUMI,67,69,66,67,66558000
8/12/2025,HUMI-W,14,14,12,13,49060500
8/12/2025,HYGN,154,154,152,154,694000
8/12/2025,IATA,57,58,57,57,5360200
8/12/2025,IATA-W,27,27,27,27,12400
8/12/2025,IBFN,17,17,17,17,210400
8/12/2025,IBOS,34,35,32,33,9031400
8/12/2025,IBST,0,0,0,0,0
8/12/2025,ICBP,9600,9700,9500,9550,6203500
8/12/2025,ICBPDRCQ5A,0,0,0,0,0
8/12/2025,ICBPDRCX6A,0,0,0,0,0
8/12/2025,ICBPHDCQ5A,0,0,0,0,0
8/12/2025,ICBPZPCX5A,43,43,43,43,30000
8/12/2025,ICON,39,39,38,38,44300
8/12/2025,IDEA,76,82,75,82,4493800
8/12/2025,IDPR,220,220,218,218,78400
8/12/2025,IFII,220,226,220,220,322900
8/12/2025,IFSH,755,755,750,750,29700
8/12/2025,IGAR,560,560,550,555,33000
8/12/2025,IIKP,0,0,0,0,0
8/12/2025,IKAI,9,9,9,9,2071500
8/12/2025,IKAN,132,134,126,128,44194300
8/12/2025,IKBI,480,480,470,474,129500
8/12/2025,IKPM,193,196,192,195,716300
8/12/2025,IMAS,1075,1100,1050,1060,415600
8/12/2025,IMJS,268,278,262,266,22184100
8/12/2025,IMPC,725,825,725,825,62649400
8/12/2025,INAF,0,0,0,0,0
8/12/2025,INAI,158,159,156,159,138600
8/12/2025,INCF,28,28,26,26,815000
8/12/2025,INCI,590,595,585,595,12700
8/12/2025,INCO,3920,3990,3870,3920,9275200
8/12/2025,INCOBQCQ5A,174,174,174,174,100
8/12/2025,INCOBQCV5A,68,70,61,64,2475200
8/12/2025,INCODRCQ5A,8,8,4,5,13440900
8/12/2025,INCODRCX5A,104,105,103,104,16100
8/12/2025,INCODRPV5A,0,0,0,0,0
8/12/2025,INCOHDCQ5A,131,133,117,127,104600
8/12/2025,INCOYUCZ5A,103,103,103,103,100
8/12/2025,INCOZPCX5A,161,161,161,161,20500
8/12/2025,INDF,8075,8150,8000,8050,3719100
8/12/2025,INDFBQCV5A,0,0,0,0,0
8/12/2025,INDFDRCQ5A,15,15,15,15,100
8/12/2025,INDFDRCX6A,0,0,0,0,0
8/12/2025,INDFHDCQ5A,0,0,0,0,0
8/12/2025,INDO,190,194,186,187,5254600
8/12/2025,INDR,2360,2730,2360,2680,233500
8/12/2025,INDS,216,240,214,228,1152500
8/12/2025,INDX,94,95,90,91,13672300
8/12/2025,INDY,1355,1370,1340,1350,5363900
8/12/2025,INDYZPCG6A,0,0,0,0,0
8/12/2025,INET,286,292,276,282,120416600
8/12/2025,INET-W,188,194,175,184,40738600
8/12/2025,INKP,8150,8400,8050,8375,16219300
8/12/2025,INKPBQCX5A,0,0,0,0,0
8/12/2025,INKPDRCF6A,226,244,226,244,264500
8/12/2025,INKPDRCQ5A,56,64,56,64,200
8/12/2025,INKPHDCQ5A,31,36,29,36,641500
8/12/2025,INKPZPCF6A,143,143,143,143,300
8/12/2025,INOV,87,88,86,88,190100
8/12/2025,INPC,157,170,156,160,97175000
8/12/2025,INPP,775,795,770,795,56600
8/12/2025,INPS,125,126,124,125,203500
8/12/2025,INRU,690,830,690,830,1352500
8/12/2025,INTA,12,13,12,13,852000
8/12/2025,INTD,188,191,188,189,42900
8/12/2025,INTP,6725,6750,6425,6425,5822100
8/12/2025,INTPZPCG6A,69,69,64,64,3600
8/12/2025,IOTF,83,84,81,82,56945100
8/12/2025,IPAC,149,149,134,141,28200
8/12/2025,IPCC,1090,1135,1080,1115,2316200
8/12/2025,IPCM,290,294,290,292,1633400
8/12/2025,IPOL,137,137,133,133,60100
8/12/2025,IPPE,0,0,0,0,0
8/12/2025,IPTV,30,30,30,30,20713700
8/12/2025,IRRA,438,438,428,428,1144000
8/12/2025,IRSX,0,0,0,0,0
8/12/2025,ISAP,16,16,15,15,76901300
8/12/2025,ISAP-W,5,5,4,4,23343800
8/12/2025,ISAT,2260,2330,2240,2310,7796800
8/12/2025,ISATBQCU5A,0,0,0,0,0
8/12/2025,ISATDRCG6A,92,97,92,96,12700
8/12/2025,ISATDRCX5A,67,72,67,70,362300
8/12/2025,ISATHDCQ5A,0,0,0,0,0
8/12/2025,ISATZPCF6A,61,61,61,61,800
8/12/2025,ISEA,84,88,82,84,10042900
8/12/2025,ISSP,396,400,384,392,5121800
8/12/2025,ITIC,220,222,210,214,1852200
8/12/2025,ITMA,765,765,740,755,4602100
8/12/2025,ITMG,23025,23025,22400,22550,7191100
8/12/2025,ITMGZPCJ6A,73,74,73,73,128000
8/12/2025,JARR,705,735,690,705,21818200
8/12/2025,JAST,96,104,95,96,37457600
8/12/2025,JATI,147,147,141,142,8029600
8/12/2025,JAWA,149,149,146,146,2126000
8/12/2025,JAYA,94,97,94,95,1168600
8/12/2025,JECC,830,840,810,835,68000
8/12/2025,JGLE,9,9,8,8,15622000
8/12/2025,JIHD,635,665,625,655,3095600
8/12/2025,JKON,79,105,78,95,428410600
8/12/2025,JMAS,134,148,134,148,9521500
8/12/2025,JPFA,1585,1590,1555,1575,23725300
8/12/2025,JPFABQCZ5A,0,0,0,0,0
8/12/2025,JPFADRCJ6A,0,0,0,0,0
8/12/2025,JPFAHDCZ5A,0,0,0,0,0
8/12/2025,JPFAZPCG6A,0,0,0,0,0
8/12/2025,JRPT,745,750,740,750,619500
8/12/2025,JSKY,0,0,0,0,0
8/12/2025,JSMR,3560,3660,3540,3650,9759300
8/12/2025,JSMRHDCH6A,0,0,0,0,0
8/12/2025,JSMRZPCG6A,0,0,0,0,0
8/12/2025,JSPT,4140,4140,3990,4100,22500
8/12/2025,JTPE,266,280,264,280,10553800
8/12/2025,KAEF,545,555,535,545,1991600
8/12/2025,KAQI,50,50,50,50,1215800
8/12/2025,KARW,625,650,625,650,701400
8/12/2025,KAYU,0,0,0,0,0
8/12/2025,KBAG,30,31,30,31,3762500
8/12/2025,KBLI,372,378,372,376,142900
8/12/2025,KBLM,324,326,322,326,147700
8/12/2025,KBLV,96,108,96,101,221871400
8/12/2025,KBRI,0,0,0,0,0
8/12/2025,KDSI,472,472,458,472,18000
8/12/2025,KDTN,124,124,116,121,15800
8/12/2025,KEEN,800,800,790,800,3888500
8/12/2025,KEJU,630,735,620,715,20760100
8/12/2025,KETR,272,290,266,280,7190800
8/12/2025,KIAS,0,0,0,0,0
8/12/2025,KICI,113,122,112,114,1715700
8/12/2025,KIJA,199,206,199,202,117994000
8/12/2025,KING,214,220,212,216,1874900
8/12/2025,KING-W,11,12,10,11,15579400
8/12/2025,KINO,1100,1100,1090,1100,100200
8/12/2025,KIOS,76,79,71,73,53993800
8/12/2025,KJEN,107,109,105,107,619400
8/12/2025,KKES,30,30,28,28,776000
8/12/2025,KKGI,334,338,334,334,2191700
8/12/2025,KLAS,150,151,147,148,15349600
8/12/2025,KLBF,1360,1395,1355,1380,39294900
8/12/2025,KLBFBQCV5A,0,0,0,0,0
8/12/2025,KLBFDRCG6A,37,40,37,40,357400
8/12/2025,KLBFDRCQ5A,0,0,0,0,0
8/12/2025,KLBFHDCQ5A,6,7,6,7,200
8/12/2025,KLBFZPCF6A,0,0,0,0,0
8/12/2025,KLBFZPCJ6A,0,0,0,0,0
8/12/2025,KLIN,180,195,180,190,1200000
8/12/2025,KMDS,655,700,650,695,1139600
8/12/2025,KMTR,270,272,262,270,974700
8/12/2025,KOBX,141,142,138,138,1074000
8/12/2025,KOCI,59,60,57,57,12586100
8/12/2025,KOCI-W,9,9,7,9,7929300
8/12/2025,KOIN,65,65,65,65,14500
8/12/2025,KOKA,97,110,97,104,44603200
8/12/2025,KONI,1230,1255,1225,1250,2500
8/12/2025,KOPI,350,350,346,346,152000
8/12/2025,KOTA,18,18,18,18,25875200
8/12/2025,KPIG,202,212,202,206,105008000
8/12/2025,KRAS,266,272,264,266,12632600
8/12/2025,KREN,9,10,9,10,13359200
8/12/2025,KRYA,276,278,258,260,45319500
8/12/2025,KSIX,202,208,202,206,745800
8/12/2025,KUAS,66,81,65,72,193898600
8/12/2025,LABA,0,0,0,0,0
8/12/2025,LABS,136,138,136,137,359800
8/12/2025,LAJU,50,58,50,51,83501600
8/12/2025,LAND,25,25,25,25,2081100
8/12/2025,LAPD,92,93,91,91,17277500
8/12/2025,LCGP,0,0,0,0,0
8/12/2025,LCKM,210,222,204,212,72300
8/12/2025,LEAD,71,71,70,71,7191200
8/12/2025,LFLO,268,268,242,266,8200
8/12/2025,LIFE,7000,7500,7000,7075,4400
8/12/2025,LINK,1800,1800,1760,1760,55600
8/12/2025,LION,368,376,368,370,28100
8/12/2025,LIVE,187,188,185,185,5453700
8/12/2025,LMAS,0,0,0,0,0
8/12/2025,LMAX,73,75,71,74,3803100
8/12/2025,LMPI,139,140,138,139,106200
8/12/2025,LMSH,0,0,0,0,0
8/12/2025,LOPI,60,63,55,59,24562900
8/12/2025,LPCK,510,510,500,500,1281600
8/12/2025,LPGI,426,430,420,426,9000
8/12/2025,LPIN,394,398,394,394,123300
8/12/2025,LPKR,89,91,87,90,38172400
8/12/2025,LPLI,282,286,282,282,28000
8/12/2025,LPPF,1555,1580,1555,1575,2178600
8/12/2025,LPPS,60,63,57,59,8456300
8/12/2025,LRNA,171,177,166,168,945500
8/12/2025,LSIP,1390,1400,1350,1355,10120800
8/12/2025,LSIPYUCZ5A,0,0,0,0,0
8/12/2025,LSIPZPCG6A,83,83,79,79,41200
8/12/2025,LTLS,870,880,855,875,332600
8/12/2025,LUCK,83,91,80,83,32596700
8/12/2025,LUCY,71,73,66,73,400600
8/12/2025,MABA,0,0,0,0,0
8/12/2025,MAGP,0,0,0,0,0
8/12/2025,MAHA,136,140,136,139,5322300
8/12/2025,MAIN,620,630,615,625,2795400
8/12/2025,MANG,40,42,38,39,16936100
8/12/2025,MANG-W,30,30,25,28,606900
8/12/2025,MAPA,650,670,650,665,24955100
8/12/2025,MAPADRCJ6A,22,23,22,23,513000
8/12/2025,MAPAHDCZ5A,49,49,49,49,31300
8/12/2025,MAPAZPCH6A,41,41,41,41,1100
8/12/2025,MAPB,1750,1860,1715,1720,12700
8/12/2025,MAPI,1215,1245,1195,1200,13604300
8/12/2025,MAPIBQCV5A,14,14,11,12,1346100
8/12/2025,MAPIDRCQ5A,5,5,4,4,1089300
8/12/2025,MAPIDRCX5A,28,28,26,26,19100
8/12/2025,MAPIHDCQ5A,4,4,4,4,100
8/12/2025,MAPIZPCJ6A,57,57,57,57,1000
8/12/2025,MARI,21,21,21,21,3017600
8/12/2025,MARK,655,710,650,680,33849200
8/12/2025,MASA,0,0,0,0,0
8/12/2025,MASB,3210,3270,3210,3270,2100
8/12/2025,MAXI,51,51,50,50,197800
8/12/2025,MAYA,187,198,186,193,19207900
8/12/2025,MBAP,1665,1675,1630,1650,292200
8/12/2025,MBMA,438,442,416,420,283191700
8/12/2025,MBMABQCX5A,23,23,20,21,1589500
8/12/2025,MBMADRCQ5A,5,5,3,4,5468200
8/12/2025,MBMADRCX5A,34,34,28,28,506000
8/12/2025,MBMAHDCH6A,69,69,69,69,67500
8/12/2025,MBMAHDCQ5A,2,2,1,2,8954700
8/12/2025,MBMAZPCX5A,61,61,57,57,97000
8/12/2025,MBSS,1390,1405,1345,1385,1038500
8/12/2025,MBTO,116,116,110,113,4354500
8/12/2025,MCAS,950,970,925,955,74600
8/12/2025,MCOL,4000,4010,3990,4010,13700
8/12/2025,MCOR,66,67,65,67,10380000
8/12/2025,MDIA,26,27,26,27,493900
8/12/2025,MDIY,1280,1280,1200,1265,90500
8/12/2025,MDKA,2400,2440,2250,2280,68539200
8/12/2025,MDKABQCV5A,0,0,0,0,0
8/12/2025,MDKABQCX5B,0,0,0,0,0
8/12/2025,MDKADRCQ5A,30,30,26,26,103300
8/12/2025,MDKADRCV5A,96,96,76,79,882700
8/12/2025,MDKAHDCU5A,0,0,0,0,0
8/12/2025,MDKAHDCZ5A,0,0,0,0,0
8/12/2025,MDKAYUCQ5A,112,112,112,112,100
8/12/2025,MDKAZPCF6A,81,81,70,70,69000
8/12/2025,MDKI,161,162,159,160,226800
8/12/2025,MDLA,199,206,195,199,27808100
8/12/2025,MDLN,61,62,56,57,88127000
8/12/2025,MDRN,10,10,10,10,17374800
8/12/2025,MEDC,1240,1250,1220,1220,21707700
8/12/2025,MEDCBQCV5A,0,0,0,0,0
8/12/2025,MEDCBQCX5B,0,0,0,0,0
8/12/2025,MEDCBQCZ5A,38,38,38,38,26200
8/12/2025,MEDCDRCG6A,0,0,0,0,0
8/12/2025,MEDCDRCQ5A,32,32,32,32,279500
8/12/2025,MEDCDRPV5A,0,0,0,0,0
8/12/2025,MEDCHDCH6A,0,0,0,0,0
8/12/2025,MEDCHDCQ5A,0,0,0,0,0
8/12/2025,MEDCZPCF6A,35,35,35,35,700
8/12/2025,MEDS,50,50,50,50,58800
8/12/2025,MEGA,3240,3300,3240,3300,5400
8/12/2025,MEJA,48,48,48,48,74056200
8/12/2025,MEJA-W,9,9,9,9,24795100
8/12/2025,MENN,45,46,44,46,13195600
8/12/2025,MERI,282,290,276,282,10062000
8/12/2025,MERK,2800,2840,2780,2810,46600
8/12/2025,META,0,0,0,0,0
8/12/2025,MFIN,590,640,590,640,1599700
8/12/2025,MFMI,0,0,0,0,0
8/12/2025,MGLV,670,680,670,680,465900
8/12/2025,MGNA,34,34,34,34,1055400
8/12/2025,MGNA-W,18,18,18,18,10000
8/12/2025,MGRO,725,725,715,720,3822900
8/12/2025,MHKI,125,130,125,128,1229400
8/12/2025,MICE,480,500,480,494,1206200
8/12/2025,MIDI,472,478,466,468,11597000
8/12/2025,MIKA,2420,2440,2410,2430,3251900
8/12/2025,MIKAZPCG6A,0,0,0,0,0
8/12/2025,MINA,0,0,0,0,0
8/12/2025,MINE,482,486,474,474,3378600
8/12/2025,MIRA,29,29,29,29,2230900
8/12/2025,MITI,184,186,183,185,172500
8/12/2025,MKAP,346,348,338,344,706400
8/12/2025,MKNT,0,0,0,0,0
8/12/2025,MKPI,26375,27000,25500,25500,15300
8/12/2025,MKTR,106,108,106,107,477300
8/12/2025,MKTR-W,7,8,7,7,1181900
8/12/2025,MLBI,6100,6150,6025,6125,140800
8/12/2025,MLIA,324,326,318,326,4388200
8/12/2025,MLPL,120,126,117,119,234474300
8/12/2025,MLPT,58500,61900,51500,61900,103100
8/12/2025,MMIX,246,266,244,256,6791400
8/12/2025,MMLP,540,545,535,540,5068600
8/12/2025,MNCN,262,268,262,268,39540000
8/12/2025,MOLI,206,208,204,204,2552300
8/12/2025,MORA,378,396,376,390,512800
8/12/2025,MPIX,61,63,61,62,2828500
8/12/2025,MPIX-W,8,8,7,8,218300
8/12/2025,MPMX,960,970,955,965,3110800
8/12/2025,MPOW,128,128,122,123,2816200
8/12/2025,MPPA,72,76,70,71,198080500
8/12/2025,MPRO,3050,3080,3010,3080,568700
8/12/2025,MPXL,105,108,104,107,1341700
8/12/2025,MRAT,254,254,246,252,183600
8/12/2025,MREI,950,970,940,940,69600
8/12/2025,MSIE,32,32,29,30,24710300
8/12/2025,MSIN,510,515,488,488,18014300
8/12/2025,MSJA,308,312,306,306,1914600
8/12/2025,MSKY,73,86,72,80,178764200
8/12/2025,MSTI,1670,1680,1640,1655,2334700
8/12/2025,MTDL,590,605,590,590,6717400
8/12/2025,MTEL,650,660,640,650,16580800
8/12/2025,MTFN,6,6,6,6,150008200
8/12/2025,MTLA,446,446,440,442,5200
8/12/2025,MTMH,895,900,880,895,945800
8/12/2025,MTPS,41,41,39,39,520400
8/12/2025,MTRA,0,0,0,0,0
8/12/2025,MTSM,0,0,0,0,0
8/12/2025,MTWI,400,400,360,390,1605500
8/12/2025,MUTU,92,92,90,90,927100
8/12/2025,MYOH,1700,1700,1680,1700,8600
8/12/2025,MYOR,2200,2230,2190,2230,4030200
8/12/2025,MYORZPCH6A,0,0,0,0,0
8/12/2025,MYTX,0,0,0,0,0
8/12/2025,NAIK,159,159,156,157,6498300
8/12/2025,NAIK-W,27,28,26,28,2571400
8/12/2025,NANO,26,27,24,25,30825600
8/12/2025,NASA,17,17,17,17,1982100
8/12/2025,NASI,85,89,84,85,18176700
8/12/2025,NATO,147,148,137,141,646000
8/12/2025,NAYZ,44,48,43,48,34725200
8/12/2025,NCKL,1000,1010,960,960,66586900
8/12/2025,NCKLYUCZ5A,89,89,81,81,2200
8/12/2025,NCKLZPCJ6A,58,58,54,54,444100
8/12/2025,NELY,352,352,346,352,1293500
8/12/2025,NEST,300,310,286,288,2725800
8/12/2025,NETV,147,152,142,145,6800500
8/12/2025,NFCX,1835,1895,1830,1860,125200
8/12/2025,NICE,434,444,426,428,6607500
8/12/2025,NICK,1320,1330,1255,1325,11300
8/12/2025,NICL,1030,1035,1005,1005,5201200
8/12/2025,NIKL,234,238,230,236,568300
8/12/2025,NINE,177,188,161,179,104182200
8/12/2025,NIRO,131,131,121,125,49100
8/12/2025,NISP,1380,1390,1375,1385,5982700
8/12/2025,NOBU,535,555,530,550,5912100
8/12/2025,NPGF,50,52,50,50,18377900
8/12/2025,NRCA,760,920,725,725,119182600
8/12/2025,NSSS,428,432,426,432,5977500
8/12/2025,NTBK,50,50,50,50,98800
8/12/2025,NUSA,0,0,0,0,0
8/12/2025,NZIA,97,123,93,105,146218700
8/12/2025,OASA,190,204,190,198,362899400
8/12/2025,OBAT,390,396,386,390,915300
8/12/2025,OBAT-W,58,60,57,59,1005700
8/12/2025,OBMD,192,197,190,194,721200
8/12/2025,OCAP,0,0,0,0,0
8/12/2025,OILS,141,141,134,134,3267900
8/12/2025,OKAS,216,218,204,208,3989300
8/12/2025,OLIV,23,24,23,24,2519100
8/12/2025,OMED,185,187,184,186,1098000
8/12/2025,OMRE,0,0,0,0,0
8/12/2025,OPMS,74,83,72,75,58358300
8/12/2025,PACK,3840,3960,3800,3930,3816500
8/12/2025,PADA,21,24,20,24,27772500
8/12/2025,PADI,74,74,74,74,26792500
8/12/2025,PALM,386,388,376,380,323500
8/12/2025,PAMG,80,81,77,78,22487200
8/12/2025,PANI,16475,16550,16050,16300,11464100
8/12/2025,PANIHDCZ5A,250,250,244,248,260000
8/12/2025,PANIZPCJ6A,107,107,102,104,725900
8/12/2025,PANR,760,780,740,780,13311200
8/12/2025,PANS,1400,1405,1395,1400,306400
8/12/2025,PART,137,139,133,138,34330300
8/12/2025,PART-W,31,32,29,30,6971100
8/12/2025,PBID,482,484,480,482,444700
8/12/2025,PBRX,25,26,25,26,9450600
8/12/2025,PBSA,408,414,406,408,1599000
8/12/2025,PCAR,29,30,29,30,6570200
8/12/2025,PDES,540,540,505,505,300100
8/12/2025,PDPP,500,515,494,494,9484800
8/12/2025,PEGE,116,117,110,117,1301900
8/12/2025,PEHA,338,360,318,332,455500
8/12/2025,PEVE,438,446,426,442,277000
8/12/2025,PGAS,1670,1690,1670,1680,19832300
8/12/2025,PGASBQCU5A,0,0,0,0,0
8/12/2025,PGASBQCZ5A,67,67,67,67,1000
8/12/2025,PGASDRCG6A,70,70,70,70,44600
8/12/2025,PGASDRCQ5A,18,18,18,18,55600
8/12/2025,PGASHDCQ5A,0,0,0,0,0
8/12/2025,PGASYUCQ5A,81,81,81,81,100
8/12/2025,PGASZPCJ6A,44,46,44,45,148300
8/12/2025,PGEO,1565,1605,1555,1580,65903500
8/12/2025,PGEOBQCX5B,61,61,57,57,400
8/12/2025,PGEODRCJ6A,59,60,57,58,671000
8/12/2025,PGEODRCQ5A,105,108,105,108,200
8/12/2025,PGEODRPV5A,0,0,0,0,0
8/12/2025,PGEOHDCH6A,78,78,78,78,12200
8/12/2025,PGEOHDCH6B,97,97,89,89,100800
8/12/2025,PGEOHDCQ5A,108,110,108,110,20100
8/12/2025,PGEOZPCJ6A,74,74,71,71,305100
8/12/2025,PGJO,0,0,0,0,0
8/12/2025,PGLI,164,169,164,166,142400
8/12/2025,PGUN,0,0,0,0,0
8/12/2025,PICO,131,134,130,132,713500
8/12/2025,PIPA,96,96,96,96,98020900
8/12/2025,PJAA,474,474,466,474,151800
8/12/2025,PKPK,610,610,595,600,87300
8/12/2025,PLAN,46,46,42,42,10610700
8/12/2025,PLAS,0,0,0,0,0
8/12/2025,PLIN,0,0,0,0,0
8/12/2025,PMJS,115,118,115,117,79100
8/12/2025,PMMP,0,0,0,0,0
8/12/2025,PMUI,115,118,113,117,13426100
8/12/2025,PNBN,1155,1195,1155,1185,17711700
8/12/2025,PNBS,50,50,50,50,3800000
8/12/2025,PNGO,2570,2750,2380,2560,227000
8/12/2025,PNIN,905,920,900,920,617000
8/12/2025,PNLF,254,268,254,266,250330300
8/12/2025,PNLFDRCJ6A,17,18,16,17,614600
8/12/2025,PNLFHDCZ5A,62,65,62,65,4000000
8/12/2025,PNLFYUCV5A,13,14,13,14,205600
8/12/2025,PNLFZPCH6A,44,44,44,44,1000000
8/12/2025,PNSE,725,740,700,700,28400
8/12/2025,POLA,18,19,18,19,700400
8/12/2025,POLI,720,725,720,725,300
8/12/2025,POLL,0,0,0,0,0
8/12/2025,POLU,7950,7950,7950,7950,700
8/12/2025,POLY,16,17,16,17,258900
8/12/2025,POOL,0,0,0,0,0
8/12/2025,PORT,940,940,910,940,14100
8/12/2025,POSA,0,0,0,0,0
8/12/2025,POWR,700,710,700,705,1230000
8/12/2025,PPGL,105,108,105,108,1444000
8/12/2025,PPRE,95,106,89,106,132908400
8/12/2025,PPRI,222,246,222,226,73513300
8/12/2025,PPRO,0,0,0,0,0
8/12/2025,PRAY,615,620,610,620,12800
8/12/2025,PRDA,2840,2870,2800,2810,205100
8/12/2025,PRIM,63,66,61,64,16152700
8/12/2025,PSAB,406,408,396,400,124485900
8/12/2025,PSAT,1470,1560,1455,1550,2426500
8/12/2025,PSDN,84,85,83,83,234200
8/12/2025,PSGO,202,202,198,200,614300
8/12/2025,PSKT,70,70,68,68,16735900
8/12/2025,PSSI,346,352,342,346,323200
8/12/2025,PTBA,2420,2440,2410,2440,9569000
8/12/2025,PTBABQCV5A,0,0,0,0,0
8/12/2025,PTBADRCG6A,30,30,30,30,2000
8/12/2025,PTBADRCQ5A,0,0,0,0,0
8/12/2025,PTBAHDCQ5A,0,0,0,0,0
8/12/2025,PTBAYUCZ5A,0,0,0,0,0
8/12/2025,PTBAZPCH6A,0,0,0,0,0
8/12/2025,PTDU,0,0,0,0,0
8/12/2025,PTIS,388,426,388,402,171200
8/12/2025,PTMP,99,99,96,98,11632800
8/12/2025,PTMR,0,0,0,0,0
8/12/2025,PTPP,416,424,410,410,50425600
8/12/2025,PTPS,163,165,154,156,46959000
8/12/2025,PTPW,970,980,970,980,30100
8/12/2025,PTRO,3700,3880,3630,3860,103248200
8/12/2025,PTSN,254,278,250,270,1627000
8/12/2025,PTSP,995,1000,960,970,145000
8/12/2025,PUDP,212,216,210,212,13200
8/12/2025,PURA,15,15,15,15,1347000
8/12/2025,PURE,0,0,0,0,0
8/12/2025,PURI,184,184,180,181,103100
8/12/2025,PWON,386,388,380,384,84585000
8/12/2025,PWONHDCZ5A,104,104,104,104,13800
8/12/2025,PWONZPCH6A,0,0,0,0,0
8/12/2025,PYFA,0,0,0,0,0
8/12/2025,PYFA-W,0,0,0,0,0
8/12/2025,PZZA,188,191,185,188,1461300
8/12/2025,R-ABFII,0,0,0,0,0
8/12/2025,R-LQ45X,975,1011,975,1011,17100
8/12/2025,RAAM,296,304,286,298,10775900
8/12/2025,RAFI,0,0,0,0,0
8/12/2025,RAJA,2640,3190,2620,3080,222365200
8/12/2025,RALS,392,394,390,392,2910700
8/12/2025,RANC,410,416,410,412,12900
8/12/2025,RATU,7050,7500,7025,7400,19520500
8/12/2025,RBMS,25,25,23,25,905700
8/12/2025,RCCC,117,121,113,118,651700
8/12/2025,RDTX,12050,12200,12050,12100,800
8/12/2025,REAL,41,41,41,41,2113400
8/12/2025,RELF,22,26,22,26,19211300
8/12/2025,RELI,605,620,580,605,53500
8/12/2025,RGAS,113,113,110,110,8128000
8/12/2025,RICY,33,35,33,35,77900
8/12/2025,RIGS,775,775,705,715,308700
8/12/2025,RIMO,0,0,0,0,0
8/12/2025,RISE,1055,1060,1050,1055,498000
8/12/2025,RMKE,630,680,630,655,6644500
8/12/2025,RMKO,110,114,109,109,663800
8/12/2025,ROCK,0,0,0,0,0
8/12/2025,RODA,37,40,37,40,758300
8/12/2025,RONY,0,0,0,0,0
8/12/2025,ROTI,810,815,805,810,271200
8/12/2025,RSCH,392,422,382,384,5937600
8/12/2025,RSGK,0,0,0,0,0
8/12/2025,RUIS,218,220,208,216,943000
8/12/2025,RUNS,61,61,57,59,757500
8/12/2025,SAFE,204,210,199,206,1825300
8/12/2025,SAGE,17,17,17,17,18760400
8/12/2025,SAME,332,338,324,324,17173200
8/12/2025,SAMF,346,346,340,344,74300
8/12/2025,SAPX,298,300,294,298,107500
8/12/2025,SATU,232,234,230,234,5173700
8/12/2025,SBAT,0,0,0,0,0
8/12/2025,SBMA,123,125,122,122,1272300
8/12/2025,SCCO,2240,2290,2240,2280,70900
8/12/2025,SCMA,252,258,236,238,269718200
8/12/2025,SCMABQCZ5A,87,88,78,78,1300200
8/12/2025,SCMAHDCZ5A,0,0,0,0,0
8/12/2025,SCMAZPCG6A,109,111,108,108,301300
8/12/2025,SCNP,182,186,179,181,100400
8/12/2025,SCPI,0,0,0,0,0
8/12/2025,SDMU,44,44,42,42,242200
8/12/2025,SDPC,130,130,129,130,67500
8/12/2025,SDRA,290,294,288,294,652700
8/12/2025,SEMA,90,93,90,91,614100
8/12/2025,SFAN,1910,1925,1900,1910,108000
8/12/2025,SGER,344,346,334,340,80202100
8/12/2025,SGRO,2960,3050,2960,2960,3375700
8/12/2025,SHID,910,910,880,905,47600
8/12/2025,SHIP,4040,4150,4040,4090,33600
8/12/2025,SICO,112,114,110,112,3490300
8/12/2025,SIDO,510,525,510,520,44803700
8/12/2025,SILO,2120,2120,2100,2110,280100
8/12/2025,SIMA,0,0,0,0,0
8/12/2025,SIMP,635,635,610,615,24105000
8/12/2025,SINI,3500,3520,3480,3520,27600
8/12/2025,SIPD,700,700,700,700,1000
8/12/2025,SKBM,352,378,352,364,95500
8/12/2025,SKLT,190,192,188,189,36200
8/12/2025,SKRN,402,402,398,400,448000
8/12/2025,SKYB,0,0,0,0,0
8/12/2025,SLIS,50,62,50,56,250009600
8/12/2025,SLIS-W,8,10,7,9,10852000
8/12/2025,SMAR,4150,4200,4100,4180,217700
8/12/2025,SMBR,300,308,296,298,35143100
8/12/2025,SMCB,0,0,0,0,0
8/12/2025,SMDM,925,945,845,895,1057400
8/12/2025,SMDR,342,352,340,348,36859100
8/12/2025,SMGA,110,118,109,112,113979100
8/12/2025,SMGR,2700,2700,2630,2630,9249100
8/12/2025,SMGRBQCU5A,10,10,8,8,2689100
8/12/2025,SMGRBQCX5B,0,0,0,0,0
8/12/2025,SMGRBQCZ5A,0,0,0,0,0
8/12/2025,SMGRDRCQ5A,1,1,1,1,127600
8/12/2025,SMGRDRCV5A,52,52,49,49,110100
8/12/2025,SMGRHDCZ5A,0,0,0,0,0
8/12/2025,SMGRZPCJ6A,55,55,55,55,800
8/12/2025,SMIL,360,378,356,378,179335900
8/12/2025,SMKL,158,161,158,158,23100
8/12/2025,SMKM,75,81,74,81,19279600
8/12/2025,SMLE,133,148,131,147,23859400
8/12/2025,SMMA,16500,17275,16325,16600,175600
8/12/2025,SMMT,1000,1045,990,1020,126600
8/12/2025,SMRA,446,448,434,444,85913700
8/12/2025,SMRADRCJ6A,33,34,32,34,106200
8/12/2025,SMRAHDCZ5A,150,150,147,147,9600
8/12/2025,SMRAZPCH6A,63,63,62,62,1008100
8/12/2025,SMRU,0,0,0,0,0
8/12/2025,SMSM,1910,1920,1890,1890,689900
8/12/2025,SNLK,505,505,494,494,8286100
8/12/2025,SOCI,182,182,180,181,1907000
8/12/2025,SOFA,49,49,47,48,2548300
8/12/2025,SOHO,700,710,690,700,8700
8/12/2025,SOLA,175,175,169,170,100067300
8/12/2025,SONA,3730,3770,3440,3570,106300
8/12/2025,SOSS,620,670,565,605,218700
8/12/2025,SOTS,264,264,262,262,5200
8/12/2025,SOUL,62,65,62,63,11383300
8/12/2025,SPMA,278,280,274,276,234500
8/12/2025,SPRE,96,96,88,91,1186500
8/12/2025,SPTO,655,660,655,655,360900
8/12/2025,SQMI,0,0,0,0,0
8/12/2025,SRAJ,5100,5225,5050,5225,352300
8/12/2025,SRIL,0,0,0,0,0
8/12/2025,SRSN,52,53,51,53,3334200
8/12/2025,SRTG,1790,1855,1775,1795,13339600
8/12/2025,SRTGZPCG6A,0,0,0,0,0
8/12/2025,SSIA,2520,2530,2450,2450,33831000
8/12/2025,SSMS,1400,1425,1375,1395,10384800
8/12/2025,SSTM,195,195,185,191,41000
8/12/2025,STAA,995,995,975,980,11097700
8/12/2025,STAR,41,41,39,39,356400
8/12/2025,STRK,135,138,132,136,141939400
8/12/2025,STTP,10200,10450,10175,10175,3700
8/12/2025,SUGI,0,0,0,0,0
8/12/2025,SULI,102,105,101,104,555600
8/12/2025,SUNI,790,790,765,780,679600
8/12/2025,SUPR,0,0,0,0,0
8/12/2025,SURE,3700,3700,3400,3440,95900
8/12/2025,SURI,110,118,105,116,370630000
8/12/2025,SWAT,0,0,0,0,0
8/12/2025,SWID,100,103,97,101,4690500
8/12/2025,TALF,300,300,288,298,5200
8/12/2025,TAMA,34,34,33,33,2979600
8/12/2025,TAMU,17,17,17,17,22448400
8/12/2025,TAPG,1470,1490,1420,1455,41852800
8/12/2025,TAPGDRCJ6A,76,77,71,73,5123800
8/12/2025,TAPGHDCH6A,185,186,183,186,42000
8/12/2025,TAPGZPCH6A,92,92,92,92,1010000
8/12/2025,TARA,11,11,11,11,6576000
8/12/2025,TAXI,7,8,7,8,33138600
8/12/2025,TAYS,50,57,50,52,54160000
8/12/2025,TBIG,1930,1950,1920,1920,169300
8/12/2025,TBLA,755,770,740,750,7709200
8/12/2025,TBMS,1115,1115,1080,1105,86200
8/12/2025,TCID,2480,2480,2400,2410,6700
8/12/2025,TCPI,6000,6025,5950,5975,7384900
8/12/2025,TDPM,0,0,0,0,0
8/12/2025,TEBE,1150,1200,1125,1180,2687800
8/12/2025,TECH,0,0,0,0,0
8/12/2025,TELE,0,0,0,0,0
8/12/2025,TFAS,129,130,125,129,933700
8/12/2025,TFCO,0,0,0,0,0
8/12/2025,TGKA,5925,6000,5925,6000,13000
8/12/2025,TGRA,0,0,0,0,0
8/12/2025,TGUK,0,0,0,0,0
8/12/2025,TIFA,454,474,400,412,1877500
8/12/2025,TINS,1000,1010,1000,1005,8239800
8/12/2025,TIRA,2040,2140,2030,2070,73800
8/12/2025,TIRT,0,0,0,0,0
8/12/2025,TKIM,7400,7400,7225,7350,3271500
8/12/2025,TKIMZPCG6A,114,117,111,116,356700
8/12/2025,TLDN,635,640,615,620,792100
8/12/2025,TLKM,3050,3200,3010,3180,217607800
8/12/2025,TLKMBQCQ5A,0,0,0,0,0
8/12/2025,TLKMBQCV5A,111,129,110,129,1017800
8/12/2025,TLKMDRCJ6A,78,87,78,84,102900
8/12/2025,TLKMDRCQ5A,48,53,48,53,33500
8/12/2025,TLKMDRCQ5B,0,0,0,0,0
8/12/2025,TLKMDRCX6A,1925,1980,1925,1980,2000
8/12/2025,TLKMHDCQ5A,0,0,0,0,0
8/12/2025,TLKMHDCV5A,0,0,0,0,0
8/12/2025,TLKMYUCQ5A,126,134,126,134,300
8/12/2025,TLKMZPCF6A,0,0,0,0,0
8/12/2025,TMAS,128,128,125,127,6332200
8/12/2025,TMPO,146,152,144,151,5056800
8/12/2025,TNCA,140,186,139,186,62810600
8/12/2025,TOBA,1050,1125,1045,1120,118110800
8/12/2025,TOOL,53,55,52,53,9608900
8/12/2025,TOPS,0,0,0,0,0
8/12/2025,TOSK,50,50,50,50,142500
8/12/2025,TOTL,725,745,725,730,2752800
8/12/2025,TOTO,252,252,244,248,2180100
8/12/2025,TOWR,645,650,635,640,19049200
8/12/2025,TOYS,0,0,0,0,0
8/12/2025,TPIA,8850,8975,8800,8950,3597900
8/12/2025,TPMA,590,595,585,585,6105600
8/12/2025,TRAM,0,0,0,0,0
8/12/2025,TRGU,190,191,182,189,135300
8/12/2025,TRIL,0,0,0,0,0
8/12/2025,TRIM,360,360,354,358,59200
8/12/2025,TRIN,100,100,99,100,518300
8/12/2025,TRIN-W2,0,0,0,0,0
8/12/2025,TRIO,0,0,0,0,0
8/12/2025,TRIS,180,184,175,183,47100
8/12/2025,TRJA,138,142,135,142,1050300
8/12/2025,TRON,101,102,98,100,1696300
8/12/2025,TRST,482,494,478,486,5300
8/12/2025,TRUE,20,20,20,20,435300
8/12/2025,TRUK,149,149,142,147,65200
8/12/2025,TRUS,474,488,450,472,354100
8/12/2025,TSPC,2160,2160,2140,2160,1614300
8/12/2025,TUGU,940,980,935,965,6068100
8/12/2025,TYRE,128,129,127,127,153900
8/12/2025,UANG,226,272,220,272,3767400
8/12/2025,UCID,498,505,498,500,973500
8/12/2025,UDNG,1480,1485,1405,1455,201300
8/12/2025,UFOE,169,173,168,170,861700
8/12/2025,ULTJ,1280,1280,1270,1280,2736800
8/12/2025,UNIC,7925,8000,7925,7950,3700
8/12/2025,UNIQ,406,410,398,398,30228500
8/12/2025,UNIT,0,0,0,0,0
8/12/2025,UNSP,126,128,126,128,3351400
8/12/2025,UNTD,76,82,76,78,14491200
8/12/2025,UNTR,24275,24475,24100,24200,2648300
8/12/2025,UNTRBQCV5A,0,0,0,0,0
8/12/2025,UNTRDRCG6A,131,131,129,129,28900
8/12/2025,UNTRDRCQ5A,16,16,15,15,98800
8/12/2025,UNTRHDCQ5A,0,0,0,0,0
8/12/2025,UNTRZPCJ6A,0,0,0,0,0
8/12/2025,UNVR,1760,1820,1760,1790,38523100
8/12/2025,UNVRBQCQ5A,11,16,10,16,6623400
8/12/2025,UNVRBQCU5A,0,0,0,0,0
8/12/2025,UNVRBQCZ5A,0,0,0,0,0
8/12/2025,UNVRDRCG6A,54,54,52,53,125600
8/12/2025,UNVRDRCQ5A,2,3,2,3,27700
8/12/2025,UNVRHDCQ5A,0,0,0,0,0
8/12/2025,UNVRHDPG6A,0,0,0,0,0
8/12/2025,UNVRZPCH6A,0,0,0,0,0
8/12/2025,URBN,129,131,129,131,276600
8/12/2025,UVCR,71,72,70,71,1604700
8/12/2025,VAST,155,160,146,159,7793200
8/12/2025,VAST-W,13,14,13,14,4230700
8/12/2025,VERN,148,162,148,154,1551800
8/12/2025,VERN-W,6,7,5,7,11768900
8/12/2025,VICI,630,635,625,630,517900
8/12/2025,VICO,174,174,168,172,340800
8/12/2025,VINS,116,120,116,118,81200
8/12/2025,VISI,136,141,136,140,4008000
8/12/2025,VIVA,13,14,13,14,5120200
8/12/2025,VKTR,81,89,80,86,32066300
8/12/2025,VOKS,198,204,195,198,270000
8/12/2025,VRNA,72,74,72,74,62200
8/12/2025,VTNY,89,92,87,88,13799200
8/12/2025,WAPO,139,142,136,141,483500
8/12/2025,WEGE,63,79,60,71,520992300
8/12/2025,WEHA,120,120,110,116,5103500
8/12/2025,WGSH,177,179,170,178,2708800
8/12/2025,WICO,0,0,0,0,0
8/12/2025,WIDI,22,22,19,20,39535100
8/12/2025,WIFI,2720,2770,2630,2710,133468800
8/12/2025,WIIM,795,805,790,805,1081500
8/12/2025,WIKA,0,0,0,0,0
8/12/2025,WINE,210,216,210,212,477500
8/12/2025,WINR,27,27,27,27,5811200
8/12/2025,WINS,400,412,400,406,5793800
8/12/2025,WIRG,119,130,118,129,1280576400
8/12/2025,WMPP,0,0,0,0,0
8/12/2025,WMUU,12,12,12,12,7069700
8/12/2025,WOMF,340,342,332,340,480300
8/12/2025,WOOD,396,400,386,392,3546900
8/12/2025,WOWS,60,60,57,57,8088900
8/12/2025,WSBP,12,13,12,12,79596400
8/12/2025,WSKT,0,0,0,0,0
8/12/2025,WTON,98,106,95,100,159991100
8/12/2025,XAQA,0,0,0,0,0
8/12/2025,XBES,1087,1087,1087,1087,10000
8/12/2025,XBID,522,524,522,524,40100
8/12/2025,XBIG,0,0,0,0,0
8/12/2025,XBIN,592,592,592,592,40000
8/12/2025,XBLQ,487,492,487,492,4000
8/12/2025,XBNI,0,0,0,0,0
8/12/2025,XBSK,444,451,444,451,40200
8/12/2025,XCEG,109,109,108,109,8600
8/12/2025,XCID,78,80,75,75,107700
8/12/2025,XCIS,96,128,82,122,675600
8/12/2025,XCLQ,80,88,77,88,860300
8/12/2025,XDIF,0,0,0,0,0
8/12/2025,XIFE,111,130,105,112,147000
8/12/2025,XIHD,0,0,0,0,0
8/12/2025,XIIC,0,0,0,0,0
8/12/2025,XIID,499,504,496,504,24700
8/12/2025,XIIF,476,476,476,476,1000
8/12/2025,XIIT,510,525,510,521,25400
8/12/2025,XIJI,610,620,610,620,14700
8/12/2025,XILV,174,174,111,121,81200
8/12/2025,XIML,249,263,216,263,1550900
8/12/2025,XIPB,203,203,203,203,3700
8/12/2025,XIPI,221,228,221,228,223800
8/12/2025,XISB,0,0,0,0,0
8/12/2025,XISC,768,768,768,768,5200
8/12/2025,XISI,353,356,353,356,300
8/12/2025,XISR,440,442,440,442,200
8/12/2025,XKID,971,971,971,971,100
8/12/2025,XKIV,572,572,572,572,40000
8/12/2025,XKMS,1172,1187,1170,1187,200000
8/12/2025,XMGB,0,0,0,0,0
8/12/2025,XMIG,222,223,222,223,200100
8/12/2025,XMLF,896,907,896,907,40200
8/12/2025,XMSK,383,387,383,387,9000
8/12/2025,XNVE,0,0,0,0,0
8/12/2025,XPDV,738,921,628,628,15200
8/12/2025,XPFT,0,0,0,0,0
8/12/2025,XPIN,640,652,640,651,22100
8/12/2025,XPLQ,499,499,499,499,1200
8/12/2025,XPSG,0,0,0,0,0
8/12/2025,XPTD,468,490,467,477,17900
8/12/2025,XSBC,384,384,327,340,63300
8/12/2025,XSPI,0,0,0,0,0
8/12/2025,XSSI,82,129,82,129,1437600
8/12/2025,XSSK,701,701,701,701,20000
8/12/2025,YELO,30,32,30,32,6252400
8/12/2025,YOII,97,112,96,97,19317300
8/12/2025,YPAS,0,0,0,0,0
8/12/2025,YULE,0,0,0,0,0
8/12/2025,YUPI,1680,1730,1680,1705,128000
8/12/2025,ZATA,12,12,11,11,28751900
8/12/2025,ZBRA,0,0,0,0,0
8/12/2025,ZINC,13,13,12,13,2528100
8/12/2025,ZONE,750,750,735,745,127100
8/12/2025,ZYRX,136,175,133,164,139301100
