<date>,<ticker>,<open>,<high>,<low>,<close>,<volume>
10/13/2025,IHSG,8169.650,8288.280,8133.630,8227.202,41037111400
10/13/2025,AADI,7625,7975,7525,7825,19216600
10/13/2025,AADIDRCN6A,90,95,87,92,3739600
10/13/2025,AADIHDCK6A,90,98,90,98,1348600
10/13/2025,AADIYUCK6A,306,306,302,302,17600
10/13/2025,AALI,7700,7850,7275,7800,3632100
10/13/2025,ABBA,73,73,73,73,17335600
10/13/2025,ABDA,2710,2710,2710,2710,300
10/13/2025,ABMM,2780,2780,2750,2760,602400
10/13/2025,ACES,426,426,420,422,26761200
10/13/2025,ACESBQCV5A,4,4,2,3,5600100
10/13/2025,ACESBQCX5B,6,6,4,5,2494800
10/13/2025,ACESBQCZ5A,14,14,13,13,35500
10/13/2025,ACESDRCJ6A,11,11,10,11,2374100
10/13/2025,ACESHDCZ5A,0,0,0,0,0
10/13/2025,ACESZPCJ6A,0,0,0,0,0
10/13/2025,ACRO,87,89,86,87,8046200
10/13/2025,ACRO-W,13,13,10,11,21684600
10/13/2025,ACST,139,144,137,140,3853800
10/13/2025,ADCP,60,61,59,59,30584100
10/13/2025,ADES,13650,13675,13450,13500,29700
10/13/2025,ADHI,264,268,258,264,7864000
10/13/2025,ADMF,8775,8800,8600,8650,147500
10/13/2025,ADMG,135,136,133,135,547200
10/13/2025,ADMR,1335,1435,1315,1370,157128800
10/13/2025,ADMRDRCJ6A,72,79,64,70,3663800
10/13/2025,ADMRHDCJ6A,104,120,104,110,2120400
10/13/2025,ADMRZPCH6A,93,103,93,93,178900
10/13/2025,ADRO,1725,1775,1690,1725,115736300
10/13/2025,ADROBQCG6A,60,66,60,66,2021100
10/13/2025,ADROBQCZ5A,13,14,12,12,3109100
10/13/2025,ADRODRCJ6A,52,52,51,51,5200
10/13/2025,ADRODRCX5A,30,34,29,30,115800
10/13/2025,ADROHDCZ5A,0,0,0,0,0
10/13/2025,ADROHDPH6A,0,0,0,0,0
10/13/2025,ADROYUCZ5A,52,52,52,52,100
10/13/2025,ADROZPCF6A,25,25,22,22,263700
10/13/2025,ADROZPCK6A,48,50,47,48,166800
10/13/2025,AEGS,44,48,43,45,42286800
10/13/2025,AGAR,248,268,240,250,333000
10/13/2025,AGII,0,0,0,0,0
10/13/2025,AGRO,234,234,226,230,28817200
10/13/2025,AGRS,73,73,71,72,4051500
10/13/2025,AHAP,91,93,88,88,42716100
10/13/2025,AIMS,482,482,482,482,534900
10/13/2025,AISA,141,142,137,138,15623000
10/13/2025,AKKU,0,0,0,0,0
10/13/2025,AKPI,565,565,510,555,122500
10/13/2025,AKRA,1100,1110,1085,1090,23584400
10/13/2025,AKRABQCX5B,16,16,15,16,6800
10/13/2025,AKRADRCX5A,16,17,14,17,45400
10/13/2025,AKRAHDCH6A,41,41,41,41,2500
10/13/2025,AKRAZPCJ6A,34,34,34,34,11700
10/13/2025,AKRAZPCM6A,29,30,27,28,68800
10/13/2025,AKRAZPCX5A,34,34,32,32,12400
10/13/2025,AKSI,290,340,288,328,4155000
10/13/2025,ALDO,492,498,488,488,88100
10/13/2025,ALII,540,575,540,545,2555100
10/13/2025,ALKA,332,340,332,340,17000
10/13/2025,ALMI,0,0,0,0,0
10/13/2025,ALTO,0,0,0,0,0
10/13/2025,AMAG,352,356,350,352,65800
10/13/2025,AMAN,140,144,137,144,1665900
10/13/2025,AMAR,272,276,250,254,9559800
10/13/2025,AMFG,3450,3480,3360,3450,17200
10/13/2025,AMIN,244,250,230,244,510800
10/13/2025,AMMN,7250,8000,7200,7450,68496300
10/13/2025,AMMNBQCZ5A,20,26,17,21,13264500
10/13/2025,AMMNDRCJ6A,51,60,50,55,1395100
10/13/2025,AMMNHDCH6A,74,89,74,78,285000
10/13/2025,AMMNZPCG6A,34,40,33,33,2554600
10/13/2025,AMMS,266,292,242,292,17765300
10/13/2025,AMOR,438,444,434,436,214400
10/13/2025,AMRT,1940,2120,1920,2090,96826200
10/13/2025,AMRTBQCH6A,25,29,25,29,13644700
10/13/2025,AMRTDRCZ5A,20,25,19,25,476900
10/13/2025,AMRTHDCJ6A,13,20,12,19,27197400
10/13/2025,AMRTZPCK6A,19,25,19,24,1811000
10/13/2025,AMRTZPCX5A,29,32,28,31,21100
10/13/2025,ANDI,26,27,26,26,12943100
10/13/2025,ANJT,2290,2420,2200,2260,1785100
10/13/2025,ANTM,3310,3430,3290,3370,199311000
10/13/2025,ANTMBQCX5A,65,72,63,66,4041100
10/13/2025,ANTMBQCZ5A,0,0,0,0,0
10/13/2025,ANTMDRCG6A,53,57,53,54,393500
10/13/2025,ANTMDRCG6B,81,86,77,80,225500
10/13/2025,ANTMDRCX5A,346,348,346,348,1100
10/13/2025,ANTMDRPZ5A,32,32,28,28,2500
10/13/2025,ANTMHDCH6A,91,93,91,92,172600
10/13/2025,ANTMHDCH6B,143,149,143,149,2900000
10/13/2025,ANTMHDPH6A,59,59,56,56,105400
10/13/2025,ANTMZPCJ6A,88,89,85,88,519400
10/13/2025,ANTMZPCK6A,35,38,35,36,4687100
10/13/2025,ANTMZPCX5A,230,240,230,240,607800
10/13/2025,APEX,135,135,130,133,35094700
10/13/2025,APIC,1145,1145,1110,1135,2330900
10/13/2025,APII,191,191,178,182,176900
10/13/2025,APLI,466,494,466,488,143600
10/13/2025,APLN,98,100,96,98,9227400
10/13/2025,ARCI,1090,1335,1080,1240,439802700
10/13/2025,AREA,510,510,500,510,2572800
10/13/2025,ARGO,1095,1095,1050,1070,7500
10/13/2025,ARII,280,282,274,274,507000
10/13/2025,ARKA,36,36,33,33,7991800
10/13/2025,ARKO,1470,1680,1435,1610,2408300
10/13/2025,ARMY,0,0,0,0,0
10/13/2025,ARNA,525,525,515,525,855700
10/13/2025,ARTA,3160,4050,3010,3790,71800
10/13/2025,ARTI,0,0,0,0,0
10/13/2025,ARTO,2070,2110,2040,2110,5934500
10/13/2025,ARTOBQCX5B,73,73,73,73,12500
10/13/2025,ARTOBQCZ5A,13,13,11,12,3269400
10/13/2025,ARTODRCK6A,0,0,0,0,0
10/13/2025,ARTODRCX5A,42,42,42,42,10500
10/13/2025,ARTOHDCZ5A,0,0,0,0,0
10/13/2025,ARTOZPCK6A,42,42,42,42,1100
10/13/2025,ARTOZPCX5A,40,40,40,40,100
10/13/2025,ASBI,446,466,446,448,15700
10/13/2025,ASDM,540,550,510,530,118200
10/13/2025,ASGR,1105,1125,1105,1110,1495500
10/13/2025,ASHA,92,102,92,102,51472500
10/13/2025,ASII,5850,5925,5775,5800,29034500
10/13/2025,ASIIBQCZ5A,112,112,112,112,4000
10/13/2025,ASIIDRCX5A,0,0,0,0,0
10/13/2025,ASIIDRCX6A,0,0,0,0,0
10/13/2025,ASIIHDCZ5A,0,0,0,0,0
10/13/2025,ASIIZPCJ6A,0,0,0,0,0
10/13/2025,ASIIZPCM6A,33,34,33,33,21700
10/13/2025,ASJT,121,124,118,118,505400
10/13/2025,ASLC,82,85,81,83,49226600
10/13/2025,ASLI,0,0,0,0,0
10/13/2025,ASMI,29,29,28,28,4644500
10/13/2025,ASPI,905,905,750,905,7812100
10/13/2025,ASPR,96,98,96,96,4856500
10/13/2025,ASRI,170,173,168,170,33522100
10/13/2025,ASRM,372,420,366,398,1017800
10/13/2025,ASSA,845,910,830,910,17296200
10/13/2025,ATAP,77,79,77,79,3100500
10/13/2025,ATIC,438,440,432,440,325400
10/13/2025,ATLA,76,80,74,77,126130300
10/13/2025,AUTO,2440,2490,2420,2480,11039800
10/13/2025,AUTODRCV6A,0,0,0,0,0
10/13/2025,AUTOZPCJ6A,0,0,0,0,0
10/13/2025,AVIA,422,430,418,428,26959500
10/13/2025,AVIADRCV6A,0,0,0,0,0
10/13/2025,AVIAZPCJ6A,18,18,18,18,10300
10/13/2025,AWAN,226,228,224,226,20289200
10/13/2025,AXIO,126,126,123,126,556000
10/13/2025,AYAM,178,179,175,178,83999100
10/13/2025,AYLS,262,274,204,242,125932800
10/13/2025,BABP,53,54,51,53,39102900
10/13/2025,BABY,302,320,298,316,12551500
10/13/2025,BACA,140,143,140,140,4282800
10/13/2025,BAIK,108,113,102,112,4692000
10/13/2025,BAIK-W,12,12,11,11,4513700
10/13/2025,BAJA,158,164,156,163,3700800
10/13/2025,BALI,1190,1230,1170,1170,26700
10/13/2025,BANK,825,825,810,810,4889100
10/13/2025,BANK-W,0,0,0,0,0
10/13/2025,BAPA,69,70,66,70,3218400
10/13/2025,BAPI,27,27,26,26,14259100
10/13/2025,BATA,56,56,55,56,572000
10/13/2025,BATR,105,107,103,105,1858500
10/13/2025,BAUT,42,42,41,42,7824900
10/13/2025,BAYU,1300,1305,1290,1300,147800
10/13/2025,BBCA,7300,7375,7300,7325,101847900
10/13/2025,BBCABQCG6A,53,54,53,54,22400
10/13/2025,BBCABQCV5A,7,7,4,4,8758600
10/13/2025,BBCABQCX5A,11,12,9,9,5114100
10/13/2025,BBCADRCF6A,21,21,19,20,6503800
10/13/2025,BBCADRCX6A,3120,3120,3120,3120,100
10/13/2025,BBCAHDCQ7A,39,40,39,39,239400
10/13/2025,BBCAHDCV5A,3,3,2,3,6671800
10/13/2025,BBCAYUCK6A,0,0,0,0,0
10/13/2025,BBCAZPCF6A,13,13,11,12,9381300
10/13/2025,BBCAZPCH6A,53,53,52,53,502700
10/13/2025,BBHI,1530,1550,1505,1520,1158000
10/13/2025,BBKP,72,72,69,71,156295600
10/13/2025,BBLD,910,910,870,900,207600
10/13/2025,BBMD,2040,2040,2040,2040,100
10/13/2025,BBNI,3920,3940,3870,3900,38351600
10/13/2025,BBNIBQCG6A,53,53,53,53,100
10/13/2025,BBNIBQCV5A,6,6,4,6,4034200
10/13/2025,BBNIDRCX6A,0,0,0,0,0
10/13/2025,BBNIDRCZ5A,30,31,30,31,5055100
10/13/2025,BBNIDRPZ5A,0,0,0,0,0
10/13/2025,BBNIHDCQ7A,64,64,64,64,2500000
10/13/2025,BBNIYUCV5A,0,0,0,0,0
10/13/2025,BBNIZPCH6A,67,67,67,67,100
10/13/2025,BBNIZPCX5A,0,0,0,0,0
10/13/2025,BBRI,3680,3710,3660,3660,181694400
10/13/2025,BBRIBQCJ6A,45,46,42,46,154700
10/13/2025,BBRIBQCZ5A,0,0,0,0,0
10/13/2025,BBRIDRCG6A,72,73,70,71,3360200
10/13/2025,BBRIDRCN6A,88,90,87,90,6272400
10/13/2025,BBRIDRCX5A,76,79,75,75,383200
10/13/2025,BBRIDRCX6A,1975,1975,1975,1975,300
10/13/2025,BBRIDRPZ5A,60,60,60,60,20000
10/13/2025,BBRIHDCH6A,0,0,0,0,0
10/13/2025,BBRIHDCQ7A,70,70,69,69,27500
10/13/2025,BBRIYUCV5A,14,14,12,12,342500
10/13/2025,BBRIZPCH6A,67,67,65,65,6159700
10/13/2025,BBRIZPCX5A,0,0,0,0,0
10/13/2025,BBRM,88,96,86,94,41290700
10/13/2025,BBSI,4900,5175,4490,4950,476300
10/13/2025,BBSS,316,322,312,320,4869400
10/13/2025,BBTN,1150,1170,1130,1140,69579100
10/13/2025,BBTNDRCV6A,54,54,54,54,30000
10/13/2025,BBTNHDCZ5A,0,0,0,0,0
10/13/2025,BBTNYUCZ5A,49,52,49,52,200
10/13/2025,BBTNZPCG6A,30,34,30,34,8600
10/13/2025,BBYB,362,378,354,374,81468600
10/13/2025,BCAP,59,61,58,59,25949500
10/13/2025,BCIC,224,224,184,184,22863800
10/13/2025,BCIP,121,121,111,114,24744600
10/13/2025,BDKR,174,175,170,171,22540100
10/13/2025,BDMN,2360,2370,2350,2360,914900
10/13/2025,BEBS,0,0,0,0,0
10/13/2025,BEEF,700,700,645,645,16357600
10/13/2025,BEER,116,119,110,111,6573400
10/13/2025,BEKS,29,29,27,28,100805700
10/13/2025,BELI,370,370,364,366,373600
10/13/2025,BELL,65,66,62,65,19518700
10/13/2025,BESS,1045,1090,1045,1050,35900
10/13/2025,BEST,110,111,108,109,11780500
10/13/2025,BFIN,750,760,740,750,19768700
10/13/2025,BFINDRCK6A,22,22,22,22,100
10/13/2025,BFINHDCM6A,0,0,0,0,0
10/13/2025,BFINZPCM6A,18,18,18,18,265000
10/13/2025,BGTG,108,111,106,111,17468700
10/13/2025,BHAT,885,900,880,895,2221500
10/13/2025,BHIT,34,34,33,33,10165100
10/13/2025,BIKA,0,0,0,0,0
10/13/2025,BIKE,920,930,890,920,7920600
10/13/2025,BIMA,77,80,77,80,59000
10/13/2025,BINA,4570,4570,4430,4500,1007900
10/13/2025,BINO,128,128,125,128,545900
10/13/2025,BIPI,100,105,97,100,397088500
10/13/2025,BIPP,46,46,45,45,911900
10/13/2025,BIRD,1850,1850,1805,1810,1876300
10/13/2025,BISI,920,920,860,890,900700
10/13/2025,BJBR,765,765,745,750,7864900
10/13/2025,BJTM,515,515,505,510,12564700
10/13/2025,BKDP,43,46,43,44,351600
10/13/2025,BKSL,144,149,138,139,1004340200
10/13/2025,BKSW,63,63,61,62,3068700
10/13/2025,BLES,168,170,166,167,5331300
10/13/2025,BLOG,515,520,510,515,3000600
10/13/2025,BLTA,42,42,38,38,13384000
10/13/2025,BLTZ,0,0,0,0,0
10/13/2025,BLUE,735,735,735,735,1025200
10/13/2025,BMAS,735,750,650,720,239700
10/13/2025,BMBL,61,61,55,56,11585700
10/13/2025,BMHS,160,160,156,157,6631900
10/13/2025,BMRI,4210,4240,4200,4230,79178600
10/13/2025,BMRIBQCJ6A,0,0,0,0,0
10/13/2025,BMRIBQCZ5A,11,11,10,11,2417300
10/13/2025,BMRIDRCG6A,80,80,80,80,9700
10/13/2025,BMRIDRCX5A,0,0,0,0,0
10/13/2025,BMRIDRCX6A,0,0,0,0,0
10/13/2025,BMRIHDCQ7A,0,0,0,0,0
10/13/2025,BMRIYUCK6A,99,100,99,100,4800
10/13/2025,BMRIZPCH6A,40,40,38,39,29400
10/13/2025,BMRIZPCX5A,12,13,12,12,66900
10/13/2025,BMSR,318,318,300,308,67800
10/13/2025,BMTR,144,149,142,147,43396700
10/13/2025,BNBA,710,710,640,695,3776800
10/13/2025,BNBR,50,52,50,52,58894900
10/13/2025,BNGA,1700,1700,1685,1695,1898300
10/13/2025,BNGADRCK6A,59,59,59,59,5000
10/13/2025,BNGAZPCH6A,0,0,0,0,0
10/13/2025,BNII,206,206,202,204,379300
10/13/2025,BNLI,5525,5650,5375,5375,199100
10/13/2025,BOAT,123,128,120,122,3845100
10/13/2025,BOBA,180,181,174,179,182900
10/13/2025,BOGA,500,500,496,500,416900
10/13/2025,BOLA,197,202,193,196,2098000
10/13/2025,BOLT,1060,1060,1055,1055,8200
10/13/2025,BOSS,0,0,0,0,0
10/13/2025,BPFI,320,332,320,330,5400
10/13/2025,BPII,550,550,545,545,106200
10/13/2025,BPTR,94,95,92,95,669900
10/13/2025,BRAM,5225,5350,5000,5250,4500
10/13/2025,BREN,9600,10250,9575,9825,52095700
10/13/2025,BRIS,2610,2620,2570,2580,15062100
10/13/2025,BRISBQCZ5A,35,35,35,35,16100
10/13/2025,BRISDRCJ6A,38,38,38,38,565800
10/13/2025,BRISHDCH6A,0,0,0,0,0
10/13/2025,BRISHDCZ5A,0,0,0,0,0
10/13/2025,BRISYUCV5A,21,21,21,21,200
10/13/2025,BRISZPCG6A,38,38,38,38,20900
10/13/2025,BRMS,940,1080,925,1075,1287830500
10/13/2025,BRMSBQCZ5A,266,266,260,260,8700
10/13/2025,BRMSDRCG6A,54,111,53,111,34030600
10/13/2025,BRMSDRCJ6A,177,210,176,208,295100
10/13/2025,BRMSDRPX5A,4,4,3,4,7232600
10/13/2025,BRMSHDCH6A,298,324,298,324,10100
10/13/2025,BRMSHDCZ5A,555,680,555,680,35000
10/13/2025,BRMSYUCV5A,176,206,176,206,1664400
10/13/2025,BRMSZPCG6A,292,326,288,326,42000
10/13/2025,BRNA,700,740,680,720,39600
10/13/2025,BRPT,4240,4530,4180,4210,231837800
10/13/2025,BRPTBQCV5A,0,0,0,0,0
10/13/2025,BRPTBQCX5B,428,464,398,414,14200
10/13/2025,BRPTBQCZ5A,0,0,0,0,0
10/13/2025,BRPTDRCF6A,464,505,460,462,157700
10/13/2025,BRPTDRCJ6A,308,332,300,300,332200
10/13/2025,BRPTDRCX5A,545,545,545,545,200
10/13/2025,BRPTHDCH6A,452,484,452,484,1300
10/13/2025,BRPTHDCH6B,0,0,0,0,0
10/13/2025,BRPTHDPG6A,63,64,53,63,1217500
10/13/2025,BRPTYUCZ5A,378,378,372,372,1700
10/13/2025,BRPTZPCF6A,0,0,0,0,0
10/13/2025,BRPTZPCK6A,112,123,110,110,564900
10/13/2025,BRPTZPCX5A,745,750,730,730,700
10/13/2025,BRRC,79,84,78,78,27296400
10/13/2025,BRRC-W,13,13,12,12,1596600
10/13/2025,BSBK,81,82,78,81,105642300
10/13/2025,BSDE,1020,1045,1010,1020,21417700
10/13/2025,BSDEBQCK6A,40,42,40,40,2042500
10/13/2025,BSDEDRCG6A,61,62,58,58,16200
10/13/2025,BSDEDRCJ6A,0,0,0,0,0
10/13/2025,BSDEHDCM6A,41,43,41,42,30400
10/13/2025,BSDEZPCH6A,56,56,56,56,60000
10/13/2025,BSIM,860,870,860,860,26600
10/13/2025,BSML,149,169,141,163,63236400
10/13/2025,BSSR,3870,3910,3870,3900,540200
10/13/2025,BSWD,1080,1080,1080,1080,100
10/13/2025,BTEK,24,24,24,24,124188200
10/13/2025,BTEL,0,0,0,0,0
10/13/2025,BTON,412,456,394,422,190100
10/13/2025,BTPN,2170,2170,2070,2070,16700
10/13/2025,BTPS,1370,1385,1345,1355,10031100
10/13/2025,BTPSDRCK6A,40,40,39,39,77100
10/13/2025,BTPSHDCJ6A,0,0,0,0,0
10/13/2025,BTPSZPCH6A,0,0,0,0,0
10/13/2025,BUAH,1405,1425,1395,1410,237900
10/13/2025,BUDI,208,214,208,214,109900
10/13/2025,BUKA,166,172,165,168,300123800
10/13/2025,BUKABQCZ5B,25,25,14,16,5649600
10/13/2025,BUKADRCK6A,16,17,16,16,1451600
10/13/2025,BUKAHDCZ5A,0,0,0,0,0
10/13/2025,BUKAZPCM6A,38,39,38,39,27600
10/13/2025,BUKK,980,1000,955,955,198400
10/13/2025,BULL,196,198,172,193,403215000
10/13/2025,BUMI,135,145,134,142,3787180900
10/13/2025,BUVA,825,825,825,825,76516400
10/13/2025,BVIC,102,113,102,103,23522100
10/13/2025,BVIC-W,43,44,41,43,21400
10/13/2025,BWPT,136,172,135,160,2127141500
10/13/2025,BYAN,18300,18300,17900,18175,44400
10/13/2025,CAKK,182,183,174,180,919300
10/13/2025,CAMP,214,226,210,212,3977200
10/13/2025,CANI,51,51,49,49,304300
10/13/2025,CARE,294,300,292,300,24289400
10/13/2025,CARS,145,148,144,146,45178000
10/13/2025,CASA,1065,1085,1065,1075,3749900
10/13/2025,CASH,127,133,115,118,8834900
10/13/2025,CASS,2410,2410,2280,2330,62200
10/13/2025,CBDK,6900,6975,6400,6425,38065400
10/13/2025,CBMF,0,0,0,0,0
10/13/2025,CBPE,224,224,218,224,365300
10/13/2025,CBRE,1250,1300,1250,1250,57538200
10/13/2025,CBUT,1400,1665,1385,1545,481000
10/13/2025,CCSI,372,372,350,362,464100
10/13/2025,CDIA,2240,2450,2230,2280,847765700
10/13/2025,CEKA,2570,2590,2500,2550,52700
10/13/2025,CENT,130,144,130,133,73176500
10/13/2025,CFIN,314,314,308,310,1479300
10/13/2025,CGAS,139,144,134,140,8090100
10/13/2025,CHEK,184,189,182,188,9634300
10/13/2025,CHEM,95,97,91,94,13575500
10/13/2025,CHIP,1565,1565,1420,1500,271500
10/13/2025,CINT,157,158,152,156,285700
10/13/2025,CITA,5125,5500,4910,5175,874900
10/13/2025,CITY,118,122,115,118,1615100
10/13/2025,CLAY,3250,3250,3200,3200,1700
10/13/2025,CLEO,515,515,500,515,11031100
10/13/2025,CLPI,1255,1270,1240,1270,69900
10/13/2025,CMNP,1280,1290,1265,1275,305500
10/13/2025,CMNP-W,332,332,250,300,5100
10/13/2025,CMNT,765,800,745,800,51189000
10/13/2025,CMPP,117,117,117,117,780100
10/13/2025,CMRY,4650,4760,4610,4700,1568400
10/13/2025,CMRYDRCK6A,0,0,0,0,0
10/13/2025,CMRYZPCJ6A,0,0,0,0,0
10/13/2025,CNKO,102,102,99,99,30151200
10/13/2025,CNMA,116,120,115,119,28060800
10/13/2025,CNTB,0,0,0,0,0
10/13/2025,CNTX,0,0,0,0,0
10/13/2025,COAL,62,62,61,61,19188700
10/13/2025,COCO,410,448,338,338,87259300
10/13/2025,COIN,3500,3670,3320,3430,128779700
10/13/2025,COWL,0,0,0,0,0
10/13/2025,CPIN,4710,4810,4680,4700,2700200
10/13/2025,CPINDRCG6A,69,69,67,68,1001700
10/13/2025,CPINZPCJ6A,0,0,0,0,0
10/13/2025,CPRI,0,0,0,0,0
10/13/2025,CPRO,64,66,63,64,242716700
10/13/2025,CRAB,256,260,252,258,3567700
10/13/2025,CRSN,114,137,114,119,15574600
10/13/2025,CSAP,318,324,316,316,184700
10/13/2025,CSIS,199,214,197,204,3623700
10/13/2025,CSMI,370,384,342,344,20655500
10/13/2025,CSRA,855,895,845,890,11261400
10/13/2025,CTBN,5100,5100,5100,5100,500
10/13/2025,CTRA,885,910,885,905,30237000
10/13/2025,CTRADRCJ6A,0,0,0,0,0
10/13/2025,CTRAHDCK6A,0,0,0,0,0
10/13/2025,CTRAYUCZ5A,0,0,0,0,0
10/13/2025,CTRAZPCG6A,0,0,0,0,0
10/13/2025,CTTH,58,58,58,58,13583800
10/13/2025,CUAN,2380,2890,2360,2770,575603100
10/13/2025,CYBR,1160,1220,1150,1185,36209600
10/13/2025,CYBR-W,715,775,710,750,81800
10/13/2025,DAAZ,2920,2990,2870,2900,737200
10/13/2025,DADA,130,130,130,130,104881800
10/13/2025,DART,165,165,162,164,45300
10/13/2025,DATA,5800,6350,5100,5325,31386800
10/13/2025,DAYA,1120,1120,1050,1100,43400
10/13/2025,DCII,280500,280500,275500,275500,4800
10/13/2025,DEAL,0,0,0,0,0
10/13/2025,DEFI,0,0,0,0,0
10/13/2025,DEPO,284,284,272,278,731300
10/13/2025,DEWA,350,368,340,362,492341100
10/13/2025,DEWI,114,117,113,117,63497900
10/13/2025,DFAM,86,86,83,83,2273200
10/13/2025,DGIK,91,93,90,92,4194700
10/13/2025,DGNS,142,143,140,141,477300
10/13/2025,DGWG,380,380,372,374,8672900
10/13/2025,DIGI,36,36,36,36,3151600
10/13/2025,DILD,129,131,128,130,10226600
10/13/2025,DIVA,186,218,184,199,38499800
10/13/2025,DKFT,745,810,730,800,53752100
10/13/2025,DKHH,88,90,86,89,12869800
10/13/2025,DKHH-W,17,18,16,17,6166300
10/13/2025,DLTA,1985,2000,1965,1970,50300
10/13/2025,DMAS,134,137,134,136,41182600
10/13/2025,DMMX,388,392,370,388,2639400
10/13/2025,DMND,590,595,575,575,145500
10/13/2025,DNAR,116,116,114,116,1112800
10/13/2025,DNET,9000,9075,8975,8975,10600
10/13/2025,DOID,344,348,340,342,11362900
10/13/2025,DOOH,167,175,163,168,145606600
10/13/2025,DOSS,165,165,154,159,4172100
10/13/2025,DPNS,300,300,288,298,171800
10/13/2025,DPUM,66,69,64,64,7335600
10/13/2025,DRMA,995,995,980,995,497300
10/13/2025,DSFI,91,92,86,88,28611700
10/13/2025,DSNG,1760,1820,1540,1660,40706300
10/13/2025,DSNGDRCK6A,85,85,79,79,3300
10/13/2025,DSNGHDCK6A,0,0,0,0,0
10/13/2025,DSNGZPCM6A,55,55,44,44,60500
10/13/2025,DSSA,105800,106000,104100,104225,1140500
10/13/2025,DUCK,0,0,0,0,0
10/13/2025,DUTI,4310,4310,4220,4220,2900
10/13/2025,DVLA,1620,1625,1615,1620,14800
10/13/2025,DWGL,795,870,720,810,28378700
10/13/2025,DYAN,95,95,90,90,3479600
10/13/2025,EAST,93,94,92,93,1980500
10/13/2025,ECII,193,195,190,190,1404400
10/13/2025,EDGE,5100,5175,4900,4960,191800
10/13/2025,EKAD,180,182,179,180,451200
10/13/2025,ELIT,180,188,177,184,14192000
10/13/2025,ELPI,356,444,342,434,11814200
10/13/2025,ELSA,484,500,484,496,22526800
10/13/2025,ELSADRCG6A,31,31,27,28,3042600
10/13/2025,ELSADRCJ6A,33,33,32,32,35200
10/13/2025,ELSAHDCK6A,36,37,36,36,4000000
10/13/2025,ELSAZPCG6A,30,30,29,29,2014000
10/13/2025,ELTY,24,24,24,24,98948300
10/13/2025,EMAS,4210,4480,4200,4390,65596300
10/13/2025,EMDE,97,98,95,97,1570000
10/13/2025,EMTK,1400,1450,1375,1385,133501500
10/13/2025,EMTKBQCH6A,51,52,49,49,1379700
10/13/2025,EMTKBQCZ5A,452,452,450,450,500
10/13/2025,EMTKDRCK6A,77,77,71,72,2902000
10/13/2025,EMTKHDCK6A,103,106,98,99,55800
10/13/2025,EMTKHDCZ5A,0,0,0,0,0
10/13/2025,EMTKYUCV5A,197,197,196,196,700
10/13/2025,EMTKZPCH6A,190,190,182,182,2600
10/13/2025,EMTKZPCM6A,63,63,60,60,344400
10/13/2025,ENAK,680,685,655,680,649600
10/13/2025,ENRG,925,1020,900,995,182518300
10/13/2025,ENRGBQCZ5A,0,0,0,0,0
10/13/2025,ENRGDRCG6A,45,51,45,51,40500
10/13/2025,ENRGDRCJ6A,0,0,0,0,0
10/13/2025,ENRGHDCK6A,102,110,101,105,168400
10/13/2025,ENRGHDCZ5A,0,0,0,0,0
10/13/2025,ENRGZPCG6A,0,0,0,0,0
10/13/2025,ENRGZPCK6A,53,57,53,56,35200
10/13/2025,ENVY,0,0,0,0,0
10/13/2025,ENZO,37,37,35,35,2892300
10/13/2025,EPAC,34,34,34,34,7586100
10/13/2025,EPMT,2220,2250,2200,2200,53400
10/13/2025,ERAA,426,434,420,428,27625700
10/13/2025,ERAABQCZ5A,13,13,12,12,38000
10/13/2025,ERAADRCJ6A,10,10,8,9,34189300
10/13/2025,ERAAHDCZ5A,0,0,0,0,0
10/13/2025,ERAAZPCH6A,0,0,0,0,0
10/13/2025,ERAL,342,346,328,330,38294900
10/13/2025,ERTX,198,199,170,194,6415700
10/13/2025,ESIP,148,148,148,148,9171100
10/13/2025,ESSA,680,685,650,660,91735100
10/13/2025,ESSABQCZ5A,0,0,0,0,0
10/13/2025,ESSADRCN6A,41,41,38,39,5525000
10/13/2025,ESSAHDCH6A,58,58,56,56,21200
10/13/2025,ESSAYUCZ5A,40,44,40,44,200
10/13/2025,ESSAZPCK6A,21,21,19,20,2186700
10/13/2025,ESTA,0,0,0,0,0
10/13/2025,ESTI,0,0,0,0,0
10/13/2025,ETWA,0,0,0,0,0
10/13/2025,EURO,336,368,336,368,261500
10/13/2025,EXCL,2600,2660,2540,2600,10427000
10/13/2025,EXCLHDCJ6A,27,28,25,28,1857000
10/13/2025,EXCLZPCF6A,60,60,58,58,21000
10/13/2025,EXCLZPCM6A,29,29,29,29,100
10/13/2025,FAPA,6225,6250,6175,6175,11200
10/13/2025,FAST,795,795,795,795,11397200
10/13/2025,FASW,0,0,0,0,0
10/13/2025,FILM,4240,4440,4010,4380,3874800
10/13/2025,FIMP,0,0,0,0,0
10/13/2025,FIRE,90,90,86,88,12162300
10/13/2025,FISH,2510,2540,2350,2360,56100
10/13/2025,FITT,1465,1465,1465,1465,1715500
10/13/2025,FLMC,171,173,161,163,5045100
10/13/2025,FMII,356,360,350,356,18500
10/13/2025,FOLK,0,0,0,0,0
10/13/2025,FOOD,212,212,195,195,67600
10/13/2025,FORE,510,525,510,515,5452500
10/13/2025,FORU,1140,1235,1085,1140,568500
10/13/2025,FPNI,189,191,186,188,1257700
10/13/2025,FUJI,0,0,0,0,0
10/13/2025,FUTR,720,720,720,720,49938600
10/13/2025,FWCT,155,158,155,157,1379500
10/13/2025,GAMA,0,0,0,0,0
10/13/2025,GDST,115,115,111,114,2723900
10/13/2025,GDYR,1155,1155,1135,1140,44900
10/13/2025,GEMA,111,114,108,112,8147300
10/13/2025,GEMS,9025,9125,8925,8950,112500
10/13/2025,GGRM,11575,11875,11350,11700,1502400
10/13/2025,GGRMZPCG6A,86,91,80,85,1947900
10/13/2025,GGRP,230,232,222,230,650900
10/13/2025,GHON,1630,1640,1510,1615,16200
10/13/2025,GIAA,126,126,126,126,1249035400
10/13/2025,GJTL,990,990,975,985,2689400
10/13/2025,GJTLZPCJ6A,0,0,0,0,0
10/13/2025,GLOB,114,120,114,120,72700
10/13/2025,GLVA,334,338,326,326,36500
10/13/2025,GMFI,97,106,97,103,39679200
10/13/2025,GMTD,2100,2110,2080,2090,800
10/13/2025,GOLD,268,332,268,312,4120800
10/13/2025,GOLF,208,210,204,206,1420800
10/13/2025,GOLL,0,0,0,0,0
10/13/2025,GOOD,378,380,372,374,154200
10/13/2025,GOTO,54,56,54,55,2250752100
10/13/2025,GOTOBQCJ6A,7,8,7,7,4825600
10/13/2025,GOTOBQCZ5A,4,5,3,4,31532300
10/13/2025,GOTODRCG6A,8,8,6,7,17809600
10/13/2025,GOTOHDCK6A,14,14,13,14,53500
10/13/2025,GOTOM,0,0,0,0,0
10/13/2025,GOTOZPCH6A,21,22,21,22,506600
10/13/2025,GOTOZPCK6A,11,11,10,10,18000
10/13/2025,GPRA,127,129,125,126,58098100
10/13/2025,GPSO,1155,1155,1155,1155,1829900
10/13/2025,GRIA,113,114,112,113,3066600
10/13/2025,GRPH,69,71,67,70,8574800
10/13/2025,GRPM,61,63,59,61,4329800
10/13/2025,GRPM-W,19,19,18,18,3344600
10/13/2025,GSMF,95,96,93,93,3571000
10/13/2025,GTBO,224,252,218,236,4536500
10/13/2025,GTRA,308,328,302,306,5552000
10/13/2025,GTSI,96,102,95,98,121894000
10/13/2025,GULA,550,550,440,474,50963300
10/13/2025,GUNA,232,242,230,236,858000
10/13/2025,GWSA,143,143,139,140,433600
10/13/2025,GZCO,230,270,226,270,647220300
10/13/2025,HADE,31,31,31,31,8478700
10/13/2025,HAIS,192,192,188,191,3827200
10/13/2025,HAJJ,124,129,120,125,14309300
10/13/2025,HAJJ-W,19,20,18,19,1544000
10/13/2025,HALO,128,164,123,153,266918900
10/13/2025,HALO-W,19,23,17,20,125124100
10/13/2025,HATM,246,248,242,248,23320000
10/13/2025,HBAT,212,230,210,210,2557800
10/13/2025,HDFA,148,148,145,146,143300
10/13/2025,HDIT,67,67,62,63,12038600
10/13/2025,HEAL,1585,1585,1550,1555,7857000
10/13/2025,HEALBQCZ5A,28,28,27,27,300
10/13/2025,HEALDRCJ6A,0,0,0,0,0
10/13/2025,HEALHDCH6A,0,0,0,0,0
10/13/2025,HEALYUCZ5A,45,46,21,46,36900
10/13/2025,HEALZPCH6A,0,0,0,0,0
10/13/2025,HELI,242,242,240,242,90000
10/13/2025,HERO,620,620,535,555,360500
10/13/2025,HEXA,4600,4600,4570,4580,245800
10/13/2025,HGII,169,174,166,171,23915900
10/13/2025,HILL,200,200,195,196,2815500
10/13/2025,HITS,0,0,0,0,0
10/13/2025,HKMU,0,0,0,0,0
10/13/2025,HMSP,690,705,680,705,43286000
10/13/2025,HOKI,80,82,79,81,40726800
10/13/2025,HOME,0,0,0,0,0
10/13/2025,HOMI,362,398,310,354,10456200
10/13/2025,HOPE,185,185,166,166,150891600
10/13/2025,HOTL,0,0,0,0,0
10/13/2025,HRME,47,47,44,45,3259500
10/13/2025,HRTA,1045,1220,1045,1135,92691300
10/13/2025,HRUM,1210,1260,1180,1250,41337500
10/13/2025,HRUMDRCN6A,61,66,60,66,236600
10/13/2025,HRUMHDCK6A,80,86,76,84,3145000
10/13/2025,HRUMZPCG6A,79,86,79,86,52500
10/13/2025,HRUMZPCM6A,46,51,46,50,33500
10/13/2025,HUMI,116,133,113,125,212232300
10/13/2025,HUMI-W,19,21,18,20,29900800
10/13/2025,HYGN,164,165,161,165,760500
10/13/2025,IATA,82,82,80,80,22605800
10/13/2025,IATA-W,29,29,29,29,800
10/13/2025,IBFN,44,44,43,43,2361500
10/13/2025,IBOS,68,69,65,67,8847500
10/13/2025,IBST,5600,5600,5600,5600,700
10/13/2025,ICBP,8850,8925,8800,8800,4920500
10/13/2025,ICBPDRCX6A,3500,3500,3500,3500,200
10/13/2025,ICBPHDCJ6A,33,33,32,32,135500
10/13/2025,ICBPZPCX5A,14,14,10,10,481000
10/13/2025,ICON,49,49,48,48,125600
10/13/2025,IDEA,68,68,62,63,11515300
10/13/2025,IDPR,0,0,0,0,0
10/13/2025,IFII,228,230,226,226,223100
10/13/2025,IFSH,805,820,790,820,17300
10/13/2025,IGAR,515,515,500,510,413200
10/13/2025,IIKP,0,0,0,0,0
10/13/2025,IKAI,22,23,22,23,45126200
10/13/2025,IKAN,120,123,118,122,6903900
10/13/2025,IKBI,515,530,505,515,126600
10/13/2025,IKPM,216,216,212,214,820700
10/13/2025,IMAS,1175,1200,1135,1150,342000
10/13/2025,IMJS,244,256,240,246,18938300
10/13/2025,IMPC,2500,2580,2460,2490,35273400
10/13/2025,INAF,0,0,0,0,0
10/13/2025,INAI,154,160,151,153,480000
10/13/2025,INCF,58,58,58,58,2231600
10/13/2025,INCI,625,630,600,615,127900
10/13/2025,INCO,4480,4560,4420,4540,7230300
10/13/2025,INCOBQCF6A,95,95,95,95,100
10/13/2025,INCOBQCJ6A,66,66,66,66,1350000
10/13/2025,INCOBQCV5A,66,75,37,46,3804500
10/13/2025,INCODRCG6A,112,115,109,110,13200
10/13/2025,INCODRCK6A,0,0,0,0,0
10/13/2025,INCODRCX5A,137,137,137,137,20000
10/13/2025,INCOHDCJ6A,0,0,0,0,0
10/13/2025,INCOYUCZ5A,134,134,134,134,100
10/13/2025,INCOZPCK6A,0,0,0,0,0
10/13/2025,INCOZPCX5A,0,0,0,0,0
10/13/2025,INDF,7100,7250,7025,7200,5518800
10/13/2025,INDFBQCV5A,3,4,2,4,18441800
10/13/2025,INDFDRCX6A,3540,3540,3540,3540,300
10/13/2025,INDFHDCJ6A,20,20,20,20,5100
10/13/2025,INDO,240,242,236,240,2260200
10/13/2025,INDR,3470,3660,3420,3520,60600
10/13/2025,INDS,226,240,222,236,1554100
10/13/2025,INDX,226,226,226,226,1147800
10/13/2025,INDY,2160,2320,2160,2260,37410900
10/13/2025,INDYDRCN6A,123,130,123,124,54900
10/13/2025,INDYHDCJ6A,240,258,240,258,5700
10/13/2025,INDYZPCG6A,125,132,125,132,106700
10/13/2025,INET,280,292,274,284,288242900
10/13/2025,INET-W,194,197,183,195,6454800
10/13/2025,INKP,7600,7775,7525,7550,9270700
10/13/2025,INKPBQCX5A,47,48,42,43,206600
10/13/2025,INKPDRCF6A,179,179,172,172,10000
10/13/2025,INKPDRCG6A,74,77,72,72,3017400
10/13/2025,INKPHDCK6A,0,0,0,0,0
10/13/2025,INKPZPCF6A,89,89,89,89,100
10/13/2025,INKPZPCK6A,37,37,32,33,8154600
10/13/2025,INOV,100,108,100,103,4621900
10/13/2025,INPC,152,156,151,153,10862200
10/13/2025,INPP,680,680,655,655,73300
10/13/2025,INPS,170,170,170,170,857900
10/13/2025,INRU,780,780,725,740,46000
10/13/2025,INTA,50,50,50,50,4984300
10/13/2025,INTD,208,228,208,218,2065700
10/13/2025,INTP,6125,6175,6025,6075,1663800
10/13/2025,INTPDRCN6A,0,0,0,0,0
10/13/2025,INTPHDCM6A,53,53,48,48,1000
10/13/2025,INTPZPCG6A,0,0,0,0,0
10/13/2025,INTPZPCM6A,35,35,33,33,5200
10/13/2025,IOTF,93,94,91,93,28386200
10/13/2025,IPAC,0,0,0,0,0
10/13/2025,IPCC,1040,1050,1035,1045,1792300
10/13/2025,IPCM,308,312,308,308,2915000
10/13/2025,IPOL,140,145,138,139,237300
10/13/2025,IPPE,0,0,0,0,0
10/13/2025,IPTV,42,43,41,43,6482400
10/13/2025,IRRA,428,428,418,426,934900
10/13/2025,IRSX,284,300,284,300,40987700
10/13/2025,ISAP,37,40,37,38,70495800
10/13/2025,ISAP-W,21,22,19,21,48058800
10/13/2025,ISAT,1930,1930,1805,1820,27310400
10/13/2025,ISATBQCJ6A,40,40,39,39,410100
10/13/2025,ISATDRCG6A,45,45,32,32,61500
10/13/2025,ISATDRCX5A,28,28,27,27,2200
10/13/2025,ISATHDCJ6A,19,19,12,13,10996200
10/13/2025,ISATZPCF6A,0,0,0,0,0
10/13/2025,ISEA,88,91,87,90,5497000
10/13/2025,ISSP,404,414,400,414,2281100
10/13/2025,ITIC,348,360,334,360,3716100
10/13/2025,ITMA,1320,1410,1290,1385,3176000
10/13/2025,ITMG,22525,22650,22475,22600,835100
10/13/2025,ITMGDRCV6A,150,150,150,150,2000
10/13/2025,ITMGHDCJ6A,0,0,0,0,0
10/13/2025,ITMGZPCJ6A,0,0,0,0,0
10/13/2025,JARR,8175,8175,8175,8175,1124500
10/13/2025,JAST,90,90,88,89,2409200
10/13/2025,JATI,121,122,115,118,4351500
10/13/2025,JAWA,150,155,146,154,3788800
10/13/2025,JAYA,101,102,99,101,705200
10/13/2025,JECC,1375,1375,1175,1175,740700
10/13/2025,JGLE,22,22,22,22,72525400
10/13/2025,JIHD,640,640,610,610,2115400
10/13/2025,JKON,86,87,84,85,10885200
10/13/2025,JMAS,151,170,139,148,11373100
10/13/2025,JPFA,2040,2170,2040,2160,23999000
10/13/2025,JPFABQCZ5A,0,0,0,0,0
10/13/2025,JPFADRCJ6A,79,89,79,89,31900
10/13/2025,JPFAHDCZ5A,0,0,0,0,0
10/13/2025,JPFAZPCG6A,0,0,0,0,0
10/13/2025,JRPT,860,860,845,860,405200
10/13/2025,JSKY,0,0,0,0,0
10/13/2025,JSMR,3750,3850,3710,3840,6301700
10/13/2025,JSMRDRCK6A,80,80,79,79,1500
10/13/2025,JSMRHDCH6A,0,0,0,0,0
10/13/2025,JSMRZPCG6A,50,52,49,52,5900
10/13/2025,JSPT,3900,3900,3500,3600,44800
10/13/2025,JTPE,330,332,328,330,549900
10/13/2025,KAEF,540,565,525,565,3884500
10/13/2025,KAQI,70,72,69,72,10677000
10/13/2025,KARW,545,545,545,545,439300
10/13/2025,KAYU,0,0,0,0,0
10/13/2025,KBAG,49,49,49,49,8239700
10/13/2025,KBLI,322,322,310,320,1330400
10/13/2025,KBLM,374,376,370,372,111700
10/13/2025,KBLV,334,334,334,334,14966800
10/13/2025,KBRI,0,0,0,0,0
10/13/2025,KDSI,462,478,434,462,26100
10/13/2025,KDTN,115,117,112,117,348500
10/13/2025,KEEN,945,1040,945,1020,11730800
10/13/2025,KEJU,655,710,645,700,3972800
10/13/2025,KETR,640,680,605,630,13717300
10/13/2025,KIAS,0,0,0,0,0
10/13/2025,KICI,137,147,135,146,547300
10/13/2025,KIJA,181,182,179,182,51955600
10/13/2025,KING,216,216,210,212,561900
10/13/2025,KING-W,14,15,13,14,8579900
10/13/2025,KINO,1165,1165,1130,1150,18200
10/13/2025,KIOS,81,82,72,73,34166300
10/13/2025,KJEN,252,274,230,240,11485000
10/13/2025,KKES,36,36,34,34,1417900
10/13/2025,KKGI,344,408,340,392,78662400
10/13/2025,KLAS,135,136,126,128,13492100
10/13/2025,KLBF,1065,1115,1055,1085,66540900
10/13/2025,KLBFBQCJ6A,30,30,30,30,300
10/13/2025,KLBFBQCV5A,3,4,2,4,9406300
10/13/2025,KLBFDRCG6A,10,11,9,10,19205500
10/13/2025,KLBFHDCK6A,44,49,44,48,84300
10/13/2025,KLBFZPCF6A,11,12,11,11,444800
10/13/2025,KLBFZPCJ6A,0,0,0,0,0
10/13/2025,KLIN,173,174,165,169,2012900
10/13/2025,KMDS,635,685,625,665,428400
10/13/2025,KMTR,286,286,280,286,317500
10/13/2025,KOBX,151,155,150,151,3493300
10/13/2025,KOCI,78,94,78,88,80502500
10/13/2025,KOCI-W,18,20,18,19,10059700
10/13/2025,KOIN,72,74,72,74,36800
10/13/2025,KOKA,0,0,0,0,0
10/13/2025,KONI,1755,1990,1740,1780,59300
10/13/2025,KOPI,318,322,314,320,208200
10/13/2025,KOTA,33,33,32,32,19985800
10/13/2025,KPIG,161,166,160,162,97244300
10/13/2025,KRAS,344,350,330,348,64150800
10/13/2025,KREN,24,25,22,22,68394500
10/13/2025,KRYA,185,189,180,185,10215100
10/13/2025,KSIX,250,266,246,256,852900
10/13/2025,KUAS,71,73,70,70,7610900
10/13/2025,LABA,0,0,0,0,0
10/13/2025,LABS,143,143,140,141,2817000
10/13/2025,LAJU,79,81,77,77,40294200
10/13/2025,LAND,44,44,43,44,938300
10/13/2025,LAPD,360,360,330,330,18155900
10/13/2025,LCGP,0,0,0,0,0
10/13/2025,LCKM,220,220,216,216,13600
10/13/2025,LEAD,81,84,80,82,17287700
10/13/2025,LFLO,374,410,344,408,171700
10/13/2025,LIFE,10900,11400,10175,10800,29200
10/13/2025,LINK,3220,3250,3200,3250,20600
10/13/2025,LION,488,496,442,488,624200
10/13/2025,LIVE,194,198,170,178,20011800
10/13/2025,LMAS,0,0,0,0,0
10/13/2025,LMAX,80,89,79,80,6994400
10/13/2025,LMPI,145,145,142,143,76200
10/13/2025,LMSH,0,0,0,0,0
10/13/2025,LOPI,114,123,103,103,40446800
10/13/2025,LPCK,630,630,610,615,471100
10/13/2025,LPGI,585,650,500,610,348800
10/13/2025,LPIN,464,468,456,466,111800
10/13/2025,LPKR,98,100,97,98,116344600
10/13/2025,LPLI,0,0,0,0,0
10/13/2025,LPPF,1590,1630,1580,1625,2388600
10/13/2025,LPPS,180,194,175,181,21186900
10/13/2025,LRNA,182,184,182,182,30200
10/13/2025,LSIP,1285,1360,1270,1350,17553600
10/13/2025,LSIPDRCK6A,38,42,38,42,300
10/13/2025,LSIPHDCJ6A,45,48,44,46,100800
10/13/2025,LSIPYUCZ5A,46,52,46,52,200
10/13/2025,LSIPZPCG6A,0,0,0,0,0
10/13/2025,LTLS,850,850,840,840,13500
10/13/2025,LUCK,104,106,101,103,2517900
10/13/2025,LUCY,122,123,110,110,1596400
10/13/2025,MABA,0,0,0,0,0
10/13/2025,MAGP,0,0,0,0,0
10/13/2025,MAHA,143,143,139,142,7854100
10/13/2025,MAIN,715,750,695,730,3390700
10/13/2025,MANG,71,74,69,69,6369700
10/13/2025,MANG-W,25,25,23,23,22161800
10/13/2025,MAPA,570,575,550,565,51271400
10/13/2025,MAPABQCZ5A,11,11,9,10,2227600
10/13/2025,MAPADRCJ6A,12,12,10,11,3852900
10/13/2025,MAPAHDCZ5A,17,17,16,17,9500
10/13/2025,MAPAZPCH6A,0,0,0,0,0
10/13/2025,MAPB,1620,1680,1575,1580,10900
10/13/2025,MAPI,1185,1200,1150,1180,24427500
10/13/2025,MAPIBQCV5A,4,4,2,3,10043800
10/13/2025,MAPIDRCX5A,11,12,9,11,2870000
10/13/2025,MAPIHDCK6A,0,0,0,0,0
10/13/2025,MAPIZPCJ6A,44,44,44,44,5500
10/13/2025,MARI,45,45,41,41,12439300
10/13/2025,MARK,635,650,625,645,8811600
10/13/2025,MASA,0,0,0,0,0
10/13/2025,MASB,3100,3490,3100,3190,18200
10/13/2025,MAXI,58,59,57,58,17699600
10/13/2025,MAYA,250,260,246,256,7743200
10/13/2025,MBAP,1635,1640,1630,1635,96700
10/13/2025,MBMA,610,635,595,615,244334200
10/13/2025,MBMABQCX5A,56,56,49,51,3958900
10/13/2025,MBMADRCG6A,33,34,33,33,622300
10/13/2025,MBMADRCX5A,71,79,71,76,109100
10/13/2025,MBMADRPX5A,5,5,3,3,14905000
10/13/2025,MBMAHDCH6A,114,114,111,114,10100
10/13/2025,MBMAYUCK6A,0,0,0,0,0
10/13/2025,MBMAZPCK6A,40,40,36,37,205100
10/13/2025,MBMAZPCX5A,0,0,0,0,0
10/13/2025,MBSS,1375,1385,1350,1350,1690800
10/13/2025,MBTO,167,167,142,148,14445200
10/13/2025,MCAS,810,840,810,820,658600
10/13/2025,MCOL,3660,3660,3580,3610,74600
10/13/2025,MCOR,72,74,71,72,12682300
10/13/2025,MDIA,46,46,42,42,6452500
10/13/2025,MDIY,1080,1105,1065,1090,2049600
10/13/2025,MDKA,2330,2390,2280,2370,49754800
10/13/2025,MDKABQCV5A,83,84,73,82,468600
10/13/2025,MDKABQCX5B,23,23,20,22,17122800
10/13/2025,MDKADRCG6A,77,77,69,72,8700
10/13/2025,MDKADRCK6A,68,68,63,66,30100
10/13/2025,MDKADRCV5A,81,81,73,73,8000
10/13/2025,MDKADRPX5A,0,0,0,0,0
10/13/2025,MDKAHDCZ5A,0,0,0,0,0
10/13/2025,MDKAHDPH6A,0,0,0,0,0
10/13/2025,MDKAHDPJ6A,58,58,58,58,100
10/13/2025,MDKAYUCK6A,0,0,0,0,0
10/13/2025,MDKAZPCF6A,64,64,59,61,66300
10/13/2025,MDKI,186,200,184,194,10254600
10/13/2025,MDLA,254,262,248,248,17028900
10/13/2025,MDLN,66,66,63,64,26789000
10/13/2025,MDRN,79,79,79,79,46728800
10/13/2025,MEDC,1450,1575,1445,1535,77683600
10/13/2025,MEDCBQCV5A,94,118,92,105,2080000
10/13/2025,MEDCBQCX5B,49,49,49,49,200
10/13/2025,MEDCBQCZ5A,58,63,58,58,352900
10/13/2025,MEDCDRCG6A,53,61,53,58,550800
10/13/2025,MEDCHDCH6A,0,0,0,0,0
10/13/2025,MEDCZPCF6A,60,66,60,60,91600
10/13/2025,MEDS,77,88,76,83,144771900
10/13/2025,MEGA,3260,3280,3200,3280,13200
10/13/2025,MEJA,0,0,0,0,0
10/13/2025,MEJA-W,0,0,0,0,0
10/13/2025,MENN,59,60,55,55,47817600
10/13/2025,MERI,224,226,222,224,2369400
10/13/2025,MERK,2810,2840,2800,2830,5000
10/13/2025,META,0,0,0,0,0
10/13/2025,MFMI,0,0,0,0,0
10/13/2025,MGLV,560,560,486,486,1255400
10/13/2025,MGNA,45,45,45,45,624300
10/13/2025,MGNA-W,0,0,0,0,0
10/13/2025,MGRO,780,780,760,770,5556900
10/13/2025,MHKI,268,334,268,312,274393500
10/13/2025,MICE,500,500,494,496,180000
10/13/2025,MIDI,406,424,402,416,5039100
10/13/2025,MIKA,2480,2510,2450,2510,3459500
10/13/2025,MIKADRCV6A,0,0,0,0,0
10/13/2025,MIKAZPCG6A,0,0,0,0,0
10/13/2025,MINA,218,232,210,216,301487000
10/13/2025,MINE,510,510,496,498,3868100
10/13/2025,MIRA,60,60,59,59,11372200
10/13/2025,MITI,300,364,292,350,34718100
10/13/2025,MKAP,378,380,376,378,292200
10/13/2025,MKNT,0,0,0,0,0
10/13/2025,MKPI,23400,25325,23400,25325,6600
10/13/2025,MKTR,150,157,145,151,5293700
10/13/2025,MKTR-W,8,10,8,10,21905100
10/13/2025,MLBI,5825,5900,5800,5800,39800
10/13/2025,MLIA,346,354,344,352,3933600
10/13/2025,MLPL,216,222,194,199,429619900
10/13/2025,MLPT,200000,210250,200000,204075,44700
10/13/2025,MMIX,424,436,420,426,7959400
10/13/2025,MMLP,560,565,555,560,7115700
10/13/2025,MNCN,264,270,256,268,31147300
10/13/2025,MNCNDRCN6A,27,28,26,28,40000
10/13/2025,MNCNHDCM6A,28,28,28,28,200
10/13/2025,MNCNZPCM6A,12,13,11,13,336500
10/13/2025,MOLI,308,400,308,400,60493900
10/13/2025,MORA,950,955,850,860,4863400
10/13/2025,MPIX,71,74,67,73,20710000
10/13/2025,MPIX-W,14,14,11,12,5347000
10/13/2025,MPMX,935,935,925,930,3165400
10/13/2025,MPOW,114,115,113,114,522400
10/13/2025,MPPA,74,78,73,73,111280800
10/13/2025,MPRO,6025,6350,6025,6100,356400
10/13/2025,MPXL,188,198,188,193,3129300
10/13/2025,MRAT,336,420,324,420,6265600
10/13/2025,MREI,1000,1000,910,965,368200
10/13/2025,MSIE,67,70,60,60,16591200
10/13/2025,MSIN,560,560,535,545,28892200
10/13/2025,MSJA,302,304,298,300,3813000
10/13/2025,MSKY,87,89,83,87,13713100
10/13/2025,MSTI,1595,1665,1560,1580,5823500
10/13/2025,MTDL,600,605,585,600,5796200
10/13/2025,MTEL,570,570,560,560,5587300
10/13/2025,MTELDRCK6A,0,0,0,0,0
10/13/2025,MTELHDCM6A,21,21,20,20,300
10/13/2025,MTELZPCM6A,18,18,18,18,100
10/13/2025,MTFN,20,21,20,20,195214200
10/13/2025,MTLA,436,436,424,434,23900
10/13/2025,MTMH,1310,1635,1310,1365,1105400
10/13/2025,MTPS,56,68,56,68,9154000
10/13/2025,MTRA,0,0,0,0,0
10/13/2025,MTSM,0,0,0,0,0
10/13/2025,MTWI,352,354,348,350,53100
10/13/2025,MUTU,111,116,111,113,11991000
10/13/2025,MYOH,1650,1720,1645,1675,35000
10/13/2025,MYOR,2140,2210,2100,2150,8129300
10/13/2025,MYORDRCK6A,0,0,0,0,0
10/13/2025,MYORHDCM6A,50,50,50,50,200
10/13/2025,MYORZPCH6A,35,35,35,35,11200
10/13/2025,MYTX,0,0,0,0,0
10/13/2025,NAIK,124,125,120,121,21951800
10/13/2025,NAIK-W,23,23,22,23,400700
10/13/2025,NANO,69,69,66,67,25725100
10/13/2025,NASA,47,47,41,41,4263400
10/13/2025,NASI,116,121,112,113,9959800
10/13/2025,NATO,142,154,141,147,815900
10/13/2025,NAYZ,106,117,98,117,18596900
10/13/2025,NCKL,1125,1150,1100,1130,45276200
10/13/2025,NCKLBQCM6A,43,44,42,44,663400
10/13/2025,NCKLDRCK6A,51,51,49,49,129400
10/13/2025,NCKLHDCK6A,69,70,69,70,8000
10/13/2025,NCKLYUCZ5A,104,107,104,107,2700
10/13/2025,NCKLZPCJ6A,70,72,70,72,5800
10/13/2025,NCKLZPCM6A,33,34,33,34,30700
10/13/2025,NELY,360,362,354,360,531200
10/13/2025,NEST,310,436,306,380,53904300
10/13/2025,NETV,121,127,120,125,3116100
10/13/2025,NFCX,1715,1720,1705,1715,173400
10/13/2025,NICE,428,432,420,432,2661100
10/13/2025,NICK,1210,1210,1100,1140,27500
10/13/2025,NICL,1115,1155,1085,1105,10318200
10/13/2025,NIKL,448,448,400,406,17160700
10/13/2025,NINE,0,0,0,0,0
10/13/2025,NIRO,121,125,120,122,40000
10/13/2025,NISP,1350,1350,1330,1335,6111200
10/13/2025,NOBU,535,545,535,540,5251300
10/13/2025,NPGF,61,62,59,60,23172500
10/13/2025,NRCA,875,905,855,880,21849500
10/13/2025,NSSS,520,550,490,530,10394000
10/13/2025,NTBK,0,0,0,0,0
10/13/2025,NUSA,0,0,0,0,0
10/13/2025,NZIA,110,114,107,108,2714000
10/13/2025,OASA,296,328,280,304,230697700
10/13/2025,OBAT,470,484,456,470,3551400
10/13/2025,OBAT-W,116,122,113,119,269800
10/13/2025,OBMD,258,264,256,258,1018200
10/13/2025,OCAP,0,0,0,0,0
10/13/2025,OILS,236,236,206,230,28394100
10/13/2025,OKAS,157,163,154,161,16435700
10/13/2025,OLIV,170,170,170,170,7022100
10/13/2025,OMED,196,197,195,196,746200
10/13/2025,OMRE,478,478,478,478,200
10/13/2025,OPMS,118,123,112,118,4698300
10/13/2025,PACK,1740,1780,1650,1690,4129600
10/13/2025,PADA,93,96,93,96,43023200
10/13/2025,PADI,86,86,86,86,34216300
10/13/2025,PALM,410,410,394,396,1860300
10/13/2025,PAMG,70,72,70,70,5431800
10/13/2025,PANI,14350,14575,13525,13600,25691500
10/13/2025,PANIBQCZ5A,41,41,31,31,2709200
10/13/2025,PANIDRCG6A,84,84,69,70,891500
10/13/2025,PANIHDCJ6A,112,112,99,100,232700
10/13/2025,PANIHDCZ5A,158,158,136,136,587000
10/13/2025,PANIZPCJ6A,76,76,63,65,2630700
10/13/2025,PANR,670,670,650,655,652500
10/13/2025,PANS,1385,1390,1375,1385,39800
10/13/2025,PART,119,124,113,124,188858700
10/13/2025,PART-W,18,20,17,20,25292200
10/13/2025,PBID,484,488,484,488,356200
10/13/2025,PBRX,38,38,36,36,43365400
10/13/2025,PBSA,900,900,880,890,982700
10/13/2025,PCAR,36,36,36,36,5910800
10/13/2025,PDES,635,635,605,625,2207600
10/13/2025,PDPP,444,444,422,430,188700
10/13/2025,PEGE,124,128,119,123,8166500
10/13/2025,PEHA,324,334,320,326,103300
10/13/2025,PEVE,486,525,476,492,1557100
10/13/2025,PGAS,1695,1700,1670,1670,26027200
10/13/2025,PGASBQCZ5A,0,0,0,0,0
10/13/2025,PGASDRCG6A,60,61,57,57,300
10/13/2025,PGASDRCG6B,88,88,88,88,5600
10/13/2025,PGASHDCK6A,0,0,0,0,0
10/13/2025,PGASZPCJ6A,38,38,38,38,13800
10/13/2025,PGEO,1435,1485,1420,1460,64747300
10/13/2025,PGEOBQCX5B,16,16,13,14,19538800
10/13/2025,PGEODRCJ6A,39,41,39,40,2650900
10/13/2025,PGEOHDCH6A,49,52,49,49,129500
10/13/2025,PGEOHDCH6B,0,0,0,0,0
10/13/2025,PGEOHDPH6A,0,0,0,0,0
10/13/2025,PGEOYUCK6A,92,96,92,94,432300
10/13/2025,PGEOZPCJ6A,48,48,48,48,5000
10/13/2025,PGEOZPCM6A,54,56,54,55,322400
10/13/2025,PGJO,890,900,815,890,520500
10/13/2025,PGLI,354,354,316,350,33753500
10/13/2025,PGUN,29525,29525,29525,29525,49400
10/13/2025,PICO,302,302,270,272,10209700
10/13/2025,PIPA,0,0,0,0,0
10/13/2025,PJAA,575,575,550,560,275600
10/13/2025,PKPK,570,575,540,560,122800
10/13/2025,PLAN,50,53,48,50,8700300
10/13/2025,PLAS,0,0,0,0,0
10/13/2025,PLIN,0,0,0,0,0
10/13/2025,PMJS,118,118,114,118,705900
10/13/2025,PMMP,0,0,0,0,0
10/13/2025,PMUI,134,135,130,132,3544600
10/13/2025,PNBN,1010,1025,1005,1010,13027000
10/13/2025,PNBS,53,54,52,53,15184200
10/13/2025,PNGO,3550,3550,3100,3450,198600
10/13/2025,PNIN,795,810,790,790,782900
10/13/2025,PNLF,232,234,230,234,56400200
10/13/2025,PNLFBQCM6A,16,19,16,18,77576700
10/13/2025,PNLFDRCJ6A,10,10,10,10,38800
10/13/2025,PNLFHDCZ5A,0,0,0,0,0
10/13/2025,PNLFYUCV5A,4,4,2,2,6696800
10/13/2025,PNLFZPCH6A,0,0,0,0,0
10/13/2025,PNSE,705,730,705,705,27200
10/13/2025,POLA,47,47,41,42,13964900
10/13/2025,POLI,735,735,705,725,1200
10/13/2025,POLL,0,0,0,0,0
10/13/2025,POLU,29850,29850,25375,25375,77200
10/13/2025,POLY,30,31,27,27,1500600
10/13/2025,POOL,0,0,0,0,0
10/13/2025,PORT,1075,1335,1075,1335,331900
10/13/2025,POSA,0,0,0,0,0
10/13/2025,POWR,700,700,690,695,7131500
10/13/2025,PPGL,113,120,109,115,1709200
10/13/2025,PPRE,89,90,86,88,7873300
10/13/2025,PPRI,510,580,434,434,195843600
10/13/2025,PPRO,0,0,0,0,0
10/13/2025,PRAY,755,755,735,755,54800
10/13/2025,PRDA,2530,2550,2500,2510,506000
10/13/2025,PRIM,86,88,84,85,14516700
10/13/2025,PSAB,590,645,585,625,340465700
10/13/2025,PSAT,1330,1345,1300,1330,1175700
10/13/2025,PSDN,107,108,103,104,2940200
10/13/2025,PSGO,220,274,216,274,27176200
10/13/2025,PSKT,137,137,128,128,125372700
10/13/2025,PSSI,344,344,334,342,427900
10/13/2025,PTBA,2340,2350,2310,2340,9587100
10/13/2025,PTBABQCV5A,8,8,7,7,54000
10/13/2025,PTBADRCG6A,18,18,18,18,250000
10/13/2025,PTBAHDCM6A,53,53,53,53,200
10/13/2025,PTBAYUCZ5A,0,0,0,0,0
10/13/2025,PTBAZPCH6A,0,0,0,0,0
10/13/2025,PTDU,0,0,0,0,0
10/13/2025,PTIS,384,454,384,422,381300
10/13/2025,PTMP,91,92,88,89,13030900
10/13/2025,PTMR,0,0,0,0,0
10/13/2025,PTPP,392,406,384,394,18233100
10/13/2025,PTPS,176,218,173,208,347775800
10/13/2025,PTPW,930,935,930,935,19500
10/13/2025,PTRO,6950,7325,6900,7050,60714900
10/13/2025,PTRODRCG6A,204,218,204,218,12700
10/13/2025,PTROHDCK6A,368,376,368,368,54800
10/13/2025,PTROYUCK6A,378,378,364,364,1100
10/13/2025,PTROZPCK6A,186,195,180,183,755900
10/13/2025,PTSN,466,478,456,462,1310200
10/13/2025,PTSP,910,945,910,935,46100
10/13/2025,PUDP,468,468,468,468,168100
10/13/2025,PURA,36,36,33,33,11127700
10/13/2025,PURE,0,0,0,0,0
10/13/2025,PURI,190,195,188,192,273000
10/13/2025,PWON,364,368,364,366,31007700
10/13/2025,PWONDRCN6A,30,30,30,30,10000
10/13/2025,PWONHDCZ5A,0,0,0,0,0
10/13/2025,PWONZPCH6A,0,0,0,0,0
10/13/2025,PYFA,590,665,575,630,198333700
10/13/2025,PYFA-W,122,133,118,129,2903000
10/13/2025,PZZA,248,258,242,250,2483400
10/13/2025,R-ABFII,0,0,0,0,0
10/13/2025,R-LQ45X,970,970,961,961,500
10/13/2025,RAAM,280,292,274,290,16226100
10/13/2025,RAFI,0,0,0,0,0
10/13/2025,RAJA,0,0,0,0,0
10/13/2025,RAJADRCG6A,0,0,0,0,0
10/13/2025,RAJAHDCK6A,0,0,0,0,0
10/13/2025,RAJAZPCK6A,0,0,0,0,0
10/13/2025,RALS,396,400,392,398,3835800
10/13/2025,RANC,1110,1110,1110,1110,491100
10/13/2025,RATU,9950,10975,9950,10350,58365300
10/13/2025,RBMS,40,40,40,40,598700
10/13/2025,RCCC,240,248,236,246,153500
10/13/2025,RDTX,12150,12150,12150,12150,100
10/13/2025,REAL,68,77,66,71,208090900
10/13/2025,RELF,48,48,44,45,18679000
10/13/2025,RELI,685,690,640,640,128100
10/13/2025,RGAS,100,100,97,100,3794000
10/13/2025,RICY,74,74,74,74,717800
10/13/2025,RIGS,805,820,795,800,167900
10/13/2025,RIMO,0,0,0,0,0
10/13/2025,RISE,4190,4190,4190,4190,4700
10/13/2025,RMKE,0,0,0,0,0
10/13/2025,RMKO,0,0,0,0,0
10/13/2025,ROCK,740,740,735,735,1100
10/13/2025,RODA,52,52,47,47,474800
10/13/2025,RONY,3780,3800,3780,3800,84300
10/13/2025,ROTI,795,795,785,795,141000
10/13/2025,RSCH,376,378,368,376,15760900
10/13/2025,RSGK,0,0,0,0,0
10/13/2025,RUIS,195,196,190,193,1125900
10/13/2025,RUNS,105,108,103,107,723900
10/13/2025,SAFE,200,202,188,194,826100
10/13/2025,SAGE,35,35,34,34,7404200
10/13/2025,SAME,322,324,312,318,2674500
10/13/2025,SAMF,320,320,316,320,325100
10/13/2025,SAPX,302,302,286,300,755800
10/13/2025,SATU,246,248,244,244,2526400
10/13/2025,SBAT,0,0,0,0,0
10/13/2025,SBMA,136,142,134,137,9547600
10/13/2025,SCCO,2340,2380,2310,2370,35400
10/13/2025,SCMA,428,452,422,424,192778900
10/13/2025,SCMABQCZ5A,0,0,0,0,0
10/13/2025,SCMADRCG6A,63,63,51,51,22000
10/13/2025,SCMADRCK6A,174,174,173,173,110000
10/13/2025,SCMAHDCK6A,81,81,75,75,76700
10/13/2025,SCMAHDCZ5A,424,424,424,424,100
10/13/2025,SCMAYUCK6A,125,126,125,126,200
10/13/2025,SCMAZPCG6A,0,0,0,0,0
10/13/2025,SCMAZPCM6A,81,81,77,77,15900
10/13/2025,SCNP,185,185,158,177,398600
10/13/2025,SCPI,0,0,0,0,0
10/13/2025,SDMU,80,82,80,82,9284700
10/13/2025,SDPC,134,138,134,137,168400
10/13/2025,SDRA,290,290,284,284,766300
10/13/2025,SEMA,97,100,94,98,3136300
10/13/2025,SFAN,1925,1925,1920,1925,57400
10/13/2025,SGER,336,336,330,332,39469400
10/13/2025,SGRO,4720,4980,4710,4800,1236400
10/13/2025,SHID,870,895,870,895,10500
10/13/2025,SHIP,6000,6200,5750,5800,86200
10/13/2025,SICO,131,133,128,132,4480900
10/13/2025,SIDO,520,525,515,515,13779800
10/13/2025,SIDODRCK6A,0,0,0,0,0
10/13/2025,SIDOZPCM6A,0,0,0,0,0
10/13/2025,SILO,1875,1900,1860,1870,2063400
10/13/2025,SIMA,0,0,0,0,0
10/13/2025,SIMP,590,635,580,610,27998300
10/13/2025,SINI,5175,5675,5175,5675,159400
10/13/2025,SIPD,705,705,705,705,2500
10/13/2025,SKBM,460,460,436,452,220700
10/13/2025,SKLT,202,208,190,204,509700
10/13/2025,SKRN,675,680,580,610,2966200
10/13/2025,SKYB,0,0,0,0,0
10/13/2025,SLIS,91,92,87,90,55822300
10/13/2025,SLIS-W,18,19,16,17,5493600
10/13/2025,SMAR,5000,5150,4840,5025,220700
10/13/2025,SMBR,282,284,276,278,12417300
10/13/2025,SMCB,0,0,0,0,0
10/13/2025,SMDM,1060,1120,905,930,6848100
10/13/2025,SMDR,306,316,300,306,17448500
10/13/2025,SMGA,99,100,96,98,18205200
10/13/2025,SMGR,2560,2580,2530,2540,4141600
10/13/2025,SMGRBQCX5B,29,29,29,29,1100000
10/13/2025,SMGRBQCZ5A,11,11,9,9,3596300
10/13/2025,SMGRDRCG6A,36,36,36,36,10500
10/13/2025,SMGRDRCV5A,0,0,0,0,0
10/13/2025,SMGRHDCZ5A,0,0,0,0,0
10/13/2025,SMGRZPCJ6A,0,0,0,0,0
10/13/2025,SMIL,545,545,525,545,70992200
10/13/2025,SMKL,170,171,165,168,138300
10/13/2025,SMKM,236,236,195,222,139298600
10/13/2025,SMLE,384,384,384,384,4190300
10/13/2025,SMMA,14175,14175,14025,14025,27700
10/13/2025,SMMT,1360,1415,1345,1385,178600
10/13/2025,SMRA,398,404,392,396,52745400
10/13/2025,SMRADRCG6A,0,0,0,0,0
10/13/2025,SMRADRCJ6A,20,20,20,20,9700
10/13/2025,SMRAHDCZ5A,0,0,0,0,0
10/13/2025,SMRAZPCH6A,41,41,39,39,11400
10/13/2025,SMRU,0,0,0,0,0
10/13/2025,SMSM,1745,1755,1740,1745,1595600
10/13/2025,SNLK,416,416,402,412,6861600
10/13/2025,SOCI,206,236,202,226,105354600
10/13/2025,SOFA,0,0,0,0,0
10/13/2025,SOHO,800,850,790,815,141200
10/13/2025,SOLA,153,153,148,150,51223400
10/13/2025,SONA,4110,4160,3800,3800,102500
10/13/2025,SOSS,795,1040,790,1040,956900
10/13/2025,SOTS,386,416,360,394,447400
10/13/2025,SOUL,93,97,85,88,6518300
10/13/2025,SPMA,356,368,346,364,3371300
10/13/2025,SPRE,103,112,102,104,5762900
10/13/2025,SPTO,635,645,630,645,460000
10/13/2025,SQMI,0,0,0,0,0
10/13/2025,SRAJ,10850,11200,10850,11025,657400
10/13/2025,SRIL,0,0,0,0,0
10/13/2025,SRSN,74,77,70,77,153818900
10/13/2025,SRTG,1760,1795,1740,1745,6426500
10/13/2025,SRTGDRCK6A,0,0,0,0,0
10/13/2025,SRTGHDCK6A,83,83,79,79,69700
10/13/2025,SRTGZPCG6A,0,0,0,0,0
10/13/2025,SRTGZPCK6A,36,36,36,36,9800
10/13/2025,SSIA,2010,2080,2000,2010,36995800
10/13/2025,SSMS,1690,1695,1605,1635,12913800
10/13/2025,SSTM,290,306,286,288,177500
10/13/2025,STAA,1435,1480,1395,1425,23353000
10/13/2025,STAR,83,99,83,83,1131500
10/13/2025,STRK,182,189,177,185,29122700
10/13/2025,STTP,10325,10375,10075,10175,2800
10/13/2025,SUGI,0,0,0,0,0
10/13/2025,SULI,150,155,140,148,5409000
10/13/2025,SUNI,830,830,815,825,319000
10/13/2025,SUPR,0,0,0,0,0
10/13/2025,SURE,2710,2770,2680,2720,16200
10/13/2025,SURI,109,113,107,109,21630900
10/13/2025,SWAT,0,0,0,0,0
10/13/2025,SWID,90,92,89,91,927400
10/13/2025,TALF,476,476,444,452,28100
10/13/2025,TAMA,39,39,36,36,894100
10/13/2025,TAMU,36,36,34,34,13510200
10/13/2025,TAPG,1925,1935,1830,1855,16047500
10/13/2025,TAPGDRCG6A,0,0,0,0,0
10/13/2025,TAPGDRCJ6A,0,0,0,0,0
10/13/2025,TAPGHDCH6A,0,0,0,0,0
10/13/2025,TAPGZPCH6A,159,159,154,154,2100
10/13/2025,TAPGZPCM6A,50,54,49,54,28100
10/13/2025,TARA,34,36,34,34,5344100
10/13/2025,TAXI,20,20,19,19,166110900
10/13/2025,TAYS,76,78,76,78,3906100
10/13/2025,TBIG,1850,1855,1800,1800,651100
10/13/2025,TBLA,700,725,695,715,9100200
10/13/2025,TBMS,1445,1485,1400,1470,180100
10/13/2025,TCID,3240,3240,3130,3160,23000
10/13/2025,TCPI,6500,6500,6175,6250,7671700
10/13/2025,TDPM,0,0,0,0,0
10/13/2025,TEBE,4530,4530,4530,4530,5577400
10/13/2025,TECH,0,0,0,0,0
10/13/2025,TELE,0,0,0,0,0
10/13/2025,TFAS,482,482,330,410,58432600
10/13/2025,TFCO,0,0,0,0,0
10/13/2025,TGKA,5550,5550,5450,5550,600
10/13/2025,TGRA,0,0,0,0,0
10/13/2025,TGUK,0,0,0,0,0
10/13/2025,TIFA,404,442,398,420,36800
10/13/2025,TINS,0,0,0,0,0
10/13/2025,TIRA,1500,1715,1465,1515,442800
10/13/2025,TIRT,0,0,0,0,0
10/13/2025,TKIM,7100,7175,6925,6925,1791600
10/13/2025,TKIMDRCN6A,87,87,83,83,40100
10/13/2025,TKIMHDCJ6A,0,0,0,0,0
10/13/2025,TKIMZPCG6A,92,92,88,89,135300
10/13/2025,TKIMZPCK6A,29,30,29,30,9400
10/13/2025,TLDN,725,735,710,725,5254900
10/13/2025,TLKM,3020,3070,2980,3020,46978500
10/13/2025,TLKMBQCG6A,0,0,0,0,0
10/13/2025,TLKMBQCJ6A,49,49,48,48,1352200
10/13/2025,TLKMBQCV5A,24,25,24,25,200
10/13/2025,TLKMDRCJ6A,66,66,64,64,131300
10/13/2025,TLKMDRCX6A,0,0,0,0,0
10/13/2025,TLKMHDCJ6A,40,41,40,41,51200
10/13/2025,TLKMHDCV5A,244,244,244,244,29700
10/13/2025,TLKMYUCK6A,99,99,99,99,1800
10/13/2025,TLKMZPCF6A,0,0,0,0,0
10/13/2025,TLKMZPCM6A,0,0,0,0,0
10/13/2025,TMAS,130,134,128,131,7867900
10/13/2025,TMPO,167,168,163,166,4303900
10/13/2025,TNCA,272,272,234,234,11533600
10/13/2025,TOBA,1300,1435,1300,1340,168042600
10/13/2025,TOOL,66,68,65,66,7138900
10/13/2025,TOPS,0,0,0,0,0
10/13/2025,TOSK,72,74,69,69,47929600
10/13/2025,TOTL,795,840,795,825,3066500
10/13/2025,TOTO,278,280,274,274,895000
10/13/2025,TOWR,525,535,520,525,23935900
10/13/2025,TOWRDRCN6A,18,18,18,18,1970200
10/13/2025,TOWRHDCK6A,23,23,23,23,2100
10/13/2025,TOYS,0,0,0,0,0
10/13/2025,TPIA,8000,8350,7925,8050,24743900
10/13/2025,TPMA,565,570,560,565,2472400
10/13/2025,TRAM,0,0,0,0,0
10/13/2025,TRGU,170,180,170,178,659600
10/13/2025,TRIL,0,0,0,0,0
10/13/2025,TRIM,550,570,540,545,1833200
10/13/2025,TRIN,0,0,0,0,0
10/13/2025,TRIN-W2,0,0,0,0,0
10/13/2025,TRIO,0,0,0,0,0
10/13/2025,TRIS,179,183,178,180,264900
10/13/2025,TRJA,157,208,157,198,76674800
10/13/2025,TRON,87,88,85,87,5540900
10/13/2025,TRST,484,486,484,486,21400
10/13/2025,TRUE,113,113,113,113,33616800
10/13/2025,TRUK,340,376,320,328,12896800
10/13/2025,TRUS,434,444,430,442,21600
10/13/2025,TSPC,2400,2540,2400,2530,1487000
10/13/2025,TUGU,1005,1020,990,1010,4329400
10/13/2025,TYRE,126,133,126,128,788900
10/13/2025,UANG,3540,4660,3540,3540,12254400
10/13/2025,UCID,454,454,448,448,1048400
10/13/2025,UDNG,2080,2130,1920,1920,1643600
10/13/2025,UFOE,270,288,258,258,22978000
10/13/2025,ULTJ,1340,1355,1320,1330,3533600
10/13/2025,UNIC,8350,8350,8175,8225,18500
10/13/2025,UNIQ,372,372,360,366,29624900
10/13/2025,UNIT,0,0,0,0,0
10/13/2025,UNSP,164,164,163,164,1563900
10/13/2025,UNTD,85,88,84,87,20177900
10/13/2025,UNTR,25025,26125,25025,26000,2941600
10/13/2025,UNTRBQCV5A,0,0,0,0,0
10/13/2025,UNTRDRCG6A,0,0,0,0,0
10/13/2025,UNTRHDCM6A,0,0,0,0,0
10/13/2025,UNTRZPCJ6A,149,149,147,147,2100
10/13/2025,UNVR,1870,1900,1815,1850,25615900
10/13/2025,UNVRBQCZ5A,80,83,71,71,2900
10/13/2025,UNVRDRCG6A,51,53,46,48,531600
10/13/2025,UNVRHDCM6A,84,84,84,84,10000
10/13/2025,UNVRHDPG6A,0,0,0,0,0
10/13/2025,UNVRZPCH6A,57,57,50,51,404700
10/13/2025,UNVRZPCM6A,0,0,0,0,0
10/13/2025,URBN,144,144,139,142,40900
10/13/2025,UVCR,73,74,72,73,4932400
10/13/2025,VAST,157,159,154,155,1075600
10/13/2025,VAST-W,13,14,12,14,849100
10/13/2025,VERN,122,123,119,123,2654000
10/13/2025,VICI,625,625,610,625,343400
10/13/2025,VICO,183,218,180,190,12520700
10/13/2025,VINS,132,178,132,146,25064600
10/13/2025,VISI,188,193,185,185,11893100
10/13/2025,VIVA,37,37,34,34,15083100
10/13/2025,VKTR,270,270,260,260,13017000
10/13/2025,VOKS,300,302,292,300,236500
10/13/2025,VRNA,88,89,84,85,455600
10/13/2025,VTNY,97,102,94,102,29849500
10/13/2025,WAPO,166,170,161,168,2776000
10/13/2025,WEGE,67,70,66,67,37109900
10/13/2025,WEHA,115,115,112,113,920200
10/13/2025,WGSH,220,240,220,232,1148000
10/13/2025,WICO,0,0,0,0,0
10/13/2025,WIDI,45,48,43,45,15761900
10/13/2025,WIFI,3820,4120,3800,3820,330973000
10/13/2025,WIIM,1200,1220,1135,1170,18689100
10/13/2025,WIKA,0,0,0,0,0
10/13/2025,WINE,200,204,198,200,4644200
10/13/2025,WINR,47,47,42,42,15085100
10/13/2025,WINS,436,450,420,450,6076300
10/13/2025,WIRG,131,158,130,158,2491702700
10/13/2025,WMPP,0,0,0,0,0
10/13/2025,WMUU,40,40,37,37,307305400
10/13/2025,WOMF,338,338,334,336,93000
10/13/2025,WOOD,480,525,480,510,11462300
10/13/2025,WOWS,77,79,73,76,32013700
10/13/2025,WSBP,33,33,30,30,338977000
10/13/2025,WSKT,0,0,0,0,0
10/13/2025,WTON,102,103,99,99,13558900
10/13/2025,XAQA,0,0,0,0,0
10/13/2025,XBES,0,0,0,0,0
10/13/2025,XBID,0,0,0,0,0
10/13/2025,XBIG,0,0,0,0,0
10/13/2025,XBIN,574,574,574,574,40000
10/13/2025,XBLQ,0,0,0,0,0
10/13/2025,XBNI,0,0,0,0,0
10/13/2025,XBSK,430,430,430,430,40000
10/13/2025,XCEG,103,104,103,104,600
10/13/2025,XCID,55,55,52,52,336300
10/13/2025,XCIS,82,82,77,81,63700
10/13/2025,XCLQ,89,98,78,85,53400
10/13/2025,XDIF,0,0,0,0,0
10/13/2025,XIFE,106,120,96,98,3700
10/13/2025,XIHD,612,612,612,612,200
10/13/2025,XIIC,0,0,0,0,0
10/13/2025,XIID,0,0,0,0,0
10/13/2025,XIIF,0,0,0,0,0
10/13/2025,XIIT,519,519,510,510,5300
10/13/2025,XIJI,675,676,675,676,120100
10/13/2025,XILV,106,110,98,110,15200
10/13/2025,XIML,260,260,234,234,13900
10/13/2025,XIPB,180,230,178,188,14900
10/13/2025,XIPI,214,214,214,214,100
10/13/2025,XISB,0,0,0,0,0
10/13/2025,XISC,0,0,0,0,0
10/13/2025,XISI,337,337,337,337,600
10/13/2025,XISR,0,0,0,0,0
10/13/2025,XKID,940,940,940,940,100
10/13/2025,XKIV,593,593,593,593,40000
10/13/2025,XKMS,1120,1126,1118,1126,200200
10/13/2025,XMGB,1136,1136,1136,1136,100
10/13/2025,XMIG,214,214,214,214,200000
10/13/2025,XMLF,867,867,867,867,40000
10/13/2025,XMSK,370,370,370,370,100
10/13/2025,XNVE,0,0,0,0,0
10/13/2025,XPDV,0,0,0,0,0
10/13/2025,XPFT,0,0,0,0,0
10/13/2025,XPIN,640,643,640,643,200
10/13/2025,XPLQ,0,0,0,0,0
10/13/2025,XPSG,395,395,395,395,100
10/13/2025,XPTD,469,469,469,469,100
10/13/2025,XSBC,100,100,99,100,36100
10/13/2025,XSPI,0,0,0,0,0
10/13/2025,XSSI,87,88,75,87,540900
10/13/2025,XSSK,669,669,669,669,20000
10/13/2025,YELO,76,76,73,73,33645200
10/13/2025,YOII,99,102,99,102,2778300
10/13/2025,YPAS,675,675,610,610,108400
10/13/2025,YULE,2700,2700,2700,2700,32700
10/13/2025,YUPI,1735,1735,1690,1695,107500
10/13/2025,ZATA,67,74,64,69,131038800
10/13/2025,ZBRA,0,0,0,0,0
10/13/2025,ZINC,37,37,36,36,52875200
10/13/2025,ZONE,600,610,595,600,8300
10/13/2025,ZYRX,148,148,142,146,1385900
