<date>,<ticker>,<open>,<high>,<low>,<close>,<volume>
9/26/2025,IHSG,8051.760,8099.330,8035.000,8099.333,38958790800
9/26/2025,AADI,7600,7750,7550,7625,15653800
9/26/2025,AADIHDCK6A,92,94,90,91,2048800
9/26/2025,AADIYUCK6A,294,304,292,296,28800
9/26/2025,AALI,8275,8275,8075,8250,3562000
9/26/2025,ABBA,54,54,54,54,16073200
9/26/2025,ABDA,0,0,0,0,0
9/26/2025,ABMM,2910,2920,2870,2880,781000
9/26/2025,ACES,422,434,422,430,37341600
9/26/2025,ACESBQCV5A,10,10,9,9,3873600
9/26/2025,ACESBQCX5B,10,10,8,10,18674700
9/26/2025,ACESBQCZ5A,18,20,18,20,320800
9/26/2025,ACESDRCJ6A,15,16,11,12,41482900
9/26/2025,ACESHDCZ5A,0,0,0,0,0
9/26/2025,ACESZPCJ6A,17,19,17,19,31200
9/26/2025,ACRO,82,85,80,82,6321200
9/26/2025,ACRO-W,14,16,14,15,19855500
9/26/2025,ACST,130,134,126,132,2854700
9/26/2025,ADCP,60,61,59,59,20866600
9/26/2025,ADES,13100,13200,13000,13200,34800
9/26/2025,ADHI,276,288,276,278,19037400
9/26/2025,ADMF,8925,8950,8900,8900,55800
9/26/2025,ADMG,138,139,137,137,282000
9/26/2025,ADMR,1015,1025,1005,1015,20706500
9/26/2025,ADMRDRCJ6A,30,32,30,31,485700
9/26/2025,ADMRHDCJ6A,0,0,0,0,0
9/26/2025,ADMRZPCH6A,48,49,48,49,6500
9/26/2025,ADRO,1700,1720,1690,1700,58983800
9/26/2025,ADROBQCG6A,66,66,66,66,200
9/26/2025,ADROBQCZ5A,15,15,13,14,6104200
9/26/2025,ADRODRCJ6A,52,52,52,52,16000
9/26/2025,ADRODRCX5A,32,32,30,30,283900
9/26/2025,ADROHDCZ5A,46,46,45,45,4800
9/26/2025,ADROHDPH6A,0,0,0,0,0
9/26/2025,ADROYUCZ5A,58,58,58,58,100
9/26/2025,ADROZPCF6A,1,24,1,23,1349400
9/26/2025,ADROZPCK6A,47,47,47,47,30500
9/26/2025,AEGS,55,55,49,49,80809900
9/26/2025,AGAR,238,246,238,242,114500
9/26/2025,AGII,790,810,780,795,605900
9/26/2025,AGRO,232,246,230,242,30434900
9/26/2025,AGRS,76,77,75,76,2776700
9/26/2025,AHAP,75,77,74,75,5997400
9/26/2025,AIMS,348,348,338,338,14100
9/26/2025,AISA,140,144,136,139,22604400
9/26/2025,AKKU,0,0,0,0,0
9/26/2025,AKPI,570,600,565,585,367000
9/26/2025,AKRA,1230,1235,1205,1235,13158100
9/26/2025,AKRABQCX5B,35,35,35,35,200
9/26/2025,AKRADRCX5A,31,31,31,31,100
9/26/2025,AKRAHDCH6A,0,0,0,0,0
9/26/2025,AKRAZPCJ6A,48,50,47,50,65800
9/26/2025,AKRAZPCX5A,0,0,0,0,0
9/26/2025,AKSI,316,366,312,338,6102800
9/26/2025,ALDO,492,496,492,492,9800
9/26/2025,ALII,545,555,535,550,4713400
9/26/2025,ALKA,380,380,316,326,435000
9/26/2025,ALMI,0,0,0,0,0
9/26/2025,ALTO,0,0,0,0,0
9/26/2025,AMAG,360,364,354,360,264500
9/26/2025,AMAN,150,157,147,155,4041200
9/26/2025,AMAR,204,208,202,206,776000
9/26/2025,AMFG,3350,3380,3320,3380,8300
9/26/2025,AMIN,270,276,252,258,1562900
9/26/2025,AMMN,6850,7075,6725,7000,72819900
9/26/2025,AMMNBQCZ5A,18,22,16,19,42130000
9/26/2025,AMMNDRCJ6A,41,45,41,45,44800
9/26/2025,AMMNHDCH6A,71,71,67,67,341700
9/26/2025,AMMNZPCG6A,29,31,27,29,2786600
9/26/2025,AMMS,232,252,210,228,23012100
9/26/2025,AMOR,458,458,446,450,199500
9/26/2025,AMRT,1865,1910,1850,1875,40168400
9/26/2025,AMRTBQCU5A,0,0,0,0,0
9/26/2025,AMRTDRCZ5A,18,18,17,17,1347900
9/26/2025,AMRTHDCJ6A,11,13,11,11,1358600
9/26/2025,AMRTZPCK6A,18,19,18,18,43500
9/26/2025,AMRTZPCX5A,4,33,4,22,3354500
9/26/2025,ANDI,34,34,34,34,54701000
9/26/2025,ANJT,2350,2380,2000,2190,6066300
9/26/2025,ANTM,3180,3220,3110,3210,164732500
9/26/2025,ANTMBQCX5A,63,64,55,61,1292900
9/26/2025,ANTMBQCZ5A,0,0,0,0,0
9/26/2025,ANTMDRCG6A,49,51,46,50,541900
9/26/2025,ANTMDRCX5A,0,0,0,0,0
9/26/2025,ANTMDRPZ5A,39,40,38,39,385000
9/26/2025,ANTMHDCH6A,85,85,82,84,26100
9/26/2025,ANTMHDCH6B,132,133,126,132,2571200
9/26/2025,ANTMHDCU5A,0,0,0,0,0
9/26/2025,ANTMHDPH6A,73,75,71,71,276600
9/26/2025,ANTMZPCJ6A,79,79,77,78,211300
9/26/2025,ANTMZPCK6A,33,34,30,33,1146200
9/26/2025,ANTMZPCX5A,210,210,208,208,288300
9/26/2025,APEX,117,118,115,118,17827700
9/26/2025,APIC,1150,1155,1135,1150,4288400
9/26/2025,APII,183,183,181,181,15400
9/26/2025,APLI,466,478,422,464,26900
9/26/2025,APLN,104,104,102,103,6712600
9/26/2025,ARCI,1010,1030,975,1030,44133700
9/26/2025,AREA,545,555,535,550,2024000
9/26/2025,ARGO,1125,1125,1080,1100,20900
9/26/2025,ARII,296,296,280,286,1058200
9/26/2025,ARKA,39,39,37,37,9117000
9/26/2025,ARKO,1610,1740,1440,1525,3556200
9/26/2025,ARMY,0,0,0,0,0
9/26/2025,ARNA,540,550,535,540,4955800
9/26/2025,ARTA,3050,3190,3000,3100,4000
9/26/2025,ARTI,0,0,0,0,0
9/26/2025,ARTO,2080,2180,2050,2150,7675600
9/26/2025,ARTOBQCX5B,100,103,95,95,2010500
9/26/2025,ARTOBQCZ5A,21,28,19,21,38962100
9/26/2025,ARTODRCK6A,0,0,0,0,0
9/26/2025,ARTODRCX5A,44,50,44,48,42600
9/26/2025,ARTOHDCZ5A,0,0,0,0,0
9/26/2025,ARTOZPCK6A,43,48,43,46,4721100
9/26/2025,ARTOZPCX5A,49,49,48,49,4000000
9/26/2025,ASBI,444,448,438,440,23600
9/26/2025,ASDM,550,590,530,540,77800
9/26/2025,ASGR,1190,1205,1170,1170,506600
9/26/2025,ASHA,72,72,72,72,39719100
9/26/2025,ASII,5875,6000,5775,5875,42677800
9/26/2025,ASIIBQCZ5A,132,132,132,132,100
9/26/2025,ASIIDRCX5A,0,0,0,0,0
9/26/2025,ASIIDRCX6A,0,0,0,0,0
9/26/2025,ASIIHDCZ5A,0,0,0,0,0
9/26/2025,ASIIZPCJ6A,136,136,136,136,8300
9/26/2025,ASJT,116,124,112,112,506000
9/26/2025,ASLC,85,89,82,85,90158500
9/26/2025,ASLI,0,0,0,0,0
9/26/2025,ASMI,44,44,41,41,5162800
9/26/2025,ASPI,0,0,0,0,0
9/26/2025,ASPR,98,102,98,100,10436100
9/26/2025,ASRI,176,179,173,173,55589200
9/26/2025,ASRM,280,330,280,290,784400
9/26/2025,ASSA,870,880,860,870,2767600
9/26/2025,ATAP,63,63,63,63,896700
9/26/2025,ATIC,438,448,430,436,112900
9/26/2025,ATLA,69,71,67,68,150077100
9/26/2025,AUTO,2310,2370,2300,2330,2959200
9/26/2025,AUTOZPCJ6A,0,0,0,0,0
9/26/2025,AVIA,406,426,398,414,59700500
9/26/2025,AVIAZPCJ6A,14,18,12,12,1401100
9/26/2025,AWAN,252,256,250,254,18263700
9/26/2025,AXIO,130,133,129,130,675100
9/26/2025,AYAM,177,178,172,174,101424700
9/26/2025,AYLS,109,110,107,108,3261900
9/26/2025,BABP,59,60,57,58,23548500
9/26/2025,BABY,300,306,298,302,11783400
9/26/2025,BACA,134,138,133,136,2392000
9/26/2025,BAIK,99,100,97,97,2520000
9/26/2025,BAIK-W,13,14,12,13,15177200
9/26/2025,BAJA,134,138,131,132,1863100
9/26/2025,BALI,1265,1320,1265,1300,21200
9/26/2025,BANK,805,820,805,810,5558800
9/26/2025,BANK-W,0,0,0,0,0
9/26/2025,BAPA,77,79,75,77,3699600
9/26/2025,BAPI,36,36,34,34,16599000
9/26/2025,BATA,57,57,56,56,208100
9/26/2025,BATR,104,105,102,104,3622900
9/26/2025,BAUT,52,52,50,50,29995600
9/26/2025,BAYU,1300,1305,1285,1300,98000
9/26/2025,BBCA,7575,7700,7575,7625,121657700
9/26/2025,BBCABQCG6A,0,0,0,0,0
9/26/2025,BBCABQCV5A,27,28,20,23,9384100
9/26/2025,BBCABQCX5A,24,26,23,24,9386000
9/26/2025,BBCADRCF6A,29,31,29,30,11191800
9/26/2025,BBCADRCX6A,3410,3410,3410,3410,3000
9/26/2025,BBCAHDCQ7A,48,51,48,50,265800
9/26/2025,BBCAHDCV5A,17,18,16,17,1124900
9/26/2025,BBCAYUCK6A,178,178,170,172,67400
9/26/2025,BBCAZPCF6A,21,21,18,19,63781800
9/26/2025,BBCAZPCH6A,67,67,67,67,200
9/26/2025,BBHI,1500,1505,1450,1480,1390000
9/26/2025,BBKP,74,76,73,75,141918800
9/26/2025,BBLD,905,935,905,915,57900
9/26/2025,BBMD,2110,2130,2090,2090,6100
9/26/2025,BBNI,4150,4180,4110,4180,39380500
9/26/2025,BBNIBQCG6A,51,51,51,51,11000
9/26/2025,BBNIBQCV5A,22,22,19,22,137600
9/26/2025,BBNIDRCX6A,2220,2220,2190,2190,500
9/26/2025,BBNIDRCZ5A,45,45,45,45,236800
9/26/2025,BBNIDRPZ5A,0,0,0,0,0
9/26/2025,BBNIHDCQ7A,78,78,78,78,200
9/26/2025,BBNIYUCV5A,25,26,25,25,400
9/26/2025,BBNIZPCH6A,87,87,87,87,100
9/26/2025,BBNIZPCX5A,0,0,0,0,0
9/26/2025,BBRI,4050,4080,4000,4040,146229200
9/26/2025,BBRIBQCJ6A,66,66,64,64,4000
9/26/2025,BBRIBQCZ5A,67,67,67,67,50000
9/26/2025,BBRIDRCX5A,138,138,136,137,2002400
9/26/2025,BBRIDRCX6A,0,0,0,0,0
9/26/2025,BBRIDRPZ5A,52,53,52,53,3100
9/26/2025,BBRIHDCH6A,0,0,0,0,0
9/26/2025,BBRIHDCQ7A,94,94,94,94,2600
9/26/2025,BBRIYUCV5A,78,78,78,78,200
9/26/2025,BBRIZPCH6A,0,0,0,0,0
9/26/2025,BBRIZPCX5A,0,0,0,0,0
9/26/2025,BBRM,83,86,83,84,1987900
9/26/2025,BBSI,4380,5000,4250,5000,150400
9/26/2025,BBSS,330,342,328,340,277400
9/26/2025,BBTN,1280,1300,1270,1300,15371400
9/26/2025,BBTNHDCZ5A,104,111,104,111,2300
9/26/2025,BBTNYUCZ5A,72,73,72,73,4800
9/26/2025,BBTNZPCG6A,49,51,49,50,20100
9/26/2025,BBYB,304,342,304,330,185249000
9/26/2025,BCAP,68,69,67,68,30659800
9/26/2025,BCIC,0,0,0,0,0
9/26/2025,BCIP,121,129,121,128,93066700
9/26/2025,BDKR,160,163,159,162,7400400
9/26/2025,BDMN,2380,2390,2370,2390,1031400
9/26/2025,BEBS,0,0,0,0,0
9/26/2025,BEEF,320,372,316,354,66383400
9/26/2025,BEER,103,103,100,101,1274600
9/26/2025,BEKS,28,28,28,28,56265200
9/26/2025,BELI,358,372,356,364,1345500
9/26/2025,BELL,64,66,62,64,15005500
9/26/2025,BESS,1120,1120,1090,1100,9400
9/26/2025,BEST,112,113,111,112,7208100
9/26/2025,BFIN,790,800,785,790,14078200
9/26/2025,BFINDRCK6A,0,0,0,0,0
9/26/2025,BGTG,120,121,114,117,78294100
9/26/2025,BHAT,880,895,875,885,2298100
9/26/2025,BHIT,40,40,39,39,10781700
9/26/2025,BIKA,0,0,0,0,0
9/26/2025,BIKE,1005,1025,990,1020,7384900
9/26/2025,BIMA,88,88,80,84,1379900
9/26/2025,BINA,4430,4500,4430,4500,54100
9/26/2025,BINO,127,127,123,126,261800
9/26/2025,BIPI,84,84,82,84,314737200
9/26/2025,BIPP,51,51,45,50,464600
9/26/2025,BIRD,1770,1780,1755,1765,687700
9/26/2025,BISI,890,890,870,880,266900
9/26/2025,BJBR,770,770,765,770,3644200
9/26/2025,BJTM,510,515,510,510,2058100
9/26/2025,BKDP,49,49,47,47,125100
9/26/2025,BKSL,132,143,132,138,981985700
9/26/2025,BKSW,68,68,66,66,6432600
9/26/2025,BLES,166,170,164,164,5724000
9/26/2025,BLOG,505,515,500,505,2204500
9/26/2025,BLTA,38,38,38,38,7593900
9/26/2025,BLTZ,3300,3300,3300,3300,800
9/26/2025,BLUE,0,0,0,0,0
9/26/2025,BMAS,770,780,770,775,9400
9/26/2025,BMBL,62,67,61,61,41683100
9/26/2025,BMHS,165,167,162,163,7930600
9/26/2025,BMRI,4350,4430,4350,4420,86572900
9/26/2025,BMRIBQCJ6A,71,71,69,69,4500
9/26/2025,BMRIBQCZ5A,25,25,20,24,11303400
9/26/2025,BMRIDRCX5A,35,35,35,35,1080400
9/26/2025,BMRIDRCX6A,1980,1980,1980,1980,100
9/26/2025,BMRIHDCQ7A,74,74,74,74,100
9/26/2025,BMRIYUCK6A,113,116,113,114,4200
9/26/2025,BMRIZPCH6A,48,48,46,46,1800
9/26/2025,BMRIZPCX5A,20,20,20,20,400
9/26/2025,BMSR,300,320,300,318,115300
9/26/2025,BMTR,155,163,155,161,134665700
9/26/2025,BNBA,700,740,690,710,414900
9/26/2025,BNBR,53,53,53,53,46092900
9/26/2025,BNGA,1700,1700,1685,1695,2799300
9/26/2025,BNGADRCK6A,0,0,0,0,0
9/26/2025,BNGAZPCH6A,0,0,0,0,0
9/26/2025,BNII,210,212,208,210,280500
9/26/2025,BNLI,5175,5350,5000,5300,396400
9/26/2025,BOAT,129,132,124,129,4096000
9/26/2025,BOBA,186,189,182,184,272200
9/26/2025,BOGA,500,500,482,500,2625500
9/26/2025,BOLA,184,190,183,185,1233600
9/26/2025,BOLT,1080,1080,1070,1080,13700
9/26/2025,BOSS,0,0,0,0,0
9/26/2025,BPFI,340,340,318,320,89900
9/26/2025,BPII,550,550,550,550,109000
9/26/2025,BPTR,95,97,94,96,335500
9/26/2025,BRAM,5125,5150,5100,5100,3400
9/26/2025,BREN,9000,9300,8925,9025,35396100
9/26/2025,BRIS,2670,2680,2620,2670,19137800
9/26/2025,BRISBQCZ5A,0,0,0,0,0
9/26/2025,BRISDRCJ6A,0,0,0,0,0
9/26/2025,BRISHDCH6A,0,0,0,0,0
9/26/2025,BRISHDCZ5A,0,0,0,0,0
9/26/2025,BRISYUCV5A,44,44,44,44,100
9/26/2025,BRISZPCG6A,45,45,45,45,10000
9/26/2025,BRMS,700,715,690,715,397586800
9/26/2025,BRMSBQCZ5A,0,0,0,0,0
9/26/2025,BRMSDRCJ6A,98,101,98,99,5200
9/26/2025,BRMSDRPX5A,9,10,8,8,10043800
9/26/2025,BRMSHDCH6A,173,173,173,173,200
9/26/2025,BRMSHDCZ5A,0,0,0,0,0
9/26/2025,BRMSYUCV5A,87,89,80,84,319900
9/26/2025,BRMSZPCG6A,160,162,160,160,29000
9/26/2025,BRNA,710,710,690,700,130900
9/26/2025,BRPT,3500,3690,3460,3690,174819000
9/26/2025,BRPTBQCV5A,940,965,940,965,400
9/26/2025,BRPTBQCX5B,270,294,264,292,260600
9/26/2025,BRPTBQCZ5A,0,0,0,0,0
9/26/2025,BRPTDRCF6A,366,366,366,366,6000
9/26/2025,BRPTDRCJ6A,224,238,224,238,1060000
9/26/2025,BRPTDRCX5A,0,0,0,0,0
9/26/2025,BRPTDRPV5A,14,16,10,13,163630100
9/26/2025,BRPTHDCH6A,340,340,340,340,1000
9/26/2025,BRPTHDCH6B,0,0,0,0,0
9/26/2025,BRPTHDPG6A,109,109,101,101,191400
9/26/2025,BRPTYUCZ5A,298,298,298,298,170000
9/26/2025,BRPTZPCF6A,460,474,460,474,268700
9/26/2025,BRPTZPCK6A,83,90,83,90,477000
9/26/2025,BRPTZPCX5A,575,575,565,565,16000
9/26/2025,BRRC,75,75,70,73,18831000
9/26/2025,BRRC-W,16,16,14,14,7411300
9/26/2025,BSBK,83,87,81,84,180109800
9/26/2025,BSDE,1085,1085,1020,1040,27382900
9/26/2025,BSDEDRCJ6A,45,46,44,44,78000
9/26/2025,BSDEZPCH6A,61,61,61,61,14900
9/26/2025,BSIM,910,925,900,905,31900
9/26/2025,BSML,122,124,121,122,21104800
9/26/2025,BSSR,3910,3920,3890,3920,340100
9/26/2025,BSWD,0,0,0,0,0
9/26/2025,BTEK,35,35,35,35,144069600
9/26/2025,BTEL,0,0,0,0,0
9/26/2025,BTON,372,378,372,376,11800
9/26/2025,BTPN,2080,2100,2050,2050,14200
9/26/2025,BTPS,1405,1415,1385,1390,5556600
9/26/2025,BTPSDRCK6A,44,44,44,44,100
9/26/2025,BTPSHDCJ6A,0,0,0,0,0
9/26/2025,BTPSZPCH6A,36,38,36,38,20100
9/26/2025,BUAH,1415,1440,1395,1425,262300
9/26/2025,BUDI,218,220,212,220,45600
9/26/2025,BUKA,177,177,169,169,344708600
9/26/2025,BUKABQCZ5B,19,20,18,18,2779700
9/26/2025,BUKADRCK6A,18,18,18,18,20600
9/26/2025,BUKAHDCZ5A,125,125,119,119,56200
9/26/2025,BUKK,910,925,880,920,113500
9/26/2025,BULL,178,179,172,172,208364000
9/26/2025,BUMI,146,151,141,147,5137145700
9/26/2025,BUVA,530,555,505,515,122777900
9/26/2025,BVIC,112,117,109,114,28422100
9/26/2025,BVIC-W,44,45,43,44,23200
9/26/2025,BWPT,153,156,147,149,160724500
9/26/2025,BYAN,18275,18300,18100,18300,45900
9/26/2025,CAKK,179,185,172,178,2217300
9/26/2025,CAMP,212,214,212,212,542800
9/26/2025,CANI,54,54,52,53,589000
9/26/2025,CARE,294,296,274,296,17935800
9/26/2025,CARS,149,149,143,144,56138400
9/26/2025,CASA,1165,1170,1150,1165,4166500
9/26/2025,CASH,125,130,115,117,5968300
9/26/2025,CASS,2550,2580,2490,2560,72900
9/26/2025,CBDK,6375,6725,6350,6625,19728900
9/26/2025,CBMF,0,0,0,0,0
9/26/2025,CBPE,197,204,197,199,353900
9/26/2025,CBRE,555,555,555,555,84705000
9/26/2025,CBUT,1580,1590,1525,1545,55200
9/26/2025,CCSI,350,354,340,342,427700
9/26/2025,CDIA,1730,1780,1695,1770,374764700
9/26/2025,CEKA,2650,2650,2630,2650,12100
9/26/2025,CENT,121,126,118,120,12927800
9/26/2025,CFIN,314,314,312,314,1135200
9/26/2025,CGAS,151,151,146,148,5515400
9/26/2025,CHEK,177,179,174,176,8673800
9/26/2025,CHEM,95,99,93,97,4988200
9/26/2025,CHIP,1400,1420,1400,1415,111600
9/26/2025,CINT,160,160,158,159,49400
9/26/2025,CITA,4150,4160,4100,4100,285100
9/26/2025,CITY,120,129,116,119,7754100
9/26/2025,CLAY,2690,3370,2430,3370,601500
9/26/2025,CLEO,520,535,515,525,14539200
9/26/2025,CLPI,1270,1295,1265,1275,182600
9/26/2025,CMNP,1320,1320,1300,1305,348600
9/26/2025,CMNP-W,0,0,0,0,0
9/26/2025,CMNT,810,810,795,810,29901400
9/26/2025,CMPP,98,98,97,97,52500
9/26/2025,CMRY,4640,4720,4420,4610,7071900
9/26/2025,CMRYDRCK6A,0,0,0,0,0
9/26/2025,CMRYZPCJ6A,0,0,0,0,0
9/26/2025,CNKO,96,98,96,98,17552700
9/26/2025,CNMA,119,120,117,119,29899900
9/26/2025,CNTB,0,0,0,0,0
9/26/2025,CNTX,0,0,0,0,0
9/26/2025,COAL,58,63,58,63,50115700
9/26/2025,COCO,368,444,362,402,31312200
9/26/2025,COIN,3140,3860,3000,3500,259414800
9/26/2025,COWL,0,0,0,0,0
9/26/2025,CPIN,4830,4900,4760,4840,4703400
9/26/2025,CPINDRCG6A,0,0,0,0,0
9/26/2025,CPINZPCJ6A,0,0,0,0,0
9/26/2025,CPRI,0,0,0,0,0
9/26/2025,CPRO,72,73,69,72,451018600
9/26/2025,CRAB,236,238,234,238,2509800
9/26/2025,CRSN,109,110,107,110,122200
9/26/2025,CSAP,300,304,300,304,139300
9/26/2025,CSIS,216,258,202,230,81466300
9/26/2025,CSMI,540,630,510,605,54549200
9/26/2025,CSRA,850,855,835,840,4343000
9/26/2025,CTBN,5100,5100,5100,5100,600
9/26/2025,CTRA,945,945,925,935,8947100
9/26/2025,CTRADRCJ6A,0,0,0,0,0
9/26/2025,CTRAHDCK6A,0,0,0,0,0
9/26/2025,CTRAYUCZ5A,42,43,42,43,200400
9/26/2025,CTRAZPCG6A,31,31,31,31,100
9/26/2025,CTTH,39,40,39,40,436100
9/26/2025,CUAN,1615,1630,1590,1600,71543700
9/26/2025,CYBR,995,1020,985,1015,19393100
9/26/2025,CYBR-W,630,630,615,615,11500
9/26/2025,DAAZ,2880,2950,2860,2950,299700
9/26/2025,DADA,163,163,135,135,390480200
9/26/2025,DART,175,182,170,175,651100
9/26/2025,DATA,4020,4140,4020,4040,2054600
9/26/2025,DAYA,1005,1015,985,1015,600
9/26/2025,DCII,292350,296000,290500,290500,3300
9/26/2025,DEAL,0,0,0,0,0
9/26/2025,DEFI,306,306,306,306,148700
9/26/2025,DEPO,290,334,290,334,15551700
9/26/2025,DEWA,282,286,272,278,440012600
9/26/2025,DEWI,109,125,106,117,120730600
9/26/2025,DFAM,86,89,85,85,2950000
9/26/2025,DGIK,95,96,94,95,2163100
9/26/2025,DGNS,143,143,140,140,451200
9/26/2025,DGWG,412,414,410,412,5504800
9/26/2025,DIGI,41,41,41,41,1242900
9/26/2025,DILD,138,139,136,137,11352700
9/26/2025,DIVA,128,128,126,127,710100
9/26/2025,DKFT,755,760,735,735,16700200
9/26/2025,DKHH,98,101,97,100,9779100
9/26/2025,DKHH-W,22,25,21,23,77803900
9/26/2025,DLTA,2050,2050,2000,2000,317300
9/26/2025,DMAS,137,138,136,138,15764500
9/26/2025,DMMX,384,386,380,386,1697000
9/26/2025,DMND,585,585,575,585,76800
9/26/2025,DNAR,119,119,117,118,1335200
9/26/2025,DNET,9275,9300,9125,9250,8100
9/26/2025,DOID,360,368,358,360,6549500
9/26/2025,DOOH,156,171,156,168,483005900
9/26/2025,DOSS,157,172,157,163,6148100
9/26/2025,DPNS,340,340,318,332,11900
9/26/2025,DPUM,67,68,65,66,3605400
9/26/2025,DRMA,995,1000,990,990,380900
9/26/2025,DSFI,85,86,82,84,11085200
9/26/2025,DSNG,1665,1670,1620,1665,30202200
9/26/2025,DSNGDRCK6A,0,0,0,0,0
9/26/2025,DSNGHDCK6A,97,98,92,98,123100
9/26/2025,DSSA,113400,113400,109300,110800,880800
9/26/2025,DUCK,0,0,0,0,0
9/26/2025,DUTI,4360,4370,4360,4370,2600
9/26/2025,DVLA,1630,1640,1625,1630,13700
9/26/2025,DWGL,0,0,0,0,0
9/26/2025,DYAN,93,93,89,91,2307900
9/26/2025,EAST,94,94,93,94,1638600
9/26/2025,ECII,198,218,194,204,1340100
9/26/2025,EDGE,4230,4420,4230,4370,40800
9/26/2025,EKAD,185,186,182,182,296000
9/26/2025,ELIT,178,184,177,179,5464500
9/26/2025,ELPI,370,372,360,368,234000
9/26/2025,ELSA,496,498,490,492,9511300
9/26/2025,ELSADRCJ6A,33,33,33,33,10000
9/26/2025,ELSAHDCK6A,39,39,36,37,110700
9/26/2025,ELSAZPCG6A,31,31,30,31,208300
9/26/2025,ELTY,27,27,27,27,318857400
9/26/2025,EMAS,3360,3480,3260,3360,83884800
9/26/2025,EMDE,100,103,95,96,3471800
9/26/2025,EMTK,1260,1345,1240,1315,197126800
9/26/2025,EMTKBQCZ5A,0,0,0,0,0
9/26/2025,EMTKDRCK6A,63,70,60,65,4863700
9/26/2025,EMTKHDCK6A,88,91,88,91,87200
9/26/2025,EMTKHDCZ5A,278,278,276,276,200
9/26/2025,EMTKYUCV5A,168,181,164,180,40600
9/26/2025,EMTKZPCH6A,155,171,155,166,163900
9/26/2025,ENAK,670,700,655,700,1218300
9/26/2025,ENRG,745,860,715,830,305337400
9/26/2025,ENRGBQCZ5A,44,65,44,62,289000
9/26/2025,ENRGDRCJ6A,125,151,124,143,1536100
9/26/2025,ENRGHDCK6A,62,78,62,73,2590700
9/26/2025,ENRGHDCZ5A,370,370,360,360,600
9/26/2025,ENRGZPCG6A,268,300,268,300,200500
9/26/2025,ENRGZPCK6A,38,43,36,41,133000
9/26/2025,ENVY,0,0,0,0,0
9/26/2025,ENZO,40,40,39,40,1376900
9/26/2025,EPAC,40,40,36,36,10685900
9/26/2025,EPMT,2310,2310,2290,2300,10100
9/26/2025,ERAA,440,448,436,438,72744900
9/26/2025,ERAABQCZ5A,19,20,17,17,300400
9/26/2025,ERAADRCJ6A,14,14,13,13,22831300
9/26/2025,ERAAHDCZ5A,0,0,0,0,0
9/26/2025,ERAAZPCH6A,20,20,20,20,150100
9/26/2025,ERAL,328,328,318,326,5414800
9/26/2025,ERTX,123,124,119,123,995300
9/26/2025,ESIP,99,99,90,90,26387200
9/26/2025,ESSA,670,675,645,650,38240800
9/26/2025,ESSABQCZ5A,52,52,49,49,511600
9/26/2025,ESSAHDCH6A,59,59,57,57,1128000
9/26/2025,ESSAYUCZ5A,43,44,41,41,1400
9/26/2025,ESSAZPCK6A,22,22,20,20,1371800
9/26/2025,ESTA,77,79,76,77,7249000
9/26/2025,ESTI,122,122,122,122,16369800
9/26/2025,ETWA,0,0,0,0,0
9/26/2025,EURO,338,370,316,326,160900
9/26/2025,EXCL,2700,2790,2690,2720,6125700
9/26/2025,EXCLHDCJ6A,37,40,37,40,30000
9/26/2025,EXCLZPCF6A,0,0,0,0,0
9/26/2025,FAPA,6150,6150,6100,6125,16200
9/26/2025,FAST,545,580,520,580,34167500
9/26/2025,FASW,0,0,0,0,0
9/26/2025,FILM,4400,4840,4320,4840,3958200
9/26/2025,FIMP,0,0,0,0,0
9/26/2025,FIRE,97,99,96,96,9961400
9/26/2025,FISH,2550,2550,2170,2290,293200
9/26/2025,FITT,0,0,0,0,0
9/26/2025,FLMC,210,222,193,218,10964800
9/26/2025,FMII,368,372,362,364,24100
9/26/2025,FOLK,118,120,109,116,8345300
9/26/2025,FOOD,0,0,0,0,0
9/26/2025,FORE,510,515,505,515,2486700
9/26/2025,FORU,1200,1240,1175,1200,105700
9/26/2025,FPNI,194,194,190,190,1152400
9/26/2025,FUJI,755,820,740,740,12324500
9/26/2025,FUTR,0,0,0,0,0
9/26/2025,FWCT,161,163,157,158,1302400
9/26/2025,GAMA,0,0,0,0,0
9/26/2025,GDST,107,108,106,107,788700
9/26/2025,GDYR,1325,1370,1305,1325,10700
9/26/2025,GEMA,114,115,111,112,7680000
9/26/2025,GEMS,8975,8975,8925,8975,54600
9/26/2025,GGRM,14225,15125,13400,14625,8226500
9/26/2025,GGRMZPCG6A,145,174,132,154,17321600
9/26/2025,GGRP,238,240,226,236,265100
9/26/2025,GHON,1660,1695,1660,1665,800
9/26/2025,GIAA,87,87,82,82,145566700
9/26/2025,GJTL,1010,1015,1000,1005,5124400
9/26/2025,GJTLZPCJ6A,23,23,21,21,418800
9/26/2025,GLOB,127,127,115,115,363400
9/26/2025,GLVA,336,336,328,334,9100
9/26/2025,GMFI,78,78,77,77,37833300
9/26/2025,GMTD,2200,2200,2010,2130,10700
9/26/2025,GOLD,266,270,264,268,102100
9/26/2025,GOLF,212,214,210,212,459200
9/26/2025,GOLL,0,0,0,0,0
9/26/2025,GOOD,370,372,366,372,294400
9/26/2025,GOTO,55,57,55,57,3564352500
9/26/2025,GOTOBQCJ6A,7,9,7,9,2831300
9/26/2025,GOTOBQCZ5A,6,6,4,6,29428700
9/26/2025,GOTODRCG6A,8,9,7,8,57464400
9/26/2025,GOTOHDCK6A,15,16,14,15,3592600
9/26/2025,GOTOM,0,0,0,0,0
9/26/2025,GOTOZPCH6A,0,0,0,0,0
9/26/2025,GOTOZPCK6A,12,13,12,12,1271100
9/26/2025,GPRA,130,132,125,131,82345400
9/26/2025,GPSO,0,0,0,0,0
9/26/2025,GRIA,120,125,119,122,6318100
9/26/2025,GRPH,69,69,67,68,5699600
9/26/2025,GRPM,65,65,60,62,5183700
9/26/2025,GRPM-W,22,23,20,22,21284900
9/26/2025,GSMF,100,101,95,97,6765600
9/26/2025,GTBO,216,218,212,212,564300
9/26/2025,GTRA,0,0,0,0,0
9/26/2025,GTSI,90,98,87,93,236452200
9/26/2025,GULA,336,342,334,340,113000
9/26/2025,GUNA,238,238,230,230,722500
9/26/2025,GWSA,156,156,150,155,873100
9/26/2025,GZCO,226,228,220,228,53936700
9/26/2025,HADE,39,39,39,39,6045500
9/26/2025,HAIS,196,197,193,194,1952500
9/26/2025,HAJJ,135,137,131,134,21238800
9/26/2025,HAJJ-W,27,29,25,26,31851700
9/26/2025,HALO,100,104,96,101,28048200
9/26/2025,HALO-W,20,21,18,19,17873800
9/26/2025,HATM,242,242,236,242,25906800
9/26/2025,HBAT,310,338,310,316,6183900
9/26/2025,HDFA,151,156,145,153,311300
9/26/2025,HDIT,73,73,73,73,6935200
9/26/2025,HEAL,1675,1675,1630,1675,6139700
9/26/2025,HEALBQCZ5A,45,45,44,45,14600
9/26/2025,HEALDRCJ6A,0,0,0,0,0
9/26/2025,HEALHDCH6A,0,0,0,0,0
9/26/2025,HEALYUCZ5A,67,68,67,68,2800
9/26/2025,HEALZPCH6A,0,0,0,0,0
9/26/2025,HELI,242,246,240,244,45800
9/26/2025,HERO,426,525,416,525,1164400
9/26/2025,HEXA,4850,4850,4790,4800,1041300
9/26/2025,HGII,149,149,145,148,8757100
9/26/2025,HILL,206,206,202,204,2484000
9/26/2025,HITS,0,0,0,0,0
9/26/2025,HKMU,0,0,0,0,0
9/26/2025,HMSP,840,895,800,875,473060100
9/26/2025,HOKI,95,99,92,93,149276400
9/26/2025,HOME,0,0,0,0,0
9/26/2025,HOMI,254,254,240,248,10541500
9/26/2025,HOPE,150,165,146,160,16519800
9/26/2025,HOTL,0,0,0,0,0
9/26/2025,HRME,47,50,46,50,2783400
9/26/2025,HRTA,890,895,860,885,15474000
9/26/2025,HRUM,1070,1120,1060,1105,30094500
9/26/2025,HRUMHDCK6A,60,62,58,58,3010100
9/26/2025,HRUMZPCG6A,63,63,63,63,10000
9/26/2025,HUMI,132,134,128,130,86812800
9/26/2025,HUMI-W,24,24,22,22,24322500
9/26/2025,HYGN,174,175,165,167,4822900
9/26/2025,IATA,81,81,80,80,15975000
9/26/2025,IATA-W,29,29,29,29,100
9/26/2025,IBFN,75,75,75,75,1975000
9/26/2025,IBOS,82,89,74,75,89527900
9/26/2025,IBST,6200,6200,6200,6200,4300
9/26/2025,ICBP,9800,10050,9675,10000,8532100
9/26/2025,ICBPDRCX6A,4320,4410,4320,4410,400
9/26/2025,ICBPHDCJ6A,66,66,66,66,1000000
9/26/2025,ICBPZPCX5A,32,36,32,35,190100
9/26/2025,ICON,55,55,52,52,1161200
9/26/2025,IDEA,133,133,120,120,2586800
9/26/2025,IDPR,306,320,298,308,1053600
9/26/2025,IFII,236,236,232,234,80800
9/26/2025,IFSH,825,825,765,800,183200
9/26/2025,IGAR,520,520,510,515,27800
9/26/2025,IIKP,0,0,0,0,0
9/26/2025,IKAI,35,35,34,34,31926200
9/26/2025,IKAN,129,132,122,131,10924300
9/26/2025,IKBI,520,540,510,525,298900
9/26/2025,IKPM,220,226,208,226,1150000
9/26/2025,IMAS,1185,1235,1170,1205,3128900
9/26/2025,IMJS,236,250,236,238,13611100
9/26/2025,IMPC,2250,2430,2070,2310,32471100
9/26/2025,INAF,0,0,0,0,0
9/26/2025,INAI,157,157,153,157,109700
9/26/2025,INCF,61,61,60,60,9107900
9/26/2025,INCI,610,615,605,615,128200
9/26/2025,INCO,4250,4300,4170,4280,9406500
9/26/2025,INCOBQCF6A,0,0,0,0,0
9/26/2025,INCOBQCV5A,61,61,61,61,1800
9/26/2025,INCODRCK6A,0,0,0,0,0
9/26/2025,INCODRCX5A,0,0,0,0,0
9/26/2025,INCODRPV5A,9,9,6,6,25740000
9/26/2025,INCOHDCJ6A,0,0,0,0,0
9/26/2025,INCOYUCZ5A,117,117,117,117,100
9/26/2025,INCOZPCK6A,56,56,55,55,27400
9/26/2025,INCOZPCX5A,0,0,0,0,0
9/26/2025,INDF,7800,7825,7650,7650,8003900
9/26/2025,INDFBQCV5A,27,28,25,26,174300
9/26/2025,INDFDRCX6A,0,0,0,0,0
9/26/2025,INDFHDCJ6A,0,0,0,0,0
9/26/2025,INDO,244,244,240,242,4187000
9/26/2025,INDR,2850,2940,2850,2920,9100
9/26/2025,INDS,242,248,232,238,730500
9/26/2025,INDX,0,0,0,0,0
9/26/2025,INDY,2250,2420,2240,2320,39710000
9/26/2025,INDYHDCJ6A,272,272,272,272,42000
9/26/2025,INDYZPCG6A,135,146,134,139,14600
9/26/2025,INET,222,236,222,228,181898100
9/26/2025,INET-W,128,139,125,130,6624100
9/26/2025,INKP,7800,7825,7425,7475,6800800
9/26/2025,INKPBQCX5A,55,55,48,48,135500
9/26/2025,INKPDRCF6A,0,0,0,0,0
9/26/2025,INKPHDCK6A,123,123,123,123,5000
9/26/2025,INKPZPCF6A,0,0,0,0,0
9/26/2025,INKPZPCK6A,36,36,35,35,200
9/26/2025,INOV,99,99,95,96,994400
9/26/2025,INPC,160,163,158,161,11771700
9/26/2025,INPP,750,770,730,745,150300
9/26/2025,INPS,160,160,154,154,765400
9/26/2025,INRU,765,875,720,755,142400
9/26/2025,INTA,57,57,57,57,6506300
9/26/2025,INTD,202,202,190,195,197300
9/26/2025,INTP,6800,6800,6600,6600,865900
9/26/2025,INTPZPCG6A,0,0,0,0,0
9/26/2025,IOTF,90,93,89,90,35178800
9/26/2025,IPAC,200,208,190,208,133300
9/26/2025,IPCC,1080,1085,1070,1085,1173200
9/26/2025,IPCM,306,310,304,306,1307800
9/26/2025,IPOL,140,142,136,140,186000
9/26/2025,IPPE,0,0,0,0,0
9/26/2025,IPTV,46,46,45,45,20189300
9/26/2025,IRRA,428,428,420,426,1225700
9/26/2025,IRSX,330,330,318,318,53174800
9/26/2025,ISAP,60,60,54,54,85280200
9/26/2025,ISAP-W,24,25,20,24,120581400
9/26/2025,ISAT,1800,1800,1690,1710,28989800
9/26/2025,ISATBQCJ6A,0,0,0,0,0
9/26/2025,ISATBQCU5A,0,0,0,0,0
9/26/2025,ISATDRCG6A,38,38,38,38,100
9/26/2025,ISATDRCX5A,26,27,23,24,1527400
9/26/2025,ISATHDCJ6A,13,13,10,11,8465600
9/26/2025,ISATZPCF6A,22,22,20,21,186400
9/26/2025,ISEA,91,93,89,92,5253800
9/26/2025,ISSP,450,452,436,450,4650200
9/26/2025,ITIC,520,595,474,545,58709300
9/26/2025,ITMA,1150,1200,1130,1160,955200
9/26/2025,ITMG,22675,22800,22675,22750,659900
9/26/2025,ITMGHDCJ6A,154,154,154,154,100
9/26/2025,ITMGZPCJ6A,0,0,0,0,0
9/26/2025,JARR,0,0,0,0,0
9/26/2025,JAST,96,105,96,100,11630100
9/26/2025,JATI,120,135,120,129,20261400
9/26/2025,JAWA,148,149,146,147,579300
9/26/2025,JAYA,105,107,103,105,947500
9/26/2025,JECC,1050,1085,1030,1070,22000
9/26/2025,JGLE,28,28,26,26,204512900
9/26/2025,JIHD,695,695,670,690,817500
9/26/2025,JKON,88,88,86,87,4798900
9/26/2025,JMAS,145,145,142,143,228400
9/26/2025,JPFA,2050,2060,2020,2050,28506300
9/26/2025,JPFABQCZ5A,0,0,0,0,0
9/26/2025,JPFADRCJ6A,74,74,74,74,400
9/26/2025,JPFAHDCZ5A,0,0,0,0,0
9/26/2025,JPFAZPCG6A,131,131,131,131,1500000
9/26/2025,JRPT,815,835,815,835,171000
9/26/2025,JSKY,0,0,0,0,0
9/26/2025,JSMR,3560,3560,3520,3540,1483600
9/26/2025,JSMRDRCK6A,0,0,0,0,0
9/26/2025,JSMRHDCH6A,0,0,0,0,0
9/26/2025,JSMRZPCG6A,0,0,0,0,0
9/26/2025,JSPT,3770,3820,3770,3810,4100
9/26/2025,JTPE,330,332,328,330,323100
9/26/2025,KAEF,540,560,530,535,5807000
9/26/2025,KAQI,63,65,62,65,6275700
9/26/2025,KARW,590,610,590,610,486800
9/26/2025,KAYU,0,0,0,0,0
9/26/2025,KBAG,51,51,51,51,6190200
9/26/2025,KBLI,370,374,366,372,316800
9/26/2025,KBLM,376,380,372,376,41400
9/26/2025,KBLV,0,0,0,0,0
9/26/2025,KBRI,0,0,0,0,0
9/26/2025,KDSI,456,466,456,458,3200
9/26/2025,KDTN,126,126,122,123,380400
9/26/2025,KEEN,1015,1025,945,980,5504400
9/26/2025,KEJU,605,610,600,605,170600
9/26/2025,KETR,488,505,484,500,3562700
9/26/2025,KIAS,0,0,0,0,0
9/26/2025,KICI,143,143,138,140,343500
9/26/2025,KIJA,190,190,186,189,172148300
9/26/2025,KING,216,220,212,214,1145100
9/26/2025,KING-W,16,17,15,16,9647400
9/26/2025,KINO,1180,1180,1150,1160,5600
9/26/2025,KIOS,88,95,86,87,51615200
9/26/2025,KJEN,0,0,0,0,0
9/26/2025,KKES,41,41,39,39,2221700
9/26/2025,KKGI,324,326,320,320,2858900
9/26/2025,KLAS,137,140,136,140,13436800
9/26/2025,KLBF,1145,1175,1145,1165,37088000
9/26/2025,KLBFBQCJ6A,0,0,0,0,0
9/26/2025,KLBFBQCV5A,20,21,16,17,15544900
9/26/2025,KLBFDRCG6A,14,16,14,16,54600
9/26/2025,KLBFHDCK6A,59,61,59,61,31000
9/26/2025,KLBFZPCF6A,0,0,0,0,0
9/26/2025,KLBFZPCJ6A,0,0,0,0,0
9/26/2025,KLIN,198,198,185,188,1481400
9/26/2025,KMDS,625,650,605,640,124900
9/26/2025,KMTR,300,302,290,298,200000
9/26/2025,KOBX,144,145,142,143,276400
9/26/2025,KOCI,86,92,85,86,27864900
9/26/2025,KOCI-W,21,23,20,21,18717300
9/26/2025,KOIN,85,85,84,84,15500
9/26/2025,KOKA,184,184,184,184,17788500
9/26/2025,KONI,2450,2450,2000,2010,538400
9/26/2025,KOPI,342,344,320,340,259100
9/26/2025,KOTA,37,37,35,35,14714900
9/26/2025,KPIG,190,190,186,186,44495500
9/26/2025,KRAS,308,308,300,300,10755400
9/26/2025,KREN,28,28,28,28,156894400
9/26/2025,KRYA,202,208,200,202,6973400
9/26/2025,KSIX,262,270,260,260,572300
9/26/2025,KUAS,70,71,69,70,3031000
9/26/2025,LABA,0,0,0,0,0
9/26/2025,LABS,143,143,141,143,1428200
9/26/2025,LAJU,71,76,68,72,74779000
9/26/2025,LAND,48,48,47,47,5687200
9/26/2025,LAPD,214,214,214,214,19424800
9/26/2025,LCGP,0,0,0,0,0
9/26/2025,LCKM,240,240,232,232,58400
9/26/2025,LEAD,83,84,81,81,18711900
9/26/2025,LFLO,304,304,286,292,13400
9/26/2025,LIFE,11000,12475,10375,10400,71600
9/26/2025,LINK,2800,2800,2800,2800,14000
9/26/2025,LION,650,650,610,620,116300
9/26/2025,LIVE,204,224,204,204,89552100
9/26/2025,LMAS,0,0,0,0,0
9/26/2025,LMAX,96,106,96,96,12341700
9/26/2025,LMPI,146,146,142,142,14600
9/26/2025,LMSH,0,0,0,0,0
9/26/2025,LOPI,127,129,118,118,23930600
9/26/2025,LPCK,680,685,650,650,1710600
9/26/2025,LPGI,480,480,442,464,595300
9/26/2025,LPIN,464,464,434,444,1872300
9/26/2025,LPKR,101,101,98,99,92276100
9/26/2025,LPLI,670,810,655,810,5911800
9/26/2025,LPPF,1620,1620,1595,1595,1557900
9/26/2025,LPPS,136,139,123,125,78450900
9/26/2025,LRNA,183,186,180,186,14500
9/26/2025,LSIP,1360,1380,1330,1355,12523000
9/26/2025,LSIPDRCK6A,0,0,0,0,0
9/26/2025,LSIPHDCJ6A,0,0,0,0,0
9/26/2025,LSIPYUCZ5A,57,57,56,56,200
9/26/2025,LSIPZPCG6A,65,65,65,65,100
9/26/2025,LTLS,850,850,845,845,12800
9/26/2025,LUCK,111,112,107,108,2508100
9/26/2025,LUCY,87,87,83,87,103600
9/26/2025,MABA,0,0,0,0,0
9/26/2025,MAGP,0,0,0,0,0
9/26/2025,MAHA,151,156,149,151,6978000
9/26/2025,MAIN,750,755,740,750,2716300
9/26/2025,MANG,94,94,79,80,26046700
9/26/2025,MANG-W,32,33,28,29,22434400
9/26/2025,MAPA,535,535,510,520,30619700
9/26/2025,MAPABQCZ5A,10,10,8,8,4214100
9/26/2025,MAPADRCJ6A,10,11,8,9,16074900
9/26/2025,MAPAHDCZ5A,0,0,0,0,0
9/26/2025,MAPAZPCH6A,0,0,0,0,0
9/26/2025,MAPB,1680,1685,1655,1685,7300
9/26/2025,MAPI,1135,1140,1125,1135,18047400
9/26/2025,MAPIBQCV5A,12,12,9,10,9270200
9/26/2025,MAPIDRCX5A,13,13,11,11,5456700
9/26/2025,MAPIHDCK6A,0,0,0,0,0
9/26/2025,MAPIZPCJ6A,42,42,42,42,2000
9/26/2025,MARI,39,39,38,38,7430100
9/26/2025,MARK,640,640,630,635,1486700
9/26/2025,MASA,0,0,0,0,0
9/26/2025,MASB,3300,3300,3300,3300,100
9/26/2025,MAXI,56,57,55,56,14876300
9/26/2025,MAYA,280,286,272,272,12768100
9/26/2025,MBAP,1640,1640,1630,1635,38600
9/26/2025,MBMA,460,580,454,580,1883281300
9/26/2025,MBMABQCX5A,18,67,17,64,29543300
9/26/2025,MBMADRCX5A,33,100,31,66,29502200
9/26/2025,MBMADRPX5A,14,16,9,11,222891400
9/26/2025,MBMAHDCH6A,69,108,69,105,2359900
9/26/2025,MBMAYUCK6A,110,128,110,128,251100
9/26/2025,MBMAZPCK6A,22,100,22,40,7574300
9/26/2025,MBMAZPCX5A,63,122,62,122,807500
9/26/2025,MBSS,1460,1475,1430,1440,1641900
9/26/2025,MBTO,131,135,129,132,2609000
9/26/2025,MCAS,785,785,750,760,202300
9/26/2025,MCOL,3850,3870,3800,3850,15900
9/26/2025,MCOR,75,77,74,76,7443000
9/26/2025,MDIA,46,46,46,46,7550500
9/26/2025,MDIY,1115,1115,1090,1095,2430600
9/26/2025,MDKA,2060,2240,2010,2220,181866600
9/26/2025,MDKABQCV5A,48,69,43,65,1459300
9/26/2025,MDKABQCX5B,15,23,15,23,3222500
9/26/2025,MDKADRCK6A,49,60,49,60,1654100
9/26/2025,MDKADRCV5A,46,64,45,61,4203900
9/26/2025,MDKADRPX5A,32,32,32,32,600
9/26/2025,MDKAHDCU5A,0,0,0,0,0
9/26/2025,MDKAHDCZ5A,85,100,85,100,113000
9/26/2025,MDKAHDPH6A,142,142,128,128,238600
9/26/2025,MDKAYUCK6A,127,127,127,127,10100
9/26/2025,MDKAZPCF6A,43,51,43,51,2552400
9/26/2025,MDKI,187,189,183,183,1473100
9/26/2025,MDLA,224,232,224,228,7348400
9/26/2025,MDLN,69,70,68,69,17508100
9/26/2025,MDRN,72,72,60,60,112968500
9/26/2025,MEDC,1345,1355,1290,1350,41449400
9/26/2025,MEDCBQCV5A,43,54,40,53,3700
9/26/2025,MEDCBQCX5B,0,0,0,0,0
9/26/2025,MEDCBQCZ5A,35,35,35,35,100
9/26/2025,MEDCDRCG6A,37,40,37,40,129600
9/26/2025,MEDCDRPV5A,11,12,9,10,11847900
9/26/2025,MEDCHDCH6A,0,0,0,0,0
9/26/2025,MEDCZPCF6A,35,41,35,39,75300
9/26/2025,MEDS,62,65,59,60,38759600
9/26/2025,MEGA,3350,3370,3310,3310,9000
9/26/2025,MEJA,0,0,0,0,0
9/26/2025,MEJA-W,0,0,0,0,0
9/26/2025,MENN,60,62,56,57,34782800
9/26/2025,MERI,224,230,222,226,2379200
9/26/2025,MERK,2860,2880,2850,2860,14300
9/26/2025,META,0,0,0,0,0
9/26/2025,MFIN,840,910,745,890,1438600
9/26/2025,MFMI,0,0,0,0,0
9/26/2025,MGLV,650,650,600,600,190300
9/26/2025,MGNA,49,49,45,45,1662500
9/26/2025,MGNA-W,0,0,0,0,0
9/26/2025,MGRO,760,775,750,770,7079000
9/26/2025,MHKI,176,182,173,182,16515000
9/26/2025,MICE,498,500,494,494,149400
9/26/2025,MIDI,434,440,434,436,1562300
9/26/2025,MIKA,2500,2510,2460,2500,4295500
9/26/2025,MIKAZPCG6A,0,0,0,0,0
9/26/2025,MINA,170,173,166,168,141907400
9/26/2025,MINE,540,600,540,570,9605900
9/26/2025,MIRA,52,55,52,55,30148200
9/26/2025,MITI,320,328,318,320,2173400
9/26/2025,MKAP,348,350,348,350,33200
9/26/2025,MKNT,0,0,0,0,0
9/26/2025,MKPI,25275,25350,24650,25000,6700
9/26/2025,MKTR,138,148,136,148,13460700
9/26/2025,MKTR-W,17,17,14,16,22792500
9/26/2025,MLBI,5925,5925,5825,5900,69500
9/26/2025,MLIA,346,348,344,348,3036400
9/26/2025,MLPL,151,160,149,156,136517000
9/26/2025,MLPT,0,0,0,0,0
9/26/2025,MMIX,394,396,382,390,7330700
9/26/2025,MMLP,550,555,545,550,4415800
9/26/2025,MNCN,290,298,290,296,55610100
9/26/2025,MOLI,222,224,216,218,1145300
9/26/2025,MORA,428,428,420,420,87300
9/26/2025,MPIX,72,72,69,71,14771500
9/26/2025,MPIX-W,18,18,16,16,6193800
9/26/2025,MPMX,935,940,935,935,1957300
9/26/2025,MPOW,114,115,113,114,260900
9/26/2025,MPPA,69,70,68,69,27395800
9/26/2025,MPRO,0,0,0,0,0
9/26/2025,MPXL,179,197,179,196,28483400
9/26/2025,MRAT,246,250,236,236,1807700
9/26/2025,MREI,925,935,915,930,199200
9/26/2025,MSIE,91,94,85,85,3715600
9/26/2025,MSIN,570,570,545,550,17407000
9/26/2025,MSJA,304,304,300,304,2684900
9/26/2025,MSKY,98,99,94,94,26226200
9/26/2025,MSTI,1550,1565,1530,1540,1729200
9/26/2025,MTDL,620,625,620,620,2517500
9/26/2025,MTEL,575,580,565,575,3191500
9/26/2025,MTELDRCK6A,17,17,16,17,140700
9/26/2025,MTFN,22,22,22,22,560279200
9/26/2025,MTLA,464,464,450,464,57000
9/26/2025,MTMH,1175,1175,1145,1155,25700
9/26/2025,MTPS,46,46,46,46,965600
9/26/2025,MTRA,0,0,0,0,0
9/26/2025,MTSM,0,0,0,0,0
9/26/2025,MTWI,352,354,346,352,105700
9/26/2025,MUTU,100,101,99,99,1163700
9/26/2025,MYOH,1695,1705,1675,1705,2100
9/26/2025,MYOR,1990,2060,1990,2010,9214400
9/26/2025,MYORDRCK6A,51,56,51,52,7365400
9/26/2025,MYORZPCH6A,29,29,29,29,125000
9/26/2025,MYTX,0,0,0,0,0
9/26/2025,NAIK,134,136,131,134,12745000
9/26/2025,NAIK-W,26,27,25,26,3170800
9/26/2025,NANO,70,71,66,67,41122300
9/26/2025,NASA,54,54,54,54,1310000
9/26/2025,NASI,127,140,126,129,61723900
9/26/2025,NATO,145,145,141,142,43600
9/26/2025,NAYZ,134,160,134,160,9783500
9/26/2025,NCKL,1190,1215,1165,1180,79500200
9/26/2025,NCKLDRCK6A,58,59,55,56,79600
9/26/2025,NCKLHDCK6A,82,85,78,81,534100
9/26/2025,NCKLYUCZ5A,121,127,117,117,14300
9/26/2025,NCKLZPCJ6A,79,85,78,78,44700
9/26/2025,NELY,368,370,360,364,1288800
9/26/2025,NEST,266,270,262,264,3127200
9/26/2025,NETV,127,129,124,127,1833000
9/26/2025,NFCX,1770,1800,1690,1700,10300
9/26/2025,NICE,452,454,440,450,4154300
9/26/2025,NICK,1190,1230,1100,1215,68600
9/26/2025,NICL,1040,1090,1030,1080,33856000
9/26/2025,NIKL,224,226,218,222,1452000
9/26/2025,NINE,0,0,0,0,0
9/26/2025,NIRO,124,127,120,124,318800
9/26/2025,NISP,1360,1360,1340,1350,7607600
9/26/2025,NOBU,520,530,520,520,2013400
9/26/2025,NPGF,57,59,56,57,6542000
9/26/2025,NRCA,915,930,905,910,4511600
9/26/2025,NSSS,486,520,480,505,16760800
9/26/2025,NTBK,58,59,54,56,39224000
9/26/2025,NUSA,0,0,0,0,0
9/26/2025,NZIA,119,119,114,116,2093500
9/26/2025,OASA,232,240,222,228,36279500
9/26/2025,OBAT,440,450,422,442,2714600
9/26/2025,OBAT-W,94,96,91,92,1093400
9/26/2025,OBMD,260,264,252,260,387600
9/26/2025,OCAP,0,0,0,0,0
9/26/2025,OILS,135,144,133,143,3870400
9/26/2025,OKAS,173,184,168,177,35959100
9/26/2025,OLIV,0,0,0,0,0
9/26/2025,OMED,198,200,198,200,807400
9/26/2025,OMRE,0,0,0,0,0
9/26/2025,OPMS,157,168,146,150,58790800
9/26/2025,PACK,2020,2070,1895,1895,3811500
9/26/2025,PADA,78,79,78,79,16195500
9/26/2025,PADI,78,78,75,75,10518800
9/26/2025,PALM,380,394,368,388,2696400
9/26/2025,PAMG,72,73,70,72,7479200
9/26/2025,PANI,13300,13350,13150,13175,4430400
9/26/2025,PANIBQCZ5A,36,37,35,35,50400
9/26/2025,PANIHDCJ6A,96,99,96,97,1600
9/26/2025,PANIHDCZ5A,140,141,138,138,4100
9/26/2025,PANIZPCJ6A,64,66,63,65,988500
9/26/2025,PANR,755,755,725,750,4854600
9/26/2025,PANS,1380,1390,1380,1390,124100
9/26/2025,PART,104,110,98,104,25415700
9/26/2025,PART-W,20,22,19,20,24199000
9/26/2025,PBID,492,492,482,490,513200
9/26/2025,PBRX,44,44,42,42,31779200
9/26/2025,PBSA,1000,1000,1000,1000,679300
9/26/2025,PCAR,44,44,44,44,4760700
9/26/2025,PDES,456,472,454,468,1378800
9/26/2025,PDPP,486,496,480,488,158200
9/26/2025,PEGE,112,114,111,113,940200
9/26/2025,PEHA,336,336,318,320,192400
9/26/2025,PEVE,456,498,450,478,1944200
9/26/2025,PGAS,1715,1730,1700,1710,27997600
9/26/2025,PGASBQCZ5A,0,0,0,0,0
9/26/2025,PGASDRCG6A,66,66,65,65,57100
9/26/2025,PGASHDCK6A,70,70,70,70,100
9/26/2025,PGASZPCJ6A,0,0,0,0,0
9/26/2025,PGEO,1330,1380,1330,1345,30109400
9/26/2025,PGEOBQCX5B,18,22,17,19,38742000
9/26/2025,PGEODRCJ6A,33,35,33,34,306900
9/26/2025,PGEODRPV5A,0,0,0,0,0
9/26/2025,PGEOHDCH6A,0,0,0,0,0
9/26/2025,PGEOHDCH6B,0,0,0,0,0
9/26/2025,PGEOHDPH6A,0,0,0,0,0
9/26/2025,PGEOYUCK6A,83,87,83,87,1100
9/26/2025,PGEOZPCJ6A,42,43,42,43,468200
9/26/2025,PGJO,960,1000,875,1000,1903900
9/26/2025,PGLI,250,278,228,278,9607600
9/26/2025,PGUN,15350,15350,15350,15350,93000
9/26/2025,PICO,316,390,296,336,33858200
9/26/2025,PIPA,288,300,288,300,48291500
9/26/2025,PJAA,585,595,570,580,762400
9/26/2025,PKPK,540,540,530,540,50400
9/26/2025,PLAN,65,68,62,68,25198400
9/26/2025,PLAS,0,0,0,0,0
9/26/2025,PLIN,0,0,0,0,0
9/26/2025,PMJS,122,122,119,119,372500
9/26/2025,PMMP,0,0,0,0,0
9/26/2025,PMUI,136,138,133,137,4460300
9/26/2025,PNBN,1115,1115,1100,1105,22426700
9/26/2025,PNBS,54,54,52,53,16449700
9/26/2025,PNGO,2390,2390,2330,2390,2600
9/26/2025,PNIN,805,815,795,810,1113100
9/26/2025,PNLF,240,244,240,242,58922700
9/26/2025,PNLFDRCJ6A,12,12,12,12,286900
9/26/2025,PNLFHDCZ5A,0,0,0,0,0
9/26/2025,PNLFYUCV5A,8,10,8,8,2487000
9/26/2025,PNLFZPCH6A,0,0,0,0,0
9/26/2025,PNSE,795,910,795,815,434700
9/26/2025,POLA,59,59,59,59,7290400
9/26/2025,POLI,705,705,700,700,15000
9/26/2025,POLL,0,0,0,0,0
9/26/2025,POLU,12925,12925,11775,11775,21100
9/26/2025,POLY,30,30,30,30,2907300
9/26/2025,POOL,0,0,0,0,0
9/26/2025,PORT,960,980,955,965,4000
9/26/2025,POSA,0,0,0,0,0
9/26/2025,POWR,705,710,700,710,2405200
9/26/2025,PPGL,112,120,102,109,2548300
9/26/2025,PPRE,94,94,92,92,5322500
9/26/2025,PPRI,362,364,352,354,11727600
9/26/2025,PPRO,0,0,0,0,0
9/26/2025,PRAY,745,745,690,700,67200
9/26/2025,PRDA,2700,2700,2680,2700,35500
9/26/2025,PRIM,91,91,87,87,17405500
9/26/2025,PSAB,520,550,520,545,67145100
9/26/2025,PSAT,1345,1360,1330,1345,896800
9/26/2025,PSDN,98,101,98,100,972600
9/26/2025,PSGO,224,226,214,220,2055000
9/26/2025,PSKT,107,111,107,111,24607300
9/26/2025,PSSI,346,350,346,350,550800
9/26/2025,PTBA,2350,2360,2330,2350,10245200
9/26/2025,PTBABQCV5A,15,15,13,13,3700
9/26/2025,PTBADRCG6A,21,21,20,20,101000
9/26/2025,PTBAYUCZ5A,79,79,79,79,200
9/26/2025,PTBAZPCH6A,0,0,0,0,0
9/26/2025,PTDU,0,0,0,0,0
9/26/2025,PTIS,410,414,398,410,156400
9/26/2025,PTMP,91,93,91,92,3669900
9/26/2025,PTMR,0,0,0,0,0
9/26/2025,PTPP,398,408,392,398,12263500
9/26/2025,PTPS,182,183,175,178,25941700
9/26/2025,PTPW,925,935,925,930,18900
9/26/2025,PTRO,6200,6800,6200,6650,72286500
9/26/2025,PTROHDCK6A,316,348,316,344,1861200
9/26/2025,PTROYUCK6A,338,340,332,340,16400
9/26/2025,PTROZPCK6A,160,175,157,170,11938400
9/26/2025,PTSN,408,414,398,408,1363700
9/26/2025,PTSP,930,975,910,910,58000
9/26/2025,PUDP,580,580,398,484,3064100
9/26/2025,PURA,37,37,37,37,38778200
9/26/2025,PURE,0,0,0,0,0
9/26/2025,PURI,190,198,188,190,193500
9/26/2025,PWON,390,390,378,380,59640100
9/26/2025,PWONHDCZ5A,0,0,0,0,0
9/26/2025,PWONZPCH6A,0,0,0,0,0
9/26/2025,PYFA,540,580,525,545,139545600
9/26/2025,PYFA-W,125,138,112,124,6836200
9/26/2025,PZZA,290,300,280,290,4038500
9/26/2025,RAAM,328,330,300,302,26123000
9/26/2025,R-ABFII,0,0,0,0,0
9/26/2025,RAFI,0,0,0,0,0
9/26/2025,RAJA,2710,2790,2700,2740,20810300
9/26/2025,RAJAHDCK6A,78,82,76,79,3882300
9/26/2025,RAJAZPCK6A,42,42,41,41,76200
9/26/2025,RALS,392,396,390,394,2862300
9/26/2025,RANC,810,810,800,810,2127100
9/26/2025,RATU,5800,5875,5700,5775,4017200
9/26/2025,RBMS,45,45,44,44,1883200
9/26/2025,RCCC,240,240,220,234,384800
9/26/2025,RDTX,11600,11900,11600,11900,400
9/26/2025,REAL,82,91,79,87,315168800
9/26/2025,RELF,59,60,59,59,21805100
9/26/2025,RELI,650,650,630,645,29000
9/26/2025,RGAS,102,103,101,102,10026800
9/26/2025,RICY,86,86,80,80,900600
9/26/2025,RIGS,875,890,810,845,620600
9/26/2025,RIMO,0,0,0,0,0
9/26/2025,RISE,0,0,0,0,0
9/26/2025,R-LQ45X,1075,1075,971,980,4500
9/26/2025,RMKE,1310,1475,1290,1395,13377100
9/26/2025,RMKO,156,173,151,160,12215200
9/26/2025,ROCK,775,825,775,825,24900
9/26/2025,RODA,47,47,47,47,811400
9/26/2025,RONY,2520,3060,2520,3060,445200
9/26/2025,ROTI,795,795,785,795,256700
9/26/2025,RSCH,368,372,364,370,5686400
9/26/2025,RSGK,0,0,0,0,0
9/26/2025,RUIS,186,193,185,192,1356600
9/26/2025,RUNS,124,125,116,122,486700
9/26/2025,SAFE,198,208,179,189,4160000
9/26/2025,SAGE,36,36,36,36,16141500
9/26/2025,SAME,314,338,314,320,2604400
9/26/2025,SAMF,322,324,320,320,106200
9/26/2025,SAPX,310,312,302,310,490200
9/26/2025,SATU,244,244,242,244,3351700
9/26/2025,SBAT,0,0,0,0,0
9/26/2025,SBMA,141,141,138,140,1661000
9/26/2025,SCCO,2310,2380,2300,2320,47700
9/26/2025,SCMA,348,366,346,356,269179000
9/26/2025,SCMABQCZ5A,173,179,173,173,1200
9/26/2025,SCMADRCK6A,123,127,120,123,3308800
9/26/2025,SCMAHDCK6A,54,56,51,53,372100
9/26/2025,SCMAHDCZ5A,350,358,350,350,1800
9/26/2025,SCMAYUCK6A,91,91,88,88,2500
9/26/2025,SCMAZPCG6A,204,210,204,206,1200
9/26/2025,SCNP,190,190,185,189,10300
9/26/2025,SCPI,0,0,0,0,0
9/26/2025,SDMU,76,76,75,75,8975400
9/26/2025,SDPC,137,137,134,135,147300
9/26/2025,SDRA,282,284,280,282,582800
9/26/2025,SEMA,99,101,99,101,439000
9/26/2025,SFAN,1920,1925,1920,1920,57900
9/26/2025,SGER,332,334,326,334,139138300
9/26/2025,SGRO,5375,5450,5000,5200,4599000
9/26/2025,SHID,910,910,885,885,6800
9/26/2025,SHIP,6175,6450,5850,6450,942000
9/26/2025,SICO,121,125,119,123,4091300
9/26/2025,SIDO,540,540,530,535,22479700
9/26/2025,SIDODRCK6A,30,30,29,29,34500
9/26/2025,SILO,2080,2080,1995,2020,2389200
9/26/2025,SIMA,0,0,0,0,0
9/26/2025,SIMP,645,650,635,640,13171700
9/26/2025,SINI,3900,3900,3900,3900,10900
9/26/2025,SIPD,715,715,715,715,300
9/26/2025,SKBM,630,750,555,555,3944700
9/26/2025,SKLT,220,222,204,210,1825400
9/26/2025,SKRN,444,474,440,474,2553500
9/26/2025,SKYB,0,0,0,0,0
9/26/2025,SLIS,88,103,86,97,291112900
9/26/2025,SLIS-W,20,25,19,20,62683900
9/26/2025,SMAR,5575,6075,5500,5550,577300
9/26/2025,SMBR,280,282,276,278,5672200
9/26/2025,SMCB,0,0,0,0,0
9/26/2025,SMDM,815,845,810,820,472500
9/26/2025,SMDR,320,324,318,318,8726800
9/26/2025,SMGA,100,100,98,98,28489900
9/26/2025,SMGR,2860,2920,2820,2840,5099800
9/26/2025,SMGRBQCX5B,0,0,0,0,0
9/26/2025,SMGRBQCZ5A,27,27,27,27,3000
9/26/2025,SMGRDRCV5A,0,0,0,0,0
9/26/2025,SMGRHDCZ5A,103,104,103,104,1710900
9/26/2025,SMGRZPCJ6A,0,0,0,0,0
9/26/2025,SMIL,750,755,710,720,145863600
9/26/2025,SMKL,170,174,168,169,228500
9/26/2025,SMKM,197,197,197,197,8392800
9/26/2025,SMLE,314,352,296,322,42888100
9/26/2025,SMMA,15350,15350,15050,15075,5800
9/26/2025,SMMT,1300,1300,1175,1180,137100
9/26/2025,SMRA,438,440,432,434,24327900
9/26/2025,SMRADRCJ6A,30,30,30,30,666000
9/26/2025,SMRAHDCZ5A,0,0,0,0,0
9/26/2025,SMRAZPCH6A,0,0,0,0,0
9/26/2025,SMRU,0,0,0,0,0
9/26/2025,SMSM,1870,1870,1860,1865,247200
9/26/2025,SNLK,434,446,428,446,11941700
9/26/2025,SOCI,200,204,197,199,5767000
9/26/2025,SOFA,115,123,113,123,31951700
9/26/2025,SOHO,760,770,755,765,70800
9/26/2025,SOLA,125,133,124,130,14223100
9/26/2025,SONA,4400,4520,4280,4440,32200
9/26/2025,SOSS,890,985,840,985,540700
9/26/2025,SOTS,412,412,382,400,139900
9/26/2025,SOUL,71,73,66,68,3684600
9/26/2025,SPMA,374,376,362,364,1943800
9/26/2025,SPRE,120,121,99,99,31421000
9/26/2025,SPTO,660,660,650,660,818900
9/26/2025,SQMI,0,0,0,0,0
9/26/2025,SRAJ,10300,10525,10125,10500,1050800
9/26/2025,SRIL,0,0,0,0,0
9/26/2025,SRSN,67,69,67,68,8182400
9/26/2025,SRTG,1770,1810,1755,1790,10967200
9/26/2025,SRTGDRCK6A,0,0,0,0,0
9/26/2025,SRTGHDCK6A,0,0,0,0,0
9/26/2025,SRTGZPCG6A,84,84,82,82,30100
9/26/2025,SRTGZPCK6A,0,0,0,0,0
9/26/2025,SSIA,1720,1750,1710,1720,20209500
9/26/2025,SSMS,1855,1880,1725,1770,12149500
9/26/2025,SSTM,284,302,282,284,107000
9/26/2025,STAA,1105,1115,1090,1105,14075000
9/26/2025,STAR,86,86,84,84,617700
9/26/2025,STRK,224,266,214,254,332602800
9/26/2025,STTP,10375,10375,10075,10175,1500
9/26/2025,SUGI,0,0,0,0,0
9/26/2025,SULI,105,106,100,106,2211400
9/26/2025,SUNI,820,840,820,840,339500
9/26/2025,SUPR,0,0,0,0,0
9/26/2025,SURE,2920,2920,2840,2860,4800
9/26/2025,SURI,126,128,117,120,164343300
9/26/2025,SWAT,0,0,0,0,0
9/26/2025,SWID,90,94,90,92,720000
9/26/2025,TALF,570,610,498,500,346700
9/26/2025,TAMA,38,45,38,45,7076300
9/26/2025,TAMU,38,38,36,36,19800900
9/26/2025,TAPG,1655,1730,1655,1675,27450400
9/26/2025,TAPGDRCJ6A,107,107,101,101,62500
9/26/2025,TAPGHDCH6A,0,0,0,0,0
9/26/2025,TAPGZPCH6A,130,130,122,122,124600
9/26/2025,TARA,41,41,41,41,14593700
9/26/2025,TAXI,27,27,27,27,109692300
9/26/2025,TAYS,77,79,75,76,8285000
9/26/2025,TBIG,1760,1775,1680,1750,2443900
9/26/2025,TBLA,745,760,735,740,4858700
9/26/2025,TBMS,1060,1250,1050,1135,758300
9/26/2025,TCID,3320,4080,3170,4080,294300
9/26/2025,TCPI,5700,5825,5500,5750,9403800
9/26/2025,TDPM,0,0,0,0,0
9/26/2025,TEBE,0,0,0,0,0
9/26/2025,TECH,0,0,0,0,0
9/26/2025,TELE,0,0,0,0,0
9/26/2025,TFAS,166,172,161,165,1096600
9/26/2025,TFCO,0,0,0,0,0
9/26/2025,TGKA,5650,6450,5250,5650,88000
9/26/2025,TGRA,0,0,0,0,0
9/26/2025,TGUK,0,0,0,0,0
9/26/2025,TIFA,448,450,432,436,148300
9/26/2025,TINS,1390,1425,1350,1350,60011400
9/26/2025,TIRA,1445,1760,1410,1740,364900
9/26/2025,TIRT,0,0,0,0,0
9/26/2025,TKIM,7150,7200,6900,6925,1914700
9/26/2025,TKIMHDCJ6A,0,0,0,0,0
9/26/2025,TKIMZPCG6A,96,96,90,90,190200
9/26/2025,TKIMZPCK6A,30,30,30,30,600000
9/26/2025,TLDN,690,700,680,685,1892100
9/26/2025,TLKM,3100,3160,3090,3110,66789300
9/26/2025,TLKMBQCG6A,0,0,0,0,0
9/26/2025,TLKMBQCV5A,0,0,0,0,0
9/26/2025,TLKMDRCJ6A,73,73,73,73,49800
9/26/2025,TLKMDRCX6A,0,0,0,0,0
9/26/2025,TLKMHDCJ6A,0,0,0,0,0
9/26/2025,TLKMHDCV5A,0,0,0,0,0
9/26/2025,TLKMYUCK6A,111,112,109,109,4000
9/26/2025,TLKMZPCF6A,0,0,0,0,0
9/26/2025,TMAS,132,137,132,137,3379200
9/26/2025,TMPO,171,171,166,168,3997800
9/26/2025,TNCA,165,170,160,169,1878400
9/26/2025,TOBA,1180,1260,1135,1260,117976600
9/26/2025,TOOL,62,66,62,64,5712900
9/26/2025,TOPS,0,0,0,0,0
9/26/2025,TOSK,76,101,76,101,1371823800
9/26/2025,TOTL,775,865,765,855,16831300
9/26/2025,TOTO,258,260,256,260,709600
9/26/2025,TOWR,585,595,580,590,15888500
9/26/2025,TOWRHDCK6A,0,0,0,0,0
9/26/2025,TOYS,0,0,0,0,0
9/26/2025,TPIA,7725,7775,7650,7650,4792200
9/26/2025,TPMA,585,590,580,585,3015900
9/26/2025,TRAM,0,0,0,0,0
9/26/2025,TRGU,181,181,174,174,184100
9/26/2025,TRIL,0,0,0,0,0
9/26/2025,TRIM,402,438,402,432,8877300
9/26/2025,TRIN,114,119,107,108,12860200
9/26/2025,TRIN-W2,3,3,3,3,100
9/26/2025,TRIO,0,0,0,0,0
9/26/2025,TRIS,192,192,186,187,34700
9/26/2025,TRJA,176,180,165,171,1366100
9/26/2025,TRON,87,91,85,88,8489200
9/26/2025,TRST,478,478,476,476,66400
9/26/2025,TRUE,57,57,57,57,18391700
9/26/2025,TRUK,0,0,0,0,0
9/26/2025,TRUS,442,454,430,440,58200
9/26/2025,TSPC,2370,2430,2360,2410,1286600
9/26/2025,TUGU,1000,1010,980,995,3048600
9/26/2025,TYRE,129,129,126,128,49400
9/26/2025,UANG,2990,2990,2990,2990,253900
9/26/2025,UCID,478,480,464,464,3757100
9/26/2025,UDNG,1800,1865,1680,1680,906700
9/26/2025,UFOE,175,179,171,176,515400
9/26/2025,ULTJ,1320,1325,1300,1300,2140800
9/26/2025,UNIC,7950,8050,7900,8000,3800
9/26/2025,UNIQ,372,382,362,370,29889800
9/26/2025,UNIT,0,0,0,0,0
9/26/2025,UNSP,174,174,173,173,125200
9/26/2025,UNTD,83,86,82,85,11556100
9/26/2025,UNTR,26700,26825,26325,26350,1811300
9/26/2025,UNTRBQCV5A,106,106,106,106,300
9/26/2025,UNTRDRCG6A,160,160,156,157,15200
9/26/2025,UNTRZPCJ6A,157,157,156,156,2500
9/26/2025,UNVR,1780,1940,1775,1830,134223700
9/26/2025,UNVRBQCZ5A,90,102,83,83,2931900
9/26/2025,UNVRDRCG6A,56,58,48,49,5303800
9/26/2025,UNVRHDPG6A,78,82,72,81,93200
9/26/2025,UNVRZPCH6A,50,69,50,69,1928300
9/26/2025,URBN,136,140,136,140,3900
9/26/2025,UVCR,73,75,73,74,1994000
9/26/2025,VAST,193,204,193,198,9098300
9/26/2025,VAST-W,15,16,14,15,2584900
9/26/2025,VERN,132,137,130,132,1848400
9/26/2025,VERN-W,4,5,3,4,105846200
9/26/2025,VICI,620,630,615,630,289700
9/26/2025,VICO,180,186,179,184,349800
9/26/2025,VINS,149,149,140,140,313100
9/26/2025,VISI,159,162,159,161,4253500
9/26/2025,VIVA,38,38,35,35,24878100
9/26/2025,VKTR,204,214,194,200,182010800
9/26/2025,VOKS,312,322,310,322,176000
9/26/2025,VRNA,91,92,90,90,415100
9/26/2025,VTNY,96,98,95,95,11193300
9/26/2025,WAPO,158,163,151,160,1348200
9/26/2025,WEGE,73,73,71,72,12010200
9/26/2025,WEHA,116,117,114,116,504200
9/26/2025,WGSH,234,244,212,220,2947900
9/26/2025,WICO,0,0,0,0,0
9/26/2025,WIDI,58,61,54,56,35245700
9/26/2025,WIFI,2600,2690,2560,2630,77481600
9/26/2025,WIIM,1340,1605,1270,1535,80353500
9/26/2025,WIKA,0,0,0,0,0
9/26/2025,WINE,220,226,218,220,3491500
9/26/2025,WINR,43,43,43,43,37225900
9/26/2025,WINS,464,468,434,448,3693500
9/26/2025,WIRG,138,143,136,139,325768800
9/26/2025,WMPP,0,0,0,0,0
9/26/2025,WMUU,33,33,33,33,100441300
9/26/2025,WOMF,336,338,334,336,27200
9/26/2025,WOOD,458,466,450,452,7134300
9/26/2025,WOWS,83,92,81,85,88785000
9/26/2025,WSBP,27,27,27,27,78547900
9/26/2025,WSKT,0,0,0,0,0
9/26/2025,WTON,100,100,98,99,6477300
9/26/2025,XAQA,0,0,0,0,0
9/26/2025,XBES,0,0,0,0,0
9/26/2025,XBID,513,518,513,518,41100
9/26/2025,XBIG,0,0,0,0,0
9/26/2025,XBIN,592,592,587,587,40400
9/26/2025,XBLQ,478,478,478,478,300
9/26/2025,XBNI,0,0,0,0,0
9/26/2025,XBSK,447,447,447,447,40000
9/26/2025,XCEG,105,105,105,105,5400
9/26/2025,XCID,67,68,67,68,131600
9/26/2025,XCIS,86,91,82,86,11400
9/26/2025,XCLQ,95,100,87,88,39700
9/26/2025,XDIF,0,0,0,0,0
9/26/2025,XIFE,110,110,110,110,200
9/26/2025,XIHD,628,628,621,621,25900
9/26/2025,XIIC,0,0,0,0,0
9/26/2025,XIID,498,498,494,494,3000
9/26/2025,XIIF,456,456,454,454,48000
9/26/2025,XIIT,530,530,520,520,9500
9/26/2025,XIJI,645,655,645,651,1000
9/26/2025,XILV,123,123,114,122,36900
9/26/2025,XIML,260,260,232,246,1000
9/26/2025,XIPB,169,240,169,240,20300
9/26/2025,XIPI,221,221,218,221,3400
9/26/2025,XISB,0,0,0,0,0
9/26/2025,XISC,0,0,0,0,0
9/26/2025,XISI,0,0,0,0,0
9/26/2025,XISR,443,443,438,442,300
9/26/2025,XKID,954,954,954,954,200
9/26/2025,XKIV,599,599,599,599,40000
9/26/2025,XKMS,1128,1137,1127,1137,200100
9/26/2025,XMGB,0,0,0,0,0
9/26/2025,XMIG,220,220,220,220,200000
9/26/2025,XMLF,882,882,882,882,40000
9/26/2025,XMSK,386,386,386,386,100
9/26/2025,XNVE,0,0,0,0,0
9/26/2025,XPDV,0,0,0,0,0
9/26/2025,XPFT,0,0,0,0,0
9/26/2025,XPIN,656,656,653,653,300
9/26/2025,XPLQ,517,522,517,522,1500
9/26/2025,XPSG,0,0,0,0,0
9/26/2025,XPTD,472,472,472,472,100
9/26/2025,XSBC,101,101,100,100,12900
9/26/2025,XSPI,0,0,0,0,0
9/26/2025,XSSI,83,83,80,80,48000
9/26/2025,XSSK,696,696,696,696,20000
9/26/2025,YELO,62,62,60,60,6898900
9/26/2025,YOII,103,105,100,102,3604200
9/26/2025,YPAS,0,0,0,0,0
9/26/2025,YULE,0,0,0,0,0
9/26/2025,YUPI,1620,1800,1605,1795,355800
9/26/2025,ZATA,93,105,85,91,1714587100
9/26/2025,ZBRA,0,0,0,0,0
9/26/2025,ZINC,41,41,36,36,93731700
9/26/2025,ZONE,760,915,705,750,3745400
9/26/2025,ZYRX,150,160,149,152,6894900
