<date>,<ticker>,<open>,<high>,<low>,<close>,<volume>
9/23/2025,IHSG,8066.300,8125.200,8039.950,8125.201,56904025700
9/23/2025,AADI,7075,7325,7000,7250,14117100
9/23/2025,AADIHDCK6A,74,81,74,80,26400
9/23/2025,AADIYUCK6A,262,274,260,272,133000
9/23/2025,AALI,7825,7950,7750,7950,2475500
9/23/2025,ABBA,72,72,70,72,18503300
9/23/2025,ABDA,2970,2970,2970,2970,200
9/23/2025,ABMM,2880,2920,2870,2910,1277900
9/23/2025,ACES,426,430,422,428,43041300
9/23/2025,ACESBQCV5A,7,13,6,11,88981500
9/23/2025,ACESBQCX5B,9,10,7,9,25145900
9/23/2025,ACESBQCZ5A,14,14,14,14,5992600
9/23/2025,ACESDRCJ6A,12,13,11,13,164000
9/23/2025,ACESHDCZ5A,0,0,0,0,0
9/23/2025,ACESZPCJ6A,19,19,18,18,28600
9/23/2025,ACRO,85,87,84,86,12061600
9/23/2025,ACRO-W,12,15,11,15,130104000
9/23/2025,ACST,136,137,133,135,5811700
9/23/2025,ADCP,60,64,60,61,75959600
9/23/2025,ADES,13250,13400,13050,13075,41400
9/23/2025,ADHI,284,286,278,280,18269800
9/23/2025,ADMF,8925,8975,8900,8950,39600
9/23/2025,ADMG,139,143,139,139,734500
9/23/2025,ADMR,1000,1040,995,1040,53562300
9/23/2025,ADMRDRCJ6A,32,37,31,37,193200
9/23/2025,ADMRHDCJ6A,55,55,55,55,15500
9/23/2025,ADMRZPCH6A,50,52,50,52,7200
9/23/2025,ADRO,1665,1765,1650,1760,265965400
9/23/2025,ADROBQCG6A,0,0,0,0,0
9/23/2025,ADROBQCU5A,4,4,1,2,50965500
9/23/2025,ADROBQCZ5A,12,20,10,15,70084500
9/23/2025,ADRODRCJ6A,49,56,49,56,62200
9/23/2025,ADRODRCX5A,27,35,27,34,2581800
9/23/2025,ADROHDCZ5A,43,52,43,50,112300
9/23/2025,ADROHDPH6A,131,131,120,120,9200
9/23/2025,ADROYUCZ5A,55,63,55,63,1500
9/23/2025,ADROZPCF6A,22,26,22,26,247200
9/23/2025,ADROZPCK6A,46,52,45,52,154900
9/23/2025,AEGS,57,62,57,62,9627400
9/23/2025,AGAR,278,344,244,250,6505200
9/23/2025,AGII,810,820,805,815,1488900
9/23/2025,AGRO,242,246,238,240,15638200
9/23/2025,AGRS,80,80,78,79,6401200
9/23/2025,AHAP,79,80,77,79,7835800
9/23/2025,AIMS,356,356,354,354,37700
9/23/2025,AISA,151,164,147,152,123738700
9/23/2025,AKKU,0,0,0,0,0
9/23/2025,AKPI,570,570,555,570,164300
9/23/2025,AKRA,1205,1220,1195,1210,16056000
9/23/2025,AKRABQCX5B,34,36,34,36,10600
9/23/2025,AKRADRCX5A,30,30,28,30,10200
9/23/2025,AKRAHDCH6A,59,59,59,59,1000
9/23/2025,AKRAZPCJ6A,49,49,49,49,10000
9/23/2025,AKRAZPCX5A,53,56,53,56,2400
9/23/2025,AKSI,292,344,262,314,5058000
9/23/2025,ALDO,496,500,488,492,512300
9/23/2025,ALII,545,555,530,535,8637000
9/23/2025,ALKA,348,348,328,340,143700
9/23/2025,ALMI,0,0,0,0,0
9/23/2025,ALTO,0,0,0,0,0
9/23/2025,AMAG,370,370,364,366,30100
9/23/2025,AMAN,180,180,166,170,20721200
9/23/2025,AMAR,212,212,204,206,1091000
9/23/2025,AMFG,3360,3400,3320,3360,10500
9/23/2025,AMIN,226,232,220,226,1421900
9/23/2025,AMMN,7150,7275,7050,7200,39193600
9/23/2025,AMMNBQCZ5A,15,19,15,19,20664500
9/23/2025,AMMNDRCJ6A,49,50,48,50,28110100
9/23/2025,AMMNHDCH6A,73,74,73,74,82000
9/23/2025,AMMNZPCG6A,51,51,32,34,1546000
9/23/2025,AMMS,266,266,266,266,1243600
9/23/2025,AMOR,468,468,464,466,240600
9/23/2025,AMRT,1905,1945,1900,1925,79425500
9/23/2025,AMRTBQCU5A,4,5,3,4,36778700
9/23/2025,AMRTDRCZ5A,19,20,19,20,207100
9/23/2025,AMRTHDCJ6A,14,14,14,14,10000
9/23/2025,AMRTZPCK6A,19,20,19,19,67100
9/23/2025,AMRTZPCX5A,25,25,24,24,18600
9/23/2025,ANDI,34,34,33,34,34434900
9/23/2025,ANJT,1810,1810,1795,1805,2788100
9/23/2025,ANTM,3650,3730,3600,3670,212809600
9/23/2025,ANTMBQCU5A,408,412,396,410,62800
9/23/2025,ANTMBQCX5A,110,118,106,115,2344500
9/23/2025,ANTMBQCZ5A,950,950,940,940,2000
9/23/2025,ANTMDRCG6A,74,77,71,73,2109100
9/23/2025,ANTMDRCX5A,398,410,398,406,17800
9/23/2025,ANTMDRPZ5A,32,32,27,28,221100
9/23/2025,ANTMHDCH6A,117,123,117,123,321600
9/23/2025,ANTMHDCH6B,183,183,183,183,500000
9/23/2025,ANTMHDCU5A,132,169,132,157,433400
9/23/2025,ANTMHDPH6A,52,54,51,52,8800
9/23/2025,ANTMZPCJ6A,115,119,110,115,134500
9/23/2025,ANTMZPCK6A,50,50,47,48,137400
9/23/2025,ANTMZPCX5A,302,302,302,302,1600
9/23/2025,APEX,119,120,117,117,48796800
9/23/2025,APIC,1140,1145,1125,1145,4897200
9/23/2025,APII,182,182,180,180,22400
9/23/2025,APLI,494,498,474,486,60400
9/23/2025,APLN,104,105,103,104,8037900
9/23/2025,ARCI,970,1085,970,1080,208803800
9/23/2025,AREA,520,550,510,550,3238200
9/23/2025,ARGO,1195,1200,1150,1195,79700
9/23/2025,ARII,354,372,306,312,12706700
9/23/2025,ARKA,50,50,47,47,11141600
9/23/2025,ARKO,1810,1840,1740,1770,1788200
9/23/2025,ARMY,0,0,0,0,0
9/23/2025,ARNA,555,555,550,555,5054100
9/23/2025,ARTA,3060,3570,3000,3340,35600
9/23/2025,ARTI,0,0,0,0,0
9/23/2025,ARTO,2140,2190,2130,2140,3320000
9/23/2025,ARTOBQCU5A,2,5,1,1,78232600
9/23/2025,ARTOBQCX5B,0,0,0,0,0
9/23/2025,ARTOBQCZ5A,19,20,19,19,104400
9/23/2025,ARTODRCK6A,74,76,74,76,21600
9/23/2025,ARTODRCX5A,51,52,47,47,101000
9/23/2025,ARTOHDCZ5A,0,0,0,0,0
9/23/2025,ARTOZPCK6A,49,49,48,48,1333600
9/23/2025,ARTOZPCX5A,51,51,50,51,966100
9/23/2025,ASBI,456,456,442,452,5300
9/23/2025,ASDM,545,545,530,540,5100
9/23/2025,ASGR,1220,1220,1185,1190,917800
9/23/2025,ASHA,85,85,85,85,38661200
9/23/2025,ASII,5675,5950,5650,5900,41044200
9/23/2025,ASIIBQCU5A,4,14,2,7,22794200
9/23/2025,ASIIBQCZ5A,0,0,0,0,0
9/23/2025,ASIIDRCX5A,0,0,0,0,0
9/23/2025,ASIIDRCX6A,0,0,0,0,0
9/23/2025,ASIIHDCZ5A,0,0,0,0,0
9/23/2025,ASIIZPCJ6A,122,137,122,137,30200
9/23/2025,ASJT,118,118,114,114,174700
9/23/2025,ASLC,91,93,88,90,124138200
9/23/2025,ASLI,0,0,0,0,0
9/23/2025,ASMI,46,46,46,46,9518200
9/23/2025,ASPI,0,0,0,0,0
9/23/2025,ASPR,96,100,94,98,18334100
9/23/2025,ASRI,168,174,168,173,39099500
9/23/2025,ASRM,276,278,274,276,85900
9/23/2025,ASSA,880,905,855,890,6427900
9/23/2025,ATAP,76,76,75,75,2468200
9/23/2025,ATIC,450,450,436,436,527000
9/23/2025,ATLA,69,72,67,69,336436900
9/23/2025,AUTO,2320,2330,2300,2320,3135000
9/23/2025,AUTOZPCJ6A,30,30,30,30,100
9/23/2025,AVIA,410,410,400,402,11207700
9/23/2025,AVIAZPCJ6A,0,0,0,0,0
9/23/2025,AWAN,264,270,256,258,19859500
9/23/2025,AXIO,132,133,130,132,1429000
9/23/2025,AYAM,175,182,174,179,131051900
9/23/2025,AYLS,115,116,112,114,3701400
9/23/2025,BABP,57,58,56,57,25820600
9/23/2025,BABY,306,316,300,306,11681400
9/23/2025,BACA,138,140,137,139,1243800
9/23/2025,BAIK,101,102,99,101,1476600
9/23/2025,BAIK-W,11,15,11,14,111419100
9/23/2025,BAJA,141,142,136,140,2066900
9/23/2025,BALI,1305,1320,1305,1305,20600
9/23/2025,BANK,805,815,800,805,6863600
9/23/2025,BANK-W,0,0,0,0,0
9/23/2025,BAPA,76,82,72,76,22192700
9/23/2025,BAPI,39,39,39,39,19947100
9/23/2025,BATA,54,55,54,54,1564600
9/23/2025,BATR,104,107,102,104,4376800
9/23/2025,BAUT,45,45,45,45,16768500
9/23/2025,BAYU,1305,1305,1275,1290,1333800
9/23/2025,BBCA,7750,7900,7750,7875,102606200
9/23/2025,BBCABQCG6A,65,67,63,65,71900
9/23/2025,BBCABQCV5A,20,23,17,19,16600200
9/23/2025,BBCABQCX5A,16,35,15,23,328131000
9/23/2025,BBCADRCF6A,33,36,33,34,1076300
9/23/2025,BBCADRCX6A,3580,3600,3580,3600,400
9/23/2025,BBCAHDCQ7A,55,58,54,57,6900
9/23/2025,BBCAHDCV5A,25,26,24,26,35700
9/23/2025,BBCAYUCK6A,179,185,178,183,165400
9/23/2025,BBCAZPCF6A,22,24,22,23,110400
9/23/2025,BBCAZPCH6A,74,75,74,75,138600
9/23/2025,BBHI,1500,1510,1480,1485,867000
9/23/2025,BBKP,75,77,74,76,175713900
9/23/2025,BBLD,900,950,900,940,159000
9/23/2025,BBMD,2090,2090,2090,2090,300
9/23/2025,BBNI,4210,4240,4170,4200,39154400
9/23/2025,BBNIBQCG6A,56,56,56,56,10000
9/23/2025,BBNIBQCU5A,3,4,1,1,41344100
9/23/2025,BBNIBQCV5A,23,28,19,28,985300
9/23/2025,BBNIDRCX6A,2270,2270,2270,2270,100
9/23/2025,BBNIDRCZ5A,49,49,48,48,20000
9/23/2025,BBNIDRPZ5A,67,67,67,67,1000
9/23/2025,BBNIHDCQ7A,83,83,83,83,300
9/23/2025,BBNIYUCV5A,31,31,31,31,20000
9/23/2025,BBNIZPCH6A,91,92,89,89,11700
9/23/2025,BBNIZPCX5A,0,0,0,0,0
9/23/2025,BBRI,4120,4170,4110,4140,110771700
9/23/2025,BBRIBQCJ6A,73,73,73,73,8000
9/23/2025,BBRIBQCU5A,4,4,1,1,31819200
9/23/2025,BBRIBQCZ5A,0,0,0,0,0
9/23/2025,BBRIDRCX5A,156,157,156,157,202000
9/23/2025,BBRIDRCX6A,0,0,0,0,0
9/23/2025,BBRIDRPZ5A,51,51,49,49,49500
9/23/2025,BBRIHDCH6A,134,134,134,134,3900
9/23/2025,BBRIHDCQ7A,103,103,103,103,100
9/23/2025,BBRIYUCV5A,100,100,99,99,10300
9/23/2025,BBRIZPCH6A,103,103,102,102,1500
9/23/2025,BBRIZPCX5A,0,0,0,0,0
9/23/2025,BBRM,85,87,84,87,5839800
9/23/2025,BBSI,4030,4810,3910,4220,157300
9/23/2025,BBSS,338,338,330,330,397500
9/23/2025,BBTN,1305,1330,1285,1305,42784300
9/23/2025,BBTNHDCZ5A,115,118,115,118,822200
9/23/2025,BBTNYUCZ5A,78,78,75,76,600
9/23/2025,BBTNZPCG6A,53,56,53,53,26600
9/23/2025,BBYB,314,318,306,314,50506500
9/23/2025,BCAP,66,68,65,67,30307400
9/23/2025,BCIC,0,0,0,0,0
9/23/2025,BCIP,109,112,105,110,33523600
9/23/2025,BDKR,159,163,158,163,21010000
9/23/2025,BDMN,2400,2420,2380,2390,1923700
9/23/2025,BEBS,0,0,0,0,0
9/23/2025,BEEF,324,324,320,322,13143300
9/23/2025,BEER,107,108,105,107,1612200
9/23/2025,BEKS,32,32,30,30,344104100
9/23/2025,BELI,366,374,364,370,493200
9/23/2025,BELL,66,69,65,66,29756700
9/23/2025,BESS,1120,1125,1065,1105,298400
9/23/2025,BEST,113,116,113,114,11699000
9/23/2025,BFIN,775,790,775,785,9186900
9/23/2025,BFINDRCK6A,25,25,25,25,100
9/23/2025,BGTG,108,110,106,109,12870000
9/23/2025,BHAT,875,875,865,875,2690800
9/23/2025,BHIT,38,40,38,40,27528600
9/23/2025,BIKA,0,0,0,0,0
9/23/2025,BIKE,1035,1050,1025,1040,13030900
9/23/2025,BIMA,82,82,81,82,220000
9/23/2025,BINA,4500,4500,4420,4500,5700
9/23/2025,BINO,129,130,125,127,1346500
9/23/2025,BIPI,83,85,81,84,130875700
9/23/2025,BIPP,52,52,50,50,851900
9/23/2025,BIRD,1810,1820,1785,1820,747200
9/23/2025,BISI,890,895,875,880,198200
9/23/2025,BJBR,765,770,765,770,2560000
9/23/2025,BJTM,510,520,505,520,10061100
9/23/2025,BKDP,49,50,48,50,880900
9/23/2025,BKSL,137,140,134,137,234217700
9/23/2025,BKSW,68,69,64,67,12878600
9/23/2025,BLES,162,164,160,163,4198600
9/23/2025,BLOG,535,535,520,530,2937300
9/23/2025,BLTA,39,41,39,41,35121100
9/23/2025,BLTZ,2910,3000,2910,3000,3600
9/23/2025,BLUE,0,0,0,0,0
9/23/2025,BMAS,775,815,730,765,119800
9/23/2025,BMBL,74,81,74,81,4763500
9/23/2025,BMHS,172,176,168,170,8359800
9/23/2025,BMRI,4390,4430,4370,4410,90675500
9/23/2025,BMRIBQCJ6A,58,58,58,58,600
9/23/2025,BMRIBQCU5A,3,3,1,2,32393700
9/23/2025,BMRIBQCZ5A,18,18,16,16,628200
9/23/2025,BMRIDRCX5A,36,36,36,36,2300
9/23/2025,BMRIDRCX6A,0,0,0,0,0
9/23/2025,BMRIHDCQ7A,75,76,75,76,25600
9/23/2025,BMRIYUCK6A,118,118,115,116,207400
9/23/2025,BMRIZPCH6A,48,49,48,49,56600
9/23/2025,BMRIZPCX5A,20,21,20,21,12600
9/23/2025,BMSR,314,320,314,316,325900
9/23/2025,BMTR,138,140,136,140,43384000
9/23/2025,BNBA,715,730,700,715,228400
9/23/2025,BNBR,60,61,60,61,102020400
9/23/2025,BNGA,1700,1705,1695,1700,2765300
9/23/2025,BNGADRCK6A,0,0,0,0,0
9/23/2025,BNGAZPCH6A,46,46,46,46,100
9/23/2025,BNII,216,216,212,214,650600
9/23/2025,BNLI,4650,5100,4590,4980,2261600
9/23/2025,BOAT,132,138,129,134,17080100
9/23/2025,BOBA,185,200,182,186,1442800
9/23/2025,BOGA,510,510,500,505,98100
9/23/2025,BOLA,183,188,182,186,2785300
9/23/2025,BOLT,1050,1055,1050,1055,1500
9/23/2025,BOSS,0,0,0,0,0
9/23/2025,BPFI,332,348,328,332,32200
9/23/2025,BPII,565,565,555,560,113500
9/23/2025,BPTR,96,96,94,94,128800
9/23/2025,BRAM,5175,5175,5150,5150,2600
9/23/2025,BREN,8925,9200,8900,9025,29343200
9/23/2025,BRIS,2620,2690,2620,2660,21875300
9/23/2025,BRISBQCZ5A,0,0,0,0,0
9/23/2025,BRISDRCJ6A,45,45,44,44,604000
9/23/2025,BRISHDCH6A,0,0,0,0,0
9/23/2025,BRISHDCZ5A,0,0,0,0,0
9/23/2025,BRISYUCV5A,0,0,0,0,0
9/23/2025,BRISZPCG6A,0,0,0,0,0
9/23/2025,BRMS,625,710,615,685,1772670300
9/23/2025,BRMSBQCZ5A,111,135,107,129,161800
9/23/2025,BRMSDRCJ6A,78,102,78,95,5205500
9/23/2025,BRMSDRPX5A,10,10,7,8,69208200
9/23/2025,BRMSHDCH6A,151,170,149,163,27300
9/23/2025,BRMSHDCZ5A,0,0,0,0,0
9/23/2025,BRMSYUCV5A,61,88,61,82,728800
9/23/2025,BRMSZPCG6A,132,162,132,162,26500
9/23/2025,BRNA,750,750,715,740,3300
9/23/2025,BRPT,3300,3390,3120,3370,278144800
9/23/2025,BRPTBQCV5A,0,0,0,0,0
9/23/2025,BRPTBQCX5B,210,238,190,234,65800
9/23/2025,BRPTBQCZ5A,0,0,0,0,0
9/23/2025,BRPTDRCF6A,328,344,310,344,21400
9/23/2025,BRPTDRCJ6A,193,200,178,200,1114900
9/23/2025,BRPTDRCX5A,368,368,368,368,100
9/23/2025,BRPTDRPV5A,11,20,11,15,292183000
9/23/2025,BRPTHDCH6A,290,290,272,272,57500
9/23/2025,BRPTHDCH6B,242,242,242,242,5000
9/23/2025,BRPTHDPG6A,132,141,124,125,72800
9/23/2025,BRPTYUCZ5A,224,224,224,224,100
9/23/2025,BRPTZPCF6A,0,0,0,0,0
9/23/2025,BRPTZPCK6A,72,75,66,75,970800
9/23/2025,BRPTZPCX5A,484,484,478,478,500
9/23/2025,BRRC,79,80,78,79,7541700
9/23/2025,BRRC-W,15,18,14,17,52159500
9/23/2025,BSBK,88,89,85,87,110651500
9/23/2025,BSDE,1005,1045,1005,1040,16421300
9/23/2025,BSDEDRCJ6A,42,43,42,43,349100
9/23/2025,BSDEZPCH6A,56,58,55,58,58500
9/23/2025,BSIM,885,925,885,920,73600
9/23/2025,BSML,115,135,113,130,104977700
9/23/2025,BSSR,3910,3930,3880,3910,954700
9/23/2025,BSWD,0,0,0,0,0
9/23/2025,BTEK,39,39,39,39,43765500
9/23/2025,BTEL,0,0,0,0,0
9/23/2025,BTON,374,384,374,382,13000
9/23/2025,BTPN,2050,2100,2050,2090,167500
9/23/2025,BTPS,1400,1415,1385,1395,4141200
9/23/2025,BTPSDRCK6A,0,0,0,0,0
9/23/2025,BTPSHDCJ6A,0,0,0,0,0
9/23/2025,BTPSZPCH6A,0,0,0,0,0
9/23/2025,BUAH,1395,1425,1390,1420,129200
9/23/2025,BUDI,222,222,220,222,30700
9/23/2025,BUKA,180,182,175,175,190910200
9/23/2025,BUKABQCZ5B,21,22,19,20,1482600
9/23/2025,BUKADRCK6A,20,20,19,20,488300
9/23/2025,BUKAHDCZ5A,0,0,0,0,0
9/23/2025,BUKK,905,950,905,910,55300
9/23/2025,BULL,188,190,182,186,136102000
9/23/2025,BUMI,123,145,123,140,16351388500
9/23/2025,BUVA,486,545,466,525,506471100
9/23/2025,BVIC,113,114,111,113,11181100
9/23/2025,BVIC-W,47,48,45,47,54900
9/23/2025,BWPT,151,158,145,156,337702400
9/23/2025,BYAN,18300,18300,18100,18300,25500
9/23/2025,CAKK,172,185,170,185,7828600
9/23/2025,CAMP,210,214,210,212,887900
9/23/2025,CANI,50,55,50,55,1927300
9/23/2025,CARE,298,302,288,302,733326800
9/23/2025,CARS,138,152,135,152,325376500
9/23/2025,CASA,1150,1165,1145,1155,4057000
9/23/2025,CASH,141,143,129,130,11176600
9/23/2025,CASS,2670,2670,2580,2600,13700
9/23/2025,CBDK,6175,6300,6150,6150,4167100
9/23/2025,CBMF,0,0,0,0,0
9/23/2025,CBPE,200,202,195,199,33700
9/23/2025,CBRE,0,0,0,0,0
9/23/2025,CBUT,1650,1650,1595,1595,52300
9/23/2025,CCSI,354,372,350,368,294300
9/23/2025,CDIA,1820,1890,1690,1735,622752500
9/23/2025,CEKA,2660,2660,2610,2630,7400
9/23/2025,CENT,120,125,118,121,16133000
9/23/2025,CFIN,314,316,312,316,1338000
9/23/2025,CGAS,143,150,142,149,14946100
9/23/2025,CHEK,189,192,188,190,13083600
9/23/2025,CHEM,98,104,97,100,18443900
9/23/2025,CHIP,1425,1425,1410,1415,108300
9/23/2025,CINT,159,163,159,159,110800
9/23/2025,CITA,4080,4080,4040,4080,221800
9/23/2025,CITY,123,123,118,120,1518300
9/23/2025,CLAY,2200,2640,2110,2250,309100
9/23/2025,CLEO,520,535,515,530,9799400
9/23/2025,CLPI,1250,1260,1245,1255,75100
9/23/2025,CMNP,1325,1325,1300,1310,463700
9/23/2025,CMNP-W,350,350,350,350,2200
9/23/2025,CMNT,830,840,810,825,43842900
9/23/2025,CMPP,99,99,99,99,84900
9/23/2025,CMRY,4830,4840,4800,4800,557900
9/23/2025,CMRYDRCK6A,0,0,0,0,0
9/23/2025,CMRYZPCJ6A,0,0,0,0,0
9/23/2025,CNKO,101,106,101,106,123288000
9/23/2025,CNMA,128,129,126,126,40070600
9/23/2025,CNTB,0,0,0,0,0
9/23/2025,CNTX,0,0,0,0,0
9/23/2025,COAL,72,72,65,65,72280000
9/23/2025,COCO,458,458,424,436,9518600
9/23/2025,COIN,2260,2350,2240,2310,35089100
9/23/2025,COWL,0,0,0,0,0
9/23/2025,CPIN,4750,4800,4730,4790,3377300
9/23/2025,CPINDRCG6A,75,75,75,75,113400
9/23/2025,CPINZPCJ6A,44,44,44,44,100
9/23/2025,CPRI,0,0,0,0,0
9/23/2025,CPRO,63,77,62,72,4090945600
9/23/2025,CRAB,242,244,240,240,1196800
9/23/2025,CRSN,111,114,110,113,506900
9/23/2025,CSAP,296,300,294,298,106800
9/23/2025,CSIS,179,193,168,177,17460600
9/23/2025,CSMI,442,460,396,438,18298000
9/23/2025,CSRA,830,835,820,835,2516300
9/23/2025,CTBN,5100,5100,5100,5100,800
9/23/2025,CTRA,925,955,915,950,24504100
9/23/2025,CTRADRCJ6A,22,22,18,20,5007900
9/23/2025,CTRAHDCK6A,0,0,0,0,0
9/23/2025,CTRAYUCZ5A,48,48,46,46,700
9/23/2025,CTRAZPCG6A,34,34,34,34,500
9/23/2025,CTTH,42,42,38,41,878700
9/23/2025,CUAN,1640,1650,1600,1615,140460900
9/23/2025,CYBR,1000,1000,980,990,14829500
9/23/2025,CYBR-W,620,660,590,625,35600
9/23/2025,DAAZ,2920,2990,2880,2930,353700
9/23/2025,DADA,124,124,124,124,8885400
9/23/2025,DART,171,194,165,168,8170200
9/23/2025,DATA,4310,4410,4010,4180,16796700
9/23/2025,DAYA,1015,1015,985,1015,21300
9/23/2025,DCII,300000,300000,299900,299975,1800
9/23/2025,DEAL,0,0,0,0,0
9/23/2025,DEFI,500,500,414,414,486000
9/23/2025,DEPO,242,250,238,240,1099400
9/23/2025,DEWA,248,270,248,270,1881689700
9/23/2025,DEWI,109,128,107,125,134899300
9/23/2025,DFAM,90,91,88,89,13151400
9/23/2025,DGIK,96,97,94,95,3159600
9/23/2025,DGNS,144,144,142,144,258200
9/23/2025,DGWG,412,422,410,422,12557900
9/23/2025,DIGI,48,48,47,47,2144300
9/23/2025,DILD,139,140,137,139,13714300
9/23/2025,DIVA,133,133,127,127,1322000
9/23/2025,DKFT,705,735,705,725,32912400
9/23/2025,DKHH,104,107,101,105,21508200
9/23/2025,DKHH-W,20,28,18,24,301879700
9/23/2025,DLTA,2010,2120,2000,2050,271500
9/23/2025,DMAS,138,139,137,138,39515200
9/23/2025,DMMX,390,390,380,388,1723700
9/23/2025,DMND,590,590,580,590,54100
9/23/2025,DNAR,120,120,117,119,2265500
9/23/2025,DNET,9175,9175,9100,9100,4600
9/23/2025,DOID,356,382,350,380,57411900
9/23/2025,DOOH,160,164,158,158,118899500
9/23/2025,DOSS,181,183,176,181,1835100
9/23/2025,DPNS,330,330,320,328,163800
9/23/2025,DPUM,68,70,66,67,2406700
9/23/2025,DRMA,985,995,985,985,398300
9/23/2025,DSFI,86,91,84,88,86080500
9/23/2025,DSNG,1635,1635,1575,1600,23199100
9/23/2025,DSNGDRCK6A,77,77,77,77,1000
9/23/2025,DSSA,113000,114525,112850,114000,1170600
9/23/2025,DUCK,0,0,0,0,0
9/23/2025,DUTI,4360,4480,4360,4360,22900
9/23/2025,DVLA,1600,1630,1600,1615,5600
9/23/2025,DWGL,0,0,0,0,0
9/23/2025,DYAN,89,92,88,90,3372700
9/23/2025,EAST,94,95,92,94,5191900
9/23/2025,ECII,198,200,193,198,199400
9/23/2025,EDGE,4210,4300,4170,4260,27900
9/23/2025,EKAD,186,188,185,187,977900
9/23/2025,ELIT,179,182,177,182,6195800
9/23/2025,ELPI,384,384,358,370,1375600
9/23/2025,ELSA,490,494,486,492,16117200
9/23/2025,ELSADRCJ6A,0,0,0,0,0
9/23/2025,ELSAZPCG6A,31,31,31,31,100
9/23/2025,ELTY,26,26,26,26,82996400
9/23/2025,EMAS,3600,3600,3600,3600,29624900
9/23/2025,EMDE,100,102,99,99,2030600
9/23/2025,EMTK,1235,1250,1210,1225,58479100
9/23/2025,EMTKBQCZ5A,0,0,0,0,0
9/23/2025,EMTKDRCK6A,58,58,57,57,100300
9/23/2025,EMTKHDCZ5A,252,252,250,250,1000000
9/23/2025,EMTKYUCV5A,159,159,157,157,200
9/23/2025,EMTKZPCH6A,0,0,0,0,0
9/23/2025,ENAK,695,695,680,690,453200
9/23/2025,ENRG,685,695,655,685,111638200
9/23/2025,ENRGBQCZ5A,0,0,0,0,0
9/23/2025,ENRGDRCJ6A,100,100,97,100,3040600
9/23/2025,ENRGHDCK6A,51,51,49,50,2003400
9/23/2025,ENRGHDCZ5A,284,290,284,290,700
9/23/2025,ENRGZPCG6A,0,0,0,0,0
9/23/2025,ENRGZPCK6A,27,30,27,27,261000
9/23/2025,ENVY,0,0,0,0,0
9/23/2025,ENZO,43,43,43,43,2085500
9/23/2025,EPAC,39,40,39,39,11851500
9/23/2025,EPMT,2300,2310,2300,2310,2200
9/23/2025,ERAA,444,446,440,444,21390100
9/23/2025,ERAABQCZ5A,19,20,19,20,1100
9/23/2025,ERAADRCJ6A,13,13,10,11,30824800
9/23/2025,ERAAHDCZ5A,30,30,30,30,3000
9/23/2025,ERAAZPCH6A,0,0,0,0,0
9/23/2025,ERAL,320,328,316,326,10771700
9/23/2025,ERTX,119,125,119,125,691100
9/23/2025,ESIP,77,82,77,82,17243300
9/23/2025,ESSA,630,640,620,635,38735300
9/23/2025,ESSABQCZ5A,43,45,43,43,552200
9/23/2025,ESSAHDCH6A,54,54,54,54,20500
9/23/2025,ESSAYUCZ5A,38,38,38,38,100
9/23/2025,ESSAZPCK6A,19,20,18,18,741100
9/23/2025,ESTA,74,77,72,75,17862900
9/23/2025,ESTI,92,92,92,92,11920600
9/23/2025,ETWA,0,0,0,0,0
9/23/2025,EURO,284,300,278,296,60600
9/23/2025,EXCL,2730,2730,2640,2700,3916800
9/23/2025,EXCLHDCJ6A,35,36,35,36,41400
9/23/2025,EXCLZPCF6A,68,68,68,68,37900
9/23/2025,FAPA,6000,6050,6000,6050,16300
9/23/2025,FAST,328,376,328,352,55970200
9/23/2025,FASW,0,0,0,0,0
9/23/2025,FILM,0,0,0,0,0
9/23/2025,FIMP,0,0,0,0,0
9/23/2025,FIRE,96,102,95,100,49004000
9/23/2025,FISH,2510,2510,2510,2510,4600
9/23/2025,FITT,0,0,0,0,0
9/23/2025,FLMC,262,304,262,262,14169200
9/23/2025,FMII,366,380,362,366,47900
9/23/2025,FOLK,103,134,100,115,110089000
9/23/2025,FOOD,0,0,0,0,0
9/23/2025,FORE,525,540,520,525,6602100
9/23/2025,FORU,1265,1300,1190,1255,775600
9/23/2025,FPNI,191,195,191,194,707800
9/23/2025,FUJI,740,800,725,780,5837000
9/23/2025,FUTR,420,424,402,410,118182100
9/23/2025,FWCT,162,166,162,163,2670500
9/23/2025,GAMA,0,0,0,0,0
9/23/2025,GDST,106,109,105,107,2230000
9/23/2025,GDYR,1150,1200,1150,1195,9900
9/23/2025,GEMA,119,119,115,117,5827300
9/23/2025,GEMS,8975,9025,8975,9000,98300
9/23/2025,GGRM,13900,15675,13675,14825,24885400
9/23/2025,GGRMZPCG6A,990,1400,151,159,30382400
9/23/2025,GGRP,240,242,210,240,1171700
9/23/2025,GHON,1695,1695,1655,1690,9600
9/23/2025,GIAA,90,90,90,90,249289300
9/23/2025,GJTL,1030,1070,1015,1035,14017700
9/23/2025,GJTLZPCJ6A,23,25,22,24,1664800
9/23/2025,GLOB,97,97,97,97,294200
9/23/2025,GLVA,332,336,328,334,12200
9/23/2025,GMFI,84,84,84,84,25477100
9/23/2025,GMTD,2180,2180,2110,2110,1600
9/23/2025,GOLD,268,270,256,262,366700
9/23/2025,GOLF,212,214,210,212,1325000
9/23/2025,GOLL,0,0,0,0,0
9/23/2025,GOOD,372,376,372,372,155600
9/23/2025,GOTO,54,55,53,54,4157100100
9/23/2025,GOTOBQCJ6A,9,9,8,8,8839100
9/23/2025,GOTOBQCZ5A,7,7,6,7,35310200
9/23/2025,GOTODRCG6A,8,8,7,8,42230200
9/23/2025,GOTOM,0,0,0,0,0
9/23/2025,GOTOZPCH6A,21,21,21,21,31900
9/23/2025,GOTOZPCK6A,12,12,10,11,1202200
9/23/2025,GPRA,148,150,143,143,72230500
9/23/2025,GPSO,645,755,620,755,33941300
9/23/2025,GRIA,126,130,122,127,11175800
9/23/2025,GRPH,71,73,68,73,19991000
9/23/2025,GRPM,73,75,69,75,21879300
9/23/2025,GRPM-W,25,34,21,34,114615700
9/23/2025,GSMF,92,94,89,91,3809700
9/23/2025,GTBO,204,220,198,214,2568900
9/23/2025,GTRA,224,230,204,224,20695900
9/23/2025,GTSI,88,89,84,86,46578900
9/23/2025,GULA,342,356,324,342,2352400
9/23/2025,GUNA,234,234,228,234,771500
9/23/2025,GWSA,154,158,154,157,160400
9/23/2025,GZCO,214,224,210,218,143666600
9/23/2025,HADE,42,43,42,43,4353900
9/23/2025,HAIS,190,194,189,193,4651800
9/23/2025,HAJJ,126,138,126,138,50003600
9/23/2025,HAJJ-W,19,28,19,28,109294200
9/23/2025,HALO,100,103,98,100,16119500
9/23/2025,HALO-W,17,22,16,21,68649800
9/23/2025,HATM,244,248,242,248,22394300
9/23/2025,HBAT,238,260,230,260,3565800
9/23/2025,HDFA,165,166,154,157,917100
9/23/2025,HDIT,84,84,84,84,17375300
9/23/2025,HEAL,1670,1670,1645,1655,6418100
9/23/2025,HEALBQCZ5A,0,0,0,0,0
9/23/2025,HEALDRCJ6A,0,0,0,0,0
9/23/2025,HEALHDCH6A,0,0,0,0,0
9/23/2025,HEALYUCZ5A,65,65,65,65,100
9/23/2025,HEALZPCH6A,0,0,0,0,0
9/23/2025,HELI,250,292,244,246,2765400
9/23/2025,HERO,398,398,392,396,17300
9/23/2025,HEXA,5400,5425,5275,5350,2039100
9/23/2025,HGII,156,157,152,156,13666800
9/23/2025,HILL,206,208,202,206,95013100
9/23/2025,HITS,0,0,0,0,0
9/23/2025,HKMU,0,0,0,0,0
9/23/2025,HMSP,805,920,795,830,1455466200
9/23/2025,HOKI,94,100,93,94,323857900
9/23/2025,HOME,0,0,0,0,0
9/23/2025,HOMI,266,266,248,254,8008000
9/23/2025,HOPE,138,162,138,150,29103100
9/23/2025,HOTL,0,0,0,0,0
9/23/2025,HRME,49,49,48,48,1803100
9/23/2025,HRTA,905,975,905,945,84692000
9/23/2025,HRUM,1075,1140,1065,1120,63620300
9/23/2025,HRUMHDCK6A,56,65,54,65,419300
9/23/2025,HRUMZPCG6A,60,67,59,65,73900
9/23/2025,HUMI,137,140,134,138,114188500
9/23/2025,HUMI-W,22,24,21,24,52866100
9/23/2025,HYGN,167,170,165,170,2745900
9/23/2025,IATA,82,83,82,83,21613500
9/23/2025,IATA-W,29,29,29,29,16200
9/23/2025,IBFN,58,58,58,58,407000
9/23/2025,IBOS,69,69,69,69,7124200
9/23/2025,IBST,0,0,0,0,0
9/23/2025,ICBP,9700,9700,9600,9700,1955400
9/23/2025,ICBPDRCX6A,0,0,0,0,0
9/23/2025,ICBPHDCJ6A,0,0,0,0,0
9/23/2025,ICBPZPCX5A,0,0,0,0,0
9/23/2025,ICON,50,50,50,50,517400
9/23/2025,IDEA,163,179,163,163,42833300
9/23/2025,IDPR,314,316,300,312,603300
9/23/2025,IFII,238,240,232,236,378000
9/23/2025,IFSH,875,900,865,875,11300
9/23/2025,IGAR,530,530,520,520,34100
9/23/2025,IIKP,0,0,0,0,0
9/23/2025,IKAI,37,39,37,38,40068100
9/23/2025,IKAN,140,141,137,138,15881400
9/23/2025,IKBI,540,550,498,525,253000
9/23/2025,IKPM,200,246,200,232,3330200
9/23/2025,IMAS,1140,1150,1125,1140,192900
9/23/2025,IMJS,242,246,236,244,8624300
9/23/2025,IMPC,1970,1985,1905,1940,31697600
9/23/2025,INAF,0,0,0,0,0
9/23/2025,INAI,159,163,157,157,482800
9/23/2025,INCF,65,67,65,67,17384200
9/23/2025,INCI,615,620,615,620,124400
9/23/2025,INCO,4200,4340,4180,4270,16140400
9/23/2025,INCOBQCF6A,89,90,89,90,22900
9/23/2025,INCOBQCV5A,44,70,43,70,396900
9/23/2025,INCODRCK6A,97,97,97,97,600
9/23/2025,INCODRCX5A,117,127,117,122,154600
9/23/2025,INCODRPV5A,7,13,5,9,92733900
9/23/2025,INCOHDCJ6A,0,0,0,0,0
9/23/2025,INCOYUCZ5A,0,0,0,0,0
9/23/2025,INCOZPCK6A,54,54,54,54,1400
9/23/2025,INCOZPCX5A,181,190,181,189,35800
9/23/2025,INDF,7850,7875,7750,7775,4161400
9/23/2025,INDFBQCV5A,26,34,24,34,30300
9/23/2025,INDFDRCX6A,4180,4180,4180,4180,1000
9/23/2025,INDFHDCJ6A,0,0,0,0,0
9/23/2025,INDO,250,250,244,246,3981100
9/23/2025,INDR,2910,3010,2900,2950,244900
9/23/2025,INDS,312,340,256,264,16660900
9/23/2025,INDX,246,250,210,228,27430700
9/23/2025,INDY,2360,2570,2300,2430,132584900
9/23/2025,INDYHDCJ6A,266,312,266,298,118500
9/23/2025,INDYZPCG6A,135,161,134,146,1409300
9/23/2025,INET,238,246,234,238,185468100
9/23/2025,INET-W,143,150,140,145,7535100
9/23/2025,INKP,7375,7400,7250,7300,4921200
9/23/2025,INKPBQCX5A,45,46,44,44,25000
9/23/2025,INKPDRCF6A,159,159,159,159,277400
9/23/2025,INKPZPCF6A,83,83,83,83,79000
9/23/2025,INKPZPCK6A,32,32,32,32,3200
9/23/2025,INOV,97,102,95,96,1672700
9/23/2025,INPC,169,169,158,161,67939500
9/23/2025,INPP,760,760,750,760,90100
9/23/2025,INPS,212,212,174,174,10574400
9/23/2025,INRU,770,770,755,755,24200
9/23/2025,INTA,44,44,44,44,2213400
9/23/2025,INTD,199,200,197,198,48600
9/23/2025,INTP,7025,7050,6925,7025,383100
9/23/2025,INTPZPCG6A,73,73,73,73,100
9/23/2025,IOTF,95,96,93,94,31875100
9/23/2025,IPAC,145,158,145,158,288000
9/23/2025,IPCC,1100,1100,1090,1095,1165100
9/23/2025,IPCM,304,306,302,304,944200
9/23/2025,IPOL,137,139,135,136,258800
9/23/2025,IPPE,0,0,0,0,0
9/23/2025,IPTV,47,49,47,49,38619700
9/23/2025,IRRA,418,426,416,424,1040800
9/23/2025,IRSX,280,310,272,310,56096300
9/23/2025,ISAP,62,63,61,63,55773900
9/23/2025,ISAP-W,23,33,22,33,184035300
9/23/2025,ISAT,1870,1885,1855,1865,9383100
9/23/2025,ISATBQCJ6A,0,0,0,0,0
9/23/2025,ISATBQCU5A,4,9,3,4,273243600
9/23/2025,ISATDRCG6A,40,41,40,41,79000
9/23/2025,ISATDRCX5A,35,37,32,37,9300
9/23/2025,ISATHDCJ6A,17,17,16,16,10700
9/23/2025,ISATZPCF6A,29,29,28,28,60800
9/23/2025,ISEA,96,97,93,94,9443200
9/23/2025,ISSP,406,450,402,440,16550700
9/23/2025,ITIC,400,482,400,482,66075400
9/23/2025,ITMA,1200,1205,1110,1185,1750000
9/23/2025,ITMG,23100,23100,22700,22975,1347400
9/23/2025,ITMGHDCJ6A,156,159,156,157,16500
9/23/2025,ITMGZPCJ6A,68,68,68,68,15000
9/23/2025,JARR,3380,3400,3130,3400,10682800
9/23/2025,JAST,103,103,98,100,4453700
9/23/2025,JATI,131,132,126,130,6178700
9/23/2025,JAWA,150,167,147,149,33641200
9/23/2025,JAYA,109,114,106,107,7558200
9/23/2025,JECC,1085,1095,1060,1095,96000
9/23/2025,JGLE,24,24,24,24,9877200
9/23/2025,JIHD,680,690,670,680,1214900
9/23/2025,JKON,89,90,87,88,15404600
9/23/2025,JMAS,148,150,139,145,474400
9/23/2025,JPFA,1960,1990,1925,1960,30237800
9/23/2025,JPFABQCZ5A,114,114,109,111,347400
9/23/2025,JPFADRCJ6A,69,69,69,69,7000
9/23/2025,JPFAHDCZ5A,0,0,0,0,0
9/23/2025,JPFAZPCG6A,118,119,116,119,50100
9/23/2025,JRPT,800,810,795,810,626300
9/23/2025,JSKY,0,0,0,0,0
9/23/2025,JSMR,3500,3550,3470,3540,2972800
9/23/2025,JSMRDRCK6A,0,0,0,0,0
9/23/2025,JSMRHDCH6A,0,0,0,0,0
9/23/2025,JSMRZPCG6A,0,0,0,0,0
9/23/2025,JSPT,3810,3850,3800,3830,17300
9/23/2025,JTPE,332,332,330,332,183300
9/23/2025,KAEF,505,510,500,510,789000
9/23/2025,KAQI,69,69,66,68,14952300
9/23/2025,KARW,605,615,605,615,193700
9/23/2025,KAYU,0,0,0,0,0
9/23/2025,KBAG,55,55,53,55,35130600
9/23/2025,KBLI,366,366,360,366,175700
9/23/2025,KBLM,376,410,374,384,586500
9/23/2025,KBLV,0,0,0,0,0
9/23/2025,KBRI,0,0,0,0,0
9/23/2025,KDSI,440,452,440,452,20000
9/23/2025,KDTN,122,123,119,121,287400
9/23/2025,KEEN,965,985,920,975,13553400
9/23/2025,KEJU,610,620,605,605,801600
9/23/2025,KETR,472,540,472,498,19209300
9/23/2025,KIAS,0,0,0,0,0
9/23/2025,KICI,152,152,143,148,654900
9/23/2025,KIJA,192,194,190,194,135510400
9/23/2025,KING,208,216,202,212,2260600
9/23/2025,KING-W,16,21,15,19,77919300
9/23/2025,KINO,1150,1200,1150,1185,34300
9/23/2025,KIOS,87,88,85,86,12200700
9/23/2025,KJEN,0,0,0,0,0
9/23/2025,KKES,43,43,42,42,8020900
9/23/2025,KKGI,324,334,322,334,5551700
9/23/2025,KLAS,141,147,140,146,19439300
9/23/2025,KLBF,1180,1190,1175,1190,45133400
9/23/2025,KLBFBQCJ6A,46,46,46,46,8100
9/23/2025,KLBFBQCV5A,9,11,7,11,8889200
9/23/2025,KLBFDRCG6A,20,20,16,18,242300
9/23/2025,KLBFZPCF6A,18,18,18,18,100
9/23/2025,KLBFZPCJ6A,23,23,22,23,53300
9/23/2025,KLIN,196,197,185,186,2678500
9/23/2025,KMDS,640,645,630,630,89100
9/23/2025,KMTR,296,302,286,298,416000
9/23/2025,KOBX,145,145,141,144,475900
9/23/2025,KOCI,92,95,88,91,34190700
9/23/2025,KOCI-W,18,24,18,22,38636700
9/23/2025,KOIN,79,79,78,78,45800
9/23/2025,KOKA,0,0,0,0,0
9/23/2025,KONI,1735,1735,1550,1695,4600
9/23/2025,KOPI,348,348,342,346,451700
9/23/2025,KOTA,46,46,44,44,19867800
9/23/2025,KPIG,191,191,185,187,70558400
9/23/2025,KRAS,308,314,304,312,14936300
9/23/2025,KREN,33,33,27,27,343409000
9/23/2025,KRYA,212,216,204,216,18303900
9/23/2025,KSIX,254,258,242,256,2013000
9/23/2025,KUAS,73,74,72,72,6356800
9/23/2025,LABA,0,0,0,0,0
9/23/2025,LABS,144,145,141,143,1431000
9/23/2025,LAJU,74,74,71,72,23241200
9/23/2025,LAND,52,52,52,52,9264400
9/23/2025,LAPD,240,240,240,240,19382800
9/23/2025,LCGP,0,0,0,0,0
9/23/2025,LCKM,234,276,230,256,2689100
9/23/2025,LEAD,88,89,83,86,76741500
9/23/2025,LFLO,320,332,306,332,169800
9/23/2025,LIFE,12500,12525,10625,12025,36900
9/23/2025,LINK,2710,2830,2710,2830,44600
9/23/2025,LION,830,830,760,760,312900
9/23/2025,LIVE,330,348,314,326,106342000
9/23/2025,LMAS,0,0,0,0,0
9/23/2025,LMAX,126,129,125,129,2456900
9/23/2025,LMPI,146,146,142,144,205300
9/23/2025,LMSH,0,0,0,0,0
9/23/2025,LOPI,0,0,0,0,0
9/23/2025,LPCK,630,645,620,640,1074400
9/23/2025,LPGI,446,452,424,444,168700
9/23/2025,LPIN,482,492,466,478,1911000
9/23/2025,LPKR,97,99,95,96,157715800
9/23/2025,LPLI,640,640,640,640,1982000
9/23/2025,LPPF,1630,1630,1610,1620,764800
9/23/2025,LPPS,91,94,89,92,23737500
9/23/2025,LRNA,185,200,180,184,971000
9/23/2025,LSIP,1335,1340,1315,1335,4488900
9/23/2025,LSIPDRCK6A,0,0,0,0,0
9/23/2025,LSIPHDCJ6A,0,0,0,0,0
9/23/2025,LSIPYUCZ5A,0,0,0,0,0
9/23/2025,LSIPZPCG6A,63,63,63,63,100
9/23/2025,LTLS,845,845,840,845,49400
9/23/2025,LUCK,107,109,104,106,5878400
9/23/2025,LUCY,91,95,89,89,3808000
9/23/2025,MABA,0,0,0,0,0
9/23/2025,MAGP,0,0,0,0,0
9/23/2025,MAHA,150,160,147,156,23792800
9/23/2025,MAIN,735,735,720,725,1906700
9/23/2025,MANG,73,73,73,73,8532000
9/23/2025,MANG-W,35,51,34,51,147132300
9/23/2025,MAPA,555,565,540,555,27101600
9/23/2025,MAPABQCZ5A,11,12,11,11,209500
9/23/2025,MAPADRCJ6A,10,12,10,12,571200
9/23/2025,MAPAHDCZ5A,21,22,21,22,466800
9/23/2025,MAPAZPCH6A,25,26,25,26,2100
9/23/2025,MAPB,1620,1680,1620,1675,7400
9/23/2025,MAPI,1175,1185,1165,1165,14343000
9/23/2025,MAPIBQCV5A,8,13,7,10,43965800
9/23/2025,MAPIDRCX5A,15,16,14,15,2193800
9/23/2025,MAPIHDCK6A,70,70,68,68,22500
9/23/2025,MAPIZPCJ6A,0,0,0,0,0
9/23/2025,MARI,48,48,44,44,22594000
9/23/2025,MARK,650,665,640,655,3372900
9/23/2025,MASA,0,0,0,0,0
9/23/2025,MASB,3400,3400,3250,3250,2000
9/23/2025,MAXI,60,61,59,59,31431000
9/23/2025,MAYA,300,306,296,298,11569100
9/23/2025,MBAP,1655,1655,1630,1645,87300
9/23/2025,MBMA,515,520,490,496,292713300
9/23/2025,MBMABQCX5A,29,29,24,25,4449800
9/23/2025,MBMADRCX5A,47,47,40,40,806800
9/23/2025,MBMADRPX5A,11,13,11,12,381700
9/23/2025,MBMAHDCH6A,81,81,81,81,2400
9/23/2025,MBMAYUCK6A,106,106,103,103,167800
9/23/2025,MBMAZPCK6A,27,27,25,25,35600
9/23/2025,MBMAZPCX5A,82,82,79,79,21000
9/23/2025,MBSS,1635,1650,1540,1580,3048800
9/23/2025,MBTO,148,150,138,143,14135200
9/23/2025,MCAS,810,810,775,790,420500
9/23/2025,MCOL,3910,3910,3810,3880,31500
9/23/2025,MCOR,75,76,74,75,9792100
9/23/2025,MDIA,51,51,51,51,23208300
9/23/2025,MDIY,1075,1075,1060,1065,4456000
9/23/2025,MDKA,2560,2580,2430,2450,222006400
9/23/2025,MDKABQCV5A,121,123,105,105,1303500
9/23/2025,MDKABQCX5B,41,41,34,34,609000
9/23/2025,MDKADRCK6A,85,87,75,76,352600
9/23/2025,MDKADRCV5A,100,100,90,90,2104100
9/23/2025,MDKADRPX5A,24,24,22,22,4300
9/23/2025,MDKAHDCU5A,140,149,134,134,172600
9/23/2025,MDKAHDCZ5A,143,143,131,133,73400
9/23/2025,MDKAYUCK6A,164,164,155,155,1121000
9/23/2025,MDKAZPCF6A,80,80,73,73,53100
9/23/2025,MDKI,200,202,196,198,3223800
9/23/2025,MDLA,236,238,234,238,8479800
9/23/2025,MDLN,70,71,69,70,33618700
9/23/2025,MDRN,55,55,55,55,31251000
9/23/2025,MEDC,1315,1320,1290,1310,23663300
9/23/2025,MEDCBQCV5A,46,48,46,48,300000
9/23/2025,MEDCBQCX5B,28,28,28,28,600
9/23/2025,MEDCBQCZ5A,31,31,31,31,3800
9/23/2025,MEDCDRCG6A,37,37,36,37,1024000
9/23/2025,MEDCDRPV5A,13,14,13,13,7300
9/23/2025,MEDCHDCH6A,95,95,95,95,1100
9/23/2025,MEDCZPCF6A,35,35,35,35,1800
9/23/2025,MEDS,68,68,66,67,19030600
9/23/2025,MEGA,3280,3340,3240,3270,11500
9/23/2025,MEJA,123,123,123,123,3560100
9/23/2025,MEJA-W,105,122,96,122,154277000
9/23/2025,MENN,69,72,64,65,109794000
9/23/2025,MERI,236,238,226,236,4935800
9/23/2025,MERK,2800,2840,2800,2840,16000
9/23/2025,META,0,0,0,0,0
9/23/2025,MFIN,860,900,840,865,616400
9/23/2025,MFMI,0,0,0,0,0
9/23/2025,MGLV,905,905,815,815,1302300
9/23/2025,MGNA,50,51,47,51,726700
9/23/2025,MGNA-W,48,48,46,46,18600
9/23/2025,MGRO,740,750,740,750,5850700
9/23/2025,MHKI,194,195,186,190,20380200
9/23/2025,MICE,488,494,488,494,58300
9/23/2025,MIDI,446,454,446,452,3133400
9/23/2025,MIKA,2490,2490,2440,2480,3252000
9/23/2025,MIKAZPCG6A,0,0,0,0,0
9/23/2025,MINA,180,184,173,177,480423300
9/23/2025,MINE,555,560,535,555,5070900
9/23/2025,MIRA,68,68,64,64,9637600
9/23/2025,MITI,318,336,318,334,10705800
9/23/2025,MKAP,360,360,342,360,1301900
9/23/2025,MKNT,0,0,0,0,0
9/23/2025,MKPI,23525,25375,23525,25375,8800
9/23/2025,MKTR,133,134,128,132,1909600
9/23/2025,MKTR-W,14,17,14,16,35754900
9/23/2025,MLBI,5875,6000,5875,5950,154400
9/23/2025,MLIA,350,352,348,350,2872100
9/23/2025,MLPL,160,164,158,162,189806900
9/23/2025,MLPT,0,0,0,0,0
9/23/2025,MMIX,408,408,382,382,10823300
9/23/2025,MMLP,530,540,530,540,4828200
9/23/2025,MNCN,264,268,260,268,36551600
9/23/2025,MOLI,242,246,228,230,2851900
9/23/2025,MORA,424,456,420,440,682200
9/23/2025,MPIX,72,76,70,74,46049600
9/23/2025,MPIX-W,15,22,14,21,46485700
9/23/2025,MPMX,940,945,935,940,2866000
9/23/2025,MPOW,118,120,115,117,1161400
9/23/2025,MPPA,70,72,69,71,42720900
9/23/2025,MPRO,0,0,0,0,0
9/23/2025,MPXL,206,208,190,195,43321200
9/23/2025,MRAT,220,226,212,224,2226700
9/23/2025,MREI,970,1005,920,955,589200
9/23/2025,MSIE,104,104,103,104,2378900
9/23/2025,MSIN,565,565,545,560,23132200
9/23/2025,MSJA,304,304,298,304,3276000
9/23/2025,MSKY,94,97,93,95,14059000
9/23/2025,MSTI,1505,1535,1505,1525,739200
9/23/2025,MTDL,640,645,620,630,4514000
9/23/2025,MTEL,595,600,585,585,3163600
9/23/2025,MTELDRCK6A,0,0,0,0,0
9/23/2025,MTFN,20,20,20,20,4651400
9/23/2025,MTLA,460,462,452,460,110700
9/23/2025,MTMH,1185,1195,1165,1185,112500
9/23/2025,MTPS,52,53,51,53,3686600
9/23/2025,MTRA,0,0,0,0,0
9/23/2025,MTSM,0,0,0,0,0
9/23/2025,MTWI,348,358,344,348,143000
9/23/2025,MUTU,103,103,98,102,5127000
9/23/2025,MYOH,1700,1700,1690,1700,15100
9/23/2025,MYOR,2080,2110,2030,2060,8137900
9/23/2025,MYORDRCK6A,60,60,59,59,2180500
9/23/2025,MYORZPCH6A,0,0,0,0,0
9/23/2025,MYTX,0,0,0,0,0
9/23/2025,NAIK,134,141,132,138,36586800
9/23/2025,NAIK-W,23,27,23,27,50287000
9/23/2025,NANO,73,75,69,71,66975900
9/23/2025,NASA,72,72,72,72,7623800
9/23/2025,NASI,137,148,133,137,78011200
9/23/2025,NATO,143,144,142,143,134700
9/23/2025,NAYZ,0,0,0,0,0
9/23/2025,NCKL,1075,1115,1065,1110,71255000
9/23/2025,NCKLDRCK6A,46,48,45,48,19300
9/23/2025,NCKLYUCZ5A,98,98,97,98,10000
9/23/2025,NCKLZPCJ6A,66,70,65,68,147000
9/23/2025,NELY,352,354,344,350,1393200
9/23/2025,NEST,268,270,260,268,4599700
9/23/2025,NETV,129,130,126,128,1744100
9/23/2025,NFCX,1610,1740,1580,1685,153200
9/23/2025,NICE,466,470,442,462,7409300
9/23/2025,NICK,1380,1380,1275,1300,187500
9/23/2025,NICL,1060,1070,1035,1055,2609700
9/23/2025,NIKL,222,226,220,224,2840900
9/23/2025,NINE,0,0,0,0,0
9/23/2025,NIRO,122,125,122,125,39800
9/23/2025,NISP,1350,1360,1345,1355,3158100
9/23/2025,NOBU,535,535,525,525,2049900
9/23/2025,NPGF,60,62,59,61,23376700
9/23/2025,NRCA,900,1010,850,930,39564500
9/23/2025,NSSS,478,492,468,490,16945600
9/23/2025,NTBK,61,62,59,60,16902200
9/23/2025,NUSA,0,0,0,0,0
9/23/2025,NZIA,122,132,113,115,77554800
9/23/2025,OASA,242,250,236,248,260172000
9/23/2025,OBAT,456,466,444,456,1596400
9/23/2025,OBAT-W,100,105,95,100,2329300
9/23/2025,OBMD,254,262,244,258,2518500
9/23/2025,OCAP,0,0,0,0,0
9/23/2025,OILS,137,138,134,135,1676500
9/23/2025,OKAS,204,214,196,200,97492500
9/23/2025,OLIV,0,0,0,0,0
9/23/2025,OMED,192,200,190,199,6747700
9/23/2025,OMRE,0,0,0,0,0
9/23/2025,OPMS,123,128,118,121,18264300
9/23/2025,PACK,2020,2060,1935,1955,5339600
9/23/2025,PADA,75,75,75,75,41656000
9/23/2025,PADI,80,84,80,83,36166800
9/23/2025,PALM,440,458,410,412,9418900
9/23/2025,PAMG,76,77,74,75,11327300
9/23/2025,PANI,13350,13400,13125,13250,7935200
9/23/2025,PANIBQCZ5A,39,39,36,37,771200
9/23/2025,PANIHDCJ6A,100,100,98,98,20000
9/23/2025,PANIHDCZ5A,145,145,143,143,259000
9/23/2025,PANIZPCJ6A,66,66,63,64,962600
9/23/2025,PANR,730,750,710,750,8543600
9/23/2025,PANS,1380,1390,1375,1390,133200
9/23/2025,PART,110,110,108,109,68184500
9/23/2025,PART-W,22,27,22,23,28657200
9/23/2025,PBID,494,494,488,492,1403800
9/23/2025,PBRX,43,49,43,47,64141700
9/23/2025,PBSA,1020,1020,1020,1020,9866300
9/23/2025,PCAR,49,49,49,49,8370400
9/23/2025,PDES,460,460,460,460,1200
9/23/2025,PDPP,494,500,480,492,91100
9/23/2025,PEGE,114,115,111,114,2153300
9/23/2025,PEHA,326,334,326,330,23300
9/23/2025,PEVE,428,450,428,450,455300
9/23/2025,PGAS,1725,1740,1715,1725,28295400
9/23/2025,PGASBQCU5A,63,66,63,64,7300
9/23/2025,PGASBQCZ5A,0,0,0,0,0
9/23/2025,PGASDRCG6A,0,0,0,0,0
9/23/2025,PGASHDCK6A,74,74,74,74,5000
9/23/2025,PGASZPCJ6A,0,0,0,0,0
9/23/2025,PGEO,1320,1415,1310,1410,130337900
9/23/2025,PGEOBQCX5B,15,33,13,32,14964800
9/23/2025,PGEODRCJ6A,32,39,32,39,1843000
9/23/2025,PGEODRPV5A,19,19,14,15,105300
9/23/2025,PGEOHDCH6A,41,50,41,50,1700
9/23/2025,PGEOHDCH6B,50,60,50,60,4021800
9/23/2025,PGEOYUCK6A,83,91,80,89,55200
9/23/2025,PGEOZPCJ6A,42,42,41,41,38000
9/23/2025,PGJO,1315,1315,1190,1190,618200
9/23/2025,PGLI,232,234,204,216,1114200
9/23/2025,PGUN,8900,8900,8900,8900,12400
9/23/2025,PICO,278,278,260,276,9865600
9/23/2025,PIPA,258,258,258,258,25045300
9/23/2025,PJAA,515,595,510,550,2899500
9/23/2025,PKPK,550,570,545,550,178700
9/23/2025,PLAN,74,75,73,75,21792200
9/23/2025,PLAS,0,0,0,0,0
9/23/2025,PLIN,0,0,0,0,0
9/23/2025,PMJS,118,122,117,120,293100
9/23/2025,PMMP,0,0,0,0,0
9/23/2025,PMUI,138,138,133,138,5029100
9/23/2025,PNBN,1135,1150,1130,1140,4216400
9/23/2025,PNBS,54,55,53,54,16951400
9/23/2025,PNGO,2330,2340,2330,2340,700
9/23/2025,PNIN,820,835,815,820,2679500
9/23/2025,PNLF,250,250,244,248,99058800
9/23/2025,PNLFDRCJ6A,12,12,12,12,268300
9/23/2025,PNLFHDCZ5A,0,0,0,0,0
9/23/2025,PNLFYUCV5A,10,10,8,9,6726300
9/23/2025,PNLFZPCH6A,36,36,36,36,100
9/23/2025,PNSE,800,830,780,800,18600
9/23/2025,POLA,66,66,66,66,5267000
9/23/2025,POLI,780,780,765,765,1700
9/23/2025,POLL,0,0,0,0,0
9/23/2025,POLU,0,0,0,0,0
9/23/2025,POLY,40,40,36,39,7096600
9/23/2025,POOL,0,0,0,0,0
9/23/2025,PORT,965,970,960,960,34000
9/23/2025,POSA,0,0,0,0,0
9/23/2025,POWR,715,720,710,715,3224700
9/23/2025,PPGL,123,134,123,134,2284900
9/23/2025,PPRE,96,97,93,96,12187700
9/23/2025,PPRI,356,360,344,356,16108700
9/23/2025,PPRO,0,0,0,0,0
9/23/2025,PRAY,700,720,665,695,223000
9/23/2025,PRDA,2720,2760,2710,2760,64500
9/23/2025,PRIM,91,94,89,94,25527700
9/23/2025,PSAB,565,580,555,570,208066800
9/23/2025,PSAT,1355,1380,1350,1350,1463800
9/23/2025,PSDN,107,109,104,106,6514400
9/23/2025,PSGO,206,214,206,212,1916100
9/23/2025,PSKT,111,111,110,111,19215800
9/23/2025,PSSI,338,352,338,350,517300
9/23/2025,PTBA,2370,2390,2360,2380,11688500
9/23/2025,PTBABQCV5A,14,17,13,17,62500
9/23/2025,PTBADRCG6A,23,23,23,23,53000
9/23/2025,PTBAYUCZ5A,86,86,84,85,1300
9/23/2025,PTBAZPCH6A,39,40,39,40,1400
9/23/2025,PTDU,0,0,0,0,0
9/23/2025,PTIS,400,414,400,410,102800
9/23/2025,PTMP,94,95,92,94,8728600
9/23/2025,PTMR,0,0,0,0,0
9/23/2025,PTPP,416,418,408,410,11536000
9/23/2025,PTPS,172,175,170,170,10489500
9/23/2025,PTPW,950,955,945,945,19800
9/23/2025,PTRO,5675,6425,5450,6175,130532300
9/23/2025,PTROHDCK6A,254,312,238,284,1427300
9/23/2025,PTROYUCK6A,244,264,244,264,232000
9/23/2025,PTROZPCK6A,131,159,121,159,5688100
9/23/2025,PTSN,432,444,408,422,2285900
9/23/2025,PTSP,925,950,870,920,113100
9/23/2025,PUDP,362,374,360,374,611500
9/23/2025,PURA,47,47,46,46,22287600
9/23/2025,PURE,0,0,0,0,0
9/23/2025,PURI,194,194,189,193,100100
9/23/2025,PWON,390,394,384,390,88343500
9/23/2025,PWONHDCZ5A,0,0,0,0,0
9/23/2025,PWONZPCH6A,40,40,40,40,200
9/23/2025,PYFA,464,480,464,470,27596000
9/23/2025,PYFA-W,99,101,97,100,1544200
9/23/2025,PZZA,290,294,280,290,3969500
9/23/2025,RAAM,344,346,318,320,20764500
9/23/2025,R-ABFII,0,0,0,0,0
9/23/2025,RAFI,0,0,0,0,0
9/23/2025,RAJA,2910,2910,2810,2840,34031800
9/23/2025,RAJAHDCK6A,86,89,85,86,5749900
9/23/2025,RAJAZPCK6A,43,44,43,44,466300
9/23/2025,RALS,392,396,392,394,1081600
9/23/2025,RANC,418,424,400,418,124100
9/23/2025,RATU,6350,6375,6200,6200,5243800
9/23/2025,RBMS,49,49,47,47,1541200
9/23/2025,RCCC,272,272,244,250,2438000
9/23/2025,RDTX,11800,12050,11800,11875,6700
9/23/2025,REAL,100,102,95,96,180268500
9/23/2025,RELF,84,84,75,79,105826500
9/23/2025,RELI,650,690,640,675,119600
9/23/2025,RGAS,109,109,104,106,36875100
9/23/2025,RICY,85,85,73,73,1824500
9/23/2025,RIGS,835,890,830,840,823000
9/23/2025,RIMO,0,0,0,0,0
9/23/2025,RISE,1790,1790,1790,1790,17800
9/23/2025,R-LQ45X,985,987,980,987,5100
9/23/2025,RMKE,1150,1160,1120,1130,4519200
9/23/2025,RMKO,153,156,142,146,3486800
9/23/2025,ROCK,1050,1050,950,950,59200
9/23/2025,RODA,55,55,55,55,919700
9/23/2025,RONY,2930,2930,2930,2930,115000
9/23/2025,ROTI,790,795,785,795,379700
9/23/2025,RSCH,366,374,364,374,16590100
9/23/2025,RSGK,0,0,0,0,0
9/23/2025,RUIS,197,198,194,197,1402500
9/23/2025,RUNS,129,139,128,139,6134000
9/23/2025,SAFE,294,294,230,234,26985000
9/23/2025,SAGE,46,46,46,46,15175100
9/23/2025,SAME,302,312,300,304,2020400
9/23/2025,SAMF,320,322,314,318,513100
9/23/2025,SAPX,326,326,314,320,468400
9/23/2025,SATU,244,246,242,244,4158800
9/23/2025,SBAT,0,0,0,0,0
9/23/2025,SBMA,145,145,140,142,6946100
9/23/2025,SCCO,2290,2310,2290,2300,28000
9/23/2025,SCMA,346,358,334,338,241525700
9/23/2025,SCMABQCZ5A,154,154,154,154,400
9/23/2025,SCMADRCK6A,109,125,109,112,4644500
9/23/2025,SCMAHDCZ5A,336,344,336,336,6800
9/23/2025,SCMAYUCK6A,90,90,76,81,279000
9/23/2025,SCMAZPCG6A,0,0,0,0,0
9/23/2025,SCNP,189,194,183,187,146500
9/23/2025,SCPI,0,0,0,0,0
9/23/2025,SDMU,75,75,70,75,3966800
9/23/2025,SDPC,139,139,134,137,357200
9/23/2025,SDRA,286,286,282,282,589000
9/23/2025,SEMA,105,106,102,102,688800
9/23/2025,SFAN,1920,1930,1920,1925,78200
9/23/2025,SGER,336,336,330,332,71126300
9/23/2025,SGRO,4680,4700,4600,4700,2116400
9/23/2025,SHID,890,915,880,905,21000
9/23/2025,SHIP,4120,4320,4010,4180,172600
9/23/2025,SICO,124,125,122,124,3988600
9/23/2025,SIDO,545,550,540,550,17599500
9/23/2025,SIDODRCK6A,0,0,0,0,0
9/23/2025,SILO,2120,2130,2090,2100,734900
9/23/2025,SIMA,0,0,0,0,0
9/23/2025,SIMP,620,650,610,645,39859600
9/23/2025,SINI,3990,3990,3980,3980,17700
9/23/2025,SIPD,745,745,740,740,4000
9/23/2025,SKBM,595,675,585,675,3920300
9/23/2025,SKLT,194,199,189,194,1553900
9/23/2025,SKRN,434,520,434,462,2594100
9/23/2025,SKYB,0,0,0,0,0
9/23/2025,SLIS,94,95,92,93,36813800
9/23/2025,SLIS-W,18,24,17,20,51403800
9/23/2025,SMAR,5375,5375,5175,5300,239400
9/23/2025,SMBR,286,290,284,288,7111100
9/23/2025,SMCB,0,0,0,0,0
9/23/2025,SMDM,810,825,810,815,167900
9/23/2025,SMDR,324,326,320,324,16871900
9/23/2025,SMGA,105,106,102,103,55625500
9/23/2025,SMGR,2930,2930,2880,2910,5299700
9/23/2025,SMGRBQCU5A,2,8,2,3,20949100
9/23/2025,SMGRBQCX5B,67,69,67,69,60000
9/23/2025,SMGRBQCZ5A,31,31,30,31,18000
9/23/2025,SMGRDRCV5A,0,0,0,0,0
9/23/2025,SMGRHDCZ5A,0,0,0,0,0
9/23/2025,SMGRZPCJ6A,0,0,0,0,0
9/23/2025,SMIL,745,760,710,745,290552400
9/23/2025,SMKL,179,179,171,174,254000
9/23/2025,SMKM,324,324,268,268,185004400
9/23/2025,SMLE,262,280,252,272,19749300
9/23/2025,SMMA,15225,15450,15225,15425,14600
9/23/2025,SMMT,1125,1185,1125,1135,109400
9/23/2025,SMRA,436,448,430,448,49158300
9/23/2025,SMRADRCJ6A,30,31,30,31,200
9/23/2025,SMRAHDCZ5A,129,132,129,130,2000000
9/23/2025,SMRAZPCH6A,55,55,55,55,200
9/23/2025,SMRU,0,0,0,0,0
9/23/2025,SMSM,1895,1895,1870,1880,1026300
9/23/2025,SNLK,458,458,440,458,9900700
9/23/2025,SOCI,206,208,204,204,11751500
9/23/2025,SOFA,113,113,113,113,1756100
9/23/2025,SOHO,755,765,720,755,38000
9/23/2025,SOLA,142,142,135,137,12030400
9/23/2025,SONA,4400,4470,4370,4380,51700
9/23/2025,SOSS,975,975,945,970,189200
9/23/2025,SOTS,496,505,476,478,316000
9/23/2025,SOUL,77,77,74,76,4412800
9/23/2025,SPMA,292,360,284,360,16859800
9/23/2025,SPRE,91,91,86,91,13790900
9/23/2025,SPTO,670,670,650,660,1303100
9/23/2025,SQMI,0,0,0,0,0
9/23/2025,SRAJ,10150,10275,10025,10250,259300
9/23/2025,SRIL,0,0,0,0,0
9/23/2025,SRSN,70,70,68,68,12310100
9/23/2025,SRTG,2000,2020,1910,1930,19930900
9/23/2025,SRTGDRCK6A,104,104,96,96,1244300
9/23/2025,SRTGHDCK6A,111,113,111,113,2000000
9/23/2025,SRTGZPCG6A,110,110,98,98,101500
9/23/2025,SRTGZPCK6A,51,51,47,47,800
9/23/2025,SSIA,1750,1940,1735,1865,165117100
9/23/2025,SSMS,1510,1600,1475,1600,11207700
9/23/2025,SSTM,290,294,244,278,384200
9/23/2025,STAA,1080,1080,1050,1060,11804600
9/23/2025,STAR,104,104,104,104,497000
9/23/2025,STRK,230,248,230,248,23180400
9/23/2025,STTP,10075,10225,10075,10075,3400
9/23/2025,SUGI,0,0,0,0,0
9/23/2025,SULI,98,106,97,104,5304400
9/23/2025,SUNI,840,855,830,845,228100
9/23/2025,SUPR,0,0,0,0,0
9/23/2025,SURE,3350,3400,2950,3040,217400
9/23/2025,SURI,124,126,121,123,33964800
9/23/2025,SWAT,0,0,0,0,0
9/23/2025,SWID,92,97,92,97,1750900
9/23/2025,TALF,680,680,580,605,1270600
9/23/2025,TAMA,46,46,46,46,2172200
9/23/2025,TAMU,43,43,39,40,50869600
9/23/2025,TAPG,1560,1565,1525,1545,15395400
9/23/2025,TAPGDRCJ6A,0,0,0,0,0
9/23/2025,TAPGHDCH6A,0,0,0,0,0
9/23/2025,TAPGZPCH6A,0,0,0,0,0
9/23/2025,TARA,48,50,44,50,70306300
9/23/2025,TAXI,30,30,30,30,26192600
9/23/2025,TAYS,78,79,76,78,8179000
9/23/2025,TBIG,1795,1795,1765,1785,797700
9/23/2025,TBLA,720,725,710,725,2307600
9/23/2025,TBMS,1015,1025,1010,1020,45000
9/23/2025,TCID,3280,3490,3140,3210,486800
9/23/2025,TCPI,5675,5675,5575,5650,8415300
9/23/2025,TDPM,0,0,0,0,0
9/23/2025,TEBE,2480,2820,2450,2820,48959400
9/23/2025,TECH,0,0,0,0,0
9/23/2025,TELE,0,0,0,0,0
9/23/2025,TFAS,165,172,160,170,2652800
9/23/2025,TFCO,0,0,0,0,0
9/23/2025,TGKA,5625,5650,5600,5650,2000
9/23/2025,TGRA,0,0,0,0,0
9/23/2025,TGUK,0,0,0,0,0
9/23/2025,TIFA,416,416,400,410,15200
9/23/2025,TINS,1165,1225,1155,1195,92635500
9/23/2025,TIRA,1470,1500,1445,1480,60500
9/23/2025,TIRT,0,0,0,0,0
9/23/2025,TKIM,6950,7000,6825,6925,1096500
9/23/2025,TKIMHDCJ6A,64,64,64,64,100
9/23/2025,TKIMZPCG6A,92,94,88,90,1204200
9/23/2025,TKIMZPCK6A,28,28,28,28,15000
9/23/2025,TLDN,695,700,680,695,1497600
9/23/2025,TLKM,3240,3260,3130,3190,40100300
9/23/2025,TLKMBQCG6A,0,0,0,0,0
9/23/2025,TLKMBQCV5A,0,0,0,0,0
9/23/2025,TLKMDRCJ6A,78,78,77,77,120900
9/23/2025,TLKMDRCX6A,0,0,0,0,0
9/23/2025,TLKMHDCJ6A,59,59,56,56,53300
9/23/2025,TLKMHDCV5A,290,290,286,286,300
9/23/2025,TLKMYUCK6A,122,122,114,116,423700
9/23/2025,TLKMZPCF6A,0,0,0,0,0
9/23/2025,TMAS,135,136,134,135,1503900
9/23/2025,TMPO,170,172,168,168,3467100
9/23/2025,TNCA,175,176,165,171,842100
9/23/2025,TOBA,1270,1315,1260,1265,112125700
9/23/2025,TOOL,69,72,68,68,14734600
9/23/2025,TOPS,0,0,0,0,0
9/23/2025,TOSK,68,68,65,66,28504700
9/23/2025,TOTL,780,790,765,780,1315100
9/23/2025,TOTO,260,260,256,260,753100
9/23/2025,TOWR,615,620,600,615,24083800
9/23/2025,TOWRHDCK6A,39,39,39,39,600
9/23/2025,TOYS,0,0,0,0,0
9/23/2025,TPIA,7925,7950,7800,7900,7707300
9/23/2025,TPMA,585,595,580,590,3111100
9/23/2025,TRAM,0,0,0,0,0
9/23/2025,TRGU,178,180,175,180,574900
9/23/2025,TRIL,0,0,0,0,0
9/23/2025,TRIM,400,426,390,412,8456800
9/23/2025,TRIN,112,120,110,111,22525900
9/23/2025,TRIN-W2,0,0,0,0,0
9/23/2025,TRIO,0,0,0,0,0
9/23/2025,TRIS,187,187,182,186,129600
9/23/2025,TRJA,155,163,155,157,2118500
9/23/2025,TRON,90,91,89,90,4418000
9/23/2025,TRST,476,488,476,488,20500
9/23/2025,TRUE,49,53,49,53,14314800
9/23/2025,TRUK,0,0,0,0,0
9/23/2025,TRUS,500,500,454,480,130100
9/23/2025,TSPC,2330,2380,2320,2380,841000
9/23/2025,TUGU,1050,1060,1015,1025,7902800
9/23/2025,TYRE,126,139,125,127,942800
9/23/2025,UANG,2260,2260,2260,2260,398000
9/23/2025,UCID,458,472,454,470,4545800
9/23/2025,UDNG,2220,2430,2220,2240,2143500
9/23/2025,UFOE,199,199,181,183,646700
9/23/2025,ULTJ,1305,1315,1300,1305,1533500
9/23/2025,UNIC,8150,8150,8025,8075,3600
9/23/2025,UNIQ,366,378,356,374,31982400
9/23/2025,UNIT,0,0,0,0,0
9/23/2025,UNSP,174,175,174,175,1178600
9/23/2025,UNTD,82,84,81,84,13261800
9/23/2025,UNTR,26850,27250,26675,27200,3277000
9/23/2025,UNTRBQCV5A,0,0,0,0,0
9/23/2025,UNTRDRCG6A,164,164,164,164,100
9/23/2025,UNTRZPCJ6A,0,0,0,0,0
9/23/2025,UNVR,1725,1780,1700,1775,29171000
9/23/2025,UNVRBQCU5A,3,4,1,1,66231700
9/23/2025,UNVRBQCZ5A,69,76,69,74,3540000
9/23/2025,UNVRDRCG6A,42,44,42,44,181500
9/23/2025,UNVRHDPG6A,0,0,0,0,0
9/23/2025,UNVRZPCH6A,0,0,0,0,0
9/23/2025,URBN,139,144,136,142,30700
9/23/2025,UVCR,72,73,72,72,2410800
9/23/2025,VAST,193,208,193,204,17039500
9/23/2025,VAST-W,14,20,14,18,31947900
9/23/2025,VERN,139,140,136,139,5894800
9/23/2025,VERN-W,6,6,5,6,61552800
9/23/2025,VICI,620,625,615,625,731100
9/23/2025,VICO,199,200,191,193,1073800
9/23/2025,VINS,134,147,134,141,709200
9/23/2025,VISI,158,171,157,168,13740000
9/23/2025,VIVA,44,44,44,44,29047400
9/23/2025,VKTR,179,196,176,194,197486800
9/23/2025,VOKS,334,338,326,326,743800
9/23/2025,VRNA,93,93,90,91,952600
9/23/2025,VTNY,101,102,99,100,15031000
9/23/2025,WAPO,165,169,161,166,1260400
9/23/2025,WEGE,73,74,71,73,49524800
9/23/2025,WEHA,117,119,116,118,1744700
9/23/2025,WGSH,204,224,185,224,9950900
9/23/2025,WICO,0,0,0,0,0
9/23/2025,WIDI,63,63,61,63,14057600
9/23/2025,WIFI,2790,2880,2770,2850,116739800
9/23/2025,WIIM,1250,1475,1245,1310,127166400
9/23/2025,WIKA,0,0,0,0,0
9/23/2025,WINE,224,228,220,224,4769600
9/23/2025,WINR,56,57,56,57,56562000
9/23/2025,WINS,452,466,438,462,2648300
9/23/2025,WIRG,152,158,150,156,731184000
9/23/2025,WMPP,0,0,0,0,0
9/23/2025,WMUU,36,36,36,36,173024900
9/23/2025,WOMF,336,338,334,336,231600
9/23/2025,WOOD,412,426,402,418,7093500
9/23/2025,WOWS,91,92,88,90,39995100
9/23/2025,WSBP,31,32,31,32,113082700
9/23/2025,WSKT,0,0,0,0,0
9/23/2025,WTON,104,105,103,104,14940600
9/23/2025,XAQA,0,0,0,0,0
9/23/2025,XBES,0,0,0,0,0
9/23/2025,XBID,518,521,518,521,40100
9/23/2025,XBIG,0,0,0,0,0
9/23/2025,XBIN,592,592,592,592,40000
9/23/2025,XBLQ,487,487,487,487,100
9/23/2025,XBNI,0,0,0,0,0
9/23/2025,XBSK,453,453,453,453,40000
9/23/2025,XCEG,106,106,106,106,94900
9/23/2025,XCID,69,69,67,69,37800
9/23/2025,XCIS,78,91,78,91,22000
9/23/2025,XCLQ,123,123,90,90,96600
9/23/2025,XDIF,0,0,0,0,0
9/23/2025,XIFE,0,0,0,0,0
9/23/2025,XIHD,600,636,600,633,3400
9/23/2025,XIIC,855,855,855,855,1200
9/23/2025,XIID,0,0,0,0,0
9/23/2025,XIIF,455,462,455,462,3100
9/23/2025,XIIT,520,531,520,521,9300
9/23/2025,XIJI,640,647,640,647,20400
9/23/2025,XILV,140,140,118,120,120600
9/23/2025,XIML,256,280,222,249,310600
9/23/2025,XIPB,220,220,170,193,2400
9/23/2025,XIPI,220,223,220,223,700
9/23/2025,XISB,0,0,0,0,0
9/23/2025,XISC,0,0,0,0,0
9/23/2025,XISI,0,0,0,0,0
9/23/2025,XISR,444,444,444,444,4900
9/23/2025,XKID,0,0,0,0,0
9/23/2025,XKIV,597,597,596,596,40100
9/23/2025,XKMS,1139,1151,1138,1151,200200
9/23/2025,XMGB,1134,1134,1134,1134,400
9/23/2025,XMIG,222,222,222,222,100
9/23/2025,XMLF,890,890,890,890,40000
9/23/2025,XMSK,386,390,386,390,900
9/23/2025,XNVE,0,0,0,0,0
9/23/2025,XPDV,525,616,525,616,700
9/23/2025,XPFT,0,0,0,0,0
9/23/2025,XPIN,663,663,663,663,100
9/23/2025,XPLQ,454,522,454,517,700
9/23/2025,XPSG,0,0,0,0,0
9/23/2025,XPTD,477,478,406,476,10500
9/23/2025,XSBC,102,102,102,102,28600
9/23/2025,XSPI,0,0,0,0,0
9/23/2025,XSSI,84,84,81,82,95900
9/23/2025,XSSK,706,706,706,706,20000
9/23/2025,YELO,74,74,65,66,16426000
9/23/2025,YOII,99,99,96,98,3161700
9/23/2025,YPAS,354,354,354,354,400
9/23/2025,YULE,2700,2700,2690,2690,24600
9/23/2025,YUPI,1610,1610,1600,1605,48200
9/23/2025,ZATA,55,55,55,55,45893200
9/23/2025,ZBRA,0,0,0,0,0
9/23/2025,ZINC,41,41,41,41,55428900
9/23/2025,ZONE,755,755,750,755,98000
9/23/2025,ZYRX,147,148,143,143,840100
