<date>,<ticker>,<open>,<high>,<low>,<close>,<volume>
10/28/2025,IHSG,8144.430,8151.340,8039.850,8092.629,28940043500
10/28/2025,AADI,8025,8275,7950,8150,27386600
10/28/2025,AADIDRCN6A,92,97,92,96,181200
10/28/2025,AADIHDCK6A,97,104,97,99,2786400
10/28/2025,AADIYUCK6A,314,314,314,314,100
10/28/2025,AALI,7950,8000,7850,7900,1558900
10/28/2025,ABBA,61,61,60,60,1374100
10/28/2025,ABDA,2560,2560,2560,2560,500
10/28/2025,ABMM,2820,2890,2800,2880,1755600
10/28/2025,ACES,454,460,448,450,43436400
10/28/2025,ACESBQCX5B,4,5,4,5,1103300
10/28/2025,ACESBQCZ5A,15,15,15,15,121900
10/28/2025,ACESDRCJ6A,14,15,12,13,7033900
10/28/2025,ACESHDCZ5A,21,21,21,21,300
10/28/2025,ACESZPCJ6A,20,20,20,20,250000
10/28/2025,ACRO,86,88,84,86,8058100
10/28/2025,ACRO-W,8,9,7,8,22209200
10/28/2025,ACST,138,139,135,135,2620100
10/28/2025,ADCP,56,57,55,56,9901100
10/28/2025,ADES,15725,15750,15200,15725,17800
10/28/2025,ADHI,264,278,262,268,69475900
10/28/2025,ADMF,8650,8725,8650,8725,59000
10/28/2025,ADMG,148,152,143,144,1779300
10/28/2025,ADMR,1450,1470,1385,1435,118414900
10/28/2025,ADMRDRCJ6A,74,85,72,72,3393000
10/28/2025,ADMRHDCJ6A,119,122,112,112,909800
10/28/2025,ADMRZPCH6A,103,105,98,98,1288800
10/28/2025,ADRO,1795,1805,1775,1785,74745100
10/28/2025,ADROBQCG6A,63,63,63,63,4186000
10/28/2025,ADROBQCZ5A,8,9,8,9,432900
10/28/2025,ADRODRCJ6A,51,53,48,52,78300
10/28/2025,ADRODRCX5A,40,40,31,33,800
10/28/2025,ADROHDCZ5A,42,43,41,43,10600
10/28/2025,ADROHDPH6A,98,98,97,97,31500
10/28/2025,ADROYUCZ5A,49,49,47,47,2200
10/28/2025,ADROZPCF6A,22,22,22,22,100
10/28/2025,ADROZPCK6A,51,51,51,51,44000
10/28/2025,AEGS,54,59,54,59,99173800
10/28/2025,AGAR,244,244,222,238,148400
10/28/2025,AGII,1310,1500,1255,1445,5211900
10/28/2025,AGRO,232,234,228,228,26583100
10/28/2025,AGRS,69,72,69,70,3478300
10/28/2025,AHAP,91,96,88,90,54939200
10/28/2025,AIMS,466,466,424,432,3402300
10/28/2025,AISA,142,143,140,142,5426700
10/28/2025,AKKU,31,31,31,31,219700
10/28/2025,AKPI,595,595,575,575,2600
10/28/2025,AKRA,1230,1230,1190,1210,27306900
10/28/2025,AKRABQCX5B,18,19,18,18,11400
10/28/2025,AKRADRCX5A,25,25,23,23,4100
10/28/2025,AKRAHDCH6A,55,55,52,52,100100
10/28/2025,AKRAZPCJ6A,0,0,0,0,0
10/28/2025,AKRAZPCM6A,36,37,36,36,1760300
10/28/2025,AKRAZPCX5A,49,49,49,49,4200
10/28/2025,AKSI,414,418,402,404,774700
10/28/2025,ALDO,500,505,490,500,44800
10/28/2025,ALII,540,560,540,555,947300
10/28/2025,ALKA,350,396,346,368,494400
10/28/2025,ALMI,0,0,0,0,0
10/28/2025,ALTO,0,0,0,0,0
10/28/2025,AMAG,380,382,368,378,1023100
10/28/2025,AMAN,147,155,145,153,2508900
10/28/2025,AMAR,226,228,220,224,787700
10/28/2025,AMFG,3610,3680,3610,3640,2400
10/28/2025,AMIN,274,282,236,236,2395700
10/28/2025,AMMN,7200,7225,6850,6875,29932400
10/28/2025,AMMNBQCZ5A,12,12,9,10,40991600
10/28/2025,AMMNDRCJ6A,54,54,38,39,196400
10/28/2025,AMMNHDCH6A,61,61,60,60,20600
10/28/2025,AMMNZPCG6A,26,26,22,23,2216600
10/28/2025,AMMS,450,450,450,450,2628100
10/28/2025,AMOR,420,420,418,420,246000
10/28/2025,AMRT,2150,2180,2030,2080,68975800
10/28/2025,AMRTBQCH6A,28,28,27,27,6500
10/28/2025,AMRTDRCZ5A,0,0,0,0,0
10/28/2025,AMRTHDCJ6A,17,20,15,16,3779900
10/28/2025,AMRTZPCK6A,25,25,21,21,225100
10/28/2025,AMRTZPCX5A,26,26,24,26,1400
10/28/2025,ANDI,24,24,24,24,3844200
10/28/2025,ANJT,2130,2190,2030,2130,337200
10/28/2025,ANTM,3120,3130,3020,3100,101193900
10/28/2025,ANTMBQCX5A,30,31,30,30,47200
10/28/2025,ANTMBQCZ5A,0,0,0,0,0
10/28/2025,ANTMDRCG6A,0,0,0,0,0
10/28/2025,ANTMDRCG6B,55,55,51,51,24200
10/28/2025,ANTMDRCX5A,300,300,300,300,100
10/28/2025,ANTMDRPZ5A,33,33,30,31,19800
10/28/2025,ANTMHDCH6A,75,75,70,70,231300
10/28/2025,ANTMHDCH6B,115,115,109,115,1005200
10/28/2025,ANTMHDPH6A,67,67,63,63,1033400
10/28/2025,ANTMZPCJ6A,67,68,63,68,3817700
10/28/2025,ANTMZPCK6A,28,29,25,29,519400
10/28/2025,ANTMZPCX5A,173,183,173,183,422600
10/28/2025,APEX,133,136,131,131,32488000
10/28/2025,APIC,1115,1115,1095,1110,4439600
10/28/2025,APII,186,187,183,185,86100
10/28/2025,APLI,472,472,464,466,4300
10/28/2025,APLN,100,101,98,99,9988000
10/28/2025,ARCI,1135,1175,1100,1105,113740400
10/28/2025,AREA,510,530,510,525,2064900
10/28/2025,ARGO,1035,1065,1010,1040,37200
10/28/2025,ARII,302,334,282,304,12590600
10/28/2025,ARKA,28,30,28,28,1415100
10/28/2025,ARKO,1360,1410,1355,1400,927600
10/28/2025,ARMY,0,0,0,0,0
10/28/2025,ARNA,545,545,535,545,4647900
10/28/2025,ARTA,3110,3140,3110,3110,2500
10/28/2025,ARTI,0,0,0,0,0
10/28/2025,ARTO,2200,2330,2130,2300,38179400
10/28/2025,ARTOBQCX5B,0,0,0,0,0
10/28/2025,ARTOBQCZ5A,9,15,9,14,20040800
10/28/2025,ARTODRCK6A,74,78,74,77,1291700
10/28/2025,ARTODRCX5A,54,54,54,54,100
10/28/2025,ARTOHDCZ5A,0,0,0,0,0
10/28/2025,ARTOZPCK6A,45,52,45,50,5373000
10/28/2025,ARTOZPCX5A,0,0,0,0,0
10/28/2025,ASBI,474,476,468,476,4000
10/28/2025,ASDM,565,570,565,570,70500
10/28/2025,ASGR,1165,1200,1165,1200,2358500
10/28/2025,ASHA,64,66,64,66,4787900
10/28/2025,ASII,6600,6600,6275,6325,37953500
10/28/2025,ASIIBQCZ5A,0,0,0,0,0
10/28/2025,ASIIDRCX5A,0,0,0,0,0
10/28/2025,ASIIDRCX6A,0,0,0,0,0
10/28/2025,ASIIHDCZ5A,0,0,0,0,0
10/28/2025,ASIIZPCJ6A,166,166,158,158,21500
10/28/2025,ASIIZPCM6A,45,45,40,40,1291700
10/28/2025,ASJT,133,140,127,135,1566900
10/28/2025,ASLC,104,104,99,100,113023300
10/28/2025,ASLI,196,200,195,195,19813000
10/28/2025,ASMI,26,26,25,26,935100
10/28/2025,ASPI,0,0,0,0,0
10/28/2025,ASPR,101,101,98,100,3023000
10/28/2025,ASRI,165,166,163,164,15775700
10/28/2025,ASRM,388,388,370,378,273100
10/28/2025,ASSA,1100,1145,1090,1100,19942700
10/28/2025,ATAP,92,101,92,101,2232400
10/28/2025,ATIC,432,440,426,434,228200
10/28/2025,ATLA,68,72,67,68,142604900
10/28/2025,AUTO,2500,2540,2430,2430,14431200
10/28/2025,AUTODRCV6A,0,0,0,0,0
10/28/2025,AUTOZPCJ6A,39,41,39,40,4066000
10/28/2025,AVIA,418,418,412,412,9363200
10/28/2025,AVIADRCV6A,0,0,0,0,0
10/28/2025,AVIAZPCJ6A,17,17,17,17,100
10/28/2025,AWAN,250,258,242,244,20810400
10/28/2025,AXIO,123,126,122,124,370200
10/28/2025,AYAM,179,179,176,176,127333100
10/28/2025,AYLS,0,0,0,0,0
10/28/2025,BABP,52,54,52,53,7419800
10/28/2025,BABY,505,595,460,478,21923200
10/28/2025,BACA,140,141,138,140,1043500
10/28/2025,BAIK,103,103,98,101,445200
10/28/2025,BAIK-W,10,10,9,10,1517900
10/28/2025,BAJA,156,160,152,153,4085900
10/28/2025,BALI,1225,1260,1200,1255,163200
10/28/2025,BANK,845,850,830,835,6383800
10/28/2025,BANK-W,0,0,0,0,0
10/28/2025,BAPA,67,70,64,69,10508800
10/28/2025,BAPI,22,22,21,22,3283400
10/28/2025,BATA,52,55,52,55,10300
10/28/2025,BATR,107,108,104,107,841900
10/28/2025,BAUT,40,41,40,41,1176000
10/28/2025,BAYU,1335,1370,1330,1340,358700
10/28/2025,BBCA,8350,8400,8250,8275,180270000
10/28/2025,BBCABQCG6A,81,81,77,77,6068600
10/28/2025,BBCABQCX5A,9,10,8,9,2620200
10/28/2025,BBCADRCF6A,35,39,31,32,1023000
10/28/2025,BBCADRCX6A,0,0,0,0,0
10/28/2025,BBCAHDCQ7A,67,68,65,65,1629700
10/28/2025,BBCAYUCK6A,195,195,194,194,9200
10/28/2025,BBCAZPCF6A,22,23,20,21,962900
10/28/2025,BBCAZPCH6A,82,83,79,83,10200
10/28/2025,BBHI,1490,1495,1475,1480,388500
10/28/2025,BBKP,69,69,67,69,43060100
10/28/2025,BBLD,885,915,885,910,17900
10/28/2025,BBMD,2030,2120,2030,2100,1900
10/28/2025,BBNI,4390,4440,4340,4370,58463900
10/28/2025,BBNIBQCG6A,72,72,72,72,19000
10/28/2025,BBNIDRCX6A,0,0,0,0,0
10/28/2025,BBNIDRCZ5A,0,0,0,0,0
10/28/2025,BBNIDRPZ5A,43,44,43,44,132200
10/28/2025,BBNIHDCQ7A,87,88,86,86,79000
10/28/2025,BBNIZPCH6A,0,0,0,0,0
10/28/2025,BBNIZPCX5A,0,0,0,0,0
10/28/2025,BBRI,3850,3860,3780,3850,239026800
10/28/2025,BBRIBQCJ6A,46,46,46,46,10000
10/28/2025,BBRIBQCZ5A,0,0,0,0,0
10/28/2025,BBRIDRCG6A,74,75,74,75,3600
10/28/2025,BBRIDRCN6A,92,92,90,90,2100
10/28/2025,BBRIDRCX5A,79,82,76,82,60700
10/28/2025,BBRIDRCX6A,0,0,0,0,0
10/28/2025,BBRIDRPZ5A,1,54,1,45,8200
10/28/2025,BBRIHDCH6A,0,0,0,0,0
10/28/2025,BBRIHDCQ7A,77,78,75,78,20700
10/28/2025,BBRIZPCH6A,69,71,68,71,193000
10/28/2025,BBRIZPCX5A,0,0,0,0,0
10/28/2025,BBRM,86,90,86,86,4993900
10/28/2025,BBSI,4100,4100,3870,3990,47900
10/28/2025,BBSS,358,446,356,446,3102300
10/28/2025,BBTN,1215,1215,1195,1195,26799200
10/28/2025,BBTNDRCV6A,63,63,63,63,1000
10/28/2025,BBTNHDCZ5A,0,0,0,0,0
10/28/2025,BBTNYUCZ5A,0,0,0,0,0
10/28/2025,BBTNZPCG6A,35,35,35,35,101200
10/28/2025,BBYB,402,406,380,388,193864200
10/28/2025,BCAP,53,54,52,54,17127100
10/28/2025,BCIC,148,152,148,151,492800
10/28/2025,BCIP,115,116,105,105,47671800
10/28/2025,BDKR,165,171,164,171,47308000
10/28/2025,BDMN,2390,2430,2370,2420,1471500
10/28/2025,BEBS,0,0,0,0,0
10/28/2025,BEEF,476,545,454,490,30028400
10/28/2025,BEER,117,120,114,119,1715900
10/28/2025,BEKS,25,26,25,26,18629400
10/28/2025,BELI,376,378,372,378,1242900
10/28/2025,BELL,63,72,62,67,106048300
10/28/2025,BESS,1550,1550,1455,1550,44400
10/28/2025,BEST,106,108,105,106,6689600
10/28/2025,BFIN,785,795,775,785,28854500
10/28/2025,BFINDRCK6A,0,0,0,0,0
10/28/2025,BFINHDCM6A,35,36,34,34,281100
10/28/2025,BFINZPCM6A,20,20,20,20,10100
10/28/2025,BGTG,112,116,111,113,22225800
10/28/2025,BHAT,945,945,915,925,2520700
10/28/2025,BHIT,34,34,33,33,11227600
10/28/2025,BIKA,0,0,0,0,0
10/28/2025,BIKE,905,920,900,910,6621000
10/28/2025,BIMA,76,76,75,75,82900
10/28/2025,BINA,4410,4470,4240,4320,37500
10/28/2025,BINO,128,132,128,131,342400
10/28/2025,BIPI,84,86,82,83,929427800
10/28/2025,BIPP,43,43,43,43,128400
10/28/2025,BIRD,1785,1830,1705,1780,5402600
10/28/2025,BISI,880,890,865,885,499600
10/28/2025,BJBR,790,795,780,785,3178400
10/28/2025,BJTM,525,525,520,520,4782400
10/28/2025,BKDP,39,40,38,40,268900
10/28/2025,BKSL,130,130,124,124,270952800
10/28/2025,BKSW,63,64,62,63,3042400
10/28/2025,BLES,163,174,158,163,11602100
10/28/2025,BLOG,505,505,494,500,1711200
10/28/2025,BLTA,33,33,32,32,2526500
10/28/2025,BLTZ,0,0,0,0,0
10/28/2025,BLUE,0,0,0,0,0
10/28/2025,BMAS,710,710,655,675,14000
10/28/2025,BMBL,44,44,43,44,2114200
10/28/2025,BMHS,157,160,154,157,3967100
10/28/2025,BMRI,4490,4510,4440,4510,174666600
10/28/2025,BMRIBQCJ6A,0,0,0,0,0
10/28/2025,BMRIBQCZ5A,10,10,8,10,1853100
10/28/2025,BMRIDRCG6A,86,94,85,90,174200
10/28/2025,BMRIDRCX5A,25,26,25,26,7900
10/28/2025,BMRIDRCX6A,0,0,0,0,0
10/28/2025,BMRIHDCQ7A,74,74,74,74,2500
10/28/2025,BMRIYUCK6A,109,109,109,109,100
10/28/2025,BMRIZPCH6A,44,45,43,44,103600
10/28/2025,BMRIZPCX5A,12,13,11,12,477400
10/28/2025,BMSR,320,326,302,318,57100
10/28/2025,BMTR,144,145,142,145,39141400
10/28/2025,BNBA,605,615,605,615,80000
10/28/2025,BNBR,41,42,41,42,17635700
10/28/2025,BNGA,1710,1710,1695,1700,1092000
10/28/2025,BNGADRCK6A,0,0,0,0,0
10/28/2025,BNGAZPCH6A,42,42,42,42,100
10/28/2025,BNII,204,204,200,202,2104700
10/28/2025,BNLI,5500,5575,5125,5325,458700
10/28/2025,BOAT,119,130,117,123,26232100
10/28/2025,BOBA,202,214,196,202,1376800
10/28/2025,BOGA,494,494,492,492,70900
10/28/2025,BOLA,188,188,179,183,2610500
10/28/2025,BOLT,1060,1095,1055,1085,35400
10/28/2025,BOSS,0,0,0,0,0
10/28/2025,BPFI,320,326,320,326,500
10/28/2025,BPII,555,555,550,550,92700
10/28/2025,BPTR,93,96,93,95,105600
10/28/2025,BRAM,5150,5150,5150,5150,1100
10/28/2025,BREN,8900,8975,8400,8900,39432500
10/28/2025,BRIS,2610,2610,2550,2560,15102900
10/28/2025,BRISBQCZ5A,27,28,26,26,130800
10/28/2025,BRISDRCJ6A,0,0,0,0,0
10/28/2025,BRISHDCH6A,0,0,0,0,0
10/28/2025,BRISHDCZ5A,0,0,0,0,0
10/28/2025,BRISZPCG6A,0,0,0,0,0
10/28/2025,BRMS,865,895,845,855,512123700
10/28/2025,BRMSBQCZ5A,0,0,0,0,0
10/28/2025,BRMSDRCG6A,30,47,25,33,1056400
10/28/2025,BRMSDRCJ6A,172,172,140,140,3000
10/28/2025,BRMSDRPX5A,1,3,1,2,24020000
10/28/2025,BRMSHDCH6A,242,242,242,242,100
10/28/2025,BRMSHDCZ5A,0,0,0,0,0
10/28/2025,BRMSZPCG6A,234,240,234,240,106900
10/28/2025,BRNA,700,710,695,700,76000
10/28/2025,BRPT,3330,3450,3150,3420,153376900
10/28/2025,BRPTBQCV5A,0,0,0,0,0
10/28/2025,BRPTBQCX5B,278,310,167,310,194700
10/28/2025,BRPTBQCZ5A,0,0,0,0,0
10/28/2025,BRPTDRCF6A,360,360,348,348,4300
10/28/2025,BRPTDRCJ6A,188,202,188,202,2208100
10/28/2025,BRPTDRCX5A,412,412,412,412,100
10/28/2025,BRPTHDCH6A,284,300,284,296,2194900
10/28/2025,BRPTHDCH6B,0,0,0,0,0
10/28/2025,BRPTHDPG6A,97,106,87,87,2340800
10/28/2025,BRPTYUCZ5A,226,226,224,224,200
10/28/2025,BRPTZPCF6A,416,422,416,422,200
10/28/2025,BRPTZPCK6A,107,107,65,74,6269900
10/28/2025,BRPTZPCX5A,530,530,530,530,100
10/28/2025,BRRC,151,180,129,148,484244800
10/28/2025,BRRC-W,40,40,21,27,216559900
10/28/2025,BSBK,70,73,69,70,63502700
10/28/2025,BSDE,970,970,945,950,9858800
10/28/2025,BSDEBQCK6A,32,32,31,31,450000
10/28/2025,BSDEDRCG6A,0,0,0,0,0
10/28/2025,BSDEDRCJ6A,30,30,30,30,100
10/28/2025,BSDEHDCM6A,30,32,30,31,46000
10/28/2025,BSDEZPCH6A,0,0,0,0,0
10/28/2025,BSIM,875,880,850,865,7700
10/28/2025,BSML,165,169,162,162,29633100
10/28/2025,BSSR,3990,4000,3980,4000,228900
10/28/2025,BSWD,1000,1000,1000,1000,200
10/28/2025,BTEK,15,15,15,15,103351600
10/28/2025,BTEL,0,0,0,0,0
10/28/2025,BTON,390,392,380,384,68500
10/28/2025,BTPN,2260,2260,2130,2160,47000
10/28/2025,BTPS,1380,1410,1380,1400,9166500
10/28/2025,BTPSDRCK6A,0,0,0,0,0
10/28/2025,BTPSHDCJ6A,0,0,0,0,0
10/28/2025,BTPSZPCH6A,34,34,34,34,7500
10/28/2025,BUAH,750,760,700,730,3428300
10/28/2025,BUDI,210,220,210,218,323400
10/28/2025,BUKA,168,170,166,169,178467300
10/28/2025,BUKABQCZ5B,13,14,13,14,2502500
10/28/2025,BUKADRCK6A,15,16,15,16,329300
10/28/2025,BUKAHDCZ5A,105,105,105,105,400
10/28/2025,BUKAZPCM6A,37,37,37,37,205600
10/28/2025,BUKK,920,920,880,915,56600
10/28/2025,BULL,248,256,248,248,95634600
10/28/2025,BUMI,135,141,134,141,2729257600
10/28/2025,BUVA,720,730,655,710,91262400
10/28/2025,BVIC,104,105,103,104,1583300
10/28/2025,BVIC-W,24,24,23,23,4200
10/28/2025,BWPT,142,144,137,138,97501900
10/28/2025,BYAN,18200,18200,17975,18050,20400
10/28/2025,CAKK,173,182,172,179,375900
10/28/2025,CAMP,212,230,210,214,7756800
10/28/2025,CANI,45,46,45,45,132800
10/28/2025,CARE,308,312,304,308,19363400
10/28/2025,CARS,130,132,128,131,28783200
10/28/2025,CASA,1100,1100,1080,1095,2722400
10/28/2025,CASH,102,102,95,97,888300
10/28/2025,CASS,2760,3100,2560,2980,1531000
10/28/2025,CBDK,5950,6000,5800,5875,4002900
10/28/2025,CBMF,0,0,0,0,0
10/28/2025,CBPE,272,278,236,248,2167800
10/28/2025,CBRE,1510,1510,1305,1375,89146100
10/28/2025,CBUT,1515,1515,1310,1315,192500
10/28/2025,CCSI,350,364,344,360,557700
10/28/2025,CDIA,1780,1810,1700,1740,146525300
10/28/2025,CEKA,2510,2530,2470,2530,129700
10/28/2025,CENT,144,145,133,139,24259900
10/28/2025,CFIN,316,322,316,316,1675500
10/28/2025,CGAS,148,150,145,147,9569900
10/28/2025,CHEK,183,184,181,184,3959100
10/28/2025,CHEM,91,95,89,90,7233300
10/28/2025,CHIP,1350,1350,1320,1340,162000
10/28/2025,CINT,152,154,151,153,123300
10/28/2025,CITA,5050,5450,4990,5175,1072700
10/28/2025,CITY,158,200,148,167,15092200
10/28/2025,CLAY,3100,3100,2730,3070,299600
10/28/2025,CLEO,530,535,520,535,8531500
10/28/2025,CLPI,1300,1315,1290,1310,109500
10/28/2025,CMNP,1305,1325,1290,1295,117200
10/28/2025,CMNP-W,320,320,280,290,6600
10/28/2025,CMNT,770,770,755,760,21850800
10/28/2025,CMPP,98,98,98,98,98400
10/28/2025,CMRY,5150,5350,5150,5200,3975100
10/28/2025,CMRYDRCK6A,0,0,0,0,0
10/28/2025,CMRYZPCJ6A,0,0,0,0,0
10/28/2025,CNKO,80,85,80,85,58353400
10/28/2025,CNMA,115,117,114,116,14440200
10/28/2025,CNTB,0,0,0,0,0
10/28/2025,CNTX,0,0,0,0,0
10/28/2025,COAL,56,57,55,55,5606600
10/28/2025,COCO,384,444,340,444,759824000
10/28/2025,COIN,2610,2610,2210,2250,116572400
10/28/2025,COWL,0,0,0,0,0
10/28/2025,CPIN,5125,5225,5000,5075,8730200
10/28/2025,CPINDRCG6A,0,0,0,0,0
10/28/2025,CPINZPCJ6A,0,0,0,0,0
10/28/2025,CPRI,0,0,0,0,0
10/28/2025,CPRO,59,61,59,61,92683900
10/28/2025,CRAB,290,296,286,292,3812300
10/28/2025,CRSN,110,115,109,111,483700
10/28/2025,CSAP,336,336,322,324,452100
10/28/2025,CSIS,216,230,214,224,2287900
10/28/2025,CSMI,294,300,274,280,12240700
10/28/2025,CSRA,905,915,890,905,1361400
10/28/2025,CTBN,4650,5400,4650,5400,2200
10/28/2025,CTRA,900,910,890,895,17114700
10/28/2025,CTRADRCJ6A,0,0,0,0,0
10/28/2025,CTRAHDCK6A,0,0,0,0,0
10/28/2025,CTRAYUCZ5A,0,0,0,0,0
10/28/2025,CTRAZPCG6A,0,0,0,0,0
10/28/2025,CTTH,94,94,87,87,4371300
10/28/2025,CUAN,2050,2070,1910,2000,94497700
10/28/2025,CYBR,1315,1335,1295,1330,12981900
10/28/2025,CYBR-W,920,940,900,930,10100
10/28/2025,DAAZ,2630,2660,2600,2640,135100
10/28/2025,DADA,50,50,50,50,10860000
10/28/2025,DART,156,167,156,164,478000
10/28/2025,DATA,5600,5600,5325,5475,4663400
10/28/2025,DAYA,1195,1210,1180,1200,12400
10/28/2025,DCII,273900,273900,270000,270000,600
10/28/2025,DEAL,0,0,0,0,0
10/28/2025,DEFI,0,0,0,0,0
10/28/2025,DEPO,274,280,268,274,175000
10/28/2025,DEWA,296,318,290,308,371583600
10/28/2025,DEWI,116,117,109,111,38612300
10/28/2025,DFAM,75,78,72,74,10174600
10/28/2025,DGIK,101,103,97,98,8413900
10/28/2025,DGNS,152,155,147,149,27084400
10/28/2025,DGWG,418,422,408,408,7746300
10/28/2025,DIGI,32,33,32,33,2776100
10/28/2025,DILD,131,135,131,133,7430500
10/28/2025,DIVA,220,226,212,218,2535400
10/28/2025,DKFT,750,760,740,755,15289100
10/28/2025,DKHH,84,86,84,86,3936200
10/28/2025,DKHH-W,17,17,16,17,3288100
10/28/2025,DLTA,2040,2040,2000,2010,29200
10/28/2025,DMAS,134,135,133,133,47507100
10/28/2025,DMMX,392,396,382,388,733400
10/28/2025,DMND,600,600,590,590,63100
10/28/2025,DNAR,125,134,120,120,22569800
10/28/2025,DNET,9050,9200,9050,9175,2300
10/28/2025,DOID,330,336,328,328,3005800
10/28/2025,DOOH,136,141,133,135,138184200
10/28/2025,DOSS,147,155,147,152,2098300
10/28/2025,DPNS,308,312,308,310,122400
10/28/2025,DPUM,63,64,54,59,10304400
10/28/2025,DRMA,1120,1125,1080,1100,4883400
10/28/2025,DSFI,85,90,83,86,15293800
10/28/2025,DSNG,1685,1695,1615,1640,32235400
10/28/2025,DSNGDRCK6A,0,0,0,0,0
10/28/2025,DSNGHDCK6A,86,87,86,87,1600
10/28/2025,DSNGZPCM6A,46,46,46,46,2000
10/28/2025,DSSA,92500,92650,80075,84375,3063100
10/28/2025,DUCK,0,0,0,0,0
10/28/2025,DUTI,4320,4320,4240,4240,800
10/28/2025,DVLA,1705,1710,1700,1700,320500
10/28/2025,DWGL,346,396,346,346,34928100
10/28/2025,DYAN,89,96,87,90,10666300
10/28/2025,EAST,92,93,92,93,1316600
10/28/2025,ECII,183,183,179,179,118500
10/28/2025,EDGE,4470,4550,4450,4480,17700
10/28/2025,EKAD,182,184,182,182,236700
10/28/2025,ELIT,177,182,176,178,4202600
10/28/2025,ELPI,450,468,450,460,2901200
10/28/2025,ELSA,515,515,505,505,13081800
10/28/2025,ELSADRCG6A,0,0,0,0,0
10/28/2025,ELSADRCJ6A,33,33,33,33,60800
10/28/2025,ELSAHDCK6A,0,0,0,0,0
10/28/2025,ELSAZPCG6A,0,0,0,0,0
10/28/2025,ELTY,21,21,21,21,42391100
10/28/2025,EMAS,4150,4290,4050,4100,20595200
10/28/2025,EMDE,96,96,93,94,613900
10/28/2025,EMTK,1120,1200,1080,1180,297310400
10/28/2025,EMTKBQCH6A,22,27,21,24,2976900
10/28/2025,EMTKBQCZ5A,328,328,314,328,600
10/28/2025,EMTKDRCK6A,48,80,36,47,3271800
10/28/2025,EMTKHDCK6A,59,66,54,62,1428500
10/28/2025,EMTKHDCZ5A,226,234,222,224,700
10/28/2025,EMTKZPCH6A,130,154,125,154,314700
10/28/2025,EMTKZPCM6A,39,42,38,40,400400
10/28/2025,ENAK,685,700,675,700,1059400
10/28/2025,ENRG,830,855,810,830,83630700
10/28/2025,ENRGBQCZ5A,60,60,60,60,1900
10/28/2025,ENRGDRCG6A,22,25,22,22,3042900
10/28/2025,ENRGDRCJ6A,144,144,144,144,900
10/28/2025,ENRGHDCK6A,72,74,70,74,800800
10/28/2025,ENRGHDCZ5A,414,428,408,428,2400
10/28/2025,ENRGZPCG6A,328,336,328,336,2300
10/28/2025,ENRGZPCK6A,40,41,40,41,21800
10/28/2025,ENVY,0,0,0,0,0
10/28/2025,ENZO,39,40,39,40,588000
10/28/2025,EPAC,24,24,24,24,2823700
10/28/2025,EPMT,2300,2320,2300,2320,45500
10/28/2025,ERAA,418,428,416,424,47420000
10/28/2025,ERAABQCZ5A,8,8,7,8,42000
10/28/2025,ERAADRCJ6A,8,8,7,7,8256000
10/28/2025,ERAAHDCZ5A,16,17,16,17,300
10/28/2025,ERAAZPCH6A,16,16,16,16,191000
10/28/2025,ERAL,298,298,294,296,1098500
10/28/2025,ERTX,172,194,171,172,4794400
10/28/2025,ESIP,109,110,109,109,3142100
10/28/2025,ESSA,590,605,585,590,25430200
10/28/2025,ESSABQCZ5A,24,25,22,22,314800
10/28/2025,ESSADRCN6A,28,28,28,28,100
10/28/2025,ESSAHDCH6A,45,45,43,44,4679200
10/28/2025,ESSAYUCZ5A,0,0,0,0,0
10/28/2025,ESSAZPCK6A,15,15,15,15,4200
10/28/2025,ESTA,220,220,220,220,6141700
10/28/2025,ESTI,123,125,123,125,828800
10/28/2025,ETWA,0,0,0,0,0
10/28/2025,EURO,428,428,386,386,406600
10/28/2025,EXCL,2470,2520,2390,2430,33087700
10/28/2025,EXCLHDCJ6A,16,16,16,16,8500
10/28/2025,EXCLZPCF6A,40,40,39,39,890600
10/28/2025,EXCLZPCM6A,0,0,0,0,0
10/28/2025,FAPA,6275,6350,6175,6200,17000
10/28/2025,FAST,610,680,575,625,34937800
10/28/2025,FASW,0,0,0,0,0
10/28/2025,FILM,5450,5550,5300,5300,8338700
10/28/2025,FIMP,0,0,0,0,0
10/28/2025,FIRE,82,89,82,83,24768100
10/28/2025,FISH,1790,1790,1700,1730,22700
10/28/2025,FITT,1085,1085,995,1050,303600
10/28/2025,FLMC,202,206,180,183,5118800
10/28/2025,FMII,364,364,362,362,600
10/28/2025,FOLK,218,230,218,230,10715700
10/28/2025,FOOD,340,340,340,340,977500
10/28/2025,FORE,540,555,530,540,8745600
10/28/2025,FORU,1175,1175,1120,1160,129600
10/28/2025,FPNI,189,193,188,190,1530300
10/28/2025,FUJI,825,825,770,800,1062900
10/28/2025,FUTR,710,720,670,675,43159000
10/28/2025,FWCT,151,151,145,148,5966300
10/28/2025,GAMA,0,0,0,0,0
10/28/2025,GDST,116,117,114,114,721300
10/28/2025,GDYR,1075,1130,1060,1090,247700
10/28/2025,GEMA,97,97,92,93,6367700
10/28/2025,GEMS,8900,8950,8875,8900,136400
10/28/2025,GGRM,13800,14225,13775,14200,5731700
10/28/2025,GGRMZPCG6A,130,143,130,141,5800900
10/28/2025,GGRP,220,222,200,216,1969900
10/28/2025,GHON,1670,1700,1665,1695,15600
10/28/2025,GIAA,104,104,104,104,63745900
10/28/2025,GJTL,1050,1060,1045,1050,7017400
10/28/2025,GJTLZPCJ6A,22,23,22,23,1043400
10/28/2025,GLOB,0,0,0,0,0
10/28/2025,GLVA,346,352,342,342,69000
10/28/2025,GMFI,93,95,93,95,5645800
10/28/2025,GMTD,2130,2150,2000,2130,4500
10/28/2025,GOLD,286,290,278,286,217600
10/28/2025,GOLF,202,204,199,200,770200
10/28/2025,GOLL,0,0,0,0,0
10/28/2025,GOOD,362,362,360,362,499600
10/28/2025,GOTO,54,56,54,55,1717311400
10/28/2025,GOTOBQCJ6A,8,8,6,7,8134400
10/28/2025,GOTOBQCZ5A,3,4,3,4,11272300
10/28/2025,GOTODRCG6A,7,7,6,7,1376000
10/28/2025,GOTOHDCK6A,13,14,13,13,13200
10/28/2025,GOTOM,0,0,0,0,0
10/28/2025,GOTOZPCH6A,20,30,20,30,58300
10/28/2025,GOTOZPCK6A,11,11,11,11,90000
10/28/2025,GPRA,124,126,120,126,9429600
10/28/2025,GPSO,865,870,765,805,7748800
10/28/2025,GRIA,110,132,110,119,44587400
10/28/2025,GRPH,64,70,63,67,19045800
10/28/2025,GRPM,61,63,60,62,2050300
10/28/2025,GRPM-W,16,17,15,16,7291100
10/28/2025,GSMF,87,88,85,87,1267900
10/28/2025,GTBO,202,210,200,208,192900
10/28/2025,GTRA,330,330,314,322,3595900
10/28/2025,GTSI,120,139,114,139,828364500
10/28/2025,GULA,384,426,382,400,2067800
10/28/2025,GUNA,276,276,266,266,1911300
10/28/2025,GWSA,143,155,142,145,1237100
10/28/2025,GZCO,278,284,268,272,53782200
10/28/2025,HADE,22,22,21,22,1574600
10/28/2025,HAIS,210,218,210,214,8215000
10/28/2025,HAJJ,114,116,112,116,9330500
10/28/2025,HAJJ-W,14,15,14,15,373700
10/28/2025,HALO,124,126,121,124,64832900
10/28/2025,HALO-W,17,17,15,15,15040800
10/28/2025,HATM,280,282,274,278,33489500
10/28/2025,HBAT,166,185,162,185,3208500
10/28/2025,HDFA,167,171,155,163,451500
10/28/2025,HDIT,52,53,52,53,2455300
10/28/2025,HEAL,1515,1525,1485,1500,13326900
10/28/2025,HEALBQCZ5A,17,17,17,17,18000
10/28/2025,HEALDRCJ6A,0,0,0,0,0
10/28/2025,HEALHDCH6A,0,0,0,0,0
10/28/2025,HEALYUCZ5A,32,32,29,29,1100
10/28/2025,HEALZPCH6A,0,0,0,0,0
10/28/2025,HELI,242,242,234,242,26800
10/28/2025,HERO,575,670,575,580,218700
10/28/2025,HEXA,4640,4660,4630,4640,152100
10/28/2025,HGII,160,161,157,159,7062000
10/28/2025,HILL,159,159,155,156,1004200
10/28/2025,HITS,0,0,0,0,0
10/28/2025,HKMU,0,0,0,0,0
10/28/2025,HMSP,835,850,805,810,119521700
10/28/2025,HOKI,78,78,74,75,130166100
10/28/2025,HOME,0,0,0,0,0
10/28/2025,HOMI,0,0,0,0,0
10/28/2025,HOPE,118,127,118,120,17269500
10/28/2025,HOTL,0,0,0,0,0
10/28/2025,HRME,39,39,38,39,228300
10/28/2025,HRTA,1215,1240,1175,1180,21983000
10/28/2025,HRUM,1105,1115,1085,1090,14584300
10/28/2025,HRUMDRCN6A,44,44,42,42,130200
10/28/2025,HRUMHDCK6A,52,54,50,50,506900
10/28/2025,HRUMZPCG6A,59,59,59,59,5000
10/28/2025,HRUMZPCM6A,34,35,34,35,5000
10/28/2025,HUMI,126,132,121,129,123585100
10/28/2025,HUMI-W,20,21,19,20,16041300
10/28/2025,HYGN,165,165,162,164,624700
10/28/2025,IATA,70,70,69,69,9107400
10/28/2025,IATA-W,0,0,0,0,0
10/28/2025,IBFN,49,49,49,49,2321600
10/28/2025,IBOS,52,53,50,53,4453000
10/28/2025,IBST,5475,5500,5475,5500,400
10/28/2025,ICBP,8875,8925,8700,8775,12338900
10/28/2025,ICBPDRCX6A,3350,3350,3350,3350,300
10/28/2025,ICBPHDCJ6A,28,28,26,27,344100
10/28/2025,ICBPZPCX5A,7,7,6,7,195900
10/28/2025,ICON,48,48,48,48,12500
10/28/2025,IDEA,69,73,63,70,8489100
10/28/2025,IDPR,420,432,360,372,5210200
10/28/2025,IFII,222,224,222,224,174600
10/28/2025,IFSH,795,810,795,810,6400
10/28/2025,IGAR,498,500,498,500,17800
10/28/2025,IIKP,0,0,0,0,0
10/28/2025,IKAI,14,15,14,14,77410100
10/28/2025,IKAN,110,137,108,132,360681300
10/28/2025,IKBI,550,590,520,560,806800
10/28/2025,IKPM,232,232,226,230,764800
10/28/2025,IMAS,1150,1150,1090,1100,116000
10/28/2025,IMJS,234,236,222,230,10859200
10/28/2025,IMPC,2300,2460,2160,2400,136551900
10/28/2025,INAF,0,0,0,0,0
10/28/2025,INAI,150,154,149,149,156100
10/28/2025,INCF,44,44,44,44,261900
10/28/2025,INCI,615,625,615,625,44600
10/28/2025,INCO,4320,4530,4280,4420,12956200
10/28/2025,INCOBQCF6A,81,86,81,85,14300
10/28/2025,INCOBQCJ6A,55,61,54,57,78500
10/28/2025,INCODRCG6A,92,92,92,92,700
10/28/2025,INCODRCK6A,97,97,97,97,2000
10/28/2025,INCODRCX5A,130,130,129,129,30500
10/28/2025,INCOHDCJ6A,119,120,115,115,444700
10/28/2025,INCOYUCZ5A,120,120,120,120,100
10/28/2025,INCOZPCK6A,0,0,0,0,0
10/28/2025,INCOZPCX5A,196,210,196,200,6500
10/28/2025,INDF,7500,7575,7425,7500,8341000
10/28/2025,INDFDRCX6A,3840,3840,3840,3840,1500
10/28/2025,INDFHDCJ6A,22,23,22,23,610000
10/28/2025,INDO,232,238,232,236,4251700
10/28/2025,INDR,3300,3300,3150,3240,7100
10/28/2025,INDS,230,230,224,228,88700
10/28/2025,INDX,171,173,158,162,7330800
10/28/2025,INDY,2180,2200,2060,2060,25129600
10/28/2025,INDYDRCN6A,101,101,97,97,342800
10/28/2025,INDYHDCJ6A,210,212,210,212,500500
10/28/2025,INDYZPCG6A,115,115,103,103,75600
10/28/2025,INET,284,286,276,278,92637600
10/28/2025,INET-W,200,200,187,189,1007100
10/28/2025,INKP,7700,7900,7625,7750,7457200
10/28/2025,INKPBQCX5A,43,43,43,43,100
10/28/2025,INKPDRCF6A,176,176,176,176,1000
10/28/2025,INKPDRCG6A,0,0,0,0,0
10/28/2025,INKPHDCK6A,0,0,0,0,0
10/28/2025,INKPZPCF6A,0,0,0,0,0
10/28/2025,INKPZPCK6A,34,35,34,34,3694300
10/28/2025,INOV,97,98,96,97,575400
10/28/2025,INPC,153,155,152,152,5069400
10/28/2025,INPP,685,695,645,685,953500
10/28/2025,INPS,144,146,132,146,1769900
10/28/2025,INRU,715,715,695,705,14000
10/28/2025,INTA,42,42,42,42,616000
10/28/2025,INTD,218,218,210,218,9300
10/28/2025,INTP,6575,6575,6325,6350,896900
10/28/2025,INTPDRCN6A,0,0,0,0,0
10/28/2025,INTPHDCM6A,0,0,0,0,0
10/28/2025,INTPZPCG6A,0,0,0,0,0
10/28/2025,INTPZPCM6A,0,0,0,0,0
10/28/2025,IOTF,85,96,84,88,108494700
10/28/2025,IPAC,380,380,380,380,577200
10/28/2025,IPCC,1190,1220,1170,1210,3874900
10/28/2025,IPCM,312,360,310,332,12190000
10/28/2025,IPOL,138,144,138,139,65600
10/28/2025,IPPE,0,0,0,0,0
10/28/2025,IPTV,39,39,38,39,5099000
10/28/2025,IRRA,452,466,448,464,1460000
10/28/2025,IRSX,208,218,208,210,8090300
10/28/2025,ISAP,32,34,32,32,21309000
10/28/2025,ISAP-W,17,18,16,17,9009800
10/28/2025,ISAT,1945,1970,1910,1950,13093500
10/28/2025,ISATBQCJ6A,43,43,43,43,100
10/28/2025,ISATDRCG6A,41,50,38,38,1600
10/28/2025,ISATDRCX5A,0,0,0,0,0
10/28/2025,ISATHDCJ6A,14,17,14,15,12769000
10/28/2025,ISATZPCF6A,0,0,0,0,0
10/28/2025,ISEA,84,92,83,85,13385900
10/28/2025,ISSP,432,438,424,426,1006800
10/28/2025,ITIC,386,394,380,380,6478300
10/28/2025,ITMA,1360,1455,1250,1450,1565500
10/28/2025,ITMG,22800,23000,22775,22800,849900
10/28/2025,ITMGDRCV6A,0,0,0,0,0
10/28/2025,ITMGHDCJ6A,142,144,142,142,11800
10/28/2025,ITMGZPCJ6A,60,62,60,60,8100
10/28/2025,JARR,3940,4110,3440,3840,28121000
10/28/2025,JAST,83,87,83,85,4752500
10/28/2025,JATI,109,112,108,109,1927300
10/28/2025,JAWA,161,173,156,159,11635900
10/28/2025,JAYA,104,112,104,108,6288300
10/28/2025,JECC,1155,1155,1095,1130,87900
10/28/2025,JGLE,18,19,17,19,65833600
10/28/2025,JIHD,570,575,555,565,1247900
10/28/2025,JKON,86,87,85,85,3695300
10/28/2025,JMAS,168,169,160,161,3281600
10/28/2025,JPFA,2650,2840,2610,2680,50347100
10/28/2025,JPFABQCZ5A,0,0,0,0,0
10/28/2025,JPFADRCJ6A,145,166,145,150,38500
10/28/2025,JPFAHDCZ5A,472,472,472,472,600
10/28/2025,JPFAZPCG6A,254,262,254,258,100300
10/28/2025,JRPT,860,865,855,860,186400
10/28/2025,JSKY,0,0,0,0,0
10/28/2025,JSMR,3890,3890,3800,3840,2900200
10/28/2025,JSMRDRCK6A,0,0,0,0,0
10/28/2025,JSMRHDCH6A,0,0,0,0,0
10/28/2025,JSMRZPCG6A,46,46,46,46,300
10/28/2025,JSPT,3430,3530,3370,3420,25100
10/28/2025,JTPE,340,342,338,340,1065200
10/28/2025,KAEF,630,645,620,625,2303500
10/28/2025,KAQI,67,69,65,67,13420600
10/28/2025,KARW,620,620,620,620,1041400
10/28/2025,KAYU,0,0,0,0,0
10/28/2025,KBAG,46,46,44,44,2498200
10/28/2025,KBLI,322,322,318,320,422000
10/28/2025,KBLM,362,368,360,368,140700
10/28/2025,KBLV,224,224,198,206,62545100
10/28/2025,KBRI,0,0,0,0,0
10/28/2025,KDSI,462,472,460,470,11500
10/28/2025,KDTN,145,149,125,133,8486000
10/28/2025,KEEN,990,995,965,970,7868900
10/28/2025,KEJU,760,800,750,760,3412700
10/28/2025,KETR,590,670,565,600,33853000
10/28/2025,KIAS,0,0,0,0,0
10/28/2025,KICI,197,240,181,208,2889800
10/28/2025,KIJA,185,186,183,184,32891300
10/28/2025,KING,210,210,204,204,540900
10/28/2025,KING-W,13,13,12,12,3962900
10/28/2025,KINO,1250,1280,1230,1275,47300
10/28/2025,KIOS,66,85,65,75,222417100
10/28/2025,KJEN,208,208,193,199,1337600
10/28/2025,KKES,30,30,27,27,1360300
10/28/2025,KKGI,322,324,318,322,6340200
10/28/2025,KLAS,137,138,133,134,6232400
10/28/2025,KLBF,1290,1345,1275,1330,131078000
10/28/2025,KLBFBQCJ6A,0,0,0,0,0
10/28/2025,KLBFDRCG6A,19,24,19,24,926300
10/28/2025,KLBFHDCK6A,0,0,0,0,0
10/28/2025,KLBFZPCF6A,22,24,21,22,4972600
10/28/2025,KLBFZPCJ6A,27,31,27,30,191400
10/28/2025,KLIN,168,180,167,180,70400
10/28/2025,KMDS,710,745,625,700,1152800
10/28/2025,KMTR,298,300,270,280,1250700
10/28/2025,KOBX,150,150,147,150,553500
10/28/2025,KOCI,89,89,86,89,5320900
10/28/2025,KOCI-W,17,18,16,17,3076200
10/28/2025,KOIN,77,77,77,77,530900
10/28/2025,KOKA,0,0,0,0,0
10/28/2025,KONI,0,0,0,0,0
10/28/2025,KOPI,306,306,300,304,127000
10/28/2025,KOTA,31,31,31,31,4154100
10/28/2025,KPIG,144,146,143,145,96001600
10/28/2025,KRAS,344,370,332,342,130385000
10/28/2025,KREN,16,17,16,16,16660700
10/28/2025,KRYA,190,202,186,194,28733800
10/28/2025,KSIX,270,270,258,266,154100
10/28/2025,KUAS,65,65,63,64,1048300
10/28/2025,LABA,262,316,262,308,17006800
10/28/2025,LABS,141,143,140,142,2062800
10/28/2025,LAJU,66,67,63,65,12071700
10/28/2025,LAND,35,35,34,34,2199200
10/28/2025,LAPD,218,220,216,216,5076300
10/28/2025,LCGP,0,0,0,0,0
10/28/2025,LCKM,214,226,200,204,38500
10/28/2025,LEAD,83,85,81,84,16218500
10/28/2025,LFLO,500,550,496,545,292500
10/28/2025,LIFE,9025,9025,8850,8850,8100
10/28/2025,LINK,2690,2690,2690,2690,22400
10/28/2025,LION,402,505,402,428,2820200
10/28/2025,LIVE,177,188,173,181,7207400
10/28/2025,LMAS,0,0,0,0,0
10/28/2025,LMAX,78,80,74,76,2758600
10/28/2025,LMPI,145,146,144,146,76100
10/28/2025,LMSH,0,0,0,0,0
10/28/2025,LOPI,102,110,96,96,13729400
10/28/2025,LPCK,600,620,580,610,976600
10/28/2025,LPGI,800,800,710,790,92700
10/28/2025,LPIN,466,468,462,464,349800
10/28/2025,LPKR,91,92,86,87,567164500
10/28/2025,LPLI,650,650,555,625,900200
10/28/2025,LPPF,1710,1715,1685,1695,2146900
10/28/2025,LPPS,125,125,115,120,5737000
10/28/2025,LRNA,180,189,179,180,1672000
10/28/2025,LSIP,1365,1400,1365,1390,15798300
10/28/2025,LSIPDRCK6A,61,61,44,44,12200
10/28/2025,LSIPHDCJ6A,0,0,0,0,0
10/28/2025,LSIPYUCZ5A,52,52,52,52,200
10/28/2025,LSIPZPCG6A,65,66,65,66,1205800
10/28/2025,LTLS,850,860,850,855,193800
10/28/2025,LUCK,98,99,95,98,535400
10/28/2025,LUCY,100,102,97,99,205100
10/28/2025,MABA,0,0,0,0,0
10/28/2025,MAGP,0,0,0,0,0
10/28/2025,MAHA,140,140,138,138,3638100
10/28/2025,MAIN,900,935,890,910,11227100
10/28/2025,MANG,64,64,61,63,2272900
10/28/2025,MANG-W,22,23,21,22,6586400
10/28/2025,MAPA,665,720,660,715,88589700
10/28/2025,MAPABQCZ5A,17,20,17,20,144400
10/28/2025,MAPADRCJ6A,18,22,18,22,2728400
10/28/2025,MAPAHDCZ5A,20,29,20,27,80600
10/28/2025,MAPAZPCH6A,34,39,34,38,1015800
10/28/2025,MAPB,1600,1600,1565,1565,2800
10/28/2025,MAPI,1200,1275,1190,1275,50230100
10/28/2025,MAPIDRCX5A,8,13,8,13,5882000
10/28/2025,MAPIHDCK6A,72,83,72,77,4255300
10/28/2025,MAPIZPCJ6A,51,51,51,51,200
10/28/2025,MARI,35,36,35,36,4462700
10/28/2025,MARK,670,725,670,710,31162300
10/28/2025,MASA,0,0,0,0,0
10/28/2025,MASB,0,0,0,0,0
10/28/2025,MAXI,55,55,54,54,6331700
10/28/2025,MAYA,244,250,240,242,3660100
10/28/2025,MBAP,1620,1625,1605,1620,47600
10/28/2025,MBMA,620,675,610,635,942103000
10/28/2025,MBMABQCX5A,45,63,44,48,13105700
10/28/2025,MBMADRCG6A,30,36,29,30,23640500
10/28/2025,MBMADRCX5A,70,91,68,78,4400
10/28/2025,MBMADRPX5A,3,4,2,3,18212600
10/28/2025,MBMAHDCH6A,114,123,114,114,2977200
10/28/2025,MBMAYUCK6A,149,153,143,143,4018000
10/28/2025,MBMAZPCK6A,38,43,38,39,7982900
10/28/2025,MBMAZPCX5A,159,159,157,157,900
10/28/2025,MBSS,1420,1460,1390,1440,1703700
10/28/2025,MBTO,222,276,204,276,18418800
10/28/2025,MCAS,810,880,795,825,663200
10/28/2025,MCOL,3780,3790,3730,3780,25300
10/28/2025,MCOR,72,73,70,71,7223100
10/28/2025,MDIA,33,34,33,34,4205600
10/28/2025,MDIY,1050,1070,1040,1050,307100
10/28/2025,MDKA,2250,2270,2150,2170,65667000
10/28/2025,MDKABQCX5B,10,11,8,9,32218500
10/28/2025,MDKADRCG6A,52,52,48,49,75000
10/28/2025,MDKADRCK6A,0,0,0,0,0
10/28/2025,MDKADRPX5A,0,0,0,0,0
10/28/2025,MDKAHDCZ5A,85,86,75,75,111800
10/28/2025,MDKAHDPH6A,0,0,0,0,0
10/28/2025,MDKAHDPJ6A,0,0,0,0,0
10/28/2025,MDKAYUCK6A,123,123,123,123,100
10/28/2025,MDKAZPCF6A,45,50,44,44,1217700
10/28/2025,MDKI,186,190,184,189,1919900
10/28/2025,MDLA,246,246,238,238,3965700
10/28/2025,MDLN,61,63,60,62,15641100
10/28/2025,MDRN,41,44,41,42,22017500
10/28/2025,MEDC,1330,1340,1300,1310,29685500
10/28/2025,MEDCBQCX5B,15,18,14,18,746600
10/28/2025,MEDCBQCZ5A,20,21,20,21,376000
10/28/2025,MEDCDRCG6A,40,40,25,35,300
10/28/2025,MEDCHDCH6A,89,90,89,90,2500
10/28/2025,MEDCZPCF6A,31,32,31,32,891500
10/28/2025,MEDS,71,73,69,69,9048300
10/28/2025,MEGA,3270,3330,3260,3260,3700
10/28/2025,MEJA,0,0,0,0,0
10/28/2025,MEJA-W,0,0,0,0,0
10/28/2025,MENN,53,54,52,53,5178500
10/28/2025,MERI,220,220,210,214,4067000
10/28/2025,MERK,2870,2870,2810,2810,47000
10/28/2025,META,0,0,0,0,0
10/28/2025,MFMI,0,0,0,0,0
10/28/2025,MGLV,386,414,384,414,239300
10/28/2025,MGNA,56,60,56,60,5245400
10/28/2025,MGNA-W,45,45,45,45,198800
10/28/2025,MGRO,760,780,755,770,4509200
10/28/2025,MHKI,238,246,224,234,13464700
10/28/2025,MICE,780,810,690,810,4616100
10/28/2025,MIDI,418,418,400,410,19194200
10/28/2025,MIKA,2560,2680,2560,2660,11896800
10/28/2025,MIKADRCV6A,0,0,0,0,0
10/28/2025,MIKAZPCG6A,32,32,30,30,6000
10/28/2025,MINA,176,179,172,173,61538200
10/28/2025,MINE,494,505,494,505,12203500
10/28/2025,MIRA,28,28,28,28,15057700
10/28/2025,MITI,308,320,304,312,1756200
10/28/2025,MKAP,342,352,340,344,389100
10/28/2025,MKNT,0,0,0,0,0
10/28/2025,MKPI,24250,25500,23475,23975,10100
10/28/2025,MKTR,147,148,140,148,1232100
10/28/2025,MKTR-W,3,4,2,3,6550300
10/28/2025,MLBI,5950,6000,5875,5900,48900
10/28/2025,MLIA,344,346,342,346,2933900
10/28/2025,MLPL,134,137,129,133,143780900
10/28/2025,MLPT,74450,85925,74450,84800,103200
10/28/2025,MMIX,226,258,218,244,7864000
10/28/2025,MMLP,560,560,555,555,5130600
10/28/2025,MNCN,260,266,258,264,21359400
10/28/2025,MNCNDRCN6A,50,50,25,29,2200
10/28/2025,MNCNHDCM6A,25,26,25,26,246700
10/28/2025,MNCNZPCM6A,12,13,12,13,55800
10/28/2025,MOLI,316,316,296,298,2566800
10/28/2025,MORA,0,0,0,0,0
10/28/2025,MPIX,67,67,64,65,10226700
10/28/2025,MPIX-W,10,10,9,10,113600
10/28/2025,MPMX,955,970,945,960,10154000
10/28/2025,MPOW,111,113,108,110,840000
10/28/2025,MPPA,63,65,62,62,30330100
10/28/2025,MPRO,6600,6600,6600,6600,3000
10/28/2025,MPXL,260,260,242,244,7091400
10/28/2025,MRAT,428,428,412,418,619800
10/28/2025,MREI,985,1005,960,995,131300
10/28/2025,MSIE,58,61,53,55,23130800
10/28/2025,MSIN,492,505,490,500,20818100
10/28/2025,MSJA,298,300,294,296,4530900
10/28/2025,MSKY,81,83,80,81,2314100
10/28/2025,MSTI,1535,1545,1505,1515,3918000
10/28/2025,MTDL,595,605,590,595,8772400
10/28/2025,MTEL,575,585,565,580,11116000
10/28/2025,MTELDRCK6A,0,0,0,0,0
10/28/2025,MTELHDCM6A,21,22,21,22,4753400
10/28/2025,MTELZPCM6A,15,15,15,15,157200
10/28/2025,MTFN,15,15,15,15,41534400
10/28/2025,MTLA,440,440,428,438,48100
10/28/2025,MTMH,1110,1140,1090,1100,123000
10/28/2025,MTPS,79,79,79,79,8105200
10/28/2025,MTRA,0,0,0,0,0
10/28/2025,MTSM,0,0,0,0,0
10/28/2025,MTWI,304,348,304,340,1203200
10/28/2025,MUTU,103,104,100,102,3689200
10/28/2025,MYOH,1665,1675,1620,1625,21200
10/28/2025,MYOR,2170,2280,2140,2240,20876200
10/28/2025,MYORDRCK6A,60,60,60,60,500000
10/28/2025,MYORHDCM6A,0,0,0,0,0
10/28/2025,MYORZPCH6A,31,35,31,35,300300
10/28/2025,MYTX,0,0,0,0,0
10/28/2025,NAIK,118,129,116,121,67280100
10/28/2025,NAIK-W,22,24,20,22,11951900
10/28/2025,NANO,54,57,52,54,12831700
10/28/2025,NASA,33,33,33,33,363700
10/28/2025,NASI,101,102,95,98,10824200
10/28/2025,NATO,147,150,144,145,131800
10/28/2025,NAYZ,172,174,163,168,8391100
10/28/2025,NCKL,1250,1310,1250,1305,100769200
10/28/2025,NCKLBQCM6A,58,60,58,60,53800
10/28/2025,NCKLDRCK6A,66,68,66,68,10900
10/28/2025,NCKLHDCK6A,90,94,90,94,36000
10/28/2025,NCKLYUCZ5A,145,145,145,145,100
10/28/2025,NCKLZPCJ6A,92,97,92,94,52200
10/28/2025,NCKLZPCM6A,43,46,43,46,7500
10/28/2025,NELY,364,370,360,362,466500
10/28/2025,NEST,362,370,352,356,22994300
10/28/2025,NETV,110,110,106,108,486100
10/28/2025,NFCX,1735,1770,1730,1740,15800
10/28/2025,NICE,430,436,428,432,1357800
10/28/2025,NICK,1490,1675,1260,1285,161300
10/28/2025,NICL,1040,1050,1030,1030,2131800
10/28/2025,NIKL,368,376,348,356,4082900
10/28/2025,NINE,0,0,0,0,0
10/28/2025,NIRO,280,336,254,276,198147800
10/28/2025,NISP,1355,1370,1350,1355,2264200
10/28/2025,NOBU,500,500,496,498,1949000
10/28/2025,NPGF,61,61,59,60,5718400
10/28/2025,NRCA,695,700,660,675,6123500
10/28/2025,NSSS,505,505,492,500,5882300
10/28/2025,NTBK,121,121,121,121,9814300
10/28/2025,NUSA,0,0,0,0,0
10/28/2025,NZIA,106,108,105,108,737600
10/28/2025,OASA,208,224,189,216,177974800
10/28/2025,OBAT,525,550,515,535,3189500
10/28/2025,OBAT-W,171,186,166,181,860300
10/28/2025,OBMD,250,262,244,250,3135600
10/28/2025,OCAP,0,0,0,0,0
10/28/2025,OILS,212,214,202,202,4429100
10/28/2025,OKAS,157,157,153,155,7851600
10/28/2025,OLIV,124,125,111,119,52604700
10/28/2025,OMED,187,190,185,189,1154600
10/28/2025,OMRE,472,472,472,472,100
10/28/2025,OPMS,99,99,93,94,3392500
10/28/2025,PACK,2430,2540,2400,2520,2456400
10/28/2025,PADA,108,108,107,107,97830700
10/28/2025,PADI,79,79,76,76,5227100
10/28/2025,PALM,380,390,380,388,486000
10/28/2025,PAMG,64,65,62,64,5619800
10/28/2025,PANI,13700,13700,13300,13500,4888600
10/28/2025,PANIBQCZ5A,22,22,21,22,165300
10/28/2025,PANIDRCG6A,58,75,58,59,600
10/28/2025,PANIHDCJ6A,90,91,88,88,7577500
10/28/2025,PANIHDCZ5A,0,0,0,0,0
10/28/2025,PANIZPCJ6A,56,56,54,54,278300
10/28/2025,PANR,645,665,640,660,351300
10/28/2025,PANS,1385,1395,1385,1390,68500
10/28/2025,PART,116,121,113,118,47229300
10/28/2025,PART-W,16,16,15,15,6934500
10/28/2025,PBID,486,494,484,486,1585200
10/28/2025,PBRX,36,36,35,35,9151700
10/28/2025,PBSA,875,890,865,875,251500
10/28/2025,PCAR,36,36,34,34,6249800
10/28/2025,PDES,630,630,610,625,144000
10/28/2025,PDPP,378,400,376,394,275300
10/28/2025,PEGE,122,133,122,128,2308700
10/28/2025,PEHA,334,346,330,336,90100
10/28/2025,PEVE,510,510,490,500,1023100
10/28/2025,PGAS,1710,1730,1700,1705,34329100
10/28/2025,PGASBQCZ5A,0,0,0,0,0
10/28/2025,PGASDRCG6A,58,58,58,58,100
10/28/2025,PGASDRCG6B,0,0,0,0,0
10/28/2025,PGASHDCK6A,0,0,0,0,0
10/28/2025,PGASZPCJ6A,0,0,0,0,0
10/28/2025,PGEO,1295,1330,1280,1325,19268200
10/28/2025,PGEOBQCX5B,3,5,3,5,4526700
10/28/2025,PGEODRCJ6A,20,28,20,28,63800
10/28/2025,PGEOHDCH6A,34,35,34,35,200
10/28/2025,PGEOHDCH6B,0,0,0,0,0
10/28/2025,PGEOHDPH6A,0,0,0,0,0
10/28/2025,PGEOYUCK6A,76,76,75,75,600
10/28/2025,PGEOZPCJ6A,0,0,0,0,0
10/28/2025,PGEOZPCM6A,42,42,40,40,2000
10/28/2025,PGJO,1100,1120,1030,1085,923300
10/28/2025,PGLI,0,0,0,0,0
10/28/2025,PGUN,14100,14900,12100,13900,283600
10/28/2025,PICO,236,236,220,232,2206700
10/28/2025,PIPA,302,406,290,358,579920000
10/28/2025,PJAA,530,530,510,525,158700
10/28/2025,PKPK,565,570,545,550,55000
10/28/2025,PLAN,45,47,44,46,6338800
10/28/2025,PLAS,0,0,0,0,0
10/28/2025,PLIN,0,0,0,0,0
10/28/2025,PMJS,115,118,115,117,316600
10/28/2025,PMMP,0,0,0,0,0
10/28/2025,PMUI,157,157,150,152,6561300
10/28/2025,PNBN,1005,1010,995,1000,6956800
10/28/2025,PNBS,53,53,51,52,13952200
10/28/2025,PNGO,3010,3170,2900,3030,217400
10/28/2025,PNIN,800,800,790,795,128200
10/28/2025,PNLF,238,238,234,236,32541100
10/28/2025,PNLFBQCM6A,17,17,16,16,75800
10/28/2025,PNLFDRCJ6A,11,11,10,10,13800
10/28/2025,PNLFHDCZ5A,0,0,0,0,0
10/28/2025,PNLFZPCH6A,28,28,28,28,100
10/28/2025,PNSE,785,785,710,750,19200
10/28/2025,POLA,38,38,38,38,4006900
10/28/2025,POLI,730,755,730,755,7500
10/28/2025,POLL,0,0,0,0,0
10/28/2025,POLU,25850,25850,22700,23050,28000
10/28/2025,POLY,25,25,25,25,1097400
10/28/2025,POOL,0,0,0,0,0
10/28/2025,PORT,1190,1190,1050,1155,153900
10/28/2025,POSA,0,0,0,0,0
10/28/2025,POWR,710,710,700,700,8160000
10/28/2025,PPGL,134,146,127,141,7771800
10/28/2025,PPRE,138,138,126,130,98407800
10/28/2025,PPRI,364,378,342,360,16134600
10/28/2025,PPRO,0,0,0,0,0
10/28/2025,PRAY,795,795,760,790,23100
10/28/2025,PRDA,2610,2630,2590,2620,125700
10/28/2025,PRIM,79,81,78,80,2599700
10/28/2025,PSAB,550,565,545,545,73628300
10/28/2025,PSAT,1335,1365,1335,1350,488700
10/28/2025,PSDN,104,107,102,102,1604400
10/28/2025,PSGO,240,242,224,238,7625800
10/28/2025,PSKT,116,126,116,126,18500700
10/28/2025,PSSI,350,360,348,354,908800
10/28/2025,PTBA,2360,2360,2330,2350,7232900
10/28/2025,PTBABQCV5A,1,2,1,1,8276000
10/28/2025,PTBADRCG6A,17,20,17,17,349900
10/28/2025,PTBAHDCM6A,53,53,53,53,19200
10/28/2025,PTBAYUCZ5A,0,0,0,0,0
10/28/2025,PTBAZPCH6A,33,33,33,33,1400
10/28/2025,PTDU,0,0,0,0,0
10/28/2025,PTIS,408,408,396,404,8600
10/28/2025,PTMP,83,89,82,83,22040300
10/28/2025,PTMR,0,0,0,0,0
10/28/2025,PTPP,386,394,382,386,7191300
10/28/2025,PTPS,204,208,200,200,10681400
10/28/2025,PTPW,965,970,960,970,67500
10/28/2025,PTRO,6575,6800,6175,6550,92052500
10/28/2025,PTRODRCG6A,166,246,103,150,466200
10/28/2025,PTROHDCK6A,304,334,300,316,3968500
10/28/2025,PTROYUCK6A,318,318,318,318,100
10/28/2025,PTROZPCK6A,157,171,149,159,588600
10/28/2025,PTSN,408,418,388,396,2651300
10/28/2025,PTSP,925,925,900,925,4600
10/28/2025,PUDP,0,0,0,0,0
10/28/2025,PURA,25,26,25,26,1840700
10/28/2025,PURE,0,0,0,0,0
10/28/2025,PURI,372,464,344,464,75443200
10/28/2025,PWON,368,370,366,370,25082400
10/28/2025,PWONDRCN6A,0,0,0,0,0
10/28/2025,PWONHDCZ5A,54,54,54,54,200
10/28/2025,PWONZPCH6A,28,28,28,28,62900
10/28/2025,PYFA,540,540,515,525,17490500
10/28/2025,PYFA-W,117,120,113,118,99700
10/28/2025,PZZA,250,250,220,224,31409500
10/28/2025,RAAM,282,282,276,276,9589400
10/28/2025,R-ABFII,0,0,0,0,0
10/28/2025,RAFI,33,33,33,33,35502900
10/28/2025,RAJA,3860,4100,3750,4010,49939700
10/28/2025,RAJADRCG6A,140,194,140,162,1130700
10/28/2025,RAJAHDCK6A,150,170,147,164,2798100
10/28/2025,RAJAZPCK6A,79,87,75,81,474000
10/28/2025,RALS,438,442,428,428,9427100
10/28/2025,RANC,840,850,795,825,244000
10/28/2025,RATU,6800,7175,6550,7050,17204200
10/28/2025,RBMS,36,36,34,34,51300
10/28/2025,RCCC,240,250,228,238,2366000
10/28/2025,RDTX,12275,12275,12275,12275,100
10/28/2025,REAL,98,101,80,80,1728210600
10/28/2025,RELF,42,44,41,43,9287800
10/28/2025,RELI,610,640,600,625,9600
10/28/2025,RGAS,97,99,95,96,20535700
10/28/2025,RICY,66,66,66,66,43100
10/28/2025,RIGS,795,800,790,800,26600
10/28/2025,RIMO,0,0,0,0,0
10/28/2025,RISE,9125,12850,9125,12850,6532400
10/28/2025,R-LQ45X,1006,1010,1005,1005,2100
10/28/2025,RMKE,2850,2850,2500,2810,2827400
10/28/2025,RMKO,244,252,236,252,2992900
10/28/2025,ROCK,585,590,585,585,35200
10/28/2025,RODA,45,45,45,45,332300
10/28/2025,RONY,3420,3510,3420,3420,45700
10/28/2025,ROTI,800,805,795,795,171600
10/28/2025,RSCH,386,392,386,386,146700
10/28/2025,RSGK,0,0,0,0,0
10/28/2025,RUIS,200,202,199,199,691900
10/28/2025,RUNS,92,101,92,101,785900
10/28/2025,SAFE,178,178,170,175,805900
10/28/2025,SAGE,34,34,32,32,3320500
10/28/2025,SAME,304,306,298,302,620300
10/28/2025,SAMF,312,320,310,320,148500
10/28/2025,SAPX,306,332,300,308,2393300
10/28/2025,SATU,252,252,246,248,2948200
10/28/2025,SBAT,0,0,0,0,0
10/28/2025,SBMA,135,139,131,135,2936700
10/28/2025,SCCO,2410,2510,2340,2380,54200
10/28/2025,SCMA,330,338,326,330,223197400
10/28/2025,SCMABQCZ5A,153,153,153,153,100
10/28/2025,SCMADRCG6A,18,18,15,15,2549500
10/28/2025,SCMADRCK6A,0,0,0,0,0
10/28/2025,SCMAHDCK6A,42,42,41,41,50300
10/28/2025,SCMAHDCZ5A,330,330,330,330,180100
10/28/2025,SCMAYUCK6A,74,74,74,74,100
10/28/2025,SCMAZPCG6A,181,200,173,200,8900
10/28/2025,SCMAZPCM6A,41,41,41,41,122200
10/28/2025,SCNP,158,162,155,157,192100
10/28/2025,SCPI,0,0,0,0,0
10/28/2025,SDMU,64,64,61,61,1672600
10/28/2025,SDPC,139,140,137,139,630700
10/28/2025,SDRA,282,282,280,282,553700
10/28/2025,SEMA,102,102,99,101,677200
10/28/2025,SFAN,1915,1925,1915,1920,73100
10/28/2025,SGER,500,515,456,480,417326600
10/28/2025,SGRO,5100,5250,5025,5100,1779000
10/28/2025,SHID,870,890,870,870,1200
10/28/2025,SHIP,5275,5300,5150,5250,3300
10/28/2025,SICO,127,129,126,127,1624300
10/28/2025,SIDO,570,580,560,570,29418300
10/28/2025,SIDODRCK6A,0,0,0,0,0
10/28/2025,SIDOZPCM6A,19,19,19,19,140000
10/28/2025,SILO,1895,1965,1875,1915,1249800
10/28/2025,SIMA,0,0,0,0,0
10/28/2025,SIMP,615,625,610,620,5992700
10/28/2025,SINI,4900,5000,4900,4970,83400
10/28/2025,SIPD,725,725,725,725,200
10/28/2025,SKBM,464,466,422,442,206400
10/28/2025,SKLT,202,206,199,199,162800
10/28/2025,SKRN,0,0,0,0,0
10/28/2025,SKYB,0,0,0,0,0
10/28/2025,SLIS,72,95,70,95,926490100
10/28/2025,SLIS-W,15,22,14,21,135318900
10/28/2025,SMAR,5200,5200,5000,5075,109700
10/28/2025,SMBR,270,274,268,270,4376700
10/28/2025,SMCB,0,0,0,0,0
10/28/2025,SMDM,830,840,815,835,43000
10/28/2025,SMDR,318,322,316,318,13467600
10/28/2025,SMGA,131,141,127,132,252768700
10/28/2025,SMGR,2750,2760,2700,2710,6059400
10/28/2025,SMGRBQCX5B,33,33,32,32,2300
10/28/2025,SMGRBQCZ5A,10,11,9,10,2795800
10/28/2025,SMGRDRCG6A,44,44,43,43,3000
10/28/2025,SMGRHDCZ5A,66,66,66,66,2200
10/28/2025,SMGRZPCJ6A,0,0,0,0,0
10/28/2025,SMIL,550,555,468,468,304031900
10/28/2025,SMKL,169,169,145,167,222800
10/28/2025,SMKM,173,177,164,166,13655800
10/28/2025,SMLE,306,306,278,290,4600600
10/28/2025,SMMA,12325,12850,12200,12225,44000
10/28/2025,SMMT,1900,2040,1685,1965,4768600
10/28/2025,SMRA,396,398,392,394,31229800
10/28/2025,SMRADRCG6A,0,0,0,0,0
10/28/2025,SMRADRCJ6A,20,20,19,19,1400
10/28/2025,SMRAHDCZ5A,0,0,0,0,0
10/28/2025,SMRAZPCH6A,38,38,38,38,13200
10/28/2025,SMRU,0,0,0,0,0
10/28/2025,SMSM,1850,1860,1835,1855,1034900
10/28/2025,SNLK,408,418,404,416,10390400
10/28/2025,SOCI,210,218,206,212,6774600
10/28/2025,SOFA,308,308,308,308,24751800
10/28/2025,SOHO,1930,2040,1925,2040,708700
10/28/2025,SOLA,133,144,131,144,28972600
10/28/2025,SONA,2890,2890,2500,2670,166400
10/28/2025,SOSS,1035,1135,1010,1120,56800
10/28/2025,SOTS,286,340,286,314,121200
10/28/2025,SOUL,88,88,73,79,4675800
10/28/2025,SPMA,384,390,372,376,676800
10/28/2025,SPRE,100,110,100,110,1857900
10/28/2025,SPTO,640,645,640,645,661100
10/28/2025,SQMI,0,0,0,0,0
10/28/2025,SRAJ,11700,11825,11350,11725,842800
10/28/2025,SRIL,0,0,0,0,0
10/28/2025,SRSN,65,66,61,62,22575600
10/28/2025,SRTG,1660,1720,1660,1700,6393300
10/28/2025,SRTGDRCK6A,0,0,0,0,0
10/28/2025,SRTGHDCK6A,0,0,0,0,0
10/28/2025,SRTGZPCG6A,66,66,66,66,1900000
10/28/2025,SRTGZPCK6A,0,0,0,0,0
10/28/2025,SSIA,1640,1665,1595,1625,24740100
10/28/2025,SSMS,1700,1720,1650,1670,7832900
10/28/2025,SSTM,700,700,635,700,744500
10/28/2025,STAA,1490,1490,1415,1415,28041100
10/28/2025,STAR,75,80,74,80,48300
10/28/2025,STRK,149,150,141,141,5190400
10/28/2025,STTP,10400,10400,10175,10175,6700
10/28/2025,SUGI,0,0,0,0,0
10/28/2025,SULI,147,147,140,145,1349600
10/28/2025,SUNI,780,785,775,780,280900
10/28/2025,SUPR,0,0,0,0,0
10/28/2025,SURE,2690,2710,2560,2690,2100
10/28/2025,SURI,100,101,98,101,3449400
10/28/2025,SWAT,0,0,0,0,0
10/28/2025,SWID,87,108,87,89,53221300
10/28/2025,TALF,430,434,408,424,33500
10/28/2025,TAMA,30,30,30,30,258500
10/28/2025,TAMU,27,27,27,27,5030000
10/28/2025,TAPG,1720,1785,1720,1770,15630200
10/28/2025,TAPGDRCG6A,43,43,43,43,500000
10/28/2025,TAPGDRCJ6A,115,115,115,115,43400
10/28/2025,TAPGHDCH6A,240,246,240,242,994600
10/28/2025,TAPGZPCH6A,134,134,134,134,100
10/28/2025,TAPGZPCM6A,52,52,39,42,671400
10/28/2025,TARA,28,28,25,26,2882000
10/28/2025,TAXI,14,15,14,15,32064200
10/28/2025,TAYS,73,74,72,72,2907200
10/28/2025,TBIG,1870,1900,1825,1825,664700
10/28/2025,TBLA,795,800,785,790,1955600
10/28/2025,TBMS,1485,1510,1440,1460,46500
10/28/2025,TCID,3160,3170,3100,3110,11900
10/28/2025,TCPI,7275,7375,7225,7300,7185500
10/28/2025,TDPM,0,0,0,0,0
10/28/2025,TEBE,2340,2400,2000,2150,25167900
10/28/2025,TECH,0,0,0,0,0
10/28/2025,TELE,0,0,0,0,0
10/28/2025,TFAS,240,260,240,248,2769700
10/28/2025,TFCO,0,0,0,0,0
10/28/2025,TGKA,5300,5300,5275,5300,3300
10/28/2025,TGRA,0,0,0,0,0
10/28/2025,TGUK,0,0,0,0,0
10/28/2025,TIFA,408,416,408,416,2800
10/28/2025,TINS,2460,2550,2460,2550,13455200
10/28/2025,TIRA,1395,1585,1280,1325,112700
10/28/2025,TIRT,0,0,0,0,0
10/28/2025,TKIM,6975,7150,6925,7100,2062300
10/28/2025,TKIMDRCN6A,81,81,81,81,2700
10/28/2025,TKIMHDCJ6A,0,0,0,0,0
10/28/2025,TKIMZPCG6A,88,91,88,88,5100
10/28/2025,TKIMZPCK6A,27,27,27,27,300000
10/28/2025,TLDN,805,805,765,785,1503100
10/28/2025,TLKM,3330,3480,3270,3400,143082100
10/28/2025,TLKMBQCG6A,69,69,69,69,10000
10/28/2025,TLKMBQCJ6A,67,67,59,59,2000
10/28/2025,TLKMDRCJ6A,95,95,75,78,1300
10/28/2025,TLKMDRCX6A,0,0,0,0,0
10/28/2025,TLKMHDCJ6A,60,72,56,68,789300
10/28/2025,TLKMYUCK6A,117,117,117,117,100
10/28/2025,TLKMZPCF6A,108,112,108,112,69100
10/28/2025,TLKMZPCM6A,58,60,51,51,42100
10/28/2025,TMAS,128,131,128,130,2433400
10/28/2025,TMPO,163,165,161,164,1723300
10/28/2025,TNCA,248,250,238,244,472100
10/28/2025,TOBA,975,1020,945,1000,112590200
10/28/2025,TOOL,55,56,54,56,2185200
10/28/2025,TOPS,0,0,0,0,0
10/28/2025,TOSK,75,75,72,73,34262100
10/28/2025,TOTL,950,985,935,955,6061100
10/28/2025,TOTO,282,288,280,286,2116300
10/28/2025,TOWR,525,530,520,525,12828800
10/28/2025,TOWRDRCN6A,17,17,17,17,5100
10/28/2025,TOWRHDCK6A,21,22,21,21,118100
10/28/2025,TOYS,0,0,0,0,0
10/28/2025,TPIA,7450,7475,7075,7150,13533000
10/28/2025,TPMA,585,590,580,580,2473800
10/28/2025,TRAM,0,0,0,0,0
10/28/2025,TRGU,183,183,180,183,144600
10/28/2025,TRIL,0,0,0,0,0
10/28/2025,TRIM,500,505,494,500,1057300
10/28/2025,TRIN,340,362,340,362,29694200
10/28/2025,TRIN-W2,0,0,0,0,0
10/28/2025,TRIO,0,0,0,0,0
10/28/2025,TRIS,180,187,180,181,620500
10/28/2025,TRJA,162,176,159,170,1783200
10/28/2025,TRON,76,79,75,79,5038700
10/28/2025,TRST,478,486,468,484,106000
10/28/2025,TRUE,0,0,0,0,0
10/28/2025,TRUK,286,306,286,302,1883500
10/28/2025,TRUS,420,422,410,420,49700
10/28/2025,TSPC,2790,2850,2770,2800,857400
10/28/2025,TUGU,1040,1055,1035,1040,2237900
10/28/2025,TYRE,127,127,121,125,802100
10/28/2025,UANG,2470,2560,2250,2460,1244500
10/28/2025,UCID,462,466,458,464,924200
10/28/2025,UDNG,2760,2990,2600,2990,879800
10/28/2025,UFOE,187,188,182,186,682900
10/28/2025,ULTJ,1365,1460,1365,1450,24895200
10/28/2025,UNIC,8100,8150,7850,8025,23500
10/28/2025,UNIQ,334,354,334,354,40318900
10/28/2025,UNIT,0,0,0,0,0
10/28/2025,UNSP,172,173,172,172,249700
10/28/2025,UNTD,86,87,85,86,11715000
10/28/2025,UNTR,27975,28000,27625,27625,3128400
10/28/2025,UNTRBQCV5A,96,97,96,97,2500
10/28/2025,UNTRDRCG6A,185,185,185,185,100
10/28/2025,UNTRHDCM6A,191,193,191,193,200100
10/28/2025,UNTRZPCJ6A,181,181,181,181,7300
10/28/2025,UNVR,2680,2720,2450,2490,156918700
10/28/2025,UNVRBQCZ5A,316,318,228,230,3200700
10/28/2025,UNVRDRCG6A,200,200,118,120,94200
10/28/2025,UNVRHDCM6A,186,186,169,169,1021200
10/28/2025,UNVRHDPG6A,21,26,20,26,3096700
10/28/2025,UNVRZPCH6A,125,125,104,104,2090500
10/28/2025,UNVRZPCM6A,134,134,116,116,746100
10/28/2025,URBN,139,154,137,145,3257100
10/28/2025,UVCR,68,71,67,68,2690900
10/28/2025,VAST,155,155,152,152,174000
10/28/2025,VAST-W,12,13,12,13,132200
10/28/2025,VERN,120,121,118,118,1052300
10/28/2025,VICI,620,620,610,620,228400
10/28/2025,VICO,182,185,180,181,86400
10/28/2025,VINS,144,149,143,144,253900
10/28/2025,VISI,196,202,196,199,7835000
10/28/2025,VIVA,29,29,29,29,9246600
10/28/2025,VKTR,314,336,314,326,26086800
10/28/2025,VOKS,276,282,264,276,33700
10/28/2025,VRNA,83,85,82,85,197900
10/28/2025,VTNY,92,93,91,92,9189100
10/28/2025,WAPO,195,202,173,176,38681800
10/28/2025,WEGE,70,71,67,68,37605100
10/28/2025,WEHA,107,108,106,106,603800
10/28/2025,WGSH,270,270,258,270,1283500
10/28/2025,WICO,0,0,0,0,0
10/28/2025,WIDI,43,44,39,41,6263700
10/28/2025,WIFI,3010,3070,2970,3050,44487600
10/28/2025,WIIM,1255,1260,1185,1185,14343200
10/28/2025,WIKA,0,0,0,0,0
10/28/2025,WINE,204,204,199,202,2670000
10/28/2025,WINR,35,36,35,35,13549700
10/28/2025,WINS,434,440,434,440,256900
10/28/2025,WIRG,107,108,104,106,202228100
10/28/2025,WMPP,0,0,0,0,0
10/28/2025,WMUU,32,32,31,31,40044800
10/28/2025,WOMF,336,336,334,336,19100
10/28/2025,WOOD,462,470,452,452,1541300
10/28/2025,WOWS,90,92,82,85,134305900
10/28/2025,WSBP,24,26,24,25,45166500
10/28/2025,WSKT,0,0,0,0,0
10/28/2025,WTON,103,106,102,104,19430300
10/28/2025,XAQA,0,0,0,0,0
10/28/2025,XBES,0,0,0,0,0
10/28/2025,XBID,530,530,530,530,40000
10/28/2025,XBIG,0,0,0,0,0
10/28/2025,XBIN,602,602,601,601,40100
10/28/2025,XBLQ,0,0,0,0,0
10/28/2025,XBNI,0,0,0,0,0
10/28/2025,XBSK,459,459,459,459,40000
10/28/2025,XCEG,106,108,106,108,1600
10/28/2025,XCID,52,54,51,53,263200
10/28/2025,XCIS,76,83,76,83,6500
10/28/2025,XCLQ,74,92,74,86,6600
10/28/2025,XDIF,460,670,460,490,10200
10/28/2025,XIFE,109,110,109,110,10200
10/28/2025,XIHD,651,651,645,645,1300
10/28/2025,XIIC,0,0,0,0,0
10/28/2025,XIID,511,511,511,511,1300
10/28/2025,XIIF,461,461,461,461,30000
10/28/2025,XIIT,540,555,513,538,18100
10/28/2025,XIJI,671,680,669,669,9800
10/28/2025,XILV,102,121,102,121,300
10/28/2025,XIML,212,248,212,248,500
10/28/2025,XIPB,159,195,159,195,400
10/28/2025,XIPI,226,226,226,226,200
10/28/2025,XISB,262,262,262,262,100
10/28/2025,XISC,1185,1185,810,1140,21500
10/28/2025,XISI,0,0,0,0,0
10/28/2025,XISR,430,430,430,430,200
10/28/2025,XKID,0,0,0,0,0
10/28/2025,XKIV,611,611,611,611,40000
10/28/2025,XKMS,1162,1162,1150,1151,200000
10/28/2025,XMGB,0,0,0,0,0
10/28/2025,XMIG,216,216,216,216,200000
10/28/2025,XMLF,904,904,901,901,40300
10/28/2025,XMSK,396,400,396,399,800
10/28/2025,XNVE,0,0,0,0,0
10/28/2025,XPDV,476,690,476,624,12900
10/28/2025,XPFT,0,0,0,0,0
10/28/2025,XPIN,648,652,648,652,2300
10/28/2025,XPLQ,515,515,515,515,100
10/28/2025,XPSG,336,406,336,395,40600
10/28/2025,XPTD,488,488,487,487,2000
10/28/2025,XSBC,105,106,105,106,12100
10/28/2025,XSPI,0,0,0,0,0
10/28/2025,XSSI,87,87,86,87,1700
10/28/2025,XSSK,719,719,713,713,20100
10/28/2025,YELO,68,68,66,66,7116400
10/28/2025,YOII,101,102,98,102,3607300
10/28/2025,YPAS,510,510,500,500,4400
10/28/2025,YULE,2700,2710,2600,2700,11100
10/28/2025,YUPI,1700,1710,1685,1705,47400
10/28/2025,ZATA,70,78,66,72,392605100
10/28/2025,ZBRA,0,0,0,0,0
10/28/2025,ZINC,32,32,30,30,7595500
10/28/2025,ZONE,575,575,560,570,9800
10/28/2025,ZYRX,138,147,132,146,1719700
