<date>,<ticker>,<open>,<high>,<low>,<close>,<volume>
10/22/2025,IHSG,8235.700,8261.840,8141.990,8152.553,28570623500
10/22/2025,AADI,8050,8050,7925,7950,8364600
10/22/2025,AADIDRCN6A,94,94,93,94,501500
10/22/2025,AADIHDCK6A,96,98,95,96,106700
10/22/2025,AADIYUCK6A,306,306,306,306,100
10/22/2025,AALI,8025,8275,8000,8125,4196800
10/22/2025,ABBA,59,59,57,57,3018200
10/22/2025,ABDA,0,0,0,0,0
10/22/2025,ABMM,2840,2930,2830,2830,3127800
10/22/2025,ACES,430,458,426,444,193759400
10/22/2025,ACESBQCV5A,0,0,0,0,0
10/22/2025,ACESBQCX5B,4,6,3,5,26404700
10/22/2025,ACESBQCZ5A,16,17,15,16,290200
10/22/2025,ACESDRCJ6A,11,14,10,13,25592600
10/22/2025,ACESHDCZ5A,20,24,20,21,46600
10/22/2025,ACESZPCJ6A,17,21,17,19,11598200
10/22/2025,ACRO,86,87,84,86,7231500
10/22/2025,ACRO-W,7,8,7,8,8390500
10/22/2025,ACST,137,138,128,133,19001600
10/22/2025,ADCP,55,60,54,59,72550100
10/22/2025,ADES,13950,15000,13900,14750,86100
10/22/2025,ADHI,268,282,262,278,52258600
10/22/2025,ADMF,8700,8750,8700,8700,31000
10/22/2025,ADMG,133,135,132,132,349800
10/22/2025,ADMR,1350,1360,1300,1305,56090900
10/22/2025,ADMRDRCJ6A,66,67,61,62,6566200
10/22/2025,ADMRHDCJ6A,103,104,99,99,1061800
10/22/2025,ADMRZPCH6A,85,89,85,85,257300
10/22/2025,ADRO,1810,1820,1755,1775,120500800
10/22/2025,ADROBQCG6A,65,65,63,64,234000
10/22/2025,ADROBQCZ5A,9,11,9,9,1622900
10/22/2025,ADRODRCJ6A,55,55,52,53,395300
10/22/2025,ADRODRCX5A,37,37,31,31,357700
10/22/2025,ADROHDCZ5A,43,44,43,43,1300
10/22/2025,ADROHDPH6A,101,102,100,102,214800
10/22/2025,ADROYUCZ5A,49,49,49,49,100
10/22/2025,ADROZPCF6A,22,22,22,22,100000
10/22/2025,ADROZPCK6A,51,52,50,50,21100
10/22/2025,AEGS,42,47,40,45,32316200
10/22/2025,AGAR,244,284,240,270,2463400
10/22/2025,AGII,1505,1630,1505,1600,3118000
10/22/2025,AGRO,226,228,220,222,16433400
10/22/2025,AGRS,69,71,68,69,5430000
10/22/2025,AHAP,83,92,83,87,53456700
10/22/2025,AIMS,434,434,402,402,158600
10/22/2025,AISA,138,138,134,136,5703900
10/22/2025,AKKU,0,0,0,0,0
10/22/2025,AKPI,580,630,565,580,174800
10/22/2025,AKRA,1135,1145,1095,1095,21046600
10/22/2025,AKRABQCX5B,0,0,0,0,0
10/22/2025,AKRADRCX5A,16,16,13,14,74500
10/22/2025,AKRAHDCH6A,41,41,41,41,2500
10/22/2025,AKRAZPCJ6A,0,0,0,0,0
10/22/2025,AKRAZPCM6A,30,30,28,28,611100
10/22/2025,AKRAZPCX5A,0,0,0,0,0
10/22/2025,AKSI,470,470,410,470,15154800
10/22/2025,ALDO,492,498,492,498,145300
10/22/2025,ALII,575,595,555,570,3964900
10/22/2025,ALKA,356,366,352,362,187800
10/22/2025,ALMI,0,0,0,0,0
10/22/2025,ALTO,0,0,0,0,0
10/22/2025,AMAG,346,352,342,348,190400
10/22/2025,AMAN,139,159,135,158,8370500
10/22/2025,AMAR,226,228,220,228,1210400
10/22/2025,AMFG,3550,3550,3380,3520,50100
10/22/2025,AMIN,284,288,268,282,308400
10/22/2025,AMMN,7375,7575,7250,7400,22906500
10/22/2025,AMMNBQCZ5A,17,17,14,15,9722100
10/22/2025,AMMNDRCJ6A,49,51,47,49,113000
10/22/2025,AMMNHDCH6A,74,74,74,74,800
10/22/2025,AMMNZPCG6A,35,35,31,32,48600
10/22/2025,AMMS,306,320,300,310,2385700
10/22/2025,AMOR,422,422,418,418,326900
10/22/2025,AMRT,2210,2230,2180,2190,50450700
10/22/2025,AMRTBQCH6A,31,34,31,32,159100
10/22/2025,AMRTDRCZ5A,0,0,0,0,0
10/22/2025,AMRTHDCJ6A,24,24,21,23,731700
10/22/2025,AMRTZPCK6A,28,28,26,27,900
10/22/2025,AMRTZPCX5A,0,0,0,0,0
10/22/2025,ANDI,24,26,24,25,16363600
10/22/2025,ANJT,2250,2280,2170,2210,525600
10/22/2025,ANTM,3150,3230,3120,3170,114865300
10/22/2025,ANTMBQCX5A,52,52,37,41,780400
10/22/2025,ANTMBQCZ5A,0,0,0,0,0
10/22/2025,ANTMDRCG6A,43,44,42,42,1475600
10/22/2025,ANTMDRCG6B,59,64,59,64,104100
10/22/2025,ANTMDRCX5A,0,0,0,0,0
10/22/2025,ANTMDRPZ5A,31,31,29,30,723600
10/22/2025,ANTMHDCH6A,0,0,0,0,0
10/22/2025,ANTMHDCH6B,126,126,122,123,130000
10/22/2025,ANTMHDPH6A,61,64,60,62,2038300
10/22/2025,ANTMZPCJ6A,69,76,69,72,1482700
10/22/2025,ANTMZPCK6A,33,33,28,30,3600700
10/22/2025,ANTMZPCX5A,200,200,198,200,76200
10/22/2025,APEX,137,137,130,133,37429500
10/22/2025,APIC,1120,1130,1110,1125,5366600
10/22/2025,APII,185,189,182,183,392500
10/22/2025,APLI,474,486,448,474,102000
10/22/2025,APLN,104,104,101,101,18573500
10/22/2025,ARCI,1180,1315,1160,1250,268726600
10/22/2025,AREA,505,510,500,505,820300
10/22/2025,ARGO,1025,1110,1020,1100,253400
10/22/2025,ARII,276,276,268,274,275400
10/22/2025,ARKA,30,30,30,30,1191600
10/22/2025,ARKO,1350,1410,1345,1380,1110100
10/22/2025,ARMY,0,0,0,0,0
10/22/2025,ARNA,520,530,515,520,9329000
10/22/2025,ARTA,3150,3230,3080,3120,3100
10/22/2025,ARTI,0,0,0,0,0
10/22/2025,ARTO,2020,2060,1995,2020,7411500
10/22/2025,ARTOBQCX5B,0,0,0,0,0
10/22/2025,ARTOBQCZ5A,8,8,7,7,3870100
10/22/2025,ARTODRCK6A,58,58,58,58,400
10/22/2025,ARTODRCX5A,0,0,0,0,0
10/22/2025,ARTOHDCZ5A,87,87,83,87,1900
10/22/2025,ARTOZPCK6A,38,38,36,38,85900
10/22/2025,ARTOZPCX5A,0,0,0,0,0
10/22/2025,ASBI,494,500,476,492,3000
10/22/2025,ASDM,535,550,535,540,13200
10/22/2025,ASGR,1080,1110,1075,1095,738300
10/22/2025,ASHA,65,70,65,70,16198300
10/22/2025,ASII,6050,6300,6000,6175,98615300
10/22/2025,ASIIBQCZ5A,0,0,0,0,0
10/22/2025,ASIIDRCX5A,169,173,169,173,160000
10/22/2025,ASIIDRCX6A,0,0,0,0,0
10/22/2025,ASIIHDCZ5A,198,198,198,198,500000
10/22/2025,ASIIZPCJ6A,0,0,0,0,0
10/22/2025,ASIIZPCM6A,39,41,39,40,149400
10/22/2025,ASJT,130,134,127,130,1529100
10/22/2025,ASLC,83,85,81,84,59797800
10/22/2025,ASLI,179,179,179,179,3982100
10/22/2025,ASMI,28,28,26,26,1197900
10/22/2025,ASPI,0,0,0,0,0
10/22/2025,ASPR,99,107,98,104,31347700
10/22/2025,ASRI,177,182,167,169,177607800
10/22/2025,ASRM,390,390,370,382,269600
10/22/2025,ASSA,1025,1060,995,1005,33074700
10/22/2025,ATAP,102,102,102,102,590800
10/22/2025,ATIC,426,436,422,434,136000
10/22/2025,ATLA,70,71,67,69,77654000
10/22/2025,AUTO,2310,2390,2300,2370,4702500
10/22/2025,AUTODRCV6A,0,0,0,0,0
10/22/2025,AUTOZPCJ6A,34,34,31,31,5800
10/22/2025,AVIA,426,426,416,416,11977300
10/22/2025,AVIADRCV6A,0,0,0,0,0
10/22/2025,AVIAZPCJ6A,0,0,0,0,0
10/22/2025,AWAN,226,230,222,226,20307200
10/22/2025,AXIO,122,122,120,121,165300
10/22/2025,AYAM,179,183,178,182,92371500
10/22/2025,AYLS,176,236,175,236,75857900
10/22/2025,BABP,53,54,53,54,11508200
10/22/2025,BABY,535,540,456,456,7719100
10/22/2025,BACA,140,145,139,140,1191800
10/22/2025,BAIK,100,101,99,99,278600
10/22/2025,BAIK-W,9,9,8,8,888000
10/22/2025,BAJA,159,172,157,164,30212000
10/22/2025,BALI,1185,1200,1160,1175,99800
10/22/2025,BANK,825,845,825,830,7067700
10/22/2025,BANK-W,805,805,805,805,100
10/22/2025,BAPA,65,71,64,68,19516800
10/22/2025,BAPI,24,24,23,24,6268900
10/22/2025,BATA,56,56,55,56,57100
10/22/2025,BATR,105,108,104,107,3489400
10/22/2025,BAUT,40,41,36,41,5434800
10/22/2025,BAYU,1280,1315,1280,1300,47900
10/22/2025,BBCA,8700,8700,8200,8200,392957200
10/22/2025,BBCABQCG6A,120,120,77,79,9860800
10/22/2025,BBCABQCV5A,0,0,0,0,0
10/22/2025,BBCABQCX5A,12,12,10,10,3279100
10/22/2025,BBCADRCF6A,41,43,32,33,23443900
10/22/2025,BBCADRCX6A,4130,4190,3850,3850,2000
10/22/2025,BBCAHDCQ7A,77,80,64,64,4921600
10/22/2025,BBCAYUCK6A,202,202,192,192,77700
10/22/2025,BBCAZPCF6A,27,30,21,22,24884400
10/22/2025,BBCAZPCH6A,87,95,79,90,2464700
10/22/2025,BBHI,1520,1530,1480,1480,1213300
10/22/2025,BBKP,70,70,68,68,97951000
10/22/2025,BBLD,910,910,880,900,4700
10/22/2025,BBMD,2110,2110,2040,2040,800
10/22/2025,BBNI,4070,4150,4000,4030,81226400
10/22/2025,BBNIBQCG6A,57,57,57,57,100000
10/22/2025,BBNIBQCV5A,0,0,0,0,0
10/22/2025,BBNIDRCX6A,2090,2090,2090,2090,200
10/22/2025,BBNIDRCZ5A,35,36,32,33,583000
10/22/2025,BBNIDRPZ5A,62,64,59,64,2560800
10/22/2025,BBNIHDCQ7A,75,75,70,70,179300
10/22/2025,BBNIZPCH6A,75,75,73,73,16400
10/22/2025,BBNIZPCX5A,0,0,0,0,0
10/22/2025,BBRI,3790,3820,3680,3700,329470700
10/22/2025,BBRIBQCJ6A,44,46,41,42,975300
10/22/2025,BBRIBQCZ5A,28,29,24,24,262000
10/22/2025,BBRIDRCG6A,74,74,69,69,130400
10/22/2025,BBRIDRCN6A,90,90,90,90,11500
10/22/2025,BBRIDRCX5A,81,81,71,71,68800
10/22/2025,BBRIDRCX6A,2020,2020,1980,1980,700
10/22/2025,BBRIDRPZ5A,52,55,52,54,87900
10/22/2025,BBRIHDCH6A,97,97,97,97,21500
10/22/2025,BBRIHDCQ7A,74,77,69,70,138400
10/22/2025,BBRIZPCH6A,66,72,64,65,6874300
10/22/2025,BBRIZPCX5A,0,0,0,0,0
10/22/2025,BBRM,85,85,84,85,2851500
10/22/2025,BBSI,3920,4100,3920,4050,8100
10/22/2025,BBSS,340,340,324,334,26200
10/22/2025,BBTN,1230,1260,1165,1170,111962800
10/22/2025,BBTNDRCV6A,69,70,59,59,575000
10/22/2025,BBTNHDCZ5A,86,87,75,77,4318900
10/22/2025,BBTNYUCZ5A,61,61,49,49,6600
10/22/2025,BBTNZPCG6A,42,42,37,37,13000
10/22/2025,BBYB,356,368,354,358,94334100
10/22/2025,BCAP,56,56,53,55,44597100
10/22/2025,BCIC,152,164,152,163,955200
10/22/2025,BCIP,105,109,103,108,35506700
10/22/2025,BDKR,173,181,171,179,70849400
10/22/2025,BDMN,2370,2400,2350,2370,1789900
10/22/2025,BEBS,0,0,0,0,0
10/22/2025,BEEF,525,650,510,635,91351900
10/22/2025,BEER,124,163,122,131,59121500
10/22/2025,BEKS,27,27,27,27,30917700
10/22/2025,BELI,376,378,366,366,3124900
10/22/2025,BELL,62,62,60,61,6086600
10/22/2025,BESS,1990,2090,1535,1615,2195400
10/22/2025,BEST,108,110,106,106,7635900
10/22/2025,BFIN,775,780,750,765,18266800
10/22/2025,BFINDRCK6A,0,0,0,0,0
10/22/2025,BFINHDCM6A,0,0,0,0,0
10/22/2025,BFINZPCM6A,20,20,19,19,47000
10/22/2025,BGTG,114,125,111,119,184085500
10/22/2025,BHAT,945,975,935,960,2778800
10/22/2025,BHIT,33,34,33,34,4915700
10/22/2025,BIKA,0,0,0,0,0
10/22/2025,BIKE,935,945,925,930,9610600
10/22/2025,BIMA,68,68,63,64,137400
10/22/2025,BINA,4500,4500,4400,4490,16600
10/22/2025,BINO,125,127,123,125,2685100
10/22/2025,BIPI,89,91,86,88,342386800
10/22/2025,BIPP,43,43,43,43,419400
10/22/2025,BIRD,1815,1815,1785,1790,1228600
10/22/2025,BISI,880,900,875,880,344200
10/22/2025,BJBR,770,775,765,770,2298000
10/22/2025,BJTM,515,520,515,520,5018300
10/22/2025,BKDP,40,41,40,40,923700
10/22/2025,BKSL,132,135,128,128,442203900
10/22/2025,BKSW,64,64,62,63,12940500
10/22/2025,BLES,162,163,158,160,5394500
10/22/2025,BLOG,510,510,498,505,3029500
10/22/2025,BLTA,34,34,34,34,1632400
10/22/2025,BLTZ,0,0,0,0,0
10/22/2025,BLUE,0,0,0,0,0
10/22/2025,BMAS,670,670,640,660,16800
10/22/2025,BMBL,49,49,43,46,9518600
10/22/2025,BMHS,158,160,152,155,4100100
10/22/2025,BMRI,4350,4460,4290,4330,216261300
10/22/2025,BMRIBQCJ6A,59,59,59,59,20000
10/22/2025,BMRIBQCZ5A,10,11,8,9,16832600
10/22/2025,BMRIDRCG6A,92,92,85,87,8212000
10/22/2025,BMRIDRCX5A,26,26,21,21,13200
10/22/2025,BMRIDRCX6A,1940,1940,1900,1900,1000
10/22/2025,BMRIHDCQ7A,69,69,69,69,15000
10/22/2025,BMRIYUCK6A,104,104,103,103,10100
10/22/2025,BMRIZPCH6A,44,44,40,40,27900
10/22/2025,BMRIZPCX5A,13,13,12,12,275300
10/22/2025,BMSR,298,312,296,302,134400
10/22/2025,BMTR,146,146,143,145,35945400
10/22/2025,BNBA,635,635,620,625,306100
10/22/2025,BNBR,47,47,45,45,33140000
10/22/2025,BNGA,1700,1720,1695,1695,2502300
10/22/2025,BNGADRCK6A,0,0,0,0,0
10/22/2025,BNGAZPCH6A,0,0,0,0,0
10/22/2025,BNII,204,206,199,202,2821100
10/22/2025,BNLI,5675,5750,5550,5650,125700
10/22/2025,BOAT,123,124,119,120,3546900
10/22/2025,BOBA,210,256,200,226,27167600
10/22/2025,BOGA,500,500,496,496,238500
10/22/2025,BOLA,183,190,179,182,2511800
10/22/2025,BOLT,1055,1065,1045,1045,15200
10/22/2025,BOSS,0,0,0,0,0
10/22/2025,BPFI,332,334,322,332,2900
10/22/2025,BPII,555,555,545,545,112700
10/22/2025,BPTR,93,95,92,93,295800
10/22/2025,BRAM,5200,5200,5000,5100,1300
10/22/2025,BREN,9250,9275,9075,9100,15204100
10/22/2025,BRIS,2670,2720,2610,2620,20801200
10/22/2025,BRISBQCZ5A,35,35,35,35,5000
10/22/2025,BRISDRCJ6A,0,0,0,0,0
10/22/2025,BRISHDCH6A,0,0,0,0,0
10/22/2025,BRISHDCZ5A,0,0,0,0,0
10/22/2025,BRISZPCG6A,42,42,38,38,210000
10/22/2025,BRMS,880,935,875,910,677058200
10/22/2025,BRMSBQCZ5A,228,228,218,220,4600
10/22/2025,BRMSDRCG6A,49,49,39,44,8333300
10/22/2025,BRMSDRCJ6A,159,163,153,156,1708700
10/22/2025,BRMSDRPX5A,2,3,1,3,19921100
10/22/2025,BRMSHDCH6A,264,264,262,262,3500
10/22/2025,BRMSHDCZ5A,0,0,0,0,0
10/22/2025,BRMSZPCG6A,258,258,254,254,4500
10/22/2025,BRNA,725,735,695,700,43900
10/22/2025,BRPT,3800,3840,3680,3750,69891200
10/22/2025,BRPTBQCV5A,1015,1015,1015,1015,500
10/22/2025,BRPTBQCX5B,280,388,280,388,1800
10/22/2025,BRPTBQCZ5A,0,0,0,0,0
10/22/2025,BRPTDRCF6A,396,402,396,402,230000
10/22/2025,BRPTDRCJ6A,242,250,242,250,20200
10/22/2025,BRPTDRCX5A,0,0,0,0,0
10/22/2025,BRPTHDCH6A,0,0,0,0,0
10/22/2025,BRPTHDCH6B,0,0,0,0,0
10/22/2025,BRPTHDPG6A,74,77,71,71,200900
10/22/2025,BRPTYUCZ5A,294,294,294,294,100
10/22/2025,BRPTZPCF6A,0,0,0,0,0
10/22/2025,BRPTZPCK6A,88,93,88,91,572900
10/22/2025,BRPTZPCX5A,615,615,615,615,1000
10/22/2025,BRRC,85,87,82,83,15823700
10/22/2025,BRRC-W,14,15,13,14,1277600
10/22/2025,BSBK,73,73,69,71,66091200
10/22/2025,BSDE,985,1010,965,970,32726800
10/22/2025,BSDEBQCK6A,37,37,36,36,1400
10/22/2025,BSDEDRCG6A,0,0,0,0,0
10/22/2025,BSDEDRCJ6A,35,36,33,33,107000
10/22/2025,BSDEHDCM6A,36,38,36,36,594900
10/22/2025,BSDEZPCH6A,50,51,50,50,43700
10/22/2025,BSIM,860,870,860,865,13300
10/22/2025,BSML,161,162,158,158,39403500
10/22/2025,BSSR,3910,3930,3900,3930,329600
10/22/2025,BSWD,0,0,0,0,0
10/22/2025,BTEK,17,18,17,18,256941400
10/22/2025,BTEL,0,0,0,0,0
10/22/2025,BTON,398,418,378,418,105400
10/22/2025,BTPN,2070,2080,2060,2080,7700
10/22/2025,BTPS,1410,1450,1400,1400,7147200
10/22/2025,BTPSDRCK6A,44,44,44,44,101300
10/22/2025,BTPSHDCJ6A,0,0,0,0,0
10/22/2025,BTPSZPCH6A,35,35,35,35,1000
10/22/2025,BUAH,690,715,635,690,1126000
10/22/2025,BUDI,210,210,206,210,34400
10/22/2025,BUKA,166,166,162,162,106446100
10/22/2025,BUKABQCZ5B,13,14,12,13,5281300
10/22/2025,BUKADRCK6A,15,15,14,15,9840400
10/22/2025,BUKAHDCZ5A,0,0,0,0,0
10/22/2025,BUKAZPCM6A,36,36,34,34,98800
10/22/2025,BUKK,925,925,885,920,25600
10/22/2025,BULL,272,330,272,322,580258800
10/22/2025,BUMI,132,137,130,136,1300117300
10/22/2025,BUVA,810,810,685,755,195290300
10/22/2025,BVIC,101,103,100,102,7795600
10/22/2025,BVIC-W,31,31,30,30,31200
10/22/2025,BWPT,155,156,148,151,185339900
10/22/2025,BYAN,18150,18175,18050,18050,9600
10/22/2025,CAKK,176,184,171,173,688000
10/22/2025,CAMP,212,214,210,212,889000
10/22/2025,CANI,48,48,48,48,563600
10/22/2025,CARE,312,316,306,310,19919800
10/22/2025,CARS,128,131,126,129,11674000
10/22/2025,CASA,1065,1080,1055,1070,4965000
10/22/2025,CASH,110,111,98,102,3551700
10/22/2025,CASS,2330,2410,2330,2340,69300
10/22/2025,CBDK,6075,6275,6075,6150,5935000
10/22/2025,CBMF,0,0,0,0,0
10/22/2025,CBPE,230,240,222,232,271800
10/22/2025,CBRE,1405,1440,1295,1350,73438200
10/22/2025,CBUT,1360,1360,1325,1340,13700
10/22/2025,CCSI,356,368,340,362,345400
10/22/2025,CDIA,1885,1930,1820,1875,219907600
10/22/2025,CEKA,2550,2550,2510,2550,5900
10/22/2025,CENT,144,175,141,162,613873000
10/22/2025,CFIN,310,312,308,310,709200
10/22/2025,CGAS,142,143,139,141,3720500
10/22/2025,CHEK,184,187,182,186,5189100
10/22/2025,CHEM,90,90,87,89,4142000
10/22/2025,CHIP,1400,1405,1380,1400,150800
10/22/2025,CINT,155,155,152,152,44100
10/22/2025,CITA,4820,4880,4730,4750,187200
10/22/2025,CITY,122,128,118,124,3702500
10/22/2025,CLAY,2500,3000,2410,2760,376000
10/22/2025,CLEO,545,550,525,535,14703600
10/22/2025,CLPI,1260,1290,1245,1270,252400
10/22/2025,CMNP,1285,1350,1245,1295,302500
10/22/2025,CMNP-W,306,306,306,306,300
10/22/2025,CMNT,785,785,765,775,10783000
10/22/2025,CMPP,108,108,107,107,79900
10/22/2025,CMRY,5000,5125,4990,5000,1742100
10/22/2025,CMRYDRCK6A,84,84,84,84,2100
10/22/2025,CMRYZPCJ6A,0,0,0,0,0
10/22/2025,CNKO,75,80,75,80,29439300
10/22/2025,CNMA,118,119,117,118,16641500
10/22/2025,CNTB,0,0,0,0,0
10/22/2025,CNTX,0,0,0,0,0
10/22/2025,COAL,57,59,57,59,15368500
10/22/2025,COCO,350,382,330,382,572780300
10/22/2025,COIN,2940,2960,2750,2890,34516000
10/22/2025,COWL,0,0,0,0,0
10/22/2025,CPIN,4900,5225,4820,5175,15199500
10/22/2025,CPINDRCG6A,75,90,75,90,1558900
10/22/2025,CPINZPCJ6A,47,53,46,53,38400
10/22/2025,CPRI,0,0,0,0,0
10/22/2025,CPRO,63,63,61,63,123846000
10/22/2025,CRAB,276,280,274,278,5199800
10/22/2025,CRSN,113,114,111,112,311600
10/22/2025,CSAP,316,316,308,314,132600
10/22/2025,CSIS,190,214,180,212,5706500
10/22/2025,CSMI,300,334,300,330,33504600
10/22/2025,CSRA,965,995,950,955,2582200
10/22/2025,CTBN,4990,4990,4990,4990,3200
10/22/2025,CTRA,925,945,905,905,66437100
10/22/2025,CTRADRCJ6A,19,19,16,17,1219700
10/22/2025,CTRAHDCK6A,36,37,34,34,22200
10/22/2025,CTRAYUCZ5A,35,35,35,35,2900
10/22/2025,CTRAZPCG6A,0,0,0,0,0
10/22/2025,CTTH,85,90,85,90,4877800
10/22/2025,CUAN,2270,2310,2170,2240,94311900
10/22/2025,CYBR,1260,1325,1240,1325,21934500
10/22/2025,CYBR-W,885,900,815,900,15100
10/22/2025,DAAZ,2730,2750,2720,2730,112500
10/22/2025,DADA,50,50,50,50,190759400
10/22/2025,DART,158,158,153,154,56500
10/22/2025,DATA,5100,5800,5100,5500,8056400
10/22/2025,DAYA,1170,1220,1145,1190,61700
10/22/2025,DCII,279475,279700,279400,279650,2200
10/22/2025,DEAL,0,0,0,0,0
10/22/2025,DEFI,0,0,0,0,0
10/22/2025,DEPO,276,290,268,272,615100
10/22/2025,DEWA,322,326,312,320,313375200
10/22/2025,DEWI,120,121,117,119,38715700
10/22/2025,DFAM,80,83,78,79,4097100
10/22/2025,DGIK,94,97,93,96,4224200
10/22/2025,DGNS,143,150,141,146,29305000
10/22/2025,DGWG,390,400,388,398,11516800
10/22/2025,DIGI,32,35,32,35,1903300
10/22/2025,DILD,134,134,131,131,12264200
10/22/2025,DIVA,206,210,198,206,3244200
10/22/2025,DKFT,810,815,770,785,28431100
10/22/2025,DKHH,86,90,84,87,15796100
10/22/2025,DKHH-W,18,18,17,18,1782800
10/22/2025,DLTA,1995,2020,1995,2000,48300
10/22/2025,DMAS,135,137,134,136,32820200
10/22/2025,DMMX,394,396,388,390,1288100
10/22/2025,DMND,590,600,580,580,78400
10/22/2025,DNAR,114,116,113,115,1086100
10/22/2025,DNET,9150,9375,9150,9250,6200
10/22/2025,DOID,338,342,334,338,6361900
10/22/2025,DOOH,143,143,135,140,38790200
10/22/2025,DOSS,152,155,149,153,1451900
10/22/2025,DPNS,290,320,290,310,975200
10/22/2025,DPUM,63,65,61,63,3626100
10/22/2025,DRMA,990,1000,985,995,767800
10/22/2025,DSFI,86,88,85,86,3269500
10/22/2025,DSNG,1800,1970,1800,1950,30081200
10/22/2025,DSNGDRCK6A,106,109,104,108,1800
10/22/2025,DSNGHDCK6A,0,0,0,0,0
10/22/2025,DSNGZPCM6A,66,66,66,66,100
10/22/2025,DSSA,104900,105825,102225,104000,2095700
10/22/2025,DUCK,0,0,0,0,0
10/22/2025,DUTI,4260,4260,4020,4130,4300
10/22/2025,DVLA,1680,1685,1670,1675,127300
10/22/2025,DWGL,660,755,655,655,13024400
10/22/2025,DYAN,88,89,86,86,1775300
10/22/2025,EAST,94,94,92,93,3374900
10/22/2025,ECII,183,183,179,180,306600
10/22/2025,EDGE,4570,4570,4440,4520,25500
10/22/2025,EKAD,182,185,182,183,299200
10/22/2025,ELIT,178,183,177,179,5153400
10/22/2025,ELPI,428,446,428,440,1524500
10/22/2025,ELSA,488,505,484,500,61513000
10/22/2025,ELSADRCG6A,0,0,0,0,0
10/22/2025,ELSADRCJ6A,0,0,0,0,0
10/22/2025,ELSAHDCK6A,0,0,0,0,0
10/22/2025,ELSAZPCG6A,29,29,29,29,35900
10/22/2025,ELTY,24,24,24,24,410903200
10/22/2025,EMAS,4100,4200,4000,4140,35145400
10/22/2025,EMDE,97,98,95,97,1081400
10/22/2025,EMTK,1320,1320,1240,1245,103728600
10/22/2025,EMTKBQCH6A,38,38,33,34,426500
10/22/2025,EMTKBQCZ5A,0,0,0,0,0
10/22/2025,EMTKDRCK6A,60,61,57,58,715300
10/22/2025,EMTKHDCK6A,83,83,75,75,59300
10/22/2025,EMTKHDCZ5A,0,0,0,0,0
10/22/2025,EMTKZPCH6A,161,162,155,155,32400
10/22/2025,EMTKZPCM6A,50,51,48,48,696100
10/22/2025,ENAK,700,700,680,685,1696800
10/22/2025,ENRG,950,960,915,945,71800100
10/22/2025,ENRGBQCZ5A,0,0,0,0,0
10/22/2025,ENRGDRCG6A,36,38,36,37,17300
10/22/2025,ENRGDRCJ6A,173,173,173,173,100
10/22/2025,ENRGHDCK6A,0,0,0,0,0
10/22/2025,ENRGHDCZ5A,0,0,0,0,0
10/22/2025,ENRGZPCG6A,0,0,0,0,0
10/22/2025,ENRGZPCK6A,50,51,50,51,9400
10/22/2025,ENVY,0,0,0,0,0
10/22/2025,ENZO,37,38,37,37,1338600
10/22/2025,EPAC,25,26,25,26,926300
10/22/2025,EPMT,2300,2300,2270,2290,1200
10/22/2025,ERAA,428,432,420,422,86225100
10/22/2025,ERAABQCZ5A,10,10,9,9,649000
10/22/2025,ERAADRCJ6A,9,9,7,8,15832900
10/22/2025,ERAAHDCZ5A,0,0,0,0,0
10/22/2025,ERAAZPCH6A,17,17,16,17,22500
10/22/2025,ERAL,302,304,296,298,6391100
10/22/2025,ERTX,184,184,177,177,987800
10/22/2025,ESIP,119,124,119,123,1959500
10/22/2025,ESSA,625,630,605,605,24015600
10/22/2025,ESSABQCZ5A,30,30,27,28,200600
10/22/2025,ESSADRCN6A,31,31,30,31,52800
10/22/2025,ESSAHDCH6A,48,48,47,47,227500
10/22/2025,ESSAYUCZ5A,0,0,0,0,0
10/22/2025,ESSAZPCK6A,17,17,16,16,20000
10/22/2025,ESTA,246,246,204,204,4460800
10/22/2025,ESTI,140,140,129,129,1722900
10/22/2025,ETWA,0,0,0,0,0
10/22/2025,EURO,515,515,464,464,389000
10/22/2025,EXCL,2510,2510,2410,2420,6978200
10/22/2025,EXCLHDCJ6A,21,21,17,17,284700
10/22/2025,EXCLZPCF6A,44,44,41,41,8800
10/22/2025,EXCLZPCM6A,23,23,23,23,500
10/22/2025,FAPA,6150,6175,6150,6175,5600
10/22/2025,FAST,384,540,368,540,431931300
10/22/2025,FASW,0,0,0,0,0
10/22/2025,FILM,5400,5550,5075,5500,4815300
10/22/2025,FIMP,0,0,0,0,0
10/22/2025,FIRE,82,87,82,85,16512800
10/22/2025,FISH,1945,1955,1750,1900,106400
10/22/2025,FITT,1285,1285,1055,1115,4192500
10/22/2025,FLMC,166,181,149,166,13233300
10/22/2025,FMII,354,364,344,360,53300
10/22/2025,FOLK,170,206,170,206,23005100
10/22/2025,FOOD,218,236,218,236,759500
10/22/2025,FORE,555,555,540,545,6212500
10/22/2025,FORU,1135,1160,1050,1145,208100
10/22/2025,FPNI,192,195,186,192,2619700
10/22/2025,FUJI,695,695,695,695,1128300
10/22/2025,FUTR,675,865,625,760,764793100
10/22/2025,FWCT,149,150,146,150,1065100
10/22/2025,GAMA,0,0,0,0,0
10/22/2025,GDST,115,116,112,115,2835200
10/22/2025,GDYR,1080,1095,1070,1080,125700
10/22/2025,GEMA,108,108,105,107,4893100
10/22/2025,GEMS,8950,8950,8850,8900,44100
10/22/2025,GGRM,11950,11950,11675,11700,580500
10/22/2025,GGRMZPCG6A,88,90,85,87,992900
10/22/2025,GGRP,222,224,220,224,235300
10/22/2025,GHON,1665,1770,1655,1665,46100
10/22/2025,GIAA,118,118,108,108,141769300
10/22/2025,GJTL,995,1000,985,990,3705400
10/22/2025,GJTLZPCJ6A,19,19,19,19,10000
10/22/2025,GLOB,0,0,0,0,0
10/22/2025,GLVA,330,334,322,334,20700
10/22/2025,GMFI,91,93,90,90,9918000
10/22/2025,GMTD,2040,2080,2030,2030,2200
10/22/2025,GOLD,326,340,326,332,915600
10/22/2025,GOLF,204,206,200,206,1088600
10/22/2025,GOLL,0,0,0,0,0
10/22/2025,GOOD,362,366,352,364,539700
10/22/2025,GOTO,56,56,54,54,1072230600
10/22/2025,GOTOBQCJ6A,8,8,7,7,3571400
10/22/2025,GOTOBQCZ5A,4,4,3,4,6805600
10/22/2025,GOTODRCG6A,7,7,6,6,3200800
10/22/2025,GOTOHDCK6A,13,14,13,13,2300
10/22/2025,GOTOM,0,0,0,0,0
10/22/2025,GOTOZPCH6A,21,21,21,21,2000
10/22/2025,GOTOZPCK6A,0,0,0,0,0
10/22/2025,GPRA,135,137,131,132,33395500
10/22/2025,GPSO,850,875,760,850,4675600
10/22/2025,GRIA,112,117,110,113,1552600
10/22/2025,GRPH,65,65,63,65,2080800
10/22/2025,GRPM,61,62,59,62,3668900
10/22/2025,GRPM-W,16,17,15,16,1091900
10/22/2025,GSMF,89,96,86,90,8038500
10/22/2025,GTBO,220,220,208,212,294700
10/22/2025,GTRA,286,338,278,326,17392000
10/22/2025,GTSI,136,142,121,133,835375600
10/22/2025,GULA,440,452,430,444,3396000
10/22/2025,GUNA,270,274,260,264,7372700
10/22/2025,GWSA,141,141,139,140,318900
10/22/2025,GZCO,328,334,292,302,223611700
10/22/2025,HADE,27,28,27,28,1317700
10/22/2025,HAIS,202,246,202,214,43301900
10/22/2025,HAJJ,117,120,115,116,10412700
10/22/2025,HAJJ-W,15,15,14,15,3586600
10/22/2025,HALO,139,142,127,136,165550500
10/22/2025,HALO-W,17,18,17,18,4973000
10/22/2025,HATM,262,266,258,260,27520100
10/22/2025,HBAT,185,200,166,182,4326000
10/22/2025,HDFA,156,175,156,160,190200
10/22/2025,HDIT,59,59,55,55,4871900
10/22/2025,HEAL,1510,1520,1490,1495,4125000
10/22/2025,HEALBQCZ5A,0,0,0,0,0
10/22/2025,HEALDRCJ6A,0,0,0,0,0
10/22/2025,HEALHDCH6A,0,0,0,0,0
10/22/2025,HEALYUCZ5A,0,0,0,0,0
10/22/2025,HEALZPCH6A,45,45,45,45,53700
10/22/2025,HELI,240,242,236,240,34500
10/22/2025,HERO,600,600,555,570,63200
10/22/2025,HEXA,4660,4680,4600,4650,222900
10/22/2025,HGII,167,168,165,168,10392300
10/22/2025,HILL,161,162,156,160,6336400
10/22/2025,HITS,0,0,0,0,0
10/22/2025,HKMU,0,0,0,0,0
10/22/2025,HMSP,735,740,705,705,31756900
10/22/2025,HOKI,78,80,76,77,126882900
10/22/2025,HOME,0,0,0,0,0
10/22/2025,HOMI,376,438,370,426,3284100
10/22/2025,HOPE,146,152,141,146,58475700
10/22/2025,HOTL,0,0,0,0,0
10/22/2025,HRME,40,43,39,43,397500
10/22/2025,HRTA,1250,1400,1210,1340,74494500
10/22/2025,HRUM,1120,1120,1080,1095,21178100
10/22/2025,HRUMDRCN6A,44,44,42,44,575600
10/22/2025,HRUMHDCK6A,53,53,52,52,615800
10/22/2025,HRUMZPCG6A,0,0,0,0,0
10/22/2025,HRUMZPCM6A,34,34,34,34,12400
10/22/2025,HUMI,133,135,123,130,194843200
10/22/2025,HUMI-W,19,22,19,21,34230000
10/22/2025,HYGN,165,166,163,165,402200
10/22/2025,IATA,70,70,70,70,8841200
10/22/2025,IATA-W,0,0,0,0,0
10/22/2025,IBFN,42,42,42,42,1819200
10/22/2025,IBOS,53,54,51,53,3913800
10/22/2025,IBST,5100,5100,5100,5100,600
10/22/2025,ICBP,9300,9325,8900,8900,7695400
10/22/2025,ICBPDRCX6A,3570,3570,3550,3550,400
10/22/2025,ICBPHDCJ6A,35,35,31,31,331400
10/22/2025,ICBPZPCX5A,12,12,8,8,1325800
10/22/2025,ICON,50,50,49,50,138700
10/22/2025,IDEA,76,81,72,72,22082700
10/22/2025,IDPR,410,434,410,434,744400
10/22/2025,IFII,228,228,222,224,215600
10/22/2025,IFSH,775,800,770,795,41700
10/22/2025,IGAR,500,500,498,500,37800
10/22/2025,IIKP,0,0,0,0,0
10/22/2025,IKAI,18,18,16,18,126948000
10/22/2025,IKAN,114,117,111,112,11187200
10/22/2025,IKBI,515,515,498,500,76300
10/22/2025,IKPM,246,246,238,238,1056700
10/22/2025,IMAS,1140,1210,1130,1145,921000
10/22/2025,IMJS,250,264,250,254,35516400
10/22/2025,IMPC,2590,2800,2560,2700,51626700
10/22/2025,INAF,0,0,0,0,0
10/22/2025,INAI,152,154,150,150,238700
10/22/2025,INCF,44,46,44,45,756300
10/22/2025,INCI,615,625,600,620,85200
10/22/2025,INCO,4320,4320,4200,4200,5547500
10/22/2025,INCOBQCF6A,76,76,76,76,2000
10/22/2025,INCOBQCJ6A,54,54,53,54,3400
10/22/2025,INCOBQCV5A,0,0,0,0,0
10/22/2025,INCODRCG6A,86,86,86,86,2400
10/22/2025,INCODRCK6A,91,91,91,91,2500
10/22/2025,INCODRCX5A,118,118,118,118,100
10/22/2025,INCOHDCJ6A,107,107,107,107,2000
10/22/2025,INCOYUCZ5A,114,114,105,105,3700
10/22/2025,INCOZPCK6A,53,53,50,50,660400
10/22/2025,INCOZPCX5A,187,187,184,186,2800
10/22/2025,INDF,7225,7375,7175,7175,8148100
10/22/2025,INDFBQCV5A,0,0,0,0,0
10/22/2025,INDFDRCX6A,0,0,0,0,0
10/22/2025,INDFHDCJ6A,20,20,19,19,30500
10/22/2025,INDO,244,244,238,240,4181200
10/22/2025,INDR,3290,3290,3050,3190,48300
10/22/2025,INDS,226,228,224,226,133300
10/22/2025,INDX,212,216,181,181,69450700
10/22/2025,INDY,2290,2350,2220,2260,47938800
10/22/2025,INDYDRCN6A,127,127,118,118,127900
10/22/2025,INDYHDCJ6A,252,252,238,238,18300
10/22/2025,INDYZPCG6A,129,130,124,124,168100
10/22/2025,INET,272,276,270,272,87702700
10/22/2025,INET-W,184,184,179,181,2559200
10/22/2025,INKP,7475,7650,7475,7550,4998100
10/22/2025,INKPBQCX5A,38,38,36,36,1600
10/22/2025,INKPDRCF6A,166,166,164,164,300
10/22/2025,INKPDRCG6A,68,68,68,68,3700
10/22/2025,INKPHDCK6A,0,0,0,0,0
10/22/2025,INKPZPCF6A,0,0,0,0,0
10/22/2025,INKPZPCK6A,32,32,32,32,13900
10/22/2025,INOV,100,102,98,99,949700
10/22/2025,INPC,155,157,151,153,9055400
10/22/2025,INPP,675,675,635,650,271500
10/22/2025,INPS,126,126,121,121,149500
10/22/2025,INRU,720,725,700,715,9500
10/22/2025,INTA,40,45,38,45,1215700
10/22/2025,INTD,220,220,210,218,7400
10/22/2025,INTP,6050,6150,6000,6100,1876600
10/22/2025,INTPDRCN6A,56,57,56,57,300
10/22/2025,INTPHDCM6A,46,46,46,46,1000
10/22/2025,INTPZPCG6A,46,46,46,46,87000
10/22/2025,INTPZPCM6A,31,31,31,31,200
10/22/2025,IOTF,89,90,85,86,20589000
10/22/2025,IPAC,318,318,318,318,153500
10/22/2025,IPCC,1135,1175,1130,1150,7062900
10/22/2025,IPCM,310,312,308,310,1173000
10/22/2025,IPOL,140,142,137,140,53800
10/22/2025,IPPE,0,0,0,0,0
10/22/2025,IPTV,39,40,39,40,5411700
10/22/2025,IRRA,442,454,440,448,1276200
10/22/2025,IRSX,250,256,234,234,6015700
10/22/2025,ISAP,35,35,32,32,36693300
10/22/2025,ISAP-W,19,19,17,17,28330600
10/22/2025,ISAT,1920,1930,1855,1855,15816200
10/22/2025,ISATBQCJ6A,0,0,0,0,0
10/22/2025,ISATDRCG6A,36,36,36,36,250000
10/22/2025,ISATDRCX5A,30,32,30,32,1100
10/22/2025,ISATHDCJ6A,17,17,13,13,7107800
10/22/2025,ISATZPCF6A,0,0,0,0,0
10/22/2025,ISEA,88,93,86,91,19225700
10/22/2025,ISSP,408,416,402,414,3834100
10/22/2025,ITIC,360,362,330,338,4095800
10/22/2025,ITMA,1410,1445,1360,1360,448600
10/22/2025,ITMG,22600,22650,22500,22550,485200
10/22/2025,ITMGDRCV6A,146,146,146,146,600
10/22/2025,ITMGHDCJ6A,140,140,140,140,14600
10/22/2025,ITMGZPCJ6A,59,59,59,59,4100
10/22/2025,JARR,2660,3900,2660,3900,148513200
10/22/2025,JAST,86,87,84,86,3774700
10/22/2025,JATI,113,115,111,113,2268100
10/22/2025,JAWA,158,202,155,175,121945200
10/22/2025,JAYA,102,111,102,104,5072000
10/22/2025,JECC,1140,1160,1130,1135,33400
10/22/2025,JGLE,20,20,20,20,30095900
10/22/2025,JIHD,615,615,585,595,1122400
10/22/2025,JKON,84,93,83,87,52265300
10/22/2025,JMAS,160,210,158,176,40118700
10/22/2025,JPFA,2390,2580,2390,2540,53331500
10/22/2025,JPFABQCZ5A,220,240,220,240,367900
10/22/2025,JPFADRCJ6A,125,141,125,139,173100
10/22/2025,JPFAHDCZ5A,0,0,0,0,0
10/22/2025,JPFAZPCG6A,214,218,212,214,121600
10/22/2025,JRPT,870,880,860,870,354100
10/22/2025,JSKY,0,0,0,0,0
10/22/2025,JSMR,3980,4180,3970,4070,20564900
10/22/2025,JSMRDRCK6A,93,98,90,96,273400
10/22/2025,JSMRHDCH6A,138,138,133,133,4300
10/22/2025,JSMRZPCG6A,62,65,59,60,1355000
10/22/2025,JSPT,3710,3740,3560,3610,14400
10/22/2025,JTPE,334,334,330,332,263100
10/22/2025,KAEF,615,615,600,610,1256100
10/22/2025,KAQI,67,71,66,68,17474200
10/22/2025,KARW,366,428,366,428,2436800
10/22/2025,KAYU,0,0,0,0,0
10/22/2025,KBAG,46,46,45,45,1783800
10/22/2025,KBLI,320,324,316,318,195300
10/22/2025,KBLM,356,356,350,356,32400
10/22/2025,KBLV,242,274,218,224,125330300
10/22/2025,KBRI,0,0,0,0,0
10/22/2025,KDSI,460,470,460,470,6500
10/22/2025,KDTN,109,113,108,111,217800
10/22/2025,KEEN,1075,1140,1070,1130,16444900
10/22/2025,KEJU,745,745,710,720,1488300
10/22/2025,KETR,600,600,545,550,7669500
10/22/2025,KIAS,0,0,0,0,0
10/22/2025,KICI,222,226,200,202,2071300
10/22/2025,KIJA,183,184,178,179,43586600
10/22/2025,KING,206,208,206,208,468600
10/22/2025,KING-W,12,13,11,13,1501200
10/22/2025,KINO,1220,1220,1195,1220,7300
10/22/2025,KIOS,71,76,68,73,17010000
10/22/2025,KJEN,193,228,188,199,15981200
10/22/2025,KKES,29,29,29,29,1804900
10/22/2025,KKGI,376,380,372,372,3761800
10/22/2025,KLAS,130,134,128,133,10308100
10/22/2025,KLBF,1200,1215,1180,1180,47977900
10/22/2025,KLBFBQCJ6A,0,0,0,0,0
10/22/2025,KLBFBQCV5A,0,0,0,0,0
10/22/2025,KLBFDRCG6A,14,15,14,14,306600
10/22/2025,KLBFHDCK6A,0,0,0,0,0
10/22/2025,KLBFZPCF6A,0,0,0,0,0
10/22/2025,KLBFZPCJ6A,0,0,0,0,0
10/22/2025,KLIN,185,188,178,187,537400
10/22/2025,KMDS,650,740,650,700,1145600
10/22/2025,KMTR,286,312,284,302,2656000
10/22/2025,KOBX,151,152,148,151,1584800
10/22/2025,KOCI,82,85,79,82,9558500
10/22/2025,KOCI-W,15,16,14,16,3085000
10/22/2025,KOIN,79,79,71,79,43200
10/22/2025,KOKA,0,0,0,0,0
10/22/2025,KONI,2790,3240,2360,3130,643700
10/22/2025,KOPI,312,316,296,310,214500
10/22/2025,KOTA,32,32,31,31,9971600
10/22/2025,KPIG,155,157,150,151,106750900
10/22/2025,KRAS,340,340,324,324,21583000
10/22/2025,KREN,18,18,18,18,20223500
10/22/2025,KRYA,176,178,167,175,8490300
10/22/2025,KSIX,248,264,248,260,603600
10/22/2025,KUAS,67,67,60,64,13821800
10/22/2025,LABA,264,264,264,264,1193700
10/22/2025,LABS,142,142,140,141,1921900
10/22/2025,LAJU,69,69,65,69,12614000
10/22/2025,LAND,40,40,38,39,620800
10/22/2025,LAPD,204,230,204,230,20536700
10/22/2025,LCGP,0,0,0,0,0
10/22/2025,LCKM,212,224,212,218,49500
10/22/2025,LEAD,84,88,82,83,68928300
10/22/2025,LFLO,466,505,424,505,189400
10/22/2025,LIFE,9075,10000,9025,9450,1500
10/22/2025,LINK,2780,2780,2780,2780,42300
10/22/2025,LION,440,440,424,428,129500
10/22/2025,LIVE,184,185,179,182,2076800
10/22/2025,LMAS,0,0,0,0,0
10/22/2025,LMAX,71,71,69,69,830700
10/22/2025,LMPI,148,150,144,146,314300
10/22/2025,LMSH,0,0,0,0,0
10/22/2025,LOPI,91,95,86,87,2936100
10/22/2025,LPCK,600,600,575,590,472500
10/22/2025,LPGI,625,790,605,770,1744900
10/22/2025,LPIN,458,462,450,452,188500
10/22/2025,LPKR,93,94,90,91,101418800
10/22/2025,LPLI,545,650,545,625,632300
10/22/2025,LPPF,1640,1660,1620,1640,1145800
10/22/2025,LPPS,138,143,131,137,5064000
10/22/2025,LRNA,178,187,178,181,664400
10/22/2025,LSIP,1360,1420,1355,1385,31457800
10/22/2025,LSIPDRCK6A,47,47,46,46,102400
10/22/2025,LSIPHDCJ6A,0,0,0,0,0
10/22/2025,LSIPYUCZ5A,56,56,56,56,100
10/22/2025,LSIPZPCG6A,72,72,70,70,2000000
10/22/2025,LTLS,850,850,830,850,124300
10/22/2025,LUCK,96,103,93,98,3726600
10/22/2025,LUCY,101,101,98,100,183800
10/22/2025,MABA,0,0,0,0,0
10/22/2025,MAGP,0,0,0,0,0
10/22/2025,MAHA,143,143,140,142,5158400
10/22/2025,MAIN,805,870,790,860,17304100
10/22/2025,MANG,66,68,61,67,10906100
10/22/2025,MANG-W,23,24,21,23,5507000
10/22/2025,MAPA,625,625,605,610,16826500
10/22/2025,MAPABQCZ5A,12,12,11,12,126600
10/22/2025,MAPADRCJ6A,14,15,13,14,1032100
10/22/2025,MAPAHDCZ5A,0,0,0,0,0
10/22/2025,MAPAZPCH6A,28,28,28,28,3400
10/22/2025,MAPB,1630,1630,1560,1600,5600
10/22/2025,MAPI,1240,1250,1215,1215,19847400
10/22/2025,MAPIBQCV5A,0,0,0,0,0
10/22/2025,MAPIDRCX5A,12,13,11,12,2545600
10/22/2025,MAPIHDCK6A,75,75,74,74,1600
10/22/2025,MAPIZPCJ6A,50,50,50,50,1200
10/22/2025,MARI,37,37,37,37,2501300
10/22/2025,MARK,675,685,645,650,10650900
10/22/2025,MASA,0,0,0,0,0
10/22/2025,MASB,3310,3390,3140,3240,35000
10/22/2025,MAXI,56,56,54,55,6583100
10/22/2025,MAYA,250,254,244,250,6480700
10/22/2025,MBAP,1630,1640,1615,1630,123600
10/22/2025,MBMA,605,605,565,580,130513000
10/22/2025,MBMABQCX5A,40,40,35,37,531400
10/22/2025,MBMADRCG6A,26,26,23,24,23545600
10/22/2025,MBMADRCX5A,68,68,60,65,1900
10/22/2025,MBMADRPX5A,4,4,2,3,9215600
10/22/2025,MBMAHDCH6A,97,97,97,97,10400
10/22/2025,MBMAYUCK6A,0,0,0,0,0
10/22/2025,MBMAZPCK6A,33,37,33,37,100300
10/22/2025,MBMAZPCX5A,122,122,122,122,400
10/22/2025,MBSS,1465,1485,1410,1445,2144700
10/22/2025,MBTO,224,268,212,252,40230800
10/22/2025,MCAS,850,895,845,880,1449400
10/22/2025,MCOL,3650,3730,3650,3730,42900
10/22/2025,MCOR,72,74,71,71,5173500
10/22/2025,MDIA,35,35,33,33,1651400
10/22/2025,MDIY,1060,1060,1045,1045,686500
10/22/2025,MDKA,2310,2320,2250,2270,43104200
10/22/2025,MDKABQCV5A,0,0,0,0,0
10/22/2025,MDKABQCX5B,14,14,13,13,3902200
10/22/2025,MDKADRCG6A,61,61,60,61,329300
10/22/2025,MDKADRCK6A,59,62,59,62,251300
10/22/2025,MDKADRPX5A,0,0,0,0,0
10/22/2025,MDKAHDCZ5A,94,95,91,92,486100
10/22/2025,MDKAHDPH6A,0,0,0,0,0
10/22/2025,MDKAHDPJ6A,58,58,57,58,120000
10/22/2025,MDKAYUCK6A,131,131,131,131,200
10/22/2025,MDKAZPCF6A,0,0,0,0,0
10/22/2025,MDKI,184,190,184,188,1548100
10/22/2025,MDLA,240,240,234,236,1619300
10/22/2025,MDLN,64,66,62,65,25216800
10/22/2025,MDRN,44,49,44,49,32757800
10/22/2025,MEDC,1400,1415,1375,1390,30815800
10/22/2025,MEDCBQCV5A,0,0,0,0,0
10/22/2025,MEDCBQCX5B,25,26,23,24,569600
10/22/2025,MEDCBQCZ5A,0,0,0,0,0
10/22/2025,MEDCDRCG6A,41,41,38,39,13579300
10/22/2025,MEDCHDCH6A,102,102,102,102,100
10/22/2025,MEDCZPCF6A,41,42,41,42,52500
10/22/2025,MEDS,73,76,70,73,15818700
10/22/2025,MEGA,3260,3360,3260,3270,15200
10/22/2025,MEJA,0,0,0,0,0
10/22/2025,MEJA-W,0,0,0,0,0
10/22/2025,MENN,52,54,51,52,8771900
10/22/2025,MERI,218,220,216,216,1083100
10/22/2025,MERK,2820,2850,2810,2810,26700
10/22/2025,META,0,0,0,0,0
10/22/2025,MFMI,0,0,0,0,0
10/22/2025,MGLV,428,460,414,444,910600
10/22/2025,MGNA,46,46,46,46,919000
10/22/2025,MGNA-W,0,0,0,0,0
10/22/2025,MGRO,755,775,750,775,5072800
10/22/2025,MHKI,270,272,250,256,25483300
10/22/2025,MICE,498,515,494,505,171300
10/22/2025,MIDI,430,436,418,424,10783600
10/22/2025,MIKA,2560,2580,2460,2470,5356300
10/22/2025,MIKADRCV6A,62,63,56,56,1459400
10/22/2025,MIKAZPCG6A,0,0,0,0,0
10/22/2025,MINA,181,182,172,176,109058600
10/22/2025,MINE,535,540,498,505,8092300
10/22/2025,MIRA,37,37,36,36,25223300
10/22/2025,MITI,320,334,316,322,2631900
10/22/2025,MKAP,346,350,346,348,40700
10/22/2025,MKNT,0,0,0,0,0
10/22/2025,MKPI,24525,24525,24525,24525,6000
10/22/2025,MKTR,141,153,137,153,5339600
10/22/2025,MKTR-W,2,6,2,4,28775200
10/22/2025,MLBI,5875,5900,5850,5850,67600
10/22/2025,MLIA,344,346,342,344,3353400
10/22/2025,MLPL,156,160,148,150,267593000
10/22/2025,MLPT,77000,93875,77000,85000,188100
10/22/2025,MMIX,470,525,464,496,14138600
10/22/2025,MMLP,560,565,560,565,2351900
10/22/2025,MNCN,270,272,264,266,21191800
10/22/2025,MNCNDRCN6A,0,0,0,0,0
10/22/2025,MNCNHDCM6A,28,28,27,27,10200
10/22/2025,MNCNZPCM6A,13,13,13,13,138100
10/22/2025,MOLI,326,330,298,310,11262000
10/22/2025,MORA,0,0,0,0,0
10/22/2025,MPIX,69,70,68,69,4631800
10/22/2025,MPIX-W,10,10,9,10,3568800
10/22/2025,MPMX,930,935,925,930,3095900
10/22/2025,MPOW,111,116,110,113,1189100
10/22/2025,MPPA,64,66,63,65,28324500
10/22/2025,MPRO,6600,6600,6350,6600,59300
10/22/2025,MPXL,200,242,197,212,23886000
10/22/2025,MRAT,432,458,418,434,779000
10/22/2025,MREI,985,1000,935,970,98700
10/22/2025,MSIE,55,55,50,51,4171600
10/22/2025,MSIN,525,530,505,515,28494200
10/22/2025,MSJA,298,300,296,300,5373200
10/22/2025,MSKY,86,86,83,84,7084500
10/22/2025,MSTI,1595,1595,1545,1550,1788700
10/22/2025,MTDL,605,610,590,590,7792600
10/22/2025,MTEL,570,570,555,560,6526600
10/22/2025,MTELDRCK6A,15,15,14,14,3854700
10/22/2025,MTELHDCM6A,19,19,19,19,5000
10/22/2025,MTELZPCM6A,14,14,14,14,2352000
10/22/2025,MTFN,16,16,16,16,25867400
10/22/2025,MTLA,434,436,424,436,37400
10/22/2025,MTMH,1200,1300,1185,1195,138200
10/22/2025,MTPS,50,55,50,55,5528800
10/22/2025,MTRA,0,0,0,0,0
10/22/2025,MTSM,0,0,0,0,0
10/22/2025,MTWI,346,362,340,358,578000
10/22/2025,MUTU,108,108,102,106,4835500
10/22/2025,MYOH,1690,1690,1675,1690,17300
10/22/2025,MYOR,2220,2260,2180,2220,5940500
10/22/2025,MYORDRCK6A,61,66,61,65,628000
10/22/2025,MYORHDCM6A,54,55,54,55,2001300
10/22/2025,MYORZPCH6A,36,37,35,35,882400
10/22/2025,MYTX,0,0,0,0,0
10/22/2025,NAIK,124,125,119,121,12752800
10/22/2025,NAIK-W,23,23,20,21,3149900
10/22/2025,NANO,58,63,53,58,61109400
10/22/2025,NASA,33,33,33,33,6720500
10/22/2025,NASI,109,110,102,106,6897100
10/22/2025,NATO,144,146,142,143,50000
10/22/2025,NAYZ,145,148,134,146,1804500
10/22/2025,NCKL,1260,1265,1210,1215,52887200
10/22/2025,NCKLBQCM6A,53,53,53,53,98700
10/22/2025,NCKLDRCK6A,62,62,58,58,762400
10/22/2025,NCKLHDCK6A,88,88,82,82,265300
10/22/2025,NCKLYUCZ5A,127,127,127,127,100
10/22/2025,NCKLZPCJ6A,0,0,0,0,0
10/22/2025,NCKLZPCM6A,41,41,40,40,800
10/22/2025,NELY,356,360,350,356,539300
10/22/2025,NEST,358,370,342,346,15104200
10/22/2025,NETV,107,108,104,108,2192000
10/22/2025,NFCX,1600,1630,1600,1600,181400
10/22/2025,NICE,434,450,430,444,7789300
10/22/2025,NICK,1220,1220,1170,1210,6600
10/22/2025,NICL,1040,1055,1000,1050,5648900
10/22/2025,NIKL,384,388,358,368,4345300
10/22/2025,NINE,0,0,0,0,0
10/22/2025,NIRO,220,220,220,220,2932000
10/22/2025,NISP,1360,1375,1355,1355,4153200
10/22/2025,NOBU,505,505,496,496,5235300
10/22/2025,NPGF,60,61,58,59,9523300
10/22/2025,NRCA,775,800,750,780,4194000
10/22/2025,NSSS,530,530,505,510,4642100
10/22/2025,NTBK,0,0,0,0,0
10/22/2025,NUSA,0,0,0,0,0
10/22/2025,NZIA,106,121,105,113,27201200
10/22/2025,OASA,288,290,274,276,52063700
10/22/2025,OBAT,510,525,500,520,3313000
10/22/2025,OBAT-W,146,160,146,157,1464400
10/22/2025,OBMD,274,280,264,264,1389100
10/22/2025,OCAP,0,0,0,0,0
10/22/2025,OILS,194,226,188,212,18041400
10/22/2025,OKAS,165,165,159,160,8018200
10/22/2025,OLIV,113,124,102,124,91975900
10/22/2025,OMED,198,199,196,198,575400
10/22/2025,OMRE,0,0,0,0,0
10/22/2025,OPMS,93,115,89,101,76908100
10/22/2025,PACK,2840,3050,2630,2800,20491900
10/22/2025,PADA,96,96,93,93,10686400
10/22/2025,PADI,79,79,76,76,9176000
10/22/2025,PALM,382,390,380,388,526400
10/22/2025,PAMG,65,66,60,66,8227800
10/22/2025,PANI,14400,14625,14250,14600,10404600
10/22/2025,PANIBQCZ5A,34,34,33,33,300000
10/22/2025,PANIDRCG6A,77,79,76,79,53300
10/22/2025,PANIHDCJ6A,112,113,109,113,1100
10/22/2025,PANIHDCZ5A,151,154,146,154,67600
10/22/2025,PANIZPCJ6A,68,68,66,66,5963500
10/22/2025,PANR,675,680,655,675,3500900
10/22/2025,PANS,1380,1385,1370,1385,107700
10/22/2025,PART,118,120,115,120,56691900
10/22/2025,PART-W,16,16,15,16,5254700
10/22/2025,PBID,480,484,480,482,758600
10/22/2025,PBRX,35,35,33,33,6886500
10/22/2025,PBSA,905,935,880,900,1064200
10/22/2025,PCAR,35,37,35,36,3973400
10/22/2025,PDES,650,650,610,640,1075100
10/22/2025,PDPP,412,412,392,402,247600
10/22/2025,PEGE,130,136,123,132,2945200
10/22/2025,PEHA,336,348,330,332,92800
10/22/2025,PEVE,494,505,480,488,386300
10/22/2025,PGAS,1720,1725,1665,1675,67874400
10/22/2025,PGASBQCZ5A,0,0,0,0,0
10/22/2025,PGASDRCG6A,0,0,0,0,0
10/22/2025,PGASDRCG6B,0,0,0,0,0
10/22/2025,PGASHDCK6A,0,0,0,0,0
10/22/2025,PGASZPCJ6A,0,0,0,0,0
10/22/2025,PGEO,1345,1345,1305,1310,22476800
10/22/2025,PGEOBQCX5B,6,6,4,5,12674900
10/22/2025,PGEODRCJ6A,29,30,28,28,102200
10/22/2025,PGEOHDCH6A,0,0,0,0,0
10/22/2025,PGEOHDCH6B,0,0,0,0,0
10/22/2025,PGEOHDPH6A,128,128,128,128,800
10/22/2025,PGEOYUCK6A,76,76,76,76,100
10/22/2025,PGEOZPCJ6A,0,0,0,0,0
10/22/2025,PGEOZPCM6A,43,43,43,43,1800
10/22/2025,PGJO,1175,1290,1060,1060,3813000
10/22/2025,PGLI,0,0,0,0,0
10/22/2025,PGUN,10650,15025,10650,15025,3419900
10/22/2025,PICO,248,256,234,252,1759000
10/22/2025,PIPA,340,370,340,370,143847300
10/22/2025,PJAA,525,540,525,535,545700
10/22/2025,PKPK,560,560,540,545,91100
10/22/2025,PLAN,42,46,41,44,7884100
10/22/2025,PLAS,0,0,0,0,0
10/22/2025,PLIN,0,0,0,0,0
10/22/2025,PMJS,120,120,116,117,34500
10/22/2025,PMMP,0,0,0,0,0
10/22/2025,PMUI,164,165,153,155,30486500
10/22/2025,PNBN,1010,1020,1000,1005,35855000
10/22/2025,PNBS,53,53,51,51,8299800
10/22/2025,PNGO,3270,3960,3060,3070,662900
10/22/2025,PNIN,785,795,780,790,218100
10/22/2025,PNLF,236,244,234,236,115463600
10/22/2025,PNLFBQCM6A,18,19,17,17,6347400
10/22/2025,PNLFDRCJ6A,10,11,10,10,446800
10/22/2025,PNLFHDCZ5A,29,29,28,28,20000
10/22/2025,PNLFZPCH6A,0,0,0,0,0
10/22/2025,PNSE,770,795,740,750,158400
10/22/2025,POLA,39,39,36,38,2730800
10/22/2025,POLI,0,0,0,0,0
10/22/2025,POLL,0,0,0,0,0
10/22/2025,POLU,26000,26000,24100,25925,10500
10/22/2025,POLY,24,24,24,24,658200
10/22/2025,POOL,0,0,0,0,0
10/22/2025,PORT,1570,1650,1400,1575,358800
10/22/2025,POSA,0,0,0,0,0
10/22/2025,POWR,710,710,700,700,4604500
10/22/2025,PPGL,122,127,114,122,1998800
10/22/2025,PPRE,88,116,86,116,341680200
10/22/2025,PPRI,400,404,380,392,9307200
10/22/2025,PPRO,0,0,0,0,0
10/22/2025,PRAY,755,755,750,755,21100
10/22/2025,PRDA,2570,2590,2560,2580,80300
10/22/2025,PRIM,81,81,79,80,4358300
10/22/2025,PSAB,580,610,560,585,208007000
10/22/2025,PSAT,1385,1385,1345,1365,432800
10/22/2025,PSDN,106,108,102,103,7595500
10/22/2025,PSGO,252,260,244,252,1392900
10/22/2025,PSKT,132,132,123,126,13204100
10/22/2025,PSSI,346,348,340,346,243600
10/22/2025,PTBA,2350,2360,2290,2290,12005500
10/22/2025,PTBABQCV5A,2,2,1,2,174400
10/22/2025,PTBADRCG6A,17,17,15,15,1764300
10/22/2025,PTBAHDCM6A,0,0,0,0,0
10/22/2025,PTBAYUCZ5A,68,68,66,66,700
10/22/2025,PTBAZPCH6A,30,30,30,30,486000
10/22/2025,PTDU,0,0,0,0,0
10/22/2025,PTIS,410,410,400,404,61800
10/22/2025,PTMP,86,86,83,83,2640900
10/22/2025,PTMR,0,0,0,0,0
10/22/2025,PTPP,388,412,382,402,56882000
10/22/2025,PTPS,220,220,204,208,23281100
10/22/2025,PTPW,945,945,945,945,19700
10/22/2025,PTRO,7075,7500,6800,7500,137188300
10/22/2025,PTRODRCG6A,189,234,186,232,20629500
10/22/2025,PTROHDCK6A,354,402,348,402,3108700
10/22/2025,PTROYUCK6A,352,392,348,378,1011200
10/22/2025,PTROZPCK6A,180,204,179,202,16586100
10/22/2025,PTSN,456,462,450,450,1208300
10/22/2025,PTSP,970,970,945,960,8600
10/22/2025,PUDP,680,850,655,825,1416400
10/22/2025,PURA,29,29,29,29,2806100
10/22/2025,PURE,0,0,0,0,0
10/22/2025,PURI,302,374,292,362,66368900
10/22/2025,PWON,370,384,368,372,176787000
10/22/2025,PWONDRCN6A,35,35,30,31,2143200
10/22/2025,PWONHDCZ5A,0,0,0,0,0
10/22/2025,PWONZPCH6A,31,34,31,31,6609400
10/22/2025,PYFA,560,580,540,550,32519600
10/22/2025,PYFA-W,120,122,116,118,368300
10/22/2025,PZZA,256,264,252,262,1612500
10/22/2025,RAAM,264,268,258,260,10539400
10/22/2025,R-ABFII,0,0,0,0,0
10/22/2025,RAFI,24,24,24,24,1075300
10/22/2025,RAJA,4570,4600,4270,4530,55727600
10/22/2025,RAJADRCG6A,220,226,196,218,4770100
10/22/2025,RAJAHDCK6A,197,212,197,208,1579100
10/22/2025,RAJAZPCK6A,98,107,97,107,360600
10/22/2025,RALS,398,400,396,396,2856900
10/22/2025,RANC,1100,1100,925,1100,2572000
10/22/2025,RATU,8275,8350,7825,7900,15953600
10/22/2025,RBMS,37,37,35,35,2565500
10/22/2025,RCCC,234,234,228,234,2337600
10/22/2025,RDTX,11650,12075,11650,12075,1800
10/22/2025,REAL,66,70,62,64,102150700
10/22/2025,RELF,41,43,41,42,8900600
10/22/2025,RELI,620,640,620,625,15100
10/22/2025,RGAS,95,97,94,96,9043100
10/22/2025,RICY,66,67,66,67,339000
10/22/2025,RIGS,800,820,775,815,260000
10/22/2025,RIMO,0,0,0,0,0
10/22/2025,RISE,8750,8750,8750,8750,1754400
10/22/2025,R-LQ45X,995,995,989,989,3600
10/22/2025,RMKE,2020,2070,2020,2050,1067100
10/22/2025,RMKO,200,200,191,191,2236800
10/22/2025,ROCK,595,595,560,560,12000
10/22/2025,RODA,37,44,37,44,237500
10/22/2025,RONY,2970,2970,2970,2970,24700
10/22/2025,ROTI,790,795,785,790,216600
10/22/2025,RSCH,380,396,376,394,4195900
10/22/2025,RSGK,0,0,0,0,0
10/22/2025,RUIS,194,196,193,195,267500
10/22/2025,RUNS,87,95,87,91,3990600
10/22/2025,SAFE,182,188,177,182,1428900
10/22/2025,SAGE,35,35,34,34,2229800
10/22/2025,SAME,308,308,298,304,1395800
10/22/2025,SAMF,314,316,312,316,46300
10/22/2025,SAPX,294,294,284,290,406600
10/22/2025,SATU,246,248,246,248,5500200
10/22/2025,SBAT,0,0,0,0,0
10/22/2025,SBMA,136,137,134,136,817000
10/22/2025,SCCO,2330,2360,2310,2320,37600
10/22/2025,SCMA,368,374,356,360,113976600
10/22/2025,SCMABQCZ5A,0,0,0,0,0
10/22/2025,SCMADRCG6A,28,29,24,26,5054500
10/22/2025,SCMADRCK6A,122,122,122,122,11000
10/22/2025,SCMAHDCK6A,52,53,52,52,1849900
10/22/2025,SCMAHDCZ5A,356,360,356,358,282300
10/22/2025,SCMAYUCK6A,90,90,90,90,100
10/22/2025,SCMAZPCG6A,0,0,0,0,0
10/22/2025,SCMAZPCM6A,55,56,53,53,310000
10/22/2025,SCNP,176,181,167,168,542500
10/22/2025,SCPI,0,0,0,0,0
10/22/2025,SDMU,64,68,58,68,12699400
10/22/2025,SDPC,135,139,134,138,403300
10/22/2025,SDRA,280,290,280,282,650900
10/22/2025,SEMA,97,101,96,98,1406000
10/22/2025,SFAN,1920,1925,1915,1915,78400
10/22/2025,SGER,482,515,464,490,926753400
10/22/2025,SGRO,5600,5750,5525,5550,3194000
10/22/2025,SHID,885,890,885,885,10400
10/22/2025,SHIP,5700,5700,5325,5500,23400
10/22/2025,SICO,129,131,126,128,2954100
10/22/2025,SIDO,560,565,555,565,28738500
10/22/2025,SIDODRCK6A,31,31,31,31,4900
10/22/2025,SIDOZPCM6A,0,0,0,0,0
10/22/2025,SILO,1885,1915,1870,1890,593000
10/22/2025,SIMA,0,0,0,0,0
10/22/2025,SIMP,620,635,610,625,12095000
10/22/2025,SINI,4950,4950,4700,4700,35000
10/22/2025,SIPD,715,775,715,735,10900
10/22/2025,SKBM,422,460,414,424,193700
10/22/2025,SKLT,210,210,200,202,340900
10/22/2025,SKRN,675,675,645,655,1785500
10/22/2025,SKYB,0,0,0,0,0
10/22/2025,SLIS,84,84,79,80,24140200
10/22/2025,SLIS-W,17,17,16,16,256300
10/22/2025,SMAR,5125,5300,5000,5175,225700
10/22/2025,SMBR,268,268,260,266,5477900
10/22/2025,SMCB,0,0,0,0,0
10/22/2025,SMDM,870,875,835,850,183700
10/22/2025,SMDR,312,316,306,312,14086700
10/22/2025,SMGA,117,147,113,132,1411523500
10/22/2025,SMGR,2570,2630,2540,2570,10661000
10/22/2025,SMGRBQCX5B,23,27,23,26,4406200
10/22/2025,SMGRBQCZ5A,8,10,7,9,5541600
10/22/2025,SMGRDRCG6A,34,38,34,35,13159600
10/22/2025,SMGRHDCZ5A,57,57,57,57,800
10/22/2025,SMGRZPCJ6A,45,45,45,45,500000
10/22/2025,SMIL,575,590,550,590,107549500
10/22/2025,SMKL,166,169,166,168,123200
10/22/2025,SMKM,155,165,141,152,51448200
10/22/2025,SMLE,322,330,310,314,4012100
10/22/2025,SMMA,13200,13225,12975,13000,28700
10/22/2025,SMMT,1400,1400,1370,1375,57600
10/22/2025,SMRA,402,412,390,394,152664300
10/22/2025,SMRADRCG6A,0,0,0,0,0
10/22/2025,SMRADRCJ6A,22,22,19,20,10060600
10/22/2025,SMRAHDCZ5A,0,0,0,0,0
10/22/2025,SMRAZPCH6A,41,43,41,42,9500
10/22/2025,SMRU,0,0,0,0,0
10/22/2025,SMSM,1805,1835,1800,1810,1194600
10/22/2025,SNLK,408,448,402,444,16914500
10/22/2025,SOCI,222,230,216,228,13812400
10/22/2025,SOFA,214,214,214,214,5242600
10/22/2025,SOHO,1170,1170,1050,1050,123600
10/22/2025,SOLA,137,139,132,133,13401000
10/22/2025,SONA,2900,2960,2500,2820,269800
10/22/2025,SOSS,1160,1285,1110,1140,200400
10/22/2025,SOTS,320,328,314,324,55600
10/22/2025,SOUL,79,85,78,81,360300
10/22/2025,SPMA,352,360,350,358,806400
10/22/2025,SPRE,101,109,100,109,2418500
10/22/2025,SPTO,640,640,635,640,879200
10/22/2025,SQMI,0,0,0,0,0
10/22/2025,SRAJ,11825,11825,10100,11825,1347900
10/22/2025,SRIL,0,0,0,0,0
10/22/2025,SRSN,66,67,64,66,23602100
10/22/2025,SRTG,1700,1710,1650,1670,4792200
10/22/2025,SRTGDRCK6A,0,0,0,0,0
10/22/2025,SRTGHDCK6A,66,66,66,66,38600
10/22/2025,SRTGZPCG6A,64,64,64,64,200
10/22/2025,SRTGZPCK6A,31,31,31,31,58000
10/22/2025,SSIA,1820,1825,1765,1775,19425900
10/22/2025,SSMS,1730,1765,1700,1715,8343100
10/22/2025,SSTM,460,550,460,550,3537400
10/22/2025,STAA,1770,1965,1765,1895,36439800
10/22/2025,STAR,86,86,79,80,101200
10/22/2025,STRK,156,159,144,153,23922600
10/22/2025,STTP,10325,10325,10275,10275,200
10/22/2025,SUGI,0,0,0,0,0
10/22/2025,SULI,154,155,143,147,5760300
10/22/2025,SUNI,795,795,775,780,1210300
10/22/2025,SUPR,0,0,0,0,0
10/22/2025,SURE,2690,2690,2620,2680,4300
10/22/2025,SURI,101,101,99,100,5766300
10/22/2025,SWAT,0,0,0,0,0
10/22/2025,SWID,89,93,88,89,186000
10/22/2025,TALF,420,442,402,420,107600
10/22/2025,TAMA,34,37,34,37,344700
10/22/2025,TAMU,26,27,26,27,7324500
10/22/2025,TAPG,1855,1945,1840,1900,16142000
10/22/2025,TAPGDRCG6A,60,68,60,65,5700
10/22/2025,TAPGDRCJ6A,0,0,0,0,0
10/22/2025,TAPGHDCH6A,290,290,290,290,11100
10/22/2025,TAPGZPCH6A,154,162,154,162,12400
10/22/2025,TAPGZPCM6A,49,55,49,52,42500
10/22/2025,TARA,31,32,31,31,4604200
10/22/2025,TAXI,15,16,15,16,229622200
10/22/2025,TAYS,72,73,69,71,6164100
10/22/2025,TBIG,1920,1975,1890,1895,1773700
10/22/2025,TBLA,770,790,765,770,7385100
10/22/2025,TBMS,1475,1475,1430,1430,35900
10/22/2025,TCID,3100,3130,3080,3080,26800
10/22/2025,TCPI,6525,6800,6450,6800,7468300
10/22/2025,TDPM,0,0,0,0,0
10/22/2025,TEBE,2000,2410,1830,2410,87582200
10/22/2025,TECH,0,0,0,0,0
10/22/2025,TELE,0,0,0,0,0
10/22/2025,TFAS,250,286,240,254,11957700
10/22/2025,TFCO,0,0,0,0,0
10/22/2025,TGKA,5400,5550,5400,5550,300
10/22/2025,TGRA,0,0,0,0,0
10/22/2025,TGUK,0,0,0,0,0
10/22/2025,TIFA,408,408,394,398,25700
10/22/2025,TINS,2600,2600,2600,2600,36865200
10/22/2025,TIRA,1425,1470,1330,1420,91900
10/22/2025,TIRT,0,0,0,0,0
10/22/2025,TKIM,7025,7150,7025,7050,1181100
10/22/2025,TKIMDRCN6A,0,0,0,0,0
10/22/2025,TKIMHDCJ6A,0,0,0,0,0
10/22/2025,TKIMZPCG6A,91,91,91,91,2000
10/22/2025,TKIMZPCK6A,27,27,27,27,81200
10/22/2025,TLDN,825,865,800,865,1461200
10/22/2025,TLKM,3220,3220,3120,3150,128796800
10/22/2025,TLKMBQCG6A,0,0,0,0,0
10/22/2025,TLKMBQCJ6A,60,60,53,53,57900
10/22/2025,TLKMBQCV5A,0,0,0,0,0
10/22/2025,TLKMDRCJ6A,76,76,71,71,507100
10/22/2025,TLKMDRCX6A,0,0,0,0,0
10/22/2025,TLKMHDCJ6A,50,50,46,46,193800
10/22/2025,TLKMYUCK6A,108,108,107,107,2100
10/22/2025,TLKMZPCF6A,86,86,86,86,24000
10/22/2025,TLKMZPCM6A,46,46,45,45,102300
10/22/2025,TMAS,129,133,128,129,6460500
10/22/2025,TMPO,167,170,164,165,2260700
10/22/2025,TNCA,236,276,234,250,6950800
10/22/2025,TOBA,1125,1125,1080,1100,45539600
10/22/2025,TOOL,54,55,53,55,3928500
10/22/2025,TOPS,0,0,0,0,0
10/22/2025,TOSK,76,80,73,74,98945700
10/22/2025,TOTL,890,910,855,910,4056000
10/22/2025,TOTO,274,278,268,274,1598300
10/22/2025,TOWR,545,550,535,540,19146000
10/22/2025,TOWRDRCN6A,19,20,18,18,2349700
10/22/2025,TOWRHDCK6A,25,26,24,24,3333100
10/22/2025,TOYS,0,0,0,0,0
10/22/2025,TPIA,7175,7200,7025,7075,6510300
10/22/2025,TPMA,575,585,570,575,3889400
10/22/2025,TRAM,0,0,0,0,0
10/22/2025,TRGU,179,181,178,181,126100
10/22/2025,TRIL,0,0,0,0,0
10/22/2025,TRIM,550,575,525,560,2516500
10/22/2025,TRIN,302,302,302,302,40590300
10/22/2025,TRIN-W2,0,0,0,0,0
10/22/2025,TRIO,0,0,0,0,0
10/22/2025,TRIS,182,185,178,182,327800
10/22/2025,TRJA,165,167,161,162,1408200
10/22/2025,TRON,76,78,75,77,4693600
10/22/2025,TRST,484,486,460,480,110300
10/22/2025,TRUE,0,0,0,0,0
10/22/2025,TRUK,290,294,252,284,1663400
10/22/2025,TRUS,436,436,428,428,19800
10/22/2025,TSPC,2660,2700,2610,2670,728200
10/22/2025,TUGU,1115,1120,1085,1090,10789500
10/22/2025,TYRE,128,128,125,128,38100
10/22/2025,UANG,2890,2950,2630,2750,797300
10/22/2025,UCID,458,466,456,458,719100
10/22/2025,UDNG,2250,2350,2040,2270,455100
10/22/2025,UFOE,200,200,193,195,1911700
10/22/2025,ULTJ,1340,1355,1330,1350,2400000
10/22/2025,UNIC,8000,8350,8000,8000,5200
10/22/2025,UNIQ,358,360,346,354,30809500
10/22/2025,UNIT,0,0,0,0,0
10/22/2025,UNSP,162,170,162,170,1683600
10/22/2025,UNTD,85,85,83,85,11325400
10/22/2025,UNTR,26475,27125,26150,26875,4310200
10/22/2025,UNTRBQCV5A,84,87,72,87,44900
10/22/2025,UNTRDRCG6A,164,171,164,171,230100
10/22/2025,UNTRHDCM6A,0,0,0,0,0
10/22/2025,UNTRZPCJ6A,159,159,159,159,3000
10/22/2025,UNVR,2050,2150,2020,2070,49090900
10/22/2025,UNVRBQCZ5A,109,128,107,112,14400
10/22/2025,UNVRDRCG6A,69,79,68,68,1810400
10/22/2025,UNVRHDCM6A,0,0,0,0,0
10/22/2025,UNVRHDPG6A,45,45,45,45,22400
10/22/2025,UNVRZPCH6A,67,76,67,67,161600
10/22/2025,UNVRZPCM6A,0,0,0,0,0
10/22/2025,URBN,141,143,137,142,205500
10/22/2025,UVCR,69,69,65,67,3628700
10/22/2025,VAST,151,164,151,161,1484700
10/22/2025,VAST-W,12,14,12,13,8488000
10/22/2025,VERN,119,120,117,118,958100
10/22/2025,VICI,615,615,605,615,124100
10/22/2025,VICO,183,185,181,184,167100
10/22/2025,VINS,140,147,137,141,1024700
10/22/2025,VISI,193,195,193,193,2436100
10/22/2025,VIVA,31,31,30,30,10232600
10/22/2025,VKTR,300,360,300,330,165376200
10/22/2025,VOKS,274,274,266,270,44500
10/22/2025,VRNA,81,86,81,82,113900
10/22/2025,VTNY,93,97,92,96,20610000
10/22/2025,WAPO,0,0,0,0,0
10/22/2025,WEGE,64,82,63,76,466525400
10/22/2025,WEHA,106,107,104,105,1163400
10/22/2025,WGSH,250,260,242,250,2236400
10/22/2025,WICO,0,0,0,0,0
10/22/2025,WIDI,38,41,36,39,10998500
10/22/2025,WIFI,3210,3270,3090,3110,66224300
10/22/2025,WIIM,1160,1175,1115,1130,4823100
10/22/2025,WIKA,0,0,0,0,0
10/22/2025,WINE,197,206,192,202,6176000
10/22/2025,WINR,37,37,35,36,8258100
10/22/2025,WINS,428,430,420,424,810100
10/22/2025,WIRG,120,121,115,116,278754300
10/22/2025,WMPP,0,0,0,0,0
10/22/2025,WMUU,35,35,34,34,45987800
10/22/2025,WOMF,332,334,330,334,219800
10/22/2025,WOOD,494,494,480,482,2104600
10/22/2025,WOWS,76,77,72,75,18706200
10/22/2025,WSBP,26,27,26,26,41871900
10/22/2025,WSKT,0,0,0,0,0
10/22/2025,WTON,100,116,99,106,287428200
10/22/2025,XAQA,0,0,0,0,0
10/22/2025,XBES,0,0,0,0,0
10/22/2025,XBID,524,524,522,522,42000
10/22/2025,XBIG,0,0,0,0,0
10/22/2025,XBIN,590,594,590,594,45000
10/22/2025,XBLQ,0,0,0,0,0
10/22/2025,XBNI,0,0,0,0,0
10/22/2025,XBSK,447,447,447,447,40000
10/22/2025,XCEG,106,107,105,105,2800
10/22/2025,XCID,51,51,49,51,145700
10/22/2025,XCIS,90,90,80,85,39100
10/22/2025,XCLQ,95,121,87,87,138800
10/22/2025,XDIF,476,575,392,575,8800
10/22/2025,XIFE,103,108,95,104,5300
10/22/2025,XIHD,628,638,628,632,23900
10/22/2025,XIIC,0,0,0,0,0
10/22/2025,XIID,0,0,0,0,0
10/22/2025,XIIF,455,455,441,441,104500
10/22/2025,XIIT,527,531,526,526,16900
10/22/2025,XIJI,695,700,675,675,10800
10/22/2025,XILV,96,118,96,111,46400
10/22/2025,XIML,240,252,240,252,800
10/22/2025,XIPB,178,191,178,191,7600
10/22/2025,XIPI,222,222,222,222,100
10/22/2025,XISB,420,420,420,420,100
10/22/2025,XISC,1170,1315,1170,1315,1000
10/22/2025,XISI,339,339,334,335,500
10/22/2025,XISR,450,450,450,450,200
10/22/2025,XKID,960,965,960,965,1200
10/22/2025,XKIV,605,605,605,605,40000
10/22/2025,XKMS,1166,1166,1146,1157,200200
10/22/2025,XMGB,1138,1139,1138,1138,1500
10/22/2025,XMIG,218,218,218,218,200000
10/22/2025,XMLF,897,897,892,892,40700
10/22/2025,XMSK,392,392,385,385,700
10/22/2025,XNVE,0,0,0,0,0
10/22/2025,XPDV,0,0,0,0,0
10/22/2025,XPFT,0,0,0,0,0
10/22/2025,XPIN,666,666,650,650,600
10/22/2025,XPLQ,0,0,0,0,0
10/22/2025,XPSG,348,505,346,402,87300
10/22/2025,XPTD,0,0,0,0,0
10/22/2025,XSBC,102,105,101,104,46100
10/22/2025,XSPI,0,0,0,0,0
10/22/2025,XSSI,86,87,86,87,73600
10/22/2025,XSSK,695,695,695,695,20000
10/22/2025,YELO,72,72,65,65,9669500
10/22/2025,YOII,101,102,99,102,2670300
10/22/2025,YPAS,615,615,535,535,5300
10/22/2025,YULE,2690,2710,2680,2710,500
10/22/2025,YUPI,1710,1720,1700,1710,16800
10/22/2025,ZATA,57,58,55,56,22877800
10/22/2025,ZBRA,0,0,0,0,0
10/22/2025,ZINC,31,31,31,31,9818400
10/22/2025,ZONE,555,565,530,560,28900
10/22/2025,ZYRX,146,147,143,146,933500
